time,open,high,low,close,volume
2015-06-23,9.26,9.26,7.1,7.1,3510
2015-06-24,7.33,7.57,6.76,6.76,5060
2015-06-25,7.18,7.22,6.95,7.22,2810
2015-06-26,7.37,7.37,6.76,6.76,8080
2015-06-29,6.37,6.37,6.33,6.33,2930
2015-06-30,6.33,6.33,6.02,6.02,7580
2015-07-01,6.41,6.41,6.41,6.41,100
2015-07-02,6.6,6.6,6.6,6.6,10
2015-07-03,6.76,6.76,6.49,6.49,7080
2015-07-06,6.49,6.49,6.49,6.49,0
2015-07-07,6.41,6.49,6.41,6.41,6570
2015-07-08,6.56,6.56,6.56,6.56,1000
2015-07-09,6.37,6.37,6.37,6.37,10
2015-07-10,6.37,6.41,6.37,6.37,5110
2015-07-13,6.37,6.6,6.18,6.56,6930
2015-07-14,6.22,6.56,6.22,6.56,420
2015-07-15,6.25,6.56,6.14,6.56,22010
2015-07-16,6.56,6.56,6.56,6.56,10
2015-07-17,6.18,6.76,6.18,6.76,1910
2015-07-20,6.76,6.76,6.76,6.76,10
2015-07-21,6.95,6.95,6.56,6.76,3560
2015-07-22,6.56,6.72,6.56,6.72,100
2015-07-23,6.72,6.72,6.72,6.72,0
2015-07-24,6.72,6.72,6.72,6.72,0
2015-07-27,6.72,6.72,6.72,6.72,0
2015-07-28,6.56,6.56,6.56,6.56,140
2015-07-29,6.56,6.56,6.56,6.56,0
2015-07-30,6.56,6.56,6.25,6.56,2810
2015-07-31,6.64,6.95,6.6,6.76,3210
2015-08-03,6.33,6.33,6.33,6.33,10
2015-08-04,6.56,6.56,6.02,6.02,40
2015-08-05,6.41,6.41,6.22,6.25,5910
2015-08-06,6.25,6.25,6.25,6.25,2560
2015-08-07,6.18,6.56,6.18,6.18,20
2015-08-10,6.45,6.49,6.45,6.49,5490
2015-08-11,6.49,6.56,6.49,6.49,1220
2015-08-12,6.56,6.64,6.56,6.56,550
2015-08-13,6.72,6.76,6.49,6.52,4270
2015-08-14,6.52,6.52,6.52,6.52,0
2015-08-17,6.49,6.49,6.49,6.49,500
2015-08-18,6.49,6.49,6.49,6.49,0
2015-08-19,6.49,6.49,6.49,6.49,0
2015-08-20,6.37,6.49,6.37,6.49,1300
2015-08-21,6.37,6.49,6.37,6.37,2500
2015-08-24,6.41,6.41,6.33,6.33,600
2015-08-25,6.33,6.33,6.33,6.33,500
2015-08-26,6.29,6.56,6.29,6.56,8310
2015-08-27,6.56,6.56,6.56,6.56,0
2015-08-28,6.49,6.49,6.49,6.49,1000
2015-08-31,6.49,6.49,6.49,6.49,3500
2015-09-01,6.64,6.76,6.52,6.52,6090
2015-09-03,6.37,6.37,6.37,6.37,10
2015-09-04,6.33,6.56,6.18,6.56,20350
2015-09-07,6.68,6.68,6.68,6.68,20
2015-09-08,6.68,6.68,6.64,6.64,180
2015-09-09,6.41,6.68,6.41,6.52,25770
2015-09-10,6.41,6.52,6.41,6.52,13820
2015-09-11,6.37,6.68,6.37,6.49,14190
2015-09-14,6.41,6.52,6.41,6.52,7010
2015-09-15,6.49,6.64,6.33,6.64,6720
2015-09-16,6.64,6.64,6.6,6.6,5010
2015-09-17,6.56,6.56,6.45,6.52,2930
2015-09-18,6.45,6.45,6.41,6.41,5410
2015-09-21,6.56,6.56,6.41,6.52,4880
2015-09-22,6.56,6.56,6.56,6.56,980
2015-09-23,6.52,6.52,6.49,6.52,7250
2015-09-24,6.52,6.52,6.45,6.45,4610
2015-09-25,6.37,6.56,6.37,6.56,6340
2015-09-28,6.56,6.56,6.56,6.56,10
2015-09-29,6.56,6.56,6.56,6.56,0
2015-09-30,6.56,6.56,6.18,6.18,110
2015-10-01,6.56,6.56,6.56,6.56,10
2015-10-02,6.64,6.64,6.49,6.49,6020
2015-10-05,6.18,6.49,6.49,6.49,0
2015-10-06,6.18,6.37,6.02,6.37,14940
2015-10-07,6.45,6.45,6.45,6.45,30
2015-10-08,6.6,6.6,6.6,6.6,20
2015-10-09,6.18,6.29,6.18,6.22,6010
2015-10-12,6.22,6.22,6.22,6.22,5000
2015-10-13,6.64,6.64,6.64,6.64,2000
2015-10-14,6.64,6.64,6.29,6.29,1540
2015-10-15,6.37,6.37,6.37,6.37,80
2015-10-16,6.37,6.52,6.22,6.52,4040
2015-10-19,6.52,6.52,6.52,6.52,150
2015-10-20,6.52,6.52,6.52,6.52,0
2015-10-21,6.52,6.52,6.52,6.52,0
2015-10-22,6.41,6.41,6.41,6.41,910
2015-10-23,6.56,6.56,6.56,6.56,10
2015-10-26,6.18,6.52,6.18,6.52,18130
2015-10-27,6.52,6.52,6.52,6.52,10
2015-10-28,6.52,6.52,6.37,6.37,4000
2015-10-29,6.37,6.37,6.29,6.29,8000
2015-10-30,6.37,6.37,6.37,6.37,10
2015-11-02,6.37,6.37,6.37,6.37,0
2015-11-03,6.37,6.37,6.37,6.37,0
2015-11-04,6.52,6.52,6.52,6.52,10
2015-11-05,6.25,6.52,6.18,6.52,1120
2015-11-06,6.25,6.25,6.18,6.25,400
2015-11-09,6.45,6.45,6.37,6.37,300
2015-11-10,6.37,6.37,6.37,6.37,0
2015-11-11,6.37,6.37,6.37,6.37,0
2015-11-12,6.18,6.37,6.18,6.29,2260
2015-11-13,6.33,6.37,6.33,6.37,1100
2015-11-16,6.37,6.37,6.37,6.37,10
2015-11-17,6.29,6.29,6.29,6.29,820
2015-11-18,6.25,6.29,6.22,6.29,880
2015-11-19,6.33,6.37,6.33,6.37,4300
2015-11-20,6.37,6.37,6.37,6.37,0
2015-11-23,6.37,6.37,6.37,6.37,0
2015-11-24,6.37,6.37,6.37,6.37,8000
2015-11-25,6.37,6.37,6.37,6.37,0
2015-11-26,6.37,6.49,6.37,6.49,2510
2015-11-27,6.49,6.49,6.49,6.49,0
2015-11-30,6.49,6.49,6.22,6.22,120
2015-12-01,6.22,6.22,6.22,6.22,0
2015-12-02,6.33,6.33,6.25,6.25,1000
2015-12-03,6.64,6.64,6.64,6.64,10
2015-12-04,6.33,6.33,6.33,6.33,20
2015-12-07,6.33,6.37,6.33,6.37,6990
2015-12-08,6.37,6.37,6.37,6.37,0
2015-12-09,6.78,6.78,6.78,6.78,8500
2015-12-10,6.78,6.78,6.78,6.78,0
2015-12-11,6.86,6.86,6.86,6.86,110
2015-12-14,6.86,6.86,6.86,6.86,0
2015-12-15,6.86,6.86,6.86,6.86,0
2015-12-16,6.86,6.86,6.86,6.86,0
2015-12-17,6.9,6.9,6.9,6.9,40
2015-12-18,6.78,6.78,6.78,6.78,10
2015-12-21,6.82,7.19,6.82,6.9,2960
2015-12-22,6.9,7.36,6.9,7.36,7080
2015-12-23,6.99,6.99,6.99,6.99,5020
2015-12-24,6.94,7.44,6.94,7.44,5040
2015-12-25,6.99,7.89,6.99,6.99,1210
2015-12-28,6.99,7.44,6.94,7.44,20600
2015-12-29,7.03,7.93,6.99,7.93,14610
2015-12-30,7.4,7.44,7.4,7.4,64550
2015-12-31,7.4,7.4,7.4,7.4,100040
2016-01-04,7.4,7.4,7.4,7.4,0
2016-01-05,7.4,7.4,7.23,7.23,7640
2016-01-06,7.03,7.03,7.03,7.03,1010
2016-01-07,6.86,6.86,6.86,6.86,10
2016-01-08,6.78,6.78,6.78,6.78,320
2016-01-11,6.86,7.23,6.86,7.23,3660
2016-01-12,7.23,7.23,7.07,7.07,130
2016-01-13,7.4,7.4,7.4,7.4,10
2016-01-14,7.11,7.44,7.11,7.11,24490
2016-01-15,7.4,7.4,6.94,6.99,830
2016-01-18,7.44,7.44,6.58,6.58,30
2016-01-19,6.82,7.03,6.82,7.03,20
2016-01-20,7.4,7.48,7.4,7.4,30
2016-01-21,6.99,7.56,6.9,7.56,10010
2016-01-22,8.01,8.01,7.07,7.6,23610
2016-01-25,7.15,7.93,7.15,7.93,1010
2016-01-26,7.4,7.81,7.4,7.6,6050
2016-01-27,7.73,7.73,7.6,7.64,17240
2016-01-28,7.77,7.81,7.77,7.81,20
2016-01-29,7.27,7.73,7.27,7.27,3920
2016-02-01,7.4,7.77,6.9,6.9,9530
2016-02-02,7.36,7.36,7.36,7.36,8510
2016-02-03,7.77,7.81,7.77,7.81,1010
2016-02-04,7.81,7.81,7.64,7.64,5450
2016-02-05,8.14,8.14,8.14,8.14,10
2016-02-15,7.6,7.6,7.6,7.6,510
2016-02-16,7.77,8.01,7.15,7.15,30
2016-02-17,7.15,7.15,7.15,7.15,0
2016-02-18,7.6,7.6,7.6,7.6,20
2016-02-19,7.4,8.01,7.19,8.01,74760
2016-02-22,7.81,7.81,7.81,7.81,10
2016-02-23,8.01,8.01,7.31,7.31,20
2016-02-24,7.31,7.31,7.31,7.31,0
2016-02-25,6.94,6.94,6.94,6.94,300
2016-02-26,6.86,6.86,6.7,6.7,2300
2016-02-29,6.53,7.15,6.53,7.15,20
2016-03-01,7.15,7.15,7.15,7.15,0
2016-03-02,7.11,7.11,6.78,6.78,2330
2016-03-03,7.19,7.19,6.86,6.86,20
2016-03-04,7.31,7.31,7.31,7.31,40
2016-03-07,7.73,7.73,6.86,6.86,1010
2016-03-08,6.99,6.99,6.78,6.78,800
2016-03-09,6.78,6.78,6.78,6.78,0
2016-03-10,6.78,6.78,6.78,6.78,0
2016-03-11,7.19,7.19,7.19,7.19,1670
2016-03-14,7.19,7.19,7.19,7.19,0
2016-03-15,7.19,7.19,7.19,7.19,0
2016-03-16,7.19,7.6,7.19,7.6,2980
2016-03-17,7.19,7.19,7.19,7.19,110
2016-03-18,6.7,6.7,6.7,6.7,40
2016-03-21,6.7,6.7,6.7,6.7,0
2016-03-22,7.15,7.15,7.15,7.15,10
2016-03-23,6.86,7.64,6.78,7.64,470
2016-03-24,7.64,7.64,7.11,7.11,30
2016-03-25,7.03,7.03,7.03,7.03,200
2016-03-28,6.99,7.44,6.99,7.44,900
2016-03-29,7.44,7.44,7.44,7.44,0
2016-03-30,7.44,7.44,7.44,7.44,800
2016-03-31,7.44,7.44,7.11,7.44,3430
2016-04-01,7.44,7.44,7.44,7.44,0
2016-04-04,7.6,7.6,6.99,6.99,120
2016-04-05,7.44,7.44,7.03,7.44,18890
2016-04-06,7.93,7.93,7.4,7.4,30
2016-04-07,7.4,7.4,7.4,7.4,1000
2016-04-08,7.52,7.52,7.52,7.52,15000
2016-04-11,7.03,7.48,7.03,7.07,220
2016-04-12,7.4,7.52,7.4,7.52,13970
2016-04-13,7.52,7.52,7.52,7.52,0
2016-04-14,7.4,7.4,7.4,7.4,1000
2016-04-15,7.6,7.6,7.6,7.6,1000
2016-04-19,7.23,7.23,7.23,7.23,580
2016-04-20,7.23,7.23,7.23,7.23,10
2016-04-21,7.27,7.27,7.11,7.11,15860
2016-04-22,7.48,7.48,7.48,7.48,500
2016-04-25,7.77,7.77,7.77,7.77,10
2016-04-26,7.23,7.48,7.23,7.48,510
2016-04-27,7.48,7.48,7.48,7.48,0
2016-04-28,7.48,7.48,7.48,7.48,0
2016-04-29,7.48,7.48,7.48,7.48,0
2016-05-04,7.4,7.4,7.4,7.4,940
2016-05-05,7.4,7.4,7.4,7.4,500
2016-05-06,7.64,7.64,7.6,7.6,15210
2016-05-09,7.11,7.56,7.11,7.15,1410
2016-05-10,7.15,7.15,7.15,7.15,0
2016-05-11,7.19,7.19,7.19,7.19,20
2016-05-12,7.19,7.19,7.19,7.19,0
2016-05-13,7.11,7.11,7.07,7.07,2200
2016-05-16,6.78,6.78,6.78,6.78,1100
2016-05-17,6.99,7.23,6.99,7.23,380
2016-05-18,7.73,7.73,7.73,7.73,210
2016-05-19,7.4,7.81,7.4,7.81,3770
2016-05-20,7.4,7.6,7.4,7.6,12440
2016-05-23,7.81,7.81,7.81,7.81,10
2016-05-24,7.81,7.81,7.81,7.81,0
2016-05-25,8.22,8.22,7.27,7.27,1510
2016-05-26,7.77,7.77,6.99,6.99,220
2016-05-27,6.99,6.99,6.66,6.66,1000
2016-05-30,7.08,7.08,6.7,7.08,430
2016-05-31,7.55,7.55,7.55,7.55,30
2016-06-01,7.59,7.63,7.04,7.63,850
2016-06-02,7.68,8.14,7.68,8.14,240
2016-06-03,8.14,8.14,8.14,8.14,0
2016-06-06,8.14,8.14,8.14,8.14,0
2016-06-07,8.14,8.14,8.14,8.14,0
2016-06-08,8.14,8.14,8.14,8.14,0
2016-06-09,8.14,8.14,8.14,8.14,0
2016-06-10,7.59,7.59,7.59,7.59,510
2016-06-13,7.08,7.12,7.08,7.08,1280
2016-06-14,7.55,7.55,7.55,7.55,10
2016-06-15,7.63,7.97,7.63,7.97,330
2016-06-16,7.59,7.59,7.59,7.59,200
2016-06-17,7.59,7.59,7.12,7.12,1090
2016-06-20,6.83,7.59,6.78,6.87,660
2016-06-21,7.34,7.34,7.29,7.29,1310
2016-06-22,7.29,7.29,7.29,7.29,0
2016-06-23,7.63,7.63,7.55,7.55,110
2016-06-24,7.55,8.06,7.04,7.04,5180
2016-06-27,6.78,7.51,6.78,7.51,150
2016-06-28,7.51,7.51,7.51,7.51,0
2016-06-29,8.01,8.01,7.42,7.42,3010
2016-06-30,7.0,7.42,7.0,7.42,420
2016-07-01,7.04,7.93,7.0,7.0,720
2016-07-04,7.0,7.0,7.0,7.0,0
2016-07-05,7.42,7.46,7.42,7.46,5550
2016-07-06,7.84,7.84,7.63,7.63,12640
2016-07-07,8.14,8.14,7.63,8.14,7210
2016-07-08,8.61,8.61,8.1,8.1,79060
2016-07-11,8.06,8.27,7.97,8.14,4340
2016-07-12,8.14,8.35,8.01,8.27,16160
2016-07-13,8.1,8.1,8.06,8.1,9050
2016-07-14,8.66,8.66,8.6,8.6,560
2016-07-15,8.43,8.43,8.43,8.43,210
2016-07-18,8.16,8.16,7.99,7.99,4150
2016-07-19,8.27,8.27,8.16,8.16,50
2016-07-20,8.16,8.16,8.16,8.16,20
2016-07-21,7.77,8.54,7.77,8.54,2030
2016-07-22,7.99,8.49,7.99,8.49,1200
2016-07-25,7.94,8.05,7.94,7.94,2500
2016-07-26,8.49,8.49,8.49,8.49,50
2016-07-27,7.99,7.99,7.99,7.99,8130
2016-07-28,7.66,7.66,7.55,7.55,1010
2016-07-29,8.05,8.05,8.05,8.05,10
2016-08-01,8.43,8.43,7.55,7.55,4220
2016-08-02,7.28,7.28,7.22,7.22,2500
2016-08-03,6.89,7.0,6.89,6.95,2130
2016-08-04,7.33,7.33,7.33,7.33,20
2016-08-05,7.72,7.72,7.72,7.72,10
2016-08-08,7.33,7.33,7.33,7.33,120
2016-08-09,7.33,7.33,7.33,7.33,0
2016-08-10,7.66,7.66,7.33,7.61,1020
2016-08-11,7.99,7.99,7.17,7.17,160
2016-08-12,6.89,6.89,6.73,6.73,6000
2016-08-15,7.17,7.17,7.17,7.17,10
2016-08-16,7.61,7.61,7.61,7.61,10
2016-08-17,7.44,7.44,7.11,7.11,300
2016-08-18,6.89,6.89,6.62,6.62,1010
2016-08-19,6.62,7.06,6.62,7.06,2020
2016-08-22,6.78,7.33,6.78,7.33,40
2016-08-23,6.84,7.0,6.84,6.84,4090
2016-08-24,6.84,7.17,6.84,7.17,1030
2016-08-25,7.17,7.17,7.17,7.17,0
2016-08-26,6.84,7.61,6.67,6.67,2040
2016-08-29,7.11,7.11,7.11,7.11,10
2016-08-30,6.62,6.73,6.62,6.73,1350
2016-08-31,6.73,7.06,6.73,6.73,2340
2016-09-01,6.73,6.73,6.34,6.67,4620
2016-09-05,6.67,6.67,6.67,6.67,1230
2016-09-06,6.67,6.67,6.67,6.67,80
2016-09-07,6.62,6.62,6.62,6.62,100
2016-09-08,6.62,6.62,6.62,6.62,10
2016-09-09,6.45,6.62,6.45,6.62,510
2016-09-12,6.62,6.62,6.51,6.51,150
2016-09-13,6.51,6.51,6.51,6.51,0
2016-09-14,6.51,6.51,6.51,6.51,0
2016-09-15,6.51,6.51,6.51,6.51,2000
2016-09-16,6.51,6.51,6.51,6.51,0
2016-09-19,6.06,6.78,6.06,6.78,30
2016-09-20,7.22,7.22,7.22,7.22,8000
2016-09-21,6.78,6.78,6.78,6.78,10
2016-09-22,6.31,6.78,6.31,6.78,510
2016-09-23,6.78,6.78,6.78,6.78,0
2016-09-26,6.78,6.78,6.78,6.78,0
2016-09-27,6.78,6.78,6.78,6.78,0
2016-09-28,6.78,6.78,6.78,6.78,0
2016-09-29,6.78,6.78,6.45,6.51,1760
2016-09-30,6.45,6.95,6.45,6.95,6400
2016-10-03,6.51,6.51,6.51,6.51,1910
2016-10-04,6.51,6.53,6.51,6.51,2150
2016-10-05,6.51,6.62,6.51,6.62,1070
2016-10-06,7.06,7.06,6.56,6.56,550
2016-10-07,6.89,6.95,6.89,6.95,270
2016-10-10,6.95,6.95,6.95,6.95,150
2016-10-11,6.53,6.53,6.53,6.53,70
2016-10-12,6.89,6.89,6.89,6.89,110
2016-10-13,6.89,6.89,6.89,6.89,0
2016-10-14,6.75,6.84,6.75,6.84,2000
2016-10-17,6.89,6.89,6.89,6.89,100
2016-10-18,6.45,7.06,6.45,7.06,200
2016-10-19,7.06,7.06,7.06,7.06,0
2016-10-20,7.06,7.06,7.06,7.06,0
2016-10-21,6.59,6.59,6.59,6.59,200
2016-10-24,6.59,6.59,6.59,6.59,0
2016-10-25,6.51,6.51,6.45,6.45,60
2016-10-26,6.45,6.45,6.45,6.45,0
2016-10-27,6.45,6.45,6.45,6.45,0
2016-10-28,6.84,6.84,6.84,6.84,100
2016-10-31,6.45,7.3,6.45,7.3,940
2016-11-01,7.3,7.3,7.3,7.3,0
2016-11-02,7.3,7.3,7.3,7.3,0
2016-11-03,7.17,7.17,7.17,7.17,200
2016-11-04,7.17,7.17,7.17,7.17,0
2016-11-07,7.61,7.61,6.73,7.39,220
2016-11-08,7.39,7.39,7.39,7.39,20
2016-11-09,6.89,7.55,6.89,7.55,120
2016-11-10,7.55,7.94,7.06,7.69,1580
2016-11-11,7.69,7.69,7.69,7.69,0
2016-11-14,7.61,7.61,7.22,7.44,90
2016-11-15,7.44,7.44,7.44,7.44,0
2016-11-16,6.95,6.95,6.95,6.95,10
2016-11-17,6.73,7.39,6.62,7.39,1660
2016-11-18,7.64,7.64,7.39,7.39,130
2016-11-21,6.89,6.92,6.89,6.92,380
2016-11-22,7.33,7.33,6.45,6.45,5790
2016-11-23,6.86,6.86,6.45,6.86,2750
2016-11-24,7.28,7.28,7.28,7.28,60
2016-11-25,7.28,7.28,7.28,7.28,0
2016-11-28,7.72,7.72,7.17,7.17,200
2016-11-29,7.54,7.54,7.54,7.54,20
2016-11-30,7.48,8.03,7.48,8.03,5490
2016-12-01,8.0,8.0,7.48,7.51,17160
2016-12-02,7.71,7.71,7.71,7.71,270
2016-12-05,7.45,7.45,7.45,7.45,500
2016-12-06,7.45,7.45,7.45,7.45,0
2016-12-07,7.45,7.45,7.45,7.45,0
2016-12-08,7.4,7.45,7.4,7.45,800
2016-12-09,7.42,7.42,6.99,6.99,840
2016-12-12,6.71,7.42,6.71,7.2,5340
2016-12-13,7.2,7.2,7.2,7.2,0
2016-12-14,6.71,7.05,6.71,6.99,3480
2016-12-15,7.42,7.42,6.71,6.71,340
2016-12-16,7.14,7.14,6.71,6.71,120
2016-12-19,7.02,7.02,6.71,6.71,2120
2016-12-20,6.71,6.82,6.71,6.82,9010
2016-12-21,6.82,6.82,6.82,6.82,1810
2016-12-22,6.71,6.71,6.71,6.71,3000
2016-12-23,7.14,7.14,6.71,6.97,380
2016-12-26,7.45,7.45,6.71,6.71,5500
2016-12-27,7.17,7.17,6.71,7.08,1700
2016-12-28,7.37,7.37,6.71,6.71,30
2016-12-29,7.14,7.14,7.14,7.14,40
2016-12-30,6.65,7.25,6.65,7.25,1060
2017-01-03,7.42,7.42,7.42,7.42,20
2017-01-04,7.42,7.42,7.42,7.42,0
2017-01-05,7.42,7.42,7.42,7.42,0
2017-01-06,6.91,6.91,6.91,6.91,1040
2017-01-09,6.77,6.77,6.71,6.71,3140
2017-01-10,7.14,7.14,7.14,7.14,10
2017-01-11,6.71,6.71,6.71,6.71,190870
2017-01-12,7.11,7.11,7.11,7.11,20
2017-01-13,7.11,7.57,7.11,7.57,8250
2017-01-16,8.06,8.06,7.11,7.11,130
2017-01-17,7.42,7.42,6.77,7.42,240
2017-01-18,6.91,6.91,6.91,6.91,10
2017-01-19,6.91,6.91,6.91,6.91,0
2017-01-20,6.82,7.28,6.77,6.77,15070
2017-01-23,6.77,6.82,6.77,6.82,20
2017-01-24,6.77,7.2,6.71,7.2,11060
2017-01-25,7.22,7.22,7.22,7.22,40
2017-02-02,7.65,7.65,6.74,7.28,1520
2017-02-03,7.28,7.74,7.28,7.74,40
2017-02-06,7.25,7.34,7.25,7.34,13320
2017-02-07,7.54,7.54,6.91,6.99,2590
2017-02-08,7.37,7.37,6.99,6.99,170
2017-02-09,6.99,7.17,6.99,6.99,12550
2017-02-10,7.17,7.17,6.99,6.99,500
2017-02-13,7.05,7.45,7.05,7.05,3300
2017-02-14,7.05,7.05,7.05,7.05,0
2017-02-15,7.05,7.05,7.05,7.05,0
2017-02-16,7.05,7.05,7.05,7.05,0
2017-02-17,7.05,7.05,7.05,7.05,0
2017-02-20,7.05,7.05,7.05,7.05,0
2017-02-21,7.45,7.45,7.45,7.45,10
2017-02-22,7.45,7.45,7.45,7.45,0
2017-02-23,7.91,7.91,7.91,7.91,30
2017-02-24,8.2,8.2,8.2,8.2,100
2017-02-27,7.63,8.17,7.63,8.17,20
2017-02-28,7.63,8.31,7.63,8.31,1110
2017-03-01,7.74,8.26,7.74,7.74,3750
2017-03-02,8.14,8.14,8.14,8.14,10
2017-03-03,8.14,8.14,8.14,8.14,0
2017-03-06,8.14,8.14,8.14,8.14,0
2017-03-07,8.03,8.03,8.03,8.03,220
2017-03-08,8.03,8.03,8.03,8.03,0
2017-03-09,8.57,8.57,8.03,8.03,200
2017-03-10,8.03,8.03,8.03,8.03,0
2017-03-13,7.48,7.48,7.48,7.48,60
2017-03-14,7.85,7.85,7.85,7.85,10
2017-03-15,7.85,7.85,7.85,7.85,0
2017-03-16,7.4,7.4,7.4,7.4,10
2017-03-17,7.45,7.74,7.45,7.45,110
2017-03-20,7.91,7.91,7.05,7.85,30
2017-03-21,8.17,8.17,8.17,8.17,10
2017-03-22,8.17,8.17,8.17,8.17,0
2017-03-23,8.17,8.17,8.17,8.17,0
2017-03-24,8.26,8.26,7.63,7.63,20
2017-03-27,7.11,7.11,7.11,7.11,1000
2017-03-28,7.57,7.57,7.11,7.11,1010
2017-03-29,7.57,7.57,6.77,6.77,20
2017-03-30,7.22,7.22,6.77,7.22,380
2017-03-31,7.68,7.68,7.68,7.68,10
2017-04-03,8.14,8.14,7.45,7.45,110
2017-04-04,7.45,7.45,7.45,7.45,0
2017-04-05,7.94,7.94,7.94,7.94,10
2017-04-07,7.45,7.45,7.45,7.45,380
2017-04-10,6.94,6.94,6.94,6.94,2490
2017-04-11,7.4,7.4,7.4,7.4,10
2017-04-12,6.88,6.88,6.88,6.88,320
2017-04-13,7.17,7.17,7.17,7.17,10
2017-04-14,7.63,7.63,7.63,7.63,10
2017-04-17,7.63,7.63,7.63,7.63,0
2017-04-18,7.63,7.63,7.63,7.63,0
2017-04-19,7.4,8.14,7.4,8.14,7000
2017-04-20,7.6,8.49,7.6,8.49,1060
2017-04-21,8.49,8.49,8.49,8.49,0
2017-04-24,8.49,8.49,8.49,8.49,0
2017-04-25,8.49,8.49,8.49,8.49,0
2017-04-26,8.49,8.49,8.49,8.49,2000
2017-04-27,8.49,8.49,8.49,8.49,0
2017-04-28,8.49,8.49,8.49,8.49,0
2017-05-03,8.49,8.49,8.49,8.49,0
2017-05-04,8.49,8.49,8.49,8.49,0
2017-05-05,8.49,8.49,8.49,8.49,0
2017-05-08,8.49,8.49,8.49,8.49,0
2017-05-09,8.49,8.49,8.49,8.49,10
2017-05-10,8.49,8.49,8.49,8.49,0
2017-05-11,8.49,8.49,8.49,8.49,0
2017-05-12,8.49,8.49,8.49,8.49,0
2017-05-15,8.49,8.49,8.49,8.49,0
2017-05-16,8.49,8.49,8.49,8.49,0
2017-05-17,8.49,8.49,8.49,8.49,0
2017-05-18,8.49,8.49,8.49,8.49,0
2017-05-19,8.49,8.49,8.49,8.49,0
2017-05-22,8.49,8.49,8.08,8.08,1670
2017-05-23,8.08,8.08,8.08,8.08,0
2017-05-24,8.08,8.08,8.08,8.08,0
2017-05-25,8.08,8.08,8.08,8.08,0
2017-05-26,8.08,8.08,8.08,8.08,0
2017-05-29,8.08,8.08,8.08,8.08,0
2017-05-30,7.54,7.74,7.54,7.74,1190
2017-05-31,7.22,7.74,7.22,7.74,460
2017-06-01,7.28,7.4,7.28,7.28,470
2017-06-02,6.82,6.82,6.82,6.82,1600
2017-06-05,6.82,6.82,6.82,6.82,0
2017-06-06,7.25,7.25,7.25,7.25,10
2017-06-07,7.45,7.45,7.45,7.45,10
2017-06-08,7.97,7.97,7.97,7.97,10
2017-06-09,7.97,7.97,7.97,7.97,0
2017-06-12,8.51,8.51,7.42,8.49,30
2017-06-13,8.49,8.49,8.49,8.49,0
2017-06-14,8.49,8.49,8.49,8.49,0
2017-06-15,8.6,8.6,8.6,8.6,10
2017-06-16,8.6,8.6,8.6,8.6,0
2017-06-19,8.6,8.6,8.6,8.6,0
2017-06-20,8.6,8.6,8.6,8.6,0
2017-06-21,8.0,8.0,8.0,8.0,2170
2017-06-22,8.31,8.31,8.03,8.03,110
2017-06-23,8.03,8.03,8.03,8.03,0
2017-06-26,8.03,8.03,8.03,8.03,20
2017-06-27,7.51,7.51,7.51,7.51,190
2017-06-28,8.03,8.03,8.03,8.03,10
2017-06-29,8.14,8.14,7.57,8.14,420
2017-06-30,8.14,8.14,8.14,8.14,0
2017-07-03,7.74,8.6,7.6,8.14,4020
2017-07-04,8.14,8.14,8.14,8.14,0
2017-07-05,8.6,8.6,7.6,7.6,120
2017-07-06,8.0,8.0,7.08,7.88,3930
2017-07-07,7.34,7.91,7.34,7.85,5260
2017-07-10,7.91,7.91,7.31,7.85,420
2017-07-11,7.31,7.83,7.31,7.31,25170
2017-07-12,7.1,7.76,6.8,7.58,4980
2017-07-13,7.58,7.58,7.58,7.58,0
2017-07-14,7.16,7.46,7.16,7.46,110
2017-07-17,7.4,7.43,6.95,6.95,90
2017-07-18,7.16,7.16,6.86,7.1,3300
2017-07-19,6.62,7.1,6.62,7.1,20
2017-07-20,7.1,7.4,7.1,7.4,110
2017-07-21,7.37,7.37,7.37,7.37,10
2017-07-24,7.37,7.37,7.37,7.37,0
2017-07-25,7.13,7.37,6.92,6.92,680
2017-07-26,7.4,7.4,7.16,7.16,830
2017-07-27,7.07,7.07,7.07,7.07,10
2017-07-28,7.16,7.16,6.59,7.13,1360
2017-07-31,6.65,7.4,6.65,7.13,3220
2017-08-01,7.37,7.37,7.1,7.1,10050
2017-08-02,6.71,7.1,6.68,7.1,8130
2017-08-03,7.58,7.58,7.28,7.28,260
2017-08-04,6.92,6.92,6.92,6.92,27250
2017-08-07,7.16,7.16,6.77,7.1,8040
2017-08-08,7.1,7.58,7.1,7.58,260
2017-08-09,7.07,7.22,7.07,7.07,30
2017-08-10,6.59,7.4,6.59,7.37,7570
2017-08-11,7.37,7.37,7.37,7.37,0
2017-08-14,7.7,7.7,6.95,7.16,540
2017-08-15,6.68,7.13,6.68,7.13,7680
2017-08-16,7.46,7.46,7.22,7.22,1700
2017-08-17,7.64,7.67,7.16,7.46,4250
2017-08-18,7.22,7.97,7.22,7.4,31620
2017-08-21,7.46,7.82,7.34,7.52,3120
2017-08-22,7.94,7.94,7.52,7.52,2030
2017-08-23,7.4,7.4,7.19,7.34,1070
2017-08-24,7.34,7.34,7.16,7.16,2190
2017-08-25,7.22,7.22,7.22,7.22,10
2017-08-28,6.86,7.22,6.83,6.83,810
2017-08-29,7.04,7.31,6.98,7.28,9470
2017-08-30,7.46,7.46,7.46,7.46,10
2017-08-31,7.28,7.28,6.95,7.28,1770
2017-09-01,7.28,7.28,7.16,7.16,310
2017-09-05,7.1,7.1,7.1,7.1,4000
2017-09-06,7.1,7.1,7.1,7.1,2000
2017-09-07,7.16,7.16,6.62,7.1,2170
2017-09-08,6.68,7.1,6.68,7.1,60
2017-09-11,7.16,7.16,7.16,7.16,10
2017-09-12,6.68,7.1,6.68,7.1,4840
2017-09-13,7.1,7.1,7.1,7.1,0
2017-09-14,7.31,7.31,7.28,7.28,70
2017-09-15,7.16,7.16,7.16,7.16,3000
2017-09-18,6.74,7.16,6.74,7.16,60
2017-09-19,7.16,7.16,7.16,7.16,0
2017-09-20,6.77,7.16,6.68,7.16,6040
2017-09-21,6.71,7.13,6.68,7.13,3640
2017-09-22,6.74,6.74,6.74,6.74,2290
2017-09-25,6.74,7.1,6.65,7.07,4130
2017-09-26,6.62,7.1,6.62,7.1,5950
2017-09-27,7.1,7.1,7.1,7.1,0
2017-09-28,7.1,7.1,7.1,7.1,0
2017-09-29,7.1,7.1,7.1,7.1,30
2017-10-02,6.65,6.65,6.62,6.62,2920
2017-10-03,6.86,6.89,6.86,6.89,1000
2017-10-04,6.89,6.89,6.89,6.89,0
2017-10-05,6.83,6.92,6.83,6.92,50
2017-10-06,6.53,6.89,6.53,6.89,310
2017-10-09,6.92,6.92,6.89,6.89,20
2017-10-10,6.89,6.92,6.89,6.92,470
2017-10-11,6.92,6.92,6.92,6.92,0
2017-10-12,6.89,6.95,6.89,6.95,3090
2017-10-13,6.92,7.04,6.92,7.04,1550
2017-10-16,7.1,7.46,7.1,7.4,2970
2017-10-17,7.43,7.91,7.16,7.7,2140
2017-10-18,7.7,7.7,7.7,7.7,0
2017-10-19,7.16,7.22,7.16,7.16,5100
2017-10-20,7.46,7.46,7.16,7.16,20
2017-10-23,7.28,7.46,7.16,7.34,2120
2017-10-24,7.4,7.43,7.37,7.4,1020
2017-10-25,7.43,7.43,6.89,7.43,520
2017-10-26,7.43,7.43,7.43,7.43,0
2017-10-27,7.4,7.4,7.4,7.4,10
2017-10-30,7.4,7.4,7.4,7.4,0
2017-10-31,7.4,7.4,7.4,7.4,0
2017-11-01,7.4,7.4,7.4,7.4,0
2017-11-02,7.4,7.4,7.4,7.4,0
2017-11-03,6.98,6.98,6.98,6.98,10
2017-11-06,6.98,6.98,6.86,6.86,340
2017-11-07,7.34,7.34,6.8,7.34,1300
2017-11-08,7.34,7.7,6.86,6.86,120
2017-11-09,7.22,7.22,7.22,7.22,10
2017-11-10,7.4,7.4,6.86,6.86,20
2017-11-13,7.28,7.28,7.28,7.28,10
2017-11-14,7.75,7.75,6.91,6.91,30
2017-11-15,7.37,7.37,6.91,7.37,90
2017-11-16,7.37,7.78,7.37,7.65,100
2017-11-17,7.65,7.96,7.65,7.96,60
2017-11-20,7.44,7.75,7.44,7.44,50
2017-11-21,7.84,7.84,6.94,6.97,2390
2017-11-22,7.44,7.44,7.4,7.4,40
2017-11-23,7.72,7.78,6.94,7.68,330
2017-11-24,7.16,7.72,7.16,7.16,2710
2017-11-27,7.22,7.62,7.09,7.59,130
2017-11-28,7.59,7.59,7.59,7.59,0
2017-11-29,7.19,7.19,7.19,7.19,50
2017-11-30,7.53,7.65,7.53,7.59,100
2017-12-01,7.59,7.59,7.59,7.59,0
2017-12-04,7.47,8.06,7.19,7.19,70
2017-12-05,7.65,7.65,6.84,6.84,120
2017-12-06,6.84,6.84,6.84,6.84,0
2017-12-07,6.53,7.31,6.53,6.53,60
2017-12-08,6.41,6.94,6.41,6.94,890
2017-12-11,6.97,6.97,6.66,6.66,540
2017-12-12,6.28,6.28,6.28,6.28,30
2017-12-13,6.04,6.04,6.04,6.04,20
2017-12-14,6.04,6.04,6.04,6.04,0
2017-12-15,6.44,6.44,6.1,6.1,20
2017-12-18,6.44,6.44,6.25,6.25,20
2017-12-19,6.25,6.25,6.25,6.25,0
2017-12-20,6.69,6.69,6.04,6.04,90
2017-12-21,6.44,6.44,6.07,6.07,20
2017-12-22,6.47,6.47,6.47,6.47,120
2017-12-25,6.72,6.91,6.72,6.84,60
2017-12-26,7.16,7.16,6.47,6.47,100
2017-12-27,6.66,6.84,6.28,6.28,90
2017-12-28,6.72,6.72,5.87,5.88,11860
2017-12-29,6.28,6.28,5.6,6.22,7140
2018-01-02,6.47,6.47,6.1,6.47,2400
2018-01-03,6.47,6.91,6.28,6.28,1060
2018-01-04,6.44,6.47,6.22,6.22,40
2018-01-05,6.47,6.47,5.95,5.95,1200
2018-01-08,6.16,6.22,6.16,6.22,490
2018-01-09,5.91,6.22,5.85,5.92,27930
2018-01-10,6.16,6.16,6.1,6.1,100
2018-01-11,5.97,6.22,5.97,6.04,5600
2018-01-12,6.22,6.28,6.04,6.04,60
2018-01-15,6.44,6.44,6.1,6.1,1430
2018-01-16,6.22,6.5,6.1,6.1,5140
2018-01-17,6.47,6.47,6.11,6.11,2030
2018-01-18,6.16,6.5,6.16,6.17,5080
2018-01-19,6.5,6.6,6.17,6.22,540
2018-01-22,6.6,6.66,6.41,6.66,3210
2018-01-23,6.66,6.66,6.66,6.66,0
2018-01-24,6.66,6.66,6.66,6.66,0
2018-01-25,6.84,7.09,6.53,6.53,6860
2018-01-26,6.97,6.97,6.84,6.97,9870
2018-01-29,7.4,7.4,6.53,6.53,80
2018-01-30,6.97,6.97,6.97,6.97,500
2018-01-31,6.97,6.97,6.6,6.97,16420
2018-02-01,6.56,7.25,6.5,6.5,140
2018-02-02,6.84,6.84,6.07,6.07,2610
2018-02-05,6.07,6.07,6.07,6.07,10
2018-02-06,6.47,6.47,5.67,5.69,9450
2018-02-07,6.09,6.09,5.69,5.69,710
2018-02-08,6.04,6.04,6.04,6.04,10
2018-02-09,6.04,6.04,6.04,6.04,20
2018-02-12,5.72,5.72,5.72,5.72,350
2018-02-13,5.72,5.72,5.72,5.72,20
2018-02-21,5.6,5.6,5.6,5.6,1130
2018-02-22,5.97,5.97,5.97,5.97,30
2018-02-23,6.1,6.22,6.1,6.22,60
2018-02-26,5.97,5.97,5.97,5.97,520
2018-02-27,5.97,5.97,5.97,5.97,20
2018-02-28,5.63,6.22,5.63,5.74,1060
2018-03-01,6.08,6.14,6.08,6.14,70
2018-03-02,6.22,6.56,6.22,6.56,680
2018-03-05,6.91,7.0,6.14,6.22,9870
2018-03-06,6.53,6.53,6.04,6.04,640
2018-03-07,6.44,6.44,6.44,6.44,60
2018-03-08,6.0,6.88,6.0,6.84,11130
2018-03-09,7.28,7.28,6.38,6.38,2520
2018-03-12,6.78,6.81,6.38,6.38,33810
2018-03-13,6.72,6.81,6.35,6.35,1610
2018-03-14,6.78,6.78,6.1,6.78,2660
2018-03-15,6.32,6.32,6.32,6.32,50
2018-03-16,5.88,5.88,5.88,5.88,20
2018-03-19,6.28,6.28,6.28,6.28,10
2018-03-20,6.72,6.72,5.85,6.72,2020
2018-03-21,6.94,7.19,6.91,6.94,1810
2018-03-22,7.03,7.03,6.5,6.5,140
2018-03-23,6.94,6.94,6.22,6.22,30
2018-03-26,6.35,6.66,6.22,6.22,780
2018-03-27,6.66,6.66,6.66,6.66,4980
2018-03-28,6.72,6.97,6.72,6.84,6690
2018-03-29,6.84,7.03,6.38,6.38,1130
2018-03-30,6.38,6.38,6.38,6.38,70
2018-04-02,6.81,6.81,6.41,6.81,2030
2018-04-03,7.28,7.28,6.41,6.41,140
2018-04-04,6.16,6.84,6.16,6.5,80
2018-04-05,6.94,6.94,6.22,6.22,5560
2018-04-06,6.66,6.66,5.91,5.91,13510
2018-04-09,6.32,6.32,6.32,6.32,30
2018-04-10,6.75,6.75,6.75,6.75,60
2018-04-11,6.75,6.91,6.75,6.78,880
2018-04-12,6.94,6.94,6.35,6.35,140
2018-04-13,6.35,6.35,6.35,6.35,30
2018-04-16,6.44,6.44,6.44,6.44,20
2018-04-17,6.44,6.44,6.44,6.44,20
2018-04-18,6.66,6.66,6.13,6.13,420
2018-04-19,6.53,6.53,6.38,6.38,60
2018-04-20,6.63,6.63,6.63,6.63,50
2018-04-23,6.22,6.22,6.22,6.22,20
2018-04-24,5.92,6.66,5.82,5.82,3170
2018-04-26,6.22,6.22,5.84,5.84,10090
2018-04-27,6.22,6.22,6.22,6.22,60
2018-05-02,5.83,6.66,5.83,6.22,5330
2018-05-03,6.66,6.66,6.53,6.53,110
2018-05-04,6.91,6.97,6.22,6.22,4010
2018-05-07,6.22,6.22,6.22,6.22,20
2018-05-08,6.41,6.66,6.41,6.6,80
2018-05-09,7.03,7.03,6.47,6.47,1590
2018-05-10,6.47,6.47,6.47,6.47,0
2018-05-11,6.91,6.91,6.02,6.04,4820
2018-05-14,6.04,6.04,6.04,6.04,0
2018-05-15,6.22,6.22,6.22,6.22,50
2018-05-16,6.66,6.66,5.86,5.86,40
2018-05-17,6.25,6.25,5.97,5.97,20
2018-05-18,5.85,5.85,5.85,5.85,130
2018-05-21,5.91,6.25,5.91,6.25,120
2018-05-22,6.69,6.69,5.85,6.69,11070
2018-05-23,7.0,7.0,6.25,6.25,550
2018-05-24,6.25,6.69,6.22,6.69,650
2018-05-25,6.22,6.91,6.22,6.25,40
2018-05-28,5.86,6.69,5.86,6.69,1030
2018-05-29,6.53,6.53,6.22,6.22,4320
2018-05-30,6.66,6.66,6.28,6.28,250
2018-05-31,6.47,6.72,6.47,6.72,4310
2018-06-01,6.84,6.84,6.28,6.28,100
2018-06-04,6.66,6.66,6.38,6.38,110
2018-06-05,6.32,6.72,6.22,6.41,1280
2018-06-06,5.98,6.72,5.98,6.44,130
2018-06-07,6.84,6.84,6.84,6.84,1430
2018-06-08,6.6,7.28,6.41,6.41,60
2018-06-11,6.5,6.84,6.5,6.84,1090
2018-06-12,6.6,7.28,6.53,6.53,540
2018-06-13,6.93,6.93,6.5,6.5,300
2018-06-14,6.5,6.73,6.5,6.73,80
2018-06-15,7.13,7.2,6.53,6.54,1400
2018-06-18,6.35,6.35,6.35,6.35,110
2018-06-19,6.53,6.53,6.25,6.25,180
2018-06-20,6.67,6.67,6.23,6.25,760
2018-06-21,6.67,6.67,6.25,6.33,440
2018-06-22,6.33,6.33,6.33,6.33,100
2018-06-25,6.33,6.33,6.33,6.33,20
2018-06-26,6.77,6.77,6.6,6.77,420
2018-06-27,7.2,7.23,6.31,6.43,1730
2018-06-28,6.87,6.87,6.53,6.53,240
2018-06-29,6.97,6.97,6.7,6.7,160
2018-07-02,7.17,7.17,6.8,6.83,1530
2018-07-03,6.83,7.3,6.73,6.73,310
2018-07-04,6.77,7.2,6.77,6.8,400
2018-07-05,7.23,7.23,6.83,6.83,120
2018-07-06,7.2,7.2,6.7,6.8,230
2018-07-09,7.2,7.2,6.77,6.77,50
2018-07-10,7.17,7.17,6.73,6.73,100
2018-07-11,7.17,7.17,6.38,7.07,430
2018-07-12,6.97,7.0,6.8,6.8,3610
2018-07-13,6.67,6.67,6.67,6.67,100
2018-07-16,7.07,7.07,6.67,6.67,1320
2018-07-17,6.67,6.67,6.67,6.67,10
2018-07-18,7.07,7.07,6.67,6.67,30
2018-07-19,7.0,7.0,6.8,6.8,80
2018-07-20,7.0,7.0,6.73,6.73,90
2018-07-23,6.7,6.7,6.7,6.7,10
2018-07-24,6.63,6.63,6.63,6.63,150
2018-07-25,6.63,6.63,6.63,6.63,0
2018-07-26,6.63,6.97,6.61,6.97,780
2018-07-27,6.93,7.33,6.93,6.97,150
2018-07-30,7.33,7.33,6.63,6.63,110
2018-07-31,7.03,7.03,7.0,7.03,220
2018-08-01,6.65,6.65,6.65,6.65,10
2018-08-02,6.65,6.65,6.65,6.65,0
2018-08-03,6.67,6.67,6.62,6.64,1520
2018-08-06,6.64,6.64,6.64,6.64,0
2018-08-07,6.97,6.97,6.65,6.65,390
2018-08-08,6.67,6.67,6.67,6.67,10
2018-08-09,6.67,6.67,6.67,6.67,0
2018-08-10,6.97,6.97,6.97,6.97,10
2018-08-13,6.67,6.67,6.67,6.67,10
2018-08-14,6.93,6.93,6.67,6.67,20
2018-08-15,6.67,6.67,6.67,6.67,0
2018-08-16,6.67,6.67,6.67,6.67,0
2018-08-17,6.93,6.93,6.73,6.73,20
2018-08-20,6.97,6.97,6.97,6.97,10
2018-08-21,6.97,6.97,6.67,6.67,710
2018-08-22,6.97,6.97,6.7,6.7,30
2018-08-23,6.7,6.7,6.7,6.7,0
2018-08-24,6.97,7.17,6.43,6.43,60
2018-08-27,6.67,6.8,6.5,6.5,50
2018-08-28,6.5,6.5,6.5,6.5,0
2018-08-29,6.93,6.93,6.93,6.93,10
2018-08-30,6.55,6.55,6.55,6.55,60
2018-08-31,7.0,7.0,6.54,6.54,20
2018-09-04,6.51,6.51,6.51,6.51,10
2018-09-05,6.51,6.51,6.51,6.51,0
2018-09-06,6.51,6.51,6.51,6.51,0
2018-09-07,6.51,6.51,6.51,6.51,0
2018-09-10,6.9,6.9,6.5,6.5,30
2018-09-11,6.5,6.5,6.5,6.5,0
2018-09-12,6.5,6.5,6.5,6.5,0
2018-09-13,6.5,6.5,6.5,6.5,0
2018-09-14,6.5,6.5,6.5,6.5,0
2018-09-17,6.5,6.93,6.38,6.38,5070
2018-09-18,6.4,6.8,6.39,6.41,75130
2018-09-19,6.83,6.83,6.41,6.41,20
2018-09-20,6.8,6.83,6.8,6.83,290
2018-09-21,6.47,7.3,6.47,7.3,130
2018-09-24,6.8,7.27,6.8,6.87,90
2018-09-25,7.33,7.33,7.27,7.33,130
2018-09-26,6.87,7.33,6.83,7.33,540
2018-09-27,6.9,6.9,6.83,6.83,50
2018-09-28,7.3,7.3,7.3,7.3,10
2018-10-01,7.33,7.8,7.33,7.67,110
2018-10-02,8.0,8.2,7.97,7.97,190
2018-10-03,7.43,7.43,7.43,7.43,30
2018-10-04,6.97,7.67,6.97,7.67,80
2018-10-05,7.13,7.13,7.13,7.13,80
2018-10-08,6.65,6.65,6.65,6.65,50
2018-10-09,6.65,6.65,6.65,6.65,10
2018-10-10,7.07,7.07,6.67,6.67,30
2018-10-11,6.67,6.67,6.67,6.67,10
2018-10-12,6.67,6.67,6.41,6.41,90
2018-10-15,6.41,6.41,6.41,6.41,10
2018-10-16,6.47,6.47,6.47,6.47,60
2018-10-17,6.67,6.9,6.67,6.9,20
2018-10-18,6.53,6.53,6.53,6.53,10
2018-10-19,6.97,6.97,6.97,6.97,40
2018-10-22,6.77,6.77,6.77,6.77,40
2018-10-23,6.5,6.5,6.5,6.5,260
2018-10-24,6.23,6.93,6.21,6.87,3080
2018-10-25,7.0,7.0,7.0,7.0,420
2018-10-26,6.73,7.33,6.73,7.33,560
2018-10-29,7.83,7.83,6.83,7.83,1060
2018-10-30,7.3,8.33,7.3,8.33,460
2018-10-31,7.77,7.77,7.77,7.77,10
2018-11-01,7.33,7.33,7.23,7.23,410
2018-11-02,6.8,6.8,6.73,6.8,420
2018-11-05,6.33,7.27,6.33,6.35,530
2018-11-06,6.41,6.41,6.38,6.38,980
2018-11-07,6.73,6.73,6.67,6.67,2030
2018-11-08,6.67,6.73,6.47,6.47,420
2018-11-09,6.47,6.8,6.47,6.47,960
2018-11-12,6.47,6.47,6.47,6.47,600
2018-11-13,6.47,6.47,6.37,6.37,110
2018-11-14,6.73,6.77,6.33,6.42,840
2018-11-15,6.42,6.8,6.42,6.47,1560
2018-11-16,6.67,6.9,6.67,6.9,2320
2018-11-19,7.27,7.27,6.73,6.73,160
2018-11-20,7.0,7.2,6.64,6.64,840
2018-11-21,7.07,7.07,7.07,7.07,50
2018-11-22,6.73,6.73,6.73,6.73,100
2018-11-23,7.2,7.2,7.2,7.2,40
2018-11-26,6.77,7.27,6.7,6.7,170
2018-11-27,6.43,7.13,6.43,7.0,210
2018-11-28,7.13,7.13,6.53,7.07,250
2018-11-29,6.8,7.33,6.8,7.33,160
2018-11-30,7.2,7.2,7.2,7.2,170
2018-12-03,6.8,6.87,6.8,6.87,60
2018-12-04,7.32,7.32,6.87,6.87,70
2018-12-05,7.32,7.32,7.04,7.04,490
2018-12-06,7.04,7.04,7.04,7.04,0
2018-12-07,7.04,7.04,7.04,7.04,0
2018-12-10,7.04,7.5,7.04,7.04,240
2018-12-11,7.37,7.49,7.37,7.37,180
2018-12-12,7.37,7.37,7.23,7.23,110
2018-12-13,7.6,7.6,7.41,7.41,230
2018-12-14,7.45,7.45,7.45,7.45,50
2018-12-17,7.45,7.45,7.45,7.45,140
2018-12-18,7.45,7.45,7.45,7.45,470
2018-12-19,7.45,7.82,7.45,7.82,30
2018-12-20,7.37,7.37,7.37,7.37,100
2018-12-21,7.37,7.37,7.37,7.37,0
2018-12-24,7.37,7.37,7.37,7.37,60
2018-12-25,7.23,7.89,7.23,7.63,1110
2018-12-26,7.6,7.74,7.52,7.52,2260
2018-12-27,7.52,8.04,7.52,8.04,6520
2018-12-28,7.74,8.41,7.49,8.26,34450
2019-01-02,7.74,7.74,7.74,7.74,20
2019-01-03,7.45,7.45,7.45,7.45,10
2019-01-04,7.45,7.45,7.45,7.45,150
2019-01-07,7.96,7.96,7.49,7.49,80
2019-01-08,8.0,8.0,7.41,7.41,1110
2019-01-09,7.41,7.41,7.41,7.41,0
2019-01-10,7.15,7.15,7.15,7.15,10
2019-01-11,7.15,7.15,7.15,7.15,0
2019-01-14,6.72,6.72,6.72,6.72,20
2019-01-15,6.72,6.72,6.72,6.72,0
2019-01-16,6.72,6.72,6.72,6.72,0
2019-01-17,6.72,6.72,6.72,6.72,0
2019-01-18,6.72,6.72,6.72,6.72,0
2019-01-21,7.18,7.18,7.18,7.18,10
2019-01-22,7.18,7.18,7.18,7.18,0
2019-01-23,7.67,7.67,7.18,7.18,170
2019-01-24,7.67,7.67,7.67,7.67,50
2019-01-25,8.19,8.19,7.37,8.11,1840
2019-01-28,8.11,8.11,8.11,8.11,0
2019-01-29,8.11,8.11,8.11,8.11,0
2019-01-30,8.11,8.11,8.11,8.11,0
2019-01-31,8.11,8.11,8.11,8.11,0
2019-02-01,7.56,7.56,7.56,7.56,10
2019-02-11,7.23,7.23,7.23,7.23,10
2019-02-12,7.23,7.23,7.23,7.23,0
2019-02-13,7.71,7.71,7.71,7.71,10
2019-02-14,8.22,8.22,7.37,7.74,2290
2019-02-15,8.26,8.26,7.3,7.3,60
2019-02-18,7.78,7.78,7.56,7.56,70
2019-02-19,8.07,8.07,7.45,7.45,50
2019-02-20,7.96,7.96,7.37,7.37,4010
2019-02-21,7.37,7.37,7.37,7.37,0
2019-02-22,7.74,7.74,7.6,7.6,190
2019-02-25,8.07,8.11,7.37,7.67,2890
2019-02-26,8.19,8.19,7.74,7.89,15830
2019-02-27,8.19,8.41,7.41,7.74,48590
2019-02-28,8.19,8.19,7.45,7.45,33010
2019-03-01,7.96,7.96,7.52,7.52,20
2019-03-04,8.04,8.04,7.49,7.49,510
2019-03-05,8.0,8.0,7.56,7.56,130
2019-03-06,8.07,8.07,8.07,8.07,10
2019-03-07,7.6,7.6,7.6,7.6,10
2019-03-08,8.11,8.11,7.45,7.45,20
2019-03-11,7.96,7.96,7.25,7.25,20
2019-03-12,7.74,7.74,6.78,6.78,20
2019-03-13,7.26,7.26,7.26,7.26,10
2019-03-14,7.74,7.74,7.74,7.74,30
2019-03-15,8.26,8.26,7.6,7.6,130
2019-03-18,8.11,8.11,7.23,7.3,1630
2019-03-19,7.78,7.78,7.78,7.78,20
2019-03-20,8.3,8.3,7.63,7.63,20
2019-03-21,8.11,8.15,7.1,7.1,60
2019-03-22,7.6,7.6,7.6,7.6,110
2019-03-25,8.11,8.11,7.19,7.19,1660
2019-03-26,7.67,7.67,7.67,7.67,20
2019-03-27,8.19,8.19,8.19,8.19,310
2019-03-28,8.74,8.74,7.63,7.63,150
2019-03-29,7.56,8.15,7.56,8.15,50
2019-04-01,7.6,8.7,7.6,7.82,320
2019-04-02,8.33,8.33,7.49,7.49,60
2019-04-03,8.0,8.0,7.04,7.04,50
2019-04-04,7.52,7.52,7.52,7.52,20
2019-04-05,8.04,8.04,8.04,8.04,80
2019-04-08,8.59,8.59,7.63,7.63,80
2019-04-09,8.11,8.11,7.12,7.12,1040
2019-04-10,7.12,7.12,7.12,7.12,0
2019-04-11,7.6,7.6,7.41,7.41,380
2019-04-12,7.93,7.93,7.19,7.19,60
2019-04-16,7.67,7.67,7.16,7.16,40
2019-04-17,7.63,7.63,7.63,7.63,80
2019-04-18,8.15,8.15,8.11,8.15,4530
2019-04-19,8.7,8.7,7.6,7.6,80
2019-04-22,8.11,8.11,7.15,7.56,1050
2019-04-23,8.07,8.07,8.07,8.07,13470
2019-04-24,7.6,7.96,7.6,7.74,60
2019-04-25,8.26,8.26,7.74,7.74,30
2019-04-26,8.26,8.26,8.19,8.26,630
2019-05-02,8.81,8.81,8.04,8.04,30
2019-05-03,8.59,8.59,7.82,7.82,30
2019-05-06,8.33,8.33,7.74,7.78,6080
2019-05-07,8.3,8.3,7.27,7.27,110
2019-05-08,7.78,7.78,7.74,7.74,980
2019-05-09,7.23,7.23,7.23,7.23,10
2019-05-10,7.71,7.71,7.09,7.09,20
2019-05-13,7.56,7.56,6.59,6.59,140
2019-05-14,6.59,6.59,6.59,6.59,0
2019-05-15,6.59,6.59,6.59,6.59,0
2019-05-16,6.59,6.59,6.59,6.59,0
2019-05-17,6.59,6.59,6.59,6.59,0
2019-05-20,7.05,7.05,7.05,7.05,30
2019-05-21,7.52,7.52,7.52,7.52,2020
2019-05-22,8.04,8.04,8.04,8.04,90
2019-05-23,7.56,7.56,7.56,7.56,20
2019-05-24,7.49,8.07,7.04,7.04,1230
2019-05-27,7.52,7.52,7.16,7.16,100
2019-05-28,7.63,7.63,7.63,7.63,10
2019-05-29,8.15,8.15,7.17,8.15,1210
2019-05-30,8.19,8.19,7.6,7.6,960
2019-05-31,8.04,8.11,7.07,7.09,50
2019-06-03,7.56,7.56,7.56,7.56,30
2019-06-04,7.56,7.56,7.56,7.56,20
2019-06-05,8.07,8.07,7.6,7.6,140
2019-06-06,8.11,8.11,8.11,8.11,10
2019-06-07,7.56,7.56,7.56,7.56,10
2019-06-10,7.52,7.52,7.52,7.52,30
2019-06-11,7.32,7.32,7.32,7.32,20
2019-06-12,7.82,7.82,7.45,7.82,4580
2019-06-13,8.11,8.11,7.67,7.67,990
2019-06-14,7.67,7.67,7.67,7.67,0
2019-06-17,7.15,7.15,7.15,7.15,30
2019-06-18,7.63,7.63,7.23,7.23,30
2019-06-19,7.71,7.71,7.09,7.09,50
2019-06-20,7.56,7.56,7.56,7.56,30
2019-06-21,7.41,7.41,7.41,7.41,20
2019-06-24,7.09,7.09,7.09,7.09,20
2019-06-25,7.56,7.56,7.56,7.56,20
2019-06-26,7.56,7.56,7.56,7.56,0
2019-06-27,7.23,7.23,7.23,7.23,10
2019-06-28,7.67,7.67,7.67,7.67,10
2019-07-01,8.04,8.19,7.27,7.27,270
2019-07-02,7.6,7.6,7.6,7.6,4830
2019-07-03,7.6,7.6,7.6,7.6,0
2019-07-04,7.23,7.23,7.23,7.23,10
2019-07-05,7.6,7.6,7.6,7.6,1250
2019-07-08,7.6,7.6,7.6,7.6,40
2019-07-09,7.6,7.6,7.6,7.6,0
2019-07-10,7.63,7.63,7.63,7.63,18020
2019-07-11,7.63,7.63,7.63,7.63,10000
2019-07-12,7.63,7.63,7.63,7.63,0
2019-07-15,7.6,7.6,7.6,7.6,8180
2019-07-16,7.6,7.6,7.6,7.6,0
2019-07-17,7.12,7.12,7.12,7.12,10
2019-07-18,7.6,7.6,7.6,7.6,20
2019-07-19,7.6,7.6,7.6,7.6,0
2019-07-22,7.6,7.6,7.6,7.6,0
2019-07-23,7.6,7.6,7.6,7.6,0
2019-07-24,8.0,8.0,8.0,8.0,10
2019-07-25,7.6,8.0,7.6,8.0,120
2019-07-26,7.67,7.67,7.67,7.67,10
2019-07-29,8.11,8.11,7.67,7.67,800
2019-07-30,7.67,7.67,7.67,7.67,0
2019-07-31,7.67,7.67,7.67,7.67,0
2019-08-01,7.15,7.15,7.15,7.15,20
2019-08-02,7.63,7.63,7.01,7.01,25690
2019-08-05,7.49,7.49,7.49,7.49,8800
2019-08-06,8.0,8.0,7.49,7.52,12090
2019-08-07,8.04,8.04,7.52,8.04,1060
2019-08-08,8.04,8.55,8.04,8.55,130
2019-08-09,7.96,8.04,7.96,7.96,2840
2019-08-12,7.41,7.41,7.41,7.41,10
2019-08-13,7.93,7.93,7.6,7.6,980
2019-08-14,7.16,7.96,7.16,7.17,1620
2019-08-15,7.67,7.67,7.67,7.67,520
2019-08-16,7.78,8.19,7.78,8.11,440
2019-08-19,8.04,8.11,8.04,8.11,70
2019-08-20,7.67,7.67,7.67,7.67,10
2019-08-21,8.19,8.19,8.19,8.19,70
2019-08-22,7.67,7.67,7.63,7.63,940
2019-08-23,7.3,7.3,7.3,7.3,20
2019-08-26,7.78,7.78,7.78,7.78,4080
2019-08-27,7.67,7.67,7.67,7.67,10
2019-08-28,7.41,7.41,7.41,7.41,10
2019-08-29,7.41,7.41,7.41,7.41,0
2019-08-30,7.31,7.31,7.31,7.31,10
2019-09-03,7.6,7.82,7.6,7.6,5410
2019-09-04,7.6,7.6,7.6,7.6,0
2019-09-05,7.6,7.6,7.6,7.6,0
2019-09-06,7.37,7.37,7.37,7.37,10
2019-09-09,7.37,7.37,7.37,7.37,0
2019-09-10,7.37,7.37,7.37,7.37,0
2019-09-11,7.37,7.37,7.37,7.37,0
2019-09-12,7.37,7.37,7.37,7.37,0
2019-09-13,7.89,7.89,7.23,7.23,230
2019-09-16,7.23,7.23,7.23,7.23,0
2019-09-17,7.23,7.23,7.23,7.23,0
2019-09-18,7.71,7.71,7.71,7.71,10
2019-09-19,7.71,7.71,7.71,7.71,0
2019-09-20,7.82,7.82,7.82,7.82,10
2019-09-23,8.19,8.22,7.74,7.74,13410
2019-09-24,7.41,7.41,7.41,7.41,10
2019-09-25,7.41,7.41,7.41,7.41,0
2019-09-26,7.93,7.93,7.24,7.24,110
2019-09-27,7.08,7.17,7.08,7.17,20
2019-09-30,7.17,7.17,7.17,7.17,0
2019-10-01,7.17,7.17,7.17,7.17,0
2019-10-02,7.17,7.17,7.17,7.17,0
2019-10-03,7.16,7.16,7.15,7.15,130
2019-10-04,7.01,7.01,7.01,7.01,260
2019-10-07,7.01,7.01,7.01,7.01,0
2019-10-08,7.49,7.49,7.18,7.18,30
2019-10-09,7.67,7.67,7.01,7.01,250
2019-10-10,7.37,7.49,7.37,7.49,5160
2019-10-11,7.02,8.0,7.02,8.0,20
2019-10-14,8.37,8.37,7.49,7.49,20
2019-10-15,8.0,8.0,7.08,8.0,280
2019-10-16,7.56,7.56,7.56,7.56,290
2019-10-17,7.09,7.09,7.09,7.09,20
2019-10-18,6.88,6.88,6.88,6.88,20
2019-10-21,6.88,6.88,6.88,6.88,0
2019-10-22,6.88,6.88,6.88,6.88,0
2019-10-23,6.88,6.88,6.88,6.88,0
2019-10-24,6.88,6.88,6.88,6.88,0
2019-10-25,6.88,6.88,6.88,6.88,0
2019-10-28,6.88,6.88,6.88,6.88,0
2019-10-29,6.88,6.88,6.88,6.88,0
2019-10-30,6.88,6.88,6.88,6.88,0
2019-10-31,7.36,7.36,6.6,6.6,60
2019-11-01,6.6,6.6,6.6,6.6,0
2019-11-04,6.6,6.6,6.6,6.6,0
2019-11-05,6.6,6.6,6.6,6.6,0
2019-11-06,7.06,7.06,6.61,6.61,110
2019-11-07,6.61,6.61,6.61,6.61,0
2019-11-08,6.61,6.61,6.61,6.61,0
2019-11-11,6.61,6.61,6.61,6.61,0
2019-11-12,6.61,6.61,6.61,6.61,0
2019-11-13,6.61,6.61,6.61,6.61,0
2019-11-14,6.61,6.61,6.61,6.61,0
2019-11-15,6.61,6.61,6.61,6.61,0
2019-11-18,7.07,7.07,7.07,7.07,10
2019-11-19,6.67,6.67,6.67,6.67,10
2019-11-20,7.14,7.14,7.14,7.14,100
2019-11-21,7.63,7.63,7.63,7.63,11030
2019-11-22,7.15,7.15,7.15,7.15,10
2019-11-25,7.63,7.63,7.13,7.13,70
2019-11-26,7.13,7.13,7.13,7.13,0
2019-11-27,7.13,7.13,7.13,7.13,0
2019-11-28,7.56,7.56,7.56,7.56,7800
2019-11-29,7.56,7.56,7.56,7.56,0
2019-12-02,7.12,7.12,7.12,7.12,10
2019-12-03,7.12,7.12,7.12,7.12,0
2019-12-04,7.12,7.12,7.12,7.12,0
2019-12-05,7.12,7.12,7.12,7.12,0
2019-12-06,7.12,7.12,7.12,7.12,10
2019-12-09,7.12,7.12,7.12,7.12,0
2019-12-10,7.52,7.52,7.52,7.52,730
2019-12-11,7.52,7.52,7.52,7.52,0
2019-12-12,7.18,7.18,7.18,7.18,10
2019-12-13,7.37,7.37,7.37,7.37,170
2019-12-16,7.37,7.37,7.37,7.37,0
2019-12-17,7.08,7.08,7.08,7.08,10
2019-12-18,7.08,7.08,7.08,7.08,0
2019-12-19,6.59,6.59,6.59,6.59,10
2019-12-20,6.59,6.59,6.59,6.59,60
2019-12-23,6.59,6.59,6.59,6.59,0
2019-12-24,6.59,6.59,6.59,6.59,0
2019-12-25,7.05,7.05,7.05,7.05,10
2019-12-26,6.64,7.52,6.64,6.64,40
2019-12-27,6.64,6.64,6.64,6.64,0
2019-12-30,6.64,6.64,6.64,6.64,0
2019-12-31,7.11,7.11,7.11,7.11,560
2020-01-02,7.6,7.6,7.6,7.6,100
2020-01-03,7.06,8.04,7.06,7.09,40
2020-01-06,7.56,7.56,7.56,7.56,50
2020-01-07,7.56,7.56,7.56,7.56,0
2020-01-08,8.07,8.07,8.07,8.07,10
2020-01-09,8.48,8.48,7.52,7.52,20
2020-01-10,8.04,8.04,7.74,7.74,28640
2020-01-13,7.2,7.2,7.2,7.2,10
2020-01-14,7.2,7.2,7.2,7.2,0
2020-01-15,7.08,7.08,6.7,6.7,50
2020-01-16,6.7,6.7,6.7,6.7,0
2020-01-17,6.7,6.7,6.7,6.7,0
2020-01-20,6.7,6.7,6.7,6.7,0
2020-01-21,6.7,6.7,6.7,6.7,0
2020-01-22,6.7,6.7,6.7,6.7,0
2020-01-30,6.7,6.7,6.7,6.7,0
2020-01-31,7.01,7.01,6.64,6.64,130
2020-02-03,7.1,7.1,6.18,6.18,20
2020-02-04,5.9,5.9,5.9,5.9,10
2020-02-05,5.53,5.53,5.53,5.53,10
2020-02-06,5.53,5.53,5.53,5.53,0
2020-02-07,5.53,5.53,5.53,5.53,0
2020-02-10,5.91,5.91,5.54,5.54,40
2020-02-11,5.54,5.54,5.54,5.54,0
2020-02-12,5.54,5.54,5.54,5.54,0
2020-02-13,5.16,5.16,5.16,5.16,20
2020-02-14,5.16,5.16,5.16,5.16,0
2020-02-17,5.16,5.16,5.16,5.16,0
2020-02-18,5.16,5.16,5.16,5.16,0
2020-02-19,5.16,4.96,4.96,4.96,0
2020-02-20,4.96,4.96,4.96,4.96,0
2020-02-21,4.96,4.96,4.96,4.96,0
2020-02-24,4.96,4.96,4.96,4.96,0
2020-02-25,4.87,4.87,4.87,4.87,10
2020-02-26,4.72,4.72,4.72,4.72,10
2020-02-27,4.42,4.42,4.42,4.42,10
2020-02-28,4.42,4.42,4.42,4.42,0
2020-03-02,4.42,4.42,4.42,4.42,0
2020-03-03,4.73,4.73,4.73,4.73,10
2020-03-04,4.73,4.73,4.73,4.73,0
2020-03-05,5.06,5.06,5.06,5.06,10
2020-03-06,5.06,5.06,5.06,5.06,0
2020-03-09,5.41,5.41,5.41,5.41,10
2020-03-10,5.41,5.41,5.41,5.41,0
2020-03-11,5.79,5.79,5.79,5.79,10
2020-03-12,5.9,5.9,5.9,5.9,10
2020-03-13,5.9,5.9,5.9,5.9,0
2020-03-16,6.31,6.31,5.9,5.9,20
2020-03-17,5.9,5.9,5.9,5.9,0
2020-03-18,5.9,5.9,5.9,5.9,0
2020-03-19,5.49,5.49,5.49,5.49,10
2020-03-20,5.49,5.49,5.49,5.49,0
2020-03-23,5.1,5.1,5.1,5.1,10
2020-03-24,4.75,4.75,4.75,4.75,10
2020-03-25,4.75,4.75,4.75,4.75,0
2020-03-26,4.75,4.75,4.75,4.75,0
2020-03-27,4.42,4.42,4.42,4.42,10
2020-03-30,4.11,4.11,4.11,4.11,10
2020-03-31,3.83,3.83,3.83,3.83,10
2020-04-01,3.83,3.83,3.83,3.83,0
2020-04-03,3.83,3.83,3.83,3.83,0
2020-04-06,3.83,3.83,3.83,3.83,0
2020-04-07,3.83,3.83,3.83,3.83,0
2020-04-08,3.56,3.56,3.56,3.56,10
2020-04-09,3.56,3.56,3.56,3.56,0
2020-04-10,3.56,3.56,3.56,3.56,0
2020-04-13,3.56,3.56,3.56,3.56,0
2020-04-14,3.56,3.56,3.56,3.56,0
2020-04-15,3.32,3.32,3.32,3.32,20
2020-04-16,3.32,3.32,3.32,3.32,0
2020-04-17,3.32,3.32,3.32,3.32,0
2020-04-20,3.32,3.32,3.32,3.32,0
2020-04-21,3.32,3.32,3.32,3.32,0
2020-04-22,3.09,3.09,3.09,3.09,10
2020-04-23,2.96,2.96,2.96,2.96,10
2020-04-24,2.96,2.96,2.96,2.96,0
2020-04-27,3.16,3.16,3.16,3.16,10
2020-04-28,3.16,3.16,3.16,3.16,0
2020-04-29,3.38,3.38,3.38,3.38,10
2020-05-04,3.62,3.62,3.62,3.62,20
2020-05-05,3.62,3.62,3.62,3.62,0
2020-05-06,3.62,3.62,3.62,3.62,10
2020-05-07,3.62,3.62,3.62,3.62,0
2020-05-08,3.87,3.87,3.87,3.87,10
2020-05-11,3.87,3.87,3.87,3.87,0
2020-05-12,3.87,3.87,3.87,3.87,0
2020-05-13,3.87,3.87,3.87,3.87,0
2020-05-14,3.87,3.87,3.87,3.87,0
2020-05-15,3.87,3.87,3.87,3.87,0
2020-05-18,4.14,4.14,4.14,4.14,10
2020-05-19,4.42,4.42,4.42,4.42,10
2020-05-20,4.73,4.73,4.73,4.73,10
2020-05-21,4.73,4.73,4.73,4.73,0
2020-05-22,4.73,4.73,4.73,4.73,0
2020-05-25,5.06,5.06,5.06,5.06,10
2020-05-26,5.06,5.06,5.06,5.06,0
2020-05-27,5.41,5.41,5.41,5.41,10
2020-05-28,5.79,5.79,5.04,5.04,20
2020-05-29,5.04,5.04,5.04,5.04,0
2020-06-01,5.38,5.38,5.38,5.38,10
2020-06-02,5.38,5.38,5.38,5.38,0
2020-06-03,5.01,5.01,5.01,5.01,10
2020-06-04,5.01,5.01,5.01,5.01,10
2020-06-05,5.35,5.35,5.35,5.35,660
2020-06-08,5.35,5.35,5.35,5.35,0
2020-06-09,5.35,5.35,5.35,5.35,0
2020-06-10,5.72,5.72,5.72,5.72,10
2020-06-11,5.72,5.72,5.72,5.72,10
2020-06-12,5.72,5.72,5.32,5.32,110
2020-06-15,5.69,5.69,5.69,5.69,10
2020-06-16,5.9,6.09,5.9,6.09,20
2020-06-17,6.09,6.09,6.09,6.09,0
2020-06-18,6.51,6.51,6.51,6.51,10
2020-06-19,6.06,6.06,6.06,6.06,10
2020-06-22,6.48,6.48,6.48,6.48,10
2020-06-23,6.93,6.93,6.93,6.93,10
2020-06-24,7.41,7.41,6.45,6.45,40
2020-06-25,6.89,6.89,6.01,6.01,20
2020-06-26,6.42,6.42,6.42,6.42,10
2020-06-29,6.01,6.01,6.01,6.01,10
2020-06-30,6.42,6.42,6.42,6.42,10
2020-07-01,6.86,6.86,6.86,6.86,20
2020-07-02,7.34,7.34,7.34,7.34,20
2020-07-03,7.84,7.84,6.83,6.83,20
2020-07-06,7.3,7.3,7.3,7.3,10
2020-07-07,7.8,7.8,7.53,7.53,20
2020-07-08,7.53,7.53,7.53,7.53,0
2020-07-09,8.06,8.06,7.01,7.01,310
2020-07-10,7.5,7.5,7.5,7.5,30
2020-07-13,7.16,7.16,7.16,7.16,30
2020-07-14,7.16,7.16,7.16,7.16,0
2020-07-15,7.65,7.65,7.65,7.65,30
2020-07-16,8.18,8.18,7.11,7.11,120
2020-07-17,7.11,7.11,7.11,7.11,0
2020-07-20,7.16,7.16,7.16,7.16,1660
2020-07-21,7.16,7.16,7.16,7.16,0
2020-07-22,6.7,6.7,6.7,6.7,10
2020-07-23,6.7,6.7,6.7,6.7,0
2020-07-24,6.7,6.7,6.7,6.7,0
2020-07-27,7.17,7.17,7.17,7.17,760
2020-07-28,7.17,7.17,7.17,7.17,0
2020-07-29,7.65,7.65,6.67,6.67,20
2020-07-30,6.67,6.67,6.67,6.67,0
2020-07-31,7.13,7.13,7.13,7.13,30
2020-08-03,7.61,7.61,6.78,7.14,3000
2020-08-04,7.61,7.61,6.93,6.93,20
2020-08-05,7.41,7.41,7.41,7.41,10
2020-08-06,7.38,7.91,7.38,7.42,520
2020-08-07,7.42,7.42,7.42,7.42,0
2020-08-10,6.97,6.97,6.97,6.97,10
2020-08-11,7.45,7.45,7.45,7.45,40
2020-08-12,7.95,7.95,7.46,7.46,20
2020-08-13,7.53,7.95,7.53,7.53,60
2020-08-14,8.06,8.06,8.06,8.06,20
2020-08-17,8.59,8.59,7.61,7.61,20
2020-08-18,7.61,7.61,7.61,7.61,0
2020-08-19,8.14,8.14,8.14,8.14,10
2020-08-20,8.7,8.7,8.7,8.7,70
2020-08-21,9.31,9.31,8.1,8.1,280
2020-08-24,8.67,8.67,8.67,8.67,10
2020-08-25,9.27,9.27,8.06,8.21,140
2020-08-26,8.78,8.78,8.74,8.74,640
2020-08-27,8.29,9.34,8.14,8.97,100
2020-08-28,8.97,8.97,8.51,8.51,510
2020-08-31,9.08,9.08,9.08,9.08,180
2020-09-01,9.08,9.08,9.08,9.08,0
2020-09-03,8.48,8.48,8.48,8.48,10
2020-09-04,8.44,8.44,7.91,7.91,40
2020-09-07,7.36,8.44,7.36,7.36,560
2020-09-08,6.85,6.85,6.85,6.85,20
2020-09-09,6.85,6.85,6.85,6.85,0
2020-09-10,6.4,6.4,6.4,6.4,10
2020-09-11,6.85,6.85,6.85,6.85,10
2020-09-14,6.37,7.32,6.37,7.32,40
2020-09-15,7.84,7.84,7.84,7.84,10
2020-09-16,7.84,7.84,7.84,7.84,10
2020-09-17,8.06,8.36,8.06,8.36,40
2020-09-18,7.8,7.8,7.8,7.8,10
2020-09-21,8.33,8.33,7.26,7.26,20
2020-09-22,7.26,7.76,7.26,7.76,20
2020-09-23,7.22,8.29,7.22,8.29,110
2020-09-24,8.85,8.85,8.85,8.85,10
2020-09-25,8.25,8.25,8.25,8.25,10
2020-09-28,8.44,8.44,7.69,7.69,20
2020-09-29,7.69,7.69,7.16,7.16,40
2020-09-30,6.66,6.66,6.66,6.66,10
2020-10-01,6.66,6.66,6.66,6.66,0
2020-10-02,6.66,6.66,6.66,6.66,0
2020-10-05,6.66,6.66,6.66,6.66,0
2020-10-06,6.26,6.32,6.26,6.26,130
2020-10-07,6.28,6.28,6.27,6.28,510
2020-10-08,6.71,6.71,6.71,6.71,10
2020-10-09,6.72,6.72,6.72,6.72,10
2020-10-12,6.56,7.19,6.25,6.25,170
2020-10-13,6.25,6.25,6.25,6.25,0
2020-10-14,5.82,5.82,5.82,5.82,10
2020-10-15,5.82,5.82,5.82,5.82,0
2020-10-16,6.22,6.22,6.22,6.22,10
2020-10-19,6.22,6.22,6.22,6.22,0
2020-10-20,6.65,6.65,6.65,6.65,330
2020-10-21,6.21,6.77,6.21,6.41,150
2020-10-22,6.86,6.86,5.97,6.86,180
2020-10-23,7.32,7.32,7.32,7.32,10
2020-10-26,6.81,6.81,6.81,6.81,20
2020-10-27,6.42,6.42,6.42,6.42,90
2020-10-28,6.42,6.42,6.42,6.42,0
2020-10-29,5.98,6.86,5.98,6.86,3490
2020-10-30,7.34,7.34,6.52,6.52,310
2020-11-02,6.97,6.97,6.97,6.97,10
2020-11-03,7.45,7.45,6.49,6.49,3510
2020-11-04,6.94,6.94,6.94,6.94,80
2020-11-05,6.5,6.5,6.49,6.5,2360
2020-11-06,6.95,6.95,6.95,6.95,10
2020-11-09,7.43,7.43,7.43,7.43,10
2020-11-10,7.84,7.95,6.92,6.92,8670
2020-11-11,6.5,7.4,6.5,7.4,20
2020-11-12,6.89,7.91,6.89,7.91,20
2020-11-13,8.44,8.44,8.44,8.44,290
2020-11-16,8.44,9.0,8.44,8.97,1020
2020-11-17,9.57,9.57,9.53,9.53,1090
2020-11-18,10.17,10.17,8.89,8.89,90
2020-11-19,9.49,9.49,9.49,9.49,10
2020-11-20,10.13,10.13,9.72,9.72,1280
2020-11-23,10.4,10.4,9.04,9.04,170
2020-11-24,8.44,8.44,8.44,8.44,500
2020-11-25,9.0,9.0,7.87,7.87,160
2020-11-26,7.46,7.95,7.46,7.95,430
2020-11-27,7.99,7.99,7.99,7.99,1010
2020-11-30,7.99,7.99,7.99,7.99,0
2020-12-01,7.43,7.43,7.43,7.43,20
2020-12-02,7.43,7.43,7.43,7.43,0
2020-12-03,6.93,6.93,6.93,6.93,10
2020-12-04,7.23,7.41,7.23,7.23,500
2020-12-07,7.23,7.23,7.23,7.23,0
2020-12-08,7.72,7.72,7.72,7.72,10
2020-12-09,8.25,8.25,8.25,8.25,1000
2020-12-10,8.82,8.82,8.82,8.82,540
2020-12-11,9.34,9.34,9.04,9.04,130
2020-12-14,9.64,9.64,9.04,9.61,730
2020-12-15,10.25,10.25,8.97,8.97,60
2020-12-16,9.57,9.57,8.36,8.36,4280
2020-12-17,7.8,8.78,7.8,8.78,8890
2020-12-18,9.38,9.38,8.21,8.89,300
2020-12-21,9.19,9.19,9.19,9.19,10
2020-12-22,8.55,8.55,8.55,8.55,3010
2020-12-23,8.55,8.55,7.99,8.48,6550
2020-12-24,8.48,8.48,8.48,8.48,0
2020-12-25,7.91,7.91,7.91,7.91,4980
2020-12-28,7.91,8.02,7.36,7.37,22020
2020-12-29,6.86,7.84,6.86,7.76,173670
2020-12-30,7.22,7.53,7.22,7.28,133940
2020-12-31,7.52,7.69,6.77,7.69,75960
2021-01-04,7.15,7.38,7.15,7.37,25000
2021-01-05,7.37,7.46,6.86,7.46,15200
2021-01-06,7.23,7.47,7.16,7.47,500
2021-01-07,7.47,7.5,7.27,7.31,16000
2021-01-08,7.5,7.53,7.09,7.53,10800
2021-01-11,7.5,7.53,7.5,7.53,2200
2021-01-12,7.53,7.53,7.53,7.53,4700
2021-01-13,7.53,7.76,7.52,7.76,1500
2021-01-14,7.84,7.84,7.23,7.23,11600
2021-01-15,7.53,7.72,7.32,7.32,4300
2021-01-18,7.05,7.69,7.05,7.17,180300
2021-01-19,7.65,7.65,7.18,7.18,6100
2021-01-20,7.18,7.65,7.18,7.61,25900
2021-01-21,7.61,7.69,7.53,7.53,12300
2021-01-22,7.08,7.61,7.08,7.17,16900
2021-01-25,7.23,7.65,7.18,7.19,31400
2021-01-26,7.19,7.19,7.19,7.19,0
2021-01-27,7.19,7.19,7.19,7.19,0
2021-01-28,7.61,7.69,6.71,7.69,11500
2021-01-29,8.21,8.21,7.16,7.18,6600
2021-02-01,7.18,7.18,7.18,7.18,0
2021-02-02,7.18,7.18,7.18,7.18,0
2021-02-03,7.2,7.65,7.2,7.65,900
2021-02-04,7.17,7.38,7.17,7.38,900
2021-02-05,7.38,7.38,7.38,7.38,0
2021-02-08,6.89,6.89,6.89,6.89,500
2021-02-09,6.42,6.43,6.42,6.43,1500
2021-02-17,6.87,6.87,6.87,6.87,200
2021-02-18,7.35,7.35,7.35,7.35,500
2021-02-19,7.84,7.84,6.9,7.84,4400
2021-02-22,8.25,8.25,7.65,7.65,4800
2021-02-23,7.65,7.65,7.65,7.65,0
2021-02-24,7.65,7.65,7.65,7.65,0
2021-02-25,7.65,7.65,7.65,7.65,200
2021-02-26,7.65,7.65,7.65,7.65,0
2021-03-01,7.13,7.53,7.13,7.53,400
2021-03-02,7.53,7.53,7.53,7.53,0
2021-03-03,7.31,7.31,7.31,7.31,100
2021-03-04,7.31,7.31,7.31,7.31,0
2021-03-05,7.8,7.8,7.8,7.8,800
2021-03-08,8.33,8.33,7.47,7.47,3400
2021-03-09,7.47,7.47,7.47,7.47,0
2021-03-10,7.47,7.47,7.47,7.47,0
2021-03-11,7.47,7.47,7.01,7.47,400
2021-03-12,7.02,7.11,7.02,7.11,300
2021-03-15,7.57,7.57,7.57,7.57,200
2021-03-16,7.57,7.57,7.57,7.57,0
2021-03-17,7.57,7.57,7.57,7.57,100
2021-03-18,7.57,7.57,7.57,7.57,400
2021-03-19,7.57,7.57,7.57,7.57,0
2021-03-22,8.06,8.06,8.06,8.06,100
2021-03-23,8.06,8.29,8.06,8.14,447300
2021-03-24,8.29,8.29,8.29,8.29,200000
2021-03-25,8.51,8.51,8.51,8.51,100
2021-03-26,8.29,8.29,8.02,8.02,80100
2021-03-29,8.29,8.29,8.29,8.29,5300
2021-03-30,8.29,8.29,7.72,7.72,80600
2021-03-31,7.91,7.91,7.76,7.76,300
2021-04-01,7.76,7.76,7.76,7.76,0
2021-04-02,7.23,8.29,7.22,8.29,10400
2021-04-05,8.21,8.85,8.21,8.85,3000
2021-04-06,9.46,9.46,8.29,9.46,1200
2021-04-07,8.82,8.82,8.82,8.82,4100
2021-04-08,8.82,8.82,8.21,8.21,9300
2021-04-09,8.1,8.1,7.65,7.91,3800
2021-04-12,7.69,7.69,7.69,7.69,400
2021-04-13,7.69,7.76,7.69,7.69,500
2021-04-14,7.65,7.69,7.65,7.69,6200
2021-04-15,7.84,7.84,7.23,7.23,3800
2021-04-16,7.72,7.72,7.65,7.72,5800
2021-04-19,7.91,8.1,7.91,8.1,1800
2021-04-20,7.65,7.69,7.65,7.69,600
2021-04-22,7.69,7.69,7.69,7.69,0
2021-04-23,7.69,8.21,7.39,8.21,5100
2021-04-26,8.67,8.67,7.65,7.76,400
2021-04-27,7.76,7.76,7.32,7.32,3400
2021-04-28,7.8,7.8,7.19,7.19,900
2021-04-29,7.19,7.65,6.79,7.65,1200
2021-05-04,7.16,8.18,7.16,8.18,11400
2021-05-05,8.18,8.18,8.18,8.18,700
2021-05-06,8.44,8.44,7.91,7.91,1200
2021-05-07,7.69,7.69,7.69,7.69,1300
2021-05-10,7.17,7.69,7.17,7.69,600
2021-05-11,7.24,7.24,7.24,7.24,100
2021-05-12,7.57,7.57,7.57,7.57,100
2021-05-13,7.53,8.1,7.53,7.61,3500
2021-05-14,8.14,8.14,8.14,8.14,8800
2021-05-17,8.7,8.7,8.33,8.7,11200
2021-05-18,9.23,9.27,8.21,8.21,3800
2021-05-19,7.72,7.72,7.72,7.72,100
2021-05-20,7.24,7.25,7.24,7.25,300
2021-05-21,7.53,7.72,7.53,7.72,1600
2021-05-24,8.25,8.25,7.53,8.25,700
2021-05-25,8.78,8.78,7.76,8.29,600
2021-05-26,8.4,8.4,8.4,8.4,100
2021-05-27,8.74,8.74,8.74,8.74,100
2021-05-28,8.14,8.21,8.14,8.21,6900
2021-05-31,7.65,7.69,7.65,7.69,700
2021-06-01,7.69,7.69,7.69,7.69,500
2021-06-02,7.57,7.61,7.57,7.61,200
2021-06-03,7.61,8.02,7.61,8.02,1100
2021-06-04,8.02,8.06,7.72,7.72,4200
2021-06-07,7.53,7.87,7.53,7.87,200
2021-06-08,7.69,8.18,7.69,8.18,3700
2021-06-09,8.18,8.18,8.18,8.18,0
2021-06-10,8.14,8.18,7.69,7.76,800
2021-06-11,7.76,7.76,7.76,7.76,900
2021-06-14,7.76,7.76,7.76,7.76,0
2021-06-15,7.27,7.27,7.27,7.27,500
2021-06-16,7.38,7.38,7.38,7.38,1500
2021-06-17,7.87,7.87,7.87,7.87,800
2021-06-18,8.18,8.21,7.57,8.21,5000
2021-06-21,8.18,8.18,7.72,7.8,1600
2021-06-22,8.29,8.29,7.69,7.69,1200
2021-06-23,7.32,7.32,7.32,7.32,500
2021-06-24,7.4,7.8,7.4,7.8,1200
2021-06-25,7.8,7.8,7.8,7.8,0
2021-06-28,7.8,8.29,7.5,8.29,1800
2021-06-29,7.72,8.29,7.72,8.06,29000
2021-06-30,8.06,8.06,8.06,8.06,0
2021-07-01,7.99,7.99,7.99,7.99,100
2021-07-02,8.18,8.25,8.18,8.25,4100
2021-07-05,8.14,8.14,8.14,8.14,200
2021-07-06,8.29,8.36,8.29,8.29,1700
2021-07-07,7.8,7.8,7.8,7.8,100
2021-07-08,7.8,7.8,7.8,7.8,0
2021-07-09,7.79,7.79,7.79,7.79,0
2021-07-12,7.79,7.79,7.79,7.79,0
2021-07-13,7.96,7.96,7.96,7.96,100
2021-07-14,7.5,7.5,7.5,7.5,100
2021-07-15,7.5,7.5,7.5,7.5,0
2021-07-16,8.0,8.0,8.0,8.0,100
2021-07-19,8.0,8.0,8.0,8.0,0
2021-07-20,8.55,8.55,8.55,8.55,100
2021-07-21,8.55,8.55,8.55,8.55,0
2021-07-22,8.08,8.08,8.08,8.08,100
2021-07-23,8.59,8.59,8.59,8.59,100
2021-07-26,8.59,8.59,8.59,8.59,1000
2021-07-27,8.59,8.59,8.55,8.59,3500
2021-07-28,8.59,8.59,8.59,8.59,0
2021-07-29,8.59,8.59,8.59,8.59,0
2021-07-30,8.59,8.59,8.59,8.59,0
2021-08-02,8.59,8.59,8.59,8.59,0
2021-08-03,8.59,8.59,8.59,8.59,0
2021-08-04,8.59,8.59,8.59,8.59,0
2021-08-05,8.59,8.59,8.59,8.59,0
2021-08-06,8.59,8.59,8.59,8.59,200
2021-08-09,8.59,8.59,8.59,8.59,1000
2021-08-10,8.75,9.19,8.28,8.28,2100
2021-08-11,7.73,8.83,7.73,8.75,1400
2021-08-12,8.91,8.91,8.91,8.91,400
2021-08-13,8.91,8.91,8.91,8.91,0
2021-08-16,8.47,8.47,8.47,8.47,300
2021-08-17,8.43,8.59,8.43,8.59,1000
2021-08-18,8.59,8.59,8.59,8.59,0
2021-08-19,8.59,8.59,8.16,8.16,1100
2021-08-20,8.16,8.16,8.16,8.16,0
2021-08-23,8.28,8.71,8.28,8.71,1600
2021-08-24,8.24,8.28,8.2,8.28,1600
2021-08-25,8.83,8.83,8.83,8.83,100
2021-08-26,8.83,8.83,8.83,8.83,0
2021-08-27,8.83,8.83,8.83,8.83,0
2021-08-30,8.63,8.63,8.28,8.28,1600
2021-08-31,8.83,8.83,8.83,8.83,800
2021-09-01,9.43,9.43,9.43,9.43,3100
2021-09-06,10.07,10.07,10.07,10.07,2700
2021-09-07,10.5,10.54,9.39,9.39,4700
2021-09-08,8.75,10.03,8.75,8.83,600
2021-09-09,8.55,9.43,8.55,9.43,700
2021-09-10,9.55,9.55,8.83,9.55,2300
2021-09-13,9.55,9.55,9.55,9.55,1900
2021-09-14,9.55,9.55,9.55,9.55,0
2021-09-15,9.51,9.55,9.39,9.39,2500
2021-09-16,9.39,9.63,8.91,9.63,1100
2021-09-17,9.55,9.55,9.55,9.55,100
2021-09-20,9.55,9.55,9.55,9.55,0
2021-09-21,9.07,9.07,9.07,9.07,100
2021-09-22,9.07,9.07,9.07,9.07,300
2021-09-23,9.07,9.15,9.07,9.07,7300
2021-09-24,9.07,9.07,9.07,9.07,4300
2021-09-27,9.19,9.19,9.15,9.15,3600
2021-09-28,9.15,9.15,9.15,9.15,1400
2021-09-29,9.15,9.55,9.15,9.55,3100
2021-09-30,9.15,9.55,9.15,9.39,1100
2021-10-01,10.03,10.03,10.03,10.03,2800
2021-10-04,10.7,10.7,10.66,10.66,34200
2021-10-05,10.66,10.66,10.66,10.66,0
2021-10-06,9.95,9.95,9.95,9.95,2600
2021-10-07,9.95,9.95,9.27,9.59,3100
2021-10-08,8.99,9.31,8.99,9.31,2800
2021-10-11,9.39,9.95,9.39,9.87,2200
2021-10-12,10.27,10.27,10.27,10.27,300
2021-10-13,10.03,10.23,9.55,10.23,17200
2021-10-14,10.23,10.23,10.23,10.23,0
2021-10-15,10.27,10.34,10.23,10.34,14200
2021-10-18,10.23,11.06,10.23,10.42,10400
2021-10-19,10.46,11.14,10.46,11.14,9600
2021-10-20,11.54,11.9,10.38,11.86,11400
2021-10-21,11.86,12.65,11.22,12.65,15500
2021-10-22,12.65,12.65,11.78,12.65,10000
2021-10-25,11.78,12.65,11.78,11.78,3500
2021-10-26,11.62,11.62,10.98,11.3,6700
2021-10-27,11.94,11.94,10.54,11.5,44300
2021-10-28,11.5,11.5,10.7,11.38,12700
2021-10-29,11.22,11.42,10.82,11.42,11000
2021-11-01,10.78,11.46,10.78,10.86,7900
2021-11-02,10.86,10.98,10.86,10.86,7500
2021-11-03,10.86,10.98,10.86,10.86,11100
2021-11-04,10.78,10.78,10.74,10.74,1300
2021-11-05,10.46,11.06,10.46,10.98,19300
2021-11-08,11.06,11.5,11.06,11.46,15600
2021-11-09,11.46,11.46,11.14,11.3,4000
2021-11-10,11.26,11.26,10.74,10.86,4600
2021-11-11,10.82,10.86,10.74,10.86,13600
2021-11-12,11.26,11.26,10.74,11.14,11800
2021-11-15,11.14,11.22,10.9,11.14,21500
2021-11-16,10.9,11.14,10.74,10.94,8900
2021-11-17,10.86,11.3,10.86,10.9,13600
2021-11-18,10.9,10.98,10.9,10.94,18400
2021-11-19,10.86,11.3,10.86,10.94,19000
2021-11-22,10.98,11.62,10.94,11.42,22900
2021-11-23,11.42,11.42,10.62,10.66,6500
2021-11-24,10.82,11.38,10.82,11.34,3500
2021-11-25,11.34,11.38,10.86,11.38,13100
2021-11-26,10.9,11.34,10.86,10.86,6500
2021-11-29,11.1,11.18,10.74,10.9,16900
2021-11-30,10.94,10.98,10.94,10.98,4700
2021-12-01,10.98,11.14,10.82,10.82,3500
2021-12-02,10.82,10.82,10.78,10.78,3100
2021-12-03,10.78,10.98,10.38,10.98,5600
2021-12-06,10.94,10.94,10.38,10.86,300
2021-12-07,10.86,10.86,10.86,10.86,600
2021-12-08,10.86,10.86,10.62,10.62,800
2021-12-09,11.02,11.06,10.58,10.58,13200
2021-12-10,10.58,11.06,10.58,10.62,11000
2021-12-13,10.9,10.9,10.42,10.42,1100
2021-12-14,10.46,11.02,10.34,11.02,14300
2021-12-15,11.02,11.02,10.5,10.5,300
2021-12-16,10.54,10.54,10.54,10.54,500
2021-12-17,10.58,10.58,10.54,10.54,1000
2021-12-20,10.34,11.06,10.34,10.54,4400
2021-12-21,11.06,11.06,11.06,11.06,500
2021-12-22,11.06,11.06,11.02,11.02,400
2021-12-23,10.38,10.38,10.38,10.38,100
2021-12-24,10.38,11.02,10.38,10.46,2500
2021-12-27,10.34,10.42,10.34,10.38,500
2021-12-28,10.38,11.02,10.38,10.5,3600
2021-12-29,10.5,11.1,10.5,10.5,800
2021-12-30,10.98,11.06,10.46,10.46,6800
2021-12-31,11.06,11.06,10.46,10.5,2300
2022-01-04,11.1,11.1,11.1,11.1,2100
2022-01-05,10.5,11.1,10.46,10.54,16100
2022-01-06,10.34,10.34,10.34,10.34,100
2022-01-07,10.34,10.34,10.34,10.34,1000
2022-01-10,10.34,11.02,10.34,11.02,18500
2022-01-11,10.5,11.02,10.5,10.5,3600
2022-01-12,11.1,11.14,10.46,11.06,900
2022-01-13,10.98,10.98,10.5,10.5,200
2022-01-14,10.94,11.06,10.38,10.42,10800
2022-01-17,10.38,10.46,10.38,10.46,1000
2022-01-18,9.79,9.95,9.79,9.95,900
2022-01-19,9.95,9.95,9.95,9.95,100
2022-01-20,9.95,10.58,9.95,10.58,6300
2022-01-21,10.58,10.58,10.58,10.58,100
2022-01-24,10.03,10.03,10.03,10.03,100
2022-01-25,10.66,10.7,10.07,10.07,1500
2022-01-26,10.11,10.11,10.11,10.11,100
2022-01-27,10.03,10.03,10.03,10.03,100
2022-01-28,10.03,10.03,10.03,10.03,0
2022-02-07,10.11,10.11,10.11,10.11,100
2022-02-08,10.11,10.11,10.11,10.11,0
2022-02-09,10.11,10.11,10.11,10.11,0
2022-02-10,10.27,10.27,10.27,10.27,1000
2022-02-11,10.27,10.27,10.27,10.27,0
2022-02-14,10.66,10.7,10.66,10.7,200
2022-02-15,10.7,10.7,10.7,10.7,0
2022-02-16,10.7,10.7,10.7,10.7,0
2022-02-17,10.34,11.1,10.34,11.1,200
2022-02-18,10.5,10.5,10.5,10.5,100
2022-02-21,10.5,11.14,10.42,10.42,300
2022-02-22,10.38,10.38,10.38,10.38,100
2022-02-23,11.06,11.06,10.15,10.15,200
2022-02-24,10.74,10.82,10.74,10.82,4200
2022-02-25,11.54,11.54,10.9,11.54,3900
2022-02-28,11.94,11.94,11.54,11.54,4700
2022-03-01,11.54,11.54,11.5,11.5,600
2022-03-02,10.7,12.1,10.7,11.82,5400
2022-03-03,11.78,11.94,11.02,11.02,2700
2022-03-04,11.46,11.78,10.34,11.78,25700
2022-03-07,12.57,12.57,12.57,12.57,18100
2022-03-08,13.45,13.45,13.45,13.45,15600
2022-03-09,14.08,14.08,12.81,14.08,37500
2022-03-10,15.04,15.04,14.32,15.04,33800
2022-03-11,16.07,16.07,14.01,15.91,63600
2022-03-14,15.2,16.55,14.8,15.12,29900
2022-03-15,15.08,15.08,14.08,14.08,3500
2022-03-16,13.13,13.93,13.13,13.29,57400
2022-03-17,12.73,13.29,12.37,12.73,29400
2022-03-18,12.73,13.29,12.73,13.21,8100
2022-03-21,12.73,13.53,12.73,12.93,19900
2022-03-22,13.13,13.13,12.45,12.89,49300
2022-03-23,12.89,13.77,12.73,13.77,51200
2022-03-24,14.01,14.72,14.01,14.32,69500
2022-03-25,14.08,15.31,14.08,15.31,93800
2022-03-28,15.31,15.55,14.49,14.9,104700
2022-03-29,14.9,14.9,14.65,14.65,57600
2022-03-30,14.36,14.36,13.63,13.63,28600
2022-03-31,12.73,13.91,12.69,13.59,53100
2022-04-01,13.1,13.91,12.65,13.46,19400
2022-04-04,13.46,13.46,12.52,13.34,22300
2022-04-05,13.22,13.22,12.52,12.56,19300
2022-04-06,12.73,13.06,12.32,12.77,10000
2022-04-07,12.77,12.77,11.99,12.28,27200
2022-04-08,12.36,12.48,12.11,12.11,13200
2022-04-12,12.65,12.65,11.34,11.46,12000
2022-04-13,10.97,11.87,10.72,11.34,17900
2022-04-14,11.34,11.83,11.34,11.83,26000
2022-04-15,12.36,12.36,11.46,11.5,15900
2022-04-18,11.5,11.5,10.76,10.85,10300
2022-04-19,11.46,11.54,10.64,10.89,9900
2022-04-20,10.89,11.46,10.89,11.38,10600
2022-04-21,11.42,11.42,10.8,11.05,6000
2022-04-22,11.42,11.46,10.89,11.05,14800
2022-04-25,11.46,11.46,10.48,10.64,5400
2022-04-26,9.99,11.3,9.99,10.35,600
2022-04-27,10.35,11.05,10.35,10.8,1700
2022-04-28,11.05,11.05,10.64,10.64,10900
2022-04-29,10.64,11.05,10.64,11.01,6100
2022-05-04,11.62,11.66,10.8,10.85,2300
2022-05-05,11.05,11.05,10.72,10.97,11500
2022-05-06,11.05,11.7,11.05,11.66,7400
2022-05-09,12.28,12.44,11.25,11.25,7200
2022-05-10,10.56,12.03,10.56,10.85,1700
2022-05-11,11.54,11.54,10.97,10.97,7300
2022-05-12,10.89,10.97,10.89,10.97,500
2022-05-13,10.64,11.38,10.27,11.38,2000
2022-05-16,11.05,11.05,10.97,11.05,10300
2022-05-17,11.05,11.05,11.05,11.05,10300
2022-05-18,10.93,11.34,10.93,10.97,800
2022-05-19,11.13,11.7,11.13,11.46,5000
2022-05-20,11.09,11.09,11.09,11.09,700
2022-05-23,10.97,11.42,10.97,11.42,700
2022-05-24,11.38,11.42,11.05,11.05,600
2022-05-25,11.05,11.05,11.05,11.05,300
2022-05-26,11.05,11.13,11.05,11.13,4500
2022-05-27,11.13,11.21,11.13,11.21,200
2022-05-30,11.21,11.21,11.21,11.21,5900
2022-05-31,11.21,11.21,11.21,11.21,1100
2022-06-01,11.21,11.21,11.13,11.13,1400
2022-06-02,11.13,11.13,11.13,11.13,900
2022-06-03,10.68,10.68,10.68,10.68,100
2022-06-06,10.68,11.21,10.64,10.72,1000
2022-06-07,11.05,11.05,10.11,10.97,21800
2022-06-08,10.97,10.97,10.52,10.93,6500
2022-06-09,10.89,10.97,10.89,10.97,1400
2022-06-10,10.35,11.34,10.23,11.17,9500
2022-06-13,10.48,10.48,10.48,10.48,100
2022-06-14,10.44,10.48,9.78,10.44,4800
2022-06-15,9.78,10.76,9.74,9.74,5500
2022-06-16,9.74,9.74,9.41,9.74,3500
2022-06-17,9.82,10.23,9.21,9.33,22000
2022-06-20,9.58,9.62,9.25,9.25,2500
2022-06-21,9.0,9.82,9.0,9.0,1700
2022-06-22,8.64,8.96,8.59,8.96,700
2022-06-23,8.76,9.41,8.76,9.41,3100
2022-06-24,9.45,9.7,9.41,9.7,2000
2022-06-27,10.03,10.23,9.29,9.33,1800
2022-06-28,9.82,9.94,9.45,9.54,2800
2022-06-29,9.58,9.58,9.58,9.58,100
2022-06-30,10.19,10.23,9.62,9.62,500
2022-07-01,9.13,10.27,9.13,10.27,12200
2022-07-04,10.97,10.97,10.27,10.97,400
2022-07-05,11.42,11.42,11.05,11.05,9500
2022-07-06,10.93,11.17,10.93,11.05,7400
2022-07-07,10.64,11.79,10.39,11.79,37100
2022-07-08,11.75,12.08,11.05,12.08,3900
2022-07-11,11.63,11.67,11.63,11.63,1300
2022-07-12,11.55,12.0,10.97,10.97,2600
2022-07-13,10.97,11.63,10.97,11.63,4200
2022-07-14,11.5,12.08,11.5,12.08,5600
2022-07-15,12.42,12.42,12.04,12.42,126600
2022-07-18,12.42,12.42,12.42,12.42,100
2022-07-19,11.59,11.59,11.59,11.59,100
2022-07-20,11.55,11.59,11.55,11.59,500
2022-07-21,10.88,10.88,10.88,10.88,200
2022-07-22,11.01,11.63,11.01,11.59,5800
2022-07-25,10.88,10.88,10.88,10.88,100
2022-07-26,11.55,11.55,11.55,11.55,600
2022-07-27,11.55,11.55,11.55,11.55,0
2022-07-28,11.26,11.26,11.26,11.26,100
2022-07-29,11.22,11.22,11.22,11.22,100
2022-08-01,11.22,11.22,11.22,11.22,0
2022-08-02,11.26,11.26,11.26,11.26,100
2022-08-03,11.01,11.01,11.01,11.01,100
2022-08-04,11.01,11.01,11.01,11.01,0
2022-08-05,11.01,11.01,11.01,11.01,400
2022-08-08,10.97,11.46,10.97,11.46,600
2022-08-09,11.42,11.46,11.42,11.46,700
2022-08-10,11.05,11.26,11.05,11.26,2100
2022-08-11,10.93,10.93,10.93,10.93,200
2022-08-12,10.93,10.93,10.93,10.93,0
2022-08-15,10.93,11.67,10.93,11.67,5100
2022-08-16,11.67,12.42,11.67,12.42,200
2022-08-17,12.42,12.42,12.42,12.42,200
2022-08-18,12.42,12.42,12.42,12.42,0
2022-08-19,12.42,12.42,12.42,12.42,100
2022-08-22,12.42,12.42,12.42,12.42,1400
2022-08-23,11.63,12.33,11.63,12.33,900
2022-08-24,13.08,13.08,13.08,13.08,100
2022-08-25,13.41,13.41,12.5,12.5,1900
2022-08-26,12.42,12.42,12.42,12.42,1500
2022-08-29,11.59,11.63,11.55,11.59,2800
2022-08-30,11.01,12.37,10.93,11.17,1900
2022-08-31,11.22,11.22,11.22,11.22,200
2022-09-05,11.22,11.22,10.51,10.51,9100
2022-09-06,10.55,11.01,10.55,11.01,200
2022-09-07,10.55,10.55,10.55,10.55,100
2022-09-08,10.68,10.68,10.68,10.68,100
2022-09-09,10.51,10.51,10.22,10.22,11000
2022-09-12,10.88,10.88,10.35,10.35,418
2022-09-13,10.22,10.35,10.35,10.35,7
2022-09-14,10.43,10.43,10.43,10.43,100
2022-09-15,10.43,10.43,10.43,10.43,300
2022-09-16,10.76,10.76,10.72,10.76,1253
2022-09-19,10.76,10.76,10.76,10.76,72
2022-09-20,10.1,10.1,10.1,10.1,103
2022-09-21,10.1,10.1,9.97,9.97,200
2022-09-22,9.93,10.55,9.93,10.55,1144
2022-09-23,10.47,10.47,10.47,10.47,190
2022-09-26,10.02,10.02,10.02,10.02,207
2022-09-27,9.93,9.93,9.93,9.93,3755
2022-09-28,10.1,10.1,10.1,10.1,1200
2022-09-29,9.93,9.97,9.93,9.97,400
2022-09-30,9.97,9.97,9.97,9.97,600
2022-10-03,10.02,10.02,9.97,9.97,471
2022-10-04,10.3,10.35,10.3,10.35,2100
2022-10-05,10.02,10.02,10.02,10.02,101
2022-10-06,10.02,10.02,10.02,10.02,2900
2022-10-07,9.97,10.51,9.97,9.97,4400
2022-10-10,9.52,9.52,9.52,9.52,150
2022-10-11,9.27,9.35,9.27,9.35,700
2022-10-12,9.85,9.89,9.85,9.89,2000
2022-10-13,10.47,10.55,10.02,10.02,1308
2022-10-14,10.02,10.02,10.02,10.02,0
2022-10-17,10.1,10.1,10.1,10.1,2000
2022-10-18,10.1,10.1,10.1,10.1,0
2022-10-19,10.1,10.1,10.1,10.1,0
2022-10-20,9.56,9.56,9.56,9.56,100
2022-10-21,9.93,10.22,9.93,9.97,6209
2022-10-24,10.59,10.59,9.48,9.48,900
2022-10-25,9.93,10.14,8.94,8.94,8994
2022-10-26,8.94,8.94,8.94,8.94,0
2022-10-27,8.32,8.32,8.32,8.32,100
2022-10-28,8.9,8.9,8.9,8.9,148
2022-10-31,9.48,9.48,8.77,8.77,6908
2022-11-01,9.35,9.35,8.4,8.4,230
2022-11-02,8.98,8.98,8.98,8.98,100
2022-11-03,8.69,8.69,8.69,8.69,5400
2022-11-04,8.69,8.69,8.69,8.69,0
2022-11-07,8.65,8.65,8.65,8.65,100
2022-11-08,9.23,9.23,8.11,8.11,1700
2022-11-09,8.11,8.11,8.11,8.11,42
2022-11-10,8.65,8.65,7.57,7.57,600
2022-11-11,7.57,7.57,7.57,7.57,0
2022-11-14,7.56,7.56,7.56,7.56,200
2022-11-15,8.08,8.08,7.2,7.2,700
2022-11-16,6.71,6.71,6.71,6.71,100
2022-11-17,7.18,7.18,6.72,6.72,200
2022-11-18,7.18,7.18,7.18,7.18,256
2022-11-21,6.8,7.67,6.8,7.67,300
2022-11-22,7.17,8.2,7.17,8.19,341
2022-11-23,8.19,8.19,8.19,8.19,0
2022-11-24,7.66,7.66,7.66,7.66,100
2022-11-25,7.66,7.66,7.66,7.66,0
2022-11-28,7.66,7.66,7.66,7.66,0
2022-11-29,8.19,8.19,8.19,8.19,108
2022-11-30,8.19,8.19,7.66,7.66,1000
2022-12-01,8.19,8.19,8.19,8.19,441
2022-12-02,7.66,7.66,7.66,7.66,100
2022-12-05,8.19,8.19,8.19,8.19,302
2022-12-06,8.19,8.19,8.19,8.19,0
2022-12-07,8.19,8.19,8.19,8.19,10
2022-12-08,8.73,8.73,7.72,7.72,920
2022-12-09,7.72,7.72,7.72,7.72,0
2022-12-12,7.72,7.72,7.72,7.72,0
2022-12-13,7.72,7.72,7.72,7.72,0
2022-12-14,7.72,7.72,7.22,7.22,400
2022-12-15,7.72,7.72,7.71,7.71,600
2022-12-16,7.71,7.71,7.71,7.71,47
2022-12-19,7.27,7.3,7.27,7.3,200
2022-12-20,7.3,7.3,7.3,7.3,0
2022-12-21,7.3,7.3,7.3,7.3,0
2022-12-22,7.3,7.3,7.3,7.3,0
2022-12-23,7.3,7.3,7.3,7.3,0
2022-12-26,7.3,7.3,7.3,7.3,0
2022-12-27,6.81,6.81,6.81,6.81,500
2022-12-28,6.81,6.81,6.81,6.81,0
2022-12-29,6.81,6.81,6.81,6.81,0
2022-12-30,7.28,7.28,7.28,7.28,1380
2023-01-03,7.78,7.78,7.78,7.78,1965
2023-01-04,8.19,8.32,8.19,8.32,1500
2023-01-05,7.74,7.74,7.74,7.74,100
2023-01-06,7.74,7.74,7.74,7.74,0
2023-01-09,7.74,7.74,7.74,7.74,0
2023-01-10,7.74,7.74,7.74,7.74,0
2023-01-11,7.74,7.74,7.74,7.74,100
2023-01-12,7.2,8.28,7.2,7.49,1200
2023-01-13,7.49,7.49,7.49,7.49,0
2023-01-16,7.0,7.01,7.0,7.01,3100
2023-01-17,7.01,7.01,7.01,7.01,0
2023-01-18,6.73,7.5,6.73,7.5,5500
2023-01-19,8.02,8.02,8.02,8.02,200
2023-01-27,8.53,8.57,7.74,7.74,909
2023-01-30,7.57,7.57,7.57,7.57,100
2023-01-31,8.09,8.1,8.09,8.1,500
2023-02-01,8.1,8.1,8.1,8.1,0
2023-02-02,8.57,8.57,8.57,8.57,1010
2023-02-03,8.53,8.53,8.53,8.53,200
2023-02-06,8.53,8.53,8.53,8.53,10
2023-02-07,8.53,8.53,8.53,8.53,0
2023-02-08,8.53,8.53,8.53,8.53,700
2023-02-09,9.1,9.1,8.53,8.53,2600
2023-02-10,9.1,9.1,7.96,9.1,1200
2023-02-13,9.1,9.1,9.1,9.1,0
2023-02-14,9.1,9.1,9.1,9.1,0
2023-02-15,9.1,9.1,9.1,9.1,0
2023-02-16,9.1,9.1,9.1,9.1,0
2023-02-17,9.1,9.1,9.1,9.1,0
2023-02-20,9.1,9.1,9.1,9.1,0
2023-02-21,9.1,9.1,9.1,9.1,13
2023-02-22,9.1,9.1,9.1,9.1,150
2023-02-23,9.1,9.1,9.1,9.1,0
2023-02-24,9.1,9.1,9.1,9.1,0
2023-02-27,8.53,8.53,8.53,8.53,100
2023-02-28,8.53,8.53,8.53,8.53,0
2023-03-01,8.53,8.53,8.53,8.53,0
2023-03-02,8.53,8.53,8.53,8.53,6
2023-03-03,8.53,8.53,8.53,8.53,0
2023-03-06,9.06,9.06,7.95,7.95,300
2023-03-07,7.86,7.95,7.86,7.95,14800
2023-03-08,7.95,7.95,7.95,7.95,0
2023-03-09,7.86,7.95,7.86,7.95,1300
2023-03-10,7.95,7.95,7.95,7.95,0
2023-03-13,8.36,8.44,8.04,8.04,1500
2023-03-14,8.04,8.04,8.04,8.04,0
2023-03-15,8.04,8.04,8.04,8.04,0
2023-03-16,8.04,8.04,8.04,8.04,0
2023-03-17,8.04,8.04,8.04,8.04,0
2023-03-20,8.04,8.04,8.04,8.04,0
2023-03-21,7.48,7.48,7.48,7.48,300
2023-03-22,7.48,7.48,7.48,7.48,0
2023-03-23,7.24,7.24,7.24,7.24,100
2023-03-24,7.75,7.75,7.75,7.75,1006
2023-03-27,7.75,7.75,7.75,7.75,0
2023-03-28,7.29,8.28,7.29,8.28,1200
2023-03-29,8.28,8.28,8.28,8.28,0
2023-03-30,8.28,8.28,8.28,8.28,500
2023-03-31,7.7,8.86,7.7,7.83,6420
2023-04-03,7.86,7.86,7.86,7.86,100
2023-04-04,7.86,8.4,7.7,8.4,6301
2023-04-05,7.9,7.9,7.9,7.9,124
2023-04-06,8.44,8.44,7.89,7.89,3500
2023-04-07,8.4,8.4,8.4,8.4,200
2023-04-10,8.94,8.98,7.87,7.87,5900
2023-04-11,7.87,7.87,7.87,7.87,0
2023-04-12,8.36,8.36,8.36,8.36,100
2023-04-13,8.32,8.32,8.32,8.32,300
2023-04-14,7.88,7.88,7.88,7.88,3100
2023-04-17,7.88,7.88,7.88,7.88,0
2023-04-18,7.88,7.88,7.88,7.88,0
2023-04-19,7.88,7.88,7.88,7.88,100
2023-04-20,7.88,7.88,7.88,7.88,1
2023-04-21,7.87,7.87,7.87,7.87,300
2023-04-24,7.87,7.87,7.87,7.87,21
2023-04-25,7.87,7.87,7.87,7.87,0
2023-04-26,7.87,7.87,7.87,7.87,0
2023-04-27,7.87,7.87,7.87,7.87,0
2023-04-28,7.87,7.87,7.87,7.87,73
2023-05-04,7.87,7.87,7.87,7.87,0
2023-05-05,8.36,8.4,8.36,8.4,501
2023-05-08,8.4,8.4,8.4,8.4,0
2023-05-09,8.4,8.4,8.4,8.4,0
2023-05-10,8.98,8.98,8.44,8.44,8201
2023-05-11,8.44,8.44,8.44,8.44,0
2023-05-12,8.44,8.44,8.44,8.44,0
2023-05-15,8.44,8.44,8.44,8.44,0
2023-05-16,9.02,9.02,7.96,7.96,5800
2023-05-17,7.96,7.96,7.96,7.96,0
2023-05-18,7.96,7.96,7.96,7.96,0
2023-05-19,7.96,7.96,7.96,7.96,0
2023-05-22,7.96,7.96,7.96,7.96,0
2023-05-23,7.97,7.97,7.97,7.97,190
2023-05-24,7.97,8.53,7.97,8.53,200
2023-05-25,9.1,9.1,7.96,7.96,5900
2023-05-26,8.48,8.48,7.96,8.48,3300
2023-05-29,8.48,8.48,8.48,8.48,0
2023-05-30,8.48,8.48,8.48,8.48,0
2023-05-31,8.48,9.06,8.48,9.06,2800
2023-06-01,9.1,9.1,9.1,9.1,1300
2023-06-02,9.19,9.19,9.1,9.19,804
2023-06-05,9.52,9.81,9.52,9.81,801
2023-06-06,9.85,10.47,9.85,10.43,2100
2023-06-07,11.14,11.14,9.8,9.8,451
2023-06-08,10.47,10.47,10.47,10.47,635
2023-06-09,9.8,9.8,9.8,9.8,277
2023-06-12,9.18,9.27,9.18,9.18,400
2023-06-13,9.8,9.8,9.8,9.8,831
2023-06-14,9.8,9.8,9.31,9.31,203
2023-06-15,9.36,9.36,9.36,9.36,114
2023-06-16,9.36,9.36,9.36,9.36,100
2023-06-19,9.36,9.36,9.36,9.36,0
2023-06-20,9.36,9.36,9.36,9.36,0
2023-06-21,9.36,9.36,9.36,9.36,0
2023-06-22,9.98,9.98,9.8,9.8,300
2023-06-23,9.18,9.18,9.18,9.18,600
2023-06-26,9.63,9.8,9.23,9.23,1315
2023-06-27,9.09,9.09,9.09,9.09,200
2023-06-28,9.09,9.09,9.09,9.09,0
2023-06-29,9.09,9.09,9.09,9.09,0
2023-06-30,9.54,9.54,9.54,9.54,100
2023-07-03,8.96,8.96,8.96,8.96,100
2023-07-04,9.58,9.58,9.0,9.0,3200
2023-07-05,9.0,9.0,9.0,9.0,0
2023-07-06,9.0,9.0,9.0,9.0,400
2023-07-07,9.54,9.63,9.54,9.63,200
2023-07-10,9.63,9.63,9.63,9.63,0
2023-07-11,10.16,10.16,9.0,9.0,1200
2023-07-12,9.63,9.63,8.49,8.49,3400
2023-07-13,8.65,8.65,8.63,8.63,1160
2023-07-14,9.23,9.23,9.23,9.23,502
2023-07-17,9.8,9.85,9.8,9.8,3500
2023-07-18,9.8,9.8,9.8,9.8,0
2023-07-19,9.98,9.98,9.98,9.98,500
2023-07-20,9.4,9.8,9.4,9.8,200
2023-07-21,9.8,9.8,9.8,9.8,0
2023-07-24,9.8,9.8,9.8,9.8,1100
2023-07-25,9.8,9.8,9.8,9.8,0
2023-07-26,9.8,9.8,9.8,9.8,0
2023-07-27,9.89,9.98,9.89,9.89,1300
2023-07-28,9.85,9.85,9.8,9.8,1200
2023-07-31,9.89,9.89,9.89,9.89,300
2023-08-01,9.31,10.16,9.31,10.16,300
2023-08-02,10.16,10.16,10.16,10.16,0
2023-08-03,10.03,10.25,9.94,9.94,400
2023-08-04,9.94,10.61,9.94,10.61,1604
2023-08-07,11.32,11.32,11.32,11.32,3800
2023-08-08,12.08,12.08,12.08,12.08,4620
2023-08-09,12.88,12.88,12.79,12.88,2552
2023-08-10,13.77,13.77,13.64,13.73,3221
2023-08-11,12.79,12.79,12.79,12.79,2461
2023-08-14,11.9,12.48,11.9,12.48,3731
2023-08-15,12.48,12.48,12.48,12.48,95
2023-08-16,12.43,12.48,12.43,12.48,215
2023-08-17,11.63,12.03,11.63,11.63,1582
2023-08-18,12.03,12.03,11.63,11.77,1115
2023-08-21,11.77,11.77,11.77,11.77,146
2023-08-22,10.96,10.96,10.96,10.96,300
2023-08-23,10.21,10.21,10.21,10.21,100
2023-08-24,9.54,9.54,9.54,9.54,100
2023-08-25,9.58,9.58,9.58,9.58,210
2023-08-28,9.36,9.36,9.0,9.0,1500
2023-08-29,9.63,9.63,9.63,9.63,100
2023-08-30,9.85,10.29,9.8,10.29,5533
2023-08-31,11.01,11.01,11.01,11.01,806
2023-09-05,11.77,11.77,11.72,11.77,5139
2023-09-06,10.96,12.48,10.96,12.03,5801
2023-09-07,12.39,12.43,11.23,11.23,5725
2023-09-08,11.85,11.99,11.85,11.99,12066
2023-09-11,12.79,12.79,12.79,12.79,6264
2023-09-12,13.68,13.68,12.03,12.12,5331
2023-09-13,12.17,12.3,12.08,12.17,8103
2023-09-14,11.36,11.36,11.32,11.32,687
2023-09-15,11.59,11.59,11.59,11.59,1200
2023-09-18,11.59,11.59,11.59,11.59,340
2023-09-19,11.59,11.59,10.96,10.96,328
2023-09-20,11.68,11.68,11.68,11.68,310
2023-09-21,10.87,10.87,10.87,10.87,1116
2023-09-22,10.92,11.59,10.87,10.87,7000
2023-09-25,10.87,10.87,10.87,10.87,0
2023-09-26,10.74,10.74,10.16,10.16,1427
2023-09-27,10.16,10.16,10.16,10.16,1303
2023-09-28,10.16,10.16,10.16,10.16,0
2023-09-29,10.16,10.16,10.16,10.16,0
2023-10-02,10.12,10.16,9.67,9.67,1100
2023-10-03,9.67,9.67,9.67,9.67,4004
2023-10-04,9.67,9.67,9.67,9.67,0
2023-10-05,9.67,9.67,9.67,9.67,0
2023-10-06,9.67,9.67,9.67,9.67,1
2023-10-09,10.34,10.34,10.34,10.34,1600
2023-10-10,11.05,11.05,11.05,11.05,700
2023-10-11,11.81,11.81,11.81,11.81,4036
2023-10-12,11.81,12.61,11.81,12.61,7800
2023-10-13,13.37,13.37,12.61,13.37,11081
2023-10-16,13.37,13.9,13.19,13.82,7800
2023-10-17,13.82,13.82,13.82,13.82,104
2023-10-18,12.88,12.88,12.88,12.88,100
2023-10-19,12.84,13.37,11.99,11.99,1100
2023-10-20,11.19,11.99,11.19,11.99,2125
2023-10-23,11.99,11.99,11.99,11.99,301
2023-10-24,11.19,11.99,11.19,11.99,1600
2023-10-25,11.99,11.99,11.99,11.99,0
2023-10-26,11.99,11.99,11.19,11.19,3600
2023-10-27,10.47,11.77,10.47,11.77,5400
2023-10-30,10.96,10.96,10.96,10.96,101
2023-10-31,10.21,11.28,10.21,10.21,7500
2023-11-01,10.21,10.21,10.16,10.16,3100
2023-11-02,10.16,10.61,9.49,10.38,9700
2023-11-03,10.38,10.38,10.38,10.38,910
2023-11-06,10.92,10.92,9.67,10.34,2600
2023-11-07,9.76,10.34,9.72,9.72,3800
2023-11-08,9.72,10.38,9.72,10.38,5300
2023-11-09,10.7,10.7,10.7,10.7,3100
2023-11-10,10.7,10.7,10.7,10.7,4900
2023-11-13,10.7,10.7,10.7,10.7,10
2023-11-14,10.7,10.7,10.7,10.7,201
2023-11-15,10.29,10.38,10.29,10.38,4058
2023-11-16,10.38,10.38,10.38,10.38,0
2023-11-17,10.25,10.25,9.89,9.89,201
2023-11-20,9.94,10.56,9.94,10.56,700
2023-11-21,10.56,10.56,10.29,10.29,500
2023-11-22,10.34,10.52,10.34,10.52,1200
2023-11-23,10.56,10.7,10.56,10.7,702
2023-11-24,10.7,10.7,10.7,10.7,500
2023-11-27,10.7,11.36,10.7,11.36,1901
2023-11-28,12.12,12.12,10.7,10.7,1004
2023-11-29,11.41,11.41,10.7,11.41,433
2023-11-30,12.17,12.17,12.17,12.17,301
2023-12-01,11.41,13.01,11.32,12.17,9805
2023-12-04,11.36,12.17,11.32,12.17,2288
2023-12-05,12.17,12.17,12.17,12.17,0
2023-12-06,11.54,11.54,11.32,11.41,900
2023-12-07,11.41,11.41,11.41,11.41,105
2023-12-08,11.14,11.28,10.7,11.28,7317
2023-12-11,11.14,11.14,10.87,10.87,1600
2023-12-12,11.59,11.59,10.25,10.25,205
2023-12-13,10.34,10.52,10.34,10.52,5000
2023-12-14,10.52,10.52,10.52,10.52,4000
2023-12-15,10.52,10.52,10.43,10.52,4900
2023-12-18,10.52,10.52,10.29,10.43,8763
2023-12-19,11.14,11.14,10.34,10.87,1600
2023-12-20,10.83,10.83,10.83,10.83,500
2023-12-21,10.83,10.83,10.34,10.34,564
2023-12-22,10.34,10.34,10.34,10.34,0
2023-12-25,10.34,10.34,10.34,10.34,700
2023-12-26,10.29,10.83,10.29,10.83,400
2023-12-27,10.83,10.83,10.83,10.83,0
2023-12-28,10.79,11.59,10.79,11.59,16227
2023-12-29,11.59,12.39,11.59,12.3,7364
2024-01-02,13.15,13.15,11.5,12.48,21911
2024-01-03,12.48,13.33,12.48,12.84,1928
2024-01-04,12.75,13.73,11.94,12.92,2513
2024-01-05,12.03,12.84,12.03,12.84,700
2024-01-08,11.94,12.84,11.94,12.21,1000
2024-01-09,11.41,12.21,11.36,12.21,12600
2024-01-10,11.41,11.41,11.36,11.36,3200
2024-01-11,11.36,11.36,11.23,11.23,4103
2024-01-12,11.28,11.28,11.23,11.23,1600
2024-01-15,11.23,11.23,11.23,11.23,0
2024-01-16,10.61,11.19,10.52,11.19,1217
2024-01-17,11.45,11.45,10.43,10.61,3700
2024-01-18,10.61,10.65,10.61,10.61,5000
2024-01-19,10.87,11.32,10.79,11.32,6127
2024-01-22,11.63,11.85,11.59,11.85,4416
2024-01-23,11.68,11.68,11.41,11.54,6915
2024-01-24,11.54,11.54,11.14,11.14,2616
2024-01-25,11.14,11.28,11.14,11.28,3400
2024-01-26,11.28,11.28,11.28,11.28,0
2024-01-29,11.77,11.77,11.05,11.05,7500
2024-01-30,11.14,11.36,11.14,11.36,2300
2024-01-31,11.54,11.54,11.23,11.23,4503
2024-02-01,11.23,11.54,11.23,11.54,3502
2024-02-02,11.54,11.54,11.5,11.5,2113
2024-02-05,11.5,11.5,11.41,11.41,1500
2024-02-06,11.36,11.45,11.36,11.41,1400
2024-02-07,11.59,12.17,11.59,12.03,10800
2024-02-15,11.68,11.68,11.68,11.68,1001
2024-02-16,11.68,11.81,11.59,11.59,5900
2024-02-19,11.59,11.59,11.59,11.59,1903
2024-02-20,11.59,11.59,11.59,11.59,1
2024-02-21,11.59,11.59,11.59,11.59,0
2024-02-22,11.59,11.94,11.59,11.85,2300
2024-02-23,11.85,11.85,11.85,11.85,1
2024-02-26,11.85,11.85,11.85,11.85,0
2024-02-27,11.77,12.17,11.59,12.17,2509
2024-02-28,12.17,12.17,11.94,11.94,2302
2024-02-29,11.94,11.94,11.94,11.94,200
2024-03-01,12.21,12.21,12.21,12.21,102
2024-03-04,12.92,12.92,11.85,12.21,5400
2024-03-05,12.3,12.3,11.94,12.21,2362
2024-03-06,11.94,12.08,11.94,11.94,7000
2024-03-07,11.94,12.39,11.94,12.39,2001
2024-03-08,12.17,12.48,12.12,12.48,1000
2024-03-11,12.48,13.01,12.48,12.57,5501
2024-03-12,12.48,12.75,12.48,12.66,7921
2024-03-13,12.92,13.37,12.75,13.28,15400
2024-03-14,13.1,13.37,12.79,13.37,7239
2024-03-15,12.75,13.82,12.75,13.82,21400
2024-03-18,14.66,14.75,13.82,14.17,28200
2024-03-19,13.37,14.17,13.37,14.17,800
2024-03-20,13.28,14.31,13.28,14.26,1201
2024-03-21,13.37,14.13,13.28,14.13,7500
2024-03-22,14.08,14.13,14.04,14.04,1106
2024-03-25,13.15,13.82,13.15,13.82,400
2024-03-26,13.73,13.73,13.73,13.73,100
2024-03-27,12.79,13.28,12.79,13.28,2100
2024-03-28,12.48,13.55,12.48,13.5,11300
2024-03-29,13.5,13.5,13.5,13.5,0
2024-04-01,13.1,13.1,13.1,13.1,100
2024-04-02,12.3,12.34,12.26,12.26,8800
2024-04-03,12.26,12.48,12.08,12.08,6800
2024-04-04,11.72,11.94,11.72,11.94,600
2024-04-05,11.94,12.43,11.85,12.43,5300
2024-04-08,12.21,12.21,12.03,12.03,4200
2024-04-09,11.68,11.94,11.68,11.9,5300
2024-04-10,12.52,12.7,11.72,11.72,1300
2024-04-11,11.77,11.77,11.72,11.77,4600
2024-04-12,12.34,12.34,11.77,11.77,500
2024-04-15,11.77,11.94,11.59,11.94,1500
2024-04-16,11.32,11.41,11.32,11.36,3000
2024-04-17,11.36,11.36,11.36,11.36,0
2024-04-19,10.79,12.08,10.79,11.05,2400
2024-04-22,11.14,11.77,11.14,11.77,200
2024-04-23,11.72,11.72,11.72,11.72,100
2024-04-24,11.72,12.52,11.01,12.48,2000
2024-04-25,11.72,12.48,11.72,12.48,500
2024-04-26,12.48,12.48,12.12,12.48,12900
2024-05-02,12.21,12.3,12.21,12.21,1600
2024-05-03,12.21,12.21,12.21,12.21,500
2024-05-06,12.3,12.3,12.3,12.3,800
2024-05-07,12.26,13.1,12.21,13.1,3600
2024-05-08,13.1,13.1,13.06,13.06,500
2024-05-09,12.3,12.3,12.3,12.3,100
2024-05-10,12.3,12.3,12.3,12.3,80
2024-05-13,12.66,12.66,12.66,12.66,100
2024-05-14,12.66,12.66,12.66,12.66,0
2024-05-15,12.3,12.39,12.3,12.39,5402
2024-05-16,12.39,12.39,12.39,12.39,206
2024-05-17,12.39,12.75,12.39,12.75,800
2024-05-20,12.75,12.75,12.75,12.75,76
2024-05-21,12.75,12.75,12.75,12.75,200
2024-05-22,12.75,12.75,11.85,12.75,2200
2024-05-23,12.92,13.64,12.92,13.64,15897
2024-05-24,13.64,13.64,13.59,13.59,3000
2024-05-27,13.59,13.59,12.92,13.41,1048
2024-05-28,13.41,14.17,13.33,13.77,6501
2024-05-29,13.64,13.64,13.06,13.64,3301
2024-05-30,13.64,13.69,12.87,12.87,4500
2024-05-31,13.3,13.3,12.3,13.26,702
2024-06-03,12.87,12.87,12.87,12.87,611
2024-06-04,12.87,12.87,12.87,12.87,200
2024-06-05,12.16,12.78,12.16,12.78,502
2024-06-06,13.21,13.21,12.16,12.16,2102
2024-06-07,12.16,12.21,12.16,12.21,2124
2024-06-10,12.4,13.02,12.4,13.02,2601
2024-06-11,13.11,13.11,13.11,13.11,1900
2024-06-12,13.11,13.11,13.11,13.11,901
2024-06-13,13.11,13.64,13.11,13.11,2553
2024-06-14,12.87,12.87,12.87,12.87,1601
2024-06-17,12.87,12.87,12.87,12.87,1249
2024-06-18,12.87,12.87,12.87,12.87,14
2024-06-19,12.3,13.4,12.3,12.68,1650
2024-06-20,13.49,13.49,13.49,13.49,104
2024-06-21,13.3,13.35,13.3,13.35,2609
2024-06-24,12.68,12.78,12.68,12.78,4590
2024-06-25,12.21,12.21,12.21,12.21,195
2024-06-26,12.21,12.21,12.21,12.21,0
2024-06-27,12.21,12.21,12.21,12.21,0
2024-06-28,12.26,12.26,12.26,12.26,300
2024-07-01,12.26,12.26,12.26,12.26,0
2024-07-02,12.26,12.26,12.26,12.26,40
2024-07-03,12.26,12.26,12.26,12.26,0
2024-07-04,12.92,12.92,12.92,12.92,100
2024-07-05,12.92,12.92,12.92,12.92,600
2024-07-08,13.02,13.02,13.02,13.02,200
2024-07-09,13.35,13.35,13.35,13.35,200
2024-07-10,13.4,13.4,13.07,13.07,5201
2024-07-11,13.69,13.69,12.78,12.78,203
2024-07-12,12.78,12.78,12.78,12.78,0
2024-07-15,12.78,13.35,12.59,12.59,4108
2024-07-16,12.64,12.78,12.64,12.78,2801
2024-07-17,12.78,12.78,12.78,12.78,100
2024-07-18,12.68,12.78,12.68,12.78,1359
2024-07-19,13.16,13.16,12.59,12.59,2100
2024-07-22,12.45,12.45,12.45,12.45,200
2024-07-23,13.3,13.3,12.4,12.4,400
2024-07-24,12.4,13.21,12.4,12.45,1300
2024-07-25,12.4,12.4,12.4,12.4,140
2024-07-26,12.4,12.4,12.4,12.4,0
2024-07-29,13.26,13.26,12.49,12.49,2801
2024-07-30,13.35,13.35,12.78,12.78,2902
2024-07-31,12.35,12.35,12.35,12.35,100
2024-08-01,12.49,12.49,12.4,12.4,1600
2024-08-02,13.26,13.26,12.45,12.45,1000
2024-08-05,12.45,13.26,12.4,12.4,2760
2024-08-06,12.4,12.4,12.4,12.4,0
2024-08-07,12.4,12.4,12.4,12.4,0
2024-08-08,13.11,13.16,13.11,13.11,2400
2024-08-09,12.54,12.54,12.54,12.54,200
2024-08-12,12.54,12.54,12.54,12.54,50
2024-08-13,13.35,13.4,13.26,13.35,4103
2024-08-14,12.59,12.59,12.59,12.59,110
2024-08-15,12.45,12.45,12.45,12.45,200
2024-08-16,12.45,12.45,12.45,12.45,9
2024-08-19,13.3,13.3,13.3,13.3,400
2024-08-20,13.64,13.64,13.64,13.64,1027
2024-08-21,12.73,12.73,12.73,12.73,100
2024-08-22,12.87,12.87,12.87,12.87,300
2024-08-23,12.87,12.87,12.87,12.87,0
2024-08-26,12.87,12.87,12.87,12.87,0
2024-08-27,12.87,12.87,12.87,12.87,0
2024-08-28,12.87,12.87,12.87,12.87,0
2024-08-29,12.87,12.87,12.87,12.87,0
2024-08-30,12.97,13.16,12.97,13.16,200
2024-09-04,12.87,12.87,12.87,12.87,4000
2024-09-05,12.45,12.45,12.4,12.4,2100
2024-09-06,12.4,12.4,12.4,12.4,0
2024-09-09,12.4,12.4,12.4,12.4,0
2024-09-10,12.4,12.4,12.4,12.4,0
2024-09-11,12.4,12.4,12.4,12.4,0
2024-09-12,13.26,13.26,12.4,12.4,200
2024-09-13,13.26,13.26,13.21,13.26,3101
2024-09-16,13.26,13.26,13.26,13.26,4000
2024-09-17,13.26,13.26,13.26,13.26,2
2024-09-18,13.26,13.26,13.26,13.26,0
2024-09-19,13.26,13.26,13.26,13.26,0
2024-09-20,13.26,13.26,13.26,13.26,1000
2024-09-23,13.26,13.26,13.26,13.26,0
2024-09-24,12.49,13.92,12.4,13.92,1800
2024-09-25,13.92,13.92,13.02,13.02,200
2024-09-26,13.88,13.92,12.92,12.92,400
2024-09-27,12.92,12.92,12.92,12.92,0
2024-09-30,12.92,12.92,12.92,12.92,3
2024-10-01,12.54,13.78,12.06,12.59,7569
2024-10-02,13.21,13.26,12.59,12.59,2000
2024-10-03,12.68,12.68,12.59,12.59,3559
2024-10-04,12.92,12.97,12.92,12.97,400
2024-10-07,13.88,13.88,13.35,13.69,5430
2024-10-08,13.69,13.69,13.69,13.69,51
2024-10-09,13.64,14.64,13.54,13.54,5512
2024-10-10,14.31,14.45,13.21,13.21,12500
2024-10-11,13.35,14.11,13.35,14.11,900
2024-10-14,15.07,15.07,15.07,15.07,10111
2024-10-15,15.07,15.07,15.07,15.07,84
2024-10-16,15.07,15.07,15.07,15.07,23
2024-10-17,15.07,15.07,15.07,15.07,0
2024-10-18,14.02,14.02,14.02,14.02,303
2024-10-21,14.02,14.02,14.02,14.02,0
2024-10-22,13.07,13.16,13.07,13.07,10000
2024-10-23,13.97,13.97,13.97,13.97,200
2024-10-24,14.02,14.31,13.92,14.31,8615
2024-10-25,14.31,14.31,14.31,14.31,500
2024-10-28,14.31,14.31,14.31,14.31,3800
2024-10-29,14.31,14.31,14.31,14.31,0
2024-10-30,14.31,14.31,14.31,14.31,6
2024-10-31,14.31,14.31,14.31,14.31,0
2024-11-01,14.31,14.31,14.31,14.31,500
2024-11-04,14.31,14.31,14.31,14.31,1
2024-11-05,14.31,14.31,14.31,14.31,0
2024-11-06,14.31,14.31,14.31,14.31,0
2024-11-07,14.31,14.31,14.31,14.31,0
2024-11-08,14.31,14.31,14.31,14.31,0
2024-11-11,14.31,14.31,14.31,14.31,0
2024-11-12,14.31,14.31,14.31,14.31,0
2024-11-13,14.31,14.31,14.31,14.31,4
2024-11-14,14.31,14.31,14.31,14.31,0
2024-11-15,14.31,14.31,14.31,14.31,0
2024-11-18,14.31,14.31,14.31,14.31,0
2024-11-19,13.3,13.3,13.3,13.3,113
2024-11-20,13.3,13.3,13.02,13.3,4521
2024-11-21,12.97,13.26,12.97,13.26,400
2024-11-22,13.26,13.26,13.26,13.26,0
2024-11-25,13.02,13.07,13.02,13.07,300
2024-11-26,13.02,13.35,13.02,13.35,200
2024-11-27,13.35,13.35,13.35,13.35,2
2024-11-28,12.97,13.35,12.97,13.35,900
2024-11-29,13.35,13.35,13.35,13.35,4
2024-12-02,13.35,13.35,13.35,13.35,0
2024-12-03,13.35,13.35,13.35,13.35,0
2024-12-04,13.35,13.35,13.35,13.35,0
2024-12-05,14.16,14.16,14.16,14.16,100
2024-12-06,13.35,13.35,13.21,13.35,1201
2024-12-09,13.35,13.35,13.35,13.35,59
2024-12-10,12.68,12.68,12.68,12.68,500
2024-12-11,12.68,12.68,12.68,12.68,59
2024-12-12,12.68,12.68,12.68,12.68,0
2024-12-13,13.35,13.35,13.35,13.35,200
2024-12-16,13.4,13.4,13.4,13.4,200
2024-12-17,13.4,13.4,13.4,13.4,0
2024-12-18,13.4,13.4,13.4,13.4,1
2024-12-19,12.92,12.92,12.54,12.54,200
2024-12-20,12.59,12.59,11.92,11.92,4173
2024-12-23,12.11,12.73,12.11,12.73,4156
2024-12-24,12.73,12.73,12.73,12.73,3
2024-12-25,13.3,13.59,13.3,13.59,2901
2024-12-26,13.59,14.45,13.59,14.31,413
2024-12-27,14.26,14.26,13.35,13.35,700
2024-12-30,13.3,14.21,13.3,14.21,3400
2024-12-31,13.35,13.54,13.35,13.35,503
2025-01-02,13.45,13.45,12.45,12.45,1600
2025-01-03,12.87,12.87,12.87,12.87,100
2025-01-06,12.87,12.87,12.87,12.87,2813
2025-01-07,12.87,12.87,12.87,12.87,0
2025-01-08,12.26,12.26,12.26,12.26,100
2025-01-09,12.4,12.4,12.4,12.4,100
2025-01-10,13.16,13.26,12.64,12.64,2501
2025-01-13,12.68,12.68,12.68,12.68,104
2025-01-14,12.68,12.68,12.68,12.68,0
2025-01-15,12.68,12.68,12.68,12.68,0
2025-01-16,12.68,12.68,12.68,12.68,0
2025-01-17,12.68,12.68,12.68,12.68,0
2025-01-20,12.68,12.68,12.68,12.68,0
2025-01-21,13.45,13.45,13.45,13.45,115
2025-01-22,13.45,13.45,13.45,13.45,0
2025-01-23,13.54,14.35,13.54,14.31,2602
2025-01-24,14.11,14.11,14.11,14.11,3900
2025-02-03,14.11,15.07,13.26,13.26,4700
2025-02-04,14.11,14.16,14.07,14.16,5501
2025-02-05,14.16,14.16,13.35,13.35,200
2025-02-06,13.35,13.35,13.35,13.35,0
2025-02-07,14.11,14.11,14.07,14.07,600
2025-02-10,14.31,14.31,13.83,13.83,1000
2025-02-11,13.78,13.83,13.78,13.83,1900
2025-02-12,13.83,13.83,13.83,13.83,0
2025-02-13,13.83,13.83,13.83,13.83,200
2025-02-14,13.83,13.83,13.83,13.83,0
2025-02-17,13.83,13.83,13.83,13.83,0
2025-02-18,13.83,13.83,13.83,13.83,1
2025-02-19,13.83,13.83,13.83,13.83,0
2025-02-20,13.26,14.78,13.26,14.78,1400
2025-02-21,14.78,14.78,14.78,14.78,1
2025-02-24,14.31,15.07,14.07,15.07,4303
2025-02-25,15.07,15.07,15.07,15.07,1000
2025-02-26,15.74,15.74,15.74,15.74,100
2025-02-27,16.02,16.02,16.02,16.02,400
2025-02-28,16.02,16.02,16.02,16.02,1
2025-03-03,16.02,16.02,16.02,16.02,0
2025-03-04,16.02,16.02,16.02,16.02,1
2025-03-05,16.02,16.02,16.02,16.02,0
2025-03-06,16.02,16.02,16.02,16.02,0
2025-03-07,16.02,16.02,16.02,16.02,0
2025-03-10,16.02,16.02,16.02,16.02,100
2025-03-11,16.02,17.07,16.02,17.07,173128
2025-03-12,18.26,18.26,18.26,18.26,7671
2025-03-13,19.5,19.5,17.45,17.45,20840
2025-03-14,17.45,17.45,17.45,17.45,300
2025-03-17,18.12,18.64,17.45,18.64,2614
2025-03-18,19.93,19.93,18.12,18.64,7649
2025-03-19,19.07,19.07,17.36,17.36,4700
2025-03-20,16.21,16.21,16.17,16.17,2274
2025-03-21,17.17,17.26,17.17,17.26,1221
2025-03-24,17.17,18.45,17.17,18.45,4910
2025-03-25,18.45,19.74,18.45,19.74,42777
2025-03-26,19.55,19.55,19.07,19.07,3542
2025-03-27,19.07,20.41,17.74,17.93,7194
2025-03-28,17.93,17.93,17.93,17.93,1702
2025-03-31,19.17,19.17,17.17,17.17,11005
2025-04-01,17.45,18.36,17.45,18.36,22070
2025-04-02,18.36,18.36,18.36,18.36,4
2025-04-03,17.12,17.12,17.12,17.12,701
2025-04-04,17.12,18.31,16.26,16.31,13003
2025-04-08,16.31,16.31,16.31,16.31,13
2025-04-09,16.26,16.26,15.21,15.21,8200
2025-04-10,16.26,16.26,14.21,14.21,820
2025-04-11,14.21,14.21,14.21,14.21,0
2025-04-14,14.21,14.21,14.21,14.21,0
2025-04-15,15.16,15.16,14.26,14.26,2310
2025-04-16,14.26,14.26,14.26,14.26,0
2025-04-17,14.26,14.26,14.26,14.26,0
2025-04-18,14.26,14.26,14.26,14.26,9
2025-04-21,15.21,15.21,15.21,15.21,100
2025-04-22,16.26,16.26,16.26,16.26,916
2025-04-23,17.36,17.36,17.36,17.36,31001
2025-04-24,18.55,18.55,18.55,18.55,40706
2025-04-25,19.84,19.84,19.74,19.84,45978
2025-04-28,21.22,21.22,18.55,19.07,15331
2025-04-29,18.6,19.07,18.12,18.12,16360
2025-05-05,18.6,19.36,18.6,19.36,10513
2025-05-06,19.36,20.03,19.36,20.03,11914
2025-05-07,19.98,20.03,19.26,20.03,11633
2025-05-08,18.88,19.36,18.88,19.36,333
2025-05-09,19.36,20.03,19.36,19.55,6900
2025-05-12,19.55,19.55,19.55,19.55,7308
2025-05-13,19.55,20.03,18.45,18.45,7720
2025-05-14,19.74,19.74,19.74,19.74,3553
2025-05-15,20.7,20.7,19.74,19.74,7920
2025-05-16,19.65,20.03,19.36,19.74,6836
2025-05-19,19.55,19.74,19.55,19.74,1600
2025-05-20,19.84,20.7,19.74,20.7,23430
2025-05-21,20.7,20.7,20.7,20.7,801
2025-05-22,21.03,21.03,19.74,20.6,1776
2025-05-23,19.7,20.0,19.65,20.0,4700
2025-05-26,20.0,20.15,20.0,20.15,10216
2025-05-27,21.0,21.0,20.85,20.85,2311
2025-05-28,21.5,21.5,20.85,20.85,1304
2025-05-29,20.85,20.85,20.85,20.85,0
2025-05-30,19.7,20.7,19.7,19.7,500
2025-06-02,19.7,21.0,18.9,21.0,9000
2025-06-03,21.0,21.0,21.0,21.0,106
2025-06-04,19.55,20.75,19.55,20.75,305
2025-06-06,20.5,20.5,20.5,20.5,900
2025-06-09,19.1,20.35,19.1,20.35,200
2025-06-10,20.6,20.6,20.6,20.6,100
2025-06-11,20.55,20.55,19.9,20.5,10300
2025-06-12,20.3,20.5,20.3,20.5,13500
2025-06-13,19.1,20.35,19.1,20.35,200
2025-06-16,19.0,20.3,18.95,20.3,3300
2025-06-17,19.0,20.2,18.9,20.15,33200
2025-06-18,18.9,20.0,18.9,20.0,3800
2025-06-19,19.0,19.9,18.65,18.65,1800
2025-06-20,19.4,19.45,18.9,19.45,7400
2025-06-23,19.45,20.0,19.45,20.0,400
2025-06-24,19.8,19.8,19.8,19.8,1000
2025-06-26,19.75,19.8,19.75,19.8,200
2025-06-27,19.7,19.7,19.7,19.7,100
2025-06-30,19.65,19.7,19.65,19.7,3800
2025-07-01,18.65,19.7,18.65,19.7,500
2025-07-02,19.7,19.7,19.6,19.7,7100
2025-07-03,19.7,19.7,19.55,19.6,4400
2025-07-04,19.0,19.5,19.0,19.5,2100
2025-07-07,18.95,19.5,18.9,19.5,14400
2025-07-08,19.5,19.5,19.5,19.5,100
2025-07-09,19.5,19.85,19.2,19.5,1000
2025-07-11,19.2,19.95,19.2,19.9,1700
2025-07-15,19.9,19.9,18.6,19.9,3900
2025-07-17,18.7,19.6,18.55,19.55,7500
2025-07-18,19.9,19.9,19.9,19.9,100
2025-07-21,19.95,21.0,19.9,20.8,19700
2025-07-22,20.9,20.9,20.0,20.9,600
2025-07-23,21.0,21.0,20.5,20.85,5400
2025-07-24,20.65,20.75,20.5,20.5,11600
2025-07-25,21.0,21.0,19.85,19.9,19200
2025-07-28,20.45,20.45,19.2,20.2,1300
2025-07-29,20.5,20.5,19.1,19.1,10600
2025-07-30,19.1,20.0,19.0,19.6,19800
2025-07-31,19.6,19.85,19.0,19.8,23800
2025-08-01,20.45,20.45,19.3,19.55,1000
2025-08-04,20.55,20.55,19.35,19.55,16300
2025-08-05,20.45,20.45,20.25,20.25,300
2025-08-06,20.1,20.1,19.6,19.6,300
2025-08-07,19.9,19.9,19.9,19.9,100
2025-08-08,19.7,19.7,19.45,19.45,2400
2025-08-11,19.65,19.65,19.3,19.45,2900
2025-08-12,20.15,20.15,19.15,19.95,4100
2025-08-14,19.75,19.85,19.25,19.65,1800
2025-08-15,19.65,19.65,18.65,19.0,9300
2025-08-18,19.2,19.2,19.0,19.05,5100
2025-08-19,18.95,19.25,18.4,18.65,8600
2025-08-20,18.65,18.65,18.05,18.6,900
2025-08-21,18.6,19.4,18.5,18.9,1200
2025-08-22,18.9,18.9,18.9,18.9,400
2025-08-25,18.05,18.9,18.05,18.9,4200
2025-08-26,18.5,18.9,18.05,18.05,1000
2025-08-27,18.8,18.8,18.05,18.05,6400
2025-08-28,18.9,18.9,18.85,18.9,300
2025-08-29,18.8,19.0,18.8,19.0,200
2025-09-03,17.95,18.95,17.95,18.9,2500
2025-09-05,18.4,18.6,18.0,18.0,2900
2025-09-08,18.9,18.9,18.7,18.7,300
2025-09-10,18.5,19.0,18.5,18.95,1000
2025-09-11,18.95,18.95,18.95,18.95,1000
2025-09-12,19.0,19.0,18.1,18.1,1500
2025-09-15,18.1,18.9,18.1,18.8,4300
2025-09-16,18.8,18.8,18.8,18.8,100
2025-09-17,19.0,19.0,19.0,19.0,100
2025-09-19,18.1,18.85,17.8,18.85,1000
2025-09-22,19.5,20.15,18.1,19.0,1000
2025-09-24,19.8,19.8,18.0,18.4,800
2025-09-25,18.2,19.4,18.0,18.95,1300
2025-09-26,18.2,18.85,18.2,18.7,600
2025-09-29,18.6,18.6,17.65,18.55,1800
2025-09-30,18.55,18.55,18.55,18.55,2800
2025-10-01,18.5,18.5,18.5,18.5,100
2025-10-06,17.5,18.5,17.35,18.5,1400
2025-10-08,17.4,18.35,17.4,18.2,800
2025-10-09,19.35,19.35,16.95,18.8,1500
2025-10-10,17.6,17.6,17.6,17.6,1000
2025-10-13,17.6,18.8,16.7,17.3,14900
2025-10-14,18.3,18.3,17.4,18.25,35500
2025-10-15,19.0,19.0,17.9,18.8,800
2025-10-17,18.0,18.7,18.0,18.1,7800
2025-10-20,19.0,19.0,18.1,18.65,4000
