time,open,high,low,close,volume
2015-12-01,4.3,4.41,4.3,4.41,1300
2015-12-02,4.41,4.41,4.41,4.41,0
2015-12-03,4.41,4.41,4.41,4.41,0
2015-12-04,4.41,4.41,4.41,4.41,0
2015-12-07,4.41,4.41,4.41,4.41,0
2015-12-08,4.41,4.41,4.41,4.41,0
2015-12-09,4.41,4.41,4.41,4.41,0
2015-12-10,4.41,4.41,4.41,4.41,0
2015-12-11,4.75,4.98,4.75,4.98,2100
2015-12-14,4.98,4.98,4.98,4.98,0
2015-12-15,5.43,5.43,5.43,5.43,1000
2015-12-16,5.43,5.43,5.43,5.43,0
2015-12-17,6.11,6.11,6.11,6.11,100
2015-12-18,6.11,6.11,6.11,6.11,0
2015-12-21,6.11,6.11,6.11,6.11,0
2015-12-22,6.11,6.11,6.11,6.11,0
2015-12-23,6.11,6.11,6.11,6.11,0
2015-12-24,6.11,6.33,6.11,6.33,3000
2015-12-25,6.33,6.33,6.33,6.33,0
2015-12-28,6.33,6.33,6.33,6.33,0
2015-12-29,6.33,6.33,6.33,6.33,0
2015-12-30,6.33,6.33,6.33,6.33,0
2015-12-31,6.22,6.22,6.11,6.11,3900
2016-01-04,6.11,6.11,6.11,6.11,0
2016-01-05,6.11,6.11,6.11,6.11,0
2016-01-06,6.11,6.11,6.11,6.11,0
2016-01-07,6.11,6.11,6.11,6.11,0
2016-01-08,5.88,5.88,5.88,5.88,2000
2016-01-11,5.88,5.88,5.88,5.88,0
2016-01-12,5.88,5.88,5.88,5.88,0
2016-01-13,5.88,5.88,5.88,5.88,0
2016-01-14,5.0,6.22,5.0,6.22,200
2016-01-15,6.22,6.22,6.22,6.22,0
2016-01-18,6.22,6.22,6.22,6.22,0
2016-01-19,6.22,6.22,6.22,6.22,0
2016-01-20,6.33,6.33,6.33,6.33,100
2016-01-21,5.38,5.65,5.38,5.65,4100
2016-01-22,5.65,5.65,5.65,5.65,2000
2016-01-25,5.65,5.65,5.65,5.65,0
2016-01-26,5.65,5.65,5.65,5.65,0
2016-01-27,5.65,5.65,5.65,5.65,0
2016-01-28,5.65,5.65,5.65,5.65,0
2016-01-29,5.65,5.65,5.65,5.65,0
2016-02-01,5.65,5.65,5.65,5.65,0
2016-02-02,5.65,5.65,5.65,5.65,0
2016-02-03,5.65,5.65,5.65,5.65,0
2016-02-04,5.65,5.65,5.65,5.65,0
2016-02-05,5.65,5.65,5.65,5.65,0
2016-02-15,5.65,5.65,5.65,5.65,0
2016-02-16,5.65,5.65,5.65,5.65,0
2016-02-17,5.65,5.65,5.65,5.65,0
2016-02-18,5.65,5.65,5.65,5.65,0
2016-02-19,5.65,5.65,5.65,5.65,0
2016-02-22,5.65,5.65,5.65,5.65,0
2016-02-23,5.65,5.65,5.65,5.65,0
2016-02-24,5.65,5.65,5.65,5.65,0
2016-02-25,5.65,5.65,5.65,5.65,0
2016-02-26,5.65,5.65,5.65,5.65,0
2016-02-29,5.65,5.65,5.65,5.65,0
2016-03-01,5.65,5.65,5.65,5.65,0
2016-03-02,5.65,5.65,5.65,5.65,0
2016-03-03,6.22,6.22,6.22,6.22,200
2016-03-04,6.22,6.22,6.22,6.22,0
2016-03-07,6.22,6.22,6.22,6.22,0
2016-03-08,6.22,6.22,6.22,6.22,0
2016-03-09,5.29,6.11,5.29,6.11,2500
2016-03-10,5.65,5.65,5.65,5.65,100
2016-03-11,5.65,5.65,5.65,5.65,0
2016-03-14,4.98,4.98,4.98,4.98,100
2016-03-15,4.98,4.98,4.98,4.98,0
2016-03-16,4.98,4.98,4.98,4.98,0
2016-03-17,4.98,4.98,4.98,4.98,0
2016-03-18,4.98,4.98,4.98,4.98,0
2016-03-21,4.98,4.98,4.98,4.98,0
2016-03-22,4.98,4.98,4.98,4.98,0
2016-03-23,5.72,5.72,5.72,5.72,100
2016-03-24,5.72,5.72,5.72,5.72,0
2016-03-25,5.72,5.72,5.72,5.72,0
2016-03-28,5.72,5.72,5.72,5.72,0
2016-03-29,5.72,5.72,5.72,5.72,0
2016-03-30,5.72,5.72,5.72,5.72,0
2016-03-31,5.72,5.72,5.72,5.72,0
2016-04-01,5.72,5.72,5.72,5.72,0
2016-04-04,6.11,6.56,6.11,6.56,1900
2016-04-05,7.12,7.31,7.12,7.31,12000
2016-04-06,8.37,8.37,8.37,8.37,100
2016-04-07,7.12,7.12,7.12,7.12,100
2016-04-08,7.12,7.12,7.12,7.12,0
2016-04-11,6.06,6.6,6.06,6.6,300
2016-04-12,6.79,6.79,6.79,6.79,100
2016-04-13,6.79,6.79,6.79,6.79,0
2016-04-14,6.79,6.79,6.79,6.79,0
2016-04-15,6.79,6.79,6.79,6.79,0
2016-04-19,5.77,6.22,5.77,5.77,6900
2016-04-20,5.77,5.77,5.77,5.77,0
2016-04-21,5.77,5.77,5.77,5.77,0
2016-04-22,5.77,5.77,5.77,5.77,0
2016-04-25,6.11,6.11,6.11,6.11,400
2016-04-26,6.11,6.11,6.11,6.11,100
2016-04-27,6.11,6.11,6.11,6.11,0
2016-04-28,6.11,6.11,6.11,6.11,2000
2016-04-29,6.11,6.11,6.11,6.11,0
2016-05-04,6.11,6.11,6.11,6.11,0
2016-05-05,6.11,6.11,6.11,6.11,0
2016-05-06,6.11,6.11,6.11,6.11,0
2016-05-09,6.11,6.11,6.11,6.11,0
2016-05-10,6.11,6.11,6.11,6.11,0
2016-05-11,6.11,6.11,6.11,6.11,0
2016-05-12,6.11,6.11,6.11,6.11,0
2016-05-13,7.01,7.01,7.01,7.01,100
2016-05-16,7.01,7.01,7.01,7.01,0
2016-05-17,6.22,6.22,6.22,6.22,200
2016-05-18,6.22,6.22,6.22,6.22,0
2016-05-19,6.22,6.22,6.22,6.22,0
2016-05-20,6.22,6.22,6.22,6.22,0
2016-05-23,6.22,6.22,6.22,6.22,0
2016-05-24,6.63,6.63,6.63,6.63,0
2016-05-25,6.63,6.63,6.63,6.63,0
2016-05-26,6.63,6.63,6.63,6.63,0
2016-05-27,7.14,7.14,7.14,7.14,100
2016-05-30,7.14,7.14,7.14,7.14,0
2016-05-31,7.14,7.14,7.14,7.14,0
2016-06-01,7.14,7.14,7.14,7.14,0
2016-06-02,7.14,7.14,7.14,7.14,0
2016-06-03,7.14,7.14,7.14,7.14,0
2016-06-06,6.08,6.08,6.08,6.08,100
2016-06-07,5.21,5.21,5.21,5.21,100
2016-06-08,5.21,5.21,5.21,5.21,0
2016-06-09,5.21,5.21,5.21,5.21,0
2016-06-10,5.21,5.21,5.21,5.21,0
2016-06-13,5.98,5.98,5.98,5.98,3000
2016-06-14,5.98,5.98,5.98,5.98,0
2016-06-15,5.98,5.98,5.98,5.98,0
2016-06-16,5.18,5.18,5.18,5.18,100
2016-06-17,5.18,5.18,5.18,5.18,0
2016-06-20,5.18,5.18,5.18,5.18,0
2016-06-21,5.95,5.95,5.95,5.95,3000
2016-06-22,5.95,5.95,5.95,5.95,0
2016-06-23,6.85,6.85,6.85,6.85,1000
2016-06-24,5.83,7.67,5.83,7.67,200
2016-06-27,6.53,6.53,5.83,5.93,5200
2016-06-28,6.03,6.03,6.03,6.03,1000
2016-06-29,6.03,6.03,6.03,6.03,0
2016-06-30,6.03,6.03,6.03,6.03,0
2016-07-01,6.03,6.03,6.03,6.03,0
2016-07-04,6.03,6.03,6.03,6.03,100
2016-07-05,6.03,6.03,6.03,6.03,10000
2016-07-06,6.03,6.03,6.03,6.03,0
2016-07-07,6.92,6.92,6.92,6.92,100
2016-07-08,6.92,6.92,6.92,6.92,0
2016-07-11,5.88,5.88,5.88,5.88,100
2016-07-12,5.88,5.88,5.88,5.88,0
2016-07-13,5.88,5.88,5.88,5.88,0
2016-07-14,5.88,5.88,5.88,5.88,0
2016-07-15,5.88,5.88,5.88,5.88,0
2016-07-18,5.88,5.88,5.88,5.88,0
2016-07-19,5.88,5.88,5.88,5.88,0
2016-07-20,5.88,5.88,5.88,5.88,0
2016-07-21,5.88,5.88,5.88,5.88,0
2016-07-22,5.86,5.86,5.86,5.86,100
2016-07-25,5.86,5.86,5.86,5.86,0
2016-07-26,6.73,6.73,6.73,6.73,600
2016-07-27,5.74,5.74,5.74,5.74,100
2016-07-28,5.74,5.74,5.74,5.74,0
2016-07-29,5.74,5.74,5.74,5.74,0
2016-08-01,5.74,5.74,5.74,5.74,0
2016-08-02,5.74,5.74,5.74,5.74,0
2016-08-03,6.58,6.58,6.58,6.58,1000
2016-08-04,6.58,6.58,6.58,6.58,2000
2016-08-05,6.58,6.58,6.58,6.58,0
2016-08-08,6.75,6.75,6.56,6.56,7000
2016-08-09,6.56,6.56,6.56,6.56,0
2016-08-10,6.56,6.56,6.56,6.56,0
2016-08-11,6.56,6.56,6.56,6.56,0
2016-08-12,6.56,6.56,6.56,6.56,0
2016-08-15,6.56,6.56,6.56,6.56,0
2016-08-16,6.63,6.63,6.63,6.63,3000
2016-08-17,7.23,7.47,7.23,7.47,1000
2016-08-18,7.47,7.47,7.47,7.47,0
2016-08-19,7.47,7.47,7.47,7.47,0
2016-08-22,7.47,7.47,7.47,7.47,0
2016-08-23,7.47,7.47,7.47,7.47,0
2016-08-24,6.27,6.27,6.27,6.27,100
2016-08-25,6.27,6.27,6.27,6.27,0
2016-08-26,6.27,6.27,6.27,6.27,0
2016-08-29,6.27,6.27,6.27,6.27,0
2016-08-30,6.27,6.27,6.27,6.27,0
2016-08-31,6.27,6.27,6.27,6.27,0
2016-09-01,6.27,6.27,6.27,6.27,0
2016-09-05,6.27,6.27,6.27,6.27,0
2016-09-06,7.21,7.21,7.21,7.21,100
2016-09-07,6.15,6.15,6.15,6.15,100
2016-09-08,7.06,7.06,7.06,7.06,100
2016-09-09,7.06,7.06,7.06,7.06,0
2016-09-12,7.06,7.06,7.06,7.06,0
2016-09-13,6.17,6.17,6.17,6.17,100
2016-09-14,6.17,6.17,6.17,6.17,0
2016-09-15,6.17,6.17,6.17,6.17,0
2016-09-16,7.06,7.06,7.06,7.06,100
2016-09-19,6.17,6.17,6.17,6.17,100
2016-09-20,6.17,6.17,6.17,6.17,0
2016-09-21,6.17,6.17,6.17,6.17,0
2016-09-22,6.17,6.17,6.17,6.17,0
2016-09-23,6.17,6.17,6.17,6.17,0
2016-09-26,6.17,6.17,6.17,6.17,0
2016-09-27,6.17,6.17,6.17,6.17,0
2016-09-28,6.17,6.17,6.17,6.17,0
2016-09-29,6.17,6.17,6.17,6.17,0
2016-09-30,6.17,6.17,6.17,6.17,0
2016-10-03,6.17,6.17,6.17,6.17,0
2016-10-04,6.17,6.17,6.17,6.17,0
2016-10-05,6.17,6.17,6.17,6.17,0
2016-10-06,6.17,6.17,6.17,6.17,0
2016-10-07,7.09,7.09,7.09,7.09,100
2016-10-10,7.09,7.09,7.09,7.09,0
2016-10-11,7.09,7.09,7.09,7.09,0
2016-10-12,6.27,6.27,6.2,6.2,2300
2016-10-13,6.2,6.2,6.2,6.2,0
2016-10-14,6.2,6.2,6.2,6.2,0
2016-10-17,6.2,6.2,6.2,6.2,0
2016-10-18,6.2,6.2,6.2,6.2,0
2016-10-19,6.2,6.2,6.2,6.2,0
2016-10-20,6.2,6.2,6.2,6.2,0
2016-10-21,6.39,6.39,6.39,6.39,600
2016-10-24,6.39,6.39,6.39,6.39,0
2016-10-25,6.39,6.39,6.39,6.39,0
2016-10-26,6.39,6.39,6.39,6.39,0
2016-10-27,6.39,6.39,6.39,6.39,0
2016-10-28,6.39,6.39,6.39,6.39,0
2016-10-31,7.33,7.33,7.33,7.33,100
2016-11-01,7.33,7.33,7.33,7.33,0
2016-11-02,7.33,7.33,7.33,7.33,0
2016-11-03,7.33,7.33,7.33,7.33,0
2016-11-04,7.33,7.33,7.33,7.33,0
2016-11-07,7.33,7.33,7.33,7.33,0
2016-11-08,6.24,6.24,6.24,6.24,115
2016-11-09,6.24,6.24,6.24,6.24,0
2016-11-10,6.24,6.24,6.24,6.24,0
2016-11-11,6.24,6.24,6.24,6.24,0
2016-11-14,6.24,6.24,6.24,6.24,0
2016-11-15,6.24,6.24,6.24,6.24,15
2016-11-16,6.24,6.24,6.24,6.24,0
2016-11-17,7.16,7.16,7.16,7.16,100
2016-11-18,6.1,6.1,6.1,6.1,100
2016-11-21,6.1,6.1,6.1,6.1,0
2016-11-22,6.1,6.1,6.1,6.1,0
2016-11-23,6.1,6.1,6.1,6.1,0
2016-11-24,6.1,6.1,6.1,6.1,0
2016-11-25,6.94,6.94,6.94,6.94,100
2016-11-28,6.94,6.94,6.94,6.94,0
2016-11-29,5.91,5.91,5.91,5.91,100
2016-11-30,6.77,6.77,6.77,6.77,100
2016-12-01,6.77,6.77,6.77,6.77,13
2016-12-02,6.77,6.77,6.77,6.77,0
2016-12-05,5.76,5.76,5.76,5.76,100
2016-12-06,5.76,5.76,5.76,5.76,0
2016-12-07,5.76,5.76,5.76,5.76,0
2016-12-08,5.76,5.76,5.76,5.76,0
2016-12-09,5.76,5.76,5.76,5.76,13
2016-12-12,5.76,5.76,5.76,5.76,0
2016-12-13,5.76,5.76,5.76,5.76,0
2016-12-14,5.76,5.76,5.76,5.76,0
2016-12-15,5.76,5.76,5.76,5.76,0
2016-12-16,5.76,5.76,5.76,5.76,0
2016-12-19,5.76,5.76,5.76,5.76,0
2016-12-20,5.76,5.76,5.76,5.76,0
2016-12-21,5.76,5.76,5.76,5.76,0
2016-12-22,5.76,5.76,5.76,5.76,0
2016-12-23,5.76,5.76,5.76,5.76,0
2016-12-26,5.76,5.76,5.76,5.76,0
2016-12-27,5.76,5.76,5.76,5.76,0
2016-12-28,5.76,5.76,5.76,5.76,0
2016-12-29,6.61,6.61,6.61,6.61,100
2016-12-30,6.61,6.61,6.61,6.61,0
2017-01-03,6.61,6.61,6.61,6.61,0
2017-01-04,6.61,6.61,6.61,6.61,0
2017-01-05,5.83,7.59,5.83,7.59,1400
2017-01-06,6.36,6.36,6.36,6.36,100
2017-01-09,6.36,6.36,6.36,6.36,0
2017-01-10,6.36,6.36,6.36,6.36,0
2017-01-11,6.36,6.36,6.36,6.36,0
2017-01-12,7.3,7.3,7.3,7.3,100
2017-01-13,7.3,7.3,7.3,7.3,0
2017-01-16,7.3,7.3,7.3,7.3,0
2017-01-17,7.3,7.3,7.3,7.3,0
2017-01-18,7.3,7.3,7.3,7.3,0
2017-01-19,7.23,7.23,7.23,7.23,1000
2017-01-20,7.23,7.23,7.23,7.23,0
2017-01-23,7.23,7.23,7.23,7.23,0
2017-01-24,7.23,7.23,7.23,7.23,0
2017-01-25,7.23,7.23,7.23,7.23,0
2017-02-02,7.23,7.23,7.23,7.23,0
2017-02-03,7.23,7.23,7.23,7.23,0
2017-02-06,7.23,7.23,7.23,7.23,0
2017-02-07,7.23,7.23,7.23,7.23,0
2017-02-08,7.23,7.23,7.23,7.23,0
2017-02-09,7.23,7.23,7.23,7.23,0
2017-02-10,7.23,7.23,7.23,7.23,0
2017-02-13,7.23,7.23,7.23,7.23,0
2017-02-14,7.23,7.23,7.23,7.23,0
2017-02-15,7.47,7.96,7.47,7.96,1500
2017-02-16,7.96,7.96,7.96,7.96,0
2017-02-17,7.96,7.96,7.96,7.96,0
2017-02-20,7.96,7.96,7.96,7.96,0
2017-02-21,7.96,7.96,7.96,7.96,0
2017-02-22,7.96,7.96,7.96,7.96,0
2017-02-23,7.96,7.96,7.96,7.96,0
2017-02-24,7.96,7.96,7.96,7.96,0
2017-02-27,7.96,7.96,7.96,7.96,0
2017-02-28,7.96,7.96,7.96,7.96,0
2017-03-01,7.96,7.96,7.96,7.96,0
2017-03-02,7.96,7.96,7.96,7.96,0
2017-03-03,7.96,7.96,7.96,7.96,0
2017-03-06,7.96,7.96,7.96,7.96,0
2017-03-07,7.96,7.96,7.96,7.96,0
2017-03-08,7.96,7.96,7.96,7.96,0
2017-03-09,7.96,7.96,7.96,7.96,0
2017-03-10,8.68,8.68,8.68,8.68,100
2017-03-13,9.88,9.88,9.88,9.88,100
2017-03-14,9.88,9.88,9.88,9.88,0
2017-03-15,11.33,11.33,11.33,11.33,100
2017-03-16,11.33,11.33,11.33,11.33,0
2017-03-17,11.33,11.33,11.33,11.33,0
2017-03-20,11.33,11.33,11.33,11.33,0
2017-03-21,11.33,11.33,11.33,11.33,0
2017-03-22,12.54,12.54,12.54,12.54,100
2017-03-23,12.54,12.54,12.54,12.54,14
2017-03-24,12.54,12.54,12.54,12.54,0
2017-03-27,12.54,12.54,12.54,12.54,0
2017-03-28,12.54,12.54,12.54,12.54,14
2017-03-29,12.54,12.54,12.54,12.54,0
2017-03-30,12.54,12.54,12.54,12.54,0
2017-03-31,12.54,12.54,12.54,12.54,0
2017-04-03,10.66,10.66,10.66,10.66,300
2017-04-04,9.06,9.06,9.06,9.06,100
2017-04-05,9.06,9.06,9.06,9.06,0
2017-04-07,7.71,7.71,7.71,7.71,200
2017-04-10,7.71,7.71,7.71,7.71,0
2017-04-11,7.71,7.71,7.71,7.71,0
2017-04-12,7.71,7.71,7.71,7.71,0
2017-04-13,7.71,7.71,7.71,7.71,0
2017-04-14,7.71,7.71,7.71,7.71,0
2017-04-17,7.71,7.71,7.71,7.71,0
2017-04-18,7.71,7.71,7.71,7.71,0
2017-04-19,7.71,7.71,7.71,7.71,0
2017-04-20,7.71,7.71,7.71,7.71,2100
2017-04-21,7.71,7.71,7.71,7.71,0
2017-04-24,7.71,7.71,7.71,7.71,0
2017-04-25,7.71,7.71,7.71,7.71,0
2017-04-26,7.71,7.71,7.71,7.71,0
2017-04-27,7.71,7.71,7.71,7.71,0
2017-04-28,6.58,6.58,6.58,6.58,100
2017-05-03,6.58,6.58,6.58,6.58,0
2017-05-04,6.58,6.58,6.58,6.58,0
2017-05-05,6.58,6.58,6.58,6.58,0
2017-05-08,6.58,6.58,6.58,6.58,0
2017-05-09,6.58,6.58,6.58,6.58,0
2017-05-10,6.58,6.58,6.58,6.58,0
2017-05-11,6.58,6.58,6.58,6.58,0
2017-05-12,6.58,6.58,6.58,6.58,0
2017-05-15,6.58,6.58,6.58,6.58,0
2017-05-16,6.58,6.58,6.58,6.58,0
2017-05-17,6.58,6.58,6.58,6.58,0
2017-05-18,6.58,6.58,6.58,6.58,0
2017-05-19,6.58,6.58,6.58,6.58,0
2017-05-22,6.58,6.58,6.58,6.58,0
2017-05-23,6.58,6.58,6.58,6.58,0
2017-05-24,6.58,6.58,6.58,6.58,0
2017-05-25,6.58,6.58,6.58,6.58,0
2017-05-26,6.58,6.58,6.58,6.58,0
2017-05-29,6.58,6.58,6.58,6.58,0
2017-05-30,6.58,6.58,6.58,6.58,0
2017-05-31,6.58,6.58,6.58,6.58,0
2017-06-01,6.58,6.58,6.58,6.58,0
2017-06-02,6.58,6.58,6.58,6.58,0
2017-06-05,6.58,6.58,6.58,6.58,0
2017-06-06,6.58,6.58,6.58,6.58,0
2017-06-07,6.58,6.58,6.58,6.58,0
2017-06-08,6.58,6.58,6.58,6.58,0
2017-06-09,6.58,6.58,6.58,6.58,0
2017-06-12,6.58,6.58,6.58,6.58,0
2017-06-13,6.58,6.58,6.58,6.58,0
2017-06-14,6.58,6.58,6.58,6.58,0
2017-06-15,6.58,6.58,6.58,6.58,0
2017-06-16,6.58,6.58,6.58,6.58,0
2017-06-19,6.58,6.58,6.58,6.58,0
2017-06-20,6.58,6.58,6.58,6.58,0
2017-06-21,6.58,6.58,6.58,6.58,0
2017-06-22,6.58,6.58,6.58,6.58,0
2017-06-23,6.58,6.58,6.58,6.58,0
2017-06-26,6.58,6.58,6.58,6.58,0
2017-06-27,6.58,6.58,6.58,6.58,0
2017-06-28,6.58,6.58,6.58,6.58,0
2017-06-29,6.58,6.58,6.58,6.58,0
2017-06-30,6.58,6.58,6.58,6.58,0
2017-07-03,6.58,6.58,6.58,7.05,100
2017-07-04,6.58,6.58,6.58,6.58,0
2017-07-05,6.58,6.58,6.58,6.58,0
2017-07-06,7.56,7.56,6.97,6.97,9108
2017-07-07,7.07,7.07,7.07,7.07,0
2017-07-10,7.07,7.07,7.07,7.07,0
2017-07-11,7.07,7.07,7.07,7.07,0
2017-07-12,7.07,7.07,7.07,7.07,0
2017-07-13,7.07,7.07,7.07,7.07,0
2017-07-14,7.07,7.07,7.07,7.07,0
2017-07-17,7.07,7.07,7.07,7.07,0
2017-07-18,7.07,7.07,7.07,7.07,0
2017-07-19,7.07,7.07,7.07,7.07,0
2017-07-20,7.07,7.07,7.07,6.97,1
2017-07-21,7.07,7.07,7.07,7.07,0
2017-07-24,7.07,7.07,7.07,7.07,0
2017-07-25,7.07,7.07,7.07,7.07,0
2017-07-26,7.07,7.07,7.07,7.07,0
2017-07-27,7.07,7.07,7.07,7.07,0
2017-07-28,7.07,7.07,7.07,7.07,0
2017-07-31,7.07,7.07,7.07,7.07,0
2017-08-01,7.07,7.07,7.07,7.07,0
2017-08-02,7.07,7.07,7.07,7.07,0
2017-08-03,7.07,7.07,7.07,7.07,0
2017-08-04,7.07,7.07,7.07,7.07,0
2017-08-07,7.07,7.07,7.07,7.07,0
2017-08-08,7.07,7.07,7.07,7.07,0
2017-08-09,7.07,7.07,7.07,7.07,0
2017-08-10,7.07,7.07,7.07,7.07,0
2017-08-11,7.07,7.07,7.07,7.07,0
2017-08-14,7.07,7.07,7.07,7.07,0
2017-08-15,7.07,7.07,7.07,7.07,0
2017-08-16,7.07,7.07,7.07,7.07,0
2017-08-17,7.07,7.07,7.07,7.07,0
2017-08-18,7.07,7.07,7.07,7.07,0
2017-08-21,7.07,7.07,7.07,7.07,0
2017-08-22,7.07,7.07,7.07,7.07,0
2017-08-23,7.07,7.07,7.07,7.07,0
2017-08-24,7.07,7.07,7.07,7.07,0
2017-08-25,7.07,7.07,7.07,7.07,0
2017-08-28,7.07,7.07,7.07,7.07,0
2017-08-29,7.07,7.07,7.07,7.07,0
2017-08-30,7.07,7.07,7.07,7.07,0
2017-08-31,7.07,7.07,7.07,7.07,0
2017-09-01,9.55,9.55,9.55,9.55,100
2017-09-05,9.53,9.53,9.53,9.53,0
2017-09-06,9.53,9.53,9.53,9.53,0
2017-09-07,10.91,10.91,10.91,10.91,200
2017-09-08,12.5,12.5,12.5,12.5,100
2017-09-11,12.5,12.5,12.5,12.5,0
2017-09-12,10.76,10.86,10.66,10.86,2100
2017-09-13,10.71,10.71,10.71,10.71,0
2017-09-14,9.48,11.78,9.48,11.78,400
2017-09-15,12.55,12.55,12.55,12.55,100
2017-09-18,12.55,12.55,12.55,12.55,0
2017-09-19,12.55,12.55,12.55,12.55,0
2017-09-20,12.55,12.55,12.55,12.55,0
2017-09-21,12.55,12.55,12.55,12.55,0
2017-09-22,12.55,12.55,12.55,12.55,0
2017-09-25,12.55,12.55,12.55,12.55,0
2017-09-26,12.55,12.55,12.55,12.55,0
2017-09-27,12.55,12.55,12.55,12.55,0
2017-09-28,12.81,12.81,12.81,12.81,200
2017-09-29,12.81,12.81,12.81,12.81,0
2017-10-02,12.81,12.81,12.81,12.81,0
2017-10-03,12.81,12.81,12.81,12.81,0
2017-10-04,12.81,12.81,12.81,12.81,0
2017-10-05,12.81,12.81,12.81,12.81,103
2017-10-06,12.81,12.81,12.81,12.81,0
2017-10-09,12.81,12.81,12.81,12.81,0
2017-10-10,12.81,12.81,12.81,12.81,0
2017-10-11,12.81,12.81,12.81,12.81,0
2017-10-12,12.81,12.81,12.81,12.81,0
2017-10-13,12.81,12.81,12.81,12.81,0
2017-10-16,12.81,12.81,12.81,12.81,0
2017-10-17,12.81,12.81,12.81,12.81,0
2017-10-18,12.81,12.81,12.81,12.81,0
2017-10-19,12.81,12.81,12.81,12.81,0
2017-10-20,12.81,12.81,12.81,12.81,0
2017-10-23,12.81,12.81,12.81,12.81,0
2017-10-24,13.32,13.32,13.32,13.32,100
2017-10-25,13.32,13.32,13.32,13.32,0
2017-10-26,13.32,13.32,13.32,13.32,0
2017-10-27,13.32,13.32,13.32,13.32,0
2017-10-30,13.32,13.32,13.32,13.32,0
2017-10-31,13.32,13.32,13.32,13.32,0
2017-11-01,13.32,13.32,13.32,13.32,0
2017-11-02,13.32,13.32,13.32,13.32,0
2017-11-03,13.32,13.32,13.32,13.32,0
2017-11-06,13.32,13.32,13.32,13.32,0
2017-11-07,13.32,13.32,13.32,13.32,0
2017-11-08,13.32,13.32,13.32,13.32,0
2017-11-09,13.32,13.32,13.32,13.32,0
2017-11-10,13.32,13.32,13.32,13.32,0
2017-11-13,13.32,13.32,13.32,13.32,0
2017-11-14,13.32,13.32,13.32,13.32,0
2017-11-15,13.32,13.32,13.32,13.32,0
2017-11-16,14.86,14.86,14.86,14.86,100
2017-11-17,14.86,14.86,14.86,14.86,0
2017-11-20,14.86,14.86,14.86,14.86,0
2017-11-21,16.39,16.39,16.39,16.39,100
2017-11-22,16.39,16.39,16.39,16.39,0
2017-11-23,16.39,16.39,16.39,16.39,0
2017-11-24,16.39,16.39,16.39,16.39,0
2017-11-27,16.39,16.39,16.39,16.39,0
2017-11-28,16.39,16.39,16.39,16.39,0
2017-11-29,16.39,16.39,16.39,16.39,0
2017-11-30,16.39,16.39,16.39,16.39,0
2017-12-01,16.39,16.39,16.39,16.39,0
2017-12-04,16.39,16.39,16.39,16.39,0
2017-12-05,16.39,16.39,16.39,16.39,0
2017-12-06,16.39,16.39,16.39,16.39,0
2017-12-07,13.93,16.39,13.93,13.93,3300
2017-12-08,13.93,13.93,13.93,13.93,0
2017-12-11,13.93,13.93,13.93,13.93,0
2017-12-12,13.93,13.93,13.93,13.93,0
2017-12-13,13.93,13.93,13.93,13.93,0
2017-12-14,13.93,13.93,13.93,13.93,0
2017-12-15,13.32,13.32,13.32,13.32,100
2017-12-18,11.32,11.32,11.32,11.32,4362
2017-12-19,11.32,11.32,11.32,11.32,0
2017-12-20,11.32,11.32,11.32,11.32,0
2017-12-21,13.01,13.01,9.78,9.78,1200
2017-12-22,11.32,11.53,11.32,11.53,5375
2017-12-25,10.25,13.06,9.73,9.73,9600
2017-12-26,12.81,12.81,12.81,12.81,100
2017-12-27,13.58,13.58,13.58,13.58,100
2017-12-28,13.58,13.58,13.58,13.58,0
2017-12-29,13.58,13.58,13.58,13.58,0
2018-01-02,13.58,13.58,13.58,13.58,0
2018-01-03,11.58,11.58,11.58,11.58,1000
2018-01-04,12.81,13.27,12.81,13.27,1100
2018-01-05,13.22,13.22,13.22,13.22,0
2018-01-08,13.22,13.22,13.22,13.22,0
2018-01-09,13.22,13.22,13.22,13.22,0
2018-01-10,13.22,13.22,13.22,13.22,0
2018-01-11,13.22,13.22,13.22,13.22,0
2018-01-12,13.22,13.22,13.22,13.22,0
2018-01-15,13.22,13.22,13.22,13.22,0
2018-01-16,13.22,13.22,13.22,13.22,0
2018-01-17,13.22,13.22,13.22,13.22,0
2018-01-18,13.22,13.22,13.22,13.27,30
2018-01-19,13.22,13.22,13.22,13.22,0
2018-01-22,11.53,11.53,11.53,11.53,100
2018-01-23,11.53,11.53,11.53,11.53,0
2018-01-24,11.53,11.53,11.53,11.53,0
2018-01-25,11.53,11.53,11.53,11.53,0
2018-01-26,11.53,11.53,11.53,11.53,0
2018-01-29,11.53,11.53,11.53,11.53,0
2018-01-30,11.53,11.53,11.53,11.53,0
2018-01-31,11.53,11.53,11.53,11.53,0
2018-02-01,11.53,11.53,11.53,11.53,0
2018-02-02,11.53,11.53,11.53,11.53,0
2018-02-05,11.53,11.53,11.53,11.53,0
2018-02-06,11.53,11.53,11.53,11.53,0
2018-02-07,11.53,11.53,11.53,11.53,0
2018-02-08,11.53,11.53,11.53,11.53,0
2018-02-09,11.53,11.53,11.53,11.53,0
2018-02-12,11.53,11.53,11.53,11.53,0
2018-02-13,11.53,11.53,11.53,11.53,0
2018-02-21,11.53,11.53,11.53,11.53,3
2018-02-22,11.53,11.53,11.53,11.53,0
2018-02-23,11.53,11.53,11.53,11.53,0
2018-02-26,11.53,11.53,11.53,11.53,0
2018-02-27,11.53,11.53,11.53,11.53,0
2018-02-28,11.53,11.53,11.53,11.53,0
2018-03-01,11.53,11.53,11.53,11.53,0
2018-03-02,11.53,11.53,11.53,11.53,0
2018-03-05,11.53,11.53,11.53,11.53,0
2018-03-06,11.53,11.53,11.53,11.53,0
2018-03-07,11.53,11.53,11.53,11.53,0
2018-03-08,11.53,11.53,11.53,11.53,0
2018-03-09,11.53,11.53,11.53,11.53,0
2018-03-12,11.53,11.53,11.53,11.53,0
2018-03-13,11.53,11.53,11.53,11.53,0
2018-03-14,11.53,11.53,11.53,11.53,0
2018-03-15,11.53,11.53,11.53,11.53,0
2018-03-16,11.53,11.53,11.53,11.53,0
2018-03-19,11.53,11.53,11.53,11.53,0
2018-03-20,11.53,11.53,11.53,11.53,0
2018-03-21,11.78,11.78,11.78,11.78,100
2018-03-22,11.78,11.78,11.78,11.78,0
2018-03-23,11.78,11.78,11.78,11.78,0
2018-03-26,11.78,11.78,11.78,11.78,0
2018-03-27,11.78,11.78,11.78,11.78,0
2018-03-28,11.78,11.78,11.78,11.78,0
2018-03-29,11.78,11.78,11.78,11.78,0
2018-03-30,11.78,11.78,11.78,11.78,0
2018-04-02,10.76,10.76,10.76,10.76,100
2018-04-03,10.76,10.76,10.76,10.76,0
2018-04-04,10.76,10.76,10.76,10.76,0
2018-04-05,10.76,10.76,10.76,10.76,0
2018-04-06,10.76,10.76,10.76,10.76,0
2018-04-09,10.76,10.76,10.76,10.76,0
2018-04-10,10.76,10.76,10.76,10.76,0
2018-04-11,10.76,10.76,10.76,10.76,0
2018-04-12,10.76,10.76,10.76,10.76,0
2018-04-13,9.17,12.35,9.17,12.35,1300
2018-04-16,9.94,9.94,9.94,9.94,100
2018-04-17,11.42,11.42,11.42,11.42,100
2018-04-18,13.11,13.11,13.11,13.11,100
2018-04-19,14.86,14.86,14.86,14.86,100
2018-04-20,12.65,15.37,12.65,15.37,300
2018-04-23,12.29,16.6,12.29,16.6,400
2018-04-24,13.17,17.78,13.17,17.78,600
2018-04-26,14.5,14.5,14.5,14.5,100
2018-04-27,13.32,13.32,13.32,13.32,100
2018-05-02,13.32,13.32,13.32,13.32,0
2018-05-03,13.32,13.32,13.32,13.32,0
2018-05-04,13.32,13.32,13.32,13.32,0
2018-05-07,13.32,13.32,13.32,13.32,0
2018-05-08,13.32,13.32,13.32,13.32,0
2018-05-09,13.32,13.32,13.32,13.32,0
2018-05-10,13.32,13.32,13.32,13.32,0
2018-05-11,13.32,13.32,13.32,13.32,0
2018-05-14,13.32,13.32,13.32,13.32,0
2018-05-15,13.32,13.32,13.32,13.32,0
2018-05-16,13.32,13.32,13.32,13.32,0
2018-05-17,13.32,13.32,13.32,13.32,0
2018-05-18,13.32,13.32,13.32,13.32,0
2018-05-21,13.32,13.32,13.32,13.32,0
2018-05-22,13.32,13.32,13.32,13.32,0
2018-05-23,13.32,13.32,13.32,14.43,2
2018-05-24,13.32,13.32,13.32,13.32,0
2018-05-25,13.32,13.32,13.32,13.32,0
2018-05-28,13.32,13.32,13.32,13.32,0
2018-05-29,13.32,13.32,13.32,13.32,0
2018-05-30,11.32,11.32,11.32,11.32,100
2018-05-31,11.32,11.32,11.32,11.32,0
2018-06-01,11.32,11.32,11.32,11.32,0
2018-06-04,11.32,11.32,11.32,11.32,0
2018-06-05,11.32,11.32,11.32,11.32,0
2018-06-06,11.32,11.32,11.32,11.32,0
2018-06-07,11.32,11.32,11.32,11.32,0
2018-06-08,11.32,11.32,11.32,11.32,0
2018-06-11,11.32,11.32,11.32,11.32,0
2018-06-12,11.32,11.32,11.32,11.32,0
2018-06-13,11.32,11.32,11.32,11.32,0
2018-06-14,11.32,11.32,11.32,11.32,0
2018-06-15,11.32,11.32,11.32,11.32,0
2018-06-18,11.32,11.32,11.32,11.32,0
2018-06-19,11.32,11.32,11.32,11.32,0
2018-06-20,11.32,11.32,11.32,11.32,0
2018-06-21,11.32,11.32,11.32,11.32,0
2018-06-22,11.32,11.32,11.32,11.32,0
2018-06-25,11.32,11.32,11.32,11.32,0
2018-06-26,11.32,11.32,11.32,11.32,0
2018-06-27,11.32,11.32,11.32,11.32,0
2018-06-28,11.32,11.32,11.32,11.32,0
2018-06-29,11.32,11.32,11.32,11.32,0
2018-07-02,11.32,11.32,11.32,11.32,0
2018-07-03,11.32,11.32,11.32,11.32,0
2018-07-04,11.32,11.32,11.32,11.32,0
2018-07-05,11.1,11.1,11.1,11.1,100
2018-07-06,11.1,11.1,11.1,11.1,0
2018-07-09,11.1,11.1,11.1,11.1,0
2018-07-10,11.1,11.1,11.1,11.1,0
2018-07-11,11.1,11.1,11.1,11.1,0
2018-07-12,11.1,11.1,11.1,11.1,0
2018-07-13,11.1,11.1,11.1,11.1,0
2018-07-16,11.1,11.1,11.1,11.1,0
2018-07-17,11.1,11.1,11.1,11.1,0
2018-07-18,11.1,11.1,11.1,11.1,0
2018-07-19,11.1,11.1,11.1,11.1,0
2018-07-20,11.1,11.1,11.1,11.1,0
2018-07-23,11.1,11.1,11.1,11.1,0
2018-07-24,11.1,11.1,11.1,11.1,0
2018-07-25,11.1,11.1,11.1,11.1,0
2018-07-26,11.1,11.1,11.1,11.1,0
2018-07-27,11.1,11.1,11.1,11.1,0
2018-07-30,11.1,11.1,11.1,11.1,0
2018-07-31,11.1,11.1,11.1,11.1,0
2018-08-01,11.1,11.1,11.1,11.1,0
2018-08-02,11.1,11.1,11.1,11.1,0
2018-08-03,11.1,11.1,11.1,11.1,0
2018-08-06,11.1,11.1,11.1,11.1,0
2018-08-07,11.1,11.1,11.1,11.1,0
2018-08-08,11.1,11.1,11.1,11.1,0
2018-08-09,11.1,11.1,11.1,11.1,0
2018-08-10,11.1,11.1,11.1,11.1,0
2018-08-13,11.1,11.1,11.1,11.1,0
2018-08-14,14.98,14.98,14.98,14.98,1800
2018-08-15,12.82,12.82,12.82,12.82,100
2018-08-16,12.82,12.82,12.82,12.82,0
2018-08-17,12.82,12.82,12.82,12.82,0
2018-08-20,10.93,10.93,10.93,10.93,100
2018-08-21,10.93,10.93,10.93,10.93,0
2018-08-22,10.93,10.93,10.93,10.93,0
2018-08-23,10.93,10.93,10.93,10.93,0
2018-08-24,10.93,10.93,10.93,10.93,0
2018-08-27,10.93,10.93,10.93,10.93,0
2018-08-28,10.93,10.93,10.93,10.93,0
2018-08-29,10.93,10.93,10.93,10.93,0
2018-08-30,10.93,10.93,10.93,10.93,0
2018-08-31,10.93,10.93,10.93,10.93,0
2018-09-04,10.93,10.93,10.93,10.93,0
2018-09-05,10.93,10.93,10.93,10.93,0
2018-09-06,12.54,12.54,12.54,12.54,200
2018-09-07,10.71,14.37,10.71,14.37,200
2018-09-10,12.54,12.54,12.54,12.54,0
2018-09-11,12.54,12.54,12.54,12.54,0
2018-09-12,14.37,14.37,14.37,14.37,100
2018-09-13,16.48,16.48,16.48,16.48,100
2018-09-14,16.48,16.48,16.48,16.48,0
2018-09-17,18.87,18.87,18.87,18.87,200
2018-09-18,21.64,21.64,18.87,18.87,200
2018-09-19,20.26,20.26,20.26,20.26,0
2018-09-20,20.26,20.26,20.26,20.26,0
2018-09-21,20.26,20.26,20.26,20.26,0
2018-09-24,17.26,19.42,17.26,19.42,200
2018-09-25,18.37,18.37,18.37,18.37,0
2018-09-26,21.09,21.09,21.09,21.09,100
2018-09-27,20.53,20.53,20.53,20.53,600
2018-09-28,22.2,22.2,19.42,19.42,300
2018-10-01,19.42,19.42,19.42,19.42,100
2018-10-02,19.42,19.42,16.65,16.65,2500
2018-10-03,19.42,21.7,19.42,21.7,1200
2018-10-04,20.76,20.76,20.76,20.76,0
2018-10-05,20.76,20.76,20.76,20.76,0
2018-10-08,17.65,17.65,17.65,17.65,100
2018-10-09,15.04,15.04,15.04,15.04,100
2018-10-10,12.82,12.82,12.82,12.82,100
2018-10-11,14.71,14.71,14.71,14.71,2000
2018-10-12,16.87,16.87,16.87,16.87,2600
2018-10-15,16.87,19.37,16.87,19.37,1700
2018-10-16,16.65,22.03,16.65,16.65,1700
2018-10-17,17.26,17.26,17.26,17.26,0
2018-10-18,17.26,17.26,17.26,17.26,0
2018-10-19,17.26,17.26,17.26,17.26,0
2018-10-22,17.26,17.26,17.26,17.26,0
2018-10-23,17.26,17.26,17.26,17.26,0
2018-10-24,17.26,17.26,17.26,17.26,0
2018-10-25,18.37,18.37,18.37,18.37,2500
2018-10-26,18.37,18.37,18.37,18.37,0
2018-10-29,18.37,18.37,18.37,18.37,0
2018-10-30,18.37,18.37,18.37,18.37,2500
2018-10-31,18.37,18.37,18.37,18.37,0
2018-11-01,16.09,16.09,16.09,16.09,2000
2018-11-02,16.09,16.09,16.09,16.09,0
2018-11-05,16.09,16.09,16.09,16.09,0
2018-11-06,13.71,13.71,13.71,13.71,100
2018-11-07,13.71,13.71,13.71,13.71,0
2018-11-08,13.71,13.71,13.71,13.71,0
2018-11-09,15.76,15.76,15.76,15.76,100
2018-11-12,15.76,15.76,15.76,15.76,0
2018-11-13,13.6,13.6,13.6,13.6,100
2018-11-14,13.6,13.6,13.6,13.6,0
2018-11-15,13.6,13.6,13.6,13.6,0
2018-11-16,15.59,15.59,15.59,15.59,100
2018-11-19,13.26,13.26,13.26,13.26,100
2018-11-20,13.26,13.26,13.26,13.26,0
2018-11-21,13.26,13.26,13.26,13.26,0
2018-11-22,15.21,15.21,15.21,15.21,100
2018-11-23,15.21,15.21,15.21,15.21,0
2018-11-26,15.21,15.21,15.21,15.21,0
2018-11-27,13.37,13.37,13.37,13.37,100
2018-11-28,13.37,13.37,13.37,13.37,0
2018-11-29,13.37,13.37,13.37,13.37,0
2018-11-30,13.37,13.37,13.37,13.37,0
2018-12-03,11.65,13.43,11.65,13.43,200
2018-12-04,12.54,13.43,13.43,13.43,0
2018-12-05,12.54,13.43,13.43,13.43,0
2018-12-06,14.37,14.37,14.37,14.37,100
2018-12-07,14.37,14.37,14.37,14.37,0
2018-12-10,14.37,14.37,14.37,14.37,0
2018-12-11,14.37,14.37,14.37,14.37,0
2018-12-12,14.37,14.37,14.37,14.37,0
2018-12-13,14.37,14.37,14.37,14.37,0
2018-12-14,16.48,16.48,16.48,16.48,100
2018-12-17,18.92,18.92,18.92,18.92,100
2018-12-18,21.75,21.75,21.75,21.75,200
2018-12-19,21.75,22.2,21.75,22.2,2700
2018-12-20,18.7,18.7,18.7,18.7,100
2018-12-21,15.93,15.93,15.93,15.93,100
2018-12-24,13.65,13.65,13.65,13.65,100
2018-12-25,13.65,13.65,13.65,13.65,0
2018-12-26,13.65,13.65,13.65,13.65,0
2018-12-27,15.48,15.48,15.48,15.48,100
2018-12-28,17.76,17.76,17.76,17.76,100
2019-01-02,20.42,20.42,20.42,20.42,100
2019-01-03,23.47,23.47,23.47,23.47,200
2019-01-04,19.98,26.64,19.98,26.64,200
2019-01-07,19.81,19.81,19.81,19.81,100
2019-01-08,16.87,22.75,16.87,22.75,300
2019-01-09,20.81,22.75,22.75,22.75,0
2019-01-10,23.31,23.31,23.31,23.31,600
2019-01-11,23.31,25.76,25.76,25.76,0
2019-01-14,21.96,21.96,21.96,21.96,100
2019-01-15,25.21,25.21,25.21,25.21,900
2019-01-16,25.21,25.21,25.21,25.21,0
2019-01-17,25.21,25.21,25.21,25.21,0
2019-01-18,25.21,25.21,25.21,25.21,1
2019-01-21,25.21,25.21,25.21,25.21,0
2019-01-22,25.21,25.21,25.21,25.21,0
2019-01-23,25.21,25.21,25.21,25.21,0
2019-01-24,25.21,25.21,25.21,25.21,0
2019-01-25,25.21,25.21,25.21,25.21,0
2019-01-28,25.21,25.21,25.21,25.21,0
2019-01-29,25.21,25.21,25.21,25.21,0
2019-01-30,25.21,25.21,25.21,25.21,0
2019-01-31,25.21,25.21,25.21,25.21,0
2019-02-01,25.21,25.21,25.21,25.21,0
2019-02-11,28.95,28.95,28.95,28.95,100
2019-02-12,32.51,32.51,32.51,32.51,100
2019-02-13,36.19,36.19,27.66,27.66,200
2019-02-14,31.96,27.66,27.66,27.66,0
2019-02-15,31.96,27.66,27.66,27.66,0
2019-02-18,31.96,27.66,27.66,27.66,0
2019-02-19,31.96,27.66,27.66,27.66,0
2019-02-20,31.96,27.66,27.66,27.66,0
2019-02-21,31.96,27.66,27.66,27.66,0
2019-02-22,31.96,27.66,27.66,27.66,0
2019-02-25,31.96,27.66,27.66,27.66,0
2019-02-26,27.17,27.17,27.17,27.17,300
2019-02-27,27.17,27.17,27.17,27.17,0
2019-02-28,27.17,27.17,27.17,27.17,0
2019-03-01,27.17,27.17,27.17,27.17,0
2019-03-04,27.17,27.17,27.17,27.17,0
2019-03-05,27.17,27.17,27.17,27.17,0
2019-03-06,24.53,24.53,24.53,24.53,1000
2019-03-07,24.53,24.53,24.53,24.53,0
2019-03-08,24.53,24.53,24.53,24.53,0
2019-03-11,24.53,24.53,24.53,24.53,0
2019-03-12,28.21,28.21,28.21,28.21,300
2019-03-13,31.28,31.28,31.28,31.28,1000
2019-03-14,31.28,31.28,31.28,31.28,0
2019-03-15,26.62,35.27,26.62,35.27,200
2019-03-18,35.27,35.57,35.27,35.57,13200
2019-03-19,40.91,40.91,30.24,30.24,200
2019-03-20,35.57,30.24,30.24,30.24,0
2019-03-21,30.24,30.24,30.24,30.24,100
2019-03-22,30.24,30.24,30.24,30.24,0
2019-03-25,30.67,30.67,30.67,30.67,9100
2019-03-26,30.67,30.67,30.67,30.67,0
2019-03-27,33.06,33.06,33.06,33.06,500
2019-03-28,33.06,33.06,33.06,33.06,0
2019-03-29,33.06,33.06,33.06,33.06,0
2019-04-01,37.97,37.97,37.97,37.97,900
2019-04-02,37.97,37.97,37.97,37.97,0
2019-04-03,37.97,37.97,37.97,37.97,0
2019-04-04,37.97,37.97,37.97,37.97,0
2019-04-05,37.97,37.97,37.97,37.97,0
2019-04-08,32.32,32.32,32.32,32.32,100
2019-04-09,32.32,32.32,32.32,32.32,0
2019-04-10,32.32,32.32,32.32,32.32,0
2019-04-11,32.32,32.32,32.32,32.32,0
2019-04-12,32.32,32.32,32.32,32.32,0
2019-04-16,32.32,32.32,32.32,32.32,0
2019-04-17,32.32,32.32,32.32,32.32,0
2019-04-18,32.32,32.32,32.32,32.32,0
2019-04-19,32.32,32.32,32.32,32.32,0
2019-04-22,30.67,30.67,30.67,30.67,100
2019-04-23,30.67,30.67,30.67,30.67,0
2019-04-24,30.67,30.67,30.67,30.67,0
2019-04-25,30.67,30.67,30.67,30.67,0
2019-04-26,30.67,30.67,30.67,30.67,0
2019-05-02,30.67,30.67,30.67,30.67,0
2019-05-03,30.67,30.67,30.67,30.67,0
2019-05-06,30.67,30.67,30.67,30.67,0
2019-05-07,30.67,30.67,30.67,30.67,0
2019-05-08,30.67,30.67,30.67,30.67,0
2019-05-09,30.67,30.67,30.67,30.67,0
2019-05-10,26.07,26.07,26.07,26.07,100
2019-05-13,26.07,26.07,26.07,26.07,0
2019-05-14,26.07,26.07,26.07,26.07,0
2019-05-15,23.92,29.44,23.92,29.44,200
2019-05-16,26.68,29.44,29.44,29.44,0
2019-05-17,26.68,29.44,29.44,29.44,0
2019-05-20,26.68,29.44,29.44,29.44,0
2019-05-21,26.68,29.44,29.44,29.44,0
2019-05-22,26.68,29.44,29.44,29.44,0
2019-05-23,26.68,29.44,29.44,29.44,0
2019-05-24,26.68,29.44,29.44,29.44,0
2019-05-27,26.68,29.44,29.44,29.44,0
2019-05-28,23.37,23.37,23.37,23.37,100
2019-05-29,20.24,20.24,20.24,20.24,100
2019-05-30,17.85,17.85,17.85,17.85,100
2019-05-31,17.85,17.85,17.85,17.85,0
2019-06-03,17.85,17.85,17.85,17.85,0
2019-06-04,17.85,17.85,17.85,17.85,0
2019-06-05,17.85,17.85,17.85,17.85,0
2019-06-06,15.4,15.4,15.4,15.4,100
2019-06-07,14.84,14.84,14.84,14.84,100
2019-06-10,14.84,14.84,14.84,14.84,0
2019-06-11,14.84,14.84,14.84,14.84,0
2019-06-12,14.84,14.84,14.84,14.84,0
2019-06-13,14.84,14.84,14.84,14.84,0
2019-06-14,14.84,14.84,14.84,14.84,0
2019-06-17,14.84,14.84,14.84,14.84,0
2019-06-18,14.84,14.84,14.84,14.84,0
2019-06-19,14.84,14.84,14.84,14.84,0
2019-06-20,17.05,17.05,17.05,17.05,100
2019-06-21,19.57,19.57,19.57,19.57,100
2019-06-24,22.45,22.45,22.45,22.45,100
2019-06-25,22.45,22.45,22.45,22.45,0
2019-06-26,19.14,25.09,19.14,25.09,200
2019-06-27,24.53,24.53,24.53,24.53,100
2019-06-28,20.85,20.85,20.85,20.85,100
2019-07-01,23.92,23.92,23.92,23.92,100
2019-07-02,20.85,20.85,20.85,20.85,100
2019-07-03,21.16,21.16,20.49,20.85,2300
2019-07-04,18.16,23.61,18.16,20.73,4800
2019-07-05,21.47,21.47,21.47,21.47,500
2019-07-08,19.63,19.63,19.63,19.63,100
2019-07-09,19.63,19.63,19.63,19.63,0
2019-07-10,19.63,19.63,19.63,19.63,0
2019-07-11,20.55,20.55,20.55,20.55,100
2019-07-12,20.55,20.55,20.55,20.55,0
2019-07-15,20.55,20.55,20.55,20.55,0
2019-07-16,20.55,20.55,20.55,20.55,0
2019-07-17,22.08,22.57,22.08,22.57,500
2019-07-18,19.08,19.08,19.08,19.08,100
2019-07-19,19.08,19.08,19.08,19.08,0
2019-07-22,19.08,19.08,19.08,19.08,1
2019-07-23,20.55,20.55,20.55,20.55,100
2019-07-24,22.69,22.69,22.69,22.69,100
2019-07-25,19.32,19.32,19.32,19.32,100
2019-07-26,18.83,18.83,18.83,18.83,100
2019-07-29,18.83,18.83,18.83,18.83,0
2019-07-30,18.83,18.83,18.83,18.83,0
2019-07-31,21.47,21.47,21.47,21.47,100
2019-08-01,18.28,18.28,18.28,18.28,100
2019-08-02,18.28,18.28,18.28,18.28,0
2019-08-05,20.98,20.98,20.98,20.98,300
2019-08-06,23.25,23.25,23.25,23.25,100
2019-08-07,23.25,23.25,23.25,23.25,0
2019-08-08,23.25,23.25,23.25,23.25,0
2019-08-09,23.25,23.25,23.25,23.25,0
2019-08-12,26.62,26.62,26.62,26.62,2500
2019-08-13,26.99,30.61,26.99,30.61,1600
2019-08-14,30.61,30.61,30.61,30.61,3000
2019-08-15,30.61,30.61,30.61,30.61,0
2019-08-16,26.07,26.07,26.07,26.07,100
2019-08-19,26.07,26.07,26.07,26.07,0
2019-08-20,26.07,26.07,26.07,26.07,0
2019-08-21,26.07,26.07,26.07,26.07,0
2019-08-22,26.07,26.07,26.07,26.07,0
2019-08-23,26.07,26.07,26.07,26.07,0
2019-08-26,26.07,26.07,26.07,26.07,0
2019-08-27,26.07,26.07,26.07,26.07,0
2019-08-28,26.07,26.07,26.07,26.07,0
2019-08-29,26.07,26.07,26.07,26.07,0
2019-08-30,26.07,26.07,26.07,26.07,0
2019-09-03,26.07,26.07,26.07,26.07,0
2019-09-04,26.07,26.07,26.07,26.07,0
2019-09-05,26.07,26.07,26.07,26.07,0
2019-09-06,26.07,26.07,26.07,26.07,0
2019-09-09,26.07,26.07,26.07,26.07,0
2019-09-10,26.07,26.07,26.07,26.07,0
2019-09-11,26.07,26.07,26.07,26.07,0
2019-09-12,26.07,26.07,26.07,26.07,0
2019-09-13,26.07,26.07,26.07,26.07,0
2019-09-16,26.07,26.07,26.07,26.07,0
2019-09-17,26.07,26.07,26.07,26.07,0
2019-09-18,26.07,26.07,26.07,26.07,0
2019-09-19,26.07,26.07,26.07,26.07,0
2019-09-20,26.07,26.07,26.07,26.07,1000
2019-09-23,26.07,26.07,26.07,26.07,0
2019-09-24,26.07,26.07,26.07,26.07,0
2019-09-25,26.07,26.07,26.07,26.07,0
2019-09-26,26.07,26.07,26.07,26.07,0
2019-09-27,26.07,26.07,26.07,26.07,0
2019-09-30,26.07,26.07,26.07,26.07,0
2019-10-01,26.07,26.07,26.07,26.07,0
2019-10-02,26.07,26.07,26.07,26.07,0
2019-10-03,26.07,26.07,26.07,26.07,0
2019-10-04,26.07,26.07,26.07,26.07,0
2019-10-07,26.07,26.07,26.07,26.07,0
2019-10-08,26.07,26.07,26.07,26.07,0
2019-10-09,26.07,26.07,26.07,26.07,0
2019-10-10,26.07,26.07,26.07,26.07,0
2019-10-11,26.07,26.07,26.07,26.07,0
2019-10-14,26.07,26.07,26.07,26.07,0
2019-10-15,26.07,26.07,26.07,26.07,0
2019-10-16,26.07,26.07,26.07,26.07,0
2019-10-17,26.07,26.07,26.07,26.07,0
2019-10-18,26.07,26.07,26.07,26.07,0
2019-10-21,26.07,26.07,26.07,26.07,0
2019-10-22,22.39,22.39,22.39,22.39,100
2019-10-23,22.39,22.39,22.39,22.39,0
2019-10-24,22.39,22.39,22.39,22.39,0
2019-10-25,22.39,22.39,22.39,22.39,0
2019-10-28,22.39,22.39,22.39,22.39,0
2019-10-29,22.39,22.39,22.39,22.39,0
2019-10-30,22.39,22.39,22.39,22.39,0
2019-10-31,21.47,21.47,21.47,22.39,400
2019-11-01,21.47,21.47,21.47,21.47,0
2019-11-04,21.47,21.47,21.47,21.47,0
2019-11-05,24.53,24.53,24.53,24.53,10000
2019-11-06,24.53,24.53,24.53,24.53,0
2019-11-07,26.99,28.21,26.99,28.21,13800
2019-11-08,23.68,23.68,23.68,23.68,100
2019-11-11,20.3,20.3,20.3,20.3,100
2019-11-12,20.3,20.3,20.3,20.3,0
2019-11-13,20.3,20.3,20.3,20.3,0
2019-11-14,20.3,20.3,20.3,20.3,0
2019-11-15,20.3,20.3,20.3,20.3,0
2019-11-18,20.3,20.3,20.3,20.3,0
2019-11-19,20.3,20.3,20.3,20.3,0
2019-11-20,20.3,20.3,20.3,20.3,0
2019-11-21,20.3,20.3,20.3,20.3,0
2019-11-22,20.3,20.3,20.3,20.3,0
2019-11-25,20.3,20.3,20.3,20.3,0
2019-11-26,20.3,20.3,20.3,20.3,0
2019-11-27,20.3,20.3,20.3,20.3,0
2019-11-28,20.3,20.3,20.3,20.3,0
2019-11-29,20.3,20.3,20.3,20.3,0
2019-12-02,20.3,20.3,20.3,20.3,0
2019-12-03,20.3,20.3,20.3,20.3,0
2019-12-04,20.3,20.3,20.3,20.3,0
2019-12-05,20.3,20.3,20.3,20.3,0
2019-12-06,20.3,20.3,20.3,20.3,0
2019-12-09,20.3,20.3,20.3,20.3,0
2019-12-10,20.3,20.3,20.3,20.3,20
2019-12-11,20.3,20.3,20.3,20.3,0
2019-12-12,20.3,20.3,20.3,20.3,0
2019-12-13,20.3,20.3,20.3,20.3,0
2019-12-16,20.3,20.3,20.3,20.3,0
2019-12-17,20.3,20.3,20.3,20.3,0
2019-12-18,20.3,20.3,20.3,20.3,0
2019-12-19,20.3,20.3,20.3,20.3,0
2019-12-20,20.3,20.3,20.3,20.3,0
2019-12-23,20.3,20.3,20.3,20.3,0
2019-12-24,20.3,20.3,20.3,20.3,0
2019-12-25,20.3,20.3,20.3,20.3,0
2019-12-26,20.3,20.3,20.3,20.3,0
2019-12-27,20.3,20.3,20.3,20.3,0
2019-12-30,20.3,20.3,20.3,20.3,0
2019-12-31,20.3,20.3,20.3,20.3,0
2020-01-02,20.3,20.3,20.3,20.3,0
2020-01-03,20.3,20.3,20.3,20.3,0
2020-01-06,20.3,20.3,20.3,20.3,0
2020-01-07,20.3,20.3,20.3,20.3,0
2020-01-08,20.3,20.3,20.3,20.3,0
2020-01-09,20.3,20.3,20.3,20.3,0
2020-01-10,20.3,20.3,20.3,20.3,0
2020-01-13,20.3,20.3,20.3,20.3,0
2020-01-14,20.3,20.3,20.3,20.3,0
2020-01-15,20.3,20.3,20.3,20.3,0
2020-01-16,20.3,20.3,20.3,20.3,0
2020-01-17,20.3,20.3,20.3,20.3,0
2020-01-20,20.3,20.3,20.3,20.3,0
2020-01-21,20.3,20.3,20.3,20.3,0
2020-01-22,20.3,20.3,20.3,20.3,0
2020-01-30,20.3,20.3,20.3,20.3,0
2020-01-31,20.3,20.3,20.3,20.3,0
2020-02-03,20.3,20.3,20.3,20.3,0
2020-02-04,20.3,20.3,20.3,20.3,0
2020-02-05,20.3,20.3,20.3,20.3,0
2020-02-06,20.3,20.3,20.3,20.3,0
2020-02-07,20.3,20.3,20.3,20.3,0
2020-02-10,20.3,20.3,20.3,20.3,0
2020-02-11,20.3,20.3,20.3,20.3,0
2020-02-12,20.3,20.3,20.3,20.3,0
2020-02-13,20.3,20.3,20.3,20.3,0
2020-02-14,20.3,20.3,20.3,20.3,0
2020-02-17,22.08,22.08,22.08,22.08,100
2020-02-18,18.77,18.77,18.77,18.77,100
2020-02-19,16.68,16.68,16.68,16.68,100
2020-02-20,16.68,16.68,16.68,16.68,0
2020-02-21,16.68,16.68,16.68,16.68,0
2020-02-24,16.68,16.68,16.68,16.68,0
2020-02-25,16.68,17.32,17.32,17.32,0
2020-02-26,16.68,17.32,17.32,17.32,0
2020-02-27,16.68,17.32,17.32,17.32,0
2020-02-28,16.68,17.32,17.32,17.32,0
2020-03-02,16.68,17.32,17.32,17.32,0
2020-03-03,16.68,17.32,17.32,17.32,0
2020-03-04,19.17,19.17,19.17,19.17,102
2020-03-05,19.17,19.17,19.17,19.17,0
2020-03-06,22.03,22.03,22.03,22.03,100
2020-03-09,22.03,22.03,22.03,22.03,0
2020-03-10,22.03,22.03,22.03,22.03,0
2020-03-11,22.03,22.03,22.03,22.03,0
2020-03-12,22.03,22.03,22.03,22.03,10
2020-03-13,22.03,22.03,22.03,22.03,0
2020-03-16,22.03,22.03,22.03,22.03,0
2020-03-17,22.03,22.03,22.03,22.03,0
2020-03-18,22.03,22.03,22.03,22.03,0
2020-03-19,22.03,22.03,22.03,22.03,0
2020-03-20,22.03,22.03,22.03,22.03,0
2020-03-23,22.03,22.03,22.03,22.03,0
2020-03-24,22.03,22.03,22.03,22.03,0
2020-03-25,22.03,22.03,22.03,22.03,0
2020-03-26,22.03,22.03,22.03,22.03,0
2020-03-27,22.03,22.03,22.03,22.03,0
2020-03-30,22.03,22.03,22.03,22.03,0
2020-03-31,22.03,22.03,22.03,22.03,0
2020-04-01,22.03,22.03,22.03,22.03,0
2020-04-03,22.03,22.03,22.03,22.03,0
2020-04-06,22.03,22.03,22.03,22.03,0
2020-04-07,22.03,22.03,22.03,22.03,0
2020-04-08,22.03,22.03,22.03,22.03,0
2020-04-09,22.03,22.03,22.03,22.03,0
2020-04-10,22.03,22.03,22.03,22.03,0
2020-04-13,22.03,22.03,22.03,22.03,0
2020-04-14,22.03,22.03,22.03,22.03,0
2020-04-15,22.03,22.03,22.03,22.03,0
2020-04-16,22.03,22.03,22.03,22.03,0
2020-04-17,22.03,22.03,22.03,22.03,0
2020-04-20,22.03,22.03,22.03,22.03,0
2020-04-21,22.03,22.03,22.03,22.03,0
2020-04-22,22.03,22.03,22.03,22.03,0
2020-04-23,22.03,22.03,22.03,22.03,0
2020-04-24,22.03,22.03,22.03,22.03,0
2020-04-27,22.03,22.03,22.03,22.03,0
2020-04-28,22.03,22.03,22.03,22.03,0
2020-04-29,22.03,22.03,22.03,22.03,0
2020-05-04,22.03,22.03,22.03,22.03,0
2020-05-05,14.65,14.65,14.65,14.65,100
2020-05-06,14.65,14.65,14.65,14.65,0
2020-05-07,14.65,14.65,14.65,14.65,0
2020-05-08,14.65,14.65,14.65,14.65,0
2020-05-11,14.65,14.65,14.65,14.65,0
2020-05-12,14.65,14.65,14.65,14.65,0
2020-05-13,14.65,14.65,14.65,14.65,10
2020-05-14,14.65,14.65,14.65,14.65,0
2020-05-15,14.65,14.65,14.65,14.65,0
2020-05-18,14.65,14.65,14.65,14.65,0
2020-05-19,14.65,14.65,14.65,14.65,87
2020-05-20,14.65,14.65,14.65,14.65,0
2020-05-21,14.65,14.65,14.65,14.65,0
2020-05-22,14.65,14.65,14.65,14.65,87
2020-05-25,14.65,14.65,14.65,14.65,0
2020-05-26,14.65,14.65,14.65,14.65,0
2020-05-27,14.65,14.65,14.65,14.65,0
2020-05-28,14.65,14.65,14.65,14.65,0
2020-05-29,14.65,14.65,14.65,14.65,0
2020-06-01,14.65,14.65,14.65,14.65,0
2020-06-02,14.65,14.65,14.65,14.65,0
2020-06-03,14.65,14.65,14.65,14.65,0
2020-06-04,14.65,14.65,14.65,14.65,0
2020-06-05,16.81,16.81,16.81,16.81,100
2020-06-08,19.29,19.29,19.29,19.29,100
2020-06-09,21.97,21.97,21.97,21.97,100
2020-06-10,24.52,24.52,24.52,24.52,100
2020-06-11,26.49,26.49,26.49,26.49,100
2020-06-12,22.54,22.54,22.54,22.54,300
2020-06-15,22.54,22.54,22.54,22.54,0
2020-06-16,22.54,22.54,22.54,22.54,0
2020-06-17,22.54,22.54,22.54,22.54,0
2020-06-18,22.54,22.54,22.54,22.54,0
2020-06-19,22.54,22.54,22.54,22.54,0
2020-06-22,22.54,22.54,22.54,22.54,0
2020-06-23,25.47,25.47,25.47,25.47,100
2020-06-24,25.47,25.47,25.47,25.47,0
2020-06-25,25.47,25.47,25.47,25.47,0
2020-06-26,25.47,25.47,25.47,25.47,0
2020-06-29,25.47,25.47,25.47,25.47,0
2020-06-30,25.47,25.47,25.47,25.47,0
2020-07-01,25.47,25.47,25.47,25.47,0
2020-07-02,25.47,25.47,25.47,25.47,0
2020-07-03,25.47,25.47,25.47,25.47,0
2020-07-06,25.47,25.47,25.47,25.47,0
2020-07-07,25.47,25.47,25.47,25.47,0
2020-07-08,25.47,25.47,25.47,25.47,0
2020-07-09,25.47,25.47,25.47,25.47,0
2020-07-10,22.92,22.92,22.92,22.92,1100
2020-07-13,22.92,23.18,23.18,23.18,0
2020-07-14,22.92,23.18,23.18,23.18,0
2020-07-15,22.92,22.92,22.92,23.18,20
2020-07-16,21.25,21.25,21.25,21.25,100
2020-07-17,21.25,21.25,21.25,21.25,0
2020-07-20,21.25,21.25,21.25,21.25,0
2020-07-21,21.89,21.89,21.89,21.89,100
2020-07-22,22.47,22.47,22.47,22.47,100
2020-07-23,22.54,22.54,22.54,22.54,100
2020-07-24,22.54,22.54,22.54,22.54,0
2020-07-27,22.54,22.54,22.54,22.54,100
2020-07-28,22.54,22.54,22.54,22.54,0
2020-07-29,22.54,22.54,22.54,22.54,0
2020-07-30,21.89,21.89,21.89,21.89,200
2020-07-31,21.89,21.89,21.89,21.89,0
2020-08-03,21.89,21.89,21.89,21.89,0
2020-08-04,21.89,21.89,21.89,21.89,0
2020-08-05,21.89,21.89,21.89,21.89,0
2020-08-06,21.89,21.89,21.89,21.89,0
2020-08-07,21.89,21.89,21.89,21.89,0
2020-08-10,21.89,21.89,21.89,21.89,0
2020-08-11,21.89,21.89,21.89,21.89,0
2020-08-12,21.89,21.89,21.89,21.89,0
2020-08-13,21.89,21.89,21.89,21.89,5
2020-08-14,21.89,21.89,21.89,21.89,0
2020-08-17,19.64,19.96,19.32,19.32,3600
2020-08-18,16.55,16.55,16.55,16.55,100
2020-08-19,16.55,16.55,16.55,16.55,0
2020-08-20,16.55,16.55,16.55,16.55,0
2020-08-21,19.0,19.0,19.0,19.0,100
2020-08-24,19.0,19.0,19.0,19.0,0
2020-08-25,21.77,21.77,21.77,21.77,100
2020-08-26,21.77,21.77,21.77,21.77,0
2020-08-27,21.77,21.77,21.77,21.77,1
2020-08-28,21.77,21.77,21.77,21.77,0
2020-08-31,21.77,21.77,21.77,21.77,0
2020-09-01,24.47,24.47,24.47,24.47,5000
2020-09-03,20.8,20.86,20.8,20.8,11225
2020-09-04,19.96,19.96,19.32,19.32,15000
2020-09-07,19.64,22.41,19.32,19.96,30100
2020-09-08,22.22,22.22,22.22,22.22,100
2020-09-09,19.38,25.11,19.38,25.11,300
2020-09-10,19.38,19.96,19.38,19.96,15100
2020-09-11,19.96,19.96,19.96,19.96,0
2020-09-14,19.96,19.96,19.96,19.96,1
2020-09-15,19.51,19.51,19.51,19.51,100
2020-09-16,19.51,19.51,19.51,19.51,0
2020-09-17,19.51,19.51,19.51,19.51,0
2020-09-18,19.51,19.51,19.51,19.51,0
2020-09-21,19.51,19.51,19.51,19.51,0
2020-09-22,19.51,19.51,19.51,19.51,0
2020-09-23,19.51,19.51,19.51,19.51,0
2020-09-24,19.51,19.51,19.51,19.51,0
2020-09-25,19.96,19.96,19.96,19.96,15000
2020-09-28,20.03,20.03,20.03,20.03,4001
2020-09-29,20.03,20.03,20.03,20.03,0
2020-09-30,19.96,19.96,19.96,19.96,15000
2020-10-01,19.96,19.96,19.96,19.96,0
2020-10-02,17.45,17.45,17.45,17.45,102
2020-10-05,17.45,17.45,17.45,17.45,0
2020-10-06,17.45,17.45,17.45,17.45,0
2020-10-07,17.45,17.45,17.45,17.45,0
2020-10-08,17.45,17.45,17.45,17.45,0
2020-10-09,17.45,17.45,17.45,17.45,0
2020-10-12,17.45,17.45,17.45,17.45,0
2020-10-13,17.45,17.45,17.45,17.45,0
2020-10-14,17.45,17.45,17.45,17.45,0
2020-10-15,17.45,17.45,17.45,17.45,0
2020-10-16,17.45,17.45,17.45,17.45,0
2020-10-19,17.45,17.45,17.45,17.45,0
2020-10-20,17.45,17.45,17.45,17.45,0
2020-10-21,17.45,17.45,17.45,17.45,0
2020-10-22,20.03,20.03,20.03,20.03,100
2020-10-23,20.03,20.03,20.03,20.03,0
2020-10-26,20.03,20.03,20.03,20.03,0
2020-10-27,20.03,20.03,20.03,20.03,0
2020-10-28,19.32,19.32,19.32,19.32,10000
2020-10-29,19.32,19.32,19.32,19.32,0
2020-10-30,21.83,21.83,21.83,21.83,100
2020-11-02,21.83,21.83,21.83,21.83,0
2020-11-03,21.83,21.83,21.83,21.83,0
2020-11-04,18.74,18.74,18.74,18.74,100
2020-11-05,18.74,18.74,18.74,18.74,0
2020-11-06,18.74,18.74,18.74,18.74,0
2020-11-09,16.81,16.81,16.81,16.81,100
2020-11-10,16.81,16.81,16.81,16.81,0
2020-11-11,16.81,16.81,16.81,16.81,0
2020-11-12,16.81,16.81,16.81,16.81,0
2020-11-13,19.32,19.32,19.32,19.32,5000
2020-11-16,19.32,19.32,19.32,19.32,10000
2020-11-17,19.32,19.32,19.32,19.32,0
2020-11-18,19.32,19.32,19.32,19.32,10000
2020-11-19,19.32,19.32,19.32,19.32,0
2020-11-20,19.32,19.32,19.32,19.32,0
2020-11-23,19.64,19.64,19.64,19.64,100
2020-11-24,19.64,19.64,19.64,19.64,0
2020-11-25,19.64,19.64,19.64,19.64,0
2020-11-26,19.64,19.64,19.64,19.64,0
2020-11-27,19.64,19.64,19.64,19.64,0
2020-11-30,19.64,19.64,19.64,19.64,0
2020-12-01,19.64,19.64,19.64,19.64,0
2020-12-02,19.64,19.64,19.64,19.64,0
2020-12-03,19.64,19.64,19.64,19.64,0
2020-12-04,19.64,19.64,19.64,19.64,0
2020-12-07,19.64,19.64,19.64,19.64,0
2020-12-08,19.64,19.64,19.64,19.64,0
2020-12-09,19.64,19.64,19.64,19.64,0
2020-12-10,19.64,19.64,19.64,19.64,0
2020-12-11,19.64,19.64,19.64,19.64,0
2020-12-14,19.64,19.64,19.64,19.64,0
2020-12-15,19.64,19.64,19.64,19.64,0
2020-12-16,19.64,19.64,19.64,19.64,12
2020-12-17,19.64,19.64,19.64,19.64,0
2020-12-18,19.64,19.64,19.64,19.64,0
2020-12-21,19.64,19.64,19.64,19.64,37
2020-12-22,19.64,19.64,19.64,19.64,0
2020-12-23,19.64,19.64,19.64,19.64,0
2020-12-24,21.89,22.41,21.89,22.41,200
2020-12-25,22.15,22.41,22.41,22.41,0
2020-12-28,18.87,18.87,18.87,18.87,100
2020-12-29,18.87,18.87,18.87,18.87,0
2020-12-30,18.87,19.89,19.89,19.89,0
2020-12-31,18.87,19.89,19.89,19.89,0
2021-01-04,18.87,19.89,19.89,19.89,0
2021-01-05,18.87,19.89,19.89,19.89,0
2021-01-06,20.36,20.36,20.36,20.36,200
2021-01-07,20.7,20.7,20.36,20.36,1100
2021-01-08,20.36,20.78,20.78,20.78,0
2021-01-11,20.36,20.78,20.78,20.78,0
2021-01-12,20.78,20.78,20.78,20.78,1100
2021-01-13,20.78,20.78,20.78,20.78,0
2021-01-14,20.78,20.78,20.78,20.78,0
2021-01-15,20.78,20.78,20.78,20.78,0
2021-01-18,20.78,20.78,20.78,20.78,0
2021-01-19,20.78,20.78,20.78,20.78,0
2021-01-20,20.78,20.78,20.78,20.78,0
2021-01-21,20.78,20.78,20.78,20.78,0
2021-01-22,20.78,20.78,20.78,20.78,100
2021-01-25,23.55,23.55,23.55,23.55,300
2021-01-26,20.85,20.85,20.85,20.85,100
2021-01-27,20.85,20.85,20.85,20.85,0
2021-01-28,20.78,20.78,20.78,20.78,400
2021-01-29,20.78,20.78,20.78,20.78,500
2021-02-01,20.78,20.78,20.78,20.78,200
2021-02-02,20.78,20.78,20.78,20.78,0
2021-02-03,20.78,20.78,20.78,20.78,0
2021-02-04,20.78,20.78,20.78,20.78,0
2021-02-05,20.78,20.78,20.78,20.78,0
2021-02-08,20.78,20.78,20.78,20.78,0
2021-02-09,20.78,20.78,20.78,20.78,0
2021-02-17,20.78,20.78,20.78,20.78,0
2021-02-18,23.89,23.89,23.89,23.89,100
2021-02-19,23.89,23.89,23.89,23.89,0
2021-02-22,23.89,23.89,23.89,23.89,0
2021-02-23,23.89,23.89,23.89,23.89,0
2021-02-24,23.89,23.89,23.89,23.89,0
2021-02-25,23.89,23.89,23.89,23.89,0
2021-02-26,23.89,23.89,23.89,23.89,0
2021-03-01,23.89,23.89,23.89,23.89,0
2021-03-02,23.89,23.89,23.89,23.89,0
2021-03-03,23.89,23.89,23.89,23.89,0
2021-03-04,23.89,23.89,23.89,23.89,0
2021-03-05,23.89,23.89,23.89,23.89,0
2021-03-08,23.89,23.89,23.89,23.89,0
2021-03-09,23.89,23.89,23.89,23.89,0
2021-03-10,23.89,23.89,23.89,23.89,0
2021-03-11,23.89,23.89,23.89,23.89,0
2021-03-12,21.12,21.12,20.85,20.85,1000
2021-03-15,20.91,20.85,20.85,20.85,0
2021-03-16,20.91,20.85,20.85,20.85,0
2021-03-17,20.91,20.85,20.85,20.85,0
2021-03-18,20.91,20.85,20.85,20.85,0
2021-03-19,20.91,20.85,20.85,20.85,0
2021-03-22,20.91,20.85,20.85,20.85,0
2021-03-23,20.91,20.85,20.85,20.85,0
2021-03-24,20.91,20.85,20.85,20.85,0
2021-03-25,20.91,20.85,20.85,20.85,0
2021-03-26,20.91,20.85,20.85,20.85,0
2021-03-29,20.91,20.85,20.85,20.85,0
2021-03-30,20.91,20.85,20.85,20.85,0
2021-03-31,20.91,20.85,20.85,20.85,0
2021-04-01,20.91,20.85,20.85,20.85,0
2021-04-02,20.91,20.85,20.85,20.85,0
2021-04-05,20.91,20.85,20.85,20.85,0
2021-04-06,20.91,20.85,20.85,20.85,0
2021-04-07,20.91,20.85,20.85,20.85,0
2021-04-08,20.91,20.85,20.85,20.85,0
2021-04-09,20.91,20.85,20.85,20.85,0
2021-04-12,20.91,20.85,20.85,20.85,0
2021-04-13,20.91,20.85,20.85,20.85,0
2021-04-14,20.91,20.85,20.85,20.85,0
2021-04-15,20.91,20.85,20.85,20.85,0
2021-04-16,20.91,20.85,20.85,20.85,0
2021-04-19,20.91,20.85,20.85,20.85,0
2021-04-20,20.91,20.85,20.85,20.85,0
2021-04-22,20.91,20.85,20.85,20.85,0
2021-04-23,20.91,20.85,20.85,20.85,0
2021-04-26,21.12,21.12,21.12,21.12,100
2021-04-27,21.12,21.12,21.12,21.12,0
2021-04-28,21.12,21.12,21.12,21.12,0
2021-04-29,21.12,21.12,21.12,21.12,0
2021-05-04,21.12,21.12,21.12,21.12,0
2021-05-05,21.12,21.12,21.12,21.12,0
2021-05-06,21.12,21.12,21.12,21.12,0
2021-05-07,21.12,21.12,21.12,21.12,0
2021-05-10,21.12,21.12,21.12,21.12,0
2021-05-11,21.12,21.12,21.12,21.12,0
2021-05-12,21.12,21.12,21.12,21.12,0
2021-05-13,21.12,21.12,21.12,21.12,0
2021-05-14,21.12,21.12,21.12,21.12,0
2021-05-17,21.12,21.12,21.12,21.12,0
2021-05-18,21.12,21.12,21.12,21.12,0
2021-05-19,21.12,21.12,21.12,21.12,0
2021-05-20,21.12,21.12,21.12,21.12,0
2021-05-21,21.12,21.12,21.12,21.12,0
2021-05-24,21.12,21.12,21.12,21.12,0
2021-05-25,21.12,21.12,21.12,21.12,0
2021-05-26,21.12,21.12,21.12,21.12,0
2021-05-27,21.12,21.12,21.12,21.12,0
2021-05-28,21.12,21.12,21.12,21.12,0
2021-05-31,21.12,21.12,21.12,21.12,0
2021-06-01,21.12,21.12,21.12,21.12,0
2021-06-02,21.12,21.12,21.12,21.12,0
2021-06-03,21.12,21.12,21.12,21.12,0
2021-06-04,21.12,21.12,21.12,21.12,0
2021-06-07,21.12,21.12,21.12,21.12,0
2021-06-08,21.12,21.12,21.12,21.12,0
2021-06-09,21.12,21.47,21.47,21.47,0
2021-06-10,21.12,21.47,21.47,21.47,0
2021-06-11,21.12,21.47,21.47,21.47,0
2021-06-14,21.12,21.47,21.47,21.47,0
2021-06-15,21.12,21.47,21.47,21.47,0
2021-06-16,21.12,21.47,21.47,21.47,0
2021-06-17,21.12,21.47,21.47,21.47,0
2021-06-18,21.12,21.47,21.47,21.47,0
2021-06-21,21.12,21.47,21.47,21.47,0
2021-06-22,21.12,21.47,21.47,21.47,0
2021-06-23,21.12,21.47,21.47,21.47,0
2021-06-24,21.12,21.47,21.47,21.47,0
2021-06-25,21.12,21.47,21.47,21.47,0
2021-06-28,21.12,21.47,21.47,21.47,0
2021-06-29,21.12,21.47,21.47,21.47,0
2021-06-30,21.12,21.47,21.47,21.47,0
2021-07-01,21.12,21.47,21.47,21.47,0
2021-07-02,21.12,21.47,21.47,21.47,0
2021-07-05,21.12,21.47,21.47,21.47,0
2021-07-06,21.12,21.47,21.47,21.47,0
2021-07-07,21.12,21.47,21.47,21.47,0
2021-07-08,21.12,21.47,21.47,21.47,0
2021-07-09,21.12,21.47,21.47,21.47,0
2021-07-12,21.12,21.47,21.47,21.47,0
2021-07-13,21.12,21.47,21.47,21.47,0
2021-07-14,21.12,21.47,21.47,21.47,0
2021-07-15,21.12,21.47,21.47,21.47,0
2021-07-16,21.12,21.47,21.47,21.47,0
2021-07-19,21.12,21.47,21.47,21.47,0
2021-07-20,21.12,21.47,21.47,21.47,0
2021-07-21,21.12,21.47,21.47,21.47,0
2021-07-22,21.12,21.47,21.47,21.47,0
2021-07-23,21.12,21.47,21.47,21.47,0
2021-07-26,21.12,21.47,21.47,21.47,0
2021-07-27,21.12,21.47,21.47,21.47,0
2021-07-28,21.12,21.47,21.47,21.47,0
2021-07-29,21.12,21.47,21.47,21.47,0
2021-07-30,21.12,21.47,21.47,21.47,0
2021-08-02,21.12,21.12,21.12,21.12,0
2021-08-03,21.12,21.47,21.47,21.47,0
2021-08-04,21.12,21.47,21.47,21.47,0
2021-08-05,21.12,21.47,21.47,21.47,0
2021-08-06,21.12,21.47,21.47,21.47,0
2021-08-09,21.12,21.47,21.47,21.47,0
2021-08-10,21.12,21.47,21.47,21.47,0
2021-08-11,21.12,21.47,21.47,21.47,0
2021-08-12,21.12,21.47,21.47,21.47,0
2021-08-13,21.12,21.47,21.47,21.47,0
2021-08-16,21.12,21.47,21.47,21.47,0
2021-08-17,21.12,21.47,21.47,21.47,0
2021-08-18,21.12,21.47,21.47,21.47,0
2021-08-19,21.12,21.47,21.47,21.47,0
2021-08-20,21.12,21.12,21.12,21.12,0
2021-08-23,21.12,21.47,21.47,21.47,0
2021-08-24,21.12,21.47,21.47,21.47,0
2021-08-25,21.12,21.47,21.47,21.47,0
2021-08-26,21.12,21.47,21.47,21.47,0
2021-08-27,21.12,21.12,21.12,21.12,0
2021-08-30,21.12,21.12,21.12,21.12,0
2021-08-31,21.12,21.12,21.12,21.12,0
2021-09-01,21.12,21.12,21.12,21.12,0
2021-09-06,21.12,21.47,21.47,21.47,0
2021-09-07,21.12,21.47,21.47,21.47,0
2021-09-08,21.12,21.12,21.12,21.12,0
2021-09-09,21.12,21.12,21.12,21.12,0
2021-09-10,21.12,21.12,21.12,21.12,0
2021-09-13,21.12,21.12,21.12,21.12,0
2021-09-14,21.12,21.12,21.12,21.12,0
2021-09-15,21.12,21.12,21.12,21.12,0
2021-09-16,21.12,21.12,21.12,21.12,0
2021-09-17,21.12,21.12,21.12,21.12,0
2021-09-20,21.12,21.12,21.12,21.12,0
2021-09-21,21.12,21.12,21.12,21.12,0
2021-09-22,21.12,21.12,21.12,21.12,0
2021-09-23,21.12,21.12,21.12,21.12,0
2021-09-24,21.12,21.12,21.12,21.12,0
2021-09-27,21.12,21.12,21.12,21.12,0
2021-09-28,21.12,21.12,21.12,21.12,0
2021-09-29,21.12,21.12,21.12,21.12,0
2021-09-30,21.12,21.12,21.12,21.12,0
2021-10-01,21.12,21.12,21.12,21.12,0
2021-10-04,21.12,21.12,21.12,21.12,0
2021-10-05,21.12,21.12,21.12,21.12,0
2021-10-06,21.12,21.12,21.12,21.12,0
2021-10-07,21.12,21.12,21.12,21.12,0
2021-10-08,21.12,21.12,21.12,21.12,0
2021-10-11,21.12,21.12,21.12,21.12,0
2021-10-12,21.12,21.12,21.12,21.12,0
2021-10-13,21.12,21.12,21.12,21.12,0
2021-10-14,21.12,21.12,21.12,21.12,0
2021-10-15,21.12,21.12,21.12,21.12,0
2021-10-18,21.12,21.12,21.12,21.12,0
2021-10-19,21.12,21.12,21.12,21.12,0
2021-10-20,21.12,21.12,21.12,21.12,0
2021-10-21,21.12,21.12,21.12,21.12,0
2021-10-22,21.12,21.12,21.12,21.12,0
2021-10-25,21.12,21.12,21.12,21.12,0
2021-10-26,21.12,21.12,21.12,21.12,0
2021-10-27,21.12,21.12,21.12,21.12,0
2021-10-28,21.12,21.12,21.12,21.12,0
2021-10-29,21.12,21.12,21.12,21.12,0
2021-11-01,21.12,21.12,21.12,21.12,0
2021-11-02,21.12,21.12,21.12,21.12,0
2021-11-03,21.12,21.12,21.12,21.12,0
2021-11-04,21.12,21.12,21.12,21.12,0
2021-11-05,21.12,21.12,21.12,21.12,0
2021-11-08,21.12,21.12,21.12,21.12,0
2021-11-09,21.12,21.12,21.12,21.12,0
2021-11-10,21.12,21.12,21.12,21.12,0
2021-11-11,21.12,21.12,21.12,21.12,0
2021-11-12,21.12,21.12,21.12,21.12,0
2021-11-15,21.12,21.12,21.12,21.12,0
2021-11-16,21.12,21.12,21.12,21.12,0
2021-11-17,21.12,21.12,21.12,21.12,0
2021-11-18,20.14,20.14,20.14,20.14,100
2021-11-19,20.14,20.14,20.14,20.14,0
2021-11-22,20.14,20.14,20.14,20.14,0
2021-11-23,20.14,20.14,20.14,20.14,0
2021-11-24,20.14,20.14,20.14,20.14,0
2021-11-25,20.14,20.14,20.14,20.14,0
2021-11-26,20.14,20.14,20.14,20.14,0
2021-11-29,20.14,20.14,20.14,20.14,0
2021-11-30,20.14,20.14,20.14,20.14,12
2021-12-01,20.14,20.14,20.14,20.14,0
2021-12-02,20.14,20.14,20.14,20.14,0
2021-12-03,20.14,20.14,20.14,20.14,0
2021-12-06,20.14,20.14,20.14,20.14,0
2021-12-07,20.14,20.14,20.14,20.14,0
2021-12-08,20.14,20.14,20.14,20.14,0
2021-12-09,20.14,20.14,20.14,20.14,0
2021-12-10,20.14,20.14,20.14,20.14,0
2021-12-13,20.14,20.14,20.14,20.14,0
2021-12-14,20.14,20.14,20.14,20.14,0
2021-12-15,20.14,20.14,20.14,20.14,0
2021-12-16,20.14,20.14,20.14,20.14,0
2021-12-17,20.14,20.14,20.14,20.14,0
2021-12-20,20.14,20.14,20.14,20.14,0
2021-12-21,20.14,20.14,20.14,20.14,0
2021-12-22,20.14,20.14,20.14,20.14,0
2021-12-23,20.14,20.14,20.14,20.14,0
2021-12-24,20.14,20.14,20.14,20.14,0
2021-12-27,20.14,20.14,20.14,20.14,0
2021-12-28,20.14,20.14,20.14,20.14,0
2021-12-29,20.14,20.14,20.14,20.14,0
2021-12-30,20.14,20.14,20.14,20.14,0
2021-12-31,20.14,20.14,20.14,20.14,0
2022-01-04,20.14,20.14,20.14,20.14,0
2022-01-05,20.14,20.14,20.14,20.14,0
2022-01-06,20.14,20.14,20.14,20.14,0
2022-01-07,20.14,20.14,20.14,20.14,0
2022-01-10,20.14,20.14,20.14,20.14,0
2022-01-11,20.14,20.14,20.14,20.14,0
2022-01-12,20.14,20.14,20.14,20.14,0
2022-01-13,20.14,20.14,20.14,20.14,0
2022-01-14,20.14,20.14,20.14,20.14,0
2022-01-17,20.14,20.14,20.14,20.14,0
2022-01-18,20.14,20.14,20.14,20.14,0
2022-01-19,20.14,20.14,20.14,20.14,0
2022-01-20,20.14,20.14,20.14,20.14,0
2022-01-21,20.14,20.14,20.14,20.14,0
2022-01-24,20.14,20.14,20.14,20.14,0
2022-01-25,20.14,20.14,20.14,20.14,0
2022-01-26,20.14,20.14,20.14,20.14,0
2022-01-27,20.14,20.14,20.14,20.14,0
2022-01-28,20.14,20.14,20.14,20.14,0
2022-02-07,20.14,20.14,20.14,20.14,0
2022-02-08,20.14,20.14,20.14,20.14,0
2022-02-09,20.14,20.14,20.14,20.14,0
2022-02-10,20.14,20.14,20.14,20.14,0
2022-02-11,20.14,20.14,20.14,20.14,0
2022-02-14,20.14,20.14,20.14,20.14,0
2022-02-15,20.14,20.14,20.14,20.14,0
2022-02-16,20.14,20.14,20.14,20.14,0
2022-02-17,20.14,20.14,20.14,20.14,0
2022-02-18,20.14,20.14,20.14,20.14,0
2022-02-21,20.14,20.14,20.14,20.14,0
2022-02-22,20.14,20.14,20.14,20.14,0
2022-02-23,28.16,28.16,28.16,28.16,100
2022-02-24,28.16,28.16,28.16,28.16,0
2022-02-25,28.16,28.16,28.16,28.16,0
2022-02-28,28.16,28.16,28.16,28.16,0
2022-03-01,28.16,28.16,28.16,28.16,0
2022-03-02,28.16,28.16,28.16,28.16,0
2022-03-03,28.16,28.16,28.16,28.16,0
2022-03-04,28.16,28.16,28.16,28.16,0
2022-03-07,28.16,28.16,28.16,28.16,0
2022-03-08,28.16,28.16,28.16,28.16,0
2022-03-09,28.16,28.16,28.16,28.16,0
2022-03-10,28.16,28.16,28.16,28.16,0
2022-03-11,28.16,28.16,28.16,28.16,0
2022-03-14,28.16,28.16,28.16,28.16,0
2022-03-15,28.16,28.16,28.16,28.16,0
2022-03-16,28.16,28.16,28.16,28.16,0
2022-03-17,28.16,28.16,28.16,28.16,0
2022-03-18,28.16,28.16,28.16,28.16,0
2022-03-21,28.16,28.16,28.16,28.16,0
2022-03-22,28.16,28.16,28.16,28.16,0
2022-03-23,28.16,28.16,28.16,28.16,0
2022-03-24,28.16,28.16,28.16,28.16,0
2022-03-25,28.16,28.16,28.16,28.16,0
2022-03-28,28.16,28.16,28.16,28.16,0
2022-03-29,28.16,28.16,28.16,28.16,0
2022-03-30,28.16,28.16,28.16,28.16,0
2022-03-31,28.16,28.16,28.16,28.16,0
2022-04-01,28.16,28.16,28.16,28.16,0
2022-04-04,28.16,28.16,28.16,28.16,0
2022-04-05,28.16,28.16,28.16,28.16,0
2022-04-06,28.16,28.16,28.16,28.16,0
2022-04-07,28.16,28.16,28.16,28.16,0
2022-04-08,28.16,28.16,28.16,28.16,0
2022-04-12,19.78,19.78,19.78,19.78,100
2022-04-13,19.78,19.78,19.78,19.78,0
2022-04-14,19.78,19.78,19.78,19.78,0
2022-04-15,19.78,19.78,19.78,19.78,0
2022-04-18,19.78,19.78,19.78,19.78,0
2022-04-19,19.78,19.78,19.78,19.78,0
2022-04-20,19.78,19.78,19.78,19.78,0
2022-04-21,19.78,19.78,19.78,19.78,0
2022-04-22,19.78,19.78,19.78,19.78,0
2022-04-25,19.78,19.78,19.78,19.78,0
2022-04-26,19.78,19.78,19.78,19.78,0
2022-04-27,19.78,19.78,19.78,19.78,0
2022-04-28,19.78,19.78,19.78,19.78,0
2022-04-29,19.78,19.78,19.78,19.78,0
2022-05-04,19.78,19.78,19.78,19.78,0
2022-05-05,19.78,19.78,19.78,19.78,0
2022-05-06,19.78,19.78,19.78,19.78,0
2022-05-09,19.78,19.78,19.78,19.78,0
2022-05-10,19.78,19.78,19.78,19.78,0
2022-05-11,19.78,19.78,19.78,19.78,0
2022-05-12,19.78,19.78,19.78,19.78,0
2022-05-13,19.78,19.78,19.78,19.78,0
2022-05-16,19.78,19.78,19.78,19.78,0
2022-05-17,19.78,19.78,19.78,19.78,0
2022-05-18,19.78,19.78,19.78,19.78,0
2022-05-19,19.78,19.78,19.78,19.78,0
2022-05-20,19.78,19.78,19.78,19.78,0
2022-05-23,19.78,19.78,19.78,19.78,0
2022-05-24,19.78,19.78,19.78,19.78,0
2022-05-25,19.78,19.78,19.78,19.78,0
2022-05-26,19.78,19.78,19.78,19.78,0
2022-05-27,19.78,19.78,19.78,19.78,0
2022-05-30,19.78,19.78,19.78,19.78,0
2022-05-31,19.78,19.78,19.78,19.78,0
2022-06-01,19.78,19.78,19.78,19.78,0
2022-06-02,19.78,19.78,19.78,19.78,0
2022-06-03,19.78,19.78,19.78,19.78,0
2022-06-06,19.78,19.78,19.78,19.78,0
2022-06-07,19.78,19.78,19.78,19.78,0
2022-06-08,19.78,19.78,19.78,19.78,0
2022-06-09,19.78,19.78,19.78,19.78,0
2022-06-10,19.78,19.78,19.78,19.78,0
2022-06-13,19.78,19.78,19.78,19.78,0
2022-06-14,19.78,19.78,19.78,19.78,0
2022-06-15,19.78,19.78,19.78,19.78,0
2022-06-16,19.78,19.78,19.78,19.78,0
2022-06-17,19.78,19.78,19.78,19.78,0
2022-06-20,19.78,19.78,19.78,19.78,0
2022-06-21,19.78,19.78,19.78,19.78,0
2022-06-22,19.78,19.78,19.78,19.78,0
2022-06-23,19.78,19.78,19.78,19.78,0
2022-06-24,19.78,19.78,19.78,19.78,0
2022-06-27,19.78,19.78,19.78,19.78,0
2022-06-28,19.78,19.78,19.78,19.78,0
2022-06-29,19.78,19.78,19.78,19.78,0
2022-06-30,19.78,19.78,19.78,19.78,0
2022-07-01,19.78,19.78,19.78,19.78,0
2022-07-04,19.78,19.78,19.78,19.78,0
2022-07-05,19.78,19.78,19.78,19.78,0
2022-07-06,19.78,19.78,19.78,19.78,0
2022-07-07,19.78,19.78,19.78,19.78,0
2022-07-08,19.78,19.78,19.78,19.78,0
2022-07-11,19.78,19.78,19.78,19.78,0
2022-07-12,19.78,19.78,19.78,19.78,0
2022-07-13,19.78,19.78,19.78,19.78,0
2022-07-14,19.78,19.78,19.78,19.78,0
2022-07-15,19.78,19.78,19.78,19.78,0
2022-07-18,19.78,19.78,19.78,19.78,0
2022-07-19,19.78,19.78,19.78,19.78,0
2022-07-20,19.78,19.78,19.78,19.78,0
2022-07-21,19.78,19.78,19.78,19.78,0
2022-07-22,19.78,19.78,19.78,19.78,0
2022-07-25,19.78,19.78,19.78,19.78,0
2022-07-26,19.78,19.78,19.78,19.78,0
2022-07-27,19.78,19.78,19.78,19.78,0
2022-07-28,19.78,19.78,19.78,19.78,0
2022-07-29,19.78,19.78,19.78,19.78,0
2022-08-01,19.78,19.78,19.78,19.78,0
2022-08-02,19.78,19.78,19.78,19.78,0
2022-08-03,19.78,19.78,19.78,19.78,0
2022-08-04,19.78,19.78,19.78,19.78,0
2022-08-05,19.78,19.78,19.78,19.78,0
2022-08-08,19.78,19.78,19.78,19.78,0
2022-08-09,19.78,19.78,19.78,19.78,0
2022-08-10,19.78,19.78,19.78,19.78,0
2022-08-11,19.78,19.78,19.78,19.78,0
2022-08-12,19.78,19.78,19.78,19.78,0
2022-08-15,19.78,19.78,19.78,19.78,0
2022-08-16,19.78,19.78,19.78,19.78,0
2022-08-17,19.78,19.78,19.78,19.78,0
2022-08-18,19.78,19.78,19.78,19.78,0
2022-08-19,19.78,19.78,19.78,19.78,0
2022-08-22,19.78,19.78,19.78,19.78,0
2022-08-23,19.78,19.78,19.78,19.78,0
2022-08-24,19.78,19.78,19.78,19.78,0
2022-08-25,19.78,19.78,19.78,19.78,0
2022-08-26,19.78,19.78,19.78,19.78,0
2022-08-29,19.78,19.78,19.78,19.78,0
2022-08-30,19.78,19.78,19.78,19.78,0
2022-08-31,19.78,19.78,19.78,19.78,0
2022-09-05,19.78,19.78,19.78,19.78,0
2022-09-06,19.78,19.78,19.78,19.78,0
2022-09-07,19.78,19.78,19.78,19.78,0
2022-09-08,19.78,19.78,19.78,19.78,0
2022-09-09,19.78,19.78,19.78,19.78,0
2022-09-12,19.78,19.78,19.78,19.78,0
2022-09-13,19.78,19.78,19.78,19.78,0
2022-09-14,19.78,19.78,19.78,19.78,0
2022-09-15,19.78,19.78,19.78,19.78,0
2022-09-16,19.78,19.78,19.78,19.78,0
2022-09-19,19.78,19.78,19.78,19.78,0
2022-09-20,19.78,19.78,19.78,19.78,0
2022-09-21,19.78,19.78,19.78,19.78,0
2022-09-22,19.78,19.78,19.78,19.78,0
2022-09-23,19.78,19.78,19.78,19.78,0
2022-09-26,19.78,19.78,19.78,19.78,0
2022-09-27,19.78,19.78,19.78,19.78,0
2022-09-28,19.78,19.78,19.78,19.78,0
2022-09-29,19.78,19.78,19.78,19.78,0
2022-09-30,19.78,19.78,19.78,19.78,0
2022-10-03,19.78,19.78,19.78,19.78,0
2022-10-04,19.78,19.78,19.78,19.78,0
2022-10-05,19.78,19.78,19.78,19.78,0
2022-10-06,19.78,19.78,19.78,19.78,0
2022-10-07,19.78,19.78,19.78,19.78,0
2022-10-10,19.78,19.78,19.78,19.78,0
2022-10-11,19.78,19.78,19.78,19.78,0
2022-10-12,19.78,19.78,19.78,19.78,0
2022-10-13,19.78,19.78,19.78,19.78,0
2022-10-14,19.78,19.78,19.78,19.78,0
2022-10-17,19.78,19.78,19.78,19.78,0
2022-10-18,19.78,19.78,19.78,19.78,0
2022-10-19,19.78,19.78,19.78,19.78,0
2022-10-20,19.78,19.78,19.78,19.78,0
2022-10-21,19.78,19.78,19.78,19.78,0
2022-10-24,19.78,19.78,19.78,19.78,0
2022-10-25,19.78,19.78,19.78,19.78,0
2022-10-26,19.78,19.78,19.78,19.78,0
2022-10-27,19.78,19.78,19.78,19.78,0
2022-10-28,19.78,19.78,19.78,19.78,0
2022-10-31,19.78,19.78,19.78,19.78,0
2022-11-01,19.78,19.78,19.78,19.78,0
2022-11-02,19.78,19.78,19.78,19.78,0
2022-11-03,19.78,19.78,19.78,19.78,0
2022-11-04,19.78,19.78,19.78,19.78,0
2022-11-07,19.78,19.78,19.78,19.78,0
2022-11-08,19.78,19.78,19.78,19.78,0
2022-11-09,19.78,19.78,19.78,19.78,0
2022-11-10,19.78,19.78,19.78,19.78,0
2022-11-11,19.78,19.78,19.78,19.78,0
2022-11-14,19.78,19.78,19.78,19.78,0
2022-11-15,19.78,19.78,19.78,19.78,0
2022-11-16,19.78,19.78,19.78,19.78,0
2022-11-17,19.78,19.78,19.78,19.78,0
2022-11-18,19.78,19.78,19.78,19.78,0
2022-11-21,19.78,19.78,19.78,19.78,0
2022-11-22,19.78,19.78,19.78,19.78,0
2022-11-23,19.78,19.78,19.78,19.78,0
2022-11-24,19.78,19.78,19.78,19.78,0
2022-11-25,19.78,19.78,19.78,19.78,0
2022-11-28,19.78,19.78,19.78,19.78,0
2022-11-29,19.78,19.78,19.78,19.78,0
2022-11-30,19.78,19.78,19.78,19.78,0
2022-12-01,19.78,19.78,19.78,19.78,0
2022-12-02,19.78,19.78,19.78,19.78,0
2022-12-05,19.78,19.78,19.78,19.78,0
2022-12-06,19.78,19.78,19.78,19.78,0
2022-12-07,19.78,19.78,19.78,19.78,0
2022-12-08,19.78,19.78,19.78,19.78,0
2022-12-09,19.78,19.78,19.78,19.78,0
2022-12-12,19.78,19.78,19.78,19.78,0
2022-12-13,19.78,19.78,19.78,19.78,0
2022-12-14,19.78,19.78,19.78,19.78,0
2022-12-15,19.78,19.78,19.78,19.78,0
2022-12-16,19.78,19.78,19.78,19.78,0
2022-12-19,19.78,19.78,19.78,19.78,0
2022-12-20,19.78,19.78,19.78,19.78,0
2022-12-21,19.78,19.78,19.78,19.78,0
2022-12-22,19.78,19.78,19.78,19.78,0
2022-12-23,19.78,19.78,19.78,19.78,0
2022-12-26,19.78,19.78,19.78,19.78,0
2022-12-27,19.78,19.78,19.78,19.78,0
2022-12-28,19.78,19.78,19.78,19.78,0
2022-12-29,19.78,19.78,19.78,19.78,0
2022-12-30,19.78,19.78,19.78,19.78,0
2023-01-03,19.78,19.78,19.78,19.78,0
2023-01-04,19.78,19.78,19.78,19.78,0
2023-01-05,19.78,19.78,19.78,19.78,0
2023-01-06,19.78,19.78,19.78,19.78,0
2023-01-09,19.78,19.78,19.78,19.78,0
2023-01-10,19.78,19.78,19.78,19.78,0
2023-01-11,11.91,11.91,11.91,11.91,100
2023-01-12,11.91,11.91,11.91,11.91,0
2023-01-13,11.91,11.91,11.91,11.91,0
2023-01-16,11.91,11.91,11.91,11.91,0
2023-01-17,11.91,11.91,11.91,11.91,0
2023-01-18,11.91,11.91,11.91,11.91,0
2023-01-19,11.91,11.91,11.91,11.91,0
2023-01-27,11.91,11.91,11.91,11.91,0
2023-01-30,11.91,11.91,11.91,11.91,0
2023-01-31,11.91,11.91,11.91,11.91,0
2023-02-01,11.91,11.91,11.91,11.91,0
2023-02-02,11.91,11.91,11.91,11.91,0
2023-02-03,11.91,11.91,11.91,11.91,0
2023-02-06,11.91,11.91,11.91,11.91,0
2023-02-07,11.91,11.91,11.91,11.91,0
2023-02-08,11.91,11.91,11.91,11.91,0
2023-02-09,11.91,11.91,11.91,11.91,0
2023-02-10,11.91,11.91,11.91,11.91,0
2023-02-13,11.91,11.91,11.91,11.91,0
2023-02-14,11.91,11.91,11.91,11.91,0
2023-02-15,11.91,11.91,11.91,11.91,0
2023-02-16,11.91,11.91,11.91,11.91,0
2023-02-17,11.91,11.91,11.91,11.91,0
2023-02-20,11.91,11.91,11.91,11.91,0
2023-02-21,11.91,11.91,11.91,11.91,0
2023-02-22,11.91,11.91,11.91,11.91,0
2023-02-23,11.91,11.91,11.91,11.91,0
2023-02-24,11.91,11.91,11.91,11.91,0
2023-02-27,11.91,11.91,11.91,11.91,0
2023-02-28,11.91,11.91,11.91,11.91,0
2023-03-01,11.91,11.91,11.91,11.91,0
2023-03-02,11.91,11.91,11.91,11.91,0
2023-03-03,11.91,11.91,11.91,11.91,0
2023-03-06,11.91,11.91,11.91,11.91,0
2023-03-07,11.91,11.91,11.91,11.91,0
2023-03-08,11.91,11.91,11.91,11.91,0
2023-03-09,11.91,11.91,11.91,11.91,0
2023-03-10,11.91,11.91,11.91,11.91,0
2023-03-13,11.91,11.91,11.91,11.91,0
2023-03-14,11.91,11.91,11.91,11.91,0
2023-03-15,11.91,11.91,11.91,11.91,0
2023-03-16,11.91,11.91,11.91,11.91,0
2023-03-17,11.91,11.91,11.91,11.91,0
2023-03-20,11.91,11.91,11.91,11.91,0
2023-03-21,11.91,11.91,11.91,11.91,0
2023-03-22,11.91,11.91,11.91,11.91,0
2023-03-23,11.91,11.91,11.91,11.91,0
2023-03-24,11.91,11.91,11.91,11.91,0
2023-03-27,11.91,11.91,11.91,11.91,0
2023-03-28,11.91,11.91,11.91,11.91,0
2023-03-29,11.91,11.91,11.91,11.91,0
2023-03-30,11.91,11.91,11.91,11.91,0
2023-03-31,11.91,11.91,11.91,11.91,0
2023-04-03,11.91,11.91,11.91,11.91,0
2023-04-04,11.91,11.91,11.91,11.91,0
2023-04-05,11.91,11.91,11.91,11.91,0
2023-04-06,11.91,11.91,11.91,11.91,0
2023-04-07,11.91,11.91,11.91,11.91,0
2023-04-10,11.91,11.91,11.91,11.91,0
2023-04-11,11.91,11.91,11.91,11.91,0
2023-04-12,11.91,11.91,11.91,11.91,0
2023-04-13,11.91,11.91,11.91,11.91,0
2023-04-14,11.91,11.91,11.91,11.91,0
2023-04-17,16.62,16.62,16.62,16.62,200
2023-04-18,14.19,14.19,14.19,14.19,1100
2023-04-19,16.25,16.25,14.19,16.25,2200
2023-04-20,16.03,16.03,16.03,16.03,0
2023-04-21,16.03,16.03,16.03,16.03,0
2023-04-24,16.03,16.03,16.03,16.03,0
2023-04-25,16.03,16.03,16.03,16.03,0
2023-04-26,16.03,16.03,16.03,16.03,0
2023-04-27,16.03,16.03,16.03,16.03,0
2023-04-28,16.03,16.03,16.03,16.03,0
2023-05-04,16.03,16.03,16.03,16.03,0
2023-05-05,16.03,16.03,15.81,15.81,5400
2023-05-08,16.03,16.03,16.03,16.03,0
2023-05-09,15.45,16.03,15.45,16.03,2100
2023-05-10,13.17,15.89,13.17,15.89,1000
2023-05-11,13.39,13.39,13.39,13.39,100
2023-05-12,15.37,15.37,15.37,15.37,100
2023-05-15,15.37,15.37,15.37,15.37,1
2023-05-16,15.37,15.37,15.37,15.37,0
2023-05-17,15.37,15.37,15.37,15.37,0
2023-05-18,15.37,15.37,15.37,15.37,0
2023-05-19,13.31,13.31,13.31,13.31,100
2023-05-22,15.3,15.3,15.3,15.3,100
2023-05-23,13.31,13.31,13.31,13.31,100
2023-05-24,12.72,15.3,12.72,15.3,200
2023-05-25,12.72,15.3,12.72,15.3,200
2023-05-26,12.72,12.72,12.72,12.72,100
2023-05-29,14.56,14.56,14.56,14.56,200
2023-05-30,12.72,15.08,12.72,15.08,200
2023-05-31,13.9,13.9,13.9,13.9,0
2023-06-01,13.9,13.9,13.9,13.9,0
2023-06-02,15.08,15.08,15.08,15.08,100
2023-06-05,13.09,17.28,13.09,17.28,400
2023-06-06,13.9,13.9,13.9,13.9,100
2023-06-07,15.15,15.15,15.15,15.15,100
2023-06-08,13.31,13.31,13.31,13.31,100
2023-06-09,15.3,15.3,15.3,15.3,100
2023-06-12,13.02,15.3,13.02,15.3,200
2023-06-13,14.19,14.19,14.19,14.19,0
2023-06-14,15.3,15.3,15.3,15.3,100
2023-06-15,13.31,13.31,13.31,13.31,100
2023-06-16,13.31,13.31,13.31,13.31,0
2023-06-19,15.3,15.3,15.08,15.3,700
2023-06-20,13.24,13.24,13.24,13.24,100
2023-06-21,13.24,13.24,13.24,13.24,0
2023-06-22,15.21,15.21,15.21,15.21,100
2023-06-23,13.0,13.0,13.0,13.0,100
2023-06-26,13.0,13.0,13.0,13.0,0
2023-06-27,13.0,13.0,13.0,13.0,0
2023-06-28,13.0,13.0,13.0,13.0,0
2023-06-29,13.0,13.0,13.0,13.0,0
2023-06-30,13.0,13.0,13.0,13.0,0
2023-07-03,13.0,13.0,13.0,13.0,0
2023-07-04,13.0,13.0,13.0,13.0,0
2023-07-05,13.0,13.0,13.0,13.0,0
2023-07-06,13.0,13.0,13.0,13.0,0
2023-07-07,13.0,13.0,13.0,13.0,0
2023-07-10,13.0,13.0,13.0,13.0,0
2023-07-11,13.0,13.0,13.0,13.0,0
2023-07-12,13.0,13.0,13.0,13.0,0
2023-07-13,13.0,13.0,13.0,13.0,0
2023-07-14,13.0,13.0,13.0,13.0,0
2023-07-17,13.0,13.0,13.0,13.0,0
2023-07-18,13.0,13.0,13.0,13.0,0
2023-07-19,13.0,13.0,13.0,13.0,0
2023-07-20,13.0,13.0,13.0,13.0,0
2023-07-21,13.0,13.0,13.0,13.0,0
2023-07-24,13.0,13.0,13.0,13.0,0
2023-07-25,13.0,13.0,13.0,13.0,0
2023-07-26,13.0,13.0,13.0,13.0,0
2023-07-27,13.0,13.0,13.0,13.0,0
2023-07-28,13.0,13.0,13.0,13.0,0
2023-07-31,13.0,13.0,13.0,13.0,0
2023-08-01,13.0,13.0,13.0,13.0,0
2023-08-02,13.0,13.0,13.0,13.0,0
2023-08-03,13.0,13.0,13.0,13.0,0
2023-08-04,13.0,13.0,13.0,13.0,0
2023-08-07,13.0,13.0,13.0,13.0,0
2023-08-08,13.0,13.0,13.0,13.0,0
2023-08-09,13.0,13.0,13.0,13.0,0
2023-08-10,13.0,13.0,13.0,13.0,0
2023-08-11,13.0,13.0,13.0,13.0,0
2023-08-14,13.0,13.0,13.0,13.0,0
2023-08-15,13.0,13.0,13.0,13.0,0
2023-08-16,13.0,13.0,13.0,13.0,0
2023-08-17,13.0,13.0,13.0,13.0,0
2023-08-18,13.0,13.0,13.0,13.0,0
2023-08-21,13.0,13.0,13.0,13.0,0
2023-08-22,13.0,13.0,13.0,13.0,0
2023-08-23,13.0,13.0,13.0,13.0,0
2023-08-24,13.0,13.0,13.0,13.0,0
2023-08-25,13.0,13.0,13.0,13.0,0
2023-08-28,13.0,13.0,13.0,13.0,0
2023-08-29,13.0,13.0,13.0,13.0,0
2023-08-30,13.0,13.0,13.0,13.0,0
2023-08-31,13.0,13.0,13.0,13.0,0
2023-09-05,13.0,13.0,13.0,13.0,0
2023-09-06,13.0,13.0,13.0,13.0,0
2023-09-07,13.0,13.0,13.0,13.0,0
2023-09-08,13.0,13.0,13.0,13.0,0
2023-09-11,13.0,13.0,13.0,13.0,0
2023-09-12,13.0,13.0,13.0,13.0,0
2023-09-13,13.0,13.0,13.0,13.0,0
2023-09-14,13.0,13.0,13.0,13.0,0
2023-09-15,13.0,13.0,13.0,13.0,0
2023-09-18,13.0,13.0,13.0,13.0,0
2023-09-19,13.0,13.0,13.0,13.0,0
2023-09-20,13.0,13.0,13.0,13.0,0
2023-09-21,13.0,13.0,13.0,13.0,0
2023-09-22,13.0,13.0,13.0,13.0,0
2023-09-25,13.0,13.0,13.0,13.0,0
2023-09-26,13.0,13.0,13.0,13.0,0
2023-09-27,13.0,13.0,13.0,13.0,0
2023-09-28,13.0,13.0,13.0,13.0,0
2023-09-29,13.0,13.0,13.0,13.0,0
2023-10-02,13.0,13.0,13.0,13.0,0
2023-10-03,13.0,13.0,13.0,13.0,0
2023-10-04,13.0,13.0,13.0,13.0,0
2023-10-05,13.0,13.0,13.0,13.0,0
2023-10-06,13.0,13.0,13.0,13.0,0
2023-10-09,13.0,13.0,13.0,13.0,0
2023-10-10,13.0,13.0,13.0,13.0,0
2023-10-11,13.0,13.0,13.0,13.0,0
2023-10-12,13.0,13.0,13.0,13.0,0
2023-10-13,13.0,13.0,13.0,13.0,0
2023-10-16,13.0,13.0,13.0,13.0,0
2023-10-17,13.0,13.0,13.0,13.0,0
2023-10-18,13.0,13.0,13.0,13.0,0
2023-10-19,13.0,13.0,13.0,13.0,0
2023-10-20,13.0,13.0,13.0,13.0,0
2023-10-23,13.0,13.0,13.0,13.0,0
2023-10-24,13.0,13.0,13.0,13.0,0
2023-10-25,13.0,13.0,13.0,13.0,0
2023-10-26,13.0,13.0,13.0,13.0,0
2023-10-27,13.0,13.0,13.0,13.0,0
2023-10-30,13.0,13.0,13.0,13.0,0
2023-10-31,13.0,13.0,13.0,13.0,0
2023-11-01,13.0,13.0,13.0,13.0,0
2023-11-02,13.0,13.0,13.0,13.0,0
2023-11-03,13.0,13.0,13.0,13.0,0
2023-11-06,13.0,13.0,13.0,13.0,0
2023-11-07,13.0,13.0,13.0,13.0,0
2023-11-08,13.0,13.0,13.0,13.0,0
2023-11-09,13.0,13.0,13.0,13.0,0
2023-11-10,13.0,13.0,13.0,13.0,0
2023-11-13,13.0,13.0,13.0,13.0,0
2023-11-14,13.0,13.0,13.0,13.0,0
2023-11-15,13.0,13.0,13.0,13.0,0
2023-11-16,13.0,13.0,13.0,13.0,0
2023-11-17,13.0,13.0,13.0,13.0,0
2023-11-20,13.0,13.0,13.0,13.0,0
2023-11-21,13.0,13.0,13.0,13.0,0
2023-11-22,13.0,13.0,13.0,13.0,0
2023-11-23,13.0,13.0,13.0,13.0,0
2023-11-24,13.0,13.0,13.0,13.0,0
2023-11-27,13.0,13.0,13.0,13.0,0
2023-11-28,13.0,13.0,13.0,13.0,0
2023-11-29,13.0,13.0,13.0,13.0,0
2023-11-30,13.0,13.0,13.0,13.0,0
2023-12-01,13.0,13.0,13.0,13.0,0
2023-12-04,13.0,13.0,13.0,13.0,0
2023-12-05,13.0,13.0,13.0,13.0,0
2023-12-06,13.0,13.0,13.0,13.0,0
2023-12-07,13.0,13.0,13.0,13.0,0
2023-12-08,13.0,13.0,13.0,13.0,0
2023-12-11,13.0,13.0,13.0,13.0,0
2023-12-12,13.0,13.0,13.0,13.0,0
2023-12-13,13.0,13.0,13.0,13.0,0
2023-12-14,13.0,13.0,13.0,13.0,0
2023-12-15,13.0,13.0,13.0,13.0,0
2023-12-18,13.0,13.0,13.0,13.0,0
2023-12-19,13.0,13.0,13.0,13.0,0
2023-12-20,13.0,13.0,13.0,13.0,0
2023-12-21,13.0,13.0,13.0,13.0,0
2023-12-22,13.0,13.0,13.0,13.0,0
2023-12-25,13.0,13.0,13.0,13.0,0
2023-12-26,13.0,13.0,13.0,13.0,0
2023-12-27,13.0,13.0,13.0,13.0,0
2023-12-28,13.0,13.0,13.0,13.0,0
2023-12-29,11.82,11.82,11.82,11.82,2700
2024-01-02,11.82,11.82,11.82,11.82,0
2024-01-03,11.82,11.82,11.82,11.82,0
2024-01-04,11.82,11.82,11.82,11.82,0
2024-01-05,11.82,11.82,11.82,11.82,0
2024-01-08,11.82,11.82,11.82,11.82,0
2024-01-09,11.82,11.82,11.82,11.82,0
2024-01-10,11.82,11.82,11.82,11.82,0
2024-01-11,11.82,11.82,11.82,11.82,0
2024-01-12,11.82,11.82,11.82,11.82,0
2024-01-15,11.82,11.82,11.82,11.82,0
2024-01-16,11.82,11.82,11.82,11.82,0
2024-01-17,11.82,11.82,11.82,11.82,0
2024-01-18,11.82,11.82,11.82,11.82,0
2024-01-19,11.82,11.82,11.82,11.82,0
2024-01-22,11.82,11.82,11.82,11.82,0
2024-01-23,11.82,11.82,11.82,11.82,0
2024-01-24,11.82,11.82,11.82,11.82,0
2024-01-25,11.82,11.82,11.82,11.82,0
2024-01-26,11.82,11.82,11.82,11.82,0
2024-01-29,11.82,11.82,11.82,11.82,0
2024-01-30,11.82,11.82,11.82,11.82,0
2024-01-31,11.82,11.82,11.82,11.82,0
2024-02-01,11.82,11.82,11.82,11.82,0
2024-02-02,11.82,11.82,11.82,11.82,0
2024-02-05,11.82,11.82,11.82,11.82,0
2024-02-06,11.82,11.82,11.82,11.82,0
2024-02-07,11.82,11.82,11.82,11.82,0
2024-02-15,11.82,11.82,11.82,11.82,0
2024-02-16,11.82,11.82,11.82,11.82,0
2024-02-19,11.82,11.82,11.82,11.82,0
2024-02-20,11.82,11.82,11.82,11.82,0
2024-02-21,11.82,11.82,11.82,11.82,0
2024-02-22,11.82,11.82,11.82,11.82,0
2024-02-23,11.82,11.82,11.82,11.82,0
2024-02-26,11.82,11.82,11.82,11.82,0
2024-02-27,11.82,11.82,11.82,11.82,0
2024-02-28,11.82,11.82,11.82,11.82,0
2024-02-29,11.82,11.82,11.82,11.82,0
2024-03-01,11.82,11.82,11.82,11.82,0
2024-03-04,11.82,11.82,11.82,11.82,0
2024-03-05,11.82,11.82,11.82,11.82,0
2024-03-06,11.82,11.82,11.82,11.82,0
2024-03-07,11.82,11.82,11.82,11.82,0
2024-03-08,11.82,11.82,11.82,11.82,0
2024-03-11,11.82,11.82,11.82,11.82,0
2024-03-12,11.82,11.82,11.82,11.82,0
2024-03-13,11.82,11.82,11.82,11.82,0
2024-03-14,11.82,11.82,11.82,11.82,0
2024-03-15,11.82,11.82,11.82,11.82,0
2024-03-18,11.82,11.82,11.82,11.82,0
2024-03-19,11.82,11.82,11.82,11.82,0
2024-03-20,11.82,11.82,11.82,11.82,0
2024-03-21,11.82,11.82,11.82,11.82,0
2024-03-22,11.82,11.82,11.82,11.82,0
2024-03-25,11.82,11.82,11.82,11.82,0
2024-03-26,11.82,11.82,11.82,11.82,0
2024-03-27,11.82,11.82,11.82,11.82,0
2024-03-28,11.82,11.82,11.82,11.82,0
2024-03-29,11.82,11.82,11.82,11.82,0
2024-04-01,11.82,11.82,11.82,11.82,0
2024-04-02,11.82,11.82,11.82,11.82,0
2024-04-03,11.82,11.82,11.82,11.82,0
2024-04-04,11.82,11.82,11.82,11.82,0
2024-04-05,11.82,11.82,11.82,11.82,0
2024-04-08,11.82,11.82,11.82,11.82,0
2024-04-09,11.82,11.82,11.82,11.82,0
2024-04-10,11.82,11.82,11.82,11.82,0
2024-04-11,11.82,11.82,11.82,11.82,0
2024-04-12,11.82,11.82,11.82,11.82,0
2024-04-15,11.82,11.82,11.82,11.82,0
2024-04-16,11.82,11.82,11.82,11.82,0
2024-04-17,11.82,11.82,11.82,11.82,0
2024-04-19,11.82,11.82,11.82,11.82,0
2024-04-22,11.82,11.82,11.82,11.82,0
2024-04-23,11.82,11.82,11.82,11.82,0
2024-04-24,11.82,11.82,11.82,11.82,0
2024-04-25,11.82,11.82,11.82,11.82,0
2024-04-26,11.82,11.82,11.82,11.82,0
2024-05-02,11.82,11.82,11.82,11.82,0
2024-05-03,11.82,11.82,11.82,11.82,0
2024-05-06,11.82,11.82,11.82,11.82,0
2024-05-07,11.82,11.82,11.82,11.82,0
2024-05-08,11.82,11.82,11.82,11.82,0
2024-05-09,11.82,11.82,11.82,11.82,0
2024-05-10,11.82,11.82,11.82,11.82,0
2024-05-13,11.82,11.82,11.82,11.82,0
2024-05-14,14.19,14.19,14.19,14.19,4900
2024-05-15,14.19,14.19,14.19,14.19,0
2024-05-16,14.19,14.19,14.19,14.19,0
2024-05-17,14.19,14.19,14.19,14.19,0
2024-05-20,14.19,14.19,14.19,14.19,0
2024-05-21,14.19,14.19,14.19,14.19,0
2024-05-22,14.19,14.19,14.19,14.19,0
2024-05-23,14.19,14.19,14.19,14.19,0
2024-05-24,14.19,14.19,14.19,14.19,0
2024-05-27,14.19,14.19,14.19,14.19,0
2024-05-28,14.19,14.19,14.19,14.19,0
2024-05-29,14.19,14.19,14.19,14.19,0
2024-05-30,14.19,14.19,14.19,14.19,0
2024-05-31,14.19,14.19,14.19,14.19,0
2024-06-03,14.19,14.19,14.19,14.19,0
2024-06-04,14.19,14.19,14.19,14.19,0
2024-06-05,14.19,14.19,14.19,14.19,0
2024-06-06,14.19,14.19,14.19,14.19,0
2024-06-07,14.19,14.19,14.19,14.19,0
2024-06-10,14.19,14.19,14.19,14.19,0
2024-06-11,14.19,14.19,14.19,14.19,0
2024-06-12,14.19,14.19,14.19,14.19,0
2024-06-13,14.19,14.19,14.19,14.19,0
2024-06-14,14.19,14.19,14.19,14.19,0
2024-06-17,14.19,14.19,14.19,14.19,0
2024-06-18,14.19,14.19,14.19,14.19,0
2024-06-19,14.19,14.19,14.19,14.19,0
2024-06-20,14.19,14.19,14.19,14.19,0
2024-06-21,14.19,14.19,14.19,14.19,0
2024-06-24,14.19,14.19,14.19,14.19,0
2024-06-25,14.19,14.19,14.19,14.19,0
2024-06-26,14.19,14.19,14.19,14.19,0
2024-06-27,14.19,14.19,14.19,14.19,0
2024-06-28,14.19,14.19,14.19,14.19,0
2024-07-01,14.19,14.19,14.19,14.19,0
2024-07-02,14.19,14.19,14.19,14.19,0
2024-07-03,14.19,14.19,14.19,14.19,0
2024-07-04,14.19,14.19,14.19,14.19,0
2024-07-05,14.19,14.19,14.19,14.19,0
2024-07-08,14.19,14.19,14.19,14.19,0
2024-07-09,14.19,14.19,14.19,14.19,0
2024-07-10,14.19,14.19,14.19,14.19,0
2024-07-11,14.19,14.19,14.19,14.19,0
2024-07-12,14.19,14.19,14.19,14.19,0
2024-07-15,14.19,14.19,14.19,14.19,0
2024-07-16,17.97,17.97,17.97,17.97,100
2024-07-17,17.97,17.97,17.97,17.97,0
2024-07-18,17.97,17.97,17.97,17.97,0
2024-07-19,17.97,17.97,17.97,17.97,0
2024-07-22,17.97,17.97,17.97,17.97,0
2024-07-23,17.97,17.97,17.97,17.97,0
2024-07-24,17.97,17.97,17.97,17.97,0
2024-07-25,20.62,20.62,20.62,20.62,100
2024-07-26,17.59,17.59,17.59,17.59,100
2024-07-29,17.59,17.59,17.59,17.59,0
2024-07-30,17.59,17.59,17.59,17.59,0
2024-07-31,17.59,17.59,17.59,17.59,0
2024-08-01,17.59,17.59,17.59,17.59,0
2024-08-02,17.59,17.59,17.59,17.59,0
2024-08-05,17.59,17.59,17.59,17.59,0
2024-08-06,17.59,17.59,17.59,17.59,0
2024-08-07,17.59,17.59,17.59,17.59,0
2024-08-08,17.59,17.59,17.59,17.59,0
2024-08-09,17.59,17.59,17.59,17.59,0
2024-08-12,17.59,17.59,17.59,17.59,1
2024-08-13,17.59,17.59,17.59,17.59,1
2024-08-14,17.59,17.59,17.59,17.59,0
2024-08-15,17.59,17.59,17.59,17.59,0
2024-08-16,17.59,17.59,17.59,17.59,0
2024-08-19,17.59,17.59,17.59,17.59,0
2024-08-20,17.59,17.59,17.59,17.59,0
2024-08-21,17.59,17.59,17.59,17.59,0
2024-08-22,17.59,17.59,17.59,17.59,0
2024-08-23,17.59,17.59,17.59,17.59,0
2024-08-26,17.59,17.59,17.59,17.59,0
2024-08-27,17.59,17.59,17.59,17.59,0
2024-08-28,17.59,17.59,17.59,17.59,0
2024-08-29,17.59,17.59,17.59,17.59,0
2024-08-30,17.59,17.59,17.59,17.59,0
2024-09-04,17.59,17.59,17.59,17.59,0
2024-09-05,17.59,17.59,17.59,17.59,0
2024-09-06,17.59,17.59,17.59,17.59,0
2024-09-09,17.59,17.59,17.59,17.59,0
2024-09-10,17.59,17.59,17.59,17.59,0
2024-09-11,17.59,17.59,17.59,17.59,0
2024-09-12,17.59,17.59,17.59,17.59,0
2024-09-13,17.59,17.59,17.59,17.59,0
2024-09-16,17.59,17.59,17.59,17.59,0
2024-09-17,17.59,17.59,17.59,17.59,0
2024-09-18,17.59,17.59,17.59,17.59,0
2024-09-19,24.59,24.59,24.59,24.59,100
2024-09-20,21.28,28.28,21.28,28.28,200
2024-09-23,21.37,21.37,21.37,21.37,100
2024-09-24,21.37,21.37,21.37,21.37,0
2024-09-25,24.49,24.49,24.49,24.49,101
2024-09-26,21.94,28.09,21.94,28.09,300
2024-09-27,22.79,22.79,22.79,22.79,100
2024-09-30,26.2,26.2,26.2,26.2,100
2024-10-01,26.2,30.07,26.2,30.07,300
2024-10-02,27.43,27.43,27.43,27.43,100
2024-10-03,27.43,27.43,27.43,27.43,0
2024-10-04,27.43,27.43,27.43,27.43,0
2024-10-07,27.43,27.43,27.43,27.43,0
2024-10-08,27.43,27.43,27.43,27.43,0
2024-10-09,27.43,27.43,27.43,27.43,0
2024-10-10,27.43,27.43,27.43,27.43,0
2024-10-11,27.43,27.43,27.43,27.43,0
2024-10-14,27.43,27.43,27.43,27.43,0
2024-10-15,27.43,27.43,27.43,27.43,2
2024-10-16,27.43,27.43,27.43,27.43,0
2024-10-17,26.48,26.48,26.48,26.48,19062
2024-10-18,26.48,26.48,26.48,26.48,0
2024-10-21,26.48,26.48,26.48,26.48,100
2024-10-22,26.48,26.48,26.48,26.48,0
2024-10-23,26.48,26.48,26.48,26.48,0
2024-10-24,26.48,26.48,26.48,26.48,0
2024-10-25,26.48,26.48,26.48,26.48,0
2024-10-28,26.48,26.48,26.48,26.48,0
2024-10-29,26.48,30.45,26.48,30.45,600
2024-10-30,32.72,32.72,32.72,32.72,300
2024-10-31,32.72,32.72,32.72,32.72,0
2024-11-01,33.67,33.67,33.67,33.67,100
2024-11-04,28.65,31.21,28.65,31.21,300
2024-11-05,30.36,30.36,30.36,30.36,0
2024-11-06,30.36,30.36,30.36,30.36,0
2024-11-07,30.36,30.36,30.36,30.36,0
2024-11-08,30.36,30.36,30.36,30.36,0
2024-11-11,32.25,32.25,32.25,32.25,100
2024-11-12,27.8,27.8,27.8,27.8,100
2024-11-13,31.96,31.96,31.96,31.96,100
2024-11-14,27.99,29.98,27.99,29.98,400
2024-11-15,29.51,29.51,29.51,29.51,0
2024-11-18,29.51,29.51,29.51,29.51,0
2024-11-19,30.55,30.55,30.55,30.55,200
2024-11-20,29.32,29.32,29.32,29.32,100
2024-11-21,29.32,29.32,29.32,29.32,0
2024-11-22,29.32,29.32,29.32,29.32,96
2024-11-25,29.32,29.32,29.32,29.32,0
2024-11-26,29.32,29.32,29.32,29.32,0
2024-11-27,29.51,29.51,29.51,29.51,300
2024-11-28,29.51,29.51,29.51,29.51,0
2024-11-29,29.51,29.51,29.51,29.51,0
2024-12-02,29.51,29.51,29.51,29.51,1
2024-12-03,29.51,29.51,29.51,29.51,0
2024-12-04,29.51,29.51,29.51,29.51,0
2024-12-05,29.51,29.51,29.51,29.51,0
2024-12-06,29.51,29.51,29.51,29.51,0
2024-12-09,33.57,33.57,33.57,33.57,100
2024-12-10,28.94,28.94,28.94,28.94,100
2024-12-11,28.94,28.94,28.94,28.94,0
2024-12-12,28.94,28.94,28.94,28.94,0
2024-12-13,28.94,28.94,28.94,28.94,0
2024-12-16,32.25,32.25,32.25,32.25,100
2024-12-17,28.84,32.06,28.84,31.21,300
2024-12-18,30.74,30.74,30.74,30.74,0
2024-12-19,30.74,30.74,30.74,30.74,0
2024-12-20,30.74,30.74,30.74,30.74,0
2024-12-23,30.74,30.74,30.74,30.74,0
2024-12-24,30.74,30.74,30.74,30.74,0
2024-12-25,30.74,30.74,30.74,30.74,0
2024-12-26,30.74,30.74,30.74,30.74,0
2024-12-27,30.74,30.74,30.74,30.74,0
2024-12-30,30.74,30.74,30.74,30.74,0
2024-12-31,34.99,34.99,34.99,34.99,500
2025-01-02,31.21,31.21,31.21,31.21,100
2025-01-03,31.21,31.21,31.21,31.21,0
2025-01-06,26.67,29.32,26.67,29.32,200
2025-01-07,27.99,27.99,27.99,27.99,0
2025-01-08,27.99,27.99,27.99,27.99,0
2025-01-09,27.99,27.99,27.99,27.99,0
2025-01-10,30.36,30.36,30.36,30.36,100
2025-01-13,30.26,30.26,30.26,30.26,100
2025-01-14,30.26,30.26,30.26,30.26,0
2025-01-15,30.26,30.26,30.26,30.26,0
2025-01-16,30.26,30.26,30.26,30.26,0
2025-01-17,30.26,30.26,30.26,30.26,0
2025-01-20,30.26,30.26,30.26,30.26,0
2025-01-21,30.26,30.26,30.26,30.26,0
2025-01-22,30.26,30.26,30.26,30.26,0
2025-01-23,30.26,30.26,30.26,30.26,0
2025-01-24,30.26,30.26,30.26,30.26,0
2025-02-03,31.3,31.3,31.3,31.3,100
2025-02-04,29.79,29.79,29.79,29.79,100
2025-02-05,29.79,29.79,29.79,29.79,0
2025-02-06,29.79,29.79,29.79,29.79,0
2025-02-07,29.79,29.79,29.79,29.79,0
2025-02-10,29.79,29.79,29.79,29.79,0
2025-02-11,31.21,31.21,31.21,31.21,100
2025-02-12,30.36,32.25,30.36,32.25,300
2025-02-13,31.59,31.59,31.59,31.59,0
2025-02-14,31.59,31.59,31.59,31.59,0
2025-02-17,31.59,31.59,31.59,31.59,0
2025-02-18,31.59,31.59,31.59,31.59,0
2025-02-19,36.22,36.22,33.48,33.48,200
2025-02-20,33.29,33.29,33.29,33.29,100
2025-02-21,33.29,33.29,33.29,33.29,0
2025-02-24,38.21,38.21,38.21,38.21,100
2025-02-25,38.21,38.21,38.21,38.21,0
2025-02-26,38.21,38.21,38.21,38.21,0
2025-02-27,42.56,42.56,36.88,36.88,200
2025-02-28,38.77,45.39,38.77,45.39,200
2025-03-03,39.72,39.72,39.72,39.72,100
2025-03-04,39.72,39.72,39.72,39.72,0
2025-03-05,39.72,39.72,39.72,39.72,0
2025-03-06,39.72,39.72,39.72,39.72,100
2025-03-07,39.72,39.72,39.72,39.72,0
2025-03-10,45.39,45.39,45.39,45.39,100
2025-03-11,38.87,38.87,38.87,38.87,100
2025-03-12,38.87,38.87,38.87,38.87,0
2025-03-13,38.87,38.87,38.87,38.87,0
2025-03-14,41.61,41.61,41.61,41.61,400
2025-03-17,39.06,44.64,39.06,44.64,200
2025-03-18,39.34,43.5,39.34,43.5,200
2025-03-19,39.72,43.5,39.72,43.5,200
2025-03-20,39.34,43.6,39.34,43.6,200
2025-03-21,41.52,41.52,41.52,41.52,0
2025-03-24,41.14,47.28,41.14,47.28,900
2025-03-25,39.81,49.18,39.81,49.18,200
2025-03-26,40.19,49.18,40.19,49.08,300
2025-03-27,41.61,41.61,41.61,41.61,100
2025-03-28,41.61,41.61,41.61,41.61,0
2025-03-31,41.61,41.61,41.61,41.61,0
2025-04-01,45.39,45.39,45.39,45.39,100
2025-04-02,39.44,45.3,39.44,45.3,200
2025-04-03,39.72,39.72,39.72,39.72,100
2025-04-04,39.72,39.72,39.72,39.72,0
2025-04-08,39.72,39.72,39.72,39.72,100
2025-04-09,36.5,43.5,36.5,43.5,200
2025-04-10,45.39,45.39,45.39,45.39,200
2025-04-11,39.25,39.25,39.25,39.25,100
2025-04-14,39.25,39.25,39.25,39.25,1
2025-04-15,44.45,44.45,44.45,44.45,100
2025-04-16,39.72,44.45,39.72,44.45,203
2025-04-17,39.25,44.54,39.25,44.54,200
2025-04-18,38.77,44.64,38.77,44.64,200
2025-04-21,38.21,47.76,38.21,47.76,300
2025-04-22,38.87,38.87,38.87,38.87,101
2025-04-23,44.45,44.45,44.45,44.45,100
2025-04-24,39.44,39.44,39.44,39.44,100
2025-04-25,44.92,44.92,44.92,44.92,101
2025-04-28,44.92,44.92,44.92,44.92,200
2025-04-29,41.61,41.61,41.61,41.61,100
2025-05-05,41.61,41.61,41.61,41.61,0
2025-05-06,46.34,46.34,46.34,46.34,100
2025-05-07,46.34,46.34,46.34,46.34,0
2025-05-08,40.85,46.34,40.85,46.34,300
2025-05-09,39.81,47.28,39.81,47.28,200
2025-05-12,43.6,43.6,43.6,43.6,0
2025-05-13,43.6,43.6,43.6,43.6,0
2025-05-14,50.0,50.0,50.0,50.0,100
2025-05-15,43.2,50.0,43.2,50.0,200
2025-05-16,46.6,46.6,46.6,46.6,0
2025-05-19,50.0,50.0,50.0,50.0,500
2025-05-20,50.0,50.0,50.0,50.0,0
2025-05-21,50.0,57.5,50.0,57.5,2300
2025-05-22,50.5,50.5,50.5,50.5,0
2025-05-28,54.0,54.0,54.0,54.0,100
2025-05-29,54.0,54.0,54.0,54.0,200
2025-06-03,46.6,53.7,46.0,53.0,1500
2025-06-04,48.0,48.0,48.0,48.0,100
2025-06-09,48.0,48.0,48.0,48.0,300
2025-06-11,48.0,48.0,48.0,48.0,500
2025-06-13,48.0,48.0,48.0,48.0,100
2025-06-17,48.0,48.0,48.0,48.0,300
2025-06-24,47.5,47.5,45.0,46.0,1200
2025-06-27,42.0,42.0,38.7,38.7,1300
2025-06-30,39.5,39.5,39.0,39.0,1600
2025-07-02,39.4,39.5,39.3,39.3,1100
2025-07-03,39.5,39.5,39.5,39.5,1000
2025-07-04,38.0,39.5,38.0,39.5,2700
2025-07-08,39.4,39.4,39.4,39.4,1100
2025-07-21,39.4,39.4,39.4,39.4,300
2025-08-04,45.2,45.2,45.2,45.2,100
2025-08-05,41.0,41.0,41.0,41.0,100
2025-08-13,47.0,47.0,47.0,47.0,100
2025-08-14,48.0,50.0,48.0,50.0,1100
2025-08-19,50.0,50.0,50.0,50.0,300
2025-08-25,50.0,50.0,50.0,50.0,1000
2025-08-29,42.7,42.7,42.7,42.7,100
2025-09-10,40.0,40.0,40.0,40.0,100
2025-09-11,46.0,46.0,46.0,46.0,100
2025-10-01,52.9,52.9,52.9,52.9,100
2025-10-02,49.0,49.0,49.0,49.0,200
