time,open,high,low,close,volume
2017-08-17,7.87,7.87,6.66,7.87,58299310
2017-08-18,7.66,7.77,7.5,7.5,1092840
2017-08-21,7.22,7.42,7.16,7.23,798670
2017-08-22,7.02,7.26,7.02,7.26,2295930
2017-08-23,7.26,7.42,7.21,7.3,520790
2017-08-24,7.33,7.33,7.22,7.31,678690
2017-08-25,7.24,7.32,7.22,7.32,615370
2017-08-28,7.26,7.32,7.24,7.32,761670
2017-08-29,7.28,7.32,7.25,7.32,990000
2017-08-30,7.32,7.32,7.26,7.32,830100
2017-08-31,7.28,7.32,7.28,7.32,1196380
2017-09-01,7.28,7.32,7.28,7.32,978060
2017-09-05,7.27,7.34,7.27,7.34,1274130
2017-09-06,7.34,7.7,7.32,7.69,1269010
2017-09-07,7.7,7.93,7.7,7.78,900290
2017-09-08,7.77,7.77,7.69,7.7,339640
2017-09-11,7.66,7.68,7.44,7.46,655570
2017-09-12,7.46,7.56,7.34,7.53,330150
2017-09-13,7.53,7.58,7.48,7.56,312470
2017-09-14,7.56,7.58,7.52,7.55,268880
2017-09-15,7.55,7.58,7.53,7.54,352480
2017-09-18,7.54,7.56,7.51,7.52,323580
2017-09-19,7.52,7.52,7.44,7.45,820020
2017-09-20,7.45,7.52,7.43,7.44,789670
2017-09-21,7.44,7.45,7.41,7.44,535570
2017-09-22,7.44,7.44,7.36,7.4,1288830
2017-09-25,7.4,7.43,7.39,7.39,504360
2017-09-26,7.44,7.44,7.38,7.38,718370
2017-09-27,7.38,7.55,7.38,7.51,1473820
2017-09-28,7.52,7.62,7.5,7.51,1238590
2017-09-29,7.51,7.61,7.51,7.56,752340
2017-10-02,7.56,7.58,7.46,7.51,634350
2017-10-03,7.5,7.52,7.41,7.44,659660
2017-10-04,7.44,7.46,7.41,7.44,457470
2017-10-05,7.48,7.49,7.43,7.43,219990
2017-10-06,7.47,7.5,7.42,7.5,409110
2017-10-09,7.58,7.58,7.51,7.55,936770
2017-10-10,7.55,7.7,7.53,7.66,869010
2017-10-11,7.7,7.97,7.69,7.97,3495690
2017-10-12,7.98,8.23,7.93,8.08,2362040
2017-10-13,8.05,8.28,8.05,8.11,1322500
2017-10-16,8.11,8.31,8.11,8.21,2217910
2017-10-17,8.21,8.37,8.21,8.31,1689100
2017-10-18,8.47,8.49,8.33,8.33,2362080
2017-10-19,8.31,8.41,8.23,8.29,1057180
2017-10-20,8.29,8.39,8.29,8.33,1480860
2017-10-23,8.33,8.45,8.21,8.23,1498490
2017-10-24,8.26,8.26,8.16,8.21,826280
2017-10-25,8.21,8.3,8.13,8.27,1275530
2017-10-26,8.27,8.33,8.17,8.21,757830
2017-10-27,8.19,8.27,8.18,8.24,738890
2017-10-30,8.24,8.43,8.24,8.29,1960480
2017-10-31,8.29,8.33,8.19,8.2,1027260
2017-11-01,8.19,8.25,8.1,8.13,994020
2017-11-02,8.11,8.19,7.58,7.6,2450520
2017-11-03,7.62,8.11,7.62,8.11,1257280
2017-11-06,8.11,8.11,7.97,8.05,490420
2017-11-07,8.03,8.03,7.95,7.97,579800
2017-11-08,7.97,8.13,7.9,8.11,826220
2017-11-09,8.13,8.13,7.97,8.01,537590
2017-11-10,8.0,8.01,7.97,7.98,503430
2017-11-13,7.99,7.99,7.79,7.81,734400
2017-11-14,7.81,7.95,7.81,7.88,777620
2017-11-15,7.92,7.96,7.83,7.93,775820
2017-11-16,7.93,8.15,7.88,7.97,916660
2017-11-17,8.03,8.07,7.96,7.97,561660
2017-11-20,7.99,7.99,7.88,7.89,629260
2017-11-21,7.87,7.94,7.82,7.86,1003180
2017-11-22,7.87,8.11,7.85,7.99,1542070
2017-11-23,8.07,8.25,7.89,8.07,1865520
2017-11-24,8.12,8.19,8.01,8.07,939760
2017-11-27,8.07,8.07,8.02,8.03,865430
2017-11-28,8.03,8.14,8.01,8.03,1532570
2017-11-29,8.03,8.16,8.03,8.09,1922690
2017-11-30,8.15,8.32,8.13,8.3,4526350
2017-12-01,8.39,8.39,8.29,8.3,3263090
2017-12-04,8.31,8.53,8.31,8.37,2860030
2017-12-05,8.41,8.46,8.21,8.28,3035500
2017-12-06,8.28,8.29,8.09,8.17,1964010
2017-12-07,8.17,8.19,7.99,7.99,1743680
2017-12-08,7.99,8.07,7.95,7.97,1251580
2017-12-11,7.87,7.96,7.78,7.78,1320400
2017-12-12,7.83,7.97,7.26,7.81,2982180
2017-12-13,7.81,7.82,7.64,7.64,1148350
2017-12-14,7.66,7.79,7.66,7.75,714430
2017-12-15,7.75,7.84,7.7,7.7,738630
2017-12-18,7.77,7.93,7.75,7.87,1219150
2017-12-19,7.96,7.96,7.77,7.91,1250790
2017-12-20,7.91,8.17,7.91,8.14,1292990
2017-12-21,8.15,8.25,8.14,8.16,1587340
2017-12-22,8.13,8.15,8.04,8.15,863870
2017-12-25,8.15,8.15,8.03,8.05,885840
2017-12-26,8.07,8.09,8.01,8.03,702040
2017-12-27,8.07,8.13,8.05,8.05,1096400
2017-12-28,8.11,8.23,8.11,8.17,1336360
2017-12-29,8.23,8.33,8.19,8.27,2133440
2018-01-02,8.28,8.84,8.28,8.73,6973030
2018-01-03,8.85,8.96,8.71,8.74,2393590
2018-01-04,8.75,9.08,8.74,9.06,3127720
2018-01-05,9.06,9.06,8.77,8.96,2611280
2018-01-08,8.96,9.38,8.87,9.37,2758530
2018-01-09,9.48,9.67,9.08,9.66,4813410
2018-01-10,9.69,9.79,9.56,9.68,4193390
2018-01-11,9.55,9.83,9.53,9.83,2838750
2018-01-12,9.88,9.88,9.44,9.5,6034390
2018-01-15,9.52,9.76,9.46,9.68,2849090
2018-01-16,9.64,9.67,9.4,9.58,4223700
2018-01-17,9.61,9.74,9.45,9.48,2524920
2018-01-18,9.44,9.68,9.38,9.68,3113930
2018-01-19,9.68,10.1,9.68,9.72,8250800
2018-01-22,9.72,10.0,9.72,9.93,3111950
2018-01-23,9.93,9.93,9.93,9.93,0
2018-01-24,9.93,9.93,9.93,9.93,0
2018-01-25,10.08,10.61,10.0,10.57,11483030
2018-01-26,10.59,10.77,10.45,10.49,5418010
2018-01-29,10.61,10.89,10.47,10.51,5001720
2018-01-30,10.41,10.67,10.25,10.67,5259520
2018-01-31,10.69,10.91,10.67,10.75,3541550
2018-02-01,10.79,10.79,10.45,10.53,2796590
2018-02-02,10.55,10.93,10.45,10.93,2864340
2018-02-05,10.81,10.91,10.25,10.39,4065630
2018-02-06,9.66,10.39,9.66,9.96,8073980
2018-02-07,10.49,10.65,10.37,10.57,5853500
2018-02-08,10.51,10.61,10.39,10.49,2316740
2018-02-09,9.88,10.67,9.88,10.59,3999330
2018-02-12,10.75,11.13,10.69,11.13,6359690
2018-02-13,11.48,11.48,11.19,11.4,2396320
2018-02-21,11.6,11.92,11.54,11.78,3471230
2018-02-22,11.7,11.84,11.4,11.52,4165830
2018-02-23,11.58,11.8,11.46,11.8,3038950
2018-02-26,11.9,11.96,11.66,11.68,4344350
2018-02-27,11.78,11.94,11.66,11.88,3264320
2018-02-28,11.88,12.18,11.78,12.02,3332900
2018-03-01,11.9,12.08,11.82,11.94,2350810
2018-03-02,11.8,12.51,11.76,12.48,5712090
2018-03-05,12.61,12.73,11.8,11.8,3519210
2018-03-06,12.12,12.46,11.96,12.46,4033390
2018-03-07,12.79,12.81,12.28,12.51,5083980
2018-03-08,12.61,13.13,12.51,13.13,5430240
2018-03-09,13.31,13.31,12.71,12.89,8620060
2018-03-12,12.89,12.91,12.46,12.69,7522580
2018-03-13,12.67,12.95,12.42,12.95,4148500
2018-03-14,13.01,13.13,12.81,13.01,2886240
2018-03-15,12.89,13.01,12.75,12.87,2941630
2018-03-16,12.89,13.09,12.71,12.97,4345170
2018-03-19,13.09,13.17,12.77,12.79,3301910
2018-03-20,12.85,13.37,12.83,13.19,6771930
2018-03-21,13.31,13.41,13.07,13.11,2369060
2018-03-22,13.15,13.31,12.93,13.15,3224470
2018-03-23,12.75,13.01,12.73,12.85,4098250
2018-03-26,12.77,13.09,12.77,12.97,2977790
2018-03-27,13.11,13.31,13.03,13.09,3533080
2018-03-28,12.93,13.13,12.93,13.09,1854780
2018-03-29,13.09,13.29,13.09,13.15,3422420
2018-03-30,13.15,13.19,12.99,13.01,2056050
2018-04-02,13.01,13.78,12.97,13.72,9876900
2018-04-03,13.72,13.9,13.65,13.78,3048890
2018-04-04,13.82,13.92,13.67,13.74,2027300
2018-04-05,13.76,13.76,13.47,13.61,3758200
2018-04-06,13.63,13.8,13.57,13.74,3503680
2018-04-09,13.72,14.06,13.67,13.98,3604100
2018-04-10,14.02,14.12,13.63,13.78,3293590
2018-04-11,13.78,13.86,13.21,13.33,4707690
2018-04-12,13.31,13.41,13.13,13.39,2562940
2018-04-13,13.47,13.51,12.93,12.93,3338190
2018-04-16,12.93,13.17,12.69,12.89,3097620
2018-04-17,12.95,13.13,12.87,13.13,1811450
2018-04-18,13.23,13.23,12.87,12.87,1759730
2018-04-19,12.83,12.85,12.26,12.26,3691140
2018-04-20,12.26,12.36,11.9,12.34,3532830
2018-04-23,12.46,12.46,11.5,11.5,9490180
2018-04-24,11.09,11.68,10.81,11.5,3846780
2018-04-26,11.46,11.52,10.71,10.71,3415920
2018-04-27,10.41,11.07,10.02,10.79,4397700
2018-05-02,10.79,11.05,10.23,10.35,2956000
2018-05-03,10.19,10.49,9.8,10.43,3797020
2018-05-04,10.59,10.79,10.47,10.57,2703750
2018-05-07,10.69,11.27,10.63,11.27,1886800
2018-05-08,11.23,11.29,10.99,10.99,2499960
2018-05-09,10.91,11.13,10.71,10.71,1573720
2018-05-10,10.71,10.83,10.08,10.08,2582650
2018-05-11,10.0,10.49,9.86,10.43,2736580
2018-05-14,10.55,10.55,9.7,10.06,8485080
2018-05-15,10.08,10.29,9.88,10.13,3185030
2018-05-16,10.04,10.15,9.74,9.74,2225270
2018-05-17,9.74,9.74,9.09,9.24,5122380
2018-05-18,9.38,9.68,9.08,9.39,2496340
2018-05-21,9.54,9.7,9.38,9.48,1969320
2018-05-22,9.48,9.48,8.87,9.08,2653000
2018-05-23,9.08,9.18,8.71,9.1,2602270
2018-05-24,9.18,9.18,8.8,8.89,1839710
2018-05-25,8.87,8.91,8.37,8.41,2905170
2018-05-28,8.27,8.31,7.83,7.83,2699850
2018-05-29,7.68,8.37,7.5,8.37,7706980
2018-05-30,8.47,8.96,8.37,8.71,4842490
2018-05-31,8.63,9.12,8.61,9.08,2336730
2018-06-01,8.98,9.42,8.89,9.28,3775220
2018-06-04,9.36,9.92,9.36,9.92,3890390
2018-06-05,10.21,10.43,9.88,9.96,4577940
2018-06-06,9.96,10.06,9.78,9.97,2043840
2018-06-07,10.0,10.0,9.77,9.98,2097860
2018-06-08,9.88,10.45,9.88,10.45,4085220
2018-06-11,10.47,10.99,10.39,10.73,2938320
2018-06-12,10.69,10.69,10.04,10.59,4461970
2018-06-13,10.41,10.73,10.41,10.57,2470970
2018-06-14,10.53,10.55,10.08,10.08,2544990
2018-06-15,10.08,10.21,9.94,9.98,3677520
2018-06-18,10.54,10.57,9.76,9.89,3203730
2018-06-19,9.46,9.5,9.2,9.5,3364270
2018-06-20,9.79,10.15,9.56,10.15,5608390
2018-06-21,10.25,10.46,10.08,10.12,2747630
2018-06-22,10.02,10.74,9.99,10.74,4253630
2018-06-25,10.77,11.0,10.56,10.62,5058520
2018-06-26,10.44,10.62,10.31,10.44,2686070
2018-06-27,10.44,10.57,9.92,9.99,3830270
2018-06-28,9.69,10.0,9.53,9.63,5375390
2018-06-29,9.63,9.79,9.33,9.37,3866630
2018-07-02,9.14,9.33,8.81,9.04,3973170
2018-07-03,9.04,9.24,8.42,8.42,3386480
2018-07-04,8.42,8.62,8.09,8.62,2083270
2018-07-05,8.62,8.75,8.11,8.22,1986990
2018-07-06,8.22,8.8,8.0,8.8,3989800
2018-07-09,8.98,9.17,8.81,8.84,2109480
2018-07-10,8.98,9.19,8.88,9.07,2249930
2018-07-11,8.81,8.84,8.45,8.45,5335090
2018-07-12,8.45,8.84,8.32,8.6,2045530
2018-07-13,8.71,8.98,8.71,8.94,2559840
2018-07-16,8.98,9.12,8.86,9.01,2442170
2018-07-17,9.01,9.63,8.93,9.61,8723790
2018-07-18,9.68,9.95,9.68,9.81,6095550
2018-07-19,9.81,9.92,9.69,9.69,5423550
2018-07-20,9.6,9.69,9.07,9.63,12854030
2018-07-23,9.33,9.43,8.98,8.98,8452860
2018-07-24,8.94,9.04,8.62,8.75,3680700
2018-07-25,8.81,8.96,8.58,8.58,3223360
2018-07-26,8.71,8.71,8.42,8.55,2635240
2018-07-27,8.55,8.75,8.22,8.62,6420200
2018-07-30,8.81,9.06,8.78,8.91,3756300
2018-07-31,8.86,8.99,8.78,8.84,3761470
2018-08-01,8.81,8.93,8.65,8.75,3930160
2018-08-02,8.62,8.71,8.42,8.67,4468200
2018-08-03,8.81,8.81,8.68,8.68,3026220
2018-08-06,8.68,8.71,8.5,8.53,2686230
2018-08-07,8.5,8.7,8.47,8.53,2772610
2018-08-08,8.6,8.68,8.55,8.68,3560410
2018-08-09,8.78,8.96,8.75,8.78,7315610
2018-08-10,8.78,8.8,8.62,8.75,2429990
2018-08-13,8.71,8.94,8.65,8.86,7875670
2018-08-14,8.98,9.09,8.88,8.88,9653960
2018-08-15,8.93,8.98,8.65,8.65,5635930
2018-08-16,8.58,8.68,8.49,8.65,4440310
2018-08-17,8.71,8.75,8.49,8.49,4006110
2018-08-20,8.47,8.55,8.04,8.13,10439230
2018-08-21,8.13,8.34,8.09,8.32,3846520
2018-08-22,8.39,8.45,8.31,8.32,2987140
2018-08-23,8.32,8.34,8.21,8.29,3016740
2018-08-24,8.24,8.29,8.16,8.18,3737490
2018-08-27,8.19,8.32,8.16,8.26,4093960
2018-08-28,8.32,8.4,8.27,8.31,3761310
2018-08-29,8.31,8.32,8.22,8.24,2444350
2018-08-30,8.24,8.32,8.19,8.32,2995960
2018-08-31,8.32,8.62,8.32,8.45,9393090
2018-09-04,8.45,8.65,8.39,8.39,4695610
2018-09-05,8.39,8.44,8.19,8.27,3037980
2018-09-06,8.26,8.32,8.0,8.03,6504110
2018-09-07,8.0,8.16,7.96,8.16,3833490
2018-09-10,8.16,8.16,7.96,7.96,3216240
2018-09-11,7.98,8.09,7.95,8.06,2106560
2018-09-12,8.09,8.18,8.0,8.0,2781040
2018-09-13,8.0,8.06,7.91,7.93,2987240
2018-09-14,8.0,8.06,7.93,7.95,2863380
2018-09-17,7.96,8.13,7.93,7.96,2839480
2018-09-18,7.98,8.0,7.88,7.98,2643050
2018-09-19,8.03,8.29,7.96,8.14,7585640
2018-09-20,8.19,8.42,8.19,8.42,5714850
2018-09-21,8.49,8.63,8.42,8.58,9772220
2018-09-24,8.62,8.63,8.45,8.47,4819510
2018-09-25,8.45,8.55,8.39,8.45,4300320
2018-09-26,8.45,8.62,8.45,8.49,4085480
2018-09-27,8.5,8.65,8.5,8.57,3224260
2018-09-28,8.73,8.86,8.73,8.75,8103100
2018-10-01,8.8,8.8,8.58,8.62,4950190
2018-10-02,8.62,8.68,8.53,8.55,3462720
2018-10-03,8.55,8.63,8.45,8.52,3460480
2018-10-04,8.55,8.65,8.52,8.6,4159510
2018-10-05,8.62,8.67,8.4,8.4,5564230
2018-10-08,8.37,8.4,8.26,8.26,4520000
2018-10-09,8.26,8.32,8.19,8.22,3212810
2018-10-10,8.26,8.27,8.08,8.16,4128740
2018-10-11,7.7,7.87,7.59,7.59,11823660
2018-10-12,7.65,7.93,7.59,7.91,8479110
2018-10-15,7.93,7.93,7.7,7.73,2599130
2018-10-16,7.73,7.8,7.69,7.8,2777030
2018-10-17,7.91,7.91,7.77,7.83,4075010
2018-10-18,7.8,7.82,7.7,7.77,1948260
2018-10-19,7.67,7.8,7.56,7.8,3276110
2018-10-22,7.82,7.91,7.59,7.59,2671620
2018-10-23,7.54,7.54,7.07,7.44,7329880
2018-10-24,7.34,7.44,7.21,7.23,2959850
2018-10-25,6.82,7.05,6.72,7.05,5715420
2018-10-26,7.05,7.13,6.77,6.87,3547480
2018-10-29,6.87,6.87,6.53,6.66,5378670
2018-10-30,6.56,6.69,6.56,6.64,3550340
2018-10-31,6.77,6.98,6.74,6.98,2938200
2018-11-01,6.98,7.02,6.67,6.69,2830220
2018-11-02,6.84,6.97,6.76,6.85,2579220
2018-11-05,6.79,6.94,6.72,6.92,2103970
2018-11-06,6.94,6.95,6.82,6.84,1631360
2018-11-07,6.87,6.89,6.69,6.74,2729280
2018-11-08,6.85,6.89,6.76,6.76,2285880
2018-11-09,6.74,6.87,6.64,6.64,2212000
2018-11-12,6.63,6.69,6.51,6.67,5841220
2018-11-13,6.59,6.61,6.53,6.59,3216590
2018-11-14,6.58,6.61,6.4,6.48,3895890
2018-11-15,6.45,6.49,6.15,6.2,3269930
2018-11-16,6.23,6.63,6.23,6.63,5325960
2018-11-19,7.08,7.08,6.85,7.08,6705160
2018-11-20,7.02,7.25,7.0,7.11,4699680
2018-11-21,6.95,7.15,6.89,7.11,3428980
2018-11-22,7.18,7.39,7.05,7.33,5004240
2018-11-23,7.25,7.33,7.13,7.16,1772850
2018-11-26,7.08,7.08,6.98,7.05,1754150
2018-11-27,7.05,7.1,6.79,6.85,2938040
2018-11-28,6.85,6.85,6.71,6.85,2456400
2018-11-29,6.94,7.02,6.79,6.79,1624280
2018-11-30,6.76,6.85,6.71,6.79,1335310
2018-12-03,6.92,7.2,6.92,7.2,3882890
2018-12-04,7.2,7.38,7.13,7.31,5329380
2018-12-05,7.18,7.34,7.15,7.34,4429870
2018-12-06,7.28,7.31,7.16,7.31,3334560
2018-12-07,7.31,7.51,7.31,7.41,4274220
2018-12-10,7.38,7.42,7.29,7.39,3653260
2018-12-11,7.38,7.41,7.21,7.34,3673040
2018-12-12,7.34,7.34,7.25,7.31,4813900
2018-12-13,7.36,7.41,7.31,7.33,3436720
2018-12-14,7.33,7.33,7.11,7.11,3630390
2018-12-17,7.08,7.08,6.79,6.85,4392470
2018-12-18,6.69,6.85,6.59,6.76,4686660
2018-12-19,6.76,6.82,6.59,6.76,2784530
2018-12-20,6.67,6.77,6.63,6.63,2492390
2018-12-21,6.56,6.76,6.54,6.76,3299130
2018-12-24,6.76,6.82,6.64,6.64,760350
2018-12-25,6.53,6.53,6.3,6.4,2214640
2018-12-26,6.46,6.51,6.36,6.36,1092150
2018-12-27,6.66,6.66,6.43,6.48,1232670
2018-12-28,6.53,6.53,6.4,6.51,1190980
2019-01-02,6.51,6.51,6.33,6.33,1037420
2019-01-03,6.33,6.4,6.1,6.2,3018830
2019-01-04,6.17,6.25,5.99,6.18,1928210
2019-01-07,6.3,6.4,6.25,6.28,1645360
2019-01-08,6.25,6.3,6.18,6.25,834840
2019-01-09,6.27,6.38,6.25,6.25,2027690
2019-01-10,6.27,6.35,6.25,6.27,988700
2019-01-11,6.3,6.33,6.22,6.23,1158060
2019-01-14,6.23,6.27,6.15,6.22,1149670
2019-01-15,6.22,6.32,6.2,6.28,1168800
2019-01-16,6.3,6.51,6.3,6.48,3962960
2019-01-17,6.46,6.49,6.2,6.2,1419860
2019-01-18,6.3,6.36,6.25,6.28,1672450
2019-01-21,6.3,6.59,6.3,6.53,2531400
2019-01-22,6.53,6.64,6.41,6.41,2282970
2019-01-23,6.38,6.51,6.38,6.49,1413360
2019-01-24,6.49,6.59,6.43,6.59,2058500
2019-01-25,6.56,6.63,6.49,6.54,1353240
2019-01-28,6.54,6.58,6.36,6.43,1415780
2019-01-29,6.43,6.53,6.35,6.53,1602910
2019-01-30,6.54,6.58,6.48,6.49,1292190
2019-01-31,6.54,6.64,6.54,6.59,2385210
2019-02-01,6.59,6.63,6.46,6.54,3212780
2019-02-11,6.61,6.92,6.58,6.92,3188300
2019-02-12,6.98,7.03,6.9,6.97,3980620
2019-02-13,6.98,7.08,6.97,7.02,3440610
2019-02-14,7.02,7.03,6.92,6.94,2299990
2019-02-15,6.92,7.02,6.82,6.94,2818810
2019-02-18,6.98,7.07,6.97,7.02,1634010
2019-02-19,7.08,7.11,6.92,6.92,2998200
2019-02-20,6.9,6.98,6.82,6.9,2173510
2019-02-21,6.95,6.98,6.82,6.98,2551090
2019-02-22,6.9,7.07,6.89,6.97,2761050
2019-02-25,7.08,7.11,7.0,7.02,2504220
2019-02-26,6.98,7.07,6.89,6.95,2884870
2019-02-27,6.92,6.97,6.89,6.92,1606160
2019-02-28,6.92,6.92,6.72,6.76,2771900
2019-03-01,6.76,6.82,6.72,6.82,2197980
2019-03-04,6.82,7.05,6.82,6.98,3088630
2019-03-05,6.97,7.08,6.94,6.98,3627360
2019-03-06,6.98,7.0,6.9,6.95,1409590
2019-03-07,6.95,7.03,6.92,6.95,2681570
2019-03-08,6.89,6.94,6.82,6.87,2774400
2019-03-11,6.87,6.92,6.84,6.89,799600
2019-03-12,6.92,7.02,6.84,7.02,2561330
2019-03-13,7.1,7.21,7.08,7.18,4507910
2019-03-14,7.16,7.18,7.1,7.11,1529860
2019-03-15,7.08,7.11,7.03,7.11,1720670
2019-03-18,7.15,7.34,7.13,7.34,4480400
2019-03-19,7.34,7.34,7.13,7.15,1689000
2019-03-20,7.13,7.15,7.02,7.1,2170730
2019-03-21,7.1,7.13,6.85,6.85,3158580
2019-03-22,6.94,6.94,6.8,6.85,2493250
2019-03-25,6.61,6.72,6.53,6.59,3398760
2019-03-26,6.63,6.69,6.59,6.59,1641900
2019-03-27,6.63,6.76,6.58,6.76,2064200
2019-03-28,6.67,6.76,6.66,6.67,1091520
2019-03-29,6.72,6.74,6.58,6.59,2449530
2019-04-01,6.63,6.67,6.58,6.61,1525280
2019-04-02,6.67,6.69,6.58,6.58,1690450
2019-04-03,6.56,6.58,6.45,6.51,3328450
2019-04-04,6.51,6.58,6.49,6.53,1017850
2019-04-05,6.53,6.58,6.49,6.54,1894700
2019-04-08,6.56,6.56,6.4,6.48,1657550
2019-04-09,6.49,6.58,6.48,6.51,2070500
2019-04-10,6.49,6.53,6.35,6.48,2382980
2019-04-11,6.49,6.49,6.4,6.41,900020
2019-04-12,6.38,6.4,6.33,6.35,1735450
2019-04-16,6.3,6.33,6.15,6.25,2661560
2019-04-17,6.27,6.4,6.25,6.35,2071330
2019-04-18,6.35,6.36,6.25,6.3,1293420
2019-04-19,6.33,6.33,6.25,6.33,1035910
2019-04-22,6.33,6.33,6.2,6.32,1251570
2019-04-23,6.25,6.33,6.22,6.23,1540170
2019-04-24,6.28,6.32,6.22,6.3,1338870
2019-04-25,6.3,6.3,6.22,6.22,916900
2019-04-26,6.22,6.27,6.18,6.22,1437530
2019-05-02,6.25,6.25,6.12,6.18,1096600
2019-05-03,6.15,6.18,6.07,6.18,2442790
2019-05-06,6.1,6.12,5.87,6.02,2312460
2019-05-07,6.04,6.07,5.96,5.96,1079800
2019-05-08,5.89,5.97,5.87,5.96,1565680
2019-05-09,5.92,6.01,5.91,5.96,1826500
2019-05-10,5.99,6.01,5.94,5.99,1422780
2019-05-13,5.99,6.12,5.97,6.01,1390780
2019-05-14,5.97,6.04,5.96,6.04,1398440
2019-05-15,6.05,6.17,6.04,6.17,1841710
2019-05-16,6.18,6.22,6.12,6.17,1825590
2019-05-17,6.14,6.17,6.09,6.15,991430
2019-05-20,6.1,6.18,6.09,6.14,1397930
2019-05-21,6.17,6.23,6.15,6.2,1825510
2019-05-22,6.2,6.3,6.2,6.23,2448820
2019-05-23,6.17,6.23,6.1,6.12,1249510
2019-05-24,6.07,6.2,6.05,6.09,1086690
2019-05-27,6.07,6.12,6.02,6.12,952130
2019-05-28,6.17,6.17,6.04,6.04,1012920
2019-05-29,6.07,6.07,5.97,5.97,916770
2019-05-30,5.97,6.02,5.94,6.01,1907020
2019-05-31,5.99,6.04,5.94,5.94,965850
2019-06-03,5.92,5.94,5.71,5.87,2063880
2019-06-04,5.84,5.89,5.74,5.87,1808710
2019-06-05,5.87,5.91,5.83,5.83,1091510
2019-06-06,5.74,5.86,5.71,5.86,1321980
2019-06-07,5.87,5.91,5.84,5.86,1571060
2019-06-10,5.92,5.94,5.78,5.91,1847070
2019-06-11,5.92,5.94,5.86,5.92,1180300
2019-06-12,5.92,5.94,5.89,5.92,1461730
2019-06-13,5.89,6.01,5.89,5.94,2107810
2019-06-14,5.96,6.12,5.94,6.07,3211970
2019-06-17,6.07,6.1,6.04,6.07,2330100
2019-06-18,6.04,6.07,5.94,6.02,2691590
2019-06-19,6.07,6.09,5.94,6.05,1292370
2019-06-20,6.01,6.27,6.01,6.27,4347040
2019-06-21,6.3,6.33,6.23,6.3,2318070
2019-06-24,6.27,6.35,6.25,6.3,2006700
2019-06-25,6.28,6.35,6.27,6.33,2603250
2019-06-26,6.3,6.33,6.27,6.27,1206480
2019-06-27,6.22,6.27,6.12,6.15,2671610
2019-06-28,6.1,6.18,6.02,6.17,1963890
2019-07-01,6.17,6.33,6.15,6.33,1679610
2019-07-02,6.32,6.4,6.28,6.3,1620120
2019-07-03,6.3,6.3,6.2,6.27,1335150
2019-07-04,6.27,6.35,6.27,6.32,1308820
2019-07-05,6.35,6.43,6.32,6.33,1625650
2019-07-08,6.27,6.33,6.2,6.32,1308420
2019-07-09,6.32,6.32,6.23,6.3,1034110
2019-07-10,6.3,6.36,6.28,6.33,1315600
2019-07-11,6.36,6.41,6.33,6.41,2589340
2019-07-12,6.43,6.46,6.36,6.36,2054520
2019-07-15,6.4,6.43,6.33,6.4,1860210
2019-07-16,6.4,6.45,6.4,6.43,1034460
2019-07-17,6.41,6.45,6.3,6.33,2774810
2019-07-18,6.3,6.33,6.25,6.3,1995060
2019-07-19,6.3,6.35,6.25,6.33,2494510
2019-07-22,6.27,6.33,6.2,6.23,1046360
2019-07-23,6.23,6.27,6.18,6.23,1211300
2019-07-24,6.25,6.25,6.17,6.23,761050
2019-07-25,6.23,6.23,6.14,6.14,1462890
2019-07-26,6.12,6.17,6.07,6.12,861490
2019-07-29,6.12,6.15,6.07,6.12,922180
2019-07-30,6.12,6.15,6.05,6.09,897070
2019-07-31,6.1,6.1,6.02,6.05,1469310
2019-08-01,6.05,6.07,5.97,6.04,800860
2019-08-02,6.07,6.33,6.01,6.22,3841410
2019-08-05,6.22,6.33,6.18,6.18,3066850
2019-08-06,6.07,6.14,6.02,6.14,2079640
2019-08-07,6.14,6.14,6.05,6.12,1287750
2019-08-08,6.07,6.14,6.04,6.1,1241320
2019-08-09,6.1,6.23,6.04,6.2,1900110
2019-08-12,6.2,6.23,6.14,6.2,851270
2019-08-13,6.22,6.33,6.17,6.23,3018430
2019-08-14,6.3,6.32,6.25,6.28,1094770
2019-08-15,6.17,6.3,6.17,6.3,1327430
2019-08-16,6.3,6.43,6.25,6.35,3323690
2019-08-19,6.36,6.41,6.32,6.35,1049300
2019-08-20,6.36,6.38,6.33,6.36,812870
2019-08-21,6.36,6.45,6.33,6.45,2071110
2019-08-22,6.45,6.49,6.4,6.46,1529840
2019-08-23,6.49,6.49,6.38,6.46,1582910
2019-08-26,6.43,6.58,6.4,6.56,3580730
2019-08-27,6.56,6.77,6.56,6.66,3137460
2019-08-28,6.66,6.69,6.59,6.63,933290
2019-08-29,6.63,6.66,6.56,6.66,1040260
2019-08-30,6.69,6.69,6.61,6.63,1126020
2019-09-03,6.64,6.66,6.36,6.63,1123930
2019-09-04,6.56,6.59,6.46,6.46,1331980
2019-09-05,6.53,6.61,6.49,6.61,1364320
2019-09-06,6.66,6.74,6.64,6.64,2112450
2019-09-09,6.63,6.64,6.53,6.58,1560310
2019-09-10,6.56,6.64,6.51,6.56,901250
2019-09-11,6.58,6.59,6.51,6.56,812800
2019-09-12,6.54,6.69,6.54,6.69,1856290
2019-09-13,6.69,6.79,6.63,6.76,2887060
2019-09-16,6.76,6.79,6.71,6.76,1619720
2019-09-17,6.72,6.77,6.69,6.72,925880
2019-09-18,6.74,6.89,6.71,6.89,3957290
2019-09-19,6.85,7.0,6.85,7.0,2486530
2019-09-20,7.0,7.02,6.92,6.98,2730910
2019-09-23,6.98,7.08,6.97,6.98,3619730
2019-09-24,6.95,7.0,6.92,6.97,1632130
2019-09-25,6.95,7.0,6.94,6.98,1989490
2019-09-26,7.0,7.08,7.0,7.07,2507810
2019-09-27,7.11,7.23,7.07,7.23,3953810
2019-09-30,7.28,7.33,7.18,7.2,2557340
2019-10-01,7.2,7.31,7.18,7.29,2565290
2019-10-02,7.28,7.44,7.26,7.38,6785320
2019-10-03,7.34,7.38,7.23,7.38,5776630
2019-10-04,7.42,7.42,7.28,7.28,5301990
2019-10-07,7.31,7.31,7.07,7.1,6787920
2019-10-08,7.1,7.18,7.08,7.18,6267420
2019-10-09,7.15,7.23,7.15,7.21,5862290
2019-10-10,7.21,7.28,7.21,7.25,4631640
2019-10-11,7.29,7.29,7.21,7.21,4901190
2019-10-14,7.21,7.28,7.2,7.28,6297580
2019-10-15,7.25,7.38,7.25,7.36,3596130
2019-10-16,7.36,7.41,7.33,7.36,3588970
2019-10-17,7.36,7.36,7.28,7.34,3383810
2019-10-18,7.34,7.34,7.18,7.31,5441580
2019-10-21,7.18,7.25,7.1,7.18,5984800
2019-10-22,7.16,7.18,7.1,7.15,6452040
2019-10-23,7.11,7.23,7.07,7.23,5490120
2019-10-24,7.21,7.21,7.1,7.11,1860430
2019-10-25,7.15,7.18,7.1,7.18,1523140
2019-10-28,7.18,7.21,7.16,7.2,1353560
2019-10-29,7.21,7.21,7.11,7.15,721860
2019-10-30,7.15,7.15,7.08,7.11,1420070
2019-10-31,7.13,7.13,7.02,7.02,1355840
2019-11-01,7.0,7.07,6.94,7.02,2147430
2019-11-04,7.05,7.18,7.03,7.18,2560810
2019-11-05,7.25,7.28,7.18,7.26,2840680
2019-11-06,7.23,7.31,7.2,7.23,1956570
2019-11-07,7.25,7.26,7.16,7.18,1413420
2019-11-08,7.18,7.26,7.18,7.23,2231330
2019-11-11,7.21,7.23,7.1,7.15,1616350
2019-11-12,7.11,7.11,7.07,7.07,1718900
2019-11-13,7.08,7.1,6.94,7.02,2355410
2019-11-14,6.95,7.02,6.85,6.85,2274640
2019-11-15,6.87,6.98,6.85,6.98,1380960
2019-11-18,6.98,6.98,6.9,6.92,792340
2019-11-19,6.92,6.95,6.89,6.95,681940
2019-11-20,6.95,6.95,6.79,6.82,1165400
2019-11-21,6.79,6.9,6.53,6.53,3763320
2019-11-22,6.63,6.67,6.49,6.59,1427400
2019-11-25,6.53,6.63,6.53,6.59,971910
2019-11-26,6.59,6.67,6.59,6.67,1466120
2019-11-27,6.67,6.69,6.61,6.66,811170
2019-11-28,6.63,6.66,6.53,6.54,1457550
2019-11-29,6.51,6.58,6.49,6.58,746320
2019-12-02,6.53,6.58,6.36,6.36,1081350
2019-12-03,6.28,6.35,6.1,6.1,1407780
2019-12-04,6.12,6.45,6.12,6.45,1792870
2019-12-05,6.4,6.45,6.32,6.4,659120
2019-12-06,6.32,6.41,6.3,6.4,724890
2019-12-09,6.35,6.43,6.27,6.33,681230
2019-12-10,6.33,6.33,6.2,6.22,588880
2019-12-11,6.23,6.3,6.2,6.28,1078520
2019-12-12,6.28,6.43,6.28,6.41,1210790
2019-12-13,6.45,6.51,6.41,6.41,971530
2019-12-16,6.36,6.45,6.28,6.4,1273040
2019-12-17,6.43,6.43,6.28,6.3,685290
2019-12-18,6.27,6.33,6.27,6.28,1037840
2019-12-19,6.27,6.3,6.22,6.27,2009470
2019-12-20,6.27,6.4,6.25,6.4,1853360
2019-12-23,6.4,6.41,6.28,6.32,2875410
2019-12-24,6.32,6.33,6.25,6.3,1781170
2019-12-25,6.33,6.41,6.33,6.38,1507470
2019-12-26,6.38,6.45,6.36,6.43,1151860
2019-12-27,6.43,6.45,6.36,6.43,1797050
2019-12-30,6.43,6.51,6.43,6.46,2141690
2019-12-31,6.46,6.58,6.46,6.53,2806420
2020-01-02,6.54,6.76,6.54,6.71,1721220
2020-01-03,6.71,6.84,6.64,6.66,1416280
2020-01-06,6.58,6.64,6.51,6.51,1655410
2020-01-07,6.53,6.64,6.53,6.64,1298520
2020-01-08,6.58,6.64,6.49,6.56,2417600
2020-01-09,6.63,6.79,6.61,6.77,3379270
2020-01-10,6.77,6.95,6.77,6.87,3102860
2020-01-13,6.85,6.9,6.72,6.72,1278670
2020-01-14,6.76,6.95,6.74,6.9,2049630
2020-01-15,6.9,7.08,6.9,7.07,2024320
2020-01-16,7.08,7.16,7.07,7.13,2814400
2020-01-17,7.16,7.23,7.08,7.15,2388200
2020-01-20,7.11,7.34,7.1,7.34,2478120
2020-01-21,7.41,7.7,7.38,7.69,5349510
2020-01-22,7.64,7.77,7.54,7.7,2728060
2020-01-30,7.51,7.64,7.29,7.41,4277050
2020-01-31,7.34,7.54,7.33,7.33,4664680
2020-02-03,7.07,7.65,6.94,7.38,4531780
2020-02-04,7.41,7.65,7.34,7.65,4567030
2020-02-05,7.78,8.03,7.75,7.88,6401650
2020-02-06,7.82,8.32,7.69,8.32,8466820
2020-02-07,8.19,8.37,8.13,8.27,5941140
2020-02-10,8.09,8.26,8.03,8.03,4827980
2020-02-11,8.03,8.29,8.01,8.29,4954840
2020-02-12,8.39,8.76,8.39,8.44,6169610
2020-02-13,8.37,8.68,8.27,8.68,3721290
2020-02-14,8.81,8.98,8.68,8.86,5754040
2020-02-17,8.84,8.91,8.73,8.84,2799180
2020-02-18,8.81,9.01,8.78,8.94,2659640
2020-02-19,9.01,9.11,8.98,9.07,2916270
2020-02-20,9.19,9.32,9.12,9.32,3989640
2020-02-21,9.3,9.56,9.2,9.4,4755490
2020-02-24,9.14,9.24,8.75,8.75,8083080
2020-02-25,8.55,9.24,8.55,9.24,6045630
2020-02-26,9.07,9.43,9.04,9.24,4144870
2020-02-27,9.14,9.32,9.09,9.25,2905090
2020-02-28,9.06,9.12,8.75,8.88,4992410
2020-03-02,8.84,8.91,8.75,8.78,3124310
2020-03-03,8.98,9.01,8.84,8.86,2436430
2020-03-04,8.8,8.91,8.67,8.86,2990200
2020-03-05,8.98,9.29,8.88,9.09,4983410
2020-03-06,8.94,9.04,8.88,8.98,2153680
2020-03-09,8.36,8.57,8.36,8.36,3853010
2020-03-10,8.36,8.65,8.01,8.49,4663130
2020-03-11,8.49,8.62,7.9,7.9,6458650
2020-03-12,7.38,7.6,7.36,7.36,3085820
2020-03-13,6.85,7.52,6.85,7.34,5358840
2020-03-16,7.25,7.26,6.84,6.84,5035890
2020-03-17,6.4,7.08,6.36,7.02,6240600
2020-03-18,7.02,7.13,6.82,7.03,3264600
2020-03-19,6.85,6.85,6.56,6.79,3825580
2020-03-20,6.79,6.97,6.72,6.87,2835760
2020-03-23,6.59,6.59,6.4,6.4,3494590
2020-03-24,6.4,6.58,6.07,6.36,5084480
2020-03-25,6.66,6.69,6.43,6.63,2774030
2020-03-26,6.53,6.58,6.33,6.4,3019180
2020-03-27,6.41,6.41,6.14,6.38,4778990
2020-03-30,5.94,6.01,5.94,5.94,853200
2020-03-31,5.94,6.02,5.53,5.53,4500760
2020-04-01,5.53,5.71,5.22,5.63,3686810
2020-04-03,5.63,5.83,5.61,5.73,3237360
2020-04-06,5.87,6.12,5.84,6.12,5262310
2020-04-07,6.2,6.35,6.09,6.35,4306110
2020-04-08,6.2,6.25,6.07,6.17,3738500
2020-04-09,6.17,6.3,6.12,6.14,5977360
2020-04-10,6.07,6.14,5.94,6.09,3400010
2020-04-13,6.22,6.51,6.2,6.51,4611900
2020-04-14,6.85,6.95,6.59,6.95,8107960
2020-04-15,7.1,7.38,7.02,7.1,4994760
2020-04-16,6.87,7.1,6.85,7.1,3778190
2020-04-17,7.18,7.25,6.9,7.0,5009510
2020-04-20,7.08,7.08,6.79,6.85,3363240
2020-04-21,6.69,6.82,6.38,6.38,5653730
2020-04-22,6.2,6.8,6.2,6.59,5779550
2020-04-23,6.76,6.76,6.49,6.49,3739790
2020-04-24,6.49,6.69,6.38,6.69,3362450
2020-04-27,7.15,7.15,6.84,6.85,8928000
2020-04-28,6.82,6.98,6.69,6.85,2453910
2020-04-29,6.85,6.89,6.69,6.69,4670320
2020-05-04,6.38,6.66,6.36,6.54,3624730
2020-05-05,6.61,6.67,6.53,6.64,2323990
2020-05-06,6.64,6.8,6.63,6.8,2650480
2020-05-07,6.79,6.98,6.79,6.98,3376550
2020-05-08,7.02,7.46,7.02,7.44,14723540
2020-05-11,7.57,7.88,7.57,7.87,8508370
2020-05-12,7.9,7.9,7.62,7.85,6834010
2020-05-13,7.73,7.9,7.52,7.8,7305760
2020-05-14,7.73,7.8,7.62,7.72,5055950
2020-05-15,7.75,7.82,7.65,7.78,5062250
2020-05-18,7.77,8.19,7.72,8.19,11745840
2020-05-19,8.49,8.49,8.14,8.16,7262590
2020-05-20,8.0,8.13,7.98,8.03,4798130
2020-05-21,8.0,8.08,7.88,8.06,6693720
2020-05-22,8.06,8.08,7.87,7.88,4840870
2020-05-25,7.83,7.91,7.7,7.83,5174030
2020-05-26,7.93,8.08,7.85,7.88,5056700
2020-05-27,7.93,7.98,7.51,7.51,7919070
2020-05-28,7.54,7.67,7.42,7.54,6455000
2020-05-29,7.54,7.64,7.49,7.62,3696450
2020-06-01,7.75,8.01,7.64,8.01,8948760
2020-06-02,8.11,8.11,7.82,7.87,5977010
2020-06-03,7.88,7.96,7.82,7.93,3922100
2020-06-04,8.0,8.03,7.82,7.83,5967540
2020-06-05,7.8,8.0,7.77,8.0,5507250
2020-06-08,8.11,8.16,7.96,7.98,8059810
2020-06-09,7.98,7.98,7.83,7.87,4906760
2020-06-10,7.83,8.0,7.67,7.88,5601590
2020-06-11,7.93,7.93,7.54,7.54,7897200
2020-06-12,7.21,7.6,7.21,7.54,6053520
2020-06-15,7.54,7.54,7.05,7.05,5816080
2020-06-16,7.28,7.34,7.15,7.25,3095910
2020-06-17,7.28,7.36,7.18,7.29,2786240
2020-06-18,7.25,7.36,7.21,7.28,1526680
2020-06-19,7.31,7.46,7.29,7.44,2450770
2020-06-22,7.41,7.51,7.34,7.41,2070530
2020-06-23,7.41,7.46,7.31,7.42,2034230
2020-06-24,7.41,7.44,7.25,7.28,2522610
2020-06-25,7.11,7.28,7.11,7.18,2302810
2020-06-26,7.29,7.31,7.11,7.18,1451880
2020-06-29,7.08,7.08,6.8,6.85,4380250
2020-06-30,6.98,6.98,6.61,6.67,2998040
2020-07-01,6.77,7.05,6.63,7.05,2251530
2020-07-02,7.02,7.08,6.92,7.0,1662300
2020-07-03,6.94,7.02,6.94,6.95,938470
2020-07-06,6.98,7.21,6.95,7.18,2037820
2020-07-07,7.21,7.28,7.07,7.08,2029580
2020-07-08,7.08,7.16,7.02,7.15,1670440
2020-07-09,7.2,7.49,7.2,7.46,4798980
2020-07-10,7.41,7.52,7.36,7.39,2240110
2020-07-13,7.47,7.49,7.25,7.29,2564770
2020-07-14,7.2,7.31,7.15,7.25,3437110
2020-07-15,7.36,7.44,7.34,7.34,2201940
2020-07-16,7.34,7.38,7.31,7.38,1943770
2020-07-17,7.34,7.57,7.33,7.52,5084760
2020-07-20,7.57,7.6,7.41,7.41,2940660
2020-07-21,7.41,7.46,7.34,7.42,1824020
2020-07-22,7.44,7.47,7.29,7.33,2218260
2020-07-23,7.31,7.34,7.21,7.34,2381770
2020-07-24,7.29,7.31,6.84,6.92,6808310
2020-07-27,6.53,6.84,6.45,6.45,6466340
2020-07-28,6.59,6.76,6.45,6.76,4735520
2020-07-29,6.54,6.61,6.33,6.51,3449970
2020-07-30,6.59,6.76,6.53,6.63,2303200
2020-07-31,6.53,6.67,6.43,6.59,2482510
2020-08-03,6.56,6.84,6.56,6.84,2830540
2020-08-04,6.92,7.05,6.84,6.89,3447430
2020-08-05,6.89,7.02,6.82,7.02,3364040
2020-08-06,6.98,7.08,6.92,6.97,3045480
2020-08-07,6.95,7.02,6.9,6.94,2371520
2020-08-10,7.02,7.08,6.97,6.97,3389710
2020-08-11,7.03,7.05,6.95,7.0,2037520
2020-08-12,7.05,7.1,7.0,7.08,3717070
2020-08-13,7.1,7.16,7.08,7.1,2332480
2020-08-14,7.1,7.15,6.95,6.98,3519020
2020-08-17,6.92,7.02,6.87,6.95,2622220
2020-08-18,6.98,7.03,6.95,6.95,1946050
2020-08-19,6.95,7.03,6.95,6.98,1674410
2020-08-20,6.98,7.07,6.95,6.97,3565530
2020-08-21,7.03,7.16,6.98,7.15,6115290
2020-08-24,7.28,7.57,7.28,7.57,7218650
2020-08-25,7.6,7.69,7.46,7.51,6281220
2020-08-26,7.46,7.57,7.44,7.47,4447250
2020-08-27,7.47,7.56,7.44,7.54,3895810
2020-08-28,7.6,7.82,7.54,7.7,7066080
2020-08-31,7.77,7.82,7.59,7.62,3366690
2020-09-01,7.6,7.67,7.44,7.64,5219730
2020-09-03,7.72,7.8,7.62,7.73,4243550
2020-09-04,7.57,7.73,7.56,7.65,4108490
2020-09-07,7.72,7.72,7.34,7.34,5894450
2020-09-08,7.38,7.51,7.34,7.47,4753470
2020-09-09,7.34,7.51,7.33,7.46,4942330
2020-09-10,7.49,7.52,7.44,7.44,3480600
2020-09-11,7.41,7.49,7.38,7.46,2477680
2020-09-14,7.47,7.64,7.47,7.57,3269680
2020-09-15,7.57,7.59,7.51,7.52,4132960
2020-09-16,7.51,7.54,7.47,7.51,2661850
2020-09-17,7.49,7.6,7.46,7.46,3498770
2020-09-18,7.47,7.59,7.47,7.59,3514770
2020-09-21,7.67,7.7,7.59,7.62,4397490
2020-09-22,7.56,7.67,7.54,7.64,3202400
2020-09-23,7.65,7.8,7.62,7.77,8698840
2020-09-24,7.7,7.77,7.62,7.65,4039760
2020-09-25,7.67,7.67,7.56,7.6,3183400
2020-09-28,7.6,7.8,7.6,7.77,8487830
2020-09-29,7.83,8.0,7.73,7.75,11580400
2020-09-30,7.73,7.77,7.65,7.75,5209330
2020-10-01,7.8,7.93,7.75,7.87,5282040
2020-10-02,7.88,7.9,7.59,7.72,7817380
2020-10-05,7.87,7.95,7.8,7.9,7056130
2020-10-06,7.95,7.96,7.82,7.88,6138720
2020-10-07,7.88,7.9,7.75,7.75,6265650
2020-10-08,7.75,7.8,7.57,7.65,7614850
2020-10-09,7.65,7.7,7.57,7.64,3496030
2020-10-12,7.73,7.78,7.57,7.64,3568850
2020-10-13,7.64,7.69,7.59,7.64,2640580
2020-10-14,7.67,7.88,7.64,7.83,10165900
2020-10-15,7.88,7.9,7.77,7.85,8354960
2020-10-16,7.85,8.18,7.8,8.03,11567220
2020-10-19,8.09,8.11,7.95,7.98,7119110
2020-10-20,7.9,8.14,7.87,8.09,12978810
2020-10-21,8.16,8.58,8.08,8.19,16059760
2020-10-22,8.26,8.36,8.16,8.36,8544500
2020-10-23,8.36,8.39,8.24,8.39,7225270
2020-10-26,8.39,8.49,7.93,7.93,9920290
2020-10-27,8.0,8.13,7.93,7.95,10193930
2020-10-28,7.9,7.98,7.57,7.57,9590780
2020-10-29,7.57,7.73,7.51,7.6,6042720
2020-10-30,7.7,7.7,7.47,7.7,6047360
2020-11-02,7.7,7.77,7.64,7.77,2448770
2020-11-03,7.77,7.87,7.75,7.82,5180160
2020-11-04,7.83,7.96,7.8,7.9,4114660
2020-11-05,7.87,7.91,7.7,7.73,4159850
2020-11-06,7.73,7.77,7.6,7.67,3498930
2020-11-09,7.73,7.78,7.7,7.78,4137770
2020-11-10,7.88,7.9,7.75,7.75,5001930
2020-11-11,7.75,7.78,7.65,7.75,5356460
2020-11-12,7.75,7.78,7.72,7.78,2895350
2020-11-13,7.82,8.0,7.78,8.0,7198130
2020-11-16,8.03,8.13,7.83,7.88,9138440
2020-11-17,7.88,8.16,7.83,8.16,7777280
2020-11-18,8.13,8.22,8.11,8.13,7668540
2020-11-19,8.18,8.36,8.13,8.32,11858880
2020-11-20,8.31,8.32,8.21,8.32,5233610
2020-11-23,8.32,8.34,7.75,8.32,6795490
2020-11-24,8.32,8.49,8.24,8.37,8744090
2020-11-25,8.49,8.71,8.39,8.71,12314880
2020-11-26,8.71,8.88,8.63,8.88,7724470
2020-11-27,8.86,8.89,8.71,8.81,6241440
2020-11-30,8.84,8.91,8.75,8.75,9088440
2020-12-01,8.62,9.14,8.6,9.11,10951390
2020-12-02,9.07,9.14,8.94,9.04,7549440
2020-12-03,9.04,9.29,8.98,9.24,8445590
2020-12-04,9.2,9.32,9.07,9.07,7675980
2020-12-07,9.2,9.25,9.11,9.17,4444700
2020-12-08,9.3,9.32,9.17,9.25,4733470
2020-12-09,9.33,9.4,9.25,9.29,5329840
2020-12-10,9.3,9.32,9.14,9.14,6090320
2020-12-11,9.19,9.24,9.07,9.24,4421030
2020-12-14,9.3,9.45,9.27,9.37,5650800
2020-12-15,9.43,9.45,9.15,9.17,6064100
2020-12-16,9.25,9.6,9.14,9.56,7373790
2020-12-17,9.53,9.87,9.48,9.66,9755270
2020-12-18,9.79,10.33,9.79,10.33,9700790
2020-12-21,10.48,10.93,10.48,10.77,5858030
2020-12-22,10.75,10.93,10.51,10.77,5859550
2020-12-23,10.77,10.77,10.12,10.44,5132140
2020-12-24,10.44,10.59,9.79,10.28,6840970
2020-12-25,10.12,10.61,10.08,10.61,6106960
2020-12-28,10.77,10.77,10.44,10.54,4538820
2020-12-29,10.53,10.57,10.31,10.35,5984160
2020-12-30,10.39,10.57,10.38,10.38,5655530
2020-12-31,10.38,10.72,10.38,10.61,7292340
2021-01-04,10.74,11.16,10.62,11.16,8385500
2021-01-05,11.1,11.31,11.06,11.21,5658200
2021-01-06,11.42,11.42,11.16,11.23,6159400
2021-01-07,11.28,11.41,11.13,11.39,4691100
2021-01-08,11.54,11.75,11.41,11.6,4558600
2021-01-11,11.75,11.75,11.44,11.49,4430300
2021-01-12,11.49,11.49,11.19,11.39,4612500
2021-01-13,11.39,11.81,11.32,11.65,5529300
2021-01-14,11.75,12.17,11.59,12.01,6531000
2021-01-15,12.12,12.4,12.08,12.16,4658200
2021-01-18,12.16,12.19,11.9,11.9,5121400
2021-01-19,11.78,11.83,11.06,11.06,7415600
2021-01-20,11.1,11.26,10.31,11.16,8073200
2021-01-21,11.42,11.93,11.16,11.81,6882400
2021-01-22,11.85,12.01,11.67,11.91,4065000
2021-01-25,11.88,11.88,11.62,11.72,3524100
2021-01-26,11.6,11.6,10.9,11.05,6629100
2021-01-27,10.77,11.26,10.31,10.39,8073900
2021-01-28,9.69,10.08,9.68,9.68,8709000
2021-01-29,9.2,10.35,9.2,9.79,7679900
2021-02-01,9.86,10.33,9.79,10.12,8096300
2021-02-02,10.12,10.82,10.12,10.82,4539500
2021-02-03,11.1,11.57,10.93,11.57,7212700
2021-02-04,11.59,12.14,11.59,11.95,8271100
2021-02-05,11.95,12.11,11.85,12.08,5609800
2021-02-08,12.08,12.08,11.26,11.75,8585000
2021-02-09,11.91,12.57,11.55,12.57,11427300
2021-02-17,12.89,13.43,12.79,13.43,6880800
2021-02-18,13.33,13.54,13.05,13.48,5151300
2021-02-19,13.15,13.46,13.09,13.25,5478300
2021-02-22,13.15,13.71,13.07,13.36,4886200
2021-02-23,13.38,13.58,12.89,13.22,8992000
2021-02-24,13.41,13.41,12.89,12.96,4924100
2021-02-25,12.99,13.05,12.55,12.92,7600300
2021-02-26,12.63,13.14,12.61,13.05,5846800
2021-03-01,13.32,13.36,13.07,13.32,3352500
2021-03-02,13.41,13.43,13.25,13.3,5150400
2021-03-03,13.3,13.61,13.25,13.58,6067500
2021-03-04,13.71,13.95,13.05,13.54,7501300
2021-03-05,13.35,13.67,13.22,13.64,3581200
2021-03-08,13.71,13.87,13.35,13.5,3558200
2021-03-09,13.38,13.87,13.22,13.64,5754000
2021-03-10,13.71,13.84,13.48,13.71,3655900
2021-03-11,13.87,14.49,13.77,14.28,7863700
2021-03-12,14.39,14.69,14.28,14.52,8652300
2021-03-15,14.52,14.69,14.33,14.62,5081100
2021-03-16,14.62,14.62,14.16,14.47,5495600
2021-03-17,14.47,14.67,14.33,14.56,3472100
2021-03-18,14.82,14.96,14.6,14.96,6211400
2021-03-19,14.85,14.9,14.62,14.75,2892600
2021-03-22,14.72,14.75,14.46,14.65,4302500
2021-03-23,14.46,14.65,14.36,14.52,3984700
2021-03-24,14.31,14.46,14.03,14.39,3766600
2021-03-25,14.39,14.46,14.07,14.12,2258200
2021-03-26,14.12,14.23,13.54,14.16,3505000
2021-03-29,14.16,14.52,14.05,14.52,2731800
2021-03-30,14.62,14.77,14.43,14.67,3701300
2021-03-31,14.43,14.67,14.43,14.57,2875600
2021-04-01,14.57,15.05,14.49,14.98,5147000
2021-04-02,15.14,15.21,14.96,15.08,2400100
2021-04-05,15.27,15.27,14.98,15.16,3162000
2021-04-06,15.16,15.34,14.69,15.16,3766400
2021-04-07,15.01,15.34,15.01,15.18,4134200
2021-04-08,15.34,15.4,15.05,15.24,4285000
2021-04-09,15.24,15.55,15.11,15.4,6145000
2021-04-12,15.5,16.11,15.5,15.99,12507000
2021-04-13,16.32,16.48,16.01,16.22,8737300
2021-04-14,16.32,16.38,15.99,16.35,8429500
2021-04-15,16.35,16.61,16.19,16.32,8588700
2021-04-16,16.16,16.32,15.83,15.98,7968700
2021-04-19,16.16,16.17,15.73,16.17,6235000
2021-04-20,16.17,16.29,15.99,16.16,7469200
2021-04-22,16.19,16.81,15.03,15.99,18528500
2021-04-23,16.07,16.64,15.93,16.64,17736800
2021-04-26,16.81,17.46,16.78,17.3,18067600
2021-04-27,17.1,17.43,16.78,17.36,16956600
2021-04-28,17.46,17.95,17.23,17.95,17660900
2021-04-29,18.11,19.19,17.69,19.09,41536000
2021-05-04,18.64,19.42,18.34,19.42,24846500
2021-05-05,19.39,20.1,19.16,19.78,21968300
2021-05-06,19.78,20.2,19.68,20.17,28868100
2021-05-07,20.07,20.1,19.61,20.07,36308200
2021-05-10,19.91,20.43,19.58,20.33,36069200
2021-05-11,20.37,20.72,20.07,20.56,24541400
2021-05-12,20.46,20.89,20.07,20.89,33403900
2021-05-13,20.72,21.38,20.66,21.25,25718500
2021-05-14,21.28,21.74,20.82,21.74,44422200
2021-05-17,21.8,22.0,21.18,21.48,36478300
2021-05-18,21.48,21.93,21.05,21.93,30645700
2021-05-19,21.7,22.03,21.21,22.03,41305500
2021-05-20,21.93,22.0,21.38,21.8,34350700
2021-05-21,21.74,22.19,21.21,22.13,42798800
2021-05-24,22.1,22.13,21.28,21.77,39712200
2021-05-25,21.38,22.03,21.34,21.8,31781000
2021-05-26,21.74,22.16,21.57,22.06,35197100
2021-05-27,22.06,22.1,21.57,21.96,38641900
2021-05-28,21.9,22.42,21.83,22.39,39912100
2021-05-31,22.39,22.58,21.93,22.58,33135900
2021-06-01,22.36,22.91,21.93,22.62,46477100
2021-06-02,22.52,22.94,22.23,22.91,29367400
2021-06-03,22.88,23.11,22.23,23.04,59255200
2021-06-04,22.62,23.43,22.39,23.4,76583400
2021-06-07,23.17,23.5,22.68,23.5,45648300
2021-06-08,23.2,23.5,22.88,23.34,50833300
2021-06-09,23.17,23.56,22.88,23.43,33409200
2021-06-10,23.17,23.53,22.88,23.43,76530000
2021-06-11,23.17,23.43,22.91,23.4,30016000
2021-06-14,23.27,23.27,22.85,23.14,35156100
2021-06-15,22.91,22.91,21.54,21.7,37834100
2021-06-16,21.54,22.19,21.54,21.8,24074100
2021-06-17,21.64,21.67,21.21,21.54,15732600
2021-06-18,21.51,21.77,21.51,21.7,14881900
2021-06-21,21.74,21.87,21.51,21.7,15519400
2021-06-22,21.7,21.8,21.38,21.54,16227700
2021-06-23,22.16,22.65,22.16,22.52,30671700
2021-06-24,22.68,22.72,22.32,22.39,13397200
2021-06-25,22.39,22.52,22.16,22.26,11060600
2021-06-28,22.32,22.32,22.1,22.19,17281700
2021-06-29,22.19,22.26,21.8,21.83,15695100
2021-06-30,21.87,22.19,21.87,22.1,15417000
2021-07-01,22.26,23.01,22.06,22.98,30912800
2021-07-02,23.43,23.56,23.01,23.53,31892600
2021-07-05,23.63,23.79,23.34,23.73,23568800
2021-07-06,23.66,23.92,23.17,23.17,33237000
2021-07-07,23.17,23.34,22.55,23.07,16762200
2021-07-08,23.11,23.24,22.62,22.62,19600100
2021-07-09,22.42,22.94,21.87,22.45,21204600
2021-07-12,22.32,22.36,20.89,20.89,22323700
2021-07-13,21.02,21.21,20.17,20.89,17823800
2021-07-14,20.72,20.89,19.61,20.07,22403200
2021-07-15,20.1,21.44,19.91,20.89,17772800
2021-07-16,21.21,21.31,20.99,21.05,15478800
2021-07-19,20.37,20.56,19.58,19.58,17012800
2021-07-20,19.58,19.91,19.09,19.78,11652900
2021-07-21,19.91,20.14,19.68,19.68,7778100
2021-07-22,19.68,20.01,19.48,19.84,6636500
2021-07-23,19.81,19.91,19.09,19.09,11176300
2021-07-26,18.93,19.06,18.44,18.51,9337800
2021-07-27,18.86,19.03,18.47,18.6,12908100
2021-07-28,18.47,18.64,18.37,18.37,4633700
2021-07-29,18.93,18.99,18.6,18.83,8593600
2021-07-30,18.93,19.91,18.83,19.91,15637500
2021-08-02,20.07,20.07,19.71,19.71,7576200
2021-08-03,19.65,19.88,19.65,19.84,8690200
2021-08-04,19.81,19.97,19.71,19.75,8030500
2021-08-05,19.78,20.17,19.68,20.17,8050400
2021-08-06,20.07,20.23,19.78,19.78,11940900
2021-08-09,19.58,20.01,19.58,19.91,8858800
2021-08-10,20.01,20.07,19.61,19.75,6199800
2021-08-11,19.81,20.2,19.75,19.97,13475100
2021-08-12,20.04,20.43,20.01,20.2,9887800
2021-08-13,20.56,20.76,20.46,20.76,15126300
2021-08-16,20.89,21.8,20.85,21.41,15639700
2021-08-17,21.54,21.67,21.05,21.25,11377300
2021-08-18,21.21,21.25,20.76,20.89,14072500
2021-08-19,20.82,21.08,20.59,21.08,12087300
2021-08-20,20.92,20.95,19.91,20.4,15943000
2021-08-23,20.23,20.37,19.78,19.78,9160600
2021-08-24,19.88,20.27,19.71,19.91,8345400
2021-08-25,20.07,20.14,19.84,20.04,3674100
2021-08-26,20.17,20.23,19.81,19.84,4178000
2021-08-27,19.65,19.97,19.52,19.97,6435800
2021-08-30,20.2,20.23,19.94,20.1,4085900
2021-08-31,20.14,20.27,20.04,20.1,5355800
2021-09-01,19.97,20.23,19.81,20.07,6559200
2021-09-06,20.14,20.17,19.88,19.94,4629400
2021-09-07,19.97,20.82,19.97,20.72,10516500
2021-09-08,20.76,20.79,20.23,20.23,5217900
2021-09-09,20.23,20.72,20.23,20.69,6166500
2021-09-10,20.76,21.34,20.76,21.08,10239100
2021-09-13,21.21,21.54,21.12,21.15,7447900
2021-09-14,21.15,21.15,20.79,20.85,6174200
2021-09-15,20.63,20.92,20.59,20.85,4153000
2021-09-16,20.99,21.21,20.95,21.21,4700400
2021-09-17,21.38,22.0,21.34,21.87,13065500
2021-09-20,22.36,22.45,21.9,22.03,8121300
2021-09-21,21.93,22.1,21.7,21.83,6883800
2021-09-22,21.83,21.87,21.54,21.8,4623100
2021-09-23,21.74,22.06,21.64,21.87,5168200
2021-09-24,21.87,21.96,21.77,21.87,4296300
2021-09-27,21.83,22.29,21.8,21.87,9520500
2021-09-28,21.87,21.87,21.38,21.8,6959900
2021-09-29,21.74,21.74,21.41,21.54,6609400
2021-09-30,21.61,21.7,21.34,21.51,6847300
2021-10-01,21.41,21.44,20.79,20.85,8924700
2021-10-04,20.82,20.85,20.14,20.56,11432400
2021-10-05,20.53,20.56,20.37,20.43,8952200
2021-10-06,20.46,20.46,19.91,20.1,16536400
2021-10-07,20.68,21.09,20.5,20.94,12448200
2021-10-08,21.0,21.15,20.74,21.09,6885300
2021-10-11,21.03,21.62,20.85,21.62,10741700
2021-10-12,21.62,21.73,21.29,21.56,6415500
2021-10-13,21.5,21.68,21.32,21.65,5638900
2021-10-14,21.44,21.7,21.44,21.7,8081300
2021-10-15,21.7,22.09,21.65,22.03,11593400
2021-10-18,22.09,22.91,22.03,22.56,15081500
2021-10-19,22.64,22.7,22.41,22.62,10105300
2021-10-20,22.59,22.79,22.17,22.5,8407100
2021-10-21,22.5,22.62,22.06,22.06,8996800
2021-10-22,22.17,22.26,21.85,21.85,6945900
2021-10-25,21.79,21.79,21.56,21.73,8556600
2021-10-26,21.53,21.76,21.26,21.76,5707200
2021-10-27,22.03,22.41,21.76,22.29,6771900
2021-10-28,22.59,22.67,22.29,22.67,10666700
2021-10-29,22.73,22.91,22.26,22.35,7850700
2021-11-01,22.32,22.53,22.03,22.06,6479400
2021-11-02,21.97,22.15,21.94,22.06,5691000
2021-11-03,22.03,22.91,22.03,22.56,17622200
2021-11-04,22.64,22.64,22.26,22.32,4579500
2021-11-05,22.32,22.59,22.23,22.29,4384700
2021-11-08,22.44,22.44,22.03,22.06,8065600
2021-11-09,22.09,22.15,21.76,21.76,10137900
2021-11-10,21.79,21.85,21.5,21.56,6277200
2021-11-11,21.56,21.76,20.88,21.44,9202600
2021-11-12,21.44,21.73,21.12,21.59,6948500
2021-11-15,21.5,21.53,21.18,21.24,10094400
2021-11-16,21.24,21.73,21.09,21.24,9094400
2021-11-17,21.29,21.44,21.06,21.24,11946000
2021-11-18,21.15,21.26,20.79,20.79,12144300
2021-11-19,20.85,21.62,20.47,21.26,19584000
2021-11-22,21.26,22.12,21.09,21.56,17052800
2021-11-23,21.68,21.79,21.21,21.29,7528100
2021-11-24,21.29,22.09,21.09,21.91,35983800
2021-11-25,22.23,22.62,21.97,22.32,32485400
2021-11-26,22.56,23.2,22.44,23.03,44749100
2021-11-29,22.67,22.85,22.32,22.56,25498200
2021-11-30,22.79,22.85,21.91,22.15,20488900
2021-12-01,22.03,22.26,21.7,22.26,19113100
2021-12-02,22.26,22.29,21.73,21.73,10419400
2021-12-03,21.91,22.06,20.74,20.97,23234900
2021-12-06,21.0,21.18,19.97,20.85,21344000
2021-12-07,20.97,21.18,20.47,20.94,15361100
2021-12-08,20.97,21.38,20.56,21.0,16491700
2021-12-09,20.79,21.12,20.79,20.91,12963000
2021-12-10,21.0,21.26,20.88,21.03,15276400
2021-12-13,21.15,21.21,20.74,20.79,11569800
2021-12-14,20.79,21.03,20.56,20.56,16088600
2021-12-15,20.56,20.62,20.24,20.35,24972100
2021-12-16,20.56,20.56,19.68,19.8,37476500
2021-12-17,19.91,20.21,19.8,19.85,27609900
2021-12-20,20.15,20.53,19.85,20.06,22590800
2021-12-21,19.97,20.27,19.97,20.06,11683300
2021-12-22,20.09,20.21,19.74,19.74,20011000
2021-12-23,19.74,19.91,18.97,19.03,18152200
2021-12-24,19.21,20.18,19.09,20.12,13097600
2021-12-27,20.3,20.38,19.97,20.18,7135700
2021-12-28,20.27,20.3,20.03,20.3,9869300
2021-12-29,20.38,20.68,20.35,20.41,8833300
2021-12-30,20.5,20.88,20.47,20.79,9529200
2021-12-31,20.85,21.26,20.82,21.03,11228400
2022-01-04,21.24,21.35,21.15,21.18,14307900
2022-01-05,21.18,21.24,20.85,20.85,13262600
2022-01-06,20.74,20.85,20.5,20.65,14344800
2022-01-07,20.62,20.65,20.32,20.32,11996200
2022-01-10,20.27,20.62,20.06,20.21,11049800
2022-01-11,20.21,20.44,19.97,20.15,9312300
2022-01-12,20.09,20.82,19.88,20.79,12092100
2022-01-13,20.97,21.29,20.53,20.71,15856600
2022-01-14,20.71,20.79,20.38,20.47,6912100
2022-01-17,20.47,20.62,19.41,19.41,12758900
2022-01-18,19.41,19.91,19.38,19.53,6343100
2022-01-19,19.56,19.94,19.56,19.68,6515600
2022-01-20,19.74,19.94,19.5,19.94,7756800
2022-01-21,19.97,20.41,19.71,20.15,9127100
2022-01-24,20.0,20.18,19.38,19.65,11998200
2022-01-25,19.62,20.5,19.44,20.5,11700500
2022-01-26,20.5,21.35,20.44,21.09,18805000
2022-01-27,21.09,21.53,20.79,20.82,16417500
2022-01-28,20.94,21.56,20.85,21.53,24088600
2022-02-07,21.73,21.85,21.32,21.32,11233200
2022-02-08,21.24,22.26,21.21,21.91,22298900
2022-02-09,22.03,22.32,21.79,21.79,18041900
2022-02-10,21.76,21.88,21.24,21.56,15375100
2022-02-11,21.62,21.85,21.44,21.5,11792400
2022-02-14,21.26,21.41,20.56,20.56,19972100
2022-02-15,20.68,21.26,20.68,21.12,12555400
2022-02-16,21.21,21.38,20.94,20.94,6911100
2022-02-17,20.94,21.32,20.88,21.32,10943800
2022-02-18,21.09,21.15,20.97,21.09,9693800
2022-02-21,21.03,21.24,20.79,21.09,10170500
2022-02-22,20.85,21.09,20.68,20.88,10692300
2022-02-23,20.97,21.24,20.85,21.09,13643600
2022-02-24,21.06,21.85,20.91,21.68,35730400
2022-02-25,21.91,22.79,21.73,22.44,49379700
2022-02-28,22.44,22.73,22.03,22.32,21335600
2022-03-01,22.26,22.44,22.0,22.17,16869400
2022-03-02,21.97,21.97,21.44,21.44,29095300
2022-03-03,21.62,22.0,21.44,22.0,20145000
2022-03-04,22.03,22.88,22.0,22.38,47246400
2022-03-07,22.32,22.5,21.94,22.15,19257100
2022-03-08,22.03,22.15,21.59,21.73,16269800
2022-03-09,21.82,21.88,21.44,21.65,13754700
2022-03-10,22.03,22.06,21.59,21.59,10978100
2022-03-11,21.53,21.76,21.26,21.38,10846400
2022-03-14,21.21,21.32,20.91,21.15,14189800
2022-03-15,21.15,21.7,21.15,21.68,11626100
2022-03-16,21.73,21.88,21.62,21.62,8577500
2022-03-17,21.7,21.79,21.41,21.41,8245000
2022-03-18,21.47,21.56,21.26,21.29,9468400
2022-03-21,21.44,21.68,21.21,21.62,6580000
2022-03-22,21.62,22.09,21.62,21.65,10463600
2022-03-23,21.76,21.76,21.53,21.53,9286100
2022-03-24,21.53,21.56,21.35,21.35,12673000
2022-03-25,21.35,21.68,21.32,21.59,9600800
2022-03-28,21.53,21.53,21.15,21.29,12230200
2022-03-29,21.29,21.44,21.29,21.38,7423300
2022-03-30,21.32,22.0,21.26,21.62,16622400
2022-03-31,21.68,22.03,21.62,21.85,9162300
2022-04-01,21.79,22.67,21.73,22.67,36857900
2022-04-04,23.26,23.44,22.85,22.91,24503700
2022-04-05,22.73,23.03,22.41,22.5,15772700
2022-04-06,22.38,23.61,22.23,23.47,41068500
2022-04-07,23.56,24.11,23.38,23.38,31583800
2022-04-08,23.38,23.53,22.79,22.79,23996600
2022-04-12,22.97,23.61,22.91,22.91,25203900
2022-04-13,23.14,23.17,22.32,22.91,25270100
2022-04-14,22.91,23.85,22.85,23.2,23375700
2022-04-15,23.09,23.32,22.15,22.62,29772100
2022-04-18,22.62,22.67,21.53,21.53,28756000
2022-04-19,21.65,22.0,20.97,21.03,24120700
2022-04-20,20.85,21.29,20.68,20.68,21334600
2022-04-21,20.62,21.44,20.27,20.85,18919400
2022-04-22,21.26,21.85,20.79,21.62,22705300
2022-04-25,21.53,21.7,20.12,20.12,32739600
2022-04-26,19.74,21.5,19.44,21.38,22646100
2022-04-27,21.15,21.41,20.79,21.12,12469900
2022-04-28,21.21,21.56,21.06,21.44,11125800
2022-04-29,21.44,21.68,21.32,21.56,13253000
2022-05-04,21.59,21.59,21.03,21.03,12017800
2022-05-05,21.35,21.35,20.41,20.88,10625200
2022-05-06,20.56,20.65,20.06,20.06,12789500
2022-05-09,19.8,19.94,18.68,18.68,23931200
2022-05-10,18.3,19.56,18.3,19.56,15091000
2022-05-11,19.56,19.91,19.12,19.62,7613600
2022-05-12,19.36,19.38,18.27,18.27,17904700
2022-05-13,18.33,18.56,17.04,17.04,20466800
2022-05-16,17.62,17.95,17.04,17.04,12267800
2022-05-17,17.04,18.21,17.01,18.21,10387900
2022-05-18,18.5,18.89,18.03,18.18,11877200
2022-05-19,17.68,18.15,17.59,17.89,9190800
2022-05-20,17.97,18.18,17.8,17.97,7415500
2022-05-23,18.09,18.09,17.15,17.21,11050700
2022-05-24,17.39,17.74,17.15,17.62,9892000
2022-05-25,17.83,18.5,17.74,18.5,12839500
2022-05-26,18.62,18.65,18.24,18.24,8627400
2022-05-27,18.27,18.39,18.06,18.27,10558700
2022-05-30,18.47,18.56,18.24,18.56,11854000
2022-05-31,18.5,18.56,18.09,18.21,10284800
2022-06-01,18.15,18.33,17.86,18.12,10029300
2022-06-02,18.15,18.18,17.68,17.77,9005500
2022-06-03,17.74,18.06,17.71,18.06,7124300
2022-06-06,18.03,18.33,17.83,17.97,7703100
2022-06-07,17.95,18.03,17.5,17.89,7824600
2022-06-08,17.97,18.77,17.77,18.68,19013900
2022-06-09,18.74,18.77,18.5,18.5,9402900
2022-06-10,18.39,18.65,18.15,18.15,9656300
2022-06-13,17.62,17.89,16.89,16.89,20960500
2022-06-14,16.57,17.15,16.57,16.95,11517000
2022-06-15,16.95,17.27,16.21,16.95,12843800
2022-06-16,17.15,17.27,17.01,17.04,5252400
2022-06-17,16.62,16.74,16.04,16.39,12547400
2022-06-20,16.39,16.45,15.57,15.92,9859300
2022-06-21,16.07,16.42,15.74,15.98,7203800
2022-06-22,16.36,17.01,16.15,16.68,7054900
2022-06-23,16.45,16.77,16.42,16.71,4754900
2022-06-24,16.62,16.89,16.54,16.54,3607300
2022-06-27,16.62,17.09,16.59,16.98,5872800
2022-06-28,16.74,17.83,16.74,17.62,12179100
2022-06-29,17.39,17.77,17.33,17.62,8388900
2022-06-30,17.56,17.74,17.04,17.04,7880400
2022-07-01,17.09,17.24,16.51,17.09,7028900
2022-07-04,17.15,17.33,16.95,17.15,8848600
2022-07-05,17.18,17.53,17.15,17.33,11408500
2022-07-06,17.21,17.36,16.92,16.92,5589500
2022-07-07,16.95,17.06,16.71,16.98,7855100
2022-07-08,17.04,17.12,16.77,16.8,7340400
2022-07-11,16.68,16.74,16.15,16.15,8474400
2022-07-12,16.24,16.57,16.12,16.3,8383200
2022-07-13,16.33,16.57,16.18,16.3,10535300
2022-07-14,16.24,16.51,16.15,16.48,9794300
2022-07-15,16.51,16.65,16.48,16.59,8732200
2022-07-18,16.74,16.83,16.54,16.54,7537400
2022-07-19,16.54,16.54,16.3,16.45,6233900
2022-07-20,16.62,16.71,16.51,16.54,9698300
2022-07-21,16.57,16.65,16.45,16.57,9258800
2022-07-22,16.62,16.74,16.51,16.54,7270700
2022-07-25,16.54,16.54,16.24,16.24,7813800
2022-07-26,16.21,16.48,16.18,16.27,7418900
2022-07-27,16.21,16.3,16.12,16.27,6395800
2022-07-28,16.45,16.92,16.33,16.68,18936300
2022-07-29,16.74,16.86,16.62,16.86,12985400
2022-08-01,16.86,17.09,16.77,17.09,12729400
2022-08-02,17.21,17.21,16.89,17.06,11967000
2022-08-03,16.95,17.12,16.83,17.04,13033100
2022-08-04,17.18,17.59,17.06,17.27,18168400
2022-08-05,17.27,17.33,17.01,17.24,12186100
2022-08-08,17.27,17.62,17.15,17.62,17182600
2022-08-09,17.74,18.09,17.62,17.77,20344900
2022-08-10,17.8,17.83,17.59,17.68,10950100
2022-08-11,17.86,17.92,17.39,17.39,15022600
2022-08-12,17.42,17.56,17.27,17.56,8700500
2022-08-15,17.74,17.89,17.62,17.83,11208300
2022-08-16,17.83,17.83,17.59,17.71,10232300
2022-08-17,17.74,17.92,17.65,17.71,10393600
2022-08-18,17.8,17.83,17.59,17.65,11851100
2022-08-19,17.74,18.68,17.65,18.36,31776400
2022-08-22,18.36,18.56,18.18,18.36,13398800
2022-08-23,18.09,18.33,17.92,18.33,8849600
2022-08-24,18.33,18.56,18.24,18.44,12754800
2022-08-25,18.53,19.0,18.53,18.77,17456000
2022-08-26,18.91,19.15,18.39,18.56,15131200
2022-08-29,18.21,18.5,17.97,18.33,17970200
2022-08-30,18.44,18.8,18.33,18.42,9111400
2022-08-31,18.47,18.68,18.3,18.68,8456400
2022-09-05,18.62,18.68,18.36,18.39,11936400
2022-09-06,18.39,18.68,18.3,18.44,11575500
2022-09-07,18.44,18.44,17.8,17.8,18602000
2022-09-08,17.83,17.92,17.56,17.56,10654300
2022-09-09,17.77,18.09,17.56,17.92,17656800
2022-09-12,18.03,18.3,17.86,17.89,7783534
2022-09-13,17.89,18.03,17.83,17.92,6768758
2022-09-14,17.5,17.8,17.5,17.8,15240988
2022-09-15,17.89,18.06,17.8,17.8,9279384
2022-09-16,17.86,18.33,17.86,17.95,16951926
2022-09-19,18.03,18.21,17.5,17.56,14971912
2022-09-20,17.74,17.8,17.33,17.62,12532943
2022-09-21,17.5,17.62,17.09,17.33,12582385
2022-09-22,17.15,17.42,16.98,17.21,8543962
2022-09-23,17.24,17.39,16.86,16.89,9849917
2022-09-26,16.62,16.71,15.89,16.21,17756334
2022-09-27,16.33,16.45,15.95,16.1,12958954
2022-09-28,16.39,16.52,16.12,16.3,10529447
2022-09-29,16.52,16.56,15.86,15.86,5607403
2022-09-30,16.04,16.08,15.07,15.86,15855232
2022-10-03,15.73,15.73,14.76,14.98,24724055
2022-10-04,15.15,15.46,14.1,14.8,17450105
2022-10-05,15.33,15.37,14.8,14.98,13913890
2022-10-06,15.07,15.07,13.97,14.54,13939450
2022-10-07,14.1,14.45,13.52,13.52,19182586
2022-10-10,13.04,14.01,12.6,13.52,14892289
2022-10-11,13.22,13.52,12.6,13.52,19260796
2022-10-12,13.48,14.27,13.22,14.1,10411635
2022-10-13,14.19,14.27,13.57,14.1,11417274
2022-10-14,14.54,14.54,14.1,14.23,8935553
2022-10-17,13.92,14.23,13.48,14.05,7434019
2022-10-18,14.27,14.41,14.05,14.05,7380292
2022-10-19,14.19,14.19,13.83,14.05,9834645
2022-10-20,13.97,14.23,13.83,14.05,8684907
2022-10-21,14.1,14.1,13.3,13.7,13707915
2022-10-24,13.74,13.79,13.04,13.57,10495307
2022-10-25,13.44,14.14,13.13,13.61,15265121
2022-10-26,13.66,13.88,13.39,13.7,7061582
2022-10-27,13.66,14.58,13.26,14.58,20962042
2022-10-28,14.63,14.89,14.41,14.41,8113054
2022-10-31,14.54,14.63,13.79,14.41,11071722
2022-11-01,14.54,15.37,14.54,15.15,25631734
2022-11-02,15.15,15.68,14.89,15.42,21510643
2022-11-03,15.11,15.55,15.11,15.42,11403608
2022-11-04,15.11,15.33,14.58,14.93,32348275
2022-11-07,15.07,15.29,14.85,15.07,23173955
2022-11-08,14.8,15.2,14.67,15.15,22344429
2022-11-09,15.29,15.55,15.02,15.42,16401302
2022-11-10,15.33,15.33,14.36,14.36,23026913
2022-11-11,14.67,14.98,14.32,14.36,17943486
2022-11-14,14.1,14.23,13.39,13.83,16006329
2022-11-15,13.35,13.83,12.91,12.91,18168729
2022-11-16,12.03,13.79,12.03,13.66,29670176
2022-11-17,13.88,13.97,13.52,13.66,13173024
2022-11-18,13.22,13.88,12.95,13.66,16319543
2022-11-21,13.83,13.83,13.3,13.66,11394806
2022-11-22,13.44,14.49,13.3,13.66,16570161
2022-11-23,13.44,13.74,13.26,13.26,6002875
2022-11-24,13.08,13.44,12.82,13.3,10250337
2022-11-25,13.48,13.66,13.35,13.66,9697221
2022-11-28,13.74,14.27,13.74,14.19,16563332
2022-11-29,14.27,14.41,13.7,14.23,16824354
2022-11-30,14.32,14.98,14.01,14.8,23319388
2022-12-01,15.02,15.33,14.63,14.8,31051736
2022-12-02,14.8,15.33,14.58,15.24,25893071
2022-12-05,15.6,16.21,15.37,15.99,43398147
2022-12-06,15.99,16.39,14.89,14.89,34487015
2022-12-07,14.8,14.98,13.97,14.27,26225803
2022-12-08,14.49,15.24,14.45,14.98,29419225
2022-12-09,15.11,15.15,14.67,14.89,13752842
2022-12-12,14.93,15.37,14.67,14.67,23205274
2022-12-13,14.71,15.07,14.45,15.07,18050692
2022-12-14,15.2,15.29,14.98,15.02,18926268
2022-12-15,15.02,16.04,15.02,16.04,66743802
2022-12-16,16.26,16.61,16.12,16.3,27569824
2022-12-19,16.17,16.52,15.82,15.82,29434741
2022-12-20,15.77,15.77,14.89,15.24,26423214
2022-12-21,15.42,15.77,14.98,15.55,20502356
2022-12-22,15.86,16.61,15.82,16.26,52437705
2022-12-23,16.26,16.43,15.95,16.17,16852034
2022-12-26,16.17,16.3,15.15,15.15,26488580
2022-12-27,15.24,15.77,15.11,15.77,14923373
2022-12-28,15.77,16.3,15.42,15.99,17484752
2022-12-29,15.95,16.3,15.68,15.68,20200134
2022-12-30,15.77,15.95,15.51,15.77,10036749
2023-01-03,15.86,16.3,15.68,16.3,20278576
2023-01-04,16.3,17.0,16.3,16.65,42542898
2023-01-05,16.74,16.78,16.34,16.7,15388471
2023-01-06,16.61,17.31,16.56,16.7,31414096
2023-01-09,16.92,17.0,16.56,16.61,18734060
2023-01-10,16.61,16.74,16.34,16.48,13487263
2023-01-11,16.74,16.74,16.26,16.26,17429954
2023-01-12,16.39,16.52,16.21,16.48,15247321
2023-01-13,16.61,17.18,16.34,17.09,25705415
2023-01-16,17.27,17.27,16.92,17.09,17944114
2023-01-17,17.18,17.27,17.05,17.27,32916036
2023-01-18,17.27,17.45,17.09,17.31,19678368
2023-01-19,17.23,17.36,17.09,17.18,18350355
2023-01-27,17.31,17.84,17.09,17.36,24446611
2023-01-30,17.36,17.4,16.96,16.96,23822248
2023-01-31,16.87,17.18,16.78,17.14,25098258
2023-02-01,17.23,17.27,15.95,16.12,32201821
2023-02-02,16.39,16.48,15.99,16.21,25934059
2023-02-03,16.3,16.34,15.9,16.08,20041520
2023-02-06,15.99,16.34,15.82,16.3,16963863
2023-02-07,16.34,16.43,15.82,15.82,15660834
2023-02-08,15.95,16.08,15.73,15.82,11580363
2023-02-09,15.82,16.34,15.77,15.86,15159642
2023-02-10,15.86,16.12,15.42,15.42,13105005
2023-02-13,15.51,15.55,14.63,14.98,25788375
2023-02-14,14.98,15.15,14.71,14.71,16874940
2023-02-15,14.71,15.15,14.71,15.15,12675676
2023-02-16,15.33,15.51,15.07,15.42,14456594
2023-02-17,15.24,15.42,15.15,15.24,10771460
2023-02-20,15.07,16.12,15.07,16.12,20556535
2023-02-21,16.21,16.21,15.68,15.68,18378890
2023-02-22,15.51,15.86,15.37,15.37,17000870
2023-02-23,15.37,15.46,15.07,15.46,12982016
2023-02-24,15.46,15.55,15.11,15.11,10420131
2023-02-27,14.98,15.11,14.58,14.98,10313143
2023-02-28,15.11,15.2,14.89,15.02,8630806
2023-03-01,14.85,15.42,14.71,15.37,9656392
2023-03-02,15.37,15.46,15.2,15.24,4288187
2023-03-03,15.37,15.42,14.89,14.98,8978636
2023-03-06,15.24,15.42,15.02,15.07,13130239
2023-03-07,15.33,15.6,15.24,15.33,13130057
2023-03-08,15.15,15.99,15.15,15.99,27191201
2023-03-09,15.99,16.12,15.86,16.04,15266179
2023-03-10,15.77,16.12,15.77,16.12,14756199
2023-03-13,16.56,17.09,16.39,17.09,41371815
2023-03-14,17.27,17.27,16.83,17.09,22991178
2023-03-15,17.45,17.49,17.23,17.45,22324222
2023-03-16,17.18,17.31,16.87,17.14,15494869
2023-03-17,17.27,17.4,17.05,17.36,15552394
2023-03-20,17.23,17.36,17.0,17.36,18942057
2023-03-21,17.36,17.93,17.18,17.93,29197769
2023-03-22,18.06,18.68,18.02,18.5,42042107
2023-03-23,18.5,18.63,18.33,18.55,22824286
2023-03-24,18.55,18.68,18.37,18.63,19657668
2023-03-27,18.63,18.99,18.5,18.72,29334258
2023-03-28,18.86,19.03,18.11,18.5,37174607
2023-03-29,18.41,18.41,18.15,18.41,16602160
2023-03-30,18.5,18.55,18.24,18.41,15531634
2023-03-31,18.33,18.77,18.33,18.55,23144357
2023-04-03,18.63,18.72,18.41,18.68,13552460
2023-04-04,18.68,18.9,18.5,18.86,16363342
2023-04-05,18.77,18.9,18.63,18.68,11995242
2023-04-06,18.68,18.94,18.41,18.41,12258479
2023-04-07,18.41,18.55,18.19,18.41,7669916
2023-04-10,18.41,18.81,18.24,18.41,16775702
2023-04-11,18.41,18.59,18.24,18.5,9491995
2023-04-12,18.5,18.55,18.19,18.19,8672209
2023-04-13,18.19,18.19,17.8,18.15,19918982
2023-04-14,18.15,18.24,17.93,18.06,8544661
2023-04-17,18.02,18.15,17.89,18.02,5198746
2023-04-18,18.02,18.11,17.71,17.84,10606836
2023-04-19,18.02,18.11,17.36,17.36,18423477
2023-04-20,17.31,17.45,16.96,17.05,12246443
2023-04-21,17.05,17.27,17.05,17.14,8124954
2023-04-24,17.14,17.67,17.05,17.18,7088966
2023-04-25,17.36,17.4,16.96,17.0,7170079
2023-04-26,17.0,17.09,16.83,17.05,7852319
2023-04-27,17.05,17.36,17.05,17.09,5200797
2023-04-28,17.23,17.53,17.18,17.53,8575336
2023-05-04,17.23,17.45,17.18,17.23,7485389
2023-05-05,17.27,17.53,17.14,17.14,5919276
2023-05-08,17.14,17.31,17.09,17.14,5493295
2023-05-09,17.23,17.27,17.09,17.14,4729385
2023-05-10,17.18,17.27,17.14,17.23,8934023
2023-05-11,17.27,17.49,17.27,17.45,6669739
2023-05-12,17.45,17.49,17.23,17.4,7523741
2023-05-15,17.45,17.8,17.4,17.45,13098787
2023-05-16,17.53,17.53,17.27,17.27,7494523
2023-05-17,17.27,17.31,16.92,16.92,12687719
2023-05-18,17.0,17.18,16.92,16.96,7581545
2023-05-19,17.0,17.09,16.92,17.0,6595802
2023-05-22,17.0,17.36,17.0,17.36,12026867
2023-05-23,17.4,17.45,17.18,17.23,7237374
2023-05-24,17.31,17.36,17.09,17.09,8337114
2023-05-25,17.05,17.14,16.92,16.92,7300825
2023-05-26,17.0,17.0,16.83,16.87,6989347
2023-05-29,16.92,17.14,16.92,17.05,7045156
2023-05-30,17.18,17.18,17.05,17.14,8977201
2023-05-31,17.23,17.23,16.96,17.0,7915755
2023-06-01,17.0,17.09,16.92,17.09,9752019
2023-06-02,17.27,17.8,17.23,17.49,24541548
2023-06-05,17.71,17.75,17.4,17.4,13424194
2023-06-06,17.4,17.62,17.36,17.49,14950805
2023-06-07,17.62,17.71,17.4,17.53,16191796
2023-06-08,17.53,17.67,17.18,17.18,16598634
2023-06-09,17.27,17.27,17.0,17.18,9597956
2023-06-12,17.36,17.36,17.05,17.27,8508327
2023-06-13,17.36,17.4,17.09,17.18,9668929
2023-06-14,17.27,17.71,17.23,17.4,25387687
2023-06-15,17.4,17.49,17.23,17.36,9432169
2023-06-16,17.49,17.71,17.18,17.23,33733454
2023-06-19,17.23,17.31,16.96,17.14,12071513
2023-06-20,17.14,17.23,16.96,17.18,14472208
2023-06-21,17.18,17.31,17.09,17.31,8113440
2023-06-22,17.4,17.49,17.27,17.27,12411972
2023-06-23,17.36,17.97,17.31,17.8,42330144
2023-06-26,18.06,18.06,17.58,17.84,16580570
2023-06-27,18.02,18.02,17.71,17.71,14431981
2023-06-28,17.8,17.93,17.67,17.84,16757295
2023-06-29,17.89,18.02,17.53,17.53,18448831
2023-06-30,17.53,17.62,17.4,17.49,12377966
2023-07-03,17.49,17.62,17.4,17.49,9810552
2023-07-04,17.49,17.58,17.4,17.49,7341577
2023-07-05,17.53,17.89,17.53,17.58,20488181
2023-07-06,17.58,17.71,17.23,17.23,16277964
2023-07-07,17.27,17.49,17.18,17.49,8346955
2023-07-10,17.58,17.75,17.45,17.67,15278429
2023-07-11,17.89,17.89,17.45,17.53,19610451
2023-07-12,17.62,17.62,17.31,17.31,13718595
2023-07-13,17.53,17.58,17.31,17.58,16405344
2023-07-14,17.67,17.71,17.27,17.53,17482955
2023-07-17,17.71,18.06,17.67,18.02,34236763
2023-07-18,18.02,18.59,17.89,18.46,37323395
2023-07-19,18.5,18.5,18.19,18.19,22968783
2023-07-20,18.15,18.5,18.06,18.5,19557328
2023-07-21,18.46,18.9,18.33,18.86,28610093
2023-07-24,18.94,19.3,18.77,19.25,24119919
2023-07-25,19.3,19.69,19.21,19.25,26114882
2023-07-26,19.21,19.3,18.99,19.25,17438712
2023-07-27,19.21,19.25,18.94,19.16,17811984
2023-07-28,19.16,19.47,19.03,19.47,18137791
2023-07-31,19.52,19.6,19.3,19.52,19660250
2023-08-01,19.52,19.56,19.08,19.34,25777124
2023-08-02,19.34,19.6,19.12,19.38,17050706
2023-08-03,19.34,19.38,19.03,19.12,15906278
2023-08-04,19.21,19.56,19.03,19.56,15494677
2023-08-07,19.78,20.26,19.65,19.96,20246222
2023-08-08,19.96,19.96,19.56,19.56,13854997
2023-08-09,19.47,19.56,19.12,19.43,21340508
2023-08-10,19.43,19.43,18.99,19.34,19846091
2023-08-11,19.34,19.38,18.99,19.38,12404843
2023-08-14,19.3,19.38,19.21,19.34,11669670
2023-08-15,19.34,19.38,19.08,19.38,18409846
2023-08-16,19.3,19.91,19.08,19.74,39592573
2023-08-17,19.82,19.96,19.52,19.52,15638666
2023-08-18,19.38,19.43,18.15,18.15,34230665
2023-08-21,18.15,18.5,17.97,18.33,12660872
2023-08-22,18.28,18.37,17.67,18.15,21186247
2023-08-23,18.28,18.37,17.84,17.84,14418333
2023-08-24,17.84,18.06,17.75,18.06,9971586
2023-08-25,18.02,18.11,17.62,17.8,16071059
2023-08-28,17.8,17.97,17.71,17.89,11610557
2023-08-29,17.93,18.41,17.84,18.37,16216366
2023-08-30,18.41,18.41,18.15,18.33,9355023
2023-08-31,18.33,18.55,18.24,18.46,14338603
2023-09-05,18.68,18.77,18.46,18.5,14498264
2023-09-06,18.72,19.21,18.41,19.21,23271451
2023-09-07,19.3,19.47,19.12,19.16,20575464
2023-09-08,19.16,19.3,19.12,19.21,16769386
2023-09-11,19.47,19.65,18.94,19.3,38043120
2023-09-12,19.3,19.65,19.12,19.65,19792165
2023-09-13,19.65,19.87,19.43,19.78,30580988
2023-09-14,19.74,19.91,19.38,19.74,23075645
2023-09-15,19.78,19.96,19.56,19.87,24183082
2023-09-18,19.82,19.82,19.3,19.52,17642617
2023-09-19,19.43,19.52,19.03,19.3,13551405
2023-09-20,19.21,19.43,18.99,19.3,14207287
2023-09-21,19.12,19.3,19.08,19.08,10973280
2023-09-22,18.68,18.81,18.37,18.72,19600705
2023-09-25,18.68,18.77,17.97,17.97,14434921
2023-09-26,18.15,18.24,17.84,18.02,18956906
2023-09-27,18.06,18.5,17.89,18.5,12677623
2023-09-28,18.28,18.86,18.11,18.68,13130428
2023-09-29,18.77,19.12,18.59,19.12,8455623
2023-10-02,19.03,19.21,18.86,19.21,11275105
2023-10-03,18.94,19.03,18.24,18.5,12859425
2023-10-04,18.06,18.72,18.06,18.5,6976457
2023-10-05,18.41,18.59,18.33,18.33,5683271
2023-10-06,18.46,18.55,18.24,18.46,8351999
2023-10-09,18.5,18.86,18.28,18.86,13602882
2023-10-10,18.81,19.03,18.77,19.03,11695316
2023-10-11,19.03,19.21,18.86,19.21,8930607
2023-10-12,19.3,19.3,19.03,19.25,10401723
2023-10-13,19.08,19.38,18.86,19.34,13715530
2023-10-16,19.12,19.82,19.12,19.82,26100760
2023-10-17,19.78,20.0,19.56,20.0,25978478
2023-10-18,19.82,20.4,19.16,19.82,39742609
2023-10-19,19.56,19.74,18.9,18.9,11472772
2023-10-20,19.03,19.47,18.9,19.03,10807459
2023-10-23,19.03,19.12,18.24,18.55,13597370
2023-10-24,18.37,18.86,18.37,18.55,5471398
2023-10-25,18.55,18.72,18.41,18.5,5162150
2023-10-26,18.24,18.37,17.23,17.8,17369755
2023-10-27,17.8,18.06,17.53,17.8,5694753
2023-10-30,17.62,17.75,17.45,17.53,4923210
2023-10-31,17.45,17.67,17.23,17.62,6940185
2023-11-01,17.62,17.71,17.45,17.45,4811447
2023-11-02,17.58,17.97,17.49,17.89,6160716
2023-11-03,18.02,18.06,17.45,17.45,13534061
2023-11-06,17.8,18.37,17.8,18.33,9585618
2023-11-07,18.41,18.59,18.24,18.24,6344441
2023-11-08,18.33,18.81,18.15,18.81,13585824
2023-11-09,18.95,19.0,18.49,18.49,13602267
2023-11-10,18.39,18.39,18.07,18.07,12160199
2023-11-13,18.07,18.21,17.61,17.75,10469076
2023-11-14,17.93,18.49,17.84,18.12,12705556
2023-11-15,18.39,18.63,18.3,18.44,17934313
2023-11-16,18.26,18.49,18.26,18.39,9905665
2023-11-17,18.49,18.49,17.56,17.84,15198610
2023-11-20,17.47,18.39,17.42,18.02,11871975
2023-11-21,18.12,18.39,18.02,18.16,8682019
2023-11-22,18.16,18.26,17.93,18.16,7321684
2023-11-23,18.21,18.26,17.7,17.7,10597570
2023-11-24,17.7,17.93,17.56,17.75,10849967
2023-11-27,17.79,17.98,17.7,17.75,8008799
2023-11-28,17.75,17.98,17.61,17.89,5747735
2023-11-29,17.93,17.93,17.79,17.79,5479171
2023-11-30,17.75,17.98,17.65,17.65,6751573
2023-12-01,17.75,17.89,17.61,17.84,4872850
2023-12-04,17.84,18.12,17.79,18.02,10853054
2023-12-05,18.02,18.07,17.7,17.7,11507857
2023-12-06,17.79,17.98,17.7,17.93,9474946
2023-12-07,17.93,18.16,17.7,18.16,17160290
2023-12-08,18.16,18.21,17.84,18.12,8341844
2023-12-11,18.02,18.12,17.75,17.93,7677593
2023-12-12,17.93,17.98,17.75,17.98,6825408
2023-12-13,17.89,17.93,17.65,17.75,9964519
2023-12-14,17.75,17.84,17.52,17.56,9436419
2023-12-15,17.56,17.65,17.24,17.29,12094937
2023-12-18,17.24,17.29,16.68,17.01,22112287
2023-12-19,16.73,16.92,16.64,16.92,11909755
2023-12-20,16.92,16.96,16.68,16.87,7716809
2023-12-21,16.82,16.87,16.64,16.82,9594328
2023-12-22,16.82,16.96,16.68,16.78,10361289
2023-12-25,16.87,17.1,16.87,17.1,8640192
2023-12-26,17.1,17.15,16.87,17.1,8405087
2023-12-27,17.1,17.19,16.96,17.1,7676722
2023-12-28,17.1,17.38,17.05,17.38,10318128
2023-12-29,17.38,17.75,17.29,17.75,17013562
2024-01-02,17.75,17.75,17.42,17.42,8801273
2024-01-03,17.42,17.65,17.24,17.65,8222597
2024-01-04,17.7,18.16,17.52,17.89,25327514
2024-01-05,17.89,17.98,17.65,17.75,9909348
2024-01-08,17.84,17.93,17.7,17.79,9016243
2024-01-09,17.79,17.89,17.65,17.7,6454429
2024-01-10,17.65,18.26,17.65,18.12,31574191
2024-01-11,18.3,18.35,18.07,18.16,17942117
2024-01-12,17.98,18.26,17.84,18.16,25024618
2024-01-15,18.3,18.3,17.89,17.89,11343070
2024-01-16,17.84,17.98,17.75,17.98,9595700
2024-01-17,17.98,18.07,17.79,17.84,11936551
2024-01-18,17.93,18.07,17.84,18.02,8449718
2024-01-19,18.07,18.26,18.07,18.21,16583259
2024-01-22,18.35,18.44,18.21,18.3,16138915
2024-01-23,18.35,18.39,18.16,18.21,10964135
2024-01-24,18.21,18.3,18.07,18.16,7409462
2024-01-25,18.16,18.21,18.07,18.16,5003106
2024-01-26,18.21,18.26,18.16,18.26,7548359
2024-01-29,18.26,18.26,18.07,18.26,4836722
2024-01-30,18.16,18.35,18.16,18.21,6807087
2024-01-31,18.16,18.21,17.7,17.93,20004150
2024-02-01,17.89,17.89,17.65,17.7,6508777
2024-02-02,17.7,17.75,17.38,17.38,16723095
2024-02-05,17.42,17.98,17.42,17.75,10733253
2024-02-06,17.84,17.93,17.75,17.84,5807746
2024-02-07,17.89,18.12,17.84,18.12,10725011
2024-02-15,18.12,18.63,18.12,18.3,19367162
2024-02-16,18.44,18.44,18.21,18.35,7327585
2024-02-19,18.35,18.44,18.16,18.3,11051556
2024-02-20,18.21,18.26,18.02,18.12,16247086
2024-02-21,18.12,18.49,18.12,18.26,17582404
2024-02-22,18.3,18.39,18.12,18.21,10544976
2024-02-23,18.21,18.72,18.02,18.02,42137667
2024-02-26,18.07,18.07,17.75,17.79,12772802
2024-02-27,17.89,18.02,17.75,17.89,17765091
2024-02-28,17.93,18.39,17.93,18.39,20963339
2024-02-29,18.58,18.67,18.16,18.39,17120600
2024-03-01,18.39,18.39,18.16,18.16,9762406
2024-03-04,18.3,18.3,18.12,18.12,12992804
2024-03-05,18.12,18.26,18.07,18.26,8097032
2024-03-06,18.3,18.35,17.84,17.93,11553242
2024-03-07,17.93,18.12,17.93,17.98,8018774
2024-03-08,17.98,18.02,17.52,17.56,29746622
2024-03-11,17.52,17.65,17.15,17.15,16582481
2024-03-12,17.15,17.33,17.1,17.15,10961688
2024-03-13,17.24,17.65,17.19,17.61,10989707
2024-03-14,17.65,17.65,17.24,17.38,9587076
2024-03-15,17.33,17.38,17.15,17.24,13583993
2024-03-18,17.24,17.29,16.59,16.82,23325846
2024-03-19,16.82,17.1,16.73,16.78,12353558
2024-03-20,16.82,17.24,16.82,17.24,11507911
2024-03-21,17.33,17.52,17.15,17.33,16886409
2024-03-22,17.47,17.56,17.24,17.38,14973190
2024-03-25,17.38,17.7,17.24,17.47,19755625
2024-03-26,17.47,18.12,17.47,18.12,37180162
2024-03-27,18.16,18.26,17.89,18.12,16225131
2024-03-28,18.16,18.3,18.02,18.16,14694999
2024-03-29,18.21,18.3,17.98,18.26,20545477
2024-04-01,18.12,18.26,17.98,18.16,11690407
2024-04-02,18.07,18.12,17.47,18.07,25843007
2024-04-03,17.89,18.02,17.79,17.89,16272775
2024-04-04,17.93,18.12,17.75,17.84,12595229
2024-04-05,17.65,17.98,17.56,17.98,11108070
2024-04-08,17.98,17.98,17.65,17.93,8431168
2024-04-09,17.89,17.93,17.7,17.89,9350848
2024-04-10,17.93,18.44,17.84,17.89,29217063
2024-04-11,17.89,18.12,17.84,17.89,9556606
2024-04-12,17.93,18.21,17.93,18.21,17726316
2024-04-15,18.12,18.3,17.01,17.19,28352760
2024-04-16,17.29,17.56,17.1,17.33,23555391
2024-04-17,17.52,17.61,16.78,16.78,13198801
2024-04-19,16.78,17.1,16.59,16.73,15360956
2024-04-22,17.01,17.19,16.87,16.92,8684890
2024-04-23,16.96,17.19,16.64,17.01,15638655
2024-04-24,17.1,17.33,17.01,17.19,13074719
2024-04-25,17.33,17.33,16.96,17.19,10619955
2024-04-26,17.01,17.19,16.92,17.15,8254986
2024-05-02,17.15,17.19,16.92,16.92,6334669
2024-05-03,17.01,17.1,16.96,17.01,10570491
2024-05-06,17.1,17.33,17.01,17.33,11302265
2024-05-07,17.33,17.42,17.15,17.38,7409922
2024-05-08,17.24,17.38,17.1,17.15,10947191
2024-05-09,17.24,17.42,17.1,17.33,9753071
2024-05-10,17.29,17.33,17.01,17.1,10358050
2024-05-13,17.15,17.47,17.05,17.38,16734961
2024-05-14,17.56,17.84,17.47,17.65,20936765
2024-05-15,17.79,17.79,17.61,17.61,10506314
2024-05-16,17.75,17.98,17.65,17.93,20753315
2024-05-17,17.93,17.98,17.79,17.93,12373943
2024-05-20,18.07,18.35,18.02,18.3,25257606
2024-05-21,18.3,18.35,18.12,18.3,24055008
2024-05-22,18.3,18.3,17.77,17.82,22579825
2024-05-23,17.82,18.01,17.67,18.01,9370104
2024-05-24,17.91,18.01,17.52,17.52,19568119
2024-05-27,17.67,17.67,17.47,17.52,7404200
2024-05-28,17.62,17.72,17.52,17.57,8409099
2024-05-29,17.62,17.62,17.47,17.57,8294344
2024-05-30,17.52,17.52,17.23,17.47,10463296
2024-05-31,17.47,17.57,17.43,17.52,5711042
2024-06-03,17.62,17.96,17.57,17.82,14016447
2024-06-04,17.91,17.91,17.67,17.72,9141976
2024-06-05,17.72,17.82,17.62,17.62,11806868
2024-06-06,17.67,17.77,17.47,17.62,16615623
2024-06-07,17.77,17.77,17.47,17.52,9959779
2024-06-10,17.57,17.72,17.52,17.57,10498933
2024-06-11,17.72,17.86,17.57,17.82,31084271
2024-06-12,17.82,18.89,17.67,18.89,69944435
2024-06-13,18.98,19.28,18.74,18.93,44268791
2024-06-14,18.93,18.98,18.2,18.2,35964913
2024-06-17,18.2,18.55,17.96,18.25,26723292
2024-06-18,18.3,18.59,18.11,18.11,35295361
2024-06-19,18.16,18.69,17.91,18.5,51398314
2024-06-20,18.64,19.28,18.5,19.18,66054206
2024-06-21,19.18,19.32,18.84,19.08,48980786
2024-06-24,18.93,19.08,18.35,18.35,45279444
2024-06-25,18.35,18.69,18.35,18.5,19536820
2024-06-26,18.5,18.59,18.06,18.5,27226795
2024-06-27,18.5,18.55,18.2,18.5,25084219
2024-06-28,18.45,18.79,18.11,18.16,41525596
2024-07-01,18.16,18.55,18.01,18.5,16522387
2024-07-02,18.5,18.69,18.3,18.45,16427090
2024-07-03,18.5,18.69,18.25,18.5,20131924
2024-07-04,18.64,18.93,18.55,18.55,26252856
2024-07-05,18.55,18.79,18.5,18.64,18433129
2024-07-08,18.69,18.79,18.5,18.55,16159777
2024-07-09,18.69,18.93,18.5,18.89,32015495
2024-07-10,18.98,19.03,18.69,18.69,15167598
2024-07-11,18.69,19.03,18.55,18.55,25230896
2024-07-12,18.59,18.69,18.45,18.5,16055981
2024-07-15,18.55,18.59,18.2,18.3,16137491
2024-07-16,18.4,18.59,18.3,18.5,17485321
2024-07-17,18.5,18.89,18.3,18.5,34914605
2024-07-18,18.5,18.59,18.16,18.55,15901075
2024-07-19,18.5,18.69,18.3,18.3,16983251
2024-07-22,18.3,18.55,18.16,18.3,15851459
2024-07-23,18.35,18.4,17.72,17.91,17896447
2024-07-24,17.86,18.11,17.72,18.01,13371089
2024-07-25,17.91,18.01,17.82,17.86,10461655
2024-07-26,17.91,18.01,17.82,17.91,7752558
2024-07-29,18.01,18.11,17.91,17.91,6228638
2024-07-30,17.91,18.2,17.82,18.06,12802742
2024-07-31,18.11,18.64,18.11,18.5,35038321
2024-08-01,18.64,18.64,17.96,18.06,15652596
2024-08-02,18.01,18.25,17.86,18.25,14030750
2024-08-05,17.91,18.11,17.47,17.67,28587606
2024-08-06,17.86,18.01,17.62,17.86,13182712
2024-08-07,17.91,17.91,17.52,17.52,13542137
2024-08-08,17.43,17.52,17.04,17.38,21951774
2024-08-09,17.38,17.62,17.33,17.52,10707088
2024-08-12,17.52,17.67,17.33,17.67,12639608
2024-08-13,17.62,17.72,17.47,17.67,10645632
2024-08-14,17.67,17.72,17.52,17.52,8235186
2024-08-15,17.52,17.62,17.47,17.52,7539412
2024-08-16,17.57,17.96,17.52,17.91,23595566
2024-08-19,17.91,18.11,17.91,17.96,12500067
2024-08-20,17.96,18.16,17.91,18.11,18248565
2024-08-21,18.01,18.35,17.96,18.25,33809370
2024-08-22,18.25,18.35,18.11,18.25,13072468
2024-08-23,18.3,18.5,18.2,18.25,23792929
2024-08-26,18.3,18.79,18.3,18.5,39617721
2024-08-27,18.59,18.64,18.45,18.5,15400837
2024-08-28,18.5,18.59,18.4,18.45,13774422
2024-08-29,18.45,18.84,18.4,18.45,23613933
2024-08-30,18.59,18.59,18.45,18.45,11971540
2024-09-04,18.3,18.3,18.01,18.01,23332600
2024-09-05,18.06,18.06,17.82,17.82,15908777
2024-09-06,17.82,17.96,17.72,17.96,15019324
2024-09-09,17.91,17.96,17.77,17.86,15695257
2024-09-10,17.91,17.96,17.62,17.67,20588711
2024-09-11,17.62,17.82,17.57,17.77,11714730
2024-09-12,17.77,18.11,17.77,18.01,22643063
2024-09-13,18.01,18.06,17.82,17.96,9337934
2024-09-16,17.91,18.06,17.77,17.86,8951273
2024-09-17,17.86,18.16,17.82,18.16,10214184
2024-09-18,18.16,18.3,18.01,18.16,22135608
2024-09-19,18.16,18.3,18.16,18.25,17468884
2024-09-20,18.3,18.59,18.3,18.45,52251745
2024-09-23,18.5,18.69,18.4,18.5,29078562
2024-09-24,18.5,18.69,18.45,18.69,37617818
2024-09-25,18.79,19.03,18.69,18.93,45920392
2024-09-26,18.98,19.32,18.84,19.08,55131403
2024-09-27,19.18,19.62,19.08,19.23,62872404
2024-09-30,19.18,19.62,19.13,19.57,26731610
2024-10-01,19.57,19.76,19.32,19.37,33059627
2024-10-02,19.28,19.37,19.08,19.18,37585719
2024-10-03,19.28,19.91,19.28,19.47,49875787
2024-10-04,19.47,19.91,19.42,19.47,34252969
2024-10-07,19.57,19.62,19.18,19.47,25936314
2024-10-08,19.47,19.62,19.32,19.57,27926403
2024-10-09,19.47,19.76,19.47,19.71,49597660
2024-10-10,19.81,20.15,19.76,20.01,45244350
2024-10-11,19.96,20.15,19.81,20.15,22153976
2024-10-14,20.25,20.25,19.86,20.1,22650112
2024-10-15,19.96,20.49,19.96,20.3,44785679
2024-10-16,20.25,20.35,20.1,20.3,17845699
2024-10-17,20.3,20.39,20.15,20.35,22775547
2024-10-18,20.3,20.39,20.01,20.01,24410883
2024-10-21,20.01,20.2,19.86,20.1,18197546
2024-10-22,20.05,20.1,19.76,20.05,22326189
2024-10-23,19.96,20.01,19.76,19.91,15972349
2024-10-24,19.86,19.91,19.47,19.47,26052685
2024-10-25,19.57,19.66,19.47,19.57,16942546
2024-10-28,19.47,19.57,19.37,19.57,11245157
2024-10-29,19.66,19.76,19.62,19.71,14157618
2024-10-30,19.71,19.81,19.62,19.71,10000088
2024-10-31,19.71,19.91,19.62,19.91,13917060
2024-11-01,19.86,19.86,19.52,19.62,16606220
2024-11-04,19.62,19.66,19.08,19.18,30572348
2024-11-05,19.03,19.28,19.03,19.18,9958296
2024-11-06,19.23,19.42,19.18,19.32,16237665
2024-11-07,19.37,19.42,19.08,19.18,13399083
2024-11-08,19.28,19.28,18.79,18.98,24428210
2024-11-11,18.93,18.93,18.45,18.69,28134592
2024-11-12,18.74,18.74,18.4,18.59,15117899
2024-11-13,18.45,18.84,18.25,18.84,20301061
2024-11-14,18.59,18.69,18.3,18.5,12408000
2024-11-15,18.35,18.45,18.2,18.2,16703361
2024-11-18,18.11,18.4,17.96,18.2,19560943
2024-11-19,18.25,18.3,18.01,18.01,11168595
2024-11-20,17.91,18.4,17.91,18.2,17684832
2024-11-21,18.2,18.69,18.11,18.69,27857572
2024-11-22,18.69,18.79,18.55,18.55,18063133
2024-11-25,18.55,18.69,18.55,18.55,7651978
2024-11-26,18.55,18.89,18.55,18.55,18362268
2024-11-27,18.55,18.69,18.5,18.55,6904586
2024-11-28,18.69,18.84,18.55,18.55,11980090
2024-11-29,18.64,18.69,18.5,18.64,6010268
2024-12-02,18.79,18.79,18.59,18.69,6326543
2024-12-03,18.64,18.69,18.5,18.69,10876352
2024-12-04,18.55,18.64,18.45,18.5,8460366
2024-12-05,18.5,18.98,18.3,18.98,31492330
2024-12-06,18.98,18.98,18.79,18.84,11635279
2024-12-09,18.74,19.03,18.69,18.89,19957358
2024-12-10,18.89,18.93,18.69,18.74,7244261
2024-12-11,18.74,18.79,18.55,18.74,13264710
2024-12-12,18.74,19.03,18.64,18.79,23037081
2024-12-13,18.69,18.79,18.59,18.64,7752312
2024-12-16,18.64,18.69,18.5,18.59,6793885
2024-12-17,18.59,18.64,18.45,18.45,8188602
2024-12-18,18.5,18.59,18.45,18.5,4844985
2024-12-19,18.45,18.45,18.11,18.3,21117631
2024-12-20,18.3,18.4,18.16,18.4,6640453
2024-12-23,18.45,18.64,18.4,18.45,7740196
2024-12-24,18.45,18.5,18.25,18.45,5920224
2024-12-25,18.45,18.79,18.3,18.69,14789924
2024-12-26,18.74,18.79,18.55,18.74,8214471
2024-12-27,18.69,18.84,18.59,18.74,16563326
2024-12-30,18.69,18.74,18.59,18.74,6680866
2024-12-31,18.74,18.74,18.55,18.69,8165593
2025-01-02,18.59,18.69,18.45,18.64,8365315
2025-01-03,18.59,18.59,18.25,18.25,10603548
2025-01-06,18.25,18.4,18.2,18.3,6919201
2025-01-07,18.35,18.4,18.2,18.2,6749349
2025-01-08,18.2,18.4,18.16,18.35,4831858
2025-01-09,18.4,18.4,18.16,18.2,3980850
2025-01-10,18.2,18.25,17.96,18.01,6525397
2025-01-13,17.96,18.01,17.77,17.82,8591600
2025-01-14,17.77,17.86,17.57,17.67,11013335
2025-01-15,17.82,18.01,17.72,17.91,5620664
2025-01-16,18.01,18.01,17.72,17.91,9494065
2025-01-17,17.91,17.96,17.82,17.96,4424985
2025-01-20,17.91,18.06,17.86,17.91,6432811
2025-01-21,18.01,18.01,17.77,17.91,11086059
2025-01-22,17.91,18.01,17.77,17.86,10802050
2025-01-23,18.01,18.4,17.91,18.4,26480491
2025-01-24,18.4,18.5,18.3,18.4,11208750
2025-02-03,18.3,18.3,18.01,18.01,9501069
2025-02-04,18.25,18.3,18.06,18.25,11821552
2025-02-05,18.25,18.59,18.25,18.55,12838896
2025-02-06,18.59,18.69,18.45,18.55,9989223
2025-02-07,18.45,18.69,18.4,18.45,8927999
2025-02-10,18.4,18.59,18.25,18.35,13503873
2025-02-11,18.35,18.64,18.3,18.4,20355530
2025-02-12,18.5,18.59,18.3,18.4,7803243
2025-02-13,18.4,18.5,18.3,18.4,8324004
2025-02-14,18.59,18.64,18.5,18.5,11537387
2025-02-17,18.5,18.59,18.35,18.35,11948649
2025-02-18,18.35,18.69,18.25,18.45,18116796
2025-02-19,18.5,18.59,18.45,18.55,9260327
2025-02-20,18.59,18.79,18.5,18.69,18767537
2025-02-21,18.64,19.08,18.55,18.93,42296147
2025-02-24,18.89,19.03,18.69,19.03,22725922
2025-02-25,19.03,19.08,18.74,18.84,14020424
2025-02-26,18.84,18.89,18.74,18.74,11214668
2025-02-27,18.74,18.84,18.55,18.79,9549642
2025-02-28,18.59,18.89,18.59,18.79,9239918
2025-03-03,18.84,18.84,18.59,18.69,9405412
2025-03-04,18.59,18.69,18.45,18.59,19240182
2025-03-05,18.59,18.84,18.5,18.5,16033232
2025-03-06,18.55,18.84,18.55,18.64,20894312
2025-03-07,18.69,18.93,18.64,18.74,20720845
2025-03-10,18.89,19.13,18.79,18.89,34128394
2025-03-11,18.74,19.23,18.69,19.18,37549421
2025-03-12,19.28,19.28,18.98,19.08,27178222
2025-03-13,19.13,19.13,18.69,18.74,16162010
2025-03-14,18.79,19.08,18.69,19.08,17677069
2025-03-17,19.23,19.86,19.08,19.66,71559132
2025-03-18,19.71,19.76,19.28,19.28,25983908
2025-03-19,19.23,19.23,18.89,18.93,29446445
2025-03-20,19.08,19.18,18.89,19.08,18744394
2025-03-21,19.08,19.13,18.89,18.98,9372635
2025-03-24,18.98,19.13,18.74,19.08,16809872
2025-03-25,19.13,19.18,18.93,18.98,11789548
2025-03-26,18.98,19.13,18.79,18.84,9458002
2025-03-27,18.74,18.93,18.74,18.74,6693042
2025-03-28,18.74,18.89,18.69,18.74,11137370
2025-03-31,18.64,18.74,18.5,18.5,14768166
2025-04-01,18.64,18.69,18.5,18.64,8730956
2025-04-02,18.64,18.84,18.59,18.64,11404390
2025-04-03,17.72,18.06,17.38,17.38,40627745
2025-04-04,16.35,16.99,16.21,16.99,46818260
2025-04-08,16.55,16.74,15.82,15.82,24712494
2025-04-09,14.8,16.06,14.75,15.53,56116778
2025-04-10,16.6,16.6,16.6,16.6,1667054
2025-04-11,16.55,17.18,16.35,16.99,60050331
2025-04-14,17.04,17.23,16.79,16.84,28910239
2025-04-15,16.74,16.79,16.4,16.45,19621779
2025-04-16,16.4,16.55,16.26,16.35,13826737
2025-04-17,16.35,16.35,15.92,16.11,21621462
2025-04-18,16.21,16.79,16.21,16.5,16485170
2025-04-21,16.45,16.6,16.26,16.26,12085528
2025-04-22,16.16,16.35,15.14,16.16,30680838
2025-04-23,16.55,16.55,16.26,16.26,10958346
2025-04-24,16.35,16.5,16.21,16.21,12825015
2025-04-25,16.26,16.31,16.01,16.06,24812094
2025-04-28,16.26,16.26,16.06,16.11,9941576
2025-04-29,16.16,16.26,16.06,16.11,14258755
2025-05-05,16.26,16.31,16.06,16.16,7596393
2025-05-06,16.26,16.74,16.21,16.45,25322481
2025-05-07,16.5,16.55,16.35,16.55,10239675
2025-05-08,16.6,16.74,16.5,16.55,15417342
2025-05-09,16.65,16.79,16.45,16.55,17698895
2025-05-12,16.65,16.99,16.5,16.89,36537005
2025-05-13,17.18,17.23,16.99,17.23,27758850
2025-05-14,17.33,18.4,17.28,18.4,95597129
2025-05-15,18.65,18.8,18.25,18.55,55088144
2025-05-16,18.35,18.7,18.05,18.05,37991194
2025-05-19,18.0,18.85,17.8,18.2,64660215
2025-05-20,18.2,18.55,18.15,18.2,27844769
2025-05-21,18.3,18.8,18.25,18.45,68316753
2025-05-22,18.5,18.7,18.2,18.3,40944806
2025-05-23,18.25,18.35,18.1,18.1,14940728
2025-05-26,18.1,18.2,17.3,18.15,24591056
2025-05-27,18.15,18.3,18.05,18.1,22992680
2025-05-28,18.2,18.3,18.0,18.0,13063100
2025-05-29,18.1,18.55,18.0,18.15,46408000
2025-05-30,18.25,18.3,17.9,17.95,11859100
2025-06-02,17.95,18.15,17.8,18.0,13488800
2025-06-03,18.1,18.4,18.0,18.3,22863000
2025-06-04,18.3,18.55,18.2,18.25,41724400
2025-06-05,18.2,18.4,18.05,18.1,12655700
2025-06-06,18.1,18.1,17.8,17.8,20106300
2025-06-09,17.75,17.9,17.65,17.85,14015700
2025-06-10,17.9,18.2,17.85,17.95,20277000
2025-06-11,18.05,18.05,17.9,18.0,6795100
2025-06-12,18.05,18.3,18.05,18.2,21883000
2025-06-13,18.05,18.4,17.9,18.15,29219800
2025-06-16,18.15,18.8,18.15,18.8,71722500
2025-06-17,18.9,19.0,18.6,18.8,35021100
2025-06-18,18.8,18.95,18.5,18.5,23610700
2025-06-19,18.5,18.75,18.5,18.5,17971800
2025-06-20,18.6,18.85,18.45,18.45,24901400
2025-06-23,18.35,18.5,18.25,18.4,18209500
2025-06-24,18.55,18.75,18.45,18.55,42718000
2025-06-25,18.6,18.7,18.4,18.4,17177500
2025-06-26,18.5,18.55,18.35,18.35,10934900
2025-06-27,18.5,18.75,18.45,18.5,21153100
2025-06-30,18.55,18.65,18.5,18.5,11547500
2025-07-01,18.5,18.6,18.4,18.45,17060200
2025-07-02,18.45,18.6,18.35,18.6,18377700
2025-07-03,18.55,18.85,18.5,18.65,47153200
2025-07-04,18.7,18.85,18.6,18.75,22180000
2025-07-07,18.9,19.35,18.9,19.3,53672800
2025-07-08,19.35,19.6,19.05,19.6,45382200
2025-07-09,19.8,20.15,19.7,20.05,66441400
2025-07-10,20.15,20.25,19.9,20.15,36743400
2025-07-11,20.2,20.35,19.9,20.15,45180900
2025-07-14,20.25,21.2,20.2,21.0,63378600
2025-07-15,21.15,21.2,20.75,20.75,48779100
2025-07-16,20.75,21.0,20.5,20.85,31463400
2025-07-17,21.0,21.3,20.75,20.9,49437400
2025-07-18,20.9,21.65,20.8,21.35,47947600
2025-07-21,21.6,22.5,21.35,22.3,72588400
2025-07-22,22.15,22.6,21.8,22.5,41725200
2025-07-23,22.8,23.6,22.5,23.35,73950900
2025-07-24,23.9,23.9,23.15,23.5,47157800
2025-07-25,23.5,24.15,23.4,24.05,54483100
2025-07-28,24.35,25.15,24.0,25.1,57164800
2025-07-29,25.1,25.8,23.55,23.6,83065000
2025-07-30,23.8,25.25,23.5,25.25,70974800
2025-07-31,25.8,26.1,25.55,25.8,55195800
2025-08-01,25.9,25.9,25.0,25.8,55593400
2025-08-04,25.25,26.4,25.25,26.4,38227100
2025-08-05,26.65,27.65,25.6,26.5,71760200
2025-08-06,26.55,27.1,26.3,27.1,28376400
2025-08-07,27.85,28.95,27.4,28.95,62566800
2025-08-08,29.5,29.55,28.0,29.55,44921400
2025-08-11,29.5,29.95,29.0,29.6,33778300
2025-08-12,29.6,29.8,29.2,29.6,35529800
2025-08-13,29.3,29.55,28.0,28.8,43486100
2025-08-14,29.4,30.8,29.2,30.8,69328900
2025-08-15,32.8,32.8,30.9,31.1,64889700
2025-08-18,32.05,32.55,31.6,32.0,46632900
2025-08-19,32.7,34.2,32.7,34.2,21644900
2025-08-20,35.6,36.55,33.7,36.55,75558800
2025-08-21,37.0,38.9,36.7,38.65,51427900
2025-08-22,38.0,38.25,35.95,35.95,75347200
2025-08-25,35.95,36.0,33.45,33.5,67974200
2025-08-26,33.05,34.35,32.75,34.3,47968700
2025-08-27,34.5,34.7,32.5,33.3,57247900
2025-08-28,33.1,34.2,32.6,34.0,37019300
2025-08-29,34.0,36.3,33.65,35.0,65834600
2025-09-03,35.15,35.4,34.35,34.5,28617800
2025-09-04,34.7,35.0,33.8,34.9,44836900
2025-09-05,35.5,35.5,33.5,33.5,37902100
2025-09-08,33.3,33.35,31.2,31.2,58073200
2025-09-09,31.5,32.55,31.35,32.4,39698200
2025-09-10,32.85,32.95,31.8,32.45,22042300
2025-09-11,32.05,32.35,30.45,32.25,44389200
2025-09-12,32.1,32.3,31.55,31.6,23141700
2025-09-15,31.5,32.2,30.95,31.55,64130100
2025-09-16,31.55,32.85,31.5,31.7,70212600
2025-09-17,31.7,31.95,31.0,31.0,26679300
2025-09-18,31.1,31.25,30.3,30.8,26645900
2025-09-19,30.9,30.95,30.0,30.4,28454900
2025-09-22,30.35,30.4,29.3,29.5,54206200
2025-09-23,29.6,30.65,29.6,29.9,27129500
2025-09-24,30.1,31.6,29.55,31.6,40528600
2025-09-25,31.7,31.85,30.9,30.95,30534200
2025-09-26,30.95,31.1,30.4,30.4,25508600
2025-09-29,30.5,31.2,30.05,31.1,33075500
2025-09-30,31.25,31.25,30.3,31.1,28902200
2025-10-01,31.1,31.55,30.85,30.9,16624800
2025-10-02,31.1,31.5,30.15,30.15,31474300
2025-10-03,30.15,30.2,29.5,29.5,30206400
2025-10-06,30.25,31.55,30.0,31.55,42838700
2025-10-07,31.9,31.9,30.9,31.05,26704000
2025-10-08,31.4,31.65,30.7,31.1,25369900
2025-10-09,31.3,32.1,31.1,32.1,39130900
2025-10-10,32.3,32.35,31.7,32.1,34643000
2025-10-13,31.6,31.85,31.25,31.7,35739000
2025-10-14,31.9,32.85,31.9,32.5,57074600
2025-10-15,32.75,34.65,32.75,33.7,92652500
2025-10-16,33.8,33.9,33.2,33.2,30745500
2025-10-17,33.2,33.35,31.9,31.95,50287200
2025-10-20,31.55,31.8,29.75,29.75,52634700
2025-10-21,29.5,30.65,28.35,30.35,54104300
