time,open,high,low,close,volume
2020-10-09,6.67,6.67,4.77,5.65,2932700
2020-10-12,5.93,5.93,5.54,5.58,535100
2020-10-13,5.54,5.65,5.51,5.65,545000
2020-10-14,4.73,5.33,4.73,5.29,810900
2020-10-15,4.84,5.29,4.59,5.29,560900
2020-10-16,5.22,5.4,5.12,5.37,303900
2020-10-19,5.26,5.33,5.22,5.29,421400
2020-10-20,5.29,5.29,5.22,5.22,196100
2020-10-21,5.22,5.65,5.22,5.65,1277700
2020-10-22,5.47,5.61,5.4,5.51,117900
2020-10-23,5.51,5.51,5.37,5.37,174600
2020-10-26,5.37,5.37,5.29,5.37,204700
2020-10-27,5.33,5.51,5.29,5.29,141900
2020-10-28,5.26,5.33,5.12,5.19,293100
2020-10-29,5.26,5.26,5.19,5.22,106900
2020-10-30,5.26,5.26,4.62,5.26,75300
2020-11-02,5.26,5.44,5.26,5.29,128100
2020-11-03,5.29,5.29,5.05,5.29,50900
2020-11-04,5.26,5.29,5.22,5.26,44000
2020-11-05,5.26,5.26,5.22,5.22,52400
2020-11-06,5.26,5.26,5.12,5.22,201900
2020-11-09,5.12,5.19,5.12,5.15,46500
2020-11-10,5.22,5.22,5.15,5.15,71400
2020-11-11,5.12,5.19,5.12,5.15,60900
2020-11-12,5.12,5.19,4.98,5.08,83900
2020-11-13,5.12,5.19,5.01,5.05,142300
2020-11-16,5.05,5.05,4.91,4.94,191900
2020-11-17,4.94,4.98,4.91,4.94,173700
2020-11-18,4.94,5.19,4.94,4.94,163500
2020-11-19,5.01,5.01,4.91,4.94,77700
2020-11-20,4.91,4.98,4.84,4.94,117200
2020-11-23,4.94,4.94,4.91,4.94,137700
2020-11-24,4.94,4.94,4.91,4.94,49100
2020-11-25,4.91,4.91,4.87,4.91,140800
2020-11-26,4.91,4.91,4.87,4.91,59100
2020-11-27,4.8,4.91,4.59,4.91,238000
2020-11-30,4.59,4.91,4.59,4.87,61500
2020-12-01,4.87,4.87,4.73,4.84,102200
2020-12-02,4.84,4.87,4.73,4.8,77200
2020-12-03,4.84,4.84,4.8,4.8,151300
2020-12-04,4.8,4.84,4.77,4.8,95200
2020-12-07,4.77,4.91,4.69,4.91,358300
2020-12-08,4.87,5.05,4.8,5.01,212500
2020-12-09,5.12,5.44,5.12,5.4,416000
2020-12-10,5.4,5.44,5.29,5.29,179000
2020-12-11,5.26,5.26,5.08,5.19,171801
2020-12-14,5.22,5.26,5.15,5.19,119127
2020-12-15,5.22,5.22,5.15,5.19,71472
2020-12-16,5.19,5.26,5.15,5.19,149416
2020-12-17,5.15,5.22,5.12,5.12,78700
2020-12-18,5.12,5.19,5.12,5.15,86293
2020-12-21,5.15,5.19,5.12,5.19,188770
2020-12-22,5.15,5.37,5.01,5.33,335049
2020-12-23,5.37,5.47,5.37,5.44,283487
2020-12-24,5.44,5.54,5.15,5.29,113000
2020-12-25,5.37,5.37,5.22,5.33,109301
2020-12-28,5.29,5.4,5.22,5.26,152396
2020-12-29,5.26,5.26,5.19,5.22,89312
2020-12-30,5.22,5.29,5.19,5.22,78558
2020-12-31,5.22,5.26,5.22,5.22,127545
2021-01-04,5.22,5.26,5.19,5.22,167617
2021-01-05,5.22,5.37,5.22,5.33,317362
2021-01-06,5.33,5.51,5.29,5.44,356886
2021-01-07,5.4,5.54,5.37,5.54,321423
2021-01-08,5.54,5.72,5.37,5.68,473821
2021-01-11,5.65,5.86,5.61,5.82,363500
2021-01-12,5.82,5.82,5.65,5.75,189610
2021-01-13,5.72,5.75,5.58,5.68,340096
2021-01-14,5.65,5.65,5.58,5.61,114203
2021-01-15,5.61,5.68,5.54,5.68,150850
2021-01-18,5.68,5.68,5.58,5.65,226161
2021-01-19,5.65,5.79,5.12,5.44,268558
2021-01-20,5.47,5.47,5.01,5.37,126395
2021-01-21,5.37,5.47,5.29,5.4,74660
2021-01-22,5.47,5.47,5.33,5.33,95639
2021-01-25,5.37,5.37,5.22,5.22,148981
2021-01-26,5.19,5.26,5.08,5.15,124603
2021-01-27,5.12,5.12,4.87,4.94,83507
2021-01-28,4.87,4.87,4.24,4.24,401053
2021-01-29,4.24,4.91,4.09,4.48,127872
2021-02-01,4.66,4.69,4.52,4.55,27910
2021-02-02,4.55,4.66,4.31,4.55,98316
2021-02-03,4.77,4.91,4.66,4.91,38057
2021-02-04,4.98,5.01,4.84,4.87,21099
2021-02-05,4.87,5.12,4.87,4.91,14845
2021-02-08,4.91,4.91,4.59,4.77,55802
2021-02-09,4.59,4.91,4.59,4.91,12650
2021-02-17,4.91,5.01,4.91,4.91,38347
2021-02-18,4.94,5.12,4.94,4.98,79930
2021-02-19,5.12,5.22,5.08,5.12,61324
2021-02-22,5.15,5.19,5.05,5.15,38835
2021-02-23,5.15,5.19,5.05,5.08,37358
2021-02-24,5.12,5.12,5.01,5.01,35051
2021-02-25,5.05,5.05,4.87,5.05,71916
2021-02-26,4.87,4.94,4.87,4.94,11809
2021-03-01,4.94,5.05,4.94,5.01,79560
2021-03-02,5.05,5.05,4.94,5.01,46155
2021-03-03,5.01,5.05,4.94,4.98,82375
2021-03-04,5.01,5.08,4.94,4.98,118056
2021-03-05,5.01,5.05,4.98,5.05,63400
2021-03-08,5.08,5.12,5.05,5.12,104654
2021-03-09,5.12,5.29,5.05,5.22,295769
2021-03-10,5.22,5.37,5.19,5.37,131758
2021-03-11,5.4,5.44,5.26,5.29,120357
2021-03-12,5.29,5.33,5.19,5.26,91346
2021-03-15,5.29,5.4,5.29,5.33,172040
2021-03-16,5.33,5.47,5.33,5.44,256173
2021-03-17,5.54,5.54,5.47,5.51,199017
2021-03-18,5.51,5.54,5.44,5.47,167430
2021-03-19,5.47,5.47,5.4,5.44,149692
2021-03-22,5.4,5.47,5.29,5.33,180364
2021-03-23,5.37,5.37,5.29,5.29,100142
2021-03-24,5.29,5.29,5.05,5.19,152560
2021-03-25,5.19,5.22,5.12,5.15,59351
2021-03-26,5.12,5.15,4.98,5.12,82289
2021-03-29,5.08,5.22,5.08,5.22,51137
2021-03-30,5.22,5.22,5.12,5.19,175351
2021-03-31,5.22,5.29,5.22,5.26,67810
2021-04-01,5.26,5.33,5.22,5.33,172772
2021-04-02,5.33,5.65,5.33,5.54,741012
2021-04-05,5.58,5.82,5.58,5.75,721070
2021-04-06,5.75,5.79,5.68,5.72,246873
2021-04-07,5.72,6.11,5.61,5.93,775199
2021-04-08,5.93,6.35,5.93,6.07,391403
2021-04-09,6.18,6.18,5.93,5.97,265113
2021-04-12,6.07,6.53,6.0,6.39,959679
2021-04-13,6.35,6.6,6.18,6.39,601581
2021-04-14,6.35,6.39,6.18,6.39,278442
2021-04-15,6.32,6.35,6.14,6.25,296400
2021-04-16,6.28,6.28,5.82,6.0,401908
2021-04-19,6.04,6.11,5.79,6.07,193834
2021-04-20,6.07,6.07,5.89,5.93,172148
2021-04-22,6.21,6.21,5.65,5.72,439618
2021-04-23,5.72,5.89,5.54,5.86,229476
2021-04-26,5.86,5.86,5.72,5.79,185410
2021-04-27,5.82,5.86,5.72,5.82,125139
2021-04-28,5.82,5.89,5.79,5.89,124615
2021-04-29,5.86,5.97,5.86,5.97,267643
2021-05-04,5.93,5.93,5.65,5.82,201625
2021-05-05,5.82,5.97,5.82,5.89,384224
2021-05-06,6.0,6.0,5.89,5.93,260901
2021-05-07,5.93,5.93,5.82,5.89,172440
2021-05-10,5.86,6.04,5.75,6.0,524031
2021-05-11,6.07,6.25,6.07,6.21,397281
2021-05-12,6.21,6.21,6.07,6.18,180138
2021-05-13,6.14,6.21,6.11,6.18,242000
2021-05-14,6.18,6.32,6.18,6.28,376067
2021-05-17,6.28,6.99,6.28,6.71,1482638
2021-05-18,6.71,6.88,6.64,6.71,514328
2021-05-19,6.71,6.71,6.57,6.6,291718
2021-05-20,6.6,6.81,6.53,6.78,617358
2021-05-21,6.81,6.88,6.71,6.74,521281
2021-05-24,6.78,6.81,6.71,6.78,456632
2021-05-25,6.78,6.81,6.67,6.74,486492
2021-05-26,6.74,6.92,6.71,6.85,675365
2021-05-27,6.85,7.52,6.85,7.41,1497558
2021-05-28,7.41,8.22,7.34,8.12,1459265
2021-05-31,8.12,9.04,8.05,9.04,1326723
2021-06-01,9.07,9.53,8.61,8.65,1140599
2021-06-02,8.65,9.18,7.8,8.54,926812
2021-06-03,8.47,8.93,8.47,8.9,806077
2021-06-04,8.9,8.9,8.44,8.61,670866
2021-06-07,8.61,8.65,7.91,7.98,681061
2021-06-08,7.98,7.98,6.99,7.27,672258
2021-06-09,7.06,7.8,6.88,7.52,615225
2021-06-10,7.52,7.59,7.34,7.34,221643
2021-06-11,7.34,7.91,7.34,7.7,327154
2021-06-14,7.7,7.77,7.55,7.62,274848
2021-06-15,7.62,7.73,7.41,7.45,299627
2021-06-16,7.45,7.48,7.2,7.24,472020
2021-06-17,7.24,7.38,7.06,7.34,261989
2021-06-18,7.38,7.55,7.27,7.52,441728
2021-06-21,7.55,7.59,7.41,7.45,217120
2021-06-22,7.48,7.62,7.34,7.55,421432
2021-06-23,7.48,7.66,7.41,7.52,314155
2021-06-24,7.73,7.73,7.52,7.55,285405
2021-06-25,7.55,7.59,7.48,7.52,345324
2021-06-28,7.52,7.84,7.52,7.84,884586
2021-06-29,7.84,8.3,7.8,7.98,655209
2021-06-30,8.08,8.12,7.8,7.84,281641
2021-07-01,7.84,8.05,7.62,7.87,292786
2021-07-02,7.91,7.94,7.77,7.91,342347
2021-07-05,7.94,8.15,7.91,8.15,947402
2021-07-06,8.12,8.33,7.59,7.59,570619
2021-07-07,7.59,7.84,7.55,7.8,357504
2021-07-08,7.77,7.87,7.59,7.66,330732
2021-07-09,7.66,7.7,7.24,7.48,420361
2021-07-12,7.48,7.48,6.46,6.81,583599
2021-07-13,6.88,7.06,6.81,6.99,284947
2021-07-14,7.02,7.02,6.6,6.67,319382
2021-07-15,6.67,6.99,6.57,6.99,133811
2021-07-16,6.99,6.99,6.81,6.92,142605
2021-07-19,6.92,6.92,6.18,6.35,353733
2021-07-20,6.35,6.53,6.25,6.46,182338
2021-07-21,6.49,6.6,6.46,6.53,158900
2021-07-22,6.57,6.85,6.46,6.71,167174
2021-07-23,6.67,6.71,6.49,6.57,165307
2021-07-26,6.39,6.53,6.39,6.53,149109
2021-07-27,6.67,6.67,6.53,6.57,78602
2021-07-28,6.57,6.6,6.53,6.57,91801
2021-07-29,6.6,6.78,6.57,6.78,231100
2021-07-30,6.92,6.95,6.78,6.92,158135
2021-08-02,7.06,7.55,7.06,7.34,552633
2021-08-03,7.34,7.41,7.17,7.34,234903
2021-08-04,7.34,7.38,7.2,7.24,407776
2021-08-05,7.24,7.31,7.17,7.31,221725
2021-08-06,7.34,7.41,7.24,7.24,310536
2021-08-09,7.31,7.34,7.2,7.34,216515
2021-08-10,7.31,7.62,7.31,7.52,443630
2021-08-11,7.52,7.62,7.48,7.48,366664
2021-08-12,7.55,7.59,7.41,7.45,274178
2021-08-13,7.45,7.45,7.2,7.38,395735
2021-08-16,7.34,7.77,7.31,7.7,483375
2021-08-17,7.55,7.84,7.55,7.62,265712
2021-08-18,7.59,7.66,7.52,7.52,215405
2021-08-19,7.52,7.52,7.38,7.48,276651
2021-08-20,7.48,7.48,6.99,7.17,642430
2021-08-23,7.09,7.2,6.95,7.02,544784
2021-08-24,7.06,7.13,6.99,6.99,207910
2021-08-25,7.02,7.09,6.99,7.09,109879
2021-08-26,7.09,7.13,6.99,7.02,89705
2021-08-27,7.06,7.06,6.85,6.99,341559
2021-08-30,6.99,7.09,6.88,7.06,185940
2021-08-31,7.09,7.09,6.95,7.06,98563
2021-09-01,6.99,7.02,6.92,6.95,168620
2021-09-06,6.95,7.02,6.92,7.02,227600
2021-09-07,7.02,7.24,6.95,7.17,277861
2021-09-08,7.2,7.27,7.09,7.09,129241
2021-09-09,7.17,7.17,7.02,7.09,96312
2021-09-10,7.09,7.09,6.99,7.02,141101
2021-09-13,7.02,7.06,6.95,6.99,134529
2021-09-14,6.95,7.06,6.92,6.95,93142
2021-09-15,6.92,6.99,6.85,6.95,90346
2021-09-16,6.99,6.99,6.88,6.92,114305
2021-09-17,7.02,7.17,6.95,7.09,178042
2021-09-20,7.27,7.77,7.27,7.34,393861
2021-09-21,7.41,7.41,7.06,7.27,260911
2021-09-22,7.31,7.31,7.09,7.2,236926
2021-09-23,7.34,7.48,7.17,7.27,393372
2021-09-24,7.34,7.59,7.34,7.45,432895
2021-09-27,7.41,7.52,7.17,7.2,277360
2021-09-28,7.31,7.31,7.02,7.2,141510
2021-09-29,7.13,7.13,6.88,7.02,287956
2021-09-30,6.99,6.99,6.88,6.95,175198
2021-10-01,6.95,6.95,6.85,6.88,186928
2021-10-04,6.85,6.85,6.64,6.74,263973
2021-10-05,6.74,6.88,6.74,6.85,69760
2021-10-06,6.78,6.88,6.78,6.78,75412
2021-10-07,6.92,6.92,6.81,6.85,64281
2021-10-08,6.85,6.92,6.85,6.88,81766
2021-10-11,6.92,7.06,6.88,7.06,185298
2021-10-12,7.06,7.13,6.95,7.02,110801
2021-10-13,7.02,7.06,6.92,6.95,75489
2021-10-14,6.95,7.02,6.92,6.99,94829
2021-10-15,6.99,6.99,6.92,6.95,113320
2021-10-18,6.95,6.99,6.92,6.92,173054
2021-10-19,6.92,6.95,6.88,6.92,86900
2021-10-20,6.92,6.95,6.85,6.92,90912
2021-10-21,6.88,6.88,6.81,6.88,135500
2021-10-22,6.88,6.92,6.85,6.92,120252
2021-10-25,6.95,6.95,6.85,6.88,122186
2021-10-26,6.85,6.85,6.78,6.85,113460
2021-10-27,6.81,6.92,6.78,6.88,226829
2021-10-28,6.95,7.06,6.88,7.06,376745
2021-10-29,7.06,7.38,7.06,7.34,837388
2021-11-01,7.38,7.48,7.34,7.38,482921
2021-11-02,7.38,7.38,7.24,7.31,325041
2021-11-03,7.31,7.98,7.24,7.91,1683415
2021-11-04,7.91,8.15,7.73,7.84,666298
2021-11-05,7.91,7.91,7.66,7.7,334250
2021-11-08,7.7,8.05,7.62,7.94,822617
2021-11-09,7.94,8.08,7.84,7.94,749618
2021-11-10,7.94,8.05,7.73,7.8,490789
2021-11-11,7.84,7.84,7.41,7.59,569995
2021-11-12,7.59,7.7,7.45,7.62,277990
2021-11-15,7.77,7.94,7.66,7.77,436862
2021-11-16,7.8,7.8,7.62,7.73,437001
2021-11-17,7.73,7.91,7.62,7.87,377395
2021-11-18,7.84,8.3,7.8,8.3,1476685
2021-11-19,8.3,8.47,8.05,8.22,989881
2021-11-22,8.3,9.18,8.26,8.72,1217259
2021-11-23,8.72,8.75,8.33,8.47,535971
2021-11-24,8.47,9.11,8.37,8.93,1497652
2021-11-25,8.82,9.04,8.68,8.75,629619
2021-11-26,8.82,8.86,8.47,8.54,727598
2021-11-29,8.47,8.47,8.12,8.26,744984
2021-11-30,8.3,8.47,8.05,8.15,959778
2021-12-01,8.15,8.19,8.01,8.15,1062354
2021-12-02,8.34,9.13,8.34,8.46,458554
2021-12-03,8.66,8.66,8.14,8.22,394777
2021-12-06,8.22,8.22,7.74,7.9,301238
2021-12-07,7.9,8.06,7.78,7.94,304218
2021-12-08,7.94,8.14,7.9,7.98,190202
2021-12-09,7.94,8.02,7.86,8.02,166815
2021-12-10,7.94,8.1,7.9,7.94,193178
2021-12-13,7.98,7.98,7.86,7.9,321030
2021-12-14,7.94,7.94,7.82,7.86,201638
2021-12-15,7.9,7.98,7.78,7.9,270569
2021-12-16,7.9,7.94,7.78,7.82,208502
2021-12-17,7.82,7.9,7.74,7.82,249839
2021-12-20,7.86,7.86,7.66,7.74,244437
2021-12-21,7.74,7.74,7.54,7.66,365614
2021-12-22,7.62,7.62,7.42,7.5,415063
2021-12-23,7.54,7.7,7.39,7.39,315376
2021-12-24,7.46,7.74,7.39,7.66,197000
2021-12-27,7.7,7.74,7.58,7.62,150664
2021-12-28,7.62,7.7,7.54,7.62,202426
2021-12-29,7.66,7.74,7.58,7.66,188383
2021-12-30,7.66,7.78,7.66,7.7,166486
2021-12-31,7.7,7.9,7.7,7.82,310025
2022-01-04,7.82,8.02,7.82,7.86,272936
2022-01-05,7.9,7.9,7.78,7.86,321501
2022-01-06,7.82,8.58,7.74,8.3,1268194
2022-01-07,8.34,8.5,8.22,8.3,352989
2022-01-10,8.26,8.3,7.98,7.98,224378
2022-01-11,7.98,7.98,7.78,7.86,401424
2022-01-12,7.86,8.02,7.66,8.02,324242
2022-01-13,8.14,8.42,7.98,8.1,665563
2022-01-14,8.1,8.1,7.66,7.98,262983
2022-01-17,7.94,7.98,7.66,7.66,204831
2022-01-18,7.66,7.66,7.42,7.54,360340
2022-01-19,7.54,7.62,7.46,7.46,146042
2022-01-20,7.46,7.54,7.42,7.54,236505
2022-01-21,7.54,7.78,7.54,7.62,137370
2022-01-24,7.66,7.66,7.46,7.5,228700
2022-01-25,7.46,7.62,7.39,7.62,172824
2022-01-26,7.74,7.9,7.54,7.86,314505
2022-01-27,7.82,7.9,7.74,7.78,119952
2022-01-28,7.82,7.9,7.78,7.86,115022
2022-02-07,7.9,8.02,7.86,7.98,215012
2022-02-08,7.98,8.06,7.9,8.02,290066
2022-02-09,8.02,8.18,8.02,8.1,414557
2022-02-10,8.1,8.18,8.06,8.18,701828
2022-02-11,8.18,8.26,8.14,8.22,606037
2022-02-14,8.22,8.22,7.98,8.06,473428
2022-02-15,8.06,8.06,7.94,8.02,243100
2022-02-16,8.02,8.1,7.98,8.06,213361
2022-02-17,8.06,8.22,8.06,8.14,214587
2022-02-18,8.14,8.26,8.06,8.22,465370
2022-02-21,8.18,8.22,8.1,8.18,151819
2022-02-22,8.14,8.14,8.02,8.14,215853
2022-02-23,8.1,8.26,8.1,8.22,221869
2022-02-24,8.22,8.26,7.98,8.1,496328
2022-02-25,8.06,8.26,8.02,8.18,310220
2022-02-28,8.18,8.18,8.1,8.1,140703
2022-03-01,8.06,8.14,8.06,8.1,213040
2022-03-02,8.06,8.1,7.94,7.98,347012
2022-03-03,7.98,8.06,7.98,8.06,144500
2022-03-04,8.06,8.1,7.98,7.98,224400
2022-03-07,7.98,8.02,7.9,7.94,225572
2022-03-08,7.9,7.9,7.82,7.82,281706
2022-03-09,7.82,7.94,7.78,7.82,186494
2022-03-10,7.9,7.9,7.82,7.86,155754
2022-03-11,7.82,7.86,7.74,7.78,212754
2022-03-14,7.78,7.82,7.62,7.7,137836
2022-03-15,7.7,7.74,7.54,7.66,113902
2022-03-16,7.7,7.74,7.66,7.7,128593
2022-03-17,7.7,7.78,7.7,7.74,143483
2022-03-18,7.74,7.86,7.74,7.82,138065
2022-03-21,7.78,7.82,7.74,7.78,118604
2022-03-22,7.74,7.82,7.74,7.78,339982
2022-03-23,7.78,7.86,7.78,7.78,107766
2022-03-24,7.82,7.82,7.74,7.82,192472
2022-03-25,7.82,7.86,7.78,7.82,182146
2022-03-28,7.78,7.82,7.74,7.74,157644
2022-03-29,7.82,8.22,7.7,8.18,649775
2022-03-30,8.18,8.34,7.98,7.94,975269
2022-03-31,8.14,8.22,8.1,8.1,216274
2022-04-01,8.1,8.14,8.02,8.18,152828
2022-04-04,8.1,8.26,8.1,8.18,280483
2022-04-05,8.18,8.18,8.02,8.1,197869
2022-04-06,8.06,8.1,7.98,8.1,160078
2022-04-07,7.98,8.02,7.82,7.94,265321
2022-04-08,7.94,7.94,7.78,7.78,152961
2022-04-12,7.86,7.94,7.7,7.86,224806
2022-04-13,7.7,7.82,7.66,7.82,226286
2022-04-14,7.82,7.82,7.66,7.66,209080
2022-04-15,7.7,7.7,7.46,7.5,319616
2022-04-18,7.5,7.5,7.15,7.19,470346
2022-04-19,7.23,7.35,6.99,6.99,300925
2022-04-20,6.99,7.11,6.95,6.99,318113
2022-04-21,6.95,7.03,6.75,6.95,132281
2022-04-22,7.03,7.19,6.87,7.07,154634
2022-04-25,7.11,7.15,6.35,6.35,234028
2022-04-26,6.55,6.83,6.27,6.67,111668
2022-04-27,6.67,6.79,6.59,6.75,147095
2022-04-28,6.71,6.87,6.67,6.79,120734
2022-04-29,6.83,7.11,6.83,7.11,81677
2022-05-04,7.07,7.15,6.95,6.95,119128
2022-05-05,7.03,7.03,6.83,6.87,78758
2022-05-06,6.87,6.87,6.59,6.67,164015
2022-05-09,6.71,6.71,6.27,6.43,238660
2022-05-10,6.43,6.59,6.27,6.47,114839
2022-05-11,6.55,6.63,6.47,6.47,20732
2022-05-12,6.55,6.55,6.19,6.47,64083
2022-05-13,6.27,6.27,5.56,5.72,209465
2022-05-16,5.88,6.15,5.76,5.84,50929
2022-05-17,5.76,6.27,5.76,6.23,84773
2022-05-18,6.15,6.23,6.04,6.11,64464
2022-05-19,6.11,6.11,5.88,6.0,152670
2022-05-20,6.07,6.07,6.0,6.0,40911
2022-05-23,6.07,6.15,5.96,6.0,73842
2022-05-24,6.04,6.07,5.96,6.0,81900
2022-05-25,6.04,6.11,5.96,6.07,127640
2022-05-26,6.07,6.15,6.07,6.11,58886
2022-05-27,6.11,6.15,6.07,6.11,66881
2022-05-30,6.15,6.51,6.15,6.43,238920
2022-05-31,6.31,6.31,6.23,6.23,123806
2022-06-01,6.27,6.27,6.19,6.27,85283
2022-06-02,6.23,6.27,6.07,6.11,84041
2022-06-03,6.15,6.19,6.04,6.15,25674
2022-06-06,6.04,6.07,5.96,6.0,68186
2022-06-07,5.96,6.04,5.92,5.96,71015
2022-06-08,5.96,6.23,5.96,6.07,62723
2022-06-09,6.15,6.15,6.04,6.07,23733
2022-06-10,6.07,6.07,5.96,6.04,101000
2022-06-13,5.96,5.96,5.76,5.8,193077
2022-06-14,5.88,5.88,5.64,5.72,42855
2022-06-15,5.72,5.72,5.48,5.64,45127
2022-06-16,5.6,5.68,5.6,5.64,37083
2022-06-17,5.56,5.56,5.28,5.28,91648
2022-06-20,5.28,5.36,5.08,5.16,83923
2022-06-21,5.16,5.16,5.0,5.04,82110
2022-06-22,5.0,5.28,5.0,5.28,59885
2022-06-23,5.2,5.36,5.16,5.32,53605
2022-06-24,5.36,5.36,5.28,5.36,34913
2022-06-27,5.32,5.36,5.2,5.36,51101
2022-06-28,5.4,5.48,5.32,5.48,115668
2022-06-29,5.44,5.48,5.36,5.48,62704
2022-06-30,5.44,5.48,5.4,5.4,73324
2022-07-01,5.4,5.4,5.16,5.36,45880
2022-07-04,5.32,5.4,5.32,5.36,40716
2022-07-05,5.36,5.44,5.32,5.32,68333
2022-07-06,5.28,5.4,5.28,5.32,77798
2022-07-07,5.32,5.32,5.28,5.28,42259
2022-07-08,5.32,5.4,5.32,5.36,23591
2022-07-11,5.36,5.36,5.32,5.36,48305
2022-07-12,5.36,5.44,5.32,5.4,20749
2022-07-13,5.4,5.52,5.36,5.4,73526
2022-07-14,5.44,5.52,5.44,5.52,48596
2022-07-15,5.52,5.68,5.52,5.64,82467
2022-07-18,5.56,5.68,5.48,5.6,38958
2022-07-19,5.56,5.64,5.56,5.6,31384
2022-07-20,5.64,5.68,5.6,5.68,75485
2022-07-21,5.6,5.72,5.6,5.64,30420
2022-07-22,5.68,5.72,5.68,5.68,49591
2022-07-25,5.72,5.72,5.6,5.64,43821
2022-07-26,5.68,5.68,5.64,5.64,32324
2022-07-27,5.64,5.72,5.6,5.64,38929
2022-07-28,5.76,5.76,5.64,5.68,41962
2022-07-29,5.72,5.72,5.6,5.68,38702
2022-08-01,5.68,5.76,5.68,5.72,71852
2022-08-02,5.72,5.88,5.72,5.76,24751
2022-08-03,5.72,5.76,5.52,5.72,660127
2022-08-04,5.76,5.8,5.68,5.76,82551
2022-08-05,5.72,5.76,5.64,5.68,21418
2022-08-08,5.72,5.84,5.68,5.84,235789
2022-08-09,5.84,5.96,5.8,5.92,310626
2022-08-10,5.88,5.96,5.84,5.88,117107
2022-08-11,5.88,5.92,5.8,5.88,108991
2022-08-12,5.88,5.88,5.8,5.8,55409
2022-08-15,5.8,6.0,5.8,5.92,214870
2022-08-16,5.92,5.92,5.88,5.92,25320
2022-08-17,5.88,5.92,5.8,5.84,79077
2022-08-18,5.76,5.88,5.72,5.8,82054
2022-08-19,5.8,5.84,5.8,5.84,20503
2022-08-22,5.8,5.84,5.72,5.76,108354
2022-08-23,5.8,5.8,5.68,5.8,114629
2022-08-24,5.8,5.84,5.76,5.84,81095
2022-08-25,5.84,5.88,5.8,5.8,118971
2022-08-26,5.88,5.88,5.84,5.88,160824
2022-08-29,5.72,5.8,5.68,5.76,90010
2022-08-30,5.76,5.88,5.76,5.8,68369
2022-08-31,5.88,5.88,5.76,5.76,58312
2022-09-05,5.76,5.84,5.76,5.76,82233
2022-09-06,5.76,5.8,5.72,5.72,117535
2022-09-07,5.76,5.76,5.64,5.68,128913
2022-09-08,5.68,5.72,5.56,5.64,128304
2022-09-09,5.6,5.64,5.6,5.64,122493
2022-09-12,5.64,5.64,5.56,5.6,13113
2022-09-13,5.76,5.76,5.6,5.6,25856
2022-09-14,5.6,5.6,5.48,5.52,200449
2022-09-15,5.48,5.52,5.44,5.44,82053
2022-09-16,5.44,5.48,5.28,5.32,160362
2022-09-19,5.36,5.36,5.12,5.12,69022
2022-09-20,5.2,5.28,5.08,5.2,22535
2022-09-21,5.12,5.2,5.12,5.16,29512
2022-09-22,5.16,5.16,5.08,5.16,34439
2022-09-23,5.12,5.2,5.12,5.2,23499
2022-09-26,5.2,5.2,4.92,5.08,55199
2022-09-27,5.04,5.08,5.04,5.08,10549
2022-09-28,5.08,5.12,5.0,5.0,13294
2022-09-29,5.0,5.16,5.0,5.0,99443
2022-09-30,5.08,5.08,4.88,5.0,81662
2022-10-03,4.92,4.96,4.61,4.65,52383
2022-10-04,4.76,4.76,4.57,4.65,96348
2022-10-05,4.69,4.8,4.69,4.76,27583
2022-10-06,4.76,4.8,4.65,4.69,160238
2022-10-07,4.65,4.65,4.33,4.45,139084
2022-10-10,4.45,4.84,4.29,4.45,31091
2022-10-11,4.37,4.53,4.13,4.25,268352
2022-10-12,4.17,4.53,4.17,4.49,59566
2022-10-13,4.49,4.61,4.49,4.49,67683
2022-10-14,4.53,4.8,4.49,4.65,80993
2022-10-17,4.76,4.88,4.69,4.69,181354
2022-10-18,4.84,4.88,4.76,4.8,123177
2022-10-19,4.81,5.07,4.81,5.02,202812
2022-10-20,5.07,5.07,4.92,4.97,80485
2022-10-21,4.92,4.92,4.66,4.86,137157
2022-10-24,4.81,4.81,4.56,4.61,122931
2022-10-25,4.61,4.61,4.4,4.61,61995
2022-10-26,4.51,4.61,4.4,4.45,81352
2022-10-27,4.45,4.56,4.4,4.56,110304
2022-10-28,4.61,4.66,4.56,4.61,62745
2022-10-31,4.66,4.66,4.45,4.51,75457
2022-11-01,4.56,4.61,4.51,4.56,42064
2022-11-02,4.56,4.61,4.56,4.56,26809
2022-11-03,4.61,4.61,4.56,4.56,52152
2022-11-04,4.61,4.61,4.4,4.51,71792
2022-11-07,4.51,4.51,4.35,4.45,74690
2022-11-08,4.35,4.4,4.25,4.35,42168
2022-11-09,4.35,4.51,4.35,4.35,56084
2022-11-10,4.4,4.4,4.15,4.15,64647
2022-11-11,4.3,4.35,4.15,4.3,73107
2022-11-14,4.1,4.2,3.94,4.1,69710
2022-11-15,3.58,3.84,3.58,3.69,81453
2022-11-16,3.58,3.99,3.33,3.94,96329
2022-11-17,3.99,4.15,3.84,3.94,104210
2022-11-18,4.04,4.04,3.84,3.94,76294
2022-11-21,3.94,4.04,3.94,3.94,53833
2022-11-22,3.94,4.1,3.84,4.04,96813
2022-11-23,4.04,4.1,3.94,4.04,52278
2022-11-24,3.94,4.04,3.89,3.94,26813
2022-11-25,4.04,4.04,3.94,4.04,95169
2022-11-28,4.04,4.25,4.04,4.2,105922
2022-11-29,4.2,4.3,4.1,4.3,85202
2022-11-30,4.3,4.45,4.3,4.35,82656
2022-12-01,4.45,4.56,4.45,4.45,79866
2022-12-02,4.51,4.56,4.3,4.51,137397
2022-12-05,4.61,4.92,4.51,4.92,279142
2022-12-06,4.92,4.97,4.56,4.61,432770
2022-12-07,4.61,4.71,4.51,4.61,94302
2022-12-08,4.66,4.92,4.66,4.81,161017
2022-12-09,4.66,4.76,4.61,4.61,67273
2022-12-12,4.71,4.76,4.61,4.61,60498
2022-12-13,4.71,4.71,4.51,4.66,100366
2022-12-14,4.71,4.71,4.56,4.56,64894
2022-12-15,4.56,4.66,4.56,4.61,74360
2022-12-16,4.51,4.66,4.51,4.61,48915
2022-12-19,4.66,4.66,4.56,4.56,46732
2022-12-20,4.56,4.61,4.4,4.45,92756
2022-12-21,4.61,4.61,4.35,4.45,62164
2022-12-22,4.51,4.56,4.4,4.51,49817
2022-12-23,4.51,4.51,4.4,4.51,15798
2022-12-26,4.51,4.51,4.3,4.3,149352
2022-12-27,4.35,4.45,4.25,4.45,107063
2022-12-28,4.4,4.45,4.3,4.4,43566
2022-12-29,4.35,4.35,4.25,4.3,38565
2022-12-30,4.3,4.35,4.25,4.3,26612
2023-01-03,4.3,4.45,4.25,4.4,203067
2023-01-04,4.56,4.86,4.51,4.76,412897
2023-01-05,4.76,4.81,4.66,4.81,98823
2023-01-06,4.81,4.86,4.71,4.76,93886
2023-01-09,4.76,4.86,4.61,4.61,73807
2023-01-10,4.66,4.71,4.56,4.56,75540
2023-01-11,4.61,4.66,4.56,4.61,30703
2023-01-12,4.66,4.66,4.56,4.61,33581
2023-01-13,4.61,4.61,4.56,4.61,66154
2023-01-16,4.61,4.66,4.56,4.61,35053
2023-01-17,4.61,4.71,4.61,4.71,81154
2023-01-18,4.76,4.81,4.66,4.81,118787
2023-01-19,4.81,4.92,4.71,4.92,104001
2023-01-27,4.86,5.22,4.86,5.22,200702
2023-01-30,5.17,5.58,5.17,5.53,366493
2023-01-31,5.53,5.53,5.22,5.48,188000
2023-02-01,5.48,5.63,5.27,5.32,223370
2023-02-02,5.38,5.38,5.22,5.22,185029
2023-02-03,5.27,5.27,5.12,5.27,70574
2023-02-06,5.27,5.32,5.17,5.27,47783
2023-02-07,5.27,5.32,5.12,5.12,116606
2023-02-08,5.17,5.22,5.07,5.22,67547
2023-02-09,5.12,5.17,5.07,5.07,79264
2023-02-10,5.12,5.12,5.02,5.07,90380
2023-02-13,5.07,5.07,4.86,4.92,123815
2023-02-14,4.97,4.97,4.86,4.92,20569
2023-02-15,4.92,5.02,4.92,4.97,49554
2023-02-16,5.12,5.12,4.97,5.12,23474
2023-02-17,5.07,5.07,4.97,5.02,34823
2023-02-20,5.12,5.12,5.02,5.12,103057
2023-02-21,5.12,5.22,5.07,5.07,115707
2023-02-22,5.12,5.12,4.97,4.97,30658
2023-02-23,4.97,5.02,4.86,4.86,52391
2023-02-24,4.92,4.97,4.86,4.92,52147
2023-02-27,4.92,4.92,4.81,4.81,105944
2023-02-28,4.92,5.02,4.86,4.97,55693
2023-03-01,4.97,5.02,4.86,5.02,91729
2023-03-02,5.02,5.17,5.02,5.02,173366
2023-03-03,5.17,5.17,5.02,5.02,33759
2023-03-06,5.12,5.12,5.02,5.07,28370
2023-03-07,5.12,5.12,5.02,5.07,15499
2023-03-08,5.02,5.07,4.97,5.07,29110
2023-03-09,5.02,5.07,5.02,5.07,27790
2023-03-10,5.07,5.07,5.02,5.07,19388
2023-03-13,5.07,5.07,4.97,4.97,97587
2023-03-14,4.97,5.02,4.92,4.97,42041
2023-03-15,4.97,5.17,4.97,5.17,135628
2023-03-16,5.07,5.12,5.02,5.12,68162
2023-03-17,5.12,5.22,5.07,5.17,143117
2023-03-20,5.17,5.17,5.07,5.07,79509
2023-03-21,5.17,5.17,5.07,5.17,35780
2023-03-22,5.12,5.17,5.12,5.12,27717
2023-03-23,5.12,5.17,5.07,5.07,34223
2023-03-24,5.12,5.12,5.02,5.12,66028
2023-03-27,5.12,5.17,5.07,5.12,42545
2023-03-28,5.12,5.17,5.12,5.12,50728
2023-03-29,5.12,5.12,5.07,5.12,32452
2023-03-30,5.17,5.17,5.12,5.17,33982
2023-03-31,5.12,5.12,5.07,5.12,77047
2023-04-03,5.17,5.22,5.12,5.22,125077
2023-04-04,5.22,5.22,5.17,5.17,100781
2023-04-05,5.22,5.22,5.17,5.22,45601
2023-04-06,5.22,5.32,5.17,5.22,193998
2023-04-07,5.22,5.27,5.17,5.22,56669
2023-04-10,5.27,5.32,5.22,5.22,129962
2023-04-11,5.27,5.32,5.17,5.27,72882
2023-04-12,5.22,5.38,5.22,5.32,140455
2023-04-13,5.32,5.48,5.32,5.43,155603
2023-04-14,5.43,5.43,5.32,5.38,113036
2023-04-17,5.38,5.43,5.27,5.38,39682
2023-04-18,5.32,5.38,5.27,5.27,65219
2023-04-19,5.32,5.32,5.22,5.27,111284
2023-04-20,5.27,5.27,5.22,5.27,22890
2023-04-21,5.27,5.27,5.22,5.22,45994
2023-04-24,5.27,5.38,5.12,5.17,86884
2023-04-25,5.22,5.22,5.17,5.22,57095
2023-04-26,5.17,5.22,5.12,5.22,80218
2023-04-27,5.22,5.22,5.12,5.22,55357
2023-04-28,5.22,5.22,5.17,5.22,140680
2023-05-04,5.27,5.43,5.27,5.27,105556
2023-05-05,5.32,5.48,5.32,5.43,231753
2023-05-08,5.43,5.58,5.43,5.48,241856
2023-05-09,5.48,5.58,5.48,5.48,149112
2023-05-10,5.48,5.58,5.48,5.58,59942
2023-05-11,5.53,5.58,5.48,5.53,166768
2023-05-12,5.58,5.73,5.53,5.73,344448
2023-05-15,5.73,5.99,5.73,5.99,490478
2023-05-16,5.99,6.25,5.94,6.14,654784
2023-05-17,6.14,6.14,5.99,5.99,351393
2023-05-18,5.99,6.3,5.89,6.14,270653
2023-05-19,6.04,6.14,5.94,6.04,325565
2023-05-22,6.04,6.2,5.99,5.99,517941
2023-05-23,6.04,6.09,5.94,6.09,651398
2023-05-24,6.04,6.04,5.94,6.04,575359
2023-05-25,6.04,6.04,5.99,6.04,596750
2023-05-26,5.99,6.09,5.99,5.99,114103
2023-05-29,6.04,6.09,5.99,6.09,227229
2023-05-30,6.09,6.09,6.04,6.04,207300
2023-05-31,6.04,6.25,5.99,6.25,410112
2023-06-01,6.25,6.66,6.25,6.66,1075006
2023-06-02,6.66,7.01,6.55,6.71,832404
2023-06-05,6.81,7.07,6.76,6.76,491426
2023-06-06,6.81,6.91,6.76,6.86,347212
2023-06-07,6.81,6.91,6.71,6.81,378470
2023-06-08,6.76,6.86,6.66,6.66,385082
2023-06-09,6.71,6.76,6.66,6.71,181946
2023-06-12,6.71,6.76,6.6,6.66,176124
2023-06-13,6.66,6.76,6.66,6.66,160861
2023-06-14,6.71,6.86,6.66,6.86,370969
2023-06-15,6.81,6.96,6.81,6.81,97762
2023-06-16,6.86,6.91,6.86,6.91,212979
2023-06-19,6.91,6.96,6.86,6.91,228518
2023-06-20,6.91,6.91,6.81,6.86,310693
2023-06-21,6.86,6.91,6.86,6.91,200412
2023-06-22,6.91,7.07,6.91,6.96,598685
2023-06-23,7.01,7.27,6.96,7.22,561789
2023-06-26,7.27,7.42,7.12,7.27,490041
2023-06-27,7.32,7.32,7.12,7.17,408085
2023-06-28,7.17,7.32,7.12,7.22,576073
2023-06-29,7.27,7.32,7.22,7.22,407433
2023-06-30,7.27,7.27,7.17,7.22,148820
2023-07-03,7.37,7.68,7.27,7.58,905720
2023-07-04,7.53,7.78,7.48,7.73,509732
2023-07-05,7.68,7.78,7.63,7.68,682477
2023-07-06,7.87,8.64,7.81,7.94,997136
2023-07-07,8.0,8.0,7.74,7.81,294515
2023-07-10,7.81,7.87,7.74,7.81,236018
2023-07-11,7.81,7.94,7.74,7.81,220694
2023-07-12,7.87,7.94,7.74,7.87,372944
2023-07-13,7.87,7.94,7.81,7.87,85349
2023-07-14,7.87,8.0,7.81,7.87,545291
2023-07-17,7.87,7.94,7.81,7.94,246386
2023-07-18,7.94,8.0,7.87,7.94,108975
2023-07-19,7.94,8.32,7.94,8.19,367421
2023-07-20,8.19,8.19,8.13,8.19,155479
2023-07-21,8.19,8.26,8.13,8.19,256847
2023-07-24,8.19,8.19,7.94,8.06,591428
2023-07-25,8.0,8.26,8.0,8.13,241949
2023-07-26,8.13,8.13,8.0,8.13,104586
2023-07-27,8.13,8.13,7.87,8.06,149767
2023-07-28,7.94,8.0,7.87,7.94,302484
2023-07-31,8.0,8.0,7.81,7.94,235415
2023-08-01,7.87,8.13,7.87,8.06,478563
2023-08-02,8.06,8.32,8.06,8.26,580392
2023-08-03,8.26,8.77,8.26,8.64,639635
2023-08-04,8.64,8.64,8.51,8.58,143348
2023-08-07,8.58,8.77,8.58,8.64,380925
2023-08-08,8.64,8.64,8.45,8.51,483150
2023-08-09,8.51,8.58,8.32,8.45,292704
2023-08-10,8.45,8.58,8.32,8.38,303520
2023-08-11,8.38,8.45,8.19,8.38,241965
2023-08-14,8.38,8.58,8.13,8.45,176416
2023-08-15,8.58,8.58,8.32,8.38,203504
2023-08-16,8.51,8.51,8.32,8.38,100546
2023-08-17,8.38,8.38,8.32,8.38,81565
2023-08-18,8.38,8.38,7.74,7.81,680426
2023-08-21,7.94,7.94,7.68,7.74,219545
2023-08-22,7.81,7.81,7.55,7.74,285906
2023-08-23,7.74,7.87,7.74,7.87,151018
2023-08-24,7.94,8.0,7.81,8.0,236191
2023-08-25,8.0,8.32,8.0,8.19,479453
2023-08-28,8.13,8.51,8.13,8.45,466088
2023-08-29,8.38,8.64,8.38,8.45,524363
2023-08-30,8.51,8.58,8.45,8.58,290485
2023-08-31,8.58,8.58,8.45,8.51,317418
2023-09-05,8.51,8.64,8.51,8.58,563072
2023-09-06,8.64,8.64,8.45,8.64,780714
2023-09-07,8.64,9.09,8.64,8.96,2107837
2023-09-08,8.96,9.02,8.9,8.96,502539
2023-09-11,8.96,9.22,8.83,8.96,975752
2023-09-12,8.96,9.02,8.83,9.02,647374
2023-09-13,8.9,9.22,8.9,9.09,528743
2023-09-14,9.15,9.47,9.15,9.28,772773
2023-09-15,9.28,9.28,9.15,9.22,344853
2023-09-18,9.22,9.28,8.96,9.09,546962
2023-09-19,9.09,9.92,9.09,9.73,1128815
2023-09-20,9.73,10.11,9.66,9.86,591440
2023-09-21,9.92,9.98,9.41,9.47,1820814
2023-09-22,9.54,9.66,9.28,9.47,860017
2023-09-25,9.47,9.6,8.96,9.22,418324
2023-09-26,9.22,9.28,8.9,9.02,652069
2023-09-27,9.02,9.09,8.58,9.02,464511
2023-09-28,9.02,9.15,8.9,9.02,243616
2023-09-29,9.09,9.15,8.96,9.02,181575
2023-10-02,9.02,9.15,9.02,9.09,197124
2023-10-03,9.02,9.02,8.7,8.9,438366
2023-10-04,8.83,8.96,8.7,8.96,166399
2023-10-05,8.9,9.09,8.83,8.83,141154
2023-10-06,8.83,8.96,8.77,8.9,272071
2023-10-09,8.9,8.9,8.64,8.7,453385
2023-10-10,8.77,8.83,8.77,8.83,129519
2023-10-11,8.83,8.83,8.64,8.77,149370
2023-10-12,8.64,8.9,8.64,8.77,118551
2023-10-13,8.83,8.83,8.64,8.64,241075
2023-10-16,8.7,8.77,8.51,8.51,198308
2023-10-17,8.64,8.77,8.51,8.58,404324
2023-10-18,8.64,8.77,8.38,8.58,561099
2023-10-19,8.58,8.64,8.26,8.45,260306
2023-10-20,8.51,8.58,8.26,8.45,358597
2023-10-23,8.45,8.51,8.26,8.45,105971
2023-10-24,8.45,8.58,8.38,8.58,357009
2023-10-25,8.45,8.58,8.45,8.58,570108
2023-10-26,8.38,8.51,8.13,8.38,924939
2023-10-27,8.32,8.51,8.32,8.51,453191
2023-10-30,8.38,8.83,8.26,8.38,352486
2023-10-31,8.51,8.83,8.32,8.32,414460
2023-11-01,8.58,8.83,8.32,8.64,397911
2023-11-02,8.64,9.09,8.58,9.09,577555
2023-11-03,9.09,9.28,9.02,9.15,417033
2023-11-06,9.09,9.34,9.09,9.28,373389
2023-11-07,9.28,9.28,8.96,9.15,462238
2023-11-08,9.09,9.34,8.96,9.34,639244
2023-11-09,9.28,9.6,9.09,9.28,567053
2023-11-10,9.22,9.22,9.09,9.22,368903
2023-11-13,9.15,9.22,9.02,9.15,445939
2023-11-14,9.15,9.28,9.15,9.22,647686
2023-11-15,9.28,9.73,9.28,9.41,776372
2023-11-16,9.41,9.47,9.28,9.47,327681
2023-11-17,9.41,9.47,9.09,9.22,443622
2023-11-20,9.15,9.28,9.02,9.22,258863
2023-11-21,9.22,9.22,9.09,9.22,332287
2023-11-22,9.22,9.22,9.02,9.15,324722
2023-11-23,9.15,9.22,8.9,8.9,714628
2023-11-24,8.96,9.15,8.83,9.15,430664
2023-11-27,9.15,9.15,8.9,8.96,280479
2023-11-28,9.02,9.09,8.83,9.09,327673
2023-11-29,9.02,9.02,8.9,9.02,204680
2023-11-30,8.96,9.02,8.83,8.9,298118
2023-12-01,8.9,8.96,8.83,8.96,371326
2023-12-04,8.9,9.09,8.9,9.09,642692
2023-12-05,9.09,9.09,8.96,9.02,289122
2023-12-06,9.02,9.15,8.96,9.15,487541
2023-12-07,9.15,9.28,9.02,9.22,786703
2023-12-08,9.15,9.22,9.09,9.15,607722
2023-12-11,9.22,9.22,9.02,9.15,300678
2023-12-12,9.15,9.15,9.02,9.09,393207
2023-12-13,9.02,9.09,8.96,9.02,577304
2023-12-14,9.02,9.28,9.02,9.22,745664
2023-12-15,9.15,9.28,9.09,9.28,613604
2023-12-18,9.22,9.28,9.15,9.28,329809
2023-12-19,9.22,9.28,9.15,9.28,436815
2023-12-20,9.28,9.47,9.22,9.47,776109
2023-12-21,9.41,9.98,9.34,9.98,1495237
2023-12-22,9.79,10.11,9.73,9.92,552092
2023-12-25,9.92,10.11,9.47,9.73,1329106
2023-12-26,9.66,9.73,9.6,9.73,624476
2023-12-27,9.6,9.92,9.6,9.86,661409
2023-12-28,9.92,9.92,9.73,9.86,382738
2023-12-29,9.92,9.98,9.6,9.79,471041
2024-01-02,9.86,10.11,9.86,10.11,1494380
2024-01-03,10.11,10.24,9.98,10.11,504766
2024-01-04,10.11,10.24,9.98,10.18,1380633
2024-01-05,10.18,10.56,9.92,10.18,1342980
2024-01-08,10.24,10.37,10.05,10.18,831213
2024-01-09,10.3,10.43,9.98,10.18,961287
2024-01-10,10.11,10.18,9.79,9.98,1257842
2024-01-11,10.05,10.24,9.98,10.05,891635
2024-01-12,10.05,10.05,9.86,9.92,974056
2024-01-15,9.92,10.11,9.86,10.05,1254486
2024-01-16,10.05,10.11,9.92,10.05,743011
2024-01-17,10.05,10.11,9.92,9.98,976078
2024-01-18,10.05,10.05,9.98,10.05,851010
2024-01-19,10.05,10.11,9.92,10.05,1176942
2024-01-22,10.05,10.05,9.92,10.05,1011287
2024-01-23,9.98,10.05,9.86,9.98,1133731
2024-01-24,9.98,9.98,9.79,9.92,717732
2024-01-25,9.92,9.98,9.73,9.92,1089437
2024-01-26,9.79,9.92,9.79,9.86,687811
2024-01-29,9.86,9.98,9.86,9.98,519292
2024-01-30,9.98,10.05,9.86,10.05,1640044
2024-01-31,9.98,10.37,9.92,10.05,1711979
2024-02-01,10.05,10.11,9.92,10.11,1046597
2024-02-02,10.05,10.11,9.92,10.05,917091
2024-02-05,10.05,10.18,9.98,10.18,1980257
2024-02-06,10.18,10.3,10.18,10.24,1389450
2024-02-07,10.3,10.37,10.18,10.37,1112071
2024-02-15,10.37,10.56,10.3,10.56,2519665
2024-02-16,10.56,10.56,10.43,10.5,1087990
2024-02-19,10.56,10.69,10.43,10.56,1128016
2024-02-20,10.56,10.69,10.56,10.62,2152780
2024-02-21,10.62,10.75,10.56,10.69,1918085
2024-02-22,10.69,10.69,10.56,10.62,1327429
2024-02-23,10.62,10.75,10.5,10.62,1893036
2024-02-26,10.62,10.62,10.5,10.62,985225
2024-02-27,10.5,10.62,10.5,10.62,614157
2024-02-28,10.56,10.56,10.5,10.56,1152740
2024-03-08,10.62,10.91,10.62,10.82,5597800
2024-03-11,10.88,10.91,10.43,10.56,1709181
2024-03-12,9.92,10.59,9.92,10.56,2923150
2024-03-13,10.56,10.59,10.27,10.59,2320355
2024-03-14,10.59,10.59,10.34,10.53,1142978
2024-03-15,10.5,10.53,10.34,10.53,1673374
2024-03-18,10.37,10.53,10.18,10.3,1166966
2024-03-19,10.3,10.3,10.18,10.3,1031891
2024-03-20,10.24,10.37,10.18,10.37,716205
2024-03-21,10.37,10.46,10.3,10.37,2854295
2024-03-22,10.43,10.43,10.27,10.3,1187731
2024-03-25,10.3,10.37,10.3,10.34,999759
2024-03-26,10.34,10.4,10.3,10.4,1132795
2024-03-27,10.46,10.5,10.37,10.5,1460792
2024-03-28,10.5,10.56,10.46,10.56,1570048
2024-03-29,10.59,10.69,10.56,10.66,2535217
2024-04-01,10.66,10.69,10.56,10.59,1088843
2024-04-02,10.59,10.59,10.43,10.43,1166469
2024-04-03,10.46,10.46,10.24,10.24,1083723
2024-04-04,10.24,10.37,10.21,10.24,1136218
2024-04-05,10.18,10.24,10.11,10.24,848498
2024-04-08,10.24,10.24,10.14,10.14,884343
2024-04-09,10.18,10.21,10.11,10.21,830965
2024-04-10,10.21,10.24,10.11,10.11,1071084
2024-04-11,10.05,10.18,10.05,10.08,676346
2024-04-12,10.18,10.24,10.08,10.24,1685821
2024-04-15,10.24,10.3,9.98,10.02,889028
2024-04-16,10.18,10.18,9.6,10.05,1145451
2024-04-17,10.11,10.11,9.82,10.11,591617
2024-04-19,10.11,10.24,10.02,10.18,1675622
2024-04-22,10.21,10.43,10.11,10.4,1551833
2024-04-23,10.4,10.5,10.37,10.5,1023678
2024-04-24,10.56,10.66,10.5,10.62,1490543
2024-04-25,10.59,10.66,10.5,10.66,1501315
2024-04-26,10.56,10.75,10.56,10.75,1405771
2024-05-02,10.72,10.85,10.62,10.82,951270
2024-05-03,10.85,10.88,10.69,10.78,1137763
2024-05-06,10.75,10.94,10.75,10.88,1597301
2024-05-07,10.85,10.85,10.5,10.75,2058638
2024-05-08,10.72,10.72,10.43,10.59,1465935
2024-05-09,10.59,10.66,10.5,10.59,715475
2024-05-10,10.59,10.59,10.43,10.56,1162488
2024-05-13,10.56,10.59,10.43,10.5,937097
2024-05-14,10.46,10.53,10.43,10.46,1190701
2024-05-15,10.43,10.53,10.4,10.5,1189214
2024-05-16,10.5,10.59,10.46,10.53,1410465
2024-05-17,10.53,10.59,10.5,10.59,1266411
2024-05-20,10.72,10.72,10.5,10.53,1332133
2024-05-21,10.53,10.53,10.37,10.46,1147660
2024-05-22,10.46,10.53,10.3,10.5,1153720
2024-05-23,10.5,10.5,10.3,10.43,922158
2024-05-24,10.3,10.43,10.18,10.37,1134456
2024-05-27,10.24,10.37,10.21,10.27,791543
2024-05-28,10.3,10.37,10.18,10.24,1070716
2024-05-29,10.18,10.24,10.05,10.21,1950945
2024-05-30,10.18,10.18,9.95,10.08,2121903
2024-05-31,10.02,10.18,10.02,10.18,871957
2024-06-03,10.24,10.3,10.18,10.3,1592219
2024-06-04,10.3,10.4,10.27,10.34,1203924
2024-06-05,10.34,10.37,10.27,10.34,770580
2024-06-06,10.3,10.4,10.27,10.37,1299151
2024-06-07,10.37,10.56,10.34,10.56,1758379
2024-06-10,10.56,10.72,10.56,10.66,1110124
2024-06-11,10.62,10.66,10.43,10.53,1285288
2024-06-12,10.5,10.59,10.37,10.56,1420680
2024-06-13,10.53,10.59,10.43,10.59,2526623
2024-06-14,10.56,10.69,10.53,10.56,1981481
2024-06-17,10.43,10.59,10.4,10.53,1446602
2024-06-18,10.56,10.59,10.43,10.53,1260307
2024-06-19,10.5,10.53,10.27,10.4,1116380
2024-06-20,10.3,10.43,10.24,10.24,528716
2024-06-21,10.27,10.34,10.11,10.21,820027
2024-06-24,10.21,10.27,10.05,10.14,1127081
2024-06-25,10.18,10.27,10.08,10.21,734893
2024-06-26,10.21,10.27,10.08,10.14,809555
2024-06-27,10.14,10.21,10.08,10.21,842403
2024-06-28,10.18,10.27,10.14,10.21,796415
2024-07-01,10.24,10.3,10.14,10.27,852984
2024-07-02,10.34,10.43,10.27,10.43,1175231
2024-07-03,10.4,10.5,10.27,10.43,870840
2024-07-04,10.43,10.53,10.37,10.5,1344755
2024-07-05,10.5,10.53,10.4,10.4,914571
2024-07-08,10.43,10.5,10.37,10.43,1173100
2024-07-09,10.43,10.5,10.4,10.5,1291992
2024-07-10,10.43,10.53,10.43,10.53,1421770
2024-07-11,10.72,11.24,10.72,11.2,3648302
2024-07-12,11.2,11.28,11.04,11.2,1196753
2024-07-15,11.2,11.2,11.0,11.08,1257520
2024-07-16,10.96,11.6,10.96,11.56,3424440
2024-07-17,11.56,12.36,11.56,12.24,2498722
2024-07-18,12.2,12.24,12.0,12.2,2230781
2024-07-19,12.16,12.36,12.08,12.16,1267202
2024-07-22,12.16,12.24,11.88,12.16,1859176
2024-07-23,12.16,12.2,11.44,11.84,2361820
2024-07-24,11.68,11.96,11.68,11.8,1758976
2024-07-25,11.6,11.76,11.48,11.56,765567
2024-07-26,11.88,11.88,11.48,11.52,1450980
2024-07-29,11.52,11.88,11.52,11.72,1306214
2024-07-30,11.68,12.16,11.68,12.08,2971783
2024-07-31,12.08,12.16,12.0,12.12,1244802
2024-08-01,12.12,12.64,12.08,12.32,5214563
2024-08-02,12.24,12.32,12.0,12.2,1383228
2024-08-05,12.0,12.08,11.36,11.6,3004400
2024-08-06,11.52,11.68,11.36,11.64,2022886
2024-08-07,11.6,11.68,11.32,11.52,1627927
2024-08-08,11.48,11.68,11.44,11.56,1264002
2024-08-09,11.6,11.92,11.56,11.92,2239350
2024-08-12,11.92,12.2,11.84,12.12,1892273
2024-08-13,12.08,12.96,12.08,12.96,6033064
2024-08-14,13.04,13.44,13.04,13.36,2412722
2024-08-15,13.36,13.44,13.16,13.32,1756165
2024-08-16,13.36,13.68,13.12,13.36,2875649
2024-08-19,13.4,13.44,13.04,13.24,1594234
2024-08-20,13.28,13.36,12.88,13.12,2217323
2024-08-21,13.04,13.76,12.8,13.64,3422379
2024-08-22,13.96,13.96,13.4,13.48,1096624
2024-08-23,13.48,13.6,13.36,13.36,1425603
2024-08-26,13.4,13.44,12.64,13.08,2737555
2024-08-27,13.08,13.12,12.76,13.0,2198471
2024-08-28,12.92,13.24,12.92,13.2,1414975
2024-08-29,13.2,13.28,12.96,13.0,1057345
2024-08-30,12.96,13.32,12.8,13.2,2838342
2024-09-04,13.04,13.2,12.88,13.04,2339384
2024-09-05,13.04,13.04,12.76,12.92,1627889
2024-09-06,12.8,13.0,12.08,12.96,3145242
2024-09-09,12.8,13.4,12.8,13.2,2850223
2024-09-10,13.16,13.32,13.0,13.04,1096712
2024-09-11,13.04,13.16,12.92,13.04,2027422
2024-09-12,13.04,13.16,12.96,13.0,1151350
2024-09-13,13.04,13.32,13.0,13.2,2364347
2024-09-16,13.16,14.04,13.16,14.0,7496523
2024-09-17,14.0,14.2,13.96,14.08,3046321
2024-09-18,14.08,14.08,13.72,13.92,3739284
2024-09-19,13.92,14.2,13.88,14.0,2127735
2024-09-20,14.08,14.2,13.48,13.48,6642648
2024-09-23,13.48,13.68,13.2,13.44,5085725
2024-09-24,13.4,14.0,13.32,14.0,4955900
2024-09-25,13.96,14.04,13.56,13.68,3121277
2024-09-26,13.52,13.76,13.36,13.56,3786685
2024-09-27,13.52,13.8,13.4,13.52,2333420
2024-09-30,13.52,13.52,13.04,13.36,2893764
2024-10-01,13.4,13.48,13.2,13.24,2589899
2024-10-02,13.24,13.28,13.12,13.24,1416202
2024-10-03,13.28,13.56,13.2,13.28,1958661
2024-10-04,13.28,13.36,13.12,13.12,1391109
2024-10-07,13.2,13.2,13.0,13.0,1262472
2024-10-08,12.96,13.04,12.88,12.96,1380025
2024-10-09,13.04,13.04,12.84,12.96,1477137
2024-10-10,13.04,13.28,12.96,13.0,1542907
2024-10-11,12.96,13.2,12.96,13.12,1121885
2024-10-14,13.28,13.28,13.04,13.08,1002421
2024-10-15,13.0,13.12,12.88,12.88,1412709
2024-10-16,12.96,12.96,12.56,12.72,1628469
2024-10-17,12.72,12.76,12.6,12.72,1176490
2024-10-18,12.76,12.92,12.72,12.88,1232043
2024-10-21,12.88,12.92,12.76,12.76,1049413
2024-10-22,12.76,12.76,12.4,12.56,1513070
2024-10-23,12.56,12.64,12.48,12.6,1017046
2024-10-24,12.6,12.68,12.48,12.48,946625
2024-10-25,12.44,12.52,12.4,12.48,849280
2024-10-28,12.44,12.64,12.44,12.48,815759
2024-10-29,12.48,12.68,12.48,12.64,769807
2024-10-30,12.68,12.88,12.68,12.84,930731
2024-10-31,12.92,12.92,12.72,12.8,753990
2024-11-01,12.84,12.84,12.64,12.76,1138724
2024-11-04,12.76,12.76,12.4,12.52,779400
2024-11-05,12.4,12.88,12.4,12.72,922316
2024-11-06,12.84,12.84,12.64,12.76,686706
2024-11-07,12.8,12.84,12.68,12.68,779268
2024-11-08,12.68,12.72,12.4,12.48,903339
2024-11-11,12.6,12.64,12.24,12.56,951837
2024-11-12,12.44,12.6,12.32,12.4,914947
2024-11-13,12.32,12.52,12.32,12.4,883457
2024-11-14,12.4,12.4,12.16,12.28,1053031
2024-11-15,12.16,12.36,12.16,12.28,670868
2024-11-18,12.28,12.36,12.16,12.36,539670
2024-11-19,12.36,12.36,12.24,12.36,529319
2024-11-20,12.28,12.4,12.24,12.4,699177
2024-11-21,12.4,12.44,12.28,12.44,746073
2024-11-22,12.48,12.64,12.44,12.6,639133
2024-11-25,12.72,12.72,12.52,12.56,663253
2024-11-26,12.56,12.68,12.56,12.64,767168
2024-11-27,12.64,12.72,12.56,12.64,702374
2024-11-28,12.6,12.68,12.56,12.6,668822
2024-11-29,12.6,12.68,12.56,12.6,1170412
2024-12-02,12.56,12.76,12.56,12.64,1324933
2024-12-03,12.6,13.0,12.6,12.88,1475935
2024-12-04,12.88,12.96,12.8,12.88,1082012
2024-12-05,12.92,12.92,12.68,12.92,1195012
2024-12-06,12.96,12.96,12.68,12.92,1272655
2024-12-09,12.96,13.12,12.88,13.0,1063288
2024-12-10,13.12,13.16,12.96,13.08,1063215
2024-12-11,13.04,13.12,12.92,13.04,1060061
2024-12-12,13.04,13.04,12.92,12.96,1077200
2024-12-13,12.92,12.92,12.68,12.8,1135594
2024-12-16,12.8,12.88,12.68,12.72,1333077
2024-12-17,12.72,12.8,12.64,12.72,1149119
2024-12-18,12.72,12.76,12.56,12.72,1167669
2024-12-19,12.6,12.68,12.48,12.48,1322357
2024-12-20,12.48,12.84,12.4,12.4,2447943
2024-12-23,12.76,12.76,12.52,12.6,1107880
2024-12-24,12.64,12.64,12.52,12.6,1058256
2024-12-25,12.6,12.92,12.56,12.68,4130645
2024-12-26,12.8,12.84,12.64,12.76,1085279
2024-12-27,12.72,12.92,12.72,12.84,3595926
2024-12-30,12.88,12.92,12.8,12.84,4630412
2024-12-31,12.84,12.88,12.72,12.76,829077
2025-01-02,12.8,12.84,12.64,12.76,1278792
2025-01-03,12.68,12.76,12.52,12.52,2691026
2025-01-06,12.52,12.76,12.52,12.64,9810471
2025-01-07,12.64,13.52,12.64,13.52,14738675
2025-01-08,13.52,13.96,13.52,13.64,10496286
2025-01-09,13.68,14.4,13.36,13.64,11783265
2025-01-10,13.64,13.76,13.04,13.16,11659536
2025-01-13,13.12,13.2,12.64,12.96,2188885
2025-01-14,13.04,13.04,12.8,12.88,11235622
2025-01-15,12.92,13.0,12.8,12.84,1165032
2025-01-16,12.96,12.96,12.84,12.88,1038610
2025-01-17,12.88,13.16,12.84,13.12,1382283
2025-01-20,13.2,13.24,13.04,13.2,1002120
2025-01-21,13.16,13.16,12.92,13.08,1265527
2025-01-22,13.04,13.12,12.84,12.96,1265012
2025-01-23,13.0,13.24,13.0,13.12,1092706
2025-01-24,13.12,13.52,13.04,13.52,2513295
2025-02-03,13.48,13.48,13.24,13.24,1203322
2025-02-04,13.24,13.44,13.24,13.4,1388770
2025-02-05,13.4,13.92,13.36,13.84,2359771
2025-02-06,13.92,14.0,13.6,13.64,1724276
2025-02-07,13.6,13.84,13.6,13.72,1858124
2025-02-10,13.76,14.08,13.6,13.92,2205536
2025-02-11,13.8,14.08,13.8,13.96,1269639
2025-02-12,14.0,14.24,13.88,13.92,1655644
2025-02-13,13.92,14.04,13.64,13.88,1433847
2025-02-14,13.88,14.04,13.84,13.84,1335056
2025-02-17,13.84,13.92,13.72,13.8,1390347
2025-02-18,13.76,13.96,13.64,13.76,1579324
2025-02-19,13.68,13.92,13.6,13.76,1923600
2025-02-20,13.76,14.4,13.76,14.28,3764549
2025-02-21,14.32,14.36,14.08,14.16,1207220
2025-02-24,14.08,14.32,14.0,14.2,1551270
2025-02-25,14.2,14.28,13.96,14.12,1870283
2025-02-26,14.08,14.6,14.04,14.48,3322747
2025-02-27,14.48,14.56,14.28,14.32,1593945
2025-02-28,14.16,14.4,14.08,14.16,1557542
2025-03-03,14.16,14.16,13.2,13.52,4414076
2025-03-04,13.44,13.8,13.44,13.6,3074294
2025-03-05,13.6,13.84,13.56,13.6,1793364
2025-03-06,13.6,13.64,13.44,13.6,2025855
2025-03-07,13.6,13.8,13.6,13.64,2309149
2025-03-10,13.68,13.92,13.64,13.8,2122131
2025-03-11,13.76,14.04,13.64,14.04,2962325
2025-03-12,14.0,14.24,14.0,14.08,2505214
2025-03-13,14.12,14.32,14.0,14.08,3285726
2025-03-14,14.0,14.12,13.92,14.08,1214261
2025-03-17,14.16,15.04,14.16,15.0,6268060
2025-03-18,15.0,15.12,14.84,14.84,3755234
2025-03-19,14.88,14.88,14.4,14.6,3163346
2025-03-20,14.6,14.72,14.0,14.04,3312041
2025-03-21,14.08,14.12,13.68,13.84,8065741
2025-03-24,13.84,14.0,13.44,13.48,1544592
2025-03-25,13.52,13.8,13.52,13.6,1484494
2025-03-26,13.64,13.72,13.36,13.44,2262743
2025-03-27,13.44,13.64,13.32,13.56,1219385
2025-03-28,13.56,13.68,13.44,13.44,1140555
2025-03-31,13.32,13.44,13.24,13.32,894004
2025-04-01,13.32,13.72,13.32,13.72,1268494
2025-04-02,13.72,13.8,13.64,13.72,1108113
2025-04-03,13.28,13.52,12.76,12.8,2962200
2025-04-04,12.16,13.0,12.08,13.0,1843546
2025-04-08,12.76,12.96,12.24,12.36,1155708
2025-04-09,12.16,12.72,12.0,12.48,1038310
2025-04-10,13.32,13.32,13.32,13.32,1077176
2025-04-11,13.32,13.44,13.0,13.44,1221111
2025-04-14,13.48,13.48,13.08,13.08,1078079
2025-04-15,13.12,13.16,12.2,12.76,1354744
2025-04-16,12.8,13.0,12.8,12.88,754475
2025-04-17,12.8,12.88,12.68,12.72,777450
2025-04-18,12.8,13.2,12.8,13.08,1141890
2025-04-21,12.96,13.12,12.8,13.08,1058378
2025-04-22,13.08,13.08,12.36,12.84,1443497
2025-04-23,12.88,13.04,12.84,12.96,1053462
2025-04-24,12.56,13.08,12.56,13.04,1041848
2025-04-25,13.04,13.28,12.92,13.28,1125257
2025-04-28,13.28,13.36,13.2,13.28,916311
2025-04-29,13.28,13.32,13.2,13.24,1000954
2025-05-05,13.36,13.68,13.32,13.68,1453229
2025-05-06,13.68,13.92,13.68,13.76,1487300
2025-05-07,13.76,13.76,13.56,13.6,1028274
2025-05-08,13.6,13.76,13.6,13.68,1007329
2025-05-09,13.72,13.88,13.6,13.76,1139233
2025-05-12,13.8,13.84,13.72,13.8,1086096
2025-05-13,13.8,13.88,13.68,13.8,1115888
2025-05-14,13.8,13.88,13.76,13.84,1076363
2025-05-15,13.92,14.12,13.8,13.96,2201026
2025-05-16,14.0,14.0,13.56,13.6,1286411
2025-05-19,13.6,13.72,13.52,13.6,1081168
2025-05-20,13.68,13.76,13.52,13.64,1358936
2025-05-21,13.68,13.8,13.56,13.64,1222109
2025-05-22,13.64,13.76,13.6,13.64,1627935
2025-05-23,13.68,14.0,13.64,14.0,2649346
2025-05-26,14.0,14.04,13.72,13.96,1602698
2025-05-27,14.0,14.08,13.76,13.92,1524400
2025-05-28,14.0,14.0,13.72,13.8,2024850
2025-05-29,13.8,13.92,13.64,13.72,1777452
2025-05-30,13.72,13.8,13.32,13.4,1659164
2025-06-02,13.44,13.44,13.08,13.4,1746645
2025-06-03,13.44,13.48,13.28,13.32,1696181
2025-06-04,13.36,13.64,13.32,13.44,2344102
2025-06-05,13.44,13.6,13.32,13.44,1714648
2025-06-06,13.44,13.52,13.32,13.36,1831864
2025-06-09,13.36,13.44,13.2,13.2,1055161
2025-06-10,13.2,13.32,13.2,13.2,1266000
2025-06-11,13.28,13.32,13.08,13.08,1090486
2025-06-12,13.16,13.36,13.12,13.2,1481815
2025-06-13,13.12,13.16,13.0,13.12,1063463
2025-06-16,13.04,13.32,13.04,13.32,1659131
2025-06-17,13.36,13.52,13.32,13.36,1557141
2025-06-18,13.4,13.44,13.24,13.24,1033312
2025-06-19,13.24,13.28,13.12,13.2,1144717
2025-06-20,13.2,13.28,13.08,13.16,1227304
2025-06-23,13.04,13.12,12.92,13.0,1161064
2025-06-24,13.12,13.24,13.0,13.24,1545014
2025-06-25,13.2,13.28,13.12,13.12,1293333
2025-06-26,13.16,13.2,13.08,13.16,1082888
2025-06-27,13.24,13.44,13.24,13.36,1760254
2025-06-30,13.4,13.44,13.32,13.4,1363083
2025-07-01,13.44,13.52,13.4,13.48,2795971
2025-07-02,13.52,13.76,13.52,13.76,3084111
2025-07-03,13.84,13.84,13.52,13.56,3781549
2025-07-04,13.6,13.72,13.6,13.72,2422238
2025-07-07,13.76,14.08,13.76,14.08,3327963
2025-07-08,14.16,14.2,13.96,14.08,2605751
2025-07-09,14.16,14.64,14.08,14.36,3362391
2025-07-10,14.8,14.95,14.65,14.8,2053583
2025-07-11,15.0,15.0,14.7,14.85,1562498
2025-07-14,14.9,14.95,14.55,14.8,1504742
2025-07-15,14.8,14.8,14.45,14.65,2100091
2025-07-16,14.6,14.7,14.5,14.6,1543696
2025-07-17,14.65,14.75,14.5,14.6,1638481
2025-07-18,14.6,14.65,14.45,14.55,1893172
2025-07-21,14.6,14.7,14.5,14.5,1423443
2025-07-22,14.6,14.8,14.45,14.75,1976564
2025-07-23,14.8,15.25,14.8,15.0,2285800
2025-07-24,15.1,15.3,14.95,15.0,1707400
2025-07-25,15.15,15.4,15.0,15.3,2364000
2025-07-28,15.5,15.75,15.45,15.5,2251600
2025-07-29,15.85,15.85,14.8,14.8,2348500
2025-07-30,14.95,15.6,14.85,15.05,2225600
2025-07-31,15.3,15.3,15.0,15.1,1417600
2025-08-01,15.3,15.3,15.0,15.05,1532100
2025-08-04,15.1,15.25,14.9,15.1,1859200
2025-08-05,15.2,15.6,15.2,15.25,3349100
2025-08-06,15.35,15.7,15.35,15.35,1406800
2025-08-07,15.5,15.65,15.3,15.4,2067100
2025-08-08,15.7,15.9,15.5,15.55,2385400
2025-08-11,15.65,15.65,15.45,15.55,1751500
2025-08-12,15.55,15.7,15.5,15.55,2415100
2025-08-13,15.6,15.7,15.35,15.5,2180100
2025-08-14,15.6,16.35,15.55,16.3,4640400
2025-08-15,16.35,16.65,15.7,15.95,2718000
2025-08-18,15.95,16.05,15.6,15.75,1675100
2025-08-19,15.7,15.7,15.55,15.6,2818700
2025-08-20,15.6,16.1,15.5,15.9,3132900
2025-08-21,16.0,16.5,15.25,16.25,6930100
2025-08-22,16.5,17.0,16.25,17.0,7345700
2025-08-25,17.1,17.3,15.9,16.0,4285400
2025-08-26,15.95,16.45,15.65,16.4,5225700
2025-08-27,16.6,16.6,15.85,15.9,3504600
2025-08-28,15.95,16.05,15.8,15.9,2352400
2025-08-29,16.05,16.25,15.9,16.05,2589800
2025-09-03,16.05,16.1,15.9,15.9,1616400
2025-09-04,15.9,16.3,15.9,16.3,3151700
2025-09-05,16.4,16.5,15.9,15.9,3137100
2025-09-08,15.85,15.9,15.5,15.5,3876600
2025-09-09,15.5,15.6,15.35,15.35,1973700
2025-09-10,15.55,15.55,15.3,15.5,1454500
2025-09-11,15.45,15.55,15.1,15.3,1893700
2025-09-12,15.5,15.55,15.3,15.5,1629600
2025-09-15,15.5,15.55,15.3,15.35,2041600
2025-09-16,15.5,15.6,15.35,15.35,1653400
2025-09-17,15.4,15.5,15.2,15.3,2561100
2025-09-18,15.5,15.5,15.1,15.2,2067700
2025-09-19,15.25,15.25,14.8,14.8,2088500
2025-09-22,14.95,15.0,14.8,15.0,2354000
2025-09-23,15.0,15.05,14.85,14.85,1408800
2025-09-24,14.85,14.95,14.75,14.95,1852900
2025-09-25,15.0,15.05,14.95,15.05,1739400
2025-09-26,15.05,15.15,14.85,14.85,1907600
2025-09-29,14.9,14.95,14.7,14.75,1166800
2025-09-30,14.75,14.85,14.65,14.7,1578300
2025-10-01,14.7,15.05,14.65,14.8,2150000
2025-10-02,14.9,15.05,14.75,14.8,1480300
2025-10-03,14.8,15.0,14.75,14.9,1675500
2025-10-06,14.85,15.15,14.85,15.05,1844200
2025-10-07,15.1,15.1,14.85,14.85,1718200
2025-10-08,15.0,15.2,14.95,15.0,1368100
2025-10-09,15.05,15.1,14.95,15.05,1560500
2025-10-10,15.1,15.15,15.05,15.15,1715300
2025-10-13,14.7,15.05,14.7,15.05,1216300
2025-10-14,15.05,15.1,14.75,14.85,2152400
2025-10-15,14.85,15.0,14.8,14.8,1463300
2025-10-16,14.9,14.9,14.7,14.8,1351100
2025-10-17,14.8,14.9,14.75,14.8,1372600
2025-10-20,14.8,14.95,14.05,14.05,2197600
2025-10-21,14.35,14.4,14.0,14.4,2017100
