time,open,high,low,close,volume
2015-08-05,5.94,5.94,5.94,5.94,700
2015-08-06,5.73,5.73,5.73,5.73,3500
2015-08-07,5.46,5.46,5.46,5.46,500
2015-08-10,5.46,5.46,5.46,5.46,200
2015-08-11,5.4,5.46,5.4,5.4,400
2015-08-12,5.46,5.46,5.46,5.46,1000
2015-08-13,5.46,5.46,5.46,5.46,1350
2015-08-14,5.46,5.46,5.46,5.46,2700
2015-08-17,5.46,5.46,5.46,5.46,0
2015-08-18,5.4,5.46,5.4,5.46,5300
2015-08-19,5.46,5.46,5.46,5.46,0
2015-08-20,5.4,5.4,5.4,5.4,1200
2015-08-21,5.46,5.46,5.46,5.46,300
2015-08-24,5.46,5.46,5.46,5.46,0
2015-08-25,5.46,5.46,5.46,5.46,1200
2015-08-26,5.46,5.46,5.46,5.46,1010
2015-08-27,5.46,5.46,5.46,5.46,0
2015-08-28,5.46,5.46,5.46,5.46,0
2015-08-31,5.46,5.46,5.46,5.46,300
2015-09-01,5.46,5.46,5.46,5.46,0
2015-09-03,5.46,5.46,5.46,5.46,0
2015-09-04,5.46,5.46,5.46,5.46,400
2015-09-07,5.46,5.46,5.46,5.46,0
2015-09-08,5.46,5.46,5.46,5.46,600
2015-09-09,5.46,5.46,5.46,5.46,1100
2015-09-10,5.46,5.46,5.46,5.46,0
2015-09-11,5.35,5.35,5.35,5.35,800
2015-09-14,5.35,5.35,5.35,5.35,0
2015-09-15,5.35,5.35,5.35,5.35,0
2015-09-16,5.35,5.35,5.35,5.35,0
2015-09-17,5.35,5.35,5.35,5.35,0
2015-09-18,5.35,5.35,5.35,5.35,0
2015-09-21,5.35,5.35,5.35,5.35,0
2015-09-22,4.55,5.46,4.55,5.46,700
2015-09-23,5.35,5.35,5.35,5.35,145
2015-09-24,5.46,5.46,5.46,5.46,100
2015-09-25,5.35,5.35,5.35,5.35,230
2015-09-28,5.35,5.35,5.35,5.35,10
2015-09-29,5.35,5.35,5.35,5.35,10
2015-09-30,5.46,5.46,5.46,5.46,100
2015-10-01,5.35,5.35,5.35,5.35,1800
2015-10-02,5.35,5.35,5.35,5.35,70
2015-10-05,5.4,5.4,5.4,5.4,100
2015-10-06,5.46,5.46,4.82,4.82,937
2015-10-07,4.82,4.82,4.82,4.82,0
2015-10-08,5.4,5.4,5.4,5.4,200
2015-10-09,5.46,5.46,5.46,5.46,200
2015-10-12,5.46,5.46,5.35,5.35,200
2015-10-13,5.4,5.4,5.35,5.4,3883
2015-10-14,5.4,5.4,5.4,5.4,0
2015-10-15,5.4,5.4,5.4,5.4,3600
2015-10-16,4.82,5.4,4.82,5.08,300
2015-10-19,4.87,5.4,4.82,5.4,7764
2015-10-20,4.82,4.82,4.71,4.71,3545
2015-10-21,4.71,4.71,4.55,4.55,3000
2015-10-22,4.55,4.55,4.55,4.55,50
2015-10-23,4.66,4.66,4.66,4.66,1300
2015-10-26,4.71,4.71,4.71,4.71,1500
2015-10-27,4.66,4.66,4.39,4.39,9300
2015-10-28,4.49,4.49,4.49,4.49,300
2015-10-29,4.49,4.49,4.49,4.49,400
2015-10-30,4.49,4.49,4.49,4.49,0
2015-11-02,4.49,4.49,4.49,4.49,0
2015-11-03,4.92,4.92,4.92,4.92,2000
2015-11-04,4.92,4.92,4.76,4.82,1700
2015-11-05,4.82,4.82,4.82,4.82,0
2015-11-06,4.71,4.71,4.71,4.71,900
2015-11-09,4.71,4.71,4.71,4.71,0
2015-11-10,4.82,4.82,4.82,4.82,3020
2015-11-11,4.82,4.82,4.82,4.82,0
2015-11-12,4.87,4.87,4.87,4.87,200
2015-11-13,4.87,5.14,4.87,5.14,2410
2015-11-16,5.14,5.14,5.14,5.14,0
2015-11-17,5.14,5.14,5.14,5.14,15
2015-11-18,5.14,5.14,5.14,5.14,7600
2015-11-19,5.14,5.14,5.14,5.14,0
2015-11-20,5.14,5.14,5.14,5.14,1600
2015-11-23,4.92,4.92,4.92,4.92,1400
2015-11-24,5.03,5.14,5.03,5.14,6600
2015-11-25,5.35,5.35,5.35,5.35,3800
2015-11-26,5.35,5.35,5.35,5.35,0
2015-11-27,5.19,5.24,5.19,5.24,3000
2015-11-30,5.35,5.35,5.35,5.35,3700
2015-12-01,5.35,5.35,5.35,5.35,900
2015-12-02,5.35,5.73,5.35,5.67,7400
2015-12-03,5.89,5.89,5.89,5.89,100
2015-12-04,5.89,5.89,5.89,5.89,1000
2015-12-07,5.35,5.35,5.35,5.35,520
2015-12-08,5.35,5.35,5.35,5.35,1400
2015-12-09,5.35,5.35,5.35,5.35,0
2015-12-10,5.35,5.35,5.35,5.35,0
2015-12-11,5.35,5.35,5.35,5.35,0
2015-12-14,5.35,5.35,5.35,5.35,0
2015-12-15,5.35,5.35,5.35,5.35,0
2015-12-16,5.35,5.35,5.35,5.35,0
2015-12-17,5.35,5.35,5.35,5.35,300
2015-12-18,5.35,5.35,5.35,5.35,0
2015-12-21,5.4,5.4,5.35,5.35,600
2015-12-22,5.35,5.35,5.35,5.35,1300
2015-12-23,5.35,5.35,5.35,5.35,0
2015-12-24,5.35,5.35,5.35,5.35,0
2015-12-25,5.35,5.35,5.35,5.35,30
2015-12-28,5.35,5.35,5.35,5.35,0
2015-12-29,5.62,5.62,5.35,5.62,2900
2015-12-30,5.62,5.62,5.62,5.62,600
2015-12-31,5.62,5.62,5.62,5.62,1000
2016-01-04,5.89,5.89,5.35,5.35,2000
2016-01-05,5.83,5.83,5.83,5.83,200
2016-01-06,5.62,5.62,5.62,5.62,2500
2016-01-07,5.83,5.83,5.83,5.83,400
2016-01-08,5.89,5.89,5.89,5.89,9000
2016-01-11,6.15,6.15,5.89,5.99,4100
2016-01-12,5.99,5.99,5.99,5.99,0
2016-01-13,5.62,5.62,5.62,5.62,750
2016-01-14,5.89,5.89,5.89,5.89,4000
2016-01-15,5.89,5.89,5.62,5.62,1300
2016-01-18,5.62,5.62,5.62,5.62,0
2016-01-19,5.62,5.62,5.62,5.62,0
2016-01-20,5.73,5.73,5.73,5.73,100
2016-01-21,5.73,5.73,5.73,5.73,0
2016-01-22,5.73,5.73,5.73,5.73,0
2016-01-25,5.73,5.73,5.73,5.73,0
2016-01-26,5.73,5.73,5.73,5.73,0
2016-01-27,5.35,5.35,5.35,5.35,700
2016-01-28,5.35,5.35,5.35,5.35,12
2016-01-29,5.35,5.35,5.35,5.35,50
2016-02-01,5.62,5.62,5.46,5.46,3300
2016-02-02,5.46,5.46,5.46,5.46,100
2016-02-03,5.46,5.46,5.46,5.46,0
2016-02-04,5.51,5.51,5.51,5.51,500
2016-02-05,5.51,5.51,5.51,5.51,0
2016-02-15,5.51,5.51,5.51,5.51,0
2016-02-16,5.51,5.51,5.51,5.51,0
2016-02-17,6.26,6.26,6.15,6.15,1300
2016-02-18,6.15,6.15,5.89,5.89,1100
2016-02-19,5.89,5.89,5.89,5.89,1000
2016-02-22,5.35,5.99,5.35,5.99,370
2016-02-23,5.99,5.99,5.99,5.99,0
2016-02-24,5.89,5.89,5.89,5.89,1000
2016-02-25,5.89,5.99,5.89,5.99,2600
2016-02-26,5.99,5.99,5.99,5.99,0
2016-02-29,5.62,5.62,5.62,5.62,655
2016-03-01,5.62,5.62,5.62,5.62,80
2016-03-02,6.05,6.05,6.05,6.05,1000
2016-03-03,6.05,6.05,5.94,5.94,5560
2016-03-04,5.99,5.99,5.99,5.99,900
2016-03-07,5.99,5.99,5.99,5.99,0
2016-03-08,5.89,5.89,5.89,5.89,1300
2016-03-09,5.89,5.89,5.89,5.89,0
2016-03-10,5.89,5.89,5.89,5.89,5300
2016-03-11,5.89,5.89,5.89,5.89,500
2016-03-14,5.89,5.89,5.89,5.89,0
2016-03-15,5.89,5.89,5.89,5.89,403
2016-03-16,5.89,5.89,5.89,5.89,6900
2016-03-17,5.89,5.94,5.89,5.94,900
2016-03-18,5.94,5.94,5.94,5.94,35
2016-03-21,5.94,5.94,5.94,5.94,0
2016-03-22,5.94,5.94,5.94,5.94,0
2016-03-23,6.05,6.1,6.05,6.1,2200
2016-03-24,5.99,6.1,5.99,6.1,3212
2016-03-25,6.1,6.1,6.1,6.1,0
2016-03-28,6.1,6.1,6.1,6.1,0
2016-03-29,6.05,6.05,6.05,6.05,2600
2016-03-30,6.05,6.05,6.05,6.05,1500
2016-03-31,6.05,6.05,6.05,6.05,2800
2016-04-01,6.05,6.1,6.05,6.1,4500
2016-04-04,6.1,6.1,6.1,6.1,1000
2016-04-05,6.05,6.1,6.05,6.1,12200
2016-04-06,6.1,6.15,6.1,6.15,700
2016-04-07,6.15,6.15,6.15,6.15,0
2016-04-08,6.15,6.15,6.15,6.15,0
2016-04-11,6.15,6.15,6.15,6.15,0
2016-04-12,6.1,6.1,6.1,6.1,1000
2016-04-13,6.1,6.1,6.1,6.1,2900
2016-04-14,6.1,6.1,6.1,6.1,1700
2016-04-15,6.1,6.1,6.1,6.1,0
2016-04-19,6.1,6.1,6.1,6.1,0
2016-04-20,6.1,6.1,6.1,6.1,0
2016-04-21,6.1,6.1,6.1,6.1,1700
2016-04-22,6.1,6.1,6.1,6.1,100
2016-04-25,6.1,6.1,6.1,6.1,0
2016-04-26,6.1,6.1,6.1,6.1,0
2016-04-27,6.15,6.15,6.15,6.15,1000
2016-04-28,6.15,6.15,6.15,6.15,100
2016-04-29,6.15,6.15,6.15,6.15,2200
2016-05-04,6.15,6.15,6.15,6.15,0
2016-05-05,6.15,6.15,6.15,6.15,100
2016-05-06,6.05,6.05,6.05,6.05,821
2016-05-09,6.05,6.05,6.05,6.05,0
2016-05-10,6.1,6.1,6.1,6.1,500
2016-05-11,6.1,6.1,6.1,6.1,905
2016-05-12,6.26,6.26,6.26,6.26,5084
2016-05-13,6.37,6.37,6.37,6.37,2000
2016-05-16,6.42,6.42,6.42,6.42,5061
2016-05-17,6.42,6.42,6.26,6.26,200
2016-05-18,6.26,6.26,6.26,6.26,0
2016-05-19,6.26,6.26,6.26,6.26,0
2016-05-20,6.26,6.37,6.26,6.37,3300
2016-05-23,6.37,6.37,6.37,6.37,26
2016-05-24,6.37,6.37,6.37,6.37,0
2016-05-25,6.66,6.72,6.66,6.72,8714
2016-05-26,6.66,6.66,6.66,6.66,600
2016-05-27,6.66,6.66,6.66,6.66,2900
2016-05-30,6.66,6.66,6.66,6.66,1900
2016-05-31,6.66,6.66,6.66,6.66,60
2016-06-01,6.66,6.66,6.66,6.66,100
2016-06-02,6.66,6.66,6.66,6.66,0
2016-06-03,6.26,6.32,6.26,6.32,400
2016-06-06,6.66,7.11,6.66,7.11,1200
2016-06-07,7.11,7.11,7.11,7.11,100
2016-06-08,7.11,7.11,7.11,7.11,0
2016-06-09,7.11,7.11,7.11,7.11,3000
2016-06-10,7.11,7.11,6.37,6.83,3600
2016-06-13,6.37,6.37,6.37,6.37,1210
2016-06-14,6.37,6.37,6.37,6.37,25
2016-06-15,6.37,6.37,6.37,6.37,0
2016-06-16,6.37,6.37,6.37,6.37,0
2016-06-17,6.55,6.55,6.55,6.55,590
2016-06-20,6.72,6.83,6.55,6.83,500
2016-06-21,6.55,6.83,6.55,6.83,200
2016-06-22,6.6,7.11,5.75,7.11,4082
2016-06-23,6.49,6.49,6.43,6.43,600
2016-06-24,6.55,6.55,6.55,6.55,225
2016-06-27,6.55,6.55,6.55,6.55,0
2016-06-28,7.4,7.4,7.11,7.23,1290
2016-06-29,7.23,7.23,7.23,7.23,5
2016-06-30,6.66,6.66,6.66,6.66,200
2016-07-01,6.66,6.66,6.66,6.66,30
2016-07-04,6.83,6.83,6.83,6.83,400
2016-07-05,6.66,6.72,6.66,6.72,1800
2016-07-06,6.66,6.66,6.66,6.66,10700
2016-07-07,6.83,6.83,6.83,6.83,400
2016-07-08,6.83,6.83,6.83,6.83,0
2016-07-11,6.83,6.83,6.83,6.83,400
2016-07-12,6.83,6.83,6.83,6.83,0
2016-07-13,6.83,6.83,6.83,6.83,0
2016-07-14,6.66,6.77,6.66,6.77,2500
2016-07-15,6.66,6.77,6.66,6.77,4510
2016-07-18,6.77,6.77,6.77,6.77,15
2016-07-19,6.66,6.66,6.66,6.66,300
2016-07-20,6.72,6.72,6.72,6.72,320
2016-07-21,6.72,6.72,6.72,6.72,310
2016-07-22,6.72,6.72,6.72,6.72,44
2016-07-25,6.72,6.72,6.66,6.66,700
2016-07-26,6.72,6.83,6.72,6.77,3450
2016-07-27,6.77,6.77,6.77,6.77,0
2016-07-28,6.77,6.77,6.77,6.77,0
2016-07-29,6.77,6.77,6.77,6.77,0
2016-08-01,7.0,7.0,7.0,7.0,1900
2016-08-02,6.72,6.72,6.72,6.72,1900
2016-08-03,6.55,6.83,5.98,5.98,8100
2016-08-04,5.98,5.98,5.98,5.98,0
2016-08-05,6.37,6.94,6.37,6.37,3725
2016-08-08,6.37,6.43,5.81,5.81,28247
2016-08-09,5.81,5.81,5.81,5.81,0
2016-08-10,5.81,5.81,5.81,5.81,0
2016-08-11,6.26,6.26,6.26,6.26,600
2016-08-12,6.26,0.0,0.0,0.0,0
2016-08-15,6.26,6.26,6.26,6.26,0
2016-08-16,6.6,6.6,6.6,6.6,1000
2016-08-17,6.15,6.15,6.15,6.15,1800
2016-08-18,6.15,6.15,6.15,6.15,2550
2016-08-19,6.6,6.6,6.6,6.6,500
2016-08-22,6.6,6.6,6.6,6.6,11047
2016-08-23,6.6,6.6,6.6,6.6,0
2016-08-24,6.6,6.6,6.6,6.6,60
2016-08-25,6.6,6.6,6.6,6.6,0
2016-08-26,6.26,6.26,6.26,6.26,500
2016-08-29,6.26,6.26,6.26,6.26,0
2016-08-30,6.26,6.26,6.26,6.26,0
2016-08-31,5.98,5.98,5.98,5.98,125
2016-09-01,5.98,5.98,5.98,5.98,0
2016-09-05,5.98,5.98,5.98,5.98,0
2016-09-06,6.26,6.26,6.26,6.26,800
2016-09-07,6.26,6.26,6.26,6.26,0
2016-09-08,6.26,6.26,6.26,6.26,0
2016-09-09,6.26,6.26,6.26,6.26,0
2016-09-12,6.26,6.26,6.26,6.26,0
2016-09-13,6.26,6.26,6.26,6.26,0
2016-09-14,6.55,6.55,6.55,6.55,1200
2016-09-15,6.55,6.55,6.55,6.55,0
2016-09-16,6.55,6.55,6.55,6.55,0
2016-09-19,6.55,6.55,6.55,6.55,0
2016-09-20,6.55,6.55,6.55,6.55,0
2016-09-21,6.55,6.55,6.55,6.55,0
2016-09-22,6.55,6.55,6.55,6.55,0
2016-09-23,6.55,6.55,6.55,6.55,0
2016-09-26,6.37,6.37,6.15,6.15,1725
2016-09-27,6.15,6.15,6.15,6.15,0
2016-09-28,6.26,6.26,6.26,6.26,200
2016-09-29,6.26,6.26,6.26,6.26,1200
2016-09-30,6.37,6.37,6.37,6.37,4000
2016-10-03,6.37,6.37,6.37,6.37,1000
2016-10-04,6.37,6.37,6.37,6.37,38
2016-10-05,6.37,6.37,6.37,6.37,0
2016-10-06,6.37,6.37,6.37,6.37,1020
2016-10-07,6.37,6.37,6.37,6.37,4600
2016-10-10,6.37,6.37,6.37,6.37,0
2016-10-11,5.69,5.69,5.69,5.69,100
2016-10-12,5.69,5.69,5.69,5.69,38
2016-10-13,5.69,5.69,5.69,5.69,600
2016-10-14,5.69,5.69,5.69,5.69,0
2016-10-17,6.26,6.26,6.26,6.26,125
2016-10-18,6.26,6.26,6.26,6.26,300
2016-10-19,6.26,6.26,6.26,6.26,400
2016-10-20,6.26,6.26,6.26,6.26,750
2016-10-21,6.26,6.26,6.26,6.26,300
2016-10-24,6.26,6.26,6.26,6.26,0
2016-10-25,6.26,6.26,6.26,6.26,0
2016-10-26,6.15,6.15,6.15,6.15,1021
2016-10-27,6.15,6.15,6.15,6.15,50
2016-10-28,6.15,6.15,6.15,6.15,0
2016-10-31,6.15,6.15,5.98,5.98,2659
2016-11-01,6.15,6.15,6.15,6.15,200
2016-11-02,6.26,6.26,6.15,6.15,1400
2016-11-03,6.15,6.15,6.15,6.15,50
2016-11-04,6.15,6.26,6.15,6.26,1503
2016-11-07,6.26,6.26,6.26,6.26,130
2016-11-08,6.15,6.15,6.15,6.15,300
2016-11-09,6.26,6.26,6.26,6.26,600
2016-11-10,6.26,6.26,6.26,6.26,800
2016-11-11,6.26,6.26,6.26,6.26,12
2016-11-14,6.2,6.26,6.2,6.26,2780
2016-11-15,6.15,6.15,6.15,6.15,1270
2016-11-16,6.15,6.15,6.15,6.15,0
2016-11-17,6.15,6.15,6.15,6.15,800
2016-11-18,6.15,6.15,6.15,6.15,2538
2016-11-21,5.98,6.15,5.98,6.15,500
2016-11-22,6.15,6.15,6.09,6.09,2000
2016-11-23,6.15,6.15,6.15,6.15,200
2016-11-24,6.15,6.15,6.15,6.15,0
2016-11-25,6.15,6.15,6.15,6.15,0
2016-11-28,6.15,6.15,6.15,6.15,0
2016-11-29,6.15,6.15,6.15,6.15,0
2016-11-30,6.15,6.2,6.15,6.2,1000
2016-12-01,6.26,6.26,6.26,6.26,100
2016-12-02,6.26,6.26,6.26,6.26,700
2016-12-05,6.26,6.26,6.26,6.26,35
2016-12-06,6.2,6.2,6.2,6.2,400
2016-12-07,6.15,6.15,6.15,6.15,600
2016-12-08,6.15,6.15,6.15,6.15,468
2016-12-09,6.15,6.15,6.15,6.15,0
2016-12-12,6.15,6.15,6.15,6.15,500
2016-12-13,6.15,6.15,6.15,6.15,0
2016-12-14,6.15,6.15,6.15,6.15,0
2016-12-15,6.15,6.15,6.15,6.15,0
2016-12-16,6.26,6.26,6.26,6.26,775
2016-12-19,6.26,6.26,6.26,6.26,5
2016-12-20,6.32,6.32,6.32,6.32,1000
2016-12-21,6.26,6.26,6.26,6.26,913
2016-12-22,6.26,6.26,6.26,6.26,0
2016-12-23,6.26,6.26,6.26,6.26,0
2016-12-26,6.26,6.26,6.26,6.26,0
2016-12-27,6.43,6.43,6.43,6.43,155
2016-12-28,6.37,6.37,6.37,6.37,1200
2016-12-29,6.37,6.37,6.37,6.37,0
2017-01-09,6.26,6.26,6.26,6.26,5000
2017-01-10,6.26,6.26,6.26,6.26,742
2017-01-11,6.26,6.26,6.26,6.26,600
2017-01-12,6.26,6.26,6.26,6.26,0
2017-01-13,6.26,6.26,6.26,6.26,100
2017-01-16,6.55,6.55,6.55,6.55,400
2017-01-17,6.49,6.49,6.49,6.49,800
2017-01-18,6.55,6.55,6.55,6.55,100
2017-01-19,6.55,6.55,6.55,6.55,1520
2017-01-20,6.43,6.43,6.43,6.43,600
2017-01-23,6.43,6.43,6.43,6.43,0
2017-01-24,6.55,6.55,6.55,6.55,7000
2017-01-25,6.55,6.55,6.55,6.55,0
2017-02-02,6.55,6.55,6.55,6.55,0
2017-02-03,6.6,6.83,6.6,6.83,6100
2017-02-06,6.83,6.83,6.83,6.83,0
2017-02-07,6.83,6.83,6.83,6.83,20
2017-02-08,6.89,6.89,6.89,6.89,700
2017-02-09,6.89,6.89,6.89,6.89,0
2017-02-10,6.72,7.28,6.72,6.89,490
2017-02-13,6.89,6.89,6.89,6.89,0
2017-02-14,6.89,6.89,6.89,6.89,0
2017-02-15,6.89,6.89,6.83,6.83,1000
2017-02-16,6.83,6.83,6.83,6.83,0
2017-02-17,6.83,6.83,6.83,6.83,0
2017-02-20,6.83,6.83,6.83,6.83,0
2017-02-21,6.83,6.83,6.83,6.83,0
2017-02-22,6.77,6.77,6.77,6.77,900
2017-02-23,6.77,6.77,6.77,6.77,0
2017-02-24,6.83,6.83,6.55,6.55,2675
2017-02-27,6.55,6.55,6.55,6.55,0
2017-02-28,6.55,6.55,6.55,6.55,0
2017-03-01,6.55,6.55,6.55,6.55,0
2017-03-02,7.17,7.17,7.17,7.17,100
2017-03-03,7.17,7.17,7.17,7.17,0
2017-03-06,7.17,7.17,7.17,7.17,0
2017-03-07,7.17,7.17,7.17,7.17,0
2017-03-08,7.34,7.34,7.34,7.34,900
2017-03-09,7.34,7.34,7.34,7.34,0
2017-03-10,7.34,7.34,7.34,7.34,0
2017-03-13,7.34,7.34,7.34,7.34,0
2017-03-14,7.34,7.34,7.34,7.34,0
2017-03-15,7.11,7.34,7.11,7.34,4900
2017-03-16,7.34,7.34,7.34,7.34,0
2017-03-17,7.34,7.34,7.34,7.34,0
2017-03-20,7.34,7.34,7.34,7.34,0
2017-03-21,7.34,7.34,7.34,7.34,0
2017-03-22,7.34,7.34,7.34,7.34,0
2017-03-23,6.94,6.94,6.94,6.94,900
2017-03-24,6.94,6.94,6.94,6.94,0
2017-03-27,6.26,6.26,6.26,6.26,17655
2017-03-28,6.89,6.89,6.89,6.89,3000
2017-03-29,6.89,6.89,6.89,6.89,0
2017-03-30,6.94,6.94,6.89,6.94,13450
2017-03-31,7.0,7.11,7.0,7.11,800
2017-04-03,7.11,7.11,7.11,7.11,1000
2017-04-04,7.34,7.34,7.34,7.34,10600
2017-04-05,7.34,7.34,7.34,7.34,4800
2017-04-07,7.34,7.34,7.34,7.34,50
2017-04-10,7.34,7.34,7.34,7.34,0
2017-04-11,7.34,7.34,7.34,7.34,500
2017-04-12,7.34,7.34,7.34,7.34,0
2017-04-13,7.34,7.34,7.34,7.34,146
2017-04-14,7.4,7.4,7.4,7.4,700
2017-04-17,7.11,7.11,7.11,7.11,500
2017-04-18,7.4,7.4,7.4,7.4,500
2017-04-19,7.4,7.4,7.4,7.4,600
2017-04-20,7.4,7.4,7.4,7.4,0
2017-04-21,7.4,7.4,7.4,7.4,40
2017-04-24,7.4,7.4,7.4,7.4,0
2017-04-25,7.4,7.4,7.4,7.4,0
2017-04-26,7.4,7.4,7.4,7.4,100
2017-04-27,7.4,7.4,7.4,7.4,0
2017-04-28,7.4,7.4,7.4,7.4,0
2017-05-03,7.4,7.4,7.4,7.4,7
2017-05-04,7.4,7.4,7.4,7.4,0
2017-05-05,7.4,7.4,7.4,7.4,0
2017-05-08,7.17,7.17,7.17,7.17,325
2017-05-09,7.17,7.17,7.17,7.17,2683
2017-05-10,7.17,7.17,7.17,7.17,716
2017-05-11,7.17,7.17,7.17,7.17,0
2017-05-12,7.17,7.17,7.17,7.17,0
2017-05-15,7.11,7.11,7.11,7.11,1701
2017-05-16,7.11,7.11,7.11,7.11,0
2017-05-17,7.11,7.11,7.11,7.11,900
2017-05-18,7.11,7.11,7.11,7.11,100
2017-05-19,7.11,7.11,7.11,7.11,0
2017-05-22,7.11,7.11,7.11,7.11,86
2017-05-23,7.11,7.11,7.11,7.11,0
2017-05-24,7.17,7.17,7.17,7.17,400
2017-05-25,7.0,7.0,7.0,7.0,1388
2017-05-26,7.06,7.06,7.06,7.06,790
2017-05-29,7.06,7.06,7.06,7.06,0
2017-05-30,7.17,7.17,7.17,7.17,1350
2017-05-31,7.68,7.68,7.68,7.68,600
2017-06-01,7.68,7.68,7.68,7.68,0
2017-06-02,7.91,7.97,7.91,7.97,2400
2017-06-05,7.97,7.97,7.97,7.97,75
2017-06-06,7.97,7.97,7.97,7.97,0
2017-06-07,8.08,8.08,8.08,8.08,300
2017-06-08,8.08,8.08,8.08,8.08,0
2017-06-09,7.68,7.68,7.68,7.68,400
2017-06-12,7.85,8.37,7.85,8.37,2120
2017-06-13,7.97,7.97,7.97,7.97,500
2017-06-14,8.25,8.25,8.25,8.25,500
2017-06-15,7.51,7.51,7.46,7.46,1250
2017-06-16,8.2,8.2,8.2,8.2,1825
2017-06-19,8.54,8.54,8.54,8.54,575
2017-06-20,8.54,8.54,8.54,8.54,45
2017-06-21,8.54,8.54,8.54,8.54,2400
2017-06-22,7.74,7.97,7.74,7.91,1050
2017-06-23,7.91,7.91,7.91,7.91,0
2017-06-26,8.54,8.54,8.02,8.02,4850
2017-06-27,8.71,8.71,8.71,8.71,100
2017-06-28,9.56,9.56,9.56,9.56,100
2017-06-29,9.56,9.56,9.56,9.56,100
2017-06-30,8.71,8.71,8.71,8.71,1170
2017-07-03,8.71,8.71,8.71,8.71,0
2017-07-04,8.71,8.71,8.71,8.71,0
2017-07-05,7.97,9.11,7.97,9.11,2713
2017-07-06,9.11,9.11,9.11,9.11,0
2017-07-07,9.11,9.11,9.11,9.11,1600
2017-07-10,9.11,9.11,9.11,9.11,0
2017-07-11,9.11,9.11,9.11,9.11,1700
2017-07-12,10.02,10.02,10.02,10.02,100
2017-07-13,10.98,10.98,9.39,10.87,1200
2017-07-14,10.24,10.24,10.24,10.24,620
2017-07-17,9.85,10.24,9.85,10.24,1300
2017-07-18,9.79,9.79,9.79,9.79,500
2017-07-19,9.39,9.39,9.39,9.39,500
2017-07-20,9.39,9.39,9.39,9.39,0
2017-07-21,9.68,9.68,9.45,9.45,800
2017-07-24,9.39,9.39,9.39,9.39,600
2017-07-25,9.5,9.5,9.5,9.5,675
2017-07-26,9.5,9.5,9.5,9.5,0
2017-07-27,9.62,9.62,9.5,9.5,1400
2017-07-28,9.5,9.5,9.5,9.5,145
2017-07-31,9.68,9.68,9.68,9.68,1180
2017-08-01,9.62,9.62,9.39,9.39,777
2017-08-02,9.39,10.24,9.39,10.24,1100
2017-08-03,10.24,10.24,10.24,10.24,0
2017-08-04,9.5,10.24,9.39,10.24,1473
2017-08-07,9.68,9.68,9.68,9.68,100
2017-08-08,10.24,10.24,10.19,10.19,6016
2017-08-09,10.19,11.16,9.68,10.19,5340
2017-08-10,10.19,10.24,10.19,10.24,875
2017-08-11,9.39,10.24,9.22,10.24,450
2017-08-14,9.28,10.13,9.28,9.39,530
2017-08-15,9.39,10.19,9.39,9.39,402
2017-08-16,9.39,10.13,9.16,9.28,1730
2017-08-17,9.33,10.19,9.33,10.19,5108
2017-08-18,9.87,11.14,9.44,10.17,2588
2017-08-21,9.44,9.44,9.38,9.38,2698
2017-08-22,9.2,10.05,9.08,10.05,1168
2017-08-23,9.69,9.99,9.26,9.26,1200
2017-08-24,9.69,9.69,9.69,9.69,188
2017-08-25,9.93,9.93,9.93,9.93,100
2017-08-28,9.93,9.93,9.93,9.93,0
2017-08-29,9.2,9.2,9.2,9.2,236
2017-08-30,9.2,9.2,9.2,9.2,2800
2017-08-31,9.2,9.2,9.2,9.2,0
2017-09-01,9.26,9.57,9.26,9.26,5300
2017-09-05,9.08,9.26,9.08,9.26,2200
2017-09-06,9.08,9.08,9.08,9.08,1500
2017-09-07,9.08,9.08,9.08,9.08,70
2017-09-08,9.5,9.5,9.14,9.5,550
2017-09-11,9.14,9.14,9.08,9.08,1600
2017-09-12,9.14,9.14,9.14,9.14,750
2017-09-13,9.2,9.2,9.14,9.14,2340
2017-09-14,9.14,9.14,9.08,9.14,3000
2017-09-15,9.14,9.14,9.14,9.14,318
2017-09-18,9.08,9.2,9.08,9.2,1050
2017-09-19,9.08,9.08,9.08,9.08,949
2017-09-20,9.08,9.08,9.08,9.08,700
2017-09-21,9.08,9.5,9.08,9.5,260
2017-09-22,9.08,9.08,9.08,9.08,200
2017-09-25,9.08,9.08,9.08,9.08,850
2017-09-26,9.08,9.08,9.08,9.08,700
2017-09-27,9.08,9.63,9.08,9.63,200
2017-09-28,9.08,9.38,9.08,9.38,3100
2017-09-29,9.08,9.08,8.96,8.96,2000
2017-10-02,8.96,9.02,8.96,9.02,1100
2017-10-03,8.96,8.96,8.96,8.96,300
2017-10-04,8.96,8.96,8.84,8.9,1500
2017-10-05,8.9,8.9,8.9,8.9,64
2017-10-06,8.9,9.57,8.9,9.38,1707
2017-10-09,8.96,9.5,8.96,9.5,7707
2017-10-10,9.5,9.5,9.5,9.5,0
2017-10-11,9.02,9.44,9.02,9.44,10340
2017-10-12,9.38,9.44,8.84,8.84,8000
2017-10-13,8.84,9.08,8.84,9.08,2007
2017-10-16,9.08,9.08,9.08,9.08,1610
2017-10-17,8.96,9.14,8.96,9.14,770
2017-10-18,9.08,9.08,9.08,9.08,746
2017-10-19,8.84,8.9,8.84,8.9,920
2017-10-20,8.9,8.9,8.9,8.9,0
2017-10-23,8.9,8.9,8.84,8.9,4232
2017-10-24,8.9,8.9,8.84,8.84,4020
2017-10-25,9.02,9.02,9.02,9.02,155
2017-10-26,8.84,8.84,8.84,8.84,130
2017-10-27,8.84,9.08,8.84,9.08,310
2017-10-30,8.78,8.96,8.66,8.78,5015
2017-10-31,8.78,8.78,8.78,8.78,6000
2017-11-01,8.66,8.78,8.54,8.66,1609
2017-11-02,8.54,8.54,8.17,8.17,3120
2017-11-03,8.96,8.96,8.66,8.66,230
2017-11-06,8.66,8.66,8.66,8.66,2
2017-11-07,8.72,8.78,8.54,8.66,7068
2017-11-08,8.66,8.66,8.6,8.6,3354
2017-11-09,8.35,8.66,8.35,8.66,644
2017-11-10,8.66,8.96,8.48,8.54,29083
2017-11-13,8.48,8.66,8.48,8.54,1020
2017-11-14,8.54,8.72,8.54,8.54,1208
2017-11-15,8.9,8.9,8.9,8.9,100
2017-11-16,8.9,8.9,8.9,8.9,500
2017-11-17,8.78,8.9,8.78,8.9,1100
2017-11-20,8.35,8.84,8.17,8.66,5249
2017-11-21,9.08,9.08,8.78,8.78,11404
2017-11-22,9.32,9.32,8.78,9.02,2529
2017-11-23,9.32,9.32,9.02,9.32,1000
2017-11-24,9.38,9.38,9.08,9.32,1725
2017-11-27,9.38,9.5,9.38,9.5,1920
2017-11-28,9.38,9.44,9.38,9.44,1400
2017-11-29,9.38,9.38,9.38,9.38,200
2017-11-30,9.5,9.57,9.5,9.57,412
2017-12-01,9.57,9.69,9.38,9.63,1600
2017-12-04,9.69,9.93,9.57,9.57,1045
2017-12-05,9.93,9.93,9.63,9.63,500
2017-12-06,10.53,10.53,9.08,9.87,810
2017-12-07,9.69,9.69,9.38,9.63,2474
2017-12-08,8.72,9.57,8.72,9.57,720
2017-12-11,9.57,9.57,9.57,9.57,0
2017-12-12,9.57,9.57,9.57,9.57,70
2017-12-13,9.38,9.38,8.78,9.32,5600
2017-12-14,9.26,9.26,9.02,9.02,7634
2017-12-15,9.02,9.02,9.02,9.02,300
2017-12-18,9.02,9.02,8.78,8.96,2492
2017-12-19,8.96,8.96,8.78,8.78,1400
2017-12-20,8.9,9.2,8.9,9.2,1300
2017-12-21,8.66,8.84,8.66,8.78,5210
2017-12-22,9.32,9.32,8.72,9.2,800
2017-12-25,8.78,9.14,8.78,8.78,12000
2017-12-26,8.78,9.2,8.78,9.2,11400
2017-12-27,9.2,9.2,9.2,9.2,0
2017-12-28,9.14,9.14,9.14,9.14,4335
2017-12-29,9.08,9.08,9.08,9.08,5000
2018-01-02,9.2,9.2,8.78,9.14,4140
2018-01-03,9.14,9.14,9.08,9.08,300
2018-01-04,9.63,9.63,9.08,9.2,4200
2018-01-05,9.02,9.14,9.02,9.02,6360
2018-01-08,9.14,9.14,9.14,9.14,100
2018-01-09,9.14,9.14,9.14,9.14,0
2018-01-10,9.08,9.08,9.08,9.08,600
2018-01-11,9.08,9.08,9.08,9.08,0
2018-01-12,9.08,9.14,8.84,9.14,4000
2018-01-15,9.08,9.08,9.08,9.08,1300
2018-01-16,8.78,9.57,8.48,9.57,768
2018-01-17,9.08,9.08,9.08,9.08,1300
2018-01-18,9.08,9.2,9.08,9.2,3931
2018-01-19,9.2,9.32,9.2,9.32,200
2018-01-22,9.32,9.32,9.32,9.32,59
2018-01-23,9.44,9.44,9.2,9.2,293
2018-01-24,9.2,9.2,9.2,9.2,0
2018-01-25,9.2,9.2,9.2,9.2,200
2018-01-26,9.44,9.44,9.44,9.44,100
2018-01-29,9.44,9.44,9.44,9.44,0
2018-01-30,9.69,9.69,8.9,8.9,300
2018-01-31,9.08,9.08,9.08,9.08,1100
2018-02-01,9.08,9.08,8.9,8.9,1300
2018-02-02,9.2,9.2,8.9,8.9,10300
2018-02-05,8.9,8.9,8.9,8.9,100
2018-02-06,9.14,9.14,8.48,8.48,850
2018-02-07,8.78,8.78,8.78,8.78,100
2018-02-08,8.78,8.78,8.78,8.78,58
2018-02-09,8.6,8.78,8.6,8.78,3950
2018-02-12,8.78,8.78,8.78,8.78,0
2018-02-13,8.78,8.96,8.78,8.96,5100
2018-02-21,8.96,8.96,8.96,8.96,0
2018-02-22,8.96,8.96,8.96,8.96,60
2018-02-23,8.96,8.96,8.96,8.96,74
2018-02-26,8.96,8.96,8.96,8.96,3400
2018-02-27,9.63,9.63,9.63,9.63,152
2018-02-28,9.63,9.63,9.63,9.63,0
2018-03-01,9.63,9.63,9.63,9.63,0
2018-03-02,9.63,9.63,9.63,9.63,0
2018-03-05,9.08,9.81,9.08,9.81,2500
2018-03-06,9.81,9.81,9.81,9.81,0
2018-03-07,9.81,9.81,9.81,9.81,0
2018-03-08,9.08,9.08,9.08,9.08,1100
2018-03-09,9.08,9.87,9.08,9.87,2875
2018-03-12,9.87,9.87,9.87,9.87,20
2018-03-13,9.87,9.87,9.87,9.87,0
2018-03-14,9.87,9.87,9.87,9.87,0
2018-03-15,9.87,9.87,9.87,9.87,5058
2018-03-16,9.87,9.87,9.87,9.87,0
2018-03-19,9.87,9.87,9.87,9.87,0
2018-03-20,9.38,9.38,9.38,9.38,1000
2018-03-21,9.08,9.38,9.08,9.38,1400
2018-03-22,9.08,9.38,9.08,9.38,300
2018-03-23,9.38,9.38,9.38,9.38,544
2018-03-26,9.38,9.38,9.38,9.38,48
2018-03-27,9.38,9.38,9.38,9.38,0
2018-03-28,9.38,9.38,9.38,9.38,0
2018-03-29,9.81,9.81,9.69,9.69,300
2018-03-30,9.69,9.69,9.69,9.69,200
2018-04-02,9.69,9.69,9.69,9.69,206
2018-04-03,9.69,9.69,9.69,9.69,950
2018-04-04,9.69,9.69,9.69,9.69,0
2018-04-05,9.69,9.69,9.69,9.69,0
2018-04-06,9.69,9.69,9.69,9.69,0
2018-04-09,8.84,8.84,8.84,8.84,444
2018-04-10,9.32,9.32,9.32,9.32,400
2018-04-11,9.32,9.32,9.32,9.32,1600
2018-04-12,9.32,9.32,9.32,9.32,100
2018-04-13,9.08,9.08,9.08,9.08,300
2018-04-16,9.69,9.69,9.69,9.69,100
2018-04-17,9.69,9.69,9.69,9.69,20
2018-04-18,9.08,9.08,9.08,9.08,110
2018-04-19,9.08,9.08,9.08,9.08,1300
2018-04-20,9.08,9.08,9.08,9.08,2050
2018-04-23,9.08,9.08,9.08,9.08,2000
2018-04-24,9.08,9.08,9.08,9.08,614
2018-04-26,9.08,9.08,9.08,9.08,0
2018-04-27,9.08,9.08,9.08,9.08,5200
2018-05-02,9.69,9.69,9.69,9.69,500
2018-05-03,9.69,9.69,9.08,9.08,3100
2018-05-04,9.08,9.08,9.08,9.08,100
2018-05-07,9.2,9.2,9.08,9.08,2400
2018-05-08,9.08,9.08,9.08,9.08,0
2018-05-09,9.08,9.08,9.08,9.08,400
2018-05-10,9.08,9.08,9.08,9.08,300
2018-05-11,9.14,9.14,9.14,9.14,617
2018-05-14,9.38,9.38,9.38,9.38,1700
2018-05-15,9.08,9.08,9.08,9.08,938
2018-05-16,9.08,9.08,9.08,9.08,0
2018-05-17,9.08,9.08,9.08,9.08,1400
2018-05-18,9.08,9.38,9.08,9.38,1300
2018-05-21,9.38,9.38,9.38,9.38,20
2018-05-22,9.38,9.38,9.38,9.38,0
2018-05-23,8.48,9.08,8.48,9.08,830
2018-05-24,8.96,8.96,8.78,8.78,2200
2018-05-25,8.48,8.78,8.17,8.78,2108
2018-05-28,8.78,9.08,8.78,8.78,600
2018-05-29,8.17,9.38,8.17,9.38,380
2018-05-30,8.48,8.48,8.48,8.48,2030
2018-05-31,9.08,9.08,9.08,9.08,200
2018-06-01,9.08,9.08,9.08,9.08,0
2018-06-04,9.08,9.08,9.08,9.08,60
2018-06-05,8.17,9.08,8.17,9.08,500
2018-06-06,8.23,9.08,8.23,9.08,260
2018-06-07,9.08,9.08,9.08,9.08,0
2018-06-08,8.48,8.54,8.48,8.54,400
2018-06-11,8.54,8.84,8.54,8.54,3408
2018-06-12,8.29,8.54,8.29,8.54,1680
2018-06-13,8.78,8.78,8.78,8.78,500
2018-06-14,8.05,8.05,8.05,8.05,5000
2018-06-15,8.48,8.84,8.48,8.84,500
2018-06-18,8.84,8.84,8.84,8.84,0
2018-06-19,8.29,8.35,8.29,8.35,2400
2018-06-20,8.42,8.42,8.42,8.42,520
2018-06-21,8.48,8.72,8.48,8.66,10064
2018-06-22,8.96,8.96,8.96,8.96,310
2018-06-25,9.14,9.14,9.14,9.14,100
2018-06-26,9.08,9.08,9.08,9.08,208
2018-06-27,9.01,9.01,9.01,9.01,130
2018-06-28,9.01,9.01,9.01,9.01,320
2018-06-29,9.01,9.01,8.62,9.01,1407
2018-07-02,9.08,9.08,9.08,9.08,200
2018-07-03,8.62,8.62,8.62,8.62,100
2018-07-04,8.75,8.75,8.75,8.75,300
2018-07-05,8.69,8.69,8.69,8.69,328
2018-07-06,8.69,8.69,8.69,8.69,300
2018-07-09,9.34,9.34,9.34,9.34,100
2018-07-10,8.43,8.75,8.43,8.75,971
2018-07-11,8.75,8.75,8.75,8.75,1053
2018-07-12,8.75,8.75,8.62,8.62,3400
2018-07-13,8.43,8.43,8.43,8.43,1000
2018-07-16,8.75,8.75,8.75,8.75,711
2018-07-17,8.75,8.75,8.62,8.62,1032
2018-07-18,9.08,9.08,9.08,9.08,1500
2018-07-19,9.34,9.34,9.21,9.21,200
2018-07-20,9.14,9.14,9.14,9.14,1100
2018-07-23,9.08,9.08,8.82,9.08,2000
2018-07-24,9.01,9.01,9.01,9.01,950
2018-07-25,8.82,9.34,8.82,9.08,2630
2018-07-26,9.08,9.21,9.08,9.14,2700
2018-07-27,9.14,9.14,9.14,9.14,12
2018-07-30,9.14,9.14,9.14,9.14,58
2018-07-31,9.21,9.21,9.14,9.14,2200
2018-08-01,9.14,9.14,9.14,9.14,0
2018-08-02,9.08,9.08,9.08,9.08,1700
2018-08-03,9.08,9.08,9.08,9.08,0
2018-08-06,9.34,9.34,9.34,9.34,1200
2018-08-07,9.14,9.14,9.08,9.08,1969
2018-08-08,9.08,9.08,9.08,9.08,0
2018-08-09,8.75,9.14,8.49,9.14,2152
2018-08-10,9.34,9.34,9.21,9.21,721
2018-08-13,9.21,9.21,9.08,9.08,2163
2018-08-14,9.21,9.21,9.21,9.21,372
2018-08-15,9.21,9.27,9.08,9.08,6250
2018-08-16,9.08,9.08,9.08,9.08,1755
2018-08-17,9.08,9.08,9.08,9.08,42
2018-08-20,9.08,9.08,8.75,9.08,1915
2018-08-21,9.08,9.08,9.08,9.08,5
2018-08-22,9.14,9.14,9.14,9.14,2004
2018-08-23,9.14,9.14,9.14,9.14,538
2018-08-24,9.14,9.14,9.14,9.14,100
2018-08-27,9.21,9.21,9.21,9.21,2700
2018-08-28,9.21,9.21,9.14,9.14,3000
2018-08-29,9.14,9.14,9.14,9.14,2200
2018-08-30,9.14,9.14,9.14,9.14,6800
2018-08-31,9.14,9.14,9.08,9.08,5108
2018-09-04,9.08,9.6,9.08,9.6,1954
2018-09-05,9.14,9.14,9.14,9.14,1040
2018-09-06,9.14,9.14,9.14,9.14,8
2018-09-07,9.08,9.08,9.08,9.08,400
2018-09-10,9.08,9.08,9.08,9.08,768
2018-09-11,9.08,9.08,9.08,9.08,57
2018-09-12,9.08,9.08,9.08,9.08,100
2018-09-13,8.82,8.82,8.75,8.75,546
2018-09-14,8.75,8.75,8.75,8.75,0
2018-09-17,8.95,9.08,8.95,9.08,400
2018-09-18,8.95,9.85,8.69,9.85,3206
2018-09-19,9.08,9.08,9.08,9.08,1858
2018-09-20,9.08,9.08,9.08,9.08,0
2018-09-21,8.88,8.95,8.82,8.95,1846
2018-09-24,8.95,8.95,8.95,8.95,20
2018-09-25,9.01,9.01,9.01,9.01,100
2018-09-26,9.01,9.01,9.01,9.01,0
2018-09-27,9.14,9.14,9.14,9.14,162
2018-09-28,9.01,9.01,9.01,9.01,358
2018-10-01,9.01,9.01,8.82,8.95,2600
2018-10-02,8.95,8.95,8.95,8.95,0
2018-10-03,9.08,9.08,9.08,9.08,649
2018-10-04,9.01,9.01,9.01,9.01,4900
2018-10-05,9.01,9.01,9.01,9.01,44
2018-10-08,8.95,8.95,8.95,8.95,800
2018-10-09,9.08,9.08,9.01,9.01,6951
2018-10-10,9.01,9.08,9.01,9.08,1903
2018-10-11,9.08,9.08,9.08,9.08,35
2018-10-12,8.88,8.95,8.75,8.95,600
2018-10-15,8.95,8.95,8.95,8.95,203
2018-10-16,9.01,9.01,9.01,9.01,404
2018-10-17,9.01,9.01,9.01,9.01,500
2018-10-18,9.01,9.01,9.01,9.01,0
2018-10-19,9.14,9.14,9.08,9.08,1100
2018-10-22,9.08,9.08,9.08,9.08,0
2018-10-23,9.08,9.08,9.08,9.08,2400
2018-10-24,9.08,9.08,9.08,9.08,0
2018-10-25,9.08,9.08,9.08,9.08,9
2018-10-26,9.08,9.08,9.08,9.08,0
2018-10-29,9.08,9.08,9.08,9.08,0
2018-10-30,8.95,8.95,8.95,8.95,2121
2018-10-31,8.95,8.95,8.95,8.95,75
2018-11-01,8.95,8.95,8.95,8.95,75
2018-11-02,9.08,9.08,8.95,8.95,2100
2018-11-05,8.95,8.95,8.95,8.95,0
2018-11-06,9.01,9.01,9.01,9.01,100
2018-11-07,9.01,9.01,9.01,9.01,500
2018-11-08,9.01,9.01,9.01,9.01,2400
2018-11-09,9.01,9.01,9.01,9.01,5600
2018-11-12,9.01,9.01,9.01,9.01,50
2018-11-13,9.01,9.01,9.01,9.01,0
2018-11-14,9.01,9.01,9.01,9.01,0
2018-11-15,8.43,8.82,8.43,8.82,770
2018-11-16,8.82,8.82,8.82,8.82,0
2018-11-19,8.95,8.95,8.95,8.95,500
2018-11-20,8.95,8.95,8.95,8.95,1400
2018-11-21,8.95,8.95,8.95,8.95,1
2018-11-22,8.75,8.75,8.75,8.75,100
2018-11-23,8.75,8.75,8.75,8.75,400
2018-11-26,8.75,8.75,8.3,8.3,846
2018-11-27,8.88,8.88,8.43,8.43,1600
2018-11-28,8.62,8.75,8.62,8.75,1600
2018-11-29,9.01,9.01,9.01,9.01,500
2018-11-30,8.49,8.49,8.49,8.49,2500
2018-12-03,8.49,8.49,8.49,8.49,0
2018-12-04,8.62,8.82,8.62,8.82,1100
2018-12-05,8.95,8.95,8.82,8.82,1500
2018-12-06,8.82,8.82,8.82,8.82,0
2018-12-07,8.82,8.82,8.82,8.82,24
2018-12-10,9.08,9.08,8.82,8.82,300
2018-12-11,8.82,8.82,8.82,8.82,0
2018-12-12,9.08,9.08,9.08,9.08,1000
2018-12-13,9.08,9.08,9.08,9.08,200
2018-12-14,9.08,9.08,9.08,9.08,500
2018-12-17,9.08,9.08,9.08,9.08,0
2018-12-18,8.82,8.82,8.82,8.82,225
2018-12-19,8.82,8.88,8.82,8.88,524
2018-12-20,8.75,8.75,8.75,8.75,1454
2018-12-21,8.75,8.75,8.43,8.43,3025
2018-12-24,8.43,8.43,8.43,8.43,0
2018-12-25,8.95,8.95,8.56,8.56,3000
2018-12-26,8.62,8.62,8.62,8.62,600
2018-12-27,9.08,9.08,8.62,8.62,2700
2018-12-28,8.75,8.75,8.49,8.49,1755
2019-01-02,8.62,8.62,8.62,8.62,500
2019-01-03,8.62,8.62,8.62,8.62,0
2019-01-04,8.69,8.69,8.69,8.69,100
2019-01-07,8.69,8.69,8.69,8.69,34
2019-01-08,8.62,8.69,8.62,8.69,700
2019-01-09,9.08,9.08,9.08,9.08,1100
2019-01-10,9.08,9.08,9.08,9.08,0
2019-01-11,9.08,9.08,9.08,9.08,0
2019-01-14,9.08,9.08,9.08,9.08,0
2019-01-15,9.08,9.08,9.08,9.08,0
2019-01-16,9.08,9.08,9.08,9.08,0
2019-01-17,9.08,9.08,9.08,9.08,0
2019-01-18,9.08,9.08,9.08,9.08,48
2019-01-21,9.08,9.08,9.08,9.08,0
2019-01-22,8.3,8.62,8.23,8.62,2040
2019-01-23,8.62,8.62,8.62,8.62,0
2019-01-24,8.3,8.3,8.3,8.3,1252
2019-01-25,8.3,8.3,8.3,8.3,0
2019-01-28,7.91,8.82,7.91,8.82,1825
2019-01-29,8.04,8.1,8.04,8.04,1400
2019-01-30,8.1,8.1,8.04,8.04,1200
2019-01-31,8.17,8.17,8.1,8.1,2338
2019-02-01,8.1,8.1,7.97,7.97,1028
2019-02-11,8.1,8.1,7.97,8.1,2320
2019-02-12,8.1,8.1,8.1,8.1,48
2019-02-13,8.1,8.1,7.97,7.97,1700
2019-02-14,8.17,8.17,8.17,8.17,1100
2019-02-15,8.17,8.17,8.17,8.17,4
2019-02-18,8.04,8.04,8.04,8.04,100
2019-02-19,7.91,8.43,7.91,8.43,8920
2019-02-20,8.04,8.04,8.04,8.04,2462
2019-02-21,8.1,8.1,8.1,8.1,700
2019-02-22,8.88,8.88,8.75,8.75,6000
2019-02-25,8.1,8.1,8.1,8.1,2344
2019-02-26,8.1,8.1,8.1,8.1,1300
2019-02-27,8.82,8.88,8.82,8.88,700
2019-02-28,8.1,8.1,8.1,8.1,700
2019-03-01,8.1,8.1,8.1,8.1,6
2019-03-04,8.1,8.1,8.1,8.1,1248
2019-03-05,8.1,8.1,8.1,8.1,100
2019-03-06,8.1,8.1,8.1,8.1,0
2019-03-07,8.88,8.88,8.88,8.88,145
2019-03-08,8.88,8.88,8.88,8.88,0
2019-03-11,8.1,8.1,8.1,8.1,1641
2019-03-12,8.1,8.1,8.1,8.1,0
2019-03-13,8.1,8.1,8.1,8.1,0
2019-03-14,8.1,8.1,8.1,8.1,0
2019-03-15,8.1,8.1,8.1,8.1,0
2019-03-18,8.1,8.1,8.1,8.1,1080
2019-03-19,8.43,8.43,8.36,8.36,200
2019-03-20,8.36,8.36,8.36,8.36,0
2019-03-21,8.62,8.88,8.62,8.88,800
2019-03-22,8.88,8.88,8.88,8.88,0
2019-03-25,8.17,8.17,8.17,8.17,3350
2019-03-26,8.17,8.17,8.17,8.17,61
2019-03-27,8.17,8.17,8.17,8.17,0
2019-03-28,8.1,8.17,8.1,8.17,1368
2019-03-29,8.17,8.17,8.17,8.17,0
2019-04-01,8.17,8.17,8.17,8.17,0
2019-04-02,8.69,8.69,8.69,8.69,100
2019-04-03,8.69,8.69,8.69,8.69,5600
2019-04-04,8.62,8.69,8.62,8.62,7940
2019-04-05,8.62,8.62,8.62,8.62,242
2019-04-08,8.62,8.62,8.62,8.62,0
2019-04-09,8.62,8.62,8.62,8.62,100
2019-04-10,8.62,8.62,8.62,8.62,1800
2019-04-11,8.62,8.62,8.62,8.62,26
2019-04-12,8.62,8.62,8.62,8.62,0
2019-04-16,8.62,8.62,8.62,8.62,0
2019-04-17,8.62,8.62,8.62,8.62,0
2019-04-18,8.62,8.62,8.62,8.62,10
2019-04-19,8.62,8.62,8.62,8.62,700
2019-04-22,8.62,8.62,8.62,8.62,434
2019-04-23,8.62,8.62,8.62,8.62,2800
2019-04-24,8.62,8.62,8.62,8.62,0
2019-04-25,8.62,8.62,8.62,8.62,800
2019-04-26,9.01,9.01,8.62,8.62,2200
2019-05-02,8.3,8.43,8.3,8.43,10500
2019-05-03,8.43,8.43,8.43,8.43,5500
2019-05-06,8.43,9.01,8.1,9.01,5280
2019-05-07,8.3,8.56,8.3,8.56,5132
2019-05-08,8.56,8.62,8.56,8.62,8400
2019-05-09,8.56,8.62,8.56,8.62,4200
2019-05-10,8.62,8.62,8.62,8.62,898
2019-05-13,8.43,8.43,8.43,8.43,2030
2019-05-14,7.97,7.97,7.97,7.97,1200
2019-05-15,8.43,8.43,8.43,8.43,700
2019-05-16,9.01,9.01,8.43,8.43,500
2019-05-17,8.04,8.23,8.04,8.23,5757
2019-05-20,8.43,8.43,8.43,8.43,4299
2019-05-21,8.43,8.43,8.43,8.43,2232
2019-05-22,8.62,8.62,8.62,8.62,100
2019-05-23,8.62,8.62,8.36,8.36,949
2019-05-24,8.36,8.36,8.36,8.36,0
2019-05-27,8.56,8.56,8.56,8.56,2000
2019-05-28,8.56,8.56,8.56,8.56,0
2019-05-29,8.56,8.56,8.56,8.56,127
2019-05-30,8.3,8.3,7.84,8.1,2360
2019-05-31,8.1,8.1,8.1,8.1,137
2019-06-03,8.1,8.1,8.1,8.1,650
2019-06-04,8.1,8.1,8.1,8.1,1950
2019-06-05,8.1,8.1,8.1,8.1,0
2019-06-06,8.1,8.1,8.1,8.1,0
2019-06-07,8.17,8.17,8.17,8.17,1625
2019-06-10,8.17,8.17,7.97,7.97,910
2019-06-11,7.97,7.97,7.97,7.97,0
2019-06-12,7.97,7.97,7.97,7.97,160
2019-06-13,7.97,7.97,7.97,7.97,0
2019-06-14,7.97,7.97,7.97,7.97,102
2019-06-17,7.97,7.97,7.97,7.97,108
2019-06-18,7.97,7.97,7.97,7.97,30
2019-06-19,7.97,7.97,7.97,7.97,140
2019-06-20,7.97,7.97,7.97,7.97,1920
2019-06-21,7.97,8.04,7.97,8.04,900
2019-06-24,8.04,8.04,8.04,8.04,0
2019-06-25,7.97,8.36,7.84,8.36,1587
2019-06-26,8.3,8.36,8.3,8.36,1200
2019-06-27,8.36,8.36,8.36,8.36,0
2019-06-28,8.36,8.36,8.36,8.36,0
2019-07-01,8.36,8.36,8.36,8.36,0
2019-07-02,8.36,8.36,8.36,8.36,0
2019-07-03,7.65,7.65,7.65,7.65,200
2019-07-04,7.65,7.65,7.65,7.65,0
2019-07-05,7.71,7.91,7.71,7.91,734
2019-07-08,7.78,8.36,7.46,8.36,4500
2019-07-09,8.36,8.36,8.36,8.36,0
2019-07-10,7.78,9.14,7.78,9.14,400
2019-07-11,8.23,8.23,8.23,8.23,2700
2019-07-12,7.59,7.78,7.52,7.78,1456
2019-07-15,7.78,8.49,7.78,8.49,2850
2019-07-16,7.78,7.84,7.78,7.84,474
2019-07-17,7.84,7.84,7.84,7.84,623
2019-07-18,7.78,7.78,7.78,7.78,1026
2019-07-19,8.56,8.56,8.56,8.56,1
2019-07-22,7.84,7.84,7.35,7.35,200
2019-07-23,7.35,7.35,7.35,7.35,0
2019-07-24,7.35,7.35,7.35,7.35,100
2019-07-25,7.35,7.35,7.35,7.35,226
2019-07-26,7.99,7.99,7.35,7.35,429
2019-07-29,7.63,8.06,7.63,8.06,2622
2019-07-30,8.06,8.06,7.84,7.84,1174
2019-07-31,7.84,7.84,7.42,7.42,1300
2019-08-01,7.42,7.42,7.42,7.42,0
2019-08-02,7.42,7.42,7.42,7.42,0
2019-08-05,7.42,7.99,7.42,7.99,300
2019-08-06,7.99,7.99,7.99,7.99,0
2019-08-07,7.49,7.49,7.49,7.49,100
2019-08-08,8.06,8.06,8.06,8.06,100
2019-08-09,7.56,7.56,7.56,7.56,1059
2019-08-12,7.49,7.49,7.49,7.49,900
2019-08-13,7.49,7.49,7.49,7.49,0
2019-08-14,7.49,7.49,7.49,7.49,534
2019-08-15,6.92,8.2,6.92,7.42,350
2019-08-16,7.42,7.42,7.42,7.42,38
2019-08-19,7.42,7.42,7.42,7.42,37
2019-08-20,7.92,7.92,7.92,7.92,100
2019-08-21,7.99,7.99,7.99,7.99,400
2019-08-22,7.99,7.99,7.99,7.99,0
2019-08-23,7.99,7.99,7.99,7.99,0
2019-08-26,7.99,7.99,7.99,7.99,0
2019-08-27,7.99,7.99,7.99,7.99,17
2019-08-28,7.56,7.63,7.56,7.63,700
2019-08-29,7.63,7.63,7.63,7.63,0
2019-08-30,7.2,7.84,7.2,7.84,300
2019-09-03,7.84,7.84,7.84,7.84,0
2019-09-04,7.77,7.77,7.77,7.77,100
2019-09-05,7.77,7.77,7.77,7.77,100
2019-09-06,7.77,7.77,7.77,7.77,108
2019-09-09,7.77,7.77,7.77,7.77,200
2019-09-10,7.42,7.42,7.42,7.42,126
2019-09-11,7.49,7.56,7.49,7.49,1930
2019-09-12,7.49,7.49,7.49,7.49,0
2019-09-13,7.56,7.56,7.56,7.56,880
2019-09-16,8.2,8.2,7.35,7.35,360
2019-09-17,7.35,8.06,7.2,8.06,572
2019-09-18,8.2,8.2,7.27,7.27,2300
2019-09-19,7.92,7.92,7.13,7.92,1309
2019-09-20,7.84,7.84,7.84,7.84,2400
2019-09-23,7.84,7.84,7.84,7.84,4
2019-09-24,7.84,7.84,7.84,7.84,0
2019-09-25,7.2,7.77,7.2,7.77,318
2019-09-26,7.77,7.77,7.77,7.77,4500
2019-09-27,7.77,7.77,7.77,7.77,129
2019-09-30,7.77,7.77,7.77,7.77,2257
2019-10-01,7.77,7.77,7.77,7.77,0
2019-10-02,7.77,7.77,7.77,7.77,0
2019-10-03,7.63,7.77,7.63,7.77,1506
2019-10-04,7.77,7.77,7.77,7.77,0
2019-10-07,7.77,7.77,7.77,7.77,0
2019-10-08,7.77,7.77,7.77,7.77,0
2019-10-09,7.77,7.77,7.77,7.77,0
2019-10-10,7.77,7.77,7.77,7.77,0
2019-10-11,7.77,7.77,7.77,7.77,0
2019-10-14,7.77,7.77,7.77,7.77,0
2019-10-15,7.42,7.42,7.42,7.42,1100
2019-10-16,7.42,7.42,7.42,7.42,95
2019-10-17,7.49,7.63,7.49,7.63,237
2019-10-18,7.63,7.63,7.63,7.63,0
2019-10-21,7.63,7.63,7.63,7.63,0
2019-10-22,7.63,7.63,7.27,7.27,1300
2019-10-23,7.49,7.49,7.49,7.49,1100
2019-10-24,7.49,7.49,7.49,7.49,300
2019-10-25,7.35,7.35,7.35,7.35,500
2019-10-28,7.35,7.35,7.27,7.27,1476
2019-10-29,7.35,7.35,7.35,7.35,100
2019-10-30,7.42,7.42,7.42,7.42,100
2019-10-31,7.42,7.42,7.42,7.42,72
2019-11-01,7.42,7.42,7.42,7.42,0
2019-11-04,7.42,7.42,7.42,7.42,0
2019-11-05,7.42,7.42,7.42,7.42,100
2019-11-06,7.42,7.42,7.42,7.42,0
2019-11-07,7.27,7.27,7.27,7.27,1097
2019-11-08,7.27,7.27,7.27,7.27,0
2019-11-11,7.13,7.77,6.77,7.77,700
2019-11-12,7.27,7.27,7.27,7.27,1400
2019-11-13,7.27,7.27,7.27,7.27,3
2019-11-14,7.27,7.84,7.27,7.84,200
2019-11-15,7.2,7.63,7.13,7.35,698
2019-11-18,7.42,7.42,7.42,7.42,440
2019-11-19,7.2,7.42,7.2,7.42,471
2019-11-20,7.42,7.42,7.42,7.42,200
2019-11-21,7.42,7.42,7.42,7.42,0
2019-11-22,7.42,7.49,7.2,7.49,1033
2019-11-25,7.49,7.49,7.49,7.49,0
2019-11-26,7.49,7.49,7.49,7.49,0
2019-11-27,7.42,7.49,7.42,7.49,1887
2019-11-28,7.49,7.49,7.49,7.49,0
2019-11-29,7.49,7.49,7.49,7.49,0
2019-12-02,7.2,7.2,7.2,7.2,762
2019-12-03,7.2,7.42,7.2,7.2,1397
2019-12-04,7.27,7.63,7.2,7.63,1200
2019-12-05,7.63,7.63,7.63,7.63,0
2019-12-06,7.2,7.2,7.2,7.2,977
2019-12-09,7.2,7.2,7.2,7.2,363
2019-12-10,6.77,7.35,6.77,7.27,1000
2019-12-11,7.27,7.27,7.2,7.2,1400
2019-12-12,7.27,7.27,7.2,7.2,3071
2019-12-13,7.2,7.2,7.2,7.2,60
2019-12-16,6.85,6.85,6.85,6.85,294
2019-12-17,6.56,7.49,6.49,7.42,899
2019-12-18,7.42,7.42,7.42,7.42,200
2019-12-19,7.42,7.42,7.42,7.42,57
2019-12-20,7.35,7.35,7.06,7.2,2441
2019-12-23,7.2,7.2,7.2,7.2,0
2019-12-24,7.7,7.7,7.7,7.7,100
2019-12-25,7.7,7.7,7.7,7.7,60
2019-12-26,7.7,7.7,7.7,7.7,0
2019-12-27,7.13,7.13,6.99,7.13,2289
2019-12-30,7.49,7.49,7.49,7.49,100
2019-12-31,7.49,7.49,7.49,7.49,0
2020-01-02,7.35,7.35,7.2,7.2,700
2020-01-03,7.2,7.2,7.2,7.2,0
2020-01-06,7.13,7.13,7.13,7.13,700
2020-01-07,7.2,7.2,7.2,7.2,127
2020-01-08,7.2,7.2,7.2,7.2,2
2020-01-09,7.13,7.13,7.13,7.13,100
2020-01-10,7.27,7.35,6.85,6.85,1559
2020-01-13,6.85,6.85,6.85,6.85,0
2020-01-14,7.2,7.2,7.2,7.2,300
2020-01-15,7.2,7.2,7.2,7.2,47
2020-01-16,7.13,7.2,7.13,7.2,1186
2020-01-17,7.13,7.13,7.13,7.13,862
2020-01-20,6.85,7.13,6.85,7.13,2300
2020-01-21,7.13,7.13,7.13,7.13,0
2020-01-22,7.13,7.13,7.13,7.13,0
2020-01-30,7.13,7.13,6.92,6.92,1195
2020-01-31,6.99,6.99,6.85,6.85,3000
2020-02-03,6.99,6.99,6.99,6.99,411
2020-02-04,6.99,6.99,6.85,6.85,600
2020-02-05,6.85,6.85,6.85,6.85,0
2020-02-06,6.85,6.85,6.85,6.85,1130
2020-02-07,6.77,6.92,6.77,6.92,3123
2020-02-10,6.92,6.92,6.92,6.92,500
2020-02-11,6.92,6.92,6.85,6.85,2648
2020-02-12,6.85,6.85,6.85,6.85,100
2020-02-13,6.77,6.77,6.7,6.7,1300
2020-02-14,6.7,6.7,6.7,6.7,0
2020-02-17,6.77,6.77,6.77,6.77,971
2020-02-18,6.77,6.77,6.77,6.77,0
2020-02-19,6.77,6.77,6.77,6.77,0
2020-02-20,6.77,6.77,6.77,6.77,6800
2020-02-21,6.42,7.13,6.42,7.13,500
2020-02-24,6.7,6.7,6.7,6.7,500
2020-02-25,6.7,7.35,6.42,7.35,1550
2020-02-26,6.63,6.7,6.63,6.7,1334
2020-02-27,6.7,6.7,6.7,6.7,52
2020-02-28,6.28,6.7,6.28,6.7,957
2020-03-02,6.7,6.7,6.7,6.7,0
2020-03-03,6.7,7.2,6.7,7.2,200
2020-03-04,7.2,7.2,7.2,7.2,0
2020-03-05,6.7,6.7,6.63,6.7,1950
2020-03-06,6.7,6.7,6.7,6.7,0
2020-03-09,6.56,6.56,6.56,6.56,4500
2020-03-10,6.56,6.56,6.56,6.56,0
2020-03-11,6.56,6.56,6.56,6.56,0
2020-03-12,6.42,6.42,6.42,6.42,300
2020-03-13,6.42,6.42,6.42,6.42,30
2020-03-16,6.56,6.63,6.56,6.63,553
2020-03-17,6.56,6.56,6.42,6.42,653
2020-03-18,6.42,6.42,6.42,6.42,0
2020-03-19,5.92,6.49,5.78,6.49,1700
2020-03-20,5.85,6.49,5.85,6.49,800
2020-03-23,5.85,5.85,5.85,5.85,1100
2020-03-24,5.85,5.85,5.85,5.85,0
2020-03-25,5.35,6.35,5.28,6.35,20010
2020-03-26,5.92,5.92,5.85,5.85,1190
2020-03-27,6.28,6.28,6.28,6.28,100
2020-03-30,6.06,6.06,5.99,5.99,930
2020-03-31,5.78,5.78,5.78,5.78,100
2020-04-01,5.78,5.78,5.78,5.78,0
2020-04-03,6.06,6.06,6.06,6.06,925
2020-04-06,5.56,5.56,5.56,5.56,8200
2020-04-07,5.92,5.92,5.92,5.92,100
2020-04-08,5.92,5.92,5.92,5.92,5243
2020-04-09,5.92,5.92,5.92,5.92,500
2020-04-10,6.06,6.06,6.06,6.06,400
2020-04-13,6.06,6.06,6.06,6.06,0
2020-04-14,6.06,6.06,6.06,6.06,0
2020-04-15,6.06,6.06,6.06,6.06,300
2020-04-16,6.06,6.06,6.06,6.06,0
2020-04-17,6.06,6.06,6.06,6.06,0
2020-04-20,6.13,6.13,6.13,6.13,200
2020-04-21,6.13,6.42,6.13,6.42,1831
2020-04-22,6.42,6.42,6.42,6.42,0
2020-04-23,6.42,6.42,6.42,6.42,0
2020-04-24,6.42,6.42,6.42,6.42,0
2020-04-27,6.13,6.13,6.13,6.13,100
2020-04-28,6.13,6.13,6.13,6.13,0
2020-04-29,6.42,6.42,6.42,6.42,500
2020-05-04,6.42,6.42,6.42,6.42,20
2020-05-05,6.42,6.42,6.42,6.42,0
2020-05-06,6.28,6.42,6.28,6.42,2100
2020-05-07,6.42,6.42,6.42,6.42,100
2020-05-08,6.42,6.42,6.42,6.42,100
2020-05-11,6.42,6.42,6.42,6.42,440
2020-05-12,6.42,6.42,6.42,6.42,0
2020-05-13,5.85,5.85,5.85,5.85,980
2020-05-14,5.85,5.85,5.85,5.85,2265
2020-05-15,5.85,5.85,5.85,5.85,0
2020-05-18,5.85,5.85,5.85,5.85,4120
2020-05-19,5.85,5.85,5.85,5.85,0
2020-05-20,6.35,6.35,6.06,6.13,1027
2020-05-21,6.35,6.35,6.35,6.35,100
2020-05-22,6.35,6.35,6.35,6.35,700
2020-05-25,6.2,6.42,6.2,6.42,1109
2020-05-26,6.42,6.42,6.42,6.42,0
2020-05-27,6.42,6.42,6.42,6.42,1000
2020-05-28,6.42,6.42,6.42,6.42,0
2020-05-29,6.42,6.42,6.42,6.42,0
2020-06-01,5.85,6.06,5.85,5.92,982
2020-06-02,5.99,5.99,5.99,5.99,510
2020-06-03,5.99,5.99,5.99,5.99,30
2020-06-04,5.99,5.99,5.99,5.99,0
2020-06-05,5.99,5.99,5.99,5.99,556
2020-06-08,6.28,6.28,5.92,5.92,1000
2020-06-09,5.92,5.92,5.92,5.92,0
2020-06-10,5.92,5.92,5.92,5.92,53
2020-06-11,5.99,5.99,5.99,5.99,5599
2020-06-12,5.99,5.99,5.99,5.99,0
2020-06-15,5.99,6.06,5.99,5.99,1038
2020-06-16,5.71,5.99,5.71,5.99,300
2020-06-17,5.71,5.71,5.71,5.71,100
2020-06-18,5.92,6.06,5.92,6.06,1035
2020-06-19,5.78,6.06,5.78,6.06,2901
2020-06-22,6.06,6.06,6.06,6.06,28
2020-06-23,5.85,6.63,5.85,6.63,9100
2020-06-24,6.13,6.13,6.13,6.13,150
2020-06-25,6.13,6.13,6.13,6.13,18
2020-06-26,6.13,6.13,6.13,6.13,50
2020-06-29,6.13,6.13,6.13,6.13,1200
2020-06-30,6.2,6.2,6.2,6.2,100
2020-07-01,6.2,6.2,6.2,6.2,0
2020-07-02,6.2,6.2,6.2,6.2,13
2020-07-03,6.2,6.2,6.2,6.2,151
2020-07-06,6.2,6.2,6.2,6.2,7
2020-07-07,6.2,6.35,6.2,6.35,500
2020-07-08,6.35,6.42,6.35,6.42,243
2020-07-09,6.8,6.8,6.8,6.8,0
2020-07-10,6.8,6.8,6.8,6.8,0
2020-07-13,6.49,6.49,6.49,6.49,500
2020-07-14,6.04,6.49,6.04,6.49,850
2020-07-15,6.57,6.57,6.57,6.57,170
2020-07-16,6.57,6.57,6.57,6.57,70
2020-07-17,6.57,6.65,6.34,6.34,1036
2020-07-20,6.34,6.34,6.34,6.34,0
2020-07-21,6.34,6.34,6.34,6.34,0
2020-07-22,6.42,6.95,6.42,6.95,345
2020-07-23,6.8,6.8,6.8,6.8,200
2020-07-24,6.19,6.19,6.19,6.19,506
2020-07-27,6.19,6.19,6.19,6.19,0
2020-07-28,6.49,6.49,6.49,6.49,1000
2020-07-29,6.49,6.49,6.49,6.49,0
2020-07-30,6.49,6.49,6.49,6.49,0
2020-07-31,6.49,6.49,6.49,6.49,1002
2020-08-03,6.49,6.49,6.49,6.49,10
2020-08-04,6.49,6.57,6.49,6.57,5045
2020-08-05,6.57,6.57,6.57,6.57,0
2020-08-06,6.57,6.57,6.57,6.57,0
2020-08-07,6.57,6.57,6.57,6.57,0
2020-08-10,6.57,6.57,6.57,6.57,0
2020-08-11,6.27,6.27,6.27,6.27,100
2020-08-12,6.27,6.27,6.27,6.27,2
2020-08-13,6.34,6.34,6.34,6.34,200
2020-08-14,6.34,6.34,6.34,6.34,0
2020-08-17,6.34,6.34,6.34,6.34,10
2020-08-18,6.34,6.8,6.34,6.8,10200
2020-08-19,6.8,7.17,6.8,7.17,2115
2020-08-20,7.17,7.17,7.17,7.17,0
2020-08-21,7.17,7.17,7.17,7.17,0
2020-08-24,6.49,6.49,6.49,6.49,1011
2020-08-25,6.49,7.1,6.49,7.1,14539
2020-08-26,7.1,7.1,7.1,7.1,0
2020-08-27,7.1,7.1,7.1,7.1,10
2020-08-28,6.49,7.78,6.49,7.78,4201
2020-08-31,8.16,8.16,8.16,8.16,8350
2020-09-01,8.08,8.08,8.08,8.08,900
2020-09-03,7.32,7.32,7.32,7.32,100
2020-09-04,6.8,6.8,6.72,6.72,4635
2020-09-07,6.65,6.72,6.65,6.72,2100
2020-09-08,6.8,6.8,6.8,6.8,2800
2020-09-09,6.34,6.49,6.34,6.49,200
2020-09-10,6.49,6.49,6.49,6.49,0
2020-09-11,6.49,6.49,6.49,6.49,0
2020-09-14,6.8,6.8,6.57,6.57,10700
2020-09-15,6.57,6.57,6.57,6.57,0
2020-09-16,6.57,6.57,6.57,6.57,0
2020-09-17,6.57,6.57,6.57,6.57,0
2020-09-18,6.49,6.87,6.49,6.87,1392
2020-09-21,6.42,6.42,6.27,6.27,2000
2020-09-22,6.34,6.72,6.27,6.72,3434
2020-09-23,6.72,6.72,6.72,6.72,0
2020-09-24,6.72,6.72,6.72,6.72,1300
2020-09-25,6.65,6.65,6.65,6.65,1075
2020-09-28,6.72,6.72,6.72,6.72,900
2020-09-29,6.8,6.87,6.8,6.87,9143
2020-09-30,6.8,6.8,6.8,6.8,100
2020-10-01,6.8,6.8,6.8,6.8,40
2020-10-02,6.8,6.95,6.8,6.95,1574
2020-10-05,6.95,6.95,6.95,6.95,0
2020-10-06,6.95,6.95,6.95,6.95,0
2020-10-07,6.49,6.49,6.49,6.49,1100
2020-10-08,6.49,6.49,6.49,6.49,1500
2020-10-09,6.8,6.8,6.8,6.8,100
2020-10-12,6.8,6.8,6.8,6.8,0
2020-10-13,6.8,6.8,6.8,6.8,0
2020-10-14,7.48,7.48,7.48,7.48,100
2020-10-15,7.93,7.93,7.93,7.93,100
2020-10-16,7.17,7.17,7.17,7.17,1000
2020-10-19,6.49,6.49,6.49,6.49,900
2020-10-20,6.49,6.49,6.49,6.49,0
2020-10-21,6.27,6.27,6.27,6.27,1100
2020-10-22,6.34,6.42,6.34,6.42,1300
2020-10-23,6.42,6.42,6.42,6.42,500
2020-10-26,6.42,6.42,6.42,6.42,0
2020-10-27,6.42,6.8,6.42,6.57,1500
2020-10-28,6.57,6.57,6.57,6.57,100
2020-10-29,6.57,6.57,6.57,6.57,700
2020-10-30,6.27,6.87,6.27,6.87,2000
2020-11-02,6.49,6.49,6.49,6.49,1900
2020-11-03,6.57,6.65,6.57,6.65,2000
2020-11-04,6.57,6.65,6.57,6.57,2100
2020-11-05,6.65,6.65,6.65,6.65,900
2020-11-06,6.65,6.65,6.65,6.65,0
2020-11-09,6.57,6.65,6.57,6.65,2800
2020-11-10,6.65,6.65,6.65,6.65,0
2020-11-11,6.65,6.65,6.65,6.65,0
2020-11-12,6.65,6.72,6.65,6.72,700
2020-11-13,6.8,6.8,6.8,6.8,4800
2020-11-16,6.72,6.72,6.65,6.65,2900
2020-11-17,6.65,6.8,6.65,6.65,1500
2020-11-18,6.65,6.65,6.65,6.65,0
2020-11-19,6.8,6.8,6.65,6.65,2700
2020-11-20,6.65,6.65,6.65,6.65,1500
2020-11-23,6.65,6.65,6.65,6.65,900
2020-11-24,6.65,6.8,6.42,6.8,21700
2020-11-25,6.65,6.65,6.65,6.65,15100
2020-11-26,6.72,6.72,6.65,6.65,300
2020-11-27,6.65,6.65,6.65,6.65,2400
2020-11-30,6.65,6.72,6.65,6.72,6900
2020-12-01,6.65,6.65,6.65,6.65,1000
2020-12-02,6.72,6.72,6.72,6.72,2800
2020-12-03,6.72,6.72,6.72,6.72,0
2020-12-04,6.72,6.72,6.72,6.72,0
2020-12-07,6.72,6.72,6.72,6.72,0
2020-12-08,7.32,7.32,7.32,7.32,100
2020-12-09,6.8,6.87,6.8,6.87,1200
2020-12-10,6.8,6.8,6.72,6.72,600
2020-12-11,6.87,6.87,6.87,6.87,330
2020-12-14,6.87,6.87,6.87,6.87,1515
2020-12-15,6.87,6.87,6.87,6.87,900
2020-12-16,6.87,6.87,6.8,6.8,2700
2020-12-17,6.8,7.17,6.8,7.17,1548
2020-12-18,7.17,7.17,6.8,7.17,3276
2020-12-21,7.17,7.17,7.17,7.17,100
2020-12-22,7.17,7.55,7.17,7.55,200
2020-12-23,7.55,7.55,7.55,7.55,0
2020-12-24,7.17,7.17,6.8,6.8,3400
2020-12-25,6.95,6.95,6.95,6.95,3325
2020-12-28,6.8,6.87,6.65,6.8,5727
2020-12-29,6.8,6.8,6.8,6.8,9000
2020-12-30,6.8,6.8,6.8,6.8,12258
2020-12-31,6.8,6.8,6.8,6.8,3300
2021-01-04,6.8,6.8,6.8,6.8,20
2021-01-05,6.8,6.95,6.8,6.95,6638
2021-01-06,6.95,6.95,6.95,6.95,26950
2021-01-07,6.95,6.95,6.95,6.95,5838
2021-01-08,6.95,7.25,6.95,7.25,400
2021-01-11,7.25,7.25,7.25,7.25,68
2021-01-12,7.17,7.17,7.02,7.02,700
2021-01-13,6.95,6.95,6.95,6.95,1945
2021-01-14,6.95,6.95,6.95,6.95,100
2021-01-15,6.95,7.1,6.8,7.1,4132
2021-01-18,7.1,7.1,7.1,7.1,100
2021-01-19,6.95,7.02,6.95,7.02,14100
2021-01-20,7.02,7.4,7.02,7.4,500
2021-01-21,7.32,7.32,7.32,7.32,2473
2021-01-22,7.17,7.55,7.17,7.55,1400
2021-01-25,7.55,7.7,7.55,7.7,15200
2021-01-26,7.93,7.93,7.4,7.4,13500
2021-01-27,7.93,7.93,7.93,7.93,23532
2021-01-28,7.55,8.23,7.17,8.23,13710
2021-01-29,8.23,8.23,8.23,8.23,0
2021-02-01,7.48,8.31,7.48,7.48,20000
2021-02-02,6.8,6.8,6.8,6.8,100
2021-02-03,7.25,7.25,7.25,7.25,100
2021-02-04,7.4,7.4,7.4,7.4,144
2021-02-05,7.55,8.08,7.4,8.08,5038
2021-02-08,8.08,8.08,8.08,8.08,0
2021-02-09,7.93,8.83,7.93,8.83,2610
2021-02-17,9.14,9.14,9.14,9.14,101
2021-02-18,8.23,9.06,8.23,9.06,1022
2021-02-19,8.31,9.59,8.31,9.59,300
2021-02-22,9.59,9.59,9.59,9.59,2
2021-02-23,9.51,9.82,9.51,9.82,4800
2021-02-24,9.74,9.74,9.74,9.74,3000
2021-02-25,8.83,9.59,8.83,9.59,703
2021-02-26,9.74,9.82,9.06,9.82,3100
2021-03-01,10.19,10.19,10.19,10.19,100
2021-03-02,10.19,10.19,10.19,10.19,2
2021-03-03,9.44,9.44,9.44,9.44,800
2021-03-04,9.74,9.74,9.74,9.74,230
2021-03-05,9.74,9.74,9.74,9.74,0
2021-03-08,8.83,9.74,8.83,9.74,2640
2021-03-09,8.91,9.67,8.91,9.67,733
2021-03-10,9.44,9.44,8.83,8.83,1683
2021-03-11,8.83,8.83,8.83,8.83,0
2021-03-12,8.83,8.83,8.83,8.83,64
2021-03-15,8.83,9.36,8.83,9.36,600
2021-03-16,9.36,9.36,9.36,9.36,0
2021-03-17,9.21,9.21,9.21,9.21,2022
2021-03-18,9.29,9.29,9.29,9.29,600
2021-03-19,9.44,9.44,9.44,9.44,100
2021-03-22,9.06,9.44,9.06,9.44,600
2021-03-23,9.44,9.44,9.44,9.44,0
2021-03-24,9.44,9.44,9.44,9.44,80
2021-03-25,8.53,8.53,8.53,8.53,1144
2021-03-26,8.53,8.53,8.53,8.53,54
2021-03-29,7.7,9.06,7.7,9.06,200
2021-03-30,9.06,9.06,9.06,9.06,4508
2021-03-31,9.06,9.59,9.06,9.06,612
2021-04-01,8.31,9.44,8.16,9.36,1200
2021-04-02,9.59,9.59,8.53,9.06,900
2021-04-05,9.06,9.06,9.06,9.06,0
2021-04-06,8.68,8.68,8.68,8.68,5700
2021-04-07,8.76,8.76,8.76,8.76,470
2021-04-08,8.99,8.99,8.99,8.99,115
2021-04-09,8.38,9.21,8.38,9.21,2600
2021-04-12,9.21,9.44,8.46,9.21,29300
2021-04-13,9.21,9.29,9.21,9.21,29300
2021-04-14,9.21,9.21,9.21,9.21,0
2021-04-15,9.21,9.21,9.06,9.06,2900
2021-04-16,9.06,9.06,9.06,9.06,0
2021-04-19,9.06,9.06,9.06,9.06,0
2021-04-20,8.61,8.76,8.61,8.68,8541
2021-04-22,8.31,8.68,8.31,8.68,3828
2021-04-23,8.68,8.68,8.61,8.61,2900
2021-04-26,8.61,8.61,8.53,8.53,1900
2021-04-27,8.91,8.91,8.0,8.31,900
2021-04-28,7.78,7.85,7.7,7.7,3258
2021-04-29,8.08,8.08,7.78,7.78,500
2021-05-04,7.78,7.78,7.78,7.78,0
2021-05-05,7.93,7.93,7.78,7.78,2400
2021-05-06,8.08,8.53,7.17,8.53,109584
2021-05-07,8.53,8.53,8.53,8.53,2700
2021-05-10,7.93,8.68,7.93,8.68,5200
2021-05-11,8.31,8.68,8.31,8.68,3057
2021-05-12,9.21,9.21,9.21,9.21,103
2021-05-13,9.21,9.21,9.21,9.21,0
2021-05-14,8.68,8.99,8.61,8.99,5303
2021-05-17,8.99,8.99,8.99,8.99,4100
2021-05-18,8.99,8.99,8.99,8.99,0
2021-05-19,8.68,8.68,8.68,8.68,143
2021-05-20,9.08,9.08,9.08,9.08,0
2021-05-21,9.08,9.08,9.08,9.08,0
2021-05-24,9.08,9.08,9.08,9.08,0
2021-05-25,9.08,9.08,9.08,9.08,0
2021-05-26,9.08,9.08,9.08,9.08,0
2021-05-27,8.05,8.05,8.05,8.05,925
2021-05-28,8.84,8.84,8.84,8.84,100
2021-05-31,8.84,8.84,8.84,8.84,3000
2021-06-01,8.84,8.84,8.84,8.84,0
2021-06-02,7.97,8.53,7.97,7.97,5715
2021-06-03,7.97,7.97,7.97,7.97,3200
2021-06-04,8.61,8.68,8.29,8.29,1100
2021-06-07,8.05,8.05,8.05,8.05,600
2021-06-08,8.05,8.05,8.05,8.05,600
2021-06-09,7.82,7.82,7.82,7.82,1086
2021-06-10,7.82,7.82,7.82,7.82,0
2021-06-11,7.89,7.89,7.89,7.89,600
2021-06-14,8.29,8.37,7.97,7.97,4100
2021-06-15,7.97,7.97,7.97,7.97,0
2021-06-16,7.97,7.97,7.89,7.97,1385
2021-06-17,8.37,8.37,8.37,8.37,25004
2021-06-18,8.05,8.05,8.05,8.05,843
2021-06-21,8.13,8.13,8.13,8.13,200
2021-06-22,8.13,8.68,8.13,8.68,582
2021-06-23,8.21,8.21,8.13,8.21,825
2021-06-24,8.21,8.53,8.13,8.53,4428
2021-06-25,8.29,8.29,8.13,8.13,2237
2021-06-28,8.13,8.13,8.13,8.13,0
2021-06-29,8.29,8.53,8.29,8.53,900
2021-06-30,8.53,8.53,8.53,8.53,100
2021-07-01,8.37,8.37,8.37,8.37,212
2021-07-02,8.37,8.37,8.13,8.13,8600
2021-07-05,8.13,8.13,8.13,8.13,0
2021-07-06,8.21,8.21,8.13,8.13,800
2021-07-07,8.13,8.13,8.13,8.13,100
2021-07-08,8.13,8.13,8.13,8.13,30
2021-07-09,8.21,8.21,8.21,8.21,100
2021-07-12,8.21,8.21,8.21,8.21,0
2021-07-13,8.21,8.21,8.21,8.21,0
2021-07-14,8.21,8.21,8.21,8.21,0
2021-07-15,8.21,8.21,8.21,8.21,0
2021-07-16,8.21,8.29,8.21,8.21,1200
2021-07-19,8.68,8.68,8.68,8.68,100
2021-07-20,8.68,8.68,8.68,8.68,0
2021-07-21,7.89,8.92,7.89,8.92,400
2021-07-22,8.92,8.92,8.92,8.92,0
2021-07-23,8.92,8.92,8.92,8.92,0
2021-07-26,8.29,8.29,8.05,8.05,200
2021-07-27,8.05,8.05,8.05,8.05,900
2021-07-28,7.89,7.89,7.89,7.89,4672
2021-07-29,7.89,7.89,7.89,7.89,50
2021-07-30,7.74,7.74,7.74,7.74,100
2021-08-02,7.97,7.97,7.82,7.82,700
2021-08-03,7.42,7.66,7.11,7.66,13883
2021-08-04,7.5,7.58,7.5,7.58,1400
2021-08-05,7.42,7.66,7.42,7.66,1001
2021-08-06,7.82,7.82,7.5,7.5,4735
2021-08-09,7.5,7.5,7.5,7.5,0
2021-08-10,7.5,7.58,7.5,7.5,700
2021-08-11,7.5,7.5,6.79,7.42,155586
2021-08-12,7.5,7.74,7.5,7.74,6817
2021-08-13,7.74,7.74,7.74,7.74,0
2021-08-16,7.66,7.66,7.34,7.66,1597
2021-08-17,7.66,7.66,7.34,7.5,12471
2021-08-18,7.5,7.5,7.42,7.42,5200
2021-08-19,7.42,7.5,7.42,7.5,10500
2021-08-20,7.66,7.66,7.42,7.42,2280
2021-08-23,7.58,7.58,7.42,7.42,8600
2021-08-24,7.42,7.42,7.26,7.26,2300
2021-08-25,7.26,7.26,7.26,7.26,107
2021-08-26,7.34,7.34,7.34,7.34,1809
2021-08-27,7.34,7.34,7.26,7.34,7400
2021-08-30,7.34,7.58,7.34,7.58,4200
2021-08-31,7.74,7.82,7.66,7.82,5021
2021-09-01,7.74,7.74,7.66,7.66,2200
2021-09-06,7.66,7.74,7.18,7.74,4400
2021-09-07,7.74,7.74,7.74,7.74,1974
2021-09-08,7.5,7.5,7.5,7.5,1000
2021-09-09,7.82,8.21,7.82,8.21,10913
2021-09-10,8.21,8.68,8.21,8.68,1433
2021-09-13,8.68,8.68,8.68,8.68,0
2021-09-14,8.68,8.68,8.68,8.68,3277
2021-09-15,9.0,9.0,8.68,8.68,6902
2021-09-16,8.68,8.68,8.61,8.61,6681
2021-09-17,9.08,9.08,8.53,8.53,1956
2021-09-20,8.92,8.92,8.29,8.68,425
2021-09-21,8.45,8.61,8.45,8.61,400
2021-09-22,8.61,8.61,8.61,8.61,0
2021-09-23,8.61,8.61,8.61,8.61,400
2021-09-24,8.68,8.68,8.68,8.68,1005
2021-09-27,8.29,8.68,8.29,8.68,530
2021-09-28,8.68,8.68,8.68,8.68,0
2021-09-29,8.68,8.68,8.05,8.68,1478
2021-09-30,8.29,8.53,8.29,8.45,3230
2021-10-01,8.68,8.76,8.68,8.76,6872
2021-10-04,8.76,9.24,8.76,9.24,4250
2021-10-05,8.53,9.24,8.53,9.24,1420
2021-10-06,9.08,9.08,9.0,9.0,1700
2021-10-07,9.0,9.0,8.68,9.0,4302
2021-10-08,8.92,8.92,8.84,8.84,5000
2021-10-11,8.84,8.84,8.84,8.84,0
2021-10-12,8.84,8.84,8.61,8.61,2163
2021-10-13,9.08,9.08,8.68,8.68,791
2021-10-14,8.61,8.68,8.61,8.68,5569
2021-10-15,8.68,8.68,8.68,8.68,0
2021-10-18,8.53,8.68,8.53,8.68,680
2021-10-19,9.08,9.16,8.92,9.16,9285
2021-10-20,9.16,9.47,9.16,9.47,3618
2021-10-21,9.47,9.47,9.47,9.47,43
2021-10-22,9.08,9.08,8.84,9.08,1305
2021-10-25,9.47,9.47,9.39,9.39,4500
2021-10-26,9.39,9.63,8.92,9.63,18608
2021-10-27,9.63,9.63,9.63,9.63,7358
2021-10-28,8.92,9.63,8.92,9.63,6212
2021-10-29,9.63,9.71,9.63,9.71,23609
2021-11-01,10.26,10.26,10.18,10.18,3121
2021-11-02,9.39,9.39,9.39,9.39,913
2021-11-03,10.26,10.26,9.47,9.47,811
2021-11-04,10.34,10.34,9.47,9.47,2900
2021-11-05,9.47,9.47,9.47,9.47,500
2021-11-08,9.16,10.11,9.16,10.11,1929
2021-11-09,10.11,10.11,9.24,9.55,3460
2021-11-10,9.63,9.87,9.63,9.87,14057
2021-11-11,9.87,10.11,9.87,10.11,3600
2021-11-12,10.03,10.03,9.95,9.95,2300
2021-11-15,9.87,10.18,9.71,10.11,13200
2021-11-16,10.11,10.26,10.03,10.03,3080
2021-11-17,10.74,10.74,10.03,10.03,16340
2021-11-18,10.03,10.34,9.87,10.34,28341
2021-11-19,10.34,10.34,10.34,10.34,668
2021-11-22,9.87,9.87,9.87,9.87,500
2021-11-23,9.87,10.82,9.87,10.5,5531
2021-11-24,10.5,10.66,10.26,10.26,1000
2021-11-25,10.66,10.66,10.66,10.66,170
2021-11-26,10.66,10.66,9.87,9.87,657
2021-11-29,9.08,10.26,9.08,10.03,900
2021-11-30,10.26,10.26,10.26,10.26,2400
2021-12-01,10.26,10.26,10.03,10.26,500
2021-12-02,10.26,10.26,10.26,10.26,200
2021-12-03,10.26,10.26,10.11,10.11,1858
2021-12-06,10.11,10.11,9.79,9.79,1764
2021-12-07,10.26,10.26,9.79,9.79,3500
2021-12-08,10.26,10.26,9.87,10.11,868
2021-12-09,9.32,10.26,9.32,9.87,2239
2021-12-10,9.95,10.11,9.87,10.11,1900
2021-12-13,9.87,9.95,9.87,9.95,2000
2021-12-14,9.87,9.95,9.87,9.95,1640
2021-12-15,9.95,9.95,9.95,9.95,0
2021-12-16,9.95,9.95,9.87,9.95,3844
2021-12-17,9.95,9.95,9.87,9.87,1184
2021-12-20,9.95,10.11,9.95,9.95,1885
2021-12-21,10.26,10.26,9.47,10.11,4667
2021-12-22,9.95,10.03,9.95,10.03,2320
2021-12-23,9.87,10.18,9.87,10.18,25796
2021-12-24,10.18,10.26,9.87,10.26,2536
2021-12-27,9.87,10.18,9.87,10.18,1160
2021-12-28,10.18,10.18,10.18,10.18,0
2021-12-29,10.18,10.18,9.87,10.03,2400
2021-12-30,9.95,9.95,9.95,9.95,900
2021-12-31,10.03,10.03,9.47,9.47,8200
2022-01-04,9.47,9.47,9.47,9.47,36
2022-01-05,10.18,10.26,10.18,10.26,3135
2022-01-06,9.87,10.18,9.79,10.18,700
2022-01-07,9.95,10.18,9.87,9.87,5700
2022-01-10,9.87,10.26,9.87,10.18,4700
2022-01-11,10.26,10.26,9.87,10.26,7336
2022-01-12,9.71,9.71,9.71,9.71,120
2022-01-13,9.47,9.47,9.39,9.39,1505
2022-01-14,9.47,10.03,9.47,10.03,510
2022-01-17,10.03,10.03,9.55,9.55,1000
2022-01-18,9.55,9.55,9.55,9.55,0
2022-01-19,9.87,9.87,9.87,9.87,1000
2022-01-20,9.87,9.87,9.87,9.87,500
2022-01-21,9.87,10.26,9.87,10.26,400
2022-01-24,10.26,10.26,10.26,10.26,89
2022-01-25,10.11,10.11,10.11,10.11,500
2022-01-26,10.11,10.11,10.11,10.11,0
2022-01-27,10.11,10.11,10.11,10.11,0
2022-01-28,10.11,10.11,9.79,10.03,2055
2022-02-07,10.03,10.03,10.03,10.03,1200
2022-02-08,10.03,10.26,10.03,10.18,1600
2022-02-09,10.11,10.11,10.11,10.11,6300
2022-02-10,10.11,10.18,10.11,10.11,11035
2022-02-11,10.11,10.18,10.11,10.18,36260
2022-02-14,10.18,10.18,10.11,10.11,800
2022-02-15,10.11,10.11,9.87,10.11,14400
2022-02-16,10.11,10.11,10.11,10.11,7300
2022-02-17,10.11,10.11,9.16,9.55,4020
2022-02-18,9.71,9.71,9.71,9.71,206
2022-02-21,9.87,9.87,9.87,9.87,3329
2022-02-22,9.87,9.87,9.71,9.87,4400
2022-02-23,9.95,9.95,9.87,9.87,214
2022-02-24,9.87,10.03,9.87,9.95,1745
2022-02-25,9.87,10.11,9.87,9.95,5300
2022-02-28,9.95,9.95,9.87,9.87,3700
2022-03-01,9.32,10.74,9.32,9.55,3958
2022-03-02,9.55,9.63,9.55,9.63,2600
2022-03-03,10.11,10.11,9.71,10.03,1300
2022-03-04,10.03,10.03,9.95,10.03,1200
2022-03-07,10.03,10.03,9.95,10.03,6200
2022-03-08,10.03,10.26,10.03,10.11,18200
2022-03-09,10.11,10.18,10.11,10.18,2500
2022-03-10,10.03,10.03,10.03,10.03,5400
2022-03-11,10.03,10.03,10.03,10.03,2000
2022-03-14,10.03,10.03,10.03,10.03,9737
2022-03-15,9.95,10.03,9.87,9.87,3600
2022-03-16,9.95,10.11,9.95,10.03,338
2022-03-17,10.03,10.03,10.03,10.03,900
2022-03-18,10.03,10.03,9.95,9.95,1500
2022-03-21,9.95,9.95,9.95,9.95,3700
2022-03-22,10.03,10.03,10.03,10.03,1043
2022-03-23,10.03,10.03,10.03,10.03,500
2022-03-24,9.95,10.18,9.47,10.18,5860
2022-03-25,10.18,10.18,10.18,10.18,4
2022-03-28,10.18,10.18,10.03,10.03,400
2022-03-29,9.95,10.03,9.95,9.95,3037
2022-03-30,9.95,9.95,9.87,9.87,1500
2022-03-31,9.87,9.95,9.87,9.95,1100
2022-04-01,10.03,10.03,10.03,10.03,5800
2022-04-04,9.87,10.11,9.87,9.87,13243
2022-04-05,9.79,9.87,9.79,9.87,600
2022-04-06,9.87,9.87,9.87,9.87,0
2022-04-07,9.95,9.95,9.95,9.95,100
2022-04-08,10.26,10.26,10.03,10.03,6200
2022-04-12,10.66,10.66,10.03,10.11,12500
2022-04-13,10.03,10.03,10.03,10.03,3900
2022-04-14,10.03,10.03,10.03,10.03,0
2022-04-15,10.11,10.11,10.03,10.03,7200
2022-04-18,10.03,10.03,10.03,10.03,2061
2022-04-19,10.03,10.26,10.03,10.26,3112
2022-04-20,10.03,10.03,10.03,10.03,3000
2022-04-21,10.03,10.03,9.32,9.32,12040
2022-04-22,9.47,10.11,9.47,10.11,400
2022-04-25,10.03,10.03,10.03,10.03,9943
2022-04-26,10.03,10.03,10.03,10.03,3400
2022-04-27,10.03,10.03,10.03,10.03,0
2022-04-28,9.95,10.03,9.95,10.03,300
2022-04-29,9.95,10.11,9.63,10.11,3900
2022-05-04,9.87,9.87,9.87,9.87,100
2022-05-05,10.03,10.11,10.03,10.11,6200
2022-05-06,9.16,10.26,9.16,9.79,1980
2022-05-09,9.16,9.16,9.0,9.0,640
2022-05-10,9.87,9.87,9.87,9.87,100
2022-05-11,9.87,9.87,9.79,9.79,400
2022-05-12,9.71,9.79,9.32,9.79,900
2022-05-13,9.47,9.47,9.47,9.47,200
2022-05-16,10.42,10.42,10.42,10.42,100
2022-05-17,9.71,9.71,9.71,9.71,200
2022-05-18,9.71,9.71,9.71,9.71,100
2022-05-19,10.66,10.66,10.58,10.58,257
2022-05-20,10.58,10.58,10.58,10.58,0
2022-05-23,10.34,10.34,9.55,10.26,2600
2022-05-24,9.87,9.87,9.71,9.71,2800
2022-05-25,9.87,9.87,9.0,9.0,771
2022-05-26,9.24,9.24,9.08,9.08,2874
2022-05-27,9.24,9.55,9.24,9.55,2700
2022-05-30,9.79,9.79,9.79,9.79,502
2022-05-31,9.79,9.79,9.79,9.79,2600
2022-06-01,9.79,9.79,9.79,9.79,0
2022-06-02,9.79,9.79,9.63,9.79,3949
2022-06-03,9.79,9.79,9.79,9.79,0
2022-06-06,9.63,9.63,9.63,9.63,400
2022-06-07,9.39,9.87,9.08,9.87,24872
2022-06-08,9.95,9.95,9.87,9.87,1900
2022-06-09,9.87,9.87,9.87,9.87,2120
2022-06-10,9.87,9.95,9.63,9.95,5810
2022-06-13,9.63,9.71,9.63,9.71,1696
2022-06-14,9.87,9.87,9.87,9.87,616
2022-06-15,9.87,9.87,9.79,9.79,3149
2022-06-16,9.79,9.79,9.63,9.79,2301
2022-06-17,9.39,9.39,9.32,9.32,1871
2022-06-20,9.63,9.63,9.47,9.63,6000
2022-06-21,9.63,9.63,9.63,9.63,3000
2022-06-22,9.63,9.87,9.63,9.87,200
2022-06-23,9.87,9.87,9.87,9.87,0
2022-06-24,9.87,9.87,9.87,9.87,0
2022-06-27,9.95,9.95,9.95,9.95,3000
2022-06-28,9.71,10.03,9.63,10.03,19529
2022-06-29,10.03,10.03,10.03,10.03,2200
2022-06-30,10.03,10.62,10.03,10.62,8560
2022-07-01,10.62,10.62,10.62,10.62,0
2022-07-04,10.62,10.62,10.62,10.62,0
2022-07-05,9.86,10.62,9.86,10.62,8900
2022-07-06,10.95,11.63,10.95,11.63,5600
2022-07-07,11.63,11.63,11.63,11.63,300
2022-07-08,11.37,12.47,10.78,10.95,20300
2022-07-11,12.05,12.05,10.62,12.05,14500
2022-07-12,12.05,12.05,12.05,12.05,9471
2022-07-13,12.05,12.05,12.05,12.05,8200
2022-07-14,12.05,12.05,12.05,12.05,98
2022-07-15,12.05,12.05,12.05,12.05,15
2022-07-18,12.05,12.05,12.05,12.05,0
2022-07-19,12.64,12.64,12.64,12.64,8529
2022-07-20,12.64,12.89,12.64,12.89,2300
2022-07-21,12.89,12.89,12.89,12.89,6500
2022-07-22,12.72,13.06,12.72,13.06,11687
2022-07-25,13.06,13.06,13.06,13.06,2586
2022-07-26,12.98,13.06,12.98,13.06,600
2022-07-27,12.89,12.89,12.89,12.89,775
2022-07-28,13.48,13.48,12.89,12.89,4300
2022-07-29,12.89,12.98,12.89,12.98,2342
2022-08-01,12.98,13.23,12.98,13.23,2662
2022-08-02,13.06,13.06,12.3,12.39,3816
2022-08-03,13.31,13.48,13.31,13.48,10900
2022-08-04,13.48,13.48,13.48,13.48,0
2022-08-05,12.13,13.48,12.13,13.4,4112
2022-08-08,13.48,13.48,13.48,13.48,200
2022-08-09,13.48,13.48,13.48,13.48,200
2022-08-10,13.48,13.48,13.48,13.48,0
2022-08-11,13.48,13.57,12.22,13.48,120700
2022-08-12,12.47,13.48,12.22,13.48,5853
2022-08-15,13.48,13.48,13.48,13.48,0
2022-08-16,13.48,13.48,13.48,13.48,0
2022-08-17,12.39,13.4,12.39,13.4,200
2022-08-18,12.64,13.06,12.64,12.98,1400
2022-08-19,12.64,12.64,12.64,12.64,300
2022-08-22,13.23,13.23,13.23,13.23,1179
2022-08-23,13.23,13.48,13.23,13.48,6000
2022-08-24,13.48,13.48,13.48,13.48,1400
2022-08-25,12.39,13.48,12.39,13.48,2503
2022-08-26,13.48,13.48,13.48,13.48,500
2022-08-29,13.48,13.48,13.48,13.48,0
2022-08-30,12.47,13.48,12.47,13.48,500
2022-08-31,13.48,13.48,13.48,13.48,1500
2022-09-05,13.48,13.48,13.48,13.48,100
2022-09-06,13.48,13.48,13.48,13.48,96
2022-09-07,13.48,13.48,13.48,13.48,0
2022-09-08,13.48,13.48,13.48,13.48,0
2022-09-09,13.4,13.48,12.72,12.72,7100
2022-09-12,12.72,12.72,12.72,12.72,132
2022-09-13,12.89,12.89,12.89,12.89,4126
2022-09-14,12.89,12.89,12.89,12.89,973
2022-09-15,12.89,12.89,12.89,12.89,2565
2022-09-16,12.89,12.89,12.89,12.89,1494
2022-09-19,12.89,12.89,12.89,12.89,1801
2022-09-20,12.89,12.89,12.89,12.89,779
2022-09-21,12.89,12.89,12.89,12.89,400
2022-09-22,12.64,13.65,12.64,13.48,4362
2022-09-23,13.48,13.48,13.48,13.48,500
2022-09-26,13.48,13.48,13.48,13.48,501
2022-09-27,13.48,13.48,13.48,13.48,0
2022-09-28,13.06,13.48,13.06,13.48,500
2022-09-29,13.48,13.48,13.48,13.48,17
2022-09-30,12.89,13.48,12.89,13.48,707
2022-10-03,12.89,12.89,12.89,12.89,355
2022-10-04,12.98,12.98,12.98,12.98,2200
2022-10-05,12.98,12.98,12.98,12.98,0
2022-10-06,12.98,12.98,12.98,12.98,2622
2022-10-07,12.98,12.98,12.98,12.98,24
2022-10-10,12.64,12.64,12.64,12.64,21000
2022-10-11,11.37,13.4,11.37,13.4,284
2022-10-12,12.3,13.06,12.3,13.06,3780
2022-10-13,13.06,13.06,13.06,13.06,17
2022-10-14,13.23,13.23,13.23,13.23,10200
2022-10-17,12.22,13.06,12.22,13.06,1100
2022-10-18,13.23,13.23,13.23,13.23,700
2022-10-19,13.23,13.23,13.23,13.23,0
2022-10-20,13.23,13.23,13.23,13.23,55
2022-10-21,13.23,13.23,13.23,13.23,58
2022-10-24,11.96,13.23,11.96,13.23,431
2022-10-25,13.23,13.23,13.23,13.23,3
2022-10-26,12.3,12.3,12.3,12.3,11587
2022-10-27,12.3,12.3,12.22,12.3,11200
2022-10-28,12.3,12.3,12.3,12.3,96
2022-10-31,12.3,13.48,12.3,13.48,13229
2022-11-01,13.06,13.48,13.06,13.48,3364
2022-11-02,13.4,13.4,13.4,13.4,100
2022-11-03,13.4,13.4,13.4,13.4,0
2022-11-04,12.89,13.4,12.13,13.4,1472
2022-11-07,13.4,13.4,13.4,13.4,0
2022-11-08,13.4,13.4,13.4,13.4,0
2022-11-09,13.4,13.4,13.4,13.4,0
2022-11-10,13.4,13.4,13.4,13.4,0
2022-11-11,13.48,13.48,13.48,13.48,100
2022-11-14,13.48,13.48,13.48,13.48,0
2022-11-15,13.48,13.48,13.48,13.48,0
2022-11-16,13.48,13.48,13.48,13.48,0
2022-11-17,13.48,13.48,13.48,13.48,0
2022-11-18,13.48,13.48,13.48,13.48,0
2022-11-21,12.13,12.98,12.13,12.98,1175
2022-11-22,11.8,12.89,11.8,12.89,477
2022-11-23,12.89,12.89,12.89,12.89,0
2022-11-24,12.89,12.89,12.89,12.89,0
2022-11-25,12.89,12.89,12.89,12.89,0
2022-11-28,12.64,12.64,11.8,11.8,1200
2022-11-29,10.87,10.87,10.87,10.87,557
2022-11-30,10.19,11.88,10.19,11.71,700
2022-12-01,10.78,12.64,10.7,12.64,1078
2022-12-02,11.8,13.14,11.8,13.14,3101
2022-12-05,13.06,13.06,13.06,13.06,185
2022-12-06,13.06,13.06,13.06,13.06,0
2022-12-07,12.64,12.64,12.55,12.55,1200
2022-12-08,12.55,12.55,12.55,12.55,0
2022-12-09,11.88,11.88,11.88,11.88,100
2022-12-12,12.81,12.81,12.81,12.81,100
2022-12-13,12.81,12.81,12.81,12.81,0
2022-12-14,12.81,12.81,12.81,12.81,0
2022-12-15,11.8,12.81,11.8,12.81,1500
2022-12-16,12.64,12.64,12.64,12.64,100
2022-12-19,12.64,12.64,12.64,12.64,250
2022-12-20,12.22,12.55,12.22,12.55,301
2022-12-21,12.55,12.55,12.55,12.55,0
2022-12-22,11.54,12.55,11.54,12.55,200
2022-12-23,11.8,12.47,11.8,12.47,1700
2022-12-26,12.47,12.47,12.47,12.47,22
2022-12-27,12.47,12.47,12.47,12.47,0
2022-12-28,12.47,13.36,12.47,13.36,300
2022-12-29,13.36,13.36,13.36,13.36,0
2022-12-30,13.36,13.36,13.36,13.36,0
2023-01-03,13.36,13.36,13.36,13.36,50
2023-01-04,13.36,13.36,13.36,13.36,0
2023-01-05,13.18,13.18,13.18,13.18,1204
2023-01-06,13.18,13.18,13.18,13.18,0
2023-01-09,13.18,13.18,13.18,13.18,1
2023-01-10,13.18,13.18,13.18,13.18,0
2023-01-11,13.18,13.18,13.18,13.18,0
2023-01-12,13.18,13.18,13.18,13.18,0
2023-01-13,13.0,13.18,13.0,13.18,3200
2023-01-16,13.18,13.18,13.18,13.18,6792
2023-01-17,13.18,13.18,13.18,13.18,114
2023-01-18,12.29,13.09,12.29,13.09,600
2023-01-19,13.09,13.09,13.09,13.09,0
2023-01-27,13.09,13.09,13.09,13.09,0
2023-01-30,13.09,13.09,13.09,13.09,0
2023-01-31,13.09,13.09,13.09,13.09,2600
2023-02-01,13.09,13.09,13.09,13.09,0
2023-02-02,13.09,13.09,13.09,13.09,10
2023-02-03,13.54,13.54,13.54,13.54,100
2023-02-06,13.63,14.25,13.63,14.25,2000
2023-02-07,14.25,14.25,14.25,14.25,0
2023-02-08,14.25,14.25,14.25,14.25,0
2023-02-09,14.25,14.25,14.25,14.25,0
2023-02-10,14.25,14.25,14.25,14.25,0
2023-02-13,14.25,14.25,14.25,14.25,0
2023-02-14,14.25,14.25,14.25,14.25,0
2023-02-15,14.25,14.25,14.25,14.25,87
2023-02-16,14.25,14.25,14.25,14.25,0
2023-02-17,14.25,14.25,14.25,14.25,0
2023-02-20,14.25,14.25,14.25,14.25,0
2023-02-21,12.83,13.98,12.83,13.98,2714
2023-02-22,13.98,13.98,13.98,13.98,0
2023-02-23,13.98,13.98,13.98,13.98,4000
2023-02-24,13.98,13.98,13.98,13.98,0
2023-02-27,13.36,13.36,13.36,13.36,4529
2023-02-28,12.47,12.47,12.47,12.47,258
2023-03-01,12.47,12.47,12.47,12.47,7
2023-03-02,12.47,12.47,12.47,12.47,0
2023-03-03,12.47,12.47,12.47,12.47,0
2023-03-06,13.63,13.63,13.63,13.63,135
2023-03-07,12.29,13.63,12.29,13.63,7100
2023-03-08,13.63,13.63,13.63,13.63,10000
2023-03-09,13.63,13.63,13.63,13.63,48
2023-03-10,13.63,13.63,13.63,13.63,0
2023-03-13,13.63,13.63,13.63,13.63,0
2023-03-14,13.36,14.16,13.36,14.16,1230
2023-03-15,14.16,14.16,14.16,14.16,0
2023-03-16,14.16,14.16,14.16,14.16,0
2023-03-17,14.16,14.16,14.16,14.16,0
2023-03-20,14.16,14.16,14.16,14.16,0
2023-03-21,14.16,14.16,14.16,14.16,0
2023-03-22,13.63,13.98,13.63,13.98,2000
2023-03-23,13.98,13.98,13.98,13.98,0
2023-03-24,13.98,13.98,13.98,13.98,0
2023-03-27,13.98,13.98,13.98,13.98,0
2023-03-28,13.98,13.98,13.98,13.98,0
2023-03-29,13.36,13.63,13.36,13.63,200
2023-03-30,13.63,13.63,13.63,13.63,0
2023-03-31,13.63,13.63,13.63,13.63,7
2023-04-03,13.63,13.81,13.63,13.81,700
2023-04-04,13.81,13.81,13.81,13.81,0
2023-04-05,13.72,13.72,13.72,13.72,1576
2023-04-06,13.72,13.72,13.72,13.72,1
2023-04-07,13.63,13.63,13.45,13.45,799
2023-04-10,12.56,12.56,12.56,12.56,117
2023-04-11,12.56,12.56,12.56,12.56,0
2023-04-12,13.27,13.27,13.27,13.27,400
2023-04-13,13.27,14.34,13.27,14.34,2000
2023-04-14,14.34,14.34,14.34,14.34,0
2023-04-17,13.81,14.25,13.45,14.25,1935
2023-04-18,13.54,13.54,13.54,13.54,110
2023-04-19,13.54,13.54,13.54,13.54,20
2023-04-20,12.38,13.72,12.38,13.72,300
2023-04-21,12.38,13.54,12.38,13.54,322
2023-04-24,12.38,12.38,12.38,12.38,200
2023-04-25,12.38,13.27,12.38,13.27,252
2023-04-26,12.38,12.56,12.2,12.56,1463
2023-04-27,12.56,13.0,12.47,12.47,20407
2023-04-28,12.65,12.65,12.65,12.65,426
2023-05-04,13.18,13.18,13.18,13.18,100
2023-05-05,13.18,13.18,13.18,13.18,157
2023-05-08,13.09,13.09,13.09,13.09,833
2023-05-09,13.09,13.09,13.09,13.09,0
2023-05-10,12.47,12.47,12.47,12.47,358
2023-05-11,13.0,13.27,12.47,12.47,701
2023-05-12,13.09,13.72,13.09,13.72,370
2023-05-15,12.47,13.72,12.47,13.72,1400
2023-05-16,13.72,13.72,13.72,13.72,0
2023-05-17,12.47,12.56,12.38,12.38,504
2023-05-18,12.11,13.45,11.22,13.45,94100
2023-05-19,13.45,13.45,12.56,12.56,1600
2023-05-22,12.56,13.09,12.56,13.09,1100
2023-05-23,12.92,14.16,12.92,14.16,1172
2023-05-24,13.0,13.0,13.0,13.0,1508
2023-05-25,13.0,13.0,13.0,13.0,500
2023-05-26,14.25,14.25,14.25,14.25,600
2023-05-29,14.25,14.25,14.25,14.25,0
2023-05-30,13.36,13.36,13.36,13.36,100
2023-05-31,13.9,13.9,13.9,13.9,100
2023-06-01,13.9,13.9,13.9,13.9,0
2023-06-02,13.54,13.9,12.92,12.92,901
2023-06-05,12.92,12.92,12.92,12.92,1601
2023-06-06,13.27,13.27,13.27,13.27,405
2023-06-07,13.27,13.27,13.27,13.27,230
2023-06-08,13.27,13.27,13.27,13.27,1200
2023-06-09,12.29,12.29,12.29,12.29,300
2023-06-12,13.27,13.45,13.27,13.36,333
2023-06-13,12.56,12.56,12.29,12.29,3200
2023-06-14,12.29,12.29,12.29,12.29,51
2023-06-15,12.29,12.83,12.29,12.83,1400
2023-06-16,12.83,12.83,12.83,12.83,0
2023-06-19,12.29,12.47,12.29,12.47,602
2023-06-20,12.47,12.47,12.47,12.47,0
2023-06-21,12.47,12.47,12.38,12.47,2804
2023-06-22,12.83,13.63,12.83,13.63,403
2023-06-23,13.63,13.63,13.63,13.63,3
2023-06-26,13.63,13.63,13.63,13.63,100
2023-06-27,13.63,13.63,13.63,13.63,0
2023-06-28,13.36,13.36,13.36,13.36,1638
2023-06-29,13.36,13.36,13.36,13.36,50
2023-06-30,13.36,13.36,13.36,13.36,0
2023-07-03,13.36,13.36,13.36,13.36,0
2023-07-04,13.36,13.36,13.36,13.36,0
2023-07-05,12.38,12.38,12.38,12.38,300
2023-07-06,12.29,12.92,11.22,12.92,86138
2023-07-07,12.92,12.92,12.92,12.92,111
2023-07-10,12.92,12.92,11.67,12.65,4629
2023-07-11,12.56,12.65,12.56,12.65,1000
2023-07-12,12.47,12.47,11.94,11.94,900
2023-07-13,11.94,11.94,11.94,11.94,400
2023-07-14,12.02,12.02,12.02,12.02,516
2023-07-17,12.02,12.02,12.02,12.02,1303
2023-07-18,12.02,12.02,12.02,12.02,0
2023-07-19,12.02,12.02,12.02,12.02,733
2023-07-20,12.29,12.29,12.02,12.02,411
2023-07-21,12.02,12.02,12.02,12.02,2019
2023-07-24,12.02,12.02,12.02,12.02,203
2023-07-25,11.85,12.2,11.85,12.2,1141
2023-07-26,12.2,12.2,12.2,12.2,40
2023-07-27,12.2,12.2,12.2,12.2,102
2023-07-28,12.2,12.29,12.2,12.29,1200
2023-07-31,12.29,12.47,12.29,12.29,1400
2023-08-01,12.29,12.29,12.29,12.29,15
2023-08-02,12.29,12.29,12.29,12.29,105
2023-08-03,12.38,13.0,12.38,13.0,514
2023-08-04,12.92,13.09,12.92,13.09,201
2023-08-07,13.09,13.09,13.09,13.09,1
2023-08-08,12.02,13.0,12.02,12.11,3201
2023-08-09,12.11,12.11,12.11,12.11,113
2023-08-10,12.11,12.11,12.11,12.11,889
2023-08-11,12.74,12.74,12.11,12.11,1301
2023-08-14,11.85,12.83,11.85,12.83,1800
2023-08-15,12.83,12.83,12.83,12.83,0
2023-08-16,12.11,12.11,11.67,11.67,6700
2023-08-17,11.67,12.65,11.67,12.65,1454
2023-08-18,12.11,12.38,12.11,12.38,1106
2023-08-21,12.2,12.2,12.11,12.11,1000
2023-08-22,12.11,12.11,12.02,12.02,1000
2023-08-23,12.02,12.02,11.58,12.02,1688
2023-08-24,11.58,11.94,11.58,11.67,1012
2023-08-25,11.76,12.02,11.76,12.02,436
2023-08-28,12.12,12.12,11.75,11.75,401
2023-08-29,11.75,11.75,11.75,11.75,2
2023-08-30,11.75,11.75,11.75,11.75,0
2023-08-31,12.21,12.75,12.21,12.75,319
2023-09-05,12.57,12.75,12.57,12.75,1570
2023-09-06,12.75,12.75,12.75,12.75,0
2023-09-07,12.75,12.75,12.75,12.75,1
2023-09-08,12.75,12.75,12.75,12.75,40
2023-09-11,12.75,12.75,12.75,12.75,19
2023-09-12,12.75,12.75,12.75,12.75,30
2023-09-13,12.39,12.39,12.3,12.3,3188
2023-09-14,12.3,12.3,12.3,12.3,4
2023-09-15,12.3,12.3,12.3,12.3,105
2023-09-18,13.48,13.48,13.48,13.48,123
2023-09-19,13.48,13.48,13.48,13.48,0
2023-09-20,13.12,13.48,13.12,13.48,2115
2023-09-21,12.21,12.21,12.21,12.21,500
2023-09-22,12.21,12.21,12.21,12.21,136
2023-09-25,13.39,13.39,13.39,13.39,100
2023-09-26,12.21,12.3,12.12,12.12,2150
2023-09-27,12.12,12.12,12.12,12.12,506
2023-09-28,12.12,12.12,12.12,12.12,1487
2023-09-29,11.93,12.12,11.93,12.12,1326
2023-10-02,12.12,13.3,12.12,13.3,1100
2023-10-03,13.3,13.3,13.3,13.3,47
2023-10-04,12.12,13.3,12.12,13.3,8513
2023-10-05,13.3,13.3,13.3,13.3,43
2023-10-06,12.3,12.3,12.3,12.3,100
2023-10-09,12.3,12.3,12.3,12.3,0
2023-10-10,12.3,12.3,12.3,12.3,0
2023-10-11,12.94,12.94,12.94,12.94,305
2023-10-12,13.3,13.3,13.3,13.3,400
2023-10-13,13.3,13.3,13.3,13.3,0
2023-10-16,13.3,13.3,13.3,13.3,0
2023-10-17,12.94,12.94,12.84,12.84,531
2023-10-18,12.84,12.84,12.84,12.84,0
2023-10-19,11.57,12.75,11.57,12.75,212
2023-10-20,12.75,12.75,12.75,12.75,0
2023-10-23,11.84,13.66,11.48,13.66,8600
2023-10-24,12.3,13.66,12.3,13.66,2219
2023-10-25,13.66,13.66,12.3,13.66,5300
2023-10-26,13.66,13.66,13.66,13.66,0
2023-10-27,13.66,13.66,13.66,13.66,0
2023-10-30,12.3,12.66,12.3,12.66,5100
2023-10-31,11.66,12.75,11.48,12.75,5289
2023-11-01,11.75,12.75,11.57,12.75,12390
2023-11-02,11.75,11.75,11.75,11.75,100
2023-11-03,12.21,12.21,12.21,12.21,100
2023-11-06,12.21,12.21,12.21,12.21,3
2023-11-07,12.21,12.21,12.21,12.21,0
2023-11-08,12.21,12.21,12.21,12.21,1
2023-11-09,11.93,12.21,11.93,12.21,2000
2023-11-10,12.21,12.21,12.12,12.12,300
2023-11-13,11.84,13.3,11.84,13.3,2805
2023-11-14,13.3,13.3,13.3,13.3,0
2023-11-15,13.21,13.21,13.21,13.21,291
2023-11-16,11.93,13.21,11.93,13.21,475
2023-11-17,12.02,12.02,12.02,12.02,808
2023-11-20,12.12,12.12,12.12,12.12,2400
2023-11-21,11.93,11.93,11.84,11.84,684
2023-11-22,12.21,12.21,12.21,12.21,151
2023-11-23,12.3,12.3,11.48,11.48,2886
2023-11-24,11.66,11.75,11.66,11.75,4400
2023-11-27,11.93,12.02,11.93,12.02,4046
2023-11-28,12.02,12.02,12.02,12.02,6200
2023-11-29,12.02,12.02,12.02,12.02,411
2023-11-30,12.75,13.21,12.75,12.84,702
2023-12-01,11.75,13.03,11.75,13.03,606
2023-12-04,12.02,12.02,12.02,12.02,202
2023-12-05,12.94,12.94,11.75,12.75,2520
2023-12-06,12.75,12.75,12.75,12.75,200
2023-12-07,12.75,12.75,12.39,12.39,700
2023-12-08,12.39,12.66,12.39,12.66,200
2023-12-11,11.48,13.03,11.48,13.03,1689
2023-12-12,13.03,13.03,13.03,13.03,90
2023-12-13,13.03,13.03,13.03,13.03,0
2023-12-14,11.84,12.39,11.84,12.02,734
2023-12-15,13.21,13.21,11.84,11.84,1230
2023-12-18,12.75,12.75,12.75,12.75,500
2023-12-19,11.84,12.75,11.84,12.75,1610
2023-12-20,12.75,12.75,12.75,12.75,0
2023-12-21,12.66,12.75,12.48,12.75,3520
2023-12-22,12.66,12.66,12.66,12.66,1001
2023-12-25,12.66,12.66,12.66,12.66,105
2023-12-26,12.66,13.12,12.66,13.12,2893
2023-12-27,13.97,13.97,13.97,13.97,100
2023-12-28,13.97,13.97,13.97,13.97,0
2023-12-29,12.65,13.97,12.65,13.97,2442
2024-01-02,14.16,14.16,14.16,14.16,100
2024-01-03,12.83,14.06,12.83,14.06,1027
2024-01-04,13.97,14.63,13.97,14.53,1400
2024-01-05,14.16,14.53,14.16,14.53,2168
2024-01-08,14.53,14.53,14.53,14.53,0
2024-01-09,14.53,14.53,14.53,14.53,0
2024-01-10,14.44,14.53,14.44,14.53,400
2024-01-11,14.53,14.53,14.53,14.53,5
2024-01-12,13.21,13.68,13.21,13.68,85420
2024-01-15,12.55,13.21,12.55,13.21,8687
2024-01-16,13.21,13.21,13.21,13.21,100
2024-01-17,12.65,13.21,12.65,13.21,148700
2024-01-18,13.21,13.21,12.83,13.21,68320
2024-01-19,13.68,13.68,13.68,13.68,125
2024-01-22,12.74,13.59,12.36,13.59,8815
2024-01-23,12.46,14.25,12.27,14.25,31300
2024-01-24,13.31,14.06,12.83,14.06,38310
2024-01-25,13.97,15.1,13.02,13.97,2000
2024-01-26,13.78,13.78,13.78,13.78,2000
2024-01-29,13.78,13.78,13.78,13.78,4848
2024-01-30,13.78,13.78,13.78,13.78,1327
2024-01-31,13.78,14.53,13.78,14.53,5400
2024-02-01,14.53,14.53,14.53,14.53,0
2024-02-02,14.53,14.63,14.53,14.63,2200
2024-02-05,14.63,14.63,14.63,14.63,0
2024-02-06,14.63,14.63,14.63,14.63,0
2024-02-07,14.53,14.63,14.53,14.63,4250
2024-02-15,14.63,14.63,14.63,14.63,0
2024-02-16,14.63,14.63,14.63,14.63,0
2024-02-19,14.34,14.34,14.34,14.34,600
2024-02-20,14.34,14.34,14.34,14.34,0
2024-02-21,14.34,14.34,14.34,14.34,104
2024-02-22,14.34,14.34,14.34,14.34,50
2024-02-23,14.34,14.34,14.34,14.34,0
2024-02-26,14.44,14.53,14.44,14.53,18000
2024-02-27,14.53,14.53,14.53,14.53,0
2024-02-28,13.68,14.53,13.68,14.53,1790
2024-02-29,14.16,14.63,14.16,14.63,1201
2024-03-01,14.34,14.63,14.34,14.63,3400
2024-03-04,14.53,14.63,14.53,14.63,2873
2024-03-05,14.16,14.63,14.16,14.63,3864
2024-03-06,13.5,14.91,13.31,14.91,1175
2024-03-07,14.91,14.91,14.91,14.91,810
2024-03-08,14.91,15.1,14.44,15.1,10900
2024-03-11,15.1,15.1,14.91,14.91,300
2024-03-12,15.0,15.0,15.0,15.0,300
2024-03-13,14.91,14.91,14.91,14.91,126
2024-03-14,13.78,14.82,13.78,14.82,4362
2024-03-15,14.82,14.82,14.82,14.82,100
2024-03-18,13.59,14.72,13.59,14.72,1453
2024-03-19,14.44,14.91,14.44,14.91,4800
2024-03-20,14.91,14.91,14.91,14.91,1002
2024-03-21,14.91,14.91,13.87,14.91,600
2024-03-22,14.91,16.04,14.91,16.04,4207
2024-03-25,16.04,16.04,16.04,16.04,0
2024-03-26,16.04,16.04,16.04,16.04,0
2024-03-27,16.04,16.04,16.04,16.04,0
2024-03-28,16.04,16.04,16.04,16.04,0
2024-03-29,16.04,16.04,16.04,16.04,0
2024-04-01,15.67,15.67,15.48,15.57,11500
2024-04-02,15.1,15.57,15.1,15.57,16486
2024-04-03,15.57,15.57,15.57,15.57,0
2024-04-04,15.57,15.57,15.57,15.57,10001
2024-04-05,15.48,15.76,15.48,15.76,5257
2024-04-08,15.76,15.76,15.76,15.76,100
2024-04-09,15.76,15.76,15.57,15.57,1100
2024-04-10,15.57,15.57,14.44,15.57,800
2024-04-11,15.57,15.57,15.57,15.57,900
2024-04-12,14.72,15.57,14.72,15.57,800
2024-04-15,15.57,15.57,15.57,15.57,2
2024-04-16,14.63,15.48,14.16,15.48,8600
2024-04-17,15.0,15.29,15.0,15.29,1100
2024-04-19,15.0,15.76,14.63,14.63,7000
2024-04-22,14.34,15.76,14.34,15.76,3300
2024-04-23,15.76,15.76,15.76,15.76,10500
2024-04-24,15.76,15.76,15.76,15.76,0
2024-04-25,14.63,15.76,14.53,15.76,2100
2024-04-26,15.76,15.76,15.76,15.76,0
2024-05-02,15.76,15.76,15.76,15.76,5181
2024-05-03,15.76,15.76,15.76,15.76,1
2024-05-06,15.76,15.76,14.53,14.53,4902
2024-05-07,15.57,15.57,15.57,15.57,157
2024-05-08,14.63,15.76,14.63,15.76,2306
2024-05-09,15.67,15.67,15.67,15.67,200
2024-05-10,15.1,15.1,14.72,14.72,410
2024-05-13,14.82,14.82,14.82,14.82,396
2024-05-14,15.1,15.1,14.91,14.91,800
2024-05-15,14.82,15.1,14.82,15.1,4003
2024-05-16,15.57,15.57,15.57,15.57,336
2024-05-17,15.76,15.76,15.76,15.76,4900
2024-05-20,15.76,15.76,15.76,15.76,136
2024-05-21,15.76,15.76,15.76,15.76,101
2024-05-22,14.53,15.76,14.53,15.76,4754
2024-05-23,15.95,15.95,15.95,15.95,100
2024-05-24,16.04,16.04,14.53,16.04,7908
2024-05-27,16.04,16.04,16.04,16.04,68
2024-05-28,14.72,15.85,14.72,15.85,2988
2024-05-29,15.85,15.85,15.85,15.85,99
2024-05-30,14.72,15.85,14.63,15.85,3416
2024-05-31,15.1,15.85,15.1,15.85,8000
2024-06-03,15.85,15.85,15.85,15.85,0
2024-06-04,14.82,16.23,14.82,16.23,74500
2024-06-05,16.23,16.23,16.23,16.23,502
2024-06-06,16.23,16.23,16.23,16.23,0
2024-06-07,16.23,17.84,16.23,17.84,4700
2024-06-10,17.84,17.84,17.84,17.84,2000
2024-06-11,16.51,17.46,16.51,17.46,3826
2024-06-12,17.46,17.46,17.46,17.46,201
2024-06-13,17.46,17.46,17.46,17.46,5800
2024-06-14,17.46,17.46,17.46,17.46,0
2024-06-17,16.99,17.46,16.99,17.46,1100
2024-06-18,15.76,17.46,15.76,17.46,393
2024-06-19,17.46,18.87,17.46,18.87,4614
2024-06-20,18.87,18.87,18.4,18.4,757
2024-06-21,17.93,20.2,17.93,20.2,1310
2024-06-24,18.21,21.52,18.21,21.52,9243
2024-06-25,21.52,21.52,21.52,21.52,0
2024-06-26,21.52,21.52,21.52,21.52,104
2024-06-27,21.52,21.52,21.52,21.52,100
2024-06-28,19.44,23.59,19.44,23.59,5590
2024-07-01,23.59,23.59,23.59,23.59,28
2024-07-02,23.59,25.48,23.59,24.06,610
2024-07-03,21.8,25.48,21.71,25.48,5710
2024-07-04,23.59,26.42,23.59,26.42,2107
2024-07-05,26.42,26.42,26.42,26.42,0
2024-07-08,25.48,25.48,24.06,24.63,3278
2024-07-09,23.59,25.48,23.59,25.48,300
2024-07-10,24.54,24.54,23.59,23.59,900
2024-07-11,23.59,23.59,23.59,23.59,2
2024-07-12,23.59,23.59,23.59,23.59,5
2024-07-15,23.59,23.59,23.59,23.59,0
2024-07-16,25.48,25.48,25.48,25.48,300
2024-07-17,25.48,25.48,25.48,25.48,1000
2024-07-18,25.48,25.48,25.48,25.48,60
2024-07-19,25.48,25.48,25.48,25.48,0
2024-07-22,25.48,25.48,25.48,25.48,1
2024-07-23,25.48,25.48,25.48,25.48,0
2024-07-24,25.48,25.48,25.48,25.48,7
2024-07-25,25.48,25.48,25.48,25.48,0
2024-07-26,25.48,25.48,25.48,25.48,0
2024-07-29,25.48,25.48,25.48,25.48,10000
2024-07-30,23.69,23.69,23.69,23.69,400
2024-07-31,23.69,23.69,23.69,23.69,0
2024-08-01,26.05,26.05,21.33,23.69,1177
2024-08-02,22.65,23.59,21.71,23.59,943
2024-08-05,23.59,23.59,23.59,23.59,1
2024-08-06,25.95,25.95,25.95,25.95,114
2024-08-07,25.95,25.95,25.95,25.95,42
2024-08-08,25.95,25.95,25.95,25.95,0
2024-08-09,25.95,25.95,25.95,25.95,0
2024-08-12,25.95,25.95,25.95,25.95,0
2024-08-13,25.95,25.95,25.95,25.95,0
2024-08-14,23.4,25.86,23.4,25.86,420
2024-08-15,25.86,25.86,25.86,25.86,0
2024-08-16,25.86,25.86,25.86,25.86,14
2024-08-19,25.86,25.86,25.86,25.86,0
2024-08-20,25.86,25.86,25.86,25.86,0
2024-08-21,25.86,25.86,25.86,25.86,1
2024-08-22,25.86,25.86,25.86,25.86,0
2024-08-23,25.86,25.86,25.86,25.86,0
2024-08-26,25.86,25.86,25.86,25.86,10
2024-08-27,25.86,25.86,25.86,25.86,32
2024-08-28,25.86,25.86,25.86,25.86,158
2024-08-29,23.36,23.36,23.36,23.36,205
2024-08-30,23.36,23.36,23.36,23.36,0
2024-09-04,23.36,23.36,23.36,23.36,0
2024-09-05,23.36,23.36,23.36,23.36,200
2024-09-06,23.36,23.36,23.36,23.36,0
2024-09-09,21.05,24.03,21.05,24.03,2414
2024-09-10,24.03,24.03,24.03,24.03,5
2024-09-11,24.03,24.03,24.03,24.03,1
2024-09-12,24.03,24.03,24.03,24.03,0
2024-09-13,24.03,24.03,24.03,24.03,40
2024-09-16,24.03,24.03,24.03,24.03,3
2024-09-17,24.03,24.03,24.03,24.03,0
2024-09-18,24.03,24.03,24.03,24.03,0
2024-09-19,24.03,24.03,24.03,24.03,0
2024-09-20,24.03,24.03,24.03,24.03,0
2024-09-23,24.03,24.03,24.03,24.03,0
2024-09-24,24.03,24.03,24.03,24.03,0
2024-09-25,24.03,24.03,24.03,24.03,1
2024-09-26,24.03,24.03,24.03,24.03,40
2024-09-27,21.63,21.63,21.63,21.63,610
2024-09-30,23.74,23.74,20.19,23.07,2831
2024-10-01,23.07,23.07,23.07,23.07,0
2024-10-02,23.07,23.07,23.07,23.07,0
2024-10-03,23.07,23.07,23.07,23.07,6
2024-10-04,20.76,20.76,20.76,20.76,800
2024-10-07,18.74,20.76,18.74,20.76,2034
2024-10-08,20.76,20.76,20.76,20.76,110
2024-10-09,18.74,20.76,18.74,20.76,6156
2024-10-10,20.76,20.76,20.76,20.76,87
2024-10-11,20.76,20.76,20.76,20.76,27
2024-10-14,18.74,20.67,18.74,20.67,5166
2024-10-15,18.65,20.57,18.65,20.57,6952
2024-10-16,18.74,19.61,18.74,19.61,205
2024-10-17,18.65,18.65,17.69,17.69,343
2024-10-18,17.69,19.03,17.69,19.03,393
2024-10-21,18.65,19.13,17.3,19.13,300
2024-10-22,17.3,19.32,17.3,19.13,808
2024-10-23,17.3,18.74,17.3,18.74,200
2024-10-24,18.74,18.74,18.74,18.74,200
2024-10-25,19.22,19.22,16.92,18.65,300
2024-10-28,16.92,16.92,16.92,16.92,1814
2024-10-29,18.55,18.55,18.55,18.55,100
2024-10-30,18.55,18.55,18.55,18.55,200
2024-10-31,18.55,18.55,18.55,18.55,0
2024-11-01,18.55,18.55,18.55,18.55,0
2024-11-04,18.46,18.46,16.72,18.46,3500
2024-11-05,18.46,18.46,18.46,18.46,1
2024-11-06,18.26,18.26,18.26,18.26,300
2024-11-07,16.44,18.26,16.44,18.26,2101
2024-11-08,16.44,18.26,16.44,18.26,1400
2024-11-11,18.26,18.26,18.26,18.26,5
2024-11-12,18.26,20.09,18.26,20.09,300
2024-11-13,19.7,21.15,19.22,19.22,303
2024-11-14,17.3,19.22,17.3,19.22,1457
2024-11-15,17.3,19.13,17.3,19.13,1100
2024-11-18,17.3,19.03,17.3,19.03,3115
2024-11-19,17.21,18.94,17.21,18.94,2223
2024-11-20,17.11,18.84,17.11,18.84,200
2024-11-21,17.01,18.74,17.01,18.26,417
2024-11-22,16.44,18.26,16.44,18.26,6610
2024-11-25,18.26,18.26,18.26,18.26,100
2024-11-26,16.44,18.26,16.44,18.26,6002
2024-11-27,16.82,18.26,16.44,18.26,5601
2024-11-28,18.26,18.26,18.26,18.26,0
2024-11-29,16.44,18.07,16.44,17.97,2300
2024-12-02,16.34,18.17,16.34,18.17,3861
2024-12-03,16.53,17.97,16.44,17.97,7400
2024-12-04,17.97,17.97,17.97,17.97,0
2024-12-05,16.44,17.69,16.34,17.69,1134
2024-12-06,16.53,16.53,16.34,16.34,6102
2024-12-09,16.34,16.34,16.34,16.34,0
2024-12-10,17.11,17.11,17.11,17.11,101
2024-12-11,17.11,17.11,17.11,17.11,81
2024-12-12,17.59,17.59,17.59,17.59,100
2024-12-13,17.59,17.59,17.59,17.59,17
2024-12-16,17.59,17.59,17.59,17.59,50
2024-12-17,17.59,17.59,17.59,17.59,0
2024-12-18,17.59,17.59,17.59,17.59,3
2024-12-19,17.59,17.59,17.59,17.59,0
2024-12-20,17.59,17.59,17.59,17.59,29
2024-12-23,16.34,19.22,16.34,19.22,9201
2024-12-24,19.22,19.22,19.22,19.22,0
2024-12-25,19.22,19.22,19.22,19.22,30
2024-12-26,17.3,19.13,17.3,18.94,4705
2024-12-27,18.94,18.94,18.94,18.94,0
2024-12-30,18.94,18.94,18.94,18.94,0
2024-12-31,17.3,18.94,17.11,18.94,9412
2025-01-02,18.94,18.94,18.94,18.94,34
2025-01-03,17.11,17.3,17.11,17.11,1310
2025-01-06,17.11,18.46,17.11,18.46,200
2025-01-07,16.82,18.26,16.82,18.26,400
2025-01-08,17.01,18.65,17.01,18.65,468
2025-01-09,17.01,18.46,16.92,18.46,612
2025-01-10,18.46,18.46,18.46,18.46,0
2025-01-13,18.17,18.17,18.07,18.07,1300
2025-01-14,16.44,17.69,16.44,17.69,4124
2025-01-15,16.15,18.26,16.15,18.26,4700
2025-01-16,18.26,18.26,18.26,18.26,0
2025-01-17,18.26,18.26,18.26,18.26,0
2025-01-20,16.53,18.17,16.53,18.17,3127
2025-01-21,18.17,18.17,18.17,18.17,0
2025-01-22,18.17,18.17,18.17,18.17,0
2025-01-23,18.17,18.17,18.17,18.17,0
2025-01-24,18.07,18.07,18.07,18.07,100
2025-02-03,18.07,18.07,18.07,18.07,0
2025-02-04,16.53,17.69,16.53,17.69,500
2025-02-05,17.01,17.69,17.01,17.69,3034
2025-02-06,17.59,19.22,17.59,19.22,400
2025-02-07,17.3,18.36,17.3,18.36,977
2025-02-10,18.36,18.36,18.36,18.36,0
2025-02-11,17.4,19.7,17.4,19.7,9100
2025-02-12,18.26,19.03,17.88,19.03,600
2025-02-13,19.03,19.03,19.03,19.03,128
2025-02-14,17.78,17.78,17.78,17.78,372
2025-02-17,19.22,19.22,17.3,19.22,2286
2025-02-18,19.22,19.22,19.22,19.22,305
2025-02-19,18.94,18.94,18.94,18.94,237
2025-02-20,18.74,20.67,18.74,20.67,702
2025-02-21,20.67,20.67,20.67,20.67,0
2025-02-24,20.67,20.67,20.67,20.67,1
2025-02-25,20.67,20.67,20.67,20.67,60
2025-02-26,20.67,20.67,20.67,20.67,1
2025-02-27,20.67,20.67,20.67,20.67,0
2025-02-28,18.65,18.65,18.65,18.65,9300
2025-03-03,17.78,18.46,17.21,17.3,3486
2025-03-04,18.94,18.94,16.92,18.94,300
2025-03-05,17.11,18.84,17.11,18.84,14286
2025-03-06,17.21,20.67,17.01,20.67,5700
2025-03-07,18.65,20.67,18.65,20.67,4800
2025-03-10,20.67,20.67,20.67,20.67,1
2025-03-11,18.65,19.61,18.65,19.61,14120
2025-03-12,17.69,19.22,17.69,19.22,1900
2025-03-13,17.49,19.13,17.49,19.13,400
2025-03-14,20.67,20.67,17.88,18.74,475
2025-03-17,17.3,17.3,17.3,17.3,325
2025-03-18,18.17,19.03,18.17,19.03,1500
2025-03-19,17.4,19.03,17.4,19.03,3101
2025-03-20,17.69,19.22,17.69,19.22,1200
2025-03-21,17.88,19.13,17.88,19.13,1100
2025-03-24,19.13,19.13,19.13,19.13,400
2025-03-25,17.59,20.09,17.59,20.09,4963
2025-03-26,18.17,19.22,18.17,19.22,300
2025-03-27,17.88,18.94,17.78,18.94,1744
2025-03-28,17.78,20.57,17.78,20.57,10151
2025-03-31,18.55,22.11,18.55,22.11,5000
2025-04-01,19.9,22.11,19.9,22.11,5624
2025-04-02,21.63,24.03,19.9,23.55,2903
2025-04-03,23.55,23.55,23.55,23.55,1
2025-04-04,21.24,22.01,21.24,21.24,500
2025-04-08,19.13,21.05,19.13,21.05,200
2025-04-09,21.05,21.05,21.05,21.05,0
2025-04-10,20.86,23.07,20.86,23.07,300
2025-04-11,20.76,20.76,20.76,20.76,102
2025-04-14,18.84,20.47,18.84,20.47,600
2025-04-15,22.4,22.4,18.65,20.67,2189
2025-04-16,20.19,20.19,20.09,20.09,1279
2025-04-17,21.05,21.05,19.99,20.67,4465
2025-04-18,18.84,20.57,18.84,19.03,779
2025-04-21,18.94,19.61,18.84,19.61,5927
2025-04-22,17.78,19.22,17.78,19.22,300
2025-04-23,17.3,20.67,17.3,20.67,6900
2025-04-24,18.74,19.7,18.74,19.7,200
2025-04-25,18.74,21.53,18.74,21.15,10643
2025-04-28,20.19,23.16,20.19,23.16,4500
2025-04-29,21.15,23.07,20.86,23.07,2200
2025-05-05,23.07,25.38,23.07,25.38,4100
2025-05-06,22.88,24.99,22.88,24.99,279
2025-05-07,24.99,24.99,24.99,24.99,0
2025-05-08,22.49,23.93,22.49,23.93,1423
2025-05-09,23.93,23.93,23.93,23.93,0
2025-05-12,21.63,23.93,21.63,23.93,416
2025-05-13,21.63,23.36,21.63,23.26,12158
2025-05-14,20.95,23.07,20.95,23.07,4643
2025-05-15,20.95,22.88,20.95,22.88,3140
2025-05-16,20.95,22.59,20.95,22.59,1127
2025-05-19,22.59,22.59,22.59,22.59,14
2025-05-20,22.59,22.59,22.59,22.59,0
2025-05-21,22.59,24.8,21.15,22.59,2731
2025-05-22,22.59,24.51,22.59,24.51,201
2025-05-23,22.3,22.49,22.11,22.11,4506
2025-05-26,22.11,22.11,22.11,22.11,131
2025-05-27,24.22,24.22,23.93,24.22,1400
2025-05-28,22.11,22.11,21.92,21.92,2740
2025-05-29,23.93,23.93,23.93,23.93,146
2025-05-30,21.63,23.55,21.63,23.55,2314
2025-06-02,21.34,23.07,21.24,23.07,1957
2025-06-03,23.07,23.07,23.07,23.07,0
2025-06-04,21.24,22.59,21.15,22.59,1925
2025-06-05,20.67,20.67,20.47,20.47,2700
2025-06-06,19.99,21.82,19.99,21.82,400
2025-06-09,19.7,21.15,19.7,21.15,9800
2025-06-10,19.32,20.76,19.22,20.76,2668
2025-06-11,20.76,20.76,20.76,20.76,35
2025-06-12,18.94,19.22,18.84,19.22,4010
2025-06-13,19.22,19.22,18.94,19.13,2800
2025-06-16,17.88,18.84,17.88,18.84,272
2025-06-17,18.84,20.09,18.36,20.09,12100
2025-06-18,20.09,22.01,18.17,21.15,19100
2025-06-19,19.51,20.95,19.42,20.95,1500
2025-06-20,19.51,19.51,18.94,18.94,3234
2025-06-23,18.94,19.61,18.94,19.61,1800
2025-06-24,18.46,20.09,18.46,20.09,700
2025-06-25,20.09,20.09,20.09,20.09,2
2025-06-26,19.8,19.8,18.94,18.94,31000
2025-06-27,19.61,19.7,19.32,19.32,4801
2025-06-30,18.84,19.42,18.74,19.32,5901
2025-07-01,19.32,19.32,19.32,19.32,2
2025-07-02,19.32,19.61,19.32,19.42,4028
2025-07-03,19.42,19.42,19.03,19.42,9112
2025-07-04,19.42,19.61,18.74,19.61,32828
2025-07-07,18.84,19.13,18.74,19.13,10419
2025-07-08,18.84,18.94,18.74,18.74,18276
2025-07-09,19.03,19.03,18.74,18.94,4121
2025-07-10,18.84,18.84,18.65,18.84,3308
2025-07-11,18.84,18.84,18.84,18.84,6197
2025-07-14,18.84,18.84,18.74,18.84,25872
2025-07-15,18.94,20.19,18.84,19.8,38387
2025-07-16,20.6,20.6,19.5,19.8,47926
2025-07-17,19.8,20.6,19.7,19.7,48019
2025-07-18,19.7,20.0,19.7,19.8,27094
2025-07-21,18.8,19.7,18.8,19.5,8601
2025-07-22,19.4,19.4,19.0,19.3,21553
2025-07-23,19.3,19.4,19.0,19.4,27793
2025-07-24,19.3,19.3,18.8,19.2,44730
2025-07-25,19.2,19.4,18.9,19.2,23758
2025-07-28,18.9,19.0,18.8,18.9,6600
2025-07-29,18.9,18.9,18.4,18.4,19300
2025-07-30,18.5,18.5,18.4,18.4,1900
2025-07-31,18.5,18.6,18.5,18.6,6700
2025-08-01,18.5,18.6,18.3,18.5,12600
2025-08-04,18.4,18.5,18.4,18.5,13500
2025-08-05,18.3,18.5,18.3,18.4,8000
2025-08-06,18.4,18.5,18.4,18.4,2900
2025-08-07,18.3,18.4,18.2,18.4,5900
2025-08-08,18.3,18.4,18.1,18.4,9100
2025-08-11,18.3,18.4,17.9,18.3,19900
2025-08-12,18.3,18.3,18.0,18.0,9700
2025-08-13,18.1,18.2,18.1,18.2,4600
2025-08-14,18.2,18.2,17.9,18.1,4000
2025-08-15,18.1,18.3,18.0,18.0,5700
2025-08-18,18.0,18.0,17.8,18.0,8900
2025-08-19,18.0,18.0,17.7,17.8,14900
2025-08-20,17.7,17.8,17.0,17.8,13200
2025-08-21,17.8,17.8,17.1,17.2,10600
2025-08-22,18.0,18.0,16.4,16.9,15400
2025-08-25,17.0,17.0,16.6,17.0,8600
2025-08-26,16.7,17.0,16.7,16.9,4400
2025-08-27,16.9,16.9,16.7,16.9,6700
2025-08-28,16.8,17.0,16.8,17.0,1300
2025-08-29,17.0,17.0,17.0,17.0,800
2025-09-03,17.4,17.4,16.9,16.9,1600
2025-09-04,16.9,16.9,16.9,16.9,2300
2025-09-05,17.0,17.0,16.7,17.0,9200
2025-09-08,16.8,17.0,16.5,17.0,2200
2025-09-09,16.7,17.0,16.6,16.6,1700
2025-09-10,17.0,17.0,16.7,16.7,1000
2025-09-11,17.0,17.0,16.7,16.9,2400
2025-09-12,16.9,16.9,16.8,16.9,1500
2025-09-15,17.0,17.0,16.8,16.9,1900
2025-09-16,16.8,17.0,16.7,16.9,2600
2025-09-17,16.8,17.0,16.7,16.8,2800
2025-09-18,16.8,16.9,16.7,16.9,1300
2025-09-19,16.7,16.9,16.7,16.9,3300
2025-09-22,16.8,16.8,16.7,16.7,3100
2025-09-23,16.7,16.9,16.7,16.8,6300
2025-09-24,16.9,16.9,16.9,16.9,2400
2025-09-25,16.9,16.9,16.6,16.9,700
2025-09-26,16.9,16.9,16.9,16.9,100
2025-09-29,16.9,16.9,16.9,16.9,100
2025-09-30,16.6,16.9,16.4,16.9,1500
2025-10-02,16.8,16.9,16.7,16.9,500
2025-10-06,16.9,16.9,16.7,16.9,1900
2025-10-07,16.7,16.9,16.7,16.8,1300
2025-10-08,16.8,16.8,16.7,16.8,5500
2025-10-09,16.8,16.9,16.8,16.8,3800
2025-10-10,16.8,16.9,16.5,16.9,3900
2025-10-13,16.9,16.9,16.6,16.6,900
2025-10-14,16.5,16.9,16.5,16.9,1000
2025-10-15,16.8,16.8,16.8,16.8,200
2025-10-16,16.8,16.8,16.8,16.8,100
2025-10-17,16.6,16.8,16.6,16.7,4200
2025-10-20,16.7,16.8,16.7,16.7,6100
2025-10-21,16.8,16.8,16.7,16.8,8400
