time,open,high,low,close,volume
2016-12-22,7.43,0.0,0.0,0.0,0
2016-12-23,7.43,0.0,0.0,0.0,0
2016-12-26,7.43,0.0,0.0,0.0,0
2016-12-27,7.43,0.0,0.0,0.0,0
2016-12-28,7.43,0.0,0.0,0.0,0
2016-12-29,7.43,0.0,0.0,0.0,0
2016-12-30,7.43,0.0,0.0,0.0,0
2017-01-03,7.43,0.0,0.0,0.0,0
2017-01-04,7.43,0.0,0.0,0.0,0
2017-01-05,7.43,0.0,0.0,0.0,0
2017-01-06,7.43,0.0,0.0,0.0,0
2017-01-09,7.43,0.0,0.0,0.0,0
2017-01-10,7.43,0.0,0.0,0.0,0
2017-01-11,7.43,0.0,0.0,0.0,0
2017-01-12,7.43,0.0,0.0,0.0,0
2017-01-13,7.43,0.0,0.0,0.0,0
2017-01-16,7.43,0.0,0.0,0.0,0
2017-01-17,7.43,0.0,0.0,0.0,0
2017-01-18,7.43,0.0,0.0,0.0,0
2017-01-19,7.43,0.0,0.0,0.0,0
2017-01-20,7.43,0.0,0.0,0.0,0
2017-01-23,7.43,0.0,0.0,0.0,0
2017-01-24,7.43,0.0,0.0,0.0,0
2017-01-25,7.43,0.0,0.0,0.0,0
2017-02-02,7.43,0.0,0.0,0.0,0
2017-02-03,7.43,0.0,0.0,0.0,0
2017-02-06,7.43,0.0,0.0,0.0,0
2017-02-07,7.43,0.0,0.0,0.0,0
2017-02-08,7.43,0.0,0.0,0.0,0
2017-02-09,7.43,0.0,0.0,0.0,0
2017-02-10,7.43,0.0,0.0,0.0,0
2017-02-13,7.43,0.0,0.0,0.0,0
2017-02-14,7.43,0.0,0.0,0.0,0
2017-02-15,7.43,0.0,0.0,0.0,0
2017-02-16,7.43,0.0,0.0,0.0,0
2017-02-17,7.43,0.0,0.0,0.0,0
2017-02-20,7.43,0.0,0.0,0.0,0
2017-02-21,7.43,0.0,0.0,0.0,0
2017-02-22,7.43,0.0,0.0,0.0,0
2017-02-23,7.43,0.0,0.0,0.0,0
2017-02-24,7.43,0.0,0.0,0.0,0
2017-02-27,7.43,0.0,0.0,0.0,0
2017-02-28,7.43,0.0,0.0,0.0,0
2017-03-01,7.43,0.0,0.0,0.0,0
2017-03-02,7.43,0.0,0.0,0.0,0
2017-03-03,7.43,0.0,0.0,0.0,0
2017-03-06,7.43,0.0,0.0,0.0,0
2017-03-07,7.43,0.0,0.0,0.0,0
2017-03-08,7.43,0.0,0.0,0.0,0
2017-03-09,7.43,0.0,0.0,0.0,0
2017-03-10,10.4,10.4,10.4,10.4,100
2017-03-13,10.4,10.4,10.4,10.4,0
2017-03-14,10.4,10.4,10.4,10.4,0
2017-03-15,10.4,10.4,10.4,10.4,0
2017-03-16,10.4,10.4,10.4,10.4,0
2017-03-17,11.95,11.95,11.95,11.95,100
2017-03-20,13.68,13.68,13.68,13.68,100
2017-03-21,15.73,15.73,12.38,15.73,100
2017-03-22,18.08,18.08,14.86,18.08,100
2017-03-23,18.58,18.58,18.58,18.58,400
2017-03-24,20.43,21.36,20.12,21.36,1800
2017-03-27,21.67,21.67,21.12,21.12,1300
2017-03-28,21.24,21.24,21.24,21.24,200
2017-03-29,21.24,21.24,21.24,21.24,0
2017-03-30,21.67,21.67,21.24,21.24,2600
2017-03-31,21.36,21.36,21.36,21.36,0
2017-04-03,21.05,21.36,21.05,21.36,4200
2017-04-04,18.89,18.89,18.89,18.89,1000
2017-04-05,18.89,18.89,18.89,18.89,1400
2017-04-07,18.89,18.89,18.89,18.89,0
2017-04-10,18.89,18.89,18.89,18.89,3300
2017-04-11,18.89,18.89,18.89,18.89,0
2017-04-12,18.89,18.89,18.89,18.89,500
2017-04-13,18.58,18.58,18.58,18.58,1900
2017-04-14,18.58,18.58,18.58,18.58,0
2017-04-17,18.58,19.51,17.96,19.51,1900
2017-04-18,17.96,17.96,17.96,17.96,1200
2017-04-19,17.96,17.96,17.96,17.96,400
2017-04-20,19.26,19.69,19.2,19.69,4900
2017-04-21,19.51,19.51,19.51,19.51,0
2017-04-24,19.51,19.51,19.51,19.51,0
2017-04-25,17.34,19.51,17.34,19.51,1300
2017-04-26,19.32,19.32,19.32,19.32,0
2017-04-27,19.82,19.82,19.82,19.82,100
2017-04-28,17.03,19.82,17.03,19.82,200
2017-05-03,18.45,18.45,18.45,18.45,0
2017-05-04,18.45,18.45,18.45,18.45,0
2017-05-05,19.82,19.82,19.82,19.82,5000
2017-05-08,19.82,19.82,19.82,19.82,0
2017-05-09,19.82,19.82,19.82,19.82,1100
2017-05-10,19.82,19.82,19.82,19.82,100
2017-05-11,19.82,19.82,19.82,19.82,200
2017-05-12,19.82,19.82,19.82,19.82,0
2017-05-15,19.82,19.82,19.82,19.82,0
2017-05-16,19.82,19.82,19.82,19.82,8800
2017-05-17,19.82,19.82,19.82,19.82,3800
2017-05-18,19.82,19.82,19.82,19.82,700
2017-05-19,19.82,19.82,19.82,19.82,0
2017-05-22,19.82,19.82,19.82,19.82,4700
2017-05-23,19.82,19.82,19.82,19.82,0
2017-05-24,19.82,19.82,19.82,19.82,3000
2017-05-25,19.82,19.82,19.2,19.2,3000
2017-05-26,18.64,18.64,18.64,18.64,100
2017-05-29,19.82,19.82,19.82,19.82,4400
2017-05-30,19.82,19.82,19.82,19.82,0
2017-05-31,19.82,19.82,19.82,19.82,1200
2017-06-01,19.82,19.82,19.82,19.82,0
2017-06-02,19.82,19.82,19.82,19.82,1000
2017-06-05,19.82,19.82,19.82,19.82,0
2017-06-06,19.82,19.82,19.82,19.82,600
2017-06-07,19.82,19.82,19.82,19.82,0
2017-06-08,19.82,19.82,19.82,19.82,0
2017-06-09,19.82,19.82,19.82,19.82,0
2017-06-12,19.82,19.82,19.82,19.82,0
2017-06-13,19.82,19.82,19.82,19.82,0
2017-06-14,19.82,19.82,19.82,19.82,1100
2017-06-15,19.88,19.88,19.82,19.82,1100
2017-06-16,19.82,19.82,19.82,19.82,700
2017-06-19,19.82,19.82,19.82,19.82,0
2017-06-20,18.58,19.82,18.58,19.82,14400
2017-06-21,19.82,19.82,19.82,19.82,0
2017-06-22,19.82,19.82,19.82,19.82,0
2017-06-23,19.82,19.82,19.82,19.82,0
2017-06-26,19.82,19.82,19.82,19.82,0
2017-06-27,19.2,19.2,19.2,19.2,1500
2017-06-28,19.2,19.2,19.2,19.2,0
2017-06-29,19.2,19.2,19.2,19.2,0
2017-06-30,19.2,19.2,19.2,19.2,3000
2017-07-03,19.2,19.2,19.2,19.2,4700
2017-07-04,19.2,19.2,19.2,19.2,0
2017-07-05,19.2,19.2,19.2,19.2,0
2017-07-06,19.2,19.2,19.2,19.2,0
2017-07-07,19.2,19.2,19.2,19.2,1000
2017-07-10,19.2,19.2,19.2,19.2,900
2017-07-11,19.2,19.2,19.2,19.2,0
2017-07-12,19.2,19.2,19.2,19.2,0
2017-07-13,19.2,19.2,19.2,19.2,0
2017-07-14,19.2,19.2,19.2,19.2,0
2017-07-17,17.96,17.96,17.96,17.96,800
2017-07-18,17.96,17.96,17.96,17.96,0
2017-07-19,18.02,18.02,18.02,18.02,300
2017-07-20,18.02,18.02,18.02,18.02,0
2017-07-21,18.02,18.02,18.02,18.02,0
2017-07-24,18.02,18.58,18.02,18.58,6800
2017-07-25,18.58,18.58,18.58,18.58,3900
2017-07-26,19.82,19.82,19.82,19.82,1200
2017-07-27,19.82,19.82,19.82,19.82,0
2017-07-28,19.82,19.82,19.82,19.82,0
2017-07-31,19.82,19.82,19.82,19.82,0
2017-08-01,19.82,19.82,19.82,19.82,0
2017-08-02,19.82,19.82,19.82,19.82,0
2017-08-03,19.82,19.82,19.82,19.82,0
2017-08-04,19.82,19.82,19.82,19.82,0
2017-08-07,19.2,19.2,18.89,18.89,4200
2017-08-08,18.95,18.95,18.95,18.95,0
2017-08-09,18.95,18.95,18.95,18.95,0
2017-08-10,18.95,18.95,18.95,18.95,500
2017-08-11,18.58,18.58,18.58,18.58,200
2017-08-14,18.58,18.58,18.58,18.58,0
2017-08-15,18.58,18.58,18.58,18.58,0
2017-08-16,17.96,18.58,17.96,18.58,700
2017-08-17,18.39,18.39,18.39,18.39,1000
2017-08-18,18.39,18.39,18.39,18.39,0
2017-08-21,18.39,18.39,18.39,18.39,0
2017-08-22,18.39,18.39,18.39,18.39,0
2017-08-23,17.96,17.96,17.96,17.96,1000
2017-08-24,17.96,17.96,17.96,17.96,0
2017-08-25,17.96,17.96,17.96,17.96,0
2017-08-28,17.96,17.96,17.96,17.96,0
2017-08-29,17.96,17.96,17.96,17.96,0
2017-08-30,17.96,17.96,17.96,17.96,0
2017-08-31,17.96,17.96,17.96,17.96,0
2017-09-01,17.96,17.96,17.96,17.96,0
2017-09-05,17.96,17.96,17.96,17.96,0
2017-09-06,17.65,17.65,17.65,17.65,200
2017-09-07,17.96,17.96,17.96,17.96,0
2017-09-08,17.96,17.96,17.96,17.96,0
2017-09-11,17.96,17.96,17.96,17.96,0
2017-09-12,17.96,17.96,17.96,17.96,0
2017-09-13,17.96,17.96,17.96,17.96,0
2017-09-14,17.96,17.96,17.96,17.96,0
2017-09-15,17.96,17.96,17.96,17.96,0
2017-09-18,17.96,17.96,17.96,17.96,0
2017-09-19,17.57,17.57,17.44,17.57,1300
2017-09-20,17.76,17.76,17.76,17.76,100
2017-09-21,17.76,17.76,17.76,17.76,0
2017-09-22,20.41,20.41,20.41,20.41,2300
2017-09-25,20.41,20.41,20.41,20.41,0
2017-09-26,20.41,20.41,20.41,20.41,0
2017-09-27,20.41,20.41,20.41,20.41,0
2017-09-28,20.41,20.41,20.41,20.41,0
2017-09-29,20.41,20.41,20.41,20.41,0
2017-10-02,20.41,20.41,20.41,20.41,0
2017-10-03,23.45,23.45,23.38,23.38,400
2017-10-04,23.38,23.38,23.38,23.38,0
2017-10-05,19.9,19.9,19.9,19.9,1000
2017-10-06,19.38,19.38,19.38,19.38,300
2017-10-09,19.38,19.38,19.38,19.38,0
2017-10-10,19.38,19.38,19.38,19.38,0
2017-10-11,19.38,19.38,19.38,19.38,0
2017-10-12,18.73,18.73,18.73,18.73,900
2017-10-13,18.73,18.73,18.73,18.73,1100
2017-10-16,18.09,18.09,18.09,18.09,600
2017-10-17,18.73,18.73,18.73,18.73,900
2017-10-18,18.73,18.73,18.73,18.73,0
2017-10-19,18.73,18.73,18.73,18.73,0
2017-10-20,18.73,18.73,18.73,18.73,2600
2017-10-23,18.73,18.73,18.73,18.73,1900
2017-10-24,18.73,18.73,18.73,18.73,0
2017-10-25,18.73,18.73,18.73,18.73,0
2017-10-26,18.73,18.73,18.09,18.73,3000
2017-10-27,18.73,18.73,18.73,18.73,0
2017-10-30,18.73,18.73,18.73,18.73,0
2017-10-31,18.73,18.73,18.73,18.73,0
2017-11-01,18.73,18.73,18.73,18.73,0
2017-11-02,18.41,18.41,18.41,18.41,100
2017-11-03,18.41,18.41,18.41,18.41,0
2017-11-06,15.7,15.7,15.7,15.7,700
2017-11-07,15.7,15.7,15.7,15.7,0
2017-11-08,15.7,15.7,15.7,15.7,0
2017-11-09,15.7,15.7,15.7,15.7,0
2017-11-10,15.7,15.7,15.7,15.7,0
2017-11-13,13.57,13.57,13.57,13.57,100
2017-11-14,13.57,13.57,13.57,13.57,0
2017-11-15,13.57,13.57,13.57,13.57,0
2017-11-16,15.57,15.57,11.56,11.56,300
2017-11-17,16.34,16.34,16.34,16.34,100
2017-11-20,16.47,16.47,16.47,16.47,100
2017-11-21,17.44,17.44,17.44,17.44,100
2017-11-22,17.44,17.44,17.44,17.44,0
2017-11-23,17.44,17.44,17.44,17.44,0
2017-11-24,17.44,17.44,17.44,17.44,0
2017-11-27,17.44,17.44,17.44,17.44,100
2017-11-28,17.44,17.44,17.44,17.44,0
2017-11-29,17.44,17.44,17.44,17.44,0
2017-11-30,17.44,17.44,17.44,17.44,0
2017-12-01,17.51,17.51,17.51,17.51,900
2017-12-04,17.51,17.51,17.51,17.51,0
2017-12-05,17.51,17.51,17.51,17.51,200
2017-12-06,17.51,17.51,17.51,17.51,0
2017-12-07,17.44,17.51,17.44,17.76,800
2017-12-08,17.51,17.51,17.51,17.51,0
2017-12-11,17.51,17.51,17.51,17.51,100
2017-12-12,17.51,17.51,17.51,17.51,0
2017-12-13,17.76,17.76,17.76,17.76,200
2017-12-14,17.76,17.83,17.76,17.76,2800
2017-12-15,17.76,18.09,17.76,18.09,2100
2017-12-18,18.15,18.15,18.09,18.09,1000
2017-12-19,18.09,18.09,18.09,18.09,0
2017-12-20,17.96,18.09,17.44,18.09,3300
2017-12-21,17.83,17.83,17.83,17.83,0
2017-12-22,17.83,17.83,17.83,17.83,0
2017-12-25,17.76,17.76,17.76,17.76,400
2017-12-26,17.76,17.76,17.76,17.76,500
2017-12-27,17.83,17.89,17.83,17.89,500
2017-12-28,17.89,17.89,17.89,17.89,0
2017-12-29,17.96,17.96,17.96,17.96,4300
2018-01-02,17.96,17.96,17.96,17.96,0
2018-01-03,17.76,17.76,17.76,17.76,200
2018-01-04,17.44,17.44,17.44,17.44,3900
2018-01-05,17.44,17.44,17.44,17.44,1400
2018-01-08,17.44,17.44,17.44,17.44,0
2018-01-09,17.44,17.44,17.44,17.44,0
2018-01-10,17.44,17.44,17.44,17.44,0
2018-01-11,17.44,17.44,17.44,17.44,0
2018-01-12,17.44,17.44,17.44,17.44,4000
2018-01-15,17.44,17.44,17.44,17.44,0
2018-01-16,17.44,17.44,17.44,17.44,0
2018-01-17,16.8,16.8,16.8,16.8,1000
2018-01-18,16.8,16.8,16.8,16.8,0
2018-01-19,16.8,16.8,16.8,16.8,0
2018-01-22,16.8,16.8,16.8,16.8,0
2018-01-23,16.8,16.8,16.8,16.8,0
2018-01-24,16.8,16.8,16.8,16.8,0
2018-01-25,16.8,16.8,16.8,16.8,2000
2018-01-26,16.8,16.8,16.8,16.8,0
2018-01-29,16.8,16.8,16.8,16.8,2300
2018-01-30,16.8,16.8,16.8,16.8,0
2018-01-31,16.8,16.8,16.8,16.8,0
2018-02-01,16.8,16.8,16.8,16.8,0
2018-02-02,16.8,16.8,16.8,16.8,300
2018-02-05,16.8,16.8,16.8,16.8,0
2018-02-06,16.8,16.8,16.8,16.8,0
2018-02-07,16.8,16.8,16.8,16.8,0
2018-02-08,16.8,16.8,16.8,16.8,2000
2018-02-09,16.8,16.8,16.8,16.8,0
2018-02-12,16.8,16.8,16.8,16.8,0
2018-02-13,16.8,16.8,16.8,16.8,0
2018-02-21,16.8,16.8,16.8,16.8,0
2018-02-22,16.8,16.8,16.15,16.15,300
2018-02-23,16.34,16.34,16.34,16.34,0
2018-02-26,16.8,16.8,16.8,16.8,500
2018-02-27,16.8,16.8,16.8,16.8,6700
2018-02-28,16.8,16.8,16.8,16.8,9300
2018-03-01,16.8,16.8,16.8,16.8,18800
2018-03-02,16.8,16.8,16.8,16.8,19800
2018-03-05,14.28,19.31,14.28,19.31,600
2018-03-06,15.76,15.76,15.76,15.76,100
2018-03-07,15.76,15.76,15.76,15.76,0
2018-03-08,15.76,15.76,15.76,15.76,100
2018-03-09,15.76,15.76,15.76,15.76,0
2018-03-12,15.76,15.76,15.76,15.76,0
2018-03-13,18.02,18.02,18.02,18.02,200
2018-03-14,15.37,15.37,15.37,15.37,100
2018-03-15,15.37,15.37,15.37,15.37,0
2018-03-16,15.37,15.37,15.37,15.37,0
2018-03-19,15.37,15.37,15.37,15.37,0
2018-03-20,15.37,15.37,15.37,15.37,0
2018-03-21,15.37,15.37,15.37,15.37,0
2018-03-22,15.37,15.37,15.37,15.37,0
2018-03-23,15.37,15.37,15.37,15.37,0
2018-03-26,17.44,17.44,17.44,17.44,200
2018-03-27,14.86,19.96,14.86,19.96,600
2018-03-28,16.28,16.28,16.28,16.28,100
2018-03-29,13.95,13.95,13.95,13.95,100
2018-03-30,13.95,13.95,13.95,13.95,0
2018-04-02,11.95,11.95,11.95,11.95,100
2018-04-03,11.95,11.95,11.95,11.95,300
2018-04-04,10.21,13.69,10.21,13.69,200
2018-04-05,11.95,11.95,11.95,11.95,0
2018-04-06,11.95,11.95,11.95,11.95,0
2018-04-09,11.95,11.95,11.95,11.95,0
2018-04-10,11.95,11.95,11.95,11.95,0
2018-04-11,11.95,11.95,11.95,11.95,0
2018-04-12,10.21,10.21,10.21,10.21,100
2018-04-13,10.21,10.21,10.21,10.21,0
2018-04-16,10.21,10.21,10.21,10.21,0
2018-04-17,10.21,10.21,10.21,10.21,0
2018-04-18,8.79,11.69,8.79,11.69,500
2018-04-19,12.73,12.73,12.73,12.73,100
2018-04-20,10.92,14.53,10.92,14.53,500
2018-04-23,11.76,14.79,11.76,14.79,400
2018-04-24,11.95,14.08,11.95,14.08,200
2018-04-26,11.18,14.02,11.18,14.02,600
2018-04-27,11.56,13.89,11.56,13.89,300
2018-05-02,10.98,10.98,10.98,10.98,100
2018-05-03,10.98,10.98,10.98,10.98,0
2018-05-04,10.98,10.98,10.98,10.98,0
2018-05-07,10.98,10.98,10.98,10.98,0
2018-05-08,12.6,12.6,12.6,12.6,100
2018-05-09,12.6,12.6,12.6,12.6,0
2018-05-10,10.79,10.79,10.79,10.79,100
2018-05-11,10.79,10.79,10.79,10.79,0
2018-05-14,10.79,10.79,10.79,10.79,0
2018-05-15,12.4,12.4,12.4,12.4,100
2018-05-16,12.4,12.4,12.4,12.4,0
2018-05-17,10.66,10.66,10.66,10.66,100
2018-05-18,10.66,10.66,10.66,10.66,0
2018-05-21,12.21,12.21,12.21,12.21,100
2018-05-22,10.79,10.79,10.79,10.79,100
2018-05-23,10.79,10.79,10.79,10.79,0
2018-05-24,10.79,10.79,10.79,10.79,0
2018-05-25,11.69,11.69,11.69,11.69,100
2018-05-28,11.69,11.69,11.69,11.69,500
2018-05-29,10.08,13.44,10.08,13.44,400
2018-05-30,10.72,14.21,10.72,14.21,200
2018-05-31,10.85,14.21,10.85,14.21,200
2018-06-01,12.6,12.6,12.6,12.6,500
2018-06-04,12.6,12.6,12.6,12.6,0
2018-06-05,12.4,12.4,12.4,12.4,100
2018-06-06,12.4,12.4,12.4,12.4,0
2018-06-07,12.4,12.4,12.4,12.4,0
2018-06-08,12.4,12.4,12.4,12.4,0
2018-06-11,12.4,12.4,12.4,12.4,0
2018-06-12,12.4,12.4,12.4,12.4,0
2018-06-13,10.59,14.02,10.59,14.02,800
2018-06-14,11.63,11.63,11.63,11.63,100
2018-06-15,11.63,11.63,11.63,11.63,0
2018-06-18,13.37,13.37,13.37,13.37,200
2018-06-19,15.31,15.31,15.31,15.31,100
2018-06-20,13.05,15.12,13.05,15.12,600
2018-06-21,12.66,12.66,12.66,12.66,100
2018-06-22,10.92,14.28,10.92,14.28,400
2018-06-25,11.69,11.69,11.69,11.69,100
2018-06-26,13.44,13.44,13.44,13.44,100
2018-06-27,12.92,14.86,12.92,14.86,200
2018-06-28,13.89,13.89,13.89,13.89,0
2018-06-29,13.89,13.89,13.89,13.89,0
2018-07-02,13.89,13.89,13.89,13.89,0
2018-07-03,13.89,13.89,13.89,13.89,0
2018-07-04,13.57,13.57,13.57,13.57,400
2018-07-05,13.57,13.63,13.57,13.63,1200
2018-07-06,13.63,13.63,13.63,13.63,400
2018-07-09,13.57,13.63,13.57,13.57,2700
2018-07-10,13.63,13.63,13.57,13.57,1500
2018-07-11,13.57,13.57,13.57,13.57,200
2018-07-12,12.27,12.27,12.27,12.27,100
2018-07-13,14.02,14.02,14.02,14.02,100
2018-07-16,12.27,12.27,12.27,12.27,100
2018-07-17,12.27,12.27,12.27,12.27,0
2018-07-18,14.02,14.02,14.02,14.02,100
2018-07-19,12.02,15.24,12.02,15.24,200
2018-07-20,11.69,11.69,11.69,11.69,100
2018-07-23,10.72,10.72,10.72,0.0,100
2018-07-24,12.27,12.27,12.27,12.27,100
2018-07-25,10.79,10.79,10.79,10.79,100
2018-07-26,12.21,12.21,12.21,12.21,100
2018-07-27,10.53,10.53,10.53,10.53,100
2018-07-30,10.53,10.53,10.53,10.53,0
2018-07-31,12.08,12.08,12.08,12.08,100
2018-08-01,13.18,13.89,13.18,13.89,700
2018-08-02,11.82,15.05,11.82,15.05,400
2018-08-03,15.31,15.31,12.34,12.34,200
2018-08-06,11.95,15.18,11.95,15.18,200
2018-08-07,12.02,12.02,12.02,12.02,100
2018-08-08,13.57,13.63,13.57,13.63,2300
2018-08-09,13.63,13.63,13.63,13.63,7100
2018-08-10,13.69,13.69,13.69,13.69,300
2018-08-13,14.86,14.86,14.86,14.86,100
2018-08-14,12.73,12.73,12.73,12.73,100
2018-08-15,12.73,12.73,12.73,12.73,0
2018-08-16,13.63,13.63,13.63,13.63,5000
2018-08-17,13.63,13.63,13.63,13.63,100
2018-08-20,12.08,12.08,12.08,12.08,100
2018-08-21,13.89,13.89,13.89,13.89,100
2018-08-22,12.08,12.08,12.08,12.08,100
2018-08-23,13.89,13.89,13.89,13.89,100
2018-08-24,12.14,12.14,12.14,12.14,100
2018-08-27,13.95,13.95,13.95,13.95,100
2018-08-28,13.95,13.95,13.95,13.95,0
2018-08-29,12.34,12.34,12.34,12.34,100
2018-08-30,12.34,14.15,12.34,14.15,200
2018-08-31,13.24,13.24,13.24,13.24,0
2018-09-04,13.57,13.57,13.57,13.57,200
2018-09-05,13.57,13.57,13.57,13.57,0
2018-09-06,12.14,12.14,12.14,12.14,100
2018-09-07,11.95,11.95,11.95,11.95,100
2018-09-10,11.95,11.95,11.95,11.95,0
2018-09-11,13.69,13.69,13.69,13.69,100
2018-09-12,13.69,13.69,13.69,13.69,0
2018-09-13,14.38,14.38,14.38,14.38,100
2018-09-14,12.39,12.39,12.39,12.39,100
2018-09-17,12.39,12.39,12.39,12.39,0
2018-09-18,12.39,12.39,12.39,12.39,0
2018-09-19,12.39,12.39,12.39,12.39,0
2018-09-20,12.39,12.39,12.39,12.39,0
2018-09-21,12.39,12.39,12.39,12.39,0
2018-09-24,12.53,12.53,12.53,12.53,2000
2018-09-25,12.53,12.53,12.53,12.53,0
2018-09-26,12.53,12.53,12.53,12.53,0
2018-09-27,12.53,12.53,12.53,12.53,0
2018-09-28,12.53,12.53,12.53,12.53,0
2018-10-01,12.53,12.53,12.53,12.53,0
2018-10-02,12.53,12.53,12.53,12.53,0
2018-10-03,12.53,12.53,12.53,12.53,0
2018-10-04,14.24,14.24,14.24,14.24,100
2018-10-05,12.39,12.39,12.39,12.39,100
2018-10-08,11.98,11.98,11.98,11.98,100
2018-10-09,13.76,13.76,13.76,13.76,100
2018-10-10,12.12,12.12,12.12,12.12,100
2018-10-11,12.12,12.12,12.12,12.12,0
2018-10-12,13.49,13.49,13.49,13.49,100
2018-10-15,12.19,13.42,12.19,13.42,200
2018-10-16,12.8,12.8,12.8,12.8,0
2018-10-17,14.11,14.11,14.11,14.11,100
2018-10-18,12.67,12.67,12.67,12.67,100
2018-10-19,12.67,12.67,12.67,12.67,0
2018-10-22,12.67,12.67,12.67,12.67,0
2018-10-23,12.67,12.67,12.67,12.67,0
2018-10-24,13.76,13.76,13.76,13.76,100
2018-10-25,12.53,12.53,11.78,11.78,200
2018-10-26,13.35,13.35,13.35,13.35,100
2018-10-29,11.85,11.85,11.85,11.85,100
2018-10-30,13.01,13.08,13.01,13.08,200
2018-10-31,12.12,12.12,11.85,11.85,1100
2018-11-01,13.56,13.56,13.56,13.56,100
2018-11-02,11.98,11.98,11.98,11.98,100
2018-11-05,10.96,10.96,10.96,10.96,10000
2018-11-06,12.39,12.39,12.39,12.39,100
2018-11-07,11.3,11.3,11.3,11.3,100
2018-11-08,11.3,11.3,11.3,11.3,0
2018-11-09,12.74,12.8,12.74,12.8,200
2018-11-12,11.5,11.5,11.5,11.5,100
2018-11-13,11.5,11.5,11.5,11.5,0
2018-11-14,11.5,11.5,11.5,11.5,0
2018-11-15,11.5,11.5,11.5,11.5,0
2018-11-16,10.96,10.96,10.89,10.96,1200
2018-11-19,10.96,10.96,10.96,10.96,22300
2018-11-20,10.96,10.96,10.96,10.96,7700
2018-11-21,10.96,10.96,10.96,10.96,0
2018-11-22,10.96,10.96,10.96,10.96,600
2018-11-23,9.72,12.26,9.72,12.26,500
2018-11-26,10.41,12.74,10.41,12.74,500
2018-11-27,10.54,10.54,10.54,10.54,100
2018-11-28,10.0,10.0,10.0,10.0,100
2018-11-29,10.0,10.0,10.0,10.0,0
2018-11-30,10.0,10.0,10.0,10.0,0
2018-12-03,8.7,10.27,8.7,10.0,600
2018-12-04,9.86,10.0,10.0,10.0,0
2018-12-05,9.86,10.0,10.0,10.0,0
2018-12-06,10.82,10.82,10.82,10.82,100
2018-12-07,9.72,9.72,9.72,9.72,100
2018-12-10,10.89,10.89,10.89,10.89,100
2018-12-11,9.31,10.89,9.31,10.89,400
2018-12-12,10.48,10.89,10.89,10.89,0
2018-12-13,10.48,10.89,10.89,10.89,0
2018-12-14,10.96,10.96,10.61,10.61,11600
2018-12-17,10.68,10.68,10.68,10.68,600
2018-12-18,10.68,10.68,10.68,10.68,0
2018-12-19,10.68,10.68,10.68,10.68,0
2018-12-20,12.12,12.12,12.12,12.12,100
2018-12-21,10.34,13.83,10.34,13.83,300
2018-12-24,11.02,11.02,11.02,11.02,100
2018-12-25,11.02,11.02,9.93,9.93,3200
2018-12-26,12.26,12.26,12.26,12.26,100
2018-12-27,10.54,10.54,10.54,10.54,100
2018-12-28,10.54,10.54,10.54,10.54,0
2019-01-02,11.85,11.85,11.85,11.85,100
2019-01-03,10.34,12.94,10.34,12.94,400
2019-01-04,10.48,10.48,10.48,10.48,100
2019-01-07,10.48,10.48,10.48,10.48,0
2019-01-08,10.48,10.48,10.48,10.48,0
2019-01-09,10.54,10.54,10.27,10.27,1100
2019-01-10,10.48,10.48,10.27,10.27,1400
2019-01-11,10.41,10.27,10.27,10.27,0
2019-01-14,10.41,10.27,10.27,10.27,0
2019-01-15,10.41,10.27,10.27,10.27,0
2019-01-16,10.41,10.27,10.27,10.27,0
2019-01-17,10.41,10.27,10.27,10.27,0
2019-01-18,10.41,10.27,10.27,10.27,0
2019-01-21,10.41,10.27,10.27,10.27,0
2019-01-22,10.41,10.27,10.27,10.27,0
2019-01-23,10.96,10.96,10.96,10.96,1000
2019-01-24,11.57,12.33,11.57,12.33,300
2019-01-25,10.2,10.2,10.2,10.2,100
2019-01-28,10.2,10.2,10.2,10.2,0
2019-01-29,10.2,10.2,10.2,10.2,0
2019-01-30,10.61,10.61,10.61,10.61,100
2019-01-31,10.61,10.61,10.61,10.61,0
2019-02-01,10.61,10.61,10.61,10.61,0
2019-02-11,10.0,10.61,10.0,10.61,900
2019-02-12,10.54,10.61,10.61,10.61,0
2019-02-13,10.54,10.61,10.61,10.61,0
2019-02-14,10.54,10.61,10.61,10.61,0
2019-02-15,10.54,10.61,10.61,10.61,0
2019-02-18,10.54,10.61,10.61,10.61,0
2019-02-19,11.57,11.57,11.57,11.57,100
2019-02-20,10.61,10.61,10.61,10.61,100
2019-02-21,10.61,10.61,10.61,10.61,0
2019-02-22,11.64,11.64,11.64,11.64,100
2019-02-25,10.61,10.96,10.61,10.96,600
2019-02-26,10.82,10.96,10.96,10.96,0
2019-02-27,10.82,10.96,10.96,10.96,0
2019-02-28,10.82,10.96,10.96,10.96,0
2019-03-01,10.82,10.96,10.96,10.96,0
2019-03-04,10.82,10.96,10.96,10.96,0
2019-03-05,10.82,10.96,10.96,10.96,0
2019-03-06,12.19,12.19,12.19,12.19,400
2019-03-07,10.68,10.68,10.68,10.68,100
2019-03-08,10.68,10.68,10.68,10.68,0
2019-03-11,10.68,10.68,10.68,10.68,0
2019-03-12,11.5,11.5,11.5,11.5,100
2019-03-13,11.5,11.5,11.5,11.5,0
2019-03-14,11.5,11.5,11.5,11.5,0
2019-03-15,10.68,10.68,10.68,10.68,100
2019-03-18,10.96,10.96,10.96,10.96,500
2019-03-19,10.96,10.96,10.89,10.96,4400
2019-03-20,10.96,10.96,10.96,10.96,3800
2019-03-21,10.96,10.96,10.96,10.96,3000
2019-03-22,10.96,10.96,10.96,10.96,3500
2019-03-25,10.96,10.96,10.96,10.96,1900
2019-03-26,10.96,10.96,10.96,10.96,2700
2019-03-27,10.96,10.96,10.96,10.96,2200
2019-03-28,10.96,10.96,10.96,10.96,2000
2019-03-29,10.96,10.96,10.96,10.96,6800
2019-04-01,10.96,10.96,10.89,10.89,3700
2019-04-02,10.96,10.89,10.89,10.89,0
2019-04-03,10.96,10.89,10.89,10.89,0
2019-04-04,10.96,10.89,10.89,10.89,0
2019-04-05,9.31,11.23,9.31,11.23,1200
2019-04-08,9.38,12.67,9.38,10.96,11800
2019-04-09,11.09,10.96,10.96,10.96,0
2019-04-10,9.65,9.65,9.65,9.65,100
2019-04-11,9.65,9.65,9.65,9.65,0
2019-04-12,9.65,9.65,9.65,9.65,0
2019-04-16,9.65,9.65,9.65,9.65,0
2019-04-17,9.65,9.65,9.65,9.65,0
2019-04-18,9.65,9.65,9.65,9.65,0
2019-04-19,9.65,9.65,9.65,9.65,0
2019-04-22,10.61,10.61,10.61,10.61,2000
2019-04-23,10.61,10.61,10.61,10.61,0
2019-04-24,10.61,10.61,10.61,10.61,0
2019-04-25,10.61,10.61,10.61,10.61,0
2019-04-26,10.61,10.61,10.61,10.61,0
2019-05-02,10.96,10.96,10.96,10.96,2000
2019-05-03,10.96,10.96,10.96,10.96,0
2019-05-06,9.31,9.31,9.31,9.31,100
2019-05-07,9.31,9.31,9.31,9.31,0
2019-05-08,10.68,10.68,10.68,10.68,100
2019-05-09,10.68,10.68,10.68,10.68,0
2019-05-10,9.31,9.31,9.31,9.31,100
2019-05-13,9.93,10.54,9.93,10.54,200
2019-05-14,10.27,10.54,10.54,10.54,0
2019-05-15,9.31,9.31,9.31,9.31,100
2019-05-16,10.54,10.54,10.54,10.54,100
2019-05-17,9.65,9.65,9.65,9.65,100
2019-05-20,10.96,10.96,10.96,10.96,100
2019-05-21,9.31,9.31,9.31,9.31,100
2019-05-22,9.31,9.31,9.31,9.31,0
2019-05-23,9.31,9.31,9.31,9.31,0
2019-05-24,9.31,9.31,9.31,9.31,0
2019-05-27,10.27,10.27,10.27,10.27,1000
2019-05-28,9.31,9.31,9.31,9.31,100
2019-05-29,9.24,9.24,9.24,9.24,100
2019-05-30,9.24,9.24,9.24,9.24,0
2019-05-31,9.24,9.24,9.24,9.24,0
2019-06-03,9.24,9.24,9.24,9.24,0
2019-06-04,9.24,9.24,9.24,9.24,0
2019-06-05,9.24,9.24,9.24,9.24,0
2019-06-06,10.27,10.27,9.59,9.59,300
2019-06-07,8.56,10.2,8.56,10.2,200
2019-06-10,10.27,10.27,10.13,10.13,4000
2019-06-11,10.13,10.13,10.13,10.13,3500
2019-06-12,9.38,9.38,9.38,9.38,100
2019-06-13,9.38,9.38,9.38,9.38,0
2019-06-14,9.38,9.38,9.38,9.38,0
2019-06-17,10.27,10.27,10.27,10.27,500
2019-06-18,9.38,9.38,9.38,9.38,100
2019-06-19,9.38,9.38,9.38,9.38,0
2019-06-20,9.38,9.38,9.38,9.38,0
2019-06-21,9.38,9.38,9.38,9.38,0
2019-06-24,9.38,9.38,9.38,9.38,0
2019-06-25,10.27,10.27,10.27,10.27,500
2019-06-26,10.27,10.27,10.27,10.27,2700
2019-06-27,9.38,10.27,9.38,10.27,1100
2019-06-28,10.27,10.27,10.27,10.27,2000
2019-07-01,9.45,9.45,9.45,9.45,100
2019-07-02,9.45,9.45,9.45,9.45,0
2019-07-03,9.45,9.45,9.45,9.45,0
2019-07-04,9.45,9.45,9.45,9.45,0
2019-07-05,9.45,9.45,9.45,9.45,0
2019-07-08,9.45,9.45,9.45,9.45,0
2019-07-09,9.45,9.45,9.45,9.45,0
2019-07-10,9.45,9.45,9.45,9.45,0
2019-07-11,10.27,10.27,10.27,10.27,500
2019-07-12,8.76,8.76,8.76,8.76,100
2019-07-15,8.76,8.76,8.76,8.76,0
2019-07-16,8.76,8.76,8.76,8.76,0
2019-07-17,9.93,9.93,9.93,9.93,200
2019-07-18,10.27,10.27,10.27,10.27,1800
2019-07-19,8.76,8.76,8.76,8.76,100
2019-07-22,8.76,8.76,8.76,8.76,0
2019-07-23,8.76,8.76,8.76,8.76,0
2019-07-24,8.76,8.76,8.76,8.76,0
2019-07-25,8.76,8.76,8.76,8.76,0
2019-07-26,8.76,8.76,8.76,8.76,0
2019-07-29,8.76,8.76,8.76,8.76,0
2019-07-30,10.07,10.07,10.07,10.07,100
2019-07-31,10.07,10.07,10.07,10.07,0
2019-08-01,10.07,10.07,10.07,10.07,0
2019-08-02,10.07,10.07,10.07,10.07,0
2019-08-05,10.27,10.27,10.27,10.27,300
2019-08-06,10.27,10.27,10.27,10.27,0
2019-08-07,10.27,10.27,10.27,10.27,0
2019-08-08,10.27,10.27,10.27,10.27,1900
2019-08-09,10.27,10.27,10.27,10.27,900
2019-08-12,10.27,10.27,10.27,10.27,500
2019-08-13,10.27,10.27,10.27,10.27,0
2019-08-14,10.27,10.27,10.27,10.27,0
2019-08-15,10.27,10.27,10.27,10.27,0
2019-08-16,10.27,10.27,10.27,10.27,0
2019-08-19,10.27,10.27,10.27,10.27,0
2019-08-20,10.27,10.27,10.27,10.27,0
2019-08-21,10.27,10.27,10.27,10.27,0
2019-08-22,10.27,10.27,10.27,10.27,0
2019-08-23,10.27,10.27,10.27,10.27,0
2019-08-26,10.27,10.27,10.27,10.27,0
2019-08-27,10.27,10.27,10.27,10.27,0
2019-08-28,10.27,10.27,10.27,10.27,0
2019-08-29,10.27,10.27,10.27,10.27,0
2019-08-30,10.27,10.27,10.27,10.27,0
2019-09-03,10.27,10.27,10.27,10.27,400
2019-09-04,10.27,11.16,11.16,11.16,0
2019-09-05,10.27,11.16,11.16,11.16,0
2019-09-06,11.16,11.16,11.16,11.16,1000
2019-09-09,11.16,11.16,11.16,11.16,0
2019-09-10,11.16,11.16,11.16,11.16,0
2019-09-11,11.16,11.16,11.16,11.16,0
2019-09-12,11.16,11.16,11.16,11.16,0
2019-09-13,11.16,11.16,11.16,11.16,0
2019-09-16,11.16,11.16,11.16,11.16,0
2019-09-17,12.8,12.8,12.8,12.8,100
2019-09-18,12.8,12.8,12.8,12.8,0
2019-09-19,12.8,12.8,12.8,12.8,0
2019-09-20,12.8,12.8,12.8,12.8,0
2019-09-23,12.8,12.8,12.8,12.8,0
2019-09-24,12.8,12.8,12.8,12.8,0
2019-09-25,12.8,12.8,12.8,12.8,0
2019-09-26,12.8,12.8,12.8,12.8,0
2019-09-27,12.8,12.8,12.8,12.8,0
2019-09-30,12.8,12.8,12.8,12.8,0
2019-10-01,12.8,12.8,12.8,12.8,0
2019-10-02,12.8,12.8,12.8,12.8,0
2019-10-03,12.8,12.8,12.8,12.8,0
2019-10-04,12.8,12.8,12.8,12.8,0
2019-10-07,12.8,12.8,12.8,12.8,0
2019-10-08,12.8,12.8,12.8,12.8,0
2019-10-09,12.8,12.8,12.8,12.8,0
2019-10-10,12.8,12.8,12.8,12.8,0
2019-10-11,12.8,12.8,12.8,12.8,0
2019-10-14,12.8,12.8,12.8,12.8,0
2019-10-15,12.8,12.8,12.8,12.8,0
2019-10-16,12.8,12.8,12.8,12.8,0
2019-10-17,12.8,12.8,12.8,12.8,0
2019-10-18,12.8,12.8,12.8,12.8,0
2019-10-21,12.8,12.8,12.8,12.8,0
2019-10-22,12.8,12.8,12.8,12.8,0
2019-10-23,12.8,12.8,12.8,12.8,0
2019-10-24,12.8,12.8,12.8,12.8,0
2019-10-25,12.8,12.8,12.8,12.8,0
2019-10-28,12.8,12.8,12.8,12.8,0
2019-10-29,12.8,12.8,12.8,12.8,0
2019-10-30,12.8,12.8,12.8,12.8,0
2019-10-31,12.8,12.8,12.8,12.8,0
2019-11-01,12.8,12.8,12.8,12.8,0
2019-11-04,12.8,12.8,12.8,12.8,0
2019-11-05,12.8,12.8,12.8,12.8,0
2019-11-06,12.8,12.8,12.8,12.8,0
2019-11-07,12.8,12.8,12.8,12.8,0
2019-11-08,12.8,12.8,12.8,12.8,0
2019-11-11,12.8,12.8,12.8,12.8,0
2019-11-12,12.8,12.8,12.8,12.8,0
2019-11-13,12.8,12.8,12.8,12.8,0
2019-11-14,12.8,12.8,12.8,12.8,0
2019-11-15,12.8,12.8,12.8,12.8,0
2019-11-18,12.8,12.8,12.8,12.8,0
2019-11-19,12.8,12.8,12.8,12.8,0
2019-11-20,12.8,12.8,12.8,12.8,0
2019-11-21,12.8,12.8,12.8,12.8,0
2019-11-22,12.8,12.8,12.8,12.8,0
2019-11-25,12.8,12.8,12.8,12.8,0
2019-11-26,12.8,12.8,12.8,12.8,0
2019-11-27,12.8,12.8,12.8,12.8,0
2019-11-28,12.8,12.8,12.8,12.8,0
2019-11-29,12.8,12.8,12.8,12.8,0
2019-12-02,12.8,12.8,12.8,12.8,0
2019-12-03,12.8,12.8,12.8,12.8,0
2019-12-04,12.8,12.8,12.8,12.8,0
2019-12-05,12.8,12.8,12.8,12.8,0
2019-12-06,12.8,12.8,12.8,12.8,0
2019-12-09,17.86,17.86,17.86,17.86,100
2019-12-10,17.86,17.86,17.86,17.86,0
2019-12-11,17.86,17.86,17.86,17.86,0
2019-12-12,17.86,17.86,17.86,17.86,0
2019-12-13,17.86,17.86,17.86,17.86,0
2019-12-16,17.86,17.86,17.86,17.86,0
2019-12-17,17.86,17.86,17.86,17.86,0
2019-12-18,17.86,17.86,17.86,17.86,0
2019-12-19,17.86,17.86,17.86,17.86,0
2019-12-20,17.86,17.86,17.86,17.86,0
2019-12-23,17.86,17.86,17.86,17.86,0
2019-12-24,17.86,17.86,17.86,17.86,0
2019-12-25,17.86,17.86,17.86,17.86,0
2019-12-26,17.86,17.86,17.86,17.86,0
2019-12-27,17.86,17.86,17.86,17.86,0
2019-12-30,17.86,17.86,17.86,17.86,0
2019-12-31,17.86,17.86,17.86,17.86,0
2020-01-02,17.86,17.86,17.86,17.86,0
2020-01-03,17.86,17.86,17.86,17.86,0
2020-01-06,17.86,17.86,17.86,17.86,0
2020-01-07,17.86,17.86,17.86,17.86,0
2020-01-08,17.86,17.86,17.86,17.86,0
2020-01-09,17.86,17.86,17.86,17.86,0
2020-01-10,17.86,17.86,17.86,17.86,0
2020-01-13,17.86,17.86,17.86,17.86,0
2020-01-14,17.86,17.86,17.86,17.86,0
2020-01-15,17.86,17.86,17.86,17.86,0
2020-01-16,17.86,17.86,17.86,17.86,0
2020-01-17,17.86,17.86,17.86,17.86,0
2020-01-20,17.86,17.86,17.86,17.86,0
2020-01-21,17.86,17.86,17.86,17.86,0
2020-01-22,17.86,17.86,17.86,17.86,0
2020-01-30,17.86,17.86,17.86,17.86,0
2020-01-31,17.86,17.86,17.86,17.86,0
2020-02-03,17.86,17.86,17.86,17.86,0
2020-02-04,17.86,17.86,17.86,17.86,0
2020-02-05,17.86,17.86,17.86,17.86,0
2020-02-06,17.86,17.86,17.86,17.86,0
2020-02-07,11.76,11.76,11.76,11.76,100
2020-02-10,11.76,11.76,11.76,11.76,0
2020-02-11,11.76,11.76,11.76,11.76,0
2020-02-12,11.76,11.76,11.76,11.76,0
2020-02-13,11.76,11.76,11.76,11.76,0
2020-02-14,11.76,11.76,11.76,11.76,0
2020-02-17,11.76,11.76,11.76,11.76,0
2020-02-18,11.76,11.76,11.76,11.76,0
2020-02-19,11.76,11.76,11.76,11.76,0
2020-02-20,11.76,11.76,11.76,11.76,0
2020-02-21,11.76,11.76,11.76,11.76,0
2020-02-24,11.16,11.16,11.16,11.16,5000
2020-02-25,11.16,11.16,11.16,11.16,0
2020-02-26,11.16,11.16,11.16,11.16,0
2020-02-27,11.16,11.16,11.16,11.16,0
2020-02-28,11.16,11.16,11.16,11.16,0
2020-03-02,11.16,11.16,11.16,11.16,0
2020-03-03,11.16,11.16,11.16,11.16,0
2020-03-04,11.16,11.16,11.16,11.16,0
2020-03-05,11.16,11.16,11.16,11.16,0
2020-03-06,11.16,11.16,11.16,11.16,0
2020-03-09,11.16,11.16,11.16,11.16,0
2020-03-10,11.16,11.16,11.16,11.16,0
2020-03-11,11.16,11.16,11.16,11.16,0
2020-03-12,11.16,11.16,11.16,11.16,0
2020-03-13,9.68,9.68,9.68,9.68,10000
2020-03-16,9.68,9.68,9.68,9.68,0
2020-03-17,9.68,9.68,9.68,9.68,0
2020-03-18,9.68,9.68,9.68,9.68,0
2020-03-19,9.68,9.68,9.68,9.68,0
2020-03-20,9.68,9.68,9.68,9.68,0
2020-03-23,9.68,9.68,9.68,9.68,0
2020-03-24,9.68,9.68,9.68,9.68,0
2020-03-25,9.68,9.68,9.68,9.68,0
2020-03-26,9.68,9.68,9.68,9.68,0
2020-03-27,9.68,9.68,9.68,9.68,0
2020-03-30,9.68,9.68,9.68,9.68,0
2020-03-31,10.42,10.42,10.42,10.42,100
2020-04-01,11.54,11.54,11.54,11.54,100
2020-04-03,13.25,13.25,13.25,13.25,300
2020-04-06,15.18,15.18,15.18,15.18,100
2020-04-07,17.42,17.42,14.89,14.89,500
2020-04-08,17.64,17.64,17.64,17.64,100
2020-04-09,15.03,15.03,15.03,15.03,600
2020-04-10,13.4,13.4,12.8,12.8,12800
2020-04-13,12.8,12.8,12.8,12.8,1000
2020-04-14,14.59,14.59,14.59,14.59,100
2020-04-15,14.59,14.59,14.59,14.59,0
2020-04-16,14.59,14.59,14.59,14.59,0
2020-04-17,12.65,12.65,12.65,12.65,400
2020-04-20,12.65,12.65,12.65,12.65,2500
2020-04-21,12.65,12.65,12.65,12.65,0
2020-04-22,12.65,12.65,12.65,12.65,0
2020-04-23,12.65,12.65,12.65,12.65,0
2020-04-24,12.65,12.65,12.65,12.65,0
2020-04-27,12.65,12.65,12.65,12.65,0
2020-04-28,12.65,12.65,12.65,12.65,0
2020-04-29,12.65,12.65,12.65,12.65,0
2020-05-04,12.65,12.65,12.65,12.65,0
2020-05-05,12.65,12.65,12.65,12.65,0
2020-05-06,12.65,12.65,12.65,12.65,0
2020-05-07,12.65,12.65,12.65,12.65,0
2020-05-08,12.65,12.65,12.65,12.65,0
2020-05-11,12.65,12.65,12.65,12.65,0
2020-05-12,12.65,12.65,12.65,12.65,0
2020-05-13,12.65,12.65,12.65,12.65,0
2020-05-14,12.65,12.65,12.65,12.65,0
2020-05-15,12.65,12.65,12.65,12.65,0
2020-05-18,12.65,12.65,12.65,12.65,0
2020-05-19,12.65,12.65,12.65,12.65,0
2020-05-20,12.65,12.65,12.65,12.65,0
2020-05-21,12.65,12.65,12.65,12.65,0
2020-05-22,12.65,12.65,12.65,12.65,0
2020-05-25,12.65,12.65,12.65,12.65,0
2020-05-26,12.65,12.65,12.65,12.65,0
2020-05-27,12.65,12.65,12.65,12.65,0
2020-05-28,12.65,12.65,12.65,12.65,0
2020-05-29,12.65,12.65,12.65,12.65,0
2020-06-01,12.65,12.65,12.65,12.65,0
2020-06-02,12.65,12.65,12.65,12.65,0
2020-06-03,12.5,12.65,12.5,12.65,2900
2020-06-04,12.58,12.65,12.65,12.65,0
2020-06-05,12.58,12.65,12.65,12.65,0
2020-06-08,12.58,12.65,12.65,12.65,0
2020-06-09,10.72,10.72,10.72,10.72,100
2020-06-10,10.72,10.72,10.72,10.72,0
2020-06-11,10.72,10.72,10.72,10.72,0
2020-06-12,10.72,10.72,10.72,10.72,0
2020-06-15,9.38,12.28,9.38,12.28,14700
2020-06-16,12.28,12.28,12.28,12.28,6400
2020-06-17,12.28,12.28,12.28,12.28,0
2020-06-18,10.49,10.49,10.49,10.49,100
2020-06-19,9.23,12.06,9.23,12.06,1200
2020-06-22,11.83,12.06,12.06,12.06,0
2020-06-23,10.12,10.12,10.12,10.12,100
2020-06-24,10.12,10.12,10.12,10.12,0
2020-06-25,10.12,10.12,10.12,10.12,0
2020-06-26,11.61,11.61,11.61,11.61,100
2020-06-29,11.61,11.61,11.61,11.61,0
2020-06-30,10.2,10.2,10.2,10.2,100
2020-07-01,10.2,10.2,10.2,10.2,0
2020-07-02,10.2,10.2,10.2,10.2,0
2020-07-03,11.46,11.46,11.46,11.46,100
2020-07-06,9.75,9.75,9.75,9.75,100
2020-07-07,9.75,9.75,9.75,9.75,0
2020-07-08,9.75,9.75,9.75,9.75,0
2020-07-09,11.16,11.16,11.16,11.16,600
2020-07-10,9.53,9.53,9.53,9.53,100
2020-07-13,9.53,9.53,9.53,9.53,0
2020-07-14,9.53,9.53,9.53,9.53,0
2020-07-15,9.53,9.53,9.53,9.53,0
2020-07-16,9.53,9.53,9.53,9.53,0
2020-07-17,9.53,9.53,9.53,9.53,0
2020-07-20,9.53,9.53,9.53,9.53,0
2020-07-21,9.53,9.53,9.53,9.53,0
2020-07-22,9.53,9.53,9.53,9.53,0
2020-07-23,9.53,9.53,9.53,9.53,0
2020-07-24,9.53,9.53,9.53,9.53,0
2020-07-27,9.53,9.53,9.53,9.53,0
2020-07-28,10.94,10.94,10.94,10.94,100
2020-07-29,10.94,10.94,10.94,10.94,0
2020-07-30,10.94,10.94,10.94,10.94,0
2020-07-31,10.94,10.94,10.94,10.94,0
2020-08-03,10.94,10.94,10.94,10.94,0
2020-08-04,10.94,10.94,10.94,10.94,0
2020-08-05,10.94,10.94,10.94,10.94,0
2020-08-06,10.94,10.94,10.94,10.94,0
2020-08-07,10.94,10.94,10.94,10.94,0
2020-08-10,10.94,10.94,10.94,10.94,0
2020-08-11,10.94,10.94,10.94,10.94,0
2020-08-12,10.94,10.94,10.94,10.94,0
2020-08-13,10.94,10.94,10.94,10.94,0
2020-08-14,10.94,10.94,10.94,10.94,0
2020-08-17,10.94,10.94,10.94,10.94,0
2020-08-18,10.94,10.94,10.94,10.94,0
2020-08-19,10.94,10.94,10.94,10.94,0
2020-08-20,10.94,10.94,10.94,10.94,0
2020-08-21,10.94,10.94,10.94,10.94,0
2020-08-24,11.83,11.83,11.83,11.83,100
2020-08-25,11.83,11.83,11.83,11.83,0
2020-08-26,11.83,11.83,11.83,11.83,0
2020-08-27,11.83,11.83,11.83,11.83,0
2020-08-28,11.83,11.83,11.83,11.83,0
2020-08-31,11.83,11.83,11.83,11.83,0
2020-09-01,11.83,11.83,11.83,11.83,0
2020-09-03,11.83,11.83,11.83,11.83,0
2020-09-04,13.55,13.55,13.55,13.55,100
2020-09-07,11.91,14.14,11.91,14.14,2200
2020-09-08,10.57,10.57,10.57,10.57,100
2020-09-09,10.57,10.57,10.57,10.57,0
2020-09-10,10.57,10.57,10.57,10.57,0
2020-09-11,10.57,10.57,10.57,10.57,0
2020-09-14,10.57,10.57,10.57,10.57,0
2020-09-15,10.57,10.57,10.57,10.57,1100
2020-09-16,10.57,10.57,10.57,10.57,0
2020-09-17,10.57,10.57,10.57,10.57,0
2020-09-18,10.57,10.57,10.57,10.57,0
2020-09-21,10.57,10.57,10.57,10.57,0
2020-09-22,10.57,10.57,10.57,10.57,0
2020-09-23,10.57,10.57,10.57,10.57,0
2020-09-24,10.57,10.57,10.57,10.57,0
2020-09-25,10.57,10.57,10.57,10.57,0
2020-09-28,10.57,10.57,10.57,10.57,900
2020-09-29,10.57,10.57,10.57,10.57,0
2020-09-30,10.57,10.57,10.57,10.57,0
2020-10-01,10.57,10.57,10.57,10.57,0
2020-10-02,10.57,10.57,10.57,10.57,0
2020-10-05,10.57,10.57,10.57,10.57,0
2020-10-06,10.57,10.57,10.57,10.57,0
2020-10-07,10.57,10.57,10.57,10.57,0
2020-10-08,10.57,10.57,10.57,10.57,2200
2020-10-09,10.57,10.57,10.57,10.57,0
2020-10-12,10.79,10.79,10.79,10.79,2300
2020-10-13,10.79,10.79,10.79,10.79,0
2020-10-14,10.79,10.79,10.79,10.79,0
2020-10-15,10.79,10.79,10.79,10.79,0
2020-10-16,10.79,10.79,10.79,10.79,800
2020-10-19,12.35,12.35,12.35,12.35,100
2020-10-20,12.35,13.32,13.32,13.32,0
2020-10-21,12.35,13.32,13.32,13.32,0
2020-10-22,10.51,10.51,10.51,10.51,1000
2020-10-23,12.03,12.03,12.03,12.03,5100
2020-10-26,12.03,12.03,12.03,12.03,6300
2020-10-27,13.64,13.64,13.64,13.64,100
2020-10-28,13.64,13.64,13.64,13.64,2000
2020-10-29,13.64,13.64,13.64,13.64,0
2020-10-30,15.24,15.24,15.24,15.24,100
2020-11-02,15.24,15.24,15.24,15.24,0
2020-11-03,15.24,15.24,15.24,15.24,0
2020-11-04,15.24,15.24,15.24,15.24,0
2020-11-05,15.24,15.24,15.24,15.24,0
2020-11-06,15.24,15.24,15.24,15.24,0
2020-11-09,15.24,15.24,15.24,15.24,0
2020-11-10,15.24,15.24,15.24,15.24,0
2020-11-11,15.24,15.24,15.24,15.24,0
2020-11-12,13.0,13.0,13.0,13.0,2500
2020-11-13,13.0,13.0,13.0,13.0,0
2020-11-16,13.0,13.0,13.0,13.0,0
2020-11-17,13.0,13.0,13.0,13.0,0
2020-11-18,13.0,13.0,13.0,13.0,0
2020-11-19,13.0,13.0,13.0,13.0,0
2020-11-20,13.0,13.0,13.0,13.0,0
2020-11-23,12.84,12.84,12.84,12.84,3700
2020-11-24,12.84,12.84,12.84,12.84,0
2020-11-25,12.84,12.84,12.84,12.84,0
2020-11-26,12.84,12.84,12.84,12.84,0
2020-11-27,12.84,12.84,12.84,12.84,1000
2020-11-30,12.84,12.84,12.84,12.84,0
2020-12-01,12.84,12.84,12.84,12.84,6000
2020-12-02,12.84,12.84,12.84,12.84,1600
2020-12-03,12.84,12.84,12.84,12.84,500
2020-12-04,14.76,14.76,14.76,14.76,100
2020-12-07,14.76,14.76,14.76,14.76,0
2020-12-08,13.64,13.64,13.64,13.64,2900
2020-12-09,13.64,13.64,13.64,13.64,0
2020-12-10,13.64,13.64,13.64,13.64,0
2020-12-11,13.64,13.64,13.64,13.64,0
2020-12-14,11.63,11.63,11.63,11.63,100
2020-12-15,13.32,13.32,13.32,13.32,100
2020-12-16,13.32,13.32,13.32,13.32,0
2020-12-17,13.32,13.32,12.84,13.32,800
2020-12-18,12.44,12.44,12.44,12.44,3600
2020-12-21,12.44,13.64,12.44,13.64,21800
2020-12-22,12.84,12.84,12.03,12.84,4100
2020-12-23,12.84,13.64,12.84,12.84,18800
2020-12-24,12.84,12.92,12.84,12.92,3400
2020-12-25,12.84,12.84,12.84,12.84,2700
2020-12-28,12.84,12.84,12.84,12.84,2700
2020-12-29,12.84,12.92,12.84,12.92,900
2020-12-30,12.92,12.92,12.92,12.92,5800
2020-12-31,12.92,12.92,12.92,12.92,8900
2021-01-04,13.64,14.44,13.64,14.44,4700
2021-01-05,14.36,15.97,14.36,15.97,13500
2021-01-06,15.24,15.24,15.24,15.24,100
2021-01-07,14.44,15.16,14.44,15.16,800
2021-01-08,13.8,13.88,13.64,13.64,4800
2021-01-11,13.64,14.44,13.64,14.44,5000
2021-01-12,14.44,14.44,14.36,14.44,1800
2021-01-13,12.27,14.68,12.27,13.48,19500
2021-01-14,14.36,14.36,14.12,14.12,4900
2021-01-15,14.2,14.2,14.2,14.2,1000
2021-01-18,14.04,14.12,14.04,14.12,1100
2021-01-19,14.04,14.04,14.04,14.04,1000
2021-01-20,14.44,14.44,14.12,14.12,3100
2021-01-21,14.2,14.2,14.2,14.2,1500
2021-01-22,14.2,14.2,14.2,14.2,0
2021-01-25,14.2,14.2,13.96,13.96,4000
2021-01-26,13.96,13.96,13.96,13.96,2200
2021-01-27,13.96,14.12,13.0,14.04,2000
2021-01-28,13.96,13.96,13.96,13.96,200
2021-01-29,13.96,13.96,13.96,13.96,0
2021-02-01,14.12,14.12,14.12,14.12,200
2021-02-02,13.64,13.64,13.64,13.64,1100
2021-02-03,13.64,13.96,13.64,13.96,200
2021-02-04,13.8,13.96,13.8,13.96,3000
2021-02-05,11.87,14.12,11.87,14.12,9200
2021-02-08,13.88,13.88,13.88,13.88,500
2021-02-09,13.88,13.88,13.88,13.88,2400
2021-02-17,13.88,13.88,13.88,13.88,800
2021-02-18,13.96,13.96,13.96,13.96,700
2021-02-19,14.04,14.04,14.04,14.04,300
2021-02-22,13.96,13.96,13.96,13.96,2000
2021-02-23,13.96,14.04,13.96,14.04,2200
2021-02-24,12.11,15.56,12.11,15.56,600
2021-02-25,15.0,15.56,15.56,15.56,0
2021-02-26,14.92,14.92,14.92,14.92,100
2021-03-01,12.76,14.76,12.76,13.88,1800
2021-03-02,13.88,13.88,13.88,13.88,0
2021-03-03,13.88,14.36,13.88,14.36,1100
2021-03-04,13.96,14.36,14.36,14.36,0
2021-03-05,12.11,15.97,12.11,15.97,1000
2021-03-08,14.28,15.97,15.97,15.97,0
2021-03-09,12.27,15.4,12.27,15.4,300
2021-03-10,14.36,15.4,15.4,15.4,0
2021-03-11,14.36,15.4,15.4,15.4,0
2021-03-12,14.36,15.4,15.4,15.4,0
2021-03-15,14.28,14.44,14.28,14.36,6900
2021-03-16,14.6,14.6,14.6,14.6,200
2021-03-17,14.84,14.84,14.68,14.68,2300
2021-03-18,13.96,13.96,13.96,13.96,500
2021-03-19,14.84,15.08,14.84,15.08,2000
2021-03-22,14.84,14.84,14.84,14.84,400
2021-03-23,14.84,14.84,14.84,14.84,0
2021-03-24,14.84,15.0,14.44,14.44,2700
2021-03-25,14.44,14.44,14.44,14.44,2000
2021-03-26,14.92,14.92,14.12,14.12,7300
2021-03-29,14.44,14.84,14.44,14.84,1200
2021-03-30,14.68,14.84,14.84,14.84,0
2021-03-31,14.68,14.84,14.84,14.84,0
2021-04-01,14.12,15.24,14.12,15.24,800
2021-04-02,15.16,15.16,14.68,14.68,3200
2021-04-05,14.44,14.44,14.44,14.44,200
2021-04-06,14.44,14.44,14.44,14.44,800
2021-04-07,14.44,14.84,14.44,14.44,1000
2021-04-08,14.76,14.76,14.44,14.44,1600
2021-04-09,14.52,14.52,14.44,14.44,1900
2021-04-12,15.24,15.24,14.44,14.44,300
2021-04-13,15.0,15.0,15.0,15.0,3000
2021-04-14,14.84,15.0,14.44,15.0,1200
2021-04-15,15.0,15.0,15.0,15.0,100
2021-04-16,15.0,16.45,15.0,16.45,500
2021-04-19,13.72,13.72,13.72,13.72,100
2021-04-20,13.72,13.72,13.72,13.72,0
2021-04-22,14.28,14.28,14.28,14.28,200
2021-04-23,14.28,14.28,14.28,14.28,0
2021-04-26,14.36,14.36,14.36,14.36,100
2021-04-27,14.36,14.36,14.36,14.36,0
2021-04-28,14.36,14.36,14.36,14.36,0
2021-04-29,15.24,15.24,15.24,15.24,100
2021-05-04,15.24,15.24,15.24,15.24,0
2021-05-05,15.24,15.24,15.24,15.24,0
2021-05-06,13.0,14.28,13.0,14.28,600
2021-05-07,14.28,14.28,14.28,14.28,2500
2021-05-10,14.28,14.28,14.12,14.12,1300
2021-05-11,14.28,14.12,14.12,14.12,0
2021-05-12,12.19,14.2,12.19,14.2,1100
2021-05-13,14.12,14.12,14.12,14.12,500
2021-05-14,15.24,15.24,15.24,15.24,100
2021-05-17,13.72,16.85,13.72,16.69,2500
2021-05-18,16.53,16.53,16.53,16.53,2500
2021-05-19,14.12,14.12,14.12,14.12,100
2021-05-20,14.12,14.12,14.12,14.12,0
2021-05-21,14.12,14.12,14.12,14.12,500
2021-05-24,16.05,16.05,16.05,16.05,100
2021-05-25,16.05,16.05,16.05,16.05,1100
2021-05-26,16.05,16.05,16.05,16.05,2500
2021-05-27,16.05,16.05,16.05,16.05,1400
2021-05-28,14.84,14.84,14.84,14.84,100
2021-05-31,16.05,16.05,16.05,16.05,100
2021-06-01,13.64,13.64,13.64,13.64,100
2021-06-02,13.64,13.64,13.64,13.64,99
2021-06-03,13.64,13.64,13.64,13.64,0
2021-06-04,15.24,15.24,15.24,15.24,1000
2021-06-07,14.84,14.84,14.84,14.84,900
2021-06-08,14.84,14.84,14.84,14.84,0
2021-06-09,15.48,15.48,15.48,15.48,100
2021-06-10,15.48,15.48,15.48,15.48,300
2021-06-11,14.44,14.44,14.44,14.44,1000
2021-06-14,14.44,14.44,14.44,14.44,0
2021-06-15,14.44,14.44,14.44,14.44,10
2021-06-16,14.44,14.44,14.44,14.44,0
2021-06-17,14.44,14.44,14.44,14.44,5310
2021-06-18,14.44,14.44,14.44,14.44,0
2021-06-21,14.44,14.44,14.44,14.44,0
2021-06-22,14.36,14.36,14.28,14.28,1500
2021-06-23,14.04,14.36,14.04,14.04,11200
2021-06-24,14.44,14.44,14.04,14.04,789
2021-06-25,14.04,14.04,14.04,14.04,1000
2021-06-28,14.04,14.04,14.04,14.04,0
2021-06-29,14.44,14.44,14.44,14.44,200
2021-06-30,14.04,14.04,14.04,14.04,1000
2021-07-01,14.04,14.44,13.64,14.04,2100
2021-07-02,14.44,14.52,14.2,14.2,6400
2021-07-05,14.44,14.44,14.12,14.2,5000
2021-07-06,14.2,14.28,14.2,14.28,2200
2021-07-07,14.2,14.2,14.12,14.12,1500
2021-07-08,16.05,16.05,14.44,14.44,300
2021-07-09,14.28,14.28,14.2,14.2,500
2021-07-12,14.12,14.44,14.12,14.44,800
2021-07-13,14.2,14.44,14.44,14.44,0
2021-07-14,14.2,14.44,14.44,14.44,0
2021-07-15,14.12,14.12,14.12,14.12,200
2021-07-16,14.12,14.12,14.12,14.12,0
2021-07-19,14.04,14.04,14.04,14.04,3400
2021-07-20,14.04,14.04,14.04,14.04,600
2021-07-21,14.04,14.04,14.04,14.04,0
2021-07-22,14.04,14.04,14.04,14.04,0
2021-07-23,14.04,14.04,14.04,14.04,0
2021-07-26,13.96,13.96,13.72,13.72,1100
2021-07-27,13.88,13.72,13.72,13.72,0
2021-07-28,13.88,13.72,13.72,13.72,0
2021-07-29,14.04,14.04,14.04,14.04,200
2021-07-30,14.04,14.04,14.04,14.04,0
2021-08-02,13.64,13.64,13.64,13.64,900
2021-08-03,13.72,13.72,13.72,13.72,800
2021-08-04,13.64,13.64,13.64,13.64,900
2021-08-05,13.64,13.64,13.64,13.64,1
2021-08-06,13.64,13.64,13.64,13.64,0
2021-08-09,13.64,13.64,13.64,13.64,0
2021-08-10,13.64,13.64,13.64,13.64,0
2021-08-11,14.04,14.04,13.8,13.8,1600
2021-08-12,13.88,13.8,13.8,13.8,0
2021-08-13,14.6,14.6,14.6,14.6,100
2021-08-16,14.04,14.04,14.04,14.04,4100
2021-08-17,14.04,14.2,14.04,14.2,900
2021-08-18,14.12,14.12,14.12,14.12,100
2021-08-19,15.64,15.64,15.64,15.64,100
2021-08-20,14.52,14.52,14.52,14.52,400
2021-08-23,14.44,14.44,14.44,14.44,3100
2021-08-24,14.84,15.88,14.84,15.88,1500
2021-08-25,15.56,15.88,15.88,15.88,0
2021-08-26,15.56,15.88,15.88,15.88,0
2021-08-27,15.56,15.56,15.56,15.56,0
2021-08-30,14.44,14.52,14.44,14.52,2700
2021-08-31,14.76,14.76,14.76,14.76,500
2021-09-01,14.76,14.76,14.6,14.6,2400
2021-09-06,14.68,14.68,14.6,14.6,1800
2021-09-07,14.92,14.92,14.92,14.92,500
2021-09-08,14.6,14.6,14.6,14.6,1000
2021-09-09,14.6,14.6,14.6,14.6,0
2021-09-10,16.77,16.77,14.6,14.6,1100
2021-09-13,14.84,14.84,14.84,14.84,801
2021-09-14,15.24,15.24,15.24,15.24,100
2021-09-15,15.24,15.24,15.24,15.24,0
2021-09-16,14.84,14.84,14.84,14.84,3000
2021-09-17,14.84,14.84,14.84,14.84,2100
2021-09-20,15.4,15.4,14.84,14.84,750
2021-09-21,14.84,14.84,14.84,14.84,2000
2021-09-22,14.84,14.84,14.6,14.6,605
2021-09-23,14.84,14.84,14.84,14.84,100
2021-09-24,14.84,14.84,14.84,14.84,32
2021-09-27,15.24,15.56,14.84,15.56,2600
2021-09-28,15.24,15.24,15.0,15.16,1900
2021-09-29,15.0,15.0,15.0,15.0,0
2021-09-30,15.24,15.24,15.0,15.0,900
2021-10-01,15.0,15.08,14.92,15.08,8600
2021-10-04,15.24,15.88,15.08,15.64,7600
2021-10-05,15.48,16.85,15.48,15.56,7800
2021-10-06,15.64,15.64,15.64,15.64,7300
2021-10-07,15.64,15.81,15.64,15.64,2000
2021-10-08,15.81,17.1,15.81,16.67,2200
2021-10-11,15.39,16.67,15.39,16.67,2600
2021-10-12,16.67,16.84,16.67,16.67,11600
2021-10-13,16.67,17.1,16.67,17.1,5200
2021-10-14,17.52,17.52,16.84,17.1,4700
2021-10-15,16.67,16.93,16.67,16.84,1900
2021-10-18,17.44,17.44,17.44,17.44,500
2021-10-19,17.44,17.44,17.44,17.44,100
2021-10-20,17.44,17.44,17.44,17.44,0
2021-10-21,17.44,17.44,17.44,17.44,0
2021-10-22,17.44,17.95,17.44,17.95,9900
2021-10-25,17.1,17.1,17.1,17.1,500
2021-10-26,17.52,17.52,17.52,17.52,100
2021-10-27,17.44,17.52,17.44,17.52,1000
2021-10-28,17.44,17.95,17.44,17.95,2800
2021-10-29,17.61,19.92,17.52,19.92,9800
2021-11-01,18.81,20.77,18.81,20.43,1300
2021-11-02,19.66,19.66,19.66,19.66,1800
2021-11-03,18.81,20.35,17.95,20.35,600
2021-11-04,19.66,19.66,19.66,19.66,300
2021-11-05,19.23,19.66,18.81,19.66,4100
2021-11-08,20.52,20.52,20.52,20.52,100
2021-11-09,19.66,20.52,19.66,20.52,6700
2021-11-10,20.35,20.35,20.35,20.35,0
2021-11-11,20.43,20.6,20.43,20.6,500
2021-11-12,20.52,20.69,20.52,20.69,1400
2021-11-15,20.52,20.52,19.66,19.66,2000
2021-11-16,19.66,20.09,19.66,20.09,12300
2021-11-17,19.66,19.66,19.66,19.66,600
2021-11-18,19.66,19.66,19.66,19.66,0
2021-11-19,17.95,17.95,17.95,17.95,1000
2021-11-22,17.87,17.87,17.87,17.87,200
2021-11-23,17.87,17.87,17.87,17.87,0
2021-11-24,20.43,20.43,20.17,20.17,500
2021-11-25,17.52,17.52,17.52,17.52,700
2021-11-26,20.09,20.09,20.0,20.09,9100
2021-11-29,20.26,23.08,20.26,20.52,3500
2021-11-30,19.66,19.66,19.66,19.66,6900
2021-12-01,20.09,20.09,20.09,20.09,1400
2021-12-02,20.09,20.09,20.09,20.09,300
2021-12-03,20.09,20.09,20.09,20.09,400
2021-12-06,20.17,20.52,20.17,20.52,20000
2021-12-07,20.52,20.52,20.52,20.52,5000
2021-12-08,20.09,20.52,20.09,20.52,1500
2021-12-09,19.66,20.35,19.66,19.83,1200
2021-12-10,19.83,19.83,19.83,19.83,0
2021-12-13,19.83,19.83,19.83,19.83,0
2021-12-14,19.83,19.83,19.83,19.83,100
2021-12-15,20.09,20.09,20.09,20.09,200
2021-12-16,20.09,20.09,20.09,20.09,1200
2021-12-17,20.09,20.09,20.09,20.09,300
2021-12-20,20.09,20.09,20.09,20.09,0
2021-12-21,20.09,20.09,20.09,20.09,1000
2021-12-22,20.09,20.09,20.09,20.09,0
2021-12-23,19.66,19.66,19.66,19.66,600
2021-12-24,22.57,22.57,21.37,21.37,300
2021-12-27,24.7,24.7,21.37,21.37,2300
2021-12-28,23.85,23.85,23.85,23.85,100
2021-12-29,23.85,23.85,23.85,23.85,0
2021-12-30,25.47,25.47,25.47,25.47,100
2021-12-31,22.31,22.31,22.31,22.31,200
2022-01-04,22.31,22.31,22.31,22.31,0
2022-01-05,19.66,19.66,19.66,19.66,2000
2022-01-06,22.48,22.57,22.48,22.57,600
2022-01-07,23.76,23.76,23.76,23.76,100
2022-01-10,23.76,23.76,23.76,23.76,0
2022-01-11,23.76,23.76,23.76,23.76,0
2022-01-12,23.76,23.76,23.76,23.76,0
2022-01-13,27.18,27.18,23.08,23.08,200
2022-01-14,25.13,25.13,25.13,25.13,0
2022-01-17,22.23,28.89,22.23,28.21,69300
2022-01-18,28.81,28.81,28.81,28.81,0
2022-01-19,28.81,28.81,28.81,28.81,0
2022-01-20,28.81,28.81,28.81,28.81,0
2022-01-21,28.81,28.81,28.81,28.81,0
2022-01-24,28.81,28.81,28.81,28.81,0
2022-01-25,28.81,28.81,28.81,28.81,0
2022-01-26,28.81,28.81,28.81,28.81,0
2022-01-27,28.81,28.81,28.81,28.81,0
2022-01-28,28.81,28.81,28.81,28.81,0
2022-02-07,29.92,29.92,29.92,29.92,100
2022-02-08,29.92,29.92,29.92,29.92,0
2022-02-09,29.92,29.92,29.92,29.92,0
2022-02-10,29.92,29.92,29.92,29.92,0
2022-02-11,29.92,29.92,29.92,29.92,0
2022-02-14,27.35,27.35,27.35,27.35,1000
2022-02-15,27.35,27.35,27.35,27.35,0
2022-02-16,27.35,27.35,27.35,27.35,0
2022-02-17,27.35,27.35,27.35,27.35,0
2022-02-18,23.25,23.25,23.25,23.25,1600
2022-02-21,19.83,23.08,19.83,22.31,300
2022-02-22,24.96,24.96,24.96,24.96,100
2022-02-23,22.65,22.65,22.65,22.65,200
2022-02-24,25.99,25.99,22.65,22.65,400
2022-02-25,20.52,20.52,20.52,20.52,100
2022-02-28,23.59,23.59,23.59,23.59,100
2022-03-01,20.52,20.52,20.52,20.52,200
2022-03-02,23.59,23.59,23.25,23.25,200
2022-03-03,20.52,22.23,20.52,22.23,1400
2022-03-04,23.94,23.94,23.94,23.94,100
2022-03-07,23.94,23.94,23.94,23.94,0
2022-03-08,23.17,23.17,22.4,22.4,500
2022-03-09,23.0,23.0,23.0,23.0,0
2022-03-10,21.29,21.29,21.29,21.29,100
2022-03-11,21.29,21.29,21.29,21.29,0
2022-03-14,24.45,24.45,23.85,23.85,600
2022-03-15,23.94,23.94,23.94,23.94,0
2022-03-16,23.94,23.94,23.94,23.94,0
2022-03-17,20.52,20.52,20.52,20.52,500
2022-03-18,23.59,23.59,20.52,20.52,900
2022-03-21,20.52,20.52,20.52,20.52,800
2022-03-22,23.59,23.59,23.08,23.08,500
2022-03-23,23.17,23.17,23.17,23.17,0
2022-03-24,23.17,23.17,23.17,23.17,0
2022-03-25,22.23,22.23,21.71,21.97,2600
2022-03-28,24.79,24.79,21.8,21.8,5500
2022-03-29,24.79,24.79,24.79,24.79,100
2022-03-30,24.79,24.79,24.79,24.79,0
2022-03-31,21.2,21.2,21.2,21.2,900
2022-04-01,24.36,24.36,22.65,22.65,200
2022-04-04,24.79,24.79,24.79,24.79,100
2022-04-05,24.79,24.79,24.79,24.79,0
2022-04-06,24.79,24.79,24.79,24.79,0
2022-04-07,24.79,24.79,24.79,24.79,0
2022-04-08,21.2,21.29,21.2,21.29,200
2022-04-12,24.36,24.36,22.23,22.23,1100
2022-04-13,22.4,22.23,22.23,22.23,0
2022-04-14,19.4,19.58,19.15,19.58,1900
2022-04-15,22.31,22.31,22.23,22.23,200
2022-04-18,22.91,22.91,22.91,22.91,100
2022-04-19,22.91,22.91,22.91,22.91,0
2022-04-20,22.91,22.91,22.91,22.91,0
2022-04-21,22.91,22.91,22.91,22.91,0
2022-04-22,19.49,19.49,19.49,19.49,1000
2022-04-25,19.15,19.58,19.15,19.4,1600
2022-04-26,22.31,22.31,22.31,22.31,100
2022-04-27,25.56,25.56,25.56,25.56,100
2022-04-28,22.05,22.05,22.05,22.05,300
2022-04-29,19.49,19.49,19.4,19.4,200
2022-05-04,22.31,22.31,22.31,22.31,100
2022-05-05,22.31,22.31,22.31,22.31,0
2022-05-06,22.31,22.31,22.31,22.31,0
2022-05-09,19.06,19.06,18.98,19.06,2300
2022-05-10,21.8,21.8,21.8,21.8,100
2022-05-11,21.8,21.8,21.8,21.8,0
2022-05-12,21.8,21.8,21.8,21.8,0
2022-05-13,18.81,18.81,18.81,18.81,600
2022-05-16,21.63,21.63,21.63,21.63,100
2022-05-17,21.63,21.63,21.63,21.63,0
2022-05-18,23.08,23.08,18.81,18.81,700
2022-05-19,22.31,22.31,21.8,21.8,300
2022-05-20,21.97,21.97,21.97,21.97,0
2022-05-23,21.97,21.97,21.97,21.97,0
2022-05-24,21.97,21.97,21.97,21.97,0
2022-05-25,21.97,21.97,21.97,21.97,0
2022-05-26,21.97,21.97,21.97,21.97,0
2022-05-27,21.97,21.97,21.97,21.97,0
2022-05-30,18.98,18.98,18.89,18.89,400
2022-05-31,20.0,20.0,20.0,20.0,800
2022-06-01,21.88,21.88,21.88,21.88,100
2022-06-02,19.4,19.4,19.23,19.23,300
2022-06-03,21.88,21.88,18.98,19.66,1200
2022-06-06,22.57,22.57,22.57,22.57,100
2022-06-07,22.57,22.57,22.57,22.57,0
2022-06-08,22.57,22.57,22.57,22.57,0
2022-06-09,22.57,22.57,22.57,22.57,0
2022-06-10,22.57,22.57,22.57,22.57,0
2022-06-13,22.57,22.57,22.57,22.57,0
2022-06-14,22.57,22.57,22.57,22.57,0
2022-06-15,22.57,22.57,22.57,22.57,0
2022-06-16,22.57,22.57,22.57,22.57,0
2022-06-17,22.57,22.57,22.57,22.57,0
2022-06-20,22.57,22.57,22.57,22.57,0
2022-06-21,22.57,22.57,22.57,22.57,0
2022-06-22,19.23,19.23,19.23,19.23,200
2022-06-23,19.23,19.23,19.23,19.23,0
2022-06-24,19.23,19.23,19.23,19.23,0
2022-06-27,19.15,19.15,19.15,19.15,1500
2022-06-28,19.23,19.66,19.23,19.66,2000
2022-06-29,21.97,21.97,21.97,21.97,100
2022-06-30,21.97,21.97,21.97,21.97,0
2022-07-01,21.97,21.97,21.97,21.97,0
2022-07-04,21.97,21.97,21.97,21.97,0
2022-07-05,21.97,21.97,21.97,21.97,0
2022-07-06,21.97,21.97,21.97,21.97,0
2022-07-07,21.97,21.97,21.97,21.97,0
2022-07-08,21.29,21.29,21.29,21.29,100
2022-07-11,21.29,21.29,21.29,21.29,0
2022-07-12,20.43,20.43,20.43,20.43,100
2022-07-13,20.43,20.43,20.43,20.43,500
2022-07-14,19.66,19.66,19.66,19.66,4900
2022-07-15,21.29,21.29,20.52,20.52,1100
2022-07-18,17.95,17.95,17.95,17.95,400
2022-07-19,20.6,20.6,20.6,20.6,100
2022-07-20,20.6,20.6,20.6,20.6,0
2022-07-21,20.6,20.6,20.6,20.6,0
2022-07-22,20.6,20.6,20.6,20.6,0
2022-07-25,20.6,20.6,20.6,20.6,0
2022-07-26,18.81,19.58,18.81,19.4,6900
2022-07-27,20.6,20.6,20.6,20.6,100
2022-07-28,20.6,20.6,20.6,20.6,100
2022-07-29,20.6,20.6,20.6,20.6,0
2022-08-01,20.6,20.6,20.6,20.6,0
2022-08-02,20.6,20.6,20.6,20.6,0
2022-08-03,20.6,20.6,20.6,20.6,0
2022-08-04,20.6,20.6,20.6,20.6,0
2022-08-05,20.6,20.6,20.6,20.6,0
2022-08-08,20.6,20.6,20.6,20.6,0
2022-08-09,20.6,20.6,20.6,20.6,0
2022-08-10,20.6,20.6,20.6,20.6,0
2022-08-11,19.23,19.66,19.23,19.66,800
2022-08-12,19.49,19.49,19.49,19.49,0
2022-08-15,19.49,19.49,19.49,19.49,0
2022-08-16,22.23,22.23,22.23,22.23,100
2022-08-17,22.23,22.23,22.23,22.23,0
2022-08-18,22.23,22.23,22.23,22.23,0
2022-08-19,22.23,22.23,22.23,22.23,0
2022-08-22,18.89,18.89,18.89,18.89,1900
2022-08-23,21.71,21.71,21.71,21.71,100
2022-08-24,21.71,21.71,21.71,21.71,0
2022-08-25,20.52,20.52,20.43,20.52,20500
2022-08-26,21.8,21.8,21.8,21.8,100
2022-08-29,21.8,21.8,21.8,21.8,0
2022-08-30,21.8,21.8,21.8,21.8,0
2022-08-31,23.94,23.94,22.65,22.65,800
2022-09-05,22.82,22.82,22.82,22.82,0
2022-09-06,22.82,22.82,22.82,22.82,0
2022-09-07,19.66,20.09,19.66,20.09,1500
2022-09-08,20.09,20.09,20.09,20.09,5100
2022-09-09,23.08,23.08,19.66,19.66,400
2022-09-12,20.52,20.52,20.52,20.52,0
2022-09-13,20.52,20.52,20.52,20.52,2100
2022-09-14,20.52,20.52,20.52,20.52,0
2022-09-15,20.52,20.52,20.52,20.52,0
2022-09-16,20.52,20.52,20.52,20.52,0
2022-09-19,18.81,18.81,18.81,18.81,600
2022-09-20,21.63,21.63,21.63,21.63,100
2022-09-21,21.63,21.63,21.63,21.63,0
2022-09-22,21.63,21.63,21.63,21.63,0
2022-09-23,21.63,21.63,21.63,21.63,0
2022-09-26,21.63,21.63,21.63,21.63,0
2022-09-27,21.63,21.63,21.63,21.63,100
2022-09-28,21.63,21.63,21.63,21.63,0
2022-09-29,21.54,24.86,21.54,24.86,18800
2022-09-30,23.87,23.87,23.87,23.87,0
2022-10-03,21.54,21.54,21.54,21.54,100
2022-10-04,21.54,21.54,21.54,21.54,0
2022-10-05,24.77,24.77,24.77,24.77,100
2022-10-06,24.77,24.77,24.77,24.77,0
2022-10-07,24.77,24.77,24.77,24.77,0
2022-10-10,24.77,24.77,24.77,24.77,0
2022-10-11,24.77,24.77,24.77,24.77,0
2022-10-12,24.77,24.77,24.77,24.77,0
2022-10-13,24.77,24.77,24.77,24.77,0
2022-10-14,24.77,24.77,24.77,24.77,0
2022-10-17,24.77,24.77,24.77,24.77,0
2022-10-18,24.77,24.77,24.77,24.77,0
2022-10-19,21.54,21.54,21.54,21.54,200
2022-10-20,21.54,21.54,21.54,21.54,0
2022-10-21,21.54,21.54,21.54,21.54,0
2022-10-24,21.54,21.54,21.54,21.54,0
2022-10-25,19.74,19.74,19.74,19.74,1500
2022-10-26,22.7,22.7,22.7,22.7,101
2022-10-27,22.7,22.7,22.7,22.7,0
2022-10-28,22.7,22.7,22.7,22.7,0
2022-10-31,22.88,22.88,19.74,19.74,15200
2022-11-01,22.25,22.25,22.25,22.25,0
2022-11-02,19.02,19.02,19.02,19.02,85200
2022-11-03,21.81,21.81,21.81,21.81,100
2022-11-04,21.81,21.81,21.81,21.81,0
2022-11-07,21.81,21.81,21.81,21.81,0
2022-11-08,21.81,21.81,21.81,21.81,0
2022-11-09,21.81,21.81,21.81,21.81,0
2022-11-10,21.81,21.81,21.81,21.81,0
2022-11-11,21.81,21.81,21.81,21.81,0
2022-11-14,21.81,21.81,21.81,21.81,0
2022-11-15,22.79,22.79,22.79,22.79,100
2022-11-16,22.79,22.79,22.79,22.79,0
2022-11-17,22.79,22.79,22.79,22.79,0
2022-11-18,22.79,22.79,22.79,22.79,0
2022-11-21,22.79,22.79,22.79,22.79,0
2022-11-22,22.79,22.79,22.79,22.79,0
2022-11-23,22.79,22.79,22.79,22.79,0
2022-11-24,22.79,22.79,22.79,22.79,0
2022-11-25,22.79,22.79,22.79,22.79,0
2022-11-28,22.79,22.79,22.79,22.79,0
2022-11-29,22.79,22.79,22.79,22.79,0
2022-11-30,22.79,22.79,22.79,22.79,0
2022-12-01,22.43,22.43,22.43,22.43,400
2022-12-02,22.43,22.43,22.43,22.43,0
2022-12-05,22.43,22.43,22.43,22.43,0
2022-12-06,22.43,22.43,22.43,22.43,0
2022-12-07,22.43,22.43,22.43,22.43,0
2022-12-08,22.43,22.43,22.43,22.43,0
2022-12-09,22.43,22.43,22.43,22.43,0
2022-12-12,19.74,19.74,19.74,19.74,3101
2022-12-13,19.74,19.74,19.74,19.74,0
2022-12-14,19.74,19.74,19.74,19.74,500
2022-12-15,18.84,18.84,18.84,18.84,1000
2022-12-16,21.63,21.63,17.95,17.95,1100
2022-12-19,18.31,18.31,18.31,18.31,0
2022-12-20,21.0,21.0,21.0,21.0,100
2022-12-21,21.0,21.0,21.0,21.0,0
2022-12-22,24.05,24.05,24.05,24.05,5200
2022-12-23,24.05,24.05,24.05,24.05,0
2022-12-26,20.46,20.46,20.46,20.46,1000
2022-12-27,20.46,20.46,20.46,20.46,0
2022-12-28,20.46,20.46,20.46,20.46,0
2022-12-29,20.46,20.46,20.46,20.46,0
2022-12-30,20.46,20.46,20.46,20.46,0
2023-01-03,20.19,20.19,20.19,20.19,300
2023-01-04,20.19,20.19,20.19,20.19,0
2023-01-05,17.95,17.95,17.95,17.95,1500
2023-01-06,17.95,17.95,17.95,17.95,0
2023-01-09,17.95,17.95,17.95,17.95,0
2023-01-10,15.26,15.26,15.26,15.26,100
2023-01-11,15.26,15.26,15.26,15.26,0
2023-01-12,15.26,15.26,15.26,15.26,0
2023-01-13,17.5,17.5,17.5,17.5,100
2023-01-16,14.9,14.9,14.9,14.9,100
2023-01-17,14.9,14.9,14.9,14.9,0
2023-01-18,13.01,17.05,13.01,17.05,200
2023-01-19,13.01,17.32,13.01,17.32,200
2023-01-27,13.1,17.41,13.1,17.41,916
2023-01-30,14.63,18.4,14.63,18.4,400
2023-01-31,17.95,17.95,17.95,17.95,100
2023-02-01,19.29,19.29,19.29,19.29,1000
2023-02-02,16.42,22.17,16.42,19.29,700
2023-02-03,22.08,22.08,19.29,19.29,400
2023-02-06,22.97,22.97,22.97,22.97,100
2023-02-07,19.56,19.56,19.56,19.56,100
2023-02-08,19.56,19.56,19.56,19.56,0
2023-02-09,19.56,19.56,19.56,19.56,0
2023-02-10,19.56,19.56,19.56,19.56,0
2023-02-13,19.56,19.56,19.56,19.56,0
2023-02-14,22.43,22.43,22.43,22.43,101
2023-02-15,25.67,25.67,25.67,25.67,100
2023-02-16,25.67,25.67,25.67,25.67,0
2023-02-17,25.67,25.67,25.67,25.67,0
2023-02-20,21.9,21.9,21.9,21.9,100
2023-02-21,18.84,19.74,18.84,19.74,900
2023-02-22,22.25,22.25,22.25,22.25,100
2023-02-23,25.22,25.22,25.22,25.22,100
2023-02-24,25.22,25.22,25.22,25.22,0
2023-02-27,25.22,25.22,25.22,25.22,0
2023-02-28,25.22,25.22,25.22,25.22,0
2023-03-01,28.63,28.63,21.54,21.54,3100
2023-03-02,21.81,21.81,21.81,21.81,0
2023-03-03,23.33,23.33,19.83,20.19,1600
2023-03-06,22.88,22.88,22.7,22.79,3500
2023-03-07,25.04,25.04,25.04,25.04,100
2023-03-08,25.04,25.04,25.04,25.04,0
2023-03-09,24.05,24.05,24.05,24.05,100
2023-03-10,24.05,24.05,24.05,24.05,0
2023-03-13,23.33,23.33,23.33,23.33,100
2023-03-14,22.88,22.88,22.43,22.61,2100
2023-03-15,22.61,22.61,22.61,22.61,300
2023-03-16,22.61,23.33,22.43,23.33,4500
2023-03-17,23.06,23.06,23.06,23.06,0
2023-03-20,22.43,22.43,20.64,21.72,25800
2023-03-21,24.23,24.23,20.64,21.0,19900
2023-03-22,23.96,23.96,23.42,23.42,206
2023-03-23,24.23,24.23,24.23,24.23,1000
2023-03-24,24.23,24.23,24.23,24.23,0
2023-03-27,24.23,24.32,24.23,24.32,1600
2023-03-28,24.32,24.32,24.32,24.32,0
2023-03-29,21.18,21.18,21.09,21.09,5000
2023-03-30,24.32,24.32,21.27,21.45,600
2023-03-31,25.04,25.04,21.45,21.45,1114
2023-04-03,21.45,21.45,21.09,21.09,1100
2023-04-04,21.09,21.09,21.09,21.09,700
2023-04-05,22.88,22.88,22.79,22.79,3006
2023-04-06,22.88,22.88,21.09,21.09,3100
2023-04-07,21.18,21.18,21.18,21.18,10
2023-04-10,22.88,22.88,22.34,22.43,1300
2023-04-11,22.43,22.43,22.43,22.43,0
2023-04-12,20.64,20.64,20.64,20.64,2000
2023-04-13,20.64,20.64,20.64,20.64,0
2023-04-14,20.64,20.64,20.64,20.64,0
2023-04-17,20.64,20.64,20.64,20.64,0
2023-04-18,20.64,20.64,20.64,20.64,0
2023-04-19,22.34,22.34,22.34,22.34,200
2023-04-20,22.34,22.34,22.34,22.34,0
2023-04-21,22.34,22.34,22.34,22.34,2500
2023-04-24,22.34,22.34,22.34,22.34,0
2023-04-25,22.34,22.34,22.34,22.34,0
2023-04-26,22.34,22.34,22.34,22.34,0
2023-04-27,22.34,22.34,22.34,22.34,0
2023-04-28,21.18,21.18,21.09,21.09,1600
2023-05-04,22.43,22.43,22.43,22.43,101
2023-05-05,22.43,22.43,22.43,22.43,0
2023-05-08,22.43,22.43,22.43,22.43,0
2023-05-09,22.43,22.43,22.43,22.43,9
2023-05-10,20.64,20.73,20.64,20.64,11800
2023-05-11,20.64,20.64,20.64,20.64,12010
2023-05-12,20.64,20.64,20.64,20.64,3000
2023-05-15,22.08,22.08,22.08,22.08,100
2023-05-16,22.08,22.08,22.08,22.08,0
2023-05-17,22.08,22.08,22.08,22.08,0
2023-05-18,22.08,22.08,22.08,22.08,5
2023-05-19,22.08,22.08,22.08,22.08,0
2023-05-22,22.08,22.08,22.08,22.08,0
2023-05-23,22.08,22.08,22.08,22.08,0
2023-05-24,22.08,22.08,22.08,22.08,0
2023-05-25,22.08,22.08,22.08,22.08,0
2023-05-26,21.99,21.99,21.99,21.99,4205
2023-05-29,21.99,21.99,21.99,21.99,14000
2023-05-30,21.99,22.43,21.99,22.25,500
2023-05-31,22.43,22.43,22.43,22.43,200
2023-06-01,22.34,22.43,22.34,22.43,2886
2023-06-02,22.43,22.43,22.43,22.43,0
2023-06-05,22.43,22.43,22.43,22.43,100
2023-06-06,24.14,24.14,24.14,24.14,100
2023-06-07,24.14,24.14,24.14,24.14,0
2023-06-08,24.14,24.14,24.14,24.14,0
2023-06-09,24.14,24.14,24.14,24.14,0
2023-06-12,24.14,24.14,24.14,24.14,0
2023-06-13,24.14,24.14,24.14,24.14,0
2023-06-14,21.54,21.54,21.54,21.54,300
2023-06-15,21.54,21.54,21.54,21.54,0
2023-06-16,22.79,22.79,22.79,22.79,109
2023-06-19,21.54,21.54,21.54,21.54,200
2023-06-20,22.43,22.43,22.43,22.43,1000
2023-06-21,22.43,22.43,22.43,22.43,0
2023-06-22,22.79,22.79,22.79,22.79,2100
2023-06-23,25.93,25.93,22.43,22.43,600
2023-06-26,26.38,26.38,22.79,22.79,200
2023-06-27,22.88,22.88,22.88,22.88,1200
2023-06-28,25.93,25.93,23.33,23.33,1600
2023-06-29,27.01,27.01,23.51,23.51,800
2023-06-30,23.96,23.96,23.96,23.96,0
2023-07-03,27.55,27.55,21.09,21.09,1100
2023-07-04,25.49,25.49,25.49,25.49,100
2023-07-05,25.49,25.49,25.49,25.49,0
2023-07-06,25.49,25.49,25.49,25.49,0
2023-07-07,24.05,24.05,24.05,24.05,100
2023-07-10,23.78,23.78,23.78,23.78,500
2023-07-11,23.78,23.78,23.78,23.78,0
2023-07-12,23.78,23.78,23.78,23.78,0
2023-07-13,25.04,25.04,25.04,25.04,100
2023-07-14,25.04,25.04,25.04,25.04,0
2023-07-17,24.68,24.68,24.68,24.68,100
2023-07-18,24.68,24.68,24.68,24.68,0
2023-07-19,28.36,28.36,28.36,28.36,100
2023-07-20,28.36,28.36,28.36,28.36,0
2023-07-21,28.36,28.36,28.36,28.36,0
2023-07-24,28.36,28.36,28.36,28.36,0
2023-07-25,28.36,28.36,28.36,28.36,0
2023-07-26,28.36,28.36,28.36,28.36,0
2023-07-27,24.23,24.23,24.23,24.23,400
2023-07-28,24.23,24.23,24.23,24.23,0
2023-07-31,23.78,23.78,22.43,22.43,9700
2023-08-01,23.69,23.69,23.69,23.69,100
2023-08-02,23.69,23.69,23.69,23.69,0
2023-08-03,23.69,23.69,23.69,23.69,0
2023-08-04,23.69,23.69,23.69,23.69,0
2023-08-07,23.69,23.69,23.69,23.69,0
2023-08-08,23.69,23.69,23.69,23.69,0
2023-08-09,23.69,23.69,23.69,23.69,0
2023-08-10,23.69,23.69,23.69,23.69,0
2023-08-11,27.19,27.19,21.09,22.43,800
2023-08-14,23.69,23.69,23.69,23.69,100
2023-08-15,23.69,23.69,23.69,23.69,0
2023-08-16,22.43,23.69,22.43,23.69,200
2023-08-17,23.06,23.06,23.06,23.06,0
2023-08-18,23.6,23.6,23.6,23.6,100
2023-08-21,23.6,23.6,23.6,23.6,0
2023-08-22,23.6,23.6,23.6,23.6,0
2023-08-23,23.6,23.6,23.6,23.6,0
2023-08-24,23.6,23.6,23.6,23.6,0
2023-08-25,23.6,23.6,23.6,23.6,0
2023-08-28,21.99,21.99,21.99,21.99,1300
2023-08-29,23.51,23.51,23.51,23.51,100
2023-08-30,23.51,23.51,23.51,23.51,0
2023-08-31,23.51,23.51,23.51,23.51,0
2023-09-05,27.01,27.01,27.01,27.01,100
2023-09-06,27.01,27.01,27.01,27.01,0
2023-09-07,27.01,27.01,27.01,27.01,0
2023-09-08,27.01,27.01,27.01,27.01,0
2023-09-11,27.01,27.01,27.01,27.01,0
2023-09-12,25.58,25.58,25.58,25.58,100
2023-09-13,25.58,25.58,25.58,25.58,0
2023-09-14,22.97,22.97,22.97,22.97,100
2023-09-15,23.69,23.69,23.69,23.69,100
2023-09-18,27.19,27.19,27.19,27.19,100
2023-09-19,23.15,23.87,23.15,23.15,2000
2023-09-20,25.04,25.04,22.43,24.14,1700
2023-09-21,25.04,25.04,25.04,25.04,100
2023-09-22,22.88,22.97,22.52,22.52,3900
2023-09-25,25.04,25.04,22.7,22.7,400
2023-09-26,25.93,25.93,22.7,22.7,2200
2023-09-27,25.93,25.93,23.33,23.33,2100
2023-09-28,25.04,25.04,23.33,23.78,2200
2023-09-29,25.04,25.04,25.04,25.04,100
2023-10-02,25.04,25.04,25.04,25.04,0
2023-10-03,26.16,26.16,24.38,24.38,200
2023-10-04,25.32,25.32,25.32,25.32,0
2023-10-05,23.91,23.91,23.91,23.91,900
2023-10-06,25.22,25.22,25.22,25.22,100
2023-10-09,25.22,25.22,25.22,25.22,0
2023-10-10,25.22,25.22,25.22,25.22,0
2023-10-11,25.22,25.22,25.22,25.22,0
2023-10-12,22.97,22.97,22.97,22.97,300
2023-10-13,24.76,24.76,24.76,24.76,100
2023-10-16,23.44,23.44,23.44,23.44,400
2023-10-17,23.44,23.44,23.44,23.44,0
2023-10-18,23.44,23.44,23.44,23.44,1700
2023-10-19,23.44,23.44,23.44,23.44,0
2023-10-20,23.91,23.91,23.91,23.91,100
2023-10-23,22.97,22.97,22.5,22.5,1000
2023-10-24,23.82,24.85,23.82,24.85,2300
2023-10-25,25.22,25.22,25.22,25.22,100
2023-10-26,25.22,25.22,25.22,25.22,0
2023-10-27,25.22,25.22,25.22,25.22,0
2023-10-30,25.22,25.22,25.22,25.22,0
2023-10-31,23.44,23.44,22.5,22.5,2100
2023-11-01,24.76,24.76,24.76,24.76,100
2023-11-02,24.76,24.76,24.76,24.76,0
2023-11-03,23.91,23.91,23.91,23.91,500
2023-11-06,24.29,24.29,24.29,24.29,200
2023-11-07,24.29,24.29,24.29,24.29,0
2023-11-08,24.29,24.29,24.29,24.29,0
2023-11-09,24.29,24.29,24.29,24.29,0
2023-11-10,24.29,24.29,24.29,24.29,0
2023-11-13,22.5,22.6,22.5,22.6,1200
2023-11-14,24.19,24.19,24.19,24.19,102
2023-11-15,24.19,24.19,24.19,24.19,0
2023-11-16,24.19,24.19,24.19,24.19,0
2023-11-17,24.19,24.19,24.19,24.19,0
2023-11-20,24.19,24.19,24.19,24.19,0
2023-11-21,24.19,24.19,24.19,24.19,0
2023-11-22,24.19,24.19,24.19,24.19,0
2023-11-23,24.19,24.19,24.19,24.19,0
2023-11-24,23.44,23.44,23.44,23.44,900
2023-11-27,26.16,26.16,26.16,26.16,100
2023-11-28,23.44,23.44,23.44,23.44,600
2023-11-29,23.44,23.44,23.44,23.44,500
2023-11-30,23.44,23.44,23.44,23.44,1000
2023-12-01,25.22,25.22,20.63,23.44,1500
2023-12-04,23.44,23.44,22.5,23.44,4200
2023-12-05,26.16,26.16,26.16,26.16,100
2023-12-06,23.44,23.44,23.44,23.44,2800
2023-12-07,22.5,22.5,22.5,22.5,400
2023-12-08,23.44,23.44,23.44,23.44,603
2023-12-11,24.38,24.38,24.38,24.38,100
2023-12-12,25.32,25.32,25.32,25.32,100
2023-12-13,25.32,25.32,25.32,25.32,0
2023-12-14,25.32,25.32,25.32,25.32,0
2023-12-15,25.41,25.41,25.41,25.41,400
2023-12-18,25.41,25.41,25.41,25.41,0
2023-12-19,28.79,28.79,28.79,28.79,100
2023-12-20,28.79,28.79,28.79,28.79,0
2023-12-21,28.79,28.79,28.79,28.79,0
2023-12-22,28.79,28.79,28.79,28.79,0
2023-12-25,28.79,28.79,28.79,28.79,0
2023-12-26,24.85,24.85,24.85,24.85,1000
2023-12-27,24.85,24.85,24.85,24.85,800
2023-12-28,24.85,24.85,24.85,24.85,0
2023-12-29,24.85,24.85,24.85,24.85,0
2024-01-02,25.32,25.32,25.32,25.32,100
2024-01-03,25.32,25.32,25.32,25.32,0
2024-01-04,25.32,25.32,25.32,25.32,0
2024-01-05,25.32,25.79,25.32,25.79,28300
2024-01-08,25.79,25.79,25.79,25.79,25500
2024-01-09,25.79,25.79,25.79,25.79,3800
2024-01-10,28.97,28.97,25.79,25.79,10100
2024-01-11,28.97,28.97,28.97,28.97,100
2024-01-12,25.79,25.79,25.79,25.79,1500
2024-01-15,25.79,25.79,25.79,25.79,1900
2024-01-16,28.97,28.97,24.1,24.1,75400
2024-01-17,24.57,24.57,24.57,24.57,0
2024-01-18,24.01,24.01,24.01,24.01,1000
2024-01-19,24.38,24.38,24.38,24.38,4600
2024-01-22,25.79,25.79,25.79,25.79,300
2024-01-23,28.04,28.04,28.04,28.04,100
2024-01-24,25.88,25.88,25.79,25.79,400
2024-01-25,25.79,25.88,25.79,25.79,3000
2024-01-26,25.79,25.79,25.79,25.79,100
2024-01-29,25.79,26.26,25.79,25.79,2100
2024-01-30,25.79,25.79,25.79,25.79,1600
2024-01-31,25.79,25.79,25.79,25.79,1200
2024-02-01,25.79,25.79,25.79,25.79,1800
2024-02-02,25.79,25.79,25.79,25.79,0
2024-02-05,25.79,25.79,25.79,25.79,0
2024-02-06,28.13,28.13,28.13,28.13,100
2024-02-07,28.13,32.35,26.26,26.26,600
2024-02-15,33.38,33.38,26.26,26.26,900
2024-02-16,31.04,31.04,26.72,26.72,400
2024-02-19,31.41,31.98,31.41,31.98,300
2024-02-20,32.82,32.82,32.82,32.82,100
2024-02-21,37.7,37.7,37.7,37.7,100
2024-02-22,41.92,41.92,41.92,41.92,100
2024-02-23,41.92,41.92,41.92,41.92,0
2024-02-26,35.63,35.63,35.63,35.63,300
2024-02-27,35.63,40.98,31.88,31.88,1000
2024-02-28,37.88,37.88,30.01,30.01,1200
2024-02-29,35.63,35.63,35.63,35.63,500
2024-03-01,37.41,37.41,37.23,37.23,600
2024-03-04,38.35,38.35,38.35,38.35,100
2024-03-05,38.35,38.35,38.35,38.35,0
2024-03-06,37.98,38.35,37.98,38.35,400
2024-03-07,38.07,38.07,38.07,38.07,0
2024-03-08,38.07,38.07,38.07,38.07,0
2024-03-11,38.07,38.07,38.07,38.07,0
2024-03-12,38.07,38.07,38.07,38.07,0
2024-03-13,38.07,38.07,38.07,38.07,0
2024-03-14,38.07,38.07,38.07,38.07,0
2024-03-15,38.07,38.07,38.07,38.07,0
2024-03-18,38.07,38.07,38.07,38.07,0
2024-03-19,38.07,38.07,38.07,38.07,0
2024-03-20,32.44,32.44,32.44,32.44,2200
2024-03-21,28.13,28.6,27.66,27.66,1000
2024-03-22,27.19,27.19,27.19,27.19,300
2024-03-25,27.19,27.19,27.19,27.19,0
2024-03-26,27.19,27.19,27.19,27.19,0
2024-03-27,27.66,27.66,27.66,27.66,100
2024-03-28,31.79,31.79,31.79,31.79,200
2024-03-29,31.79,31.79,31.79,31.79,0
2024-04-01,28.13,28.13,27.19,27.19,1900
2024-04-02,28.04,28.04,28.04,28.04,0
2024-04-03,31.79,31.79,31.79,31.79,100
2024-04-04,30.94,30.94,28.13,28.13,200
2024-04-05,29.54,29.54,29.54,29.54,0
2024-04-08,31.69,31.69,29.07,29.07,700
2024-04-09,31.69,31.69,31.6,31.69,10700
2024-04-10,31.69,31.69,31.69,31.69,0
2024-04-11,31.69,31.69,31.69,31.69,2500
2024-04-12,31.69,31.69,31.69,31.69,0
2024-04-15,29.07,29.07,29.07,29.07,300
2024-04-16,30.85,30.85,30.85,30.85,100
2024-04-17,30.85,30.85,30.85,30.85,0
2024-04-19,26.35,30.85,26.35,29.07,1700
2024-04-22,30.94,30.94,30.94,30.94,100
2024-04-23,29.07,29.07,29.07,29.07,500
2024-04-24,30.85,30.85,30.85,30.85,300
2024-04-25,30.85,34.6,30.85,34.6,300
2024-04-26,35.54,35.54,35.54,35.54,100
2024-05-02,35.54,35.54,35.54,35.54,0
2024-05-03,30.29,30.29,30.29,30.29,100
2024-05-06,34.6,34.6,30.19,34.51,1000
2024-05-07,32.82,32.82,32.82,32.82,0
2024-05-08,36.48,36.48,30.48,30.48,2700
2024-05-09,36.01,36.01,36.01,36.01,200
2024-05-10,36.01,36.01,36.01,36.01,0
2024-05-13,41.35,41.35,41.35,41.35,100
2024-05-14,41.35,41.35,41.35,41.35,0
2024-05-15,43.13,46.88,35.16,35.16,500
2024-05-16,33.66,36.01,33.66,33.66,700
2024-05-17,30.66,35.07,30.66,35.07,800
2024-05-20,33.66,33.66,33.57,33.57,300
2024-05-21,33.76,33.76,31.23,31.23,200
2024-05-22,37.32,37.32,37.32,37.32,300
2024-05-23,37.32,37.32,37.32,37.32,0
2024-05-24,37.32,37.32,37.32,37.32,0
2024-05-27,37.32,37.32,37.32,37.32,0
2024-05-28,37.51,41.17,31.79,31.79,13710
2024-05-29,36.76,36.76,36.76,36.76,200
2024-05-30,40.6,40.6,40.6,40.6,200
2024-05-31,34.6,34.6,34.6,34.6,150
2024-06-03,34.69,34.69,29.44,32.73,3518
2024-06-04,31.13,35.82,31.13,35.82,2204
2024-06-05,35.45,35.45,35.45,35.45,8
2024-06-06,35.45,35.45,35.45,35.45,0
2024-06-07,31.04,31.88,31.04,31.79,6001
2024-06-10,31.88,32.35,31.04,32.35,600
2024-06-11,31.88,31.88,31.88,31.88,0
2024-06-12,32.73,32.73,31.51,31.51,1800
2024-06-13,35.16,35.16,32.82,32.82,802
2024-06-14,35.35,35.35,31.88,31.88,607
2024-06-17,35.35,35.35,35.35,35.35,100
2024-06-18,35.16,35.16,35.16,35.16,310
2024-06-19,35.16,35.16,35.16,35.16,0
2024-06-20,35.54,35.54,35.16,35.16,901
2024-06-21,34.69,35.16,34.69,34.69,400
2024-06-24,35.54,35.54,35.54,35.54,100
2024-06-25,35.54,35.54,35.54,35.54,0
2024-06-26,34.23,34.23,34.23,34.23,200
2024-06-27,34.23,34.23,32.35,32.35,1100
2024-06-28,32.82,32.82,32.82,32.82,200
2024-07-01,32.82,32.82,32.82,32.82,5
2024-07-02,34.13,34.13,34.13,34.13,1200
2024-07-03,31.88,31.88,31.88,31.88,4400
2024-07-04,34.13,34.23,34.13,34.23,201
2024-07-05,34.23,34.23,34.23,34.23,1
2024-07-08,34.23,34.23,34.23,34.23,0
2024-07-09,34.23,34.23,34.23,34.23,100
2024-07-10,32.07,32.07,31.98,31.98,1000
2024-07-11,34.13,34.13,34.13,34.13,101
2024-07-12,34.13,34.13,34.13,34.13,0
2024-07-15,34.13,34.13,34.13,34.13,0
2024-07-16,34.13,34.13,34.13,34.13,0
2024-07-17,34.13,34.13,34.13,34.13,0
2024-07-18,32.91,33.01,32.91,33.01,800
2024-07-19,34.13,34.13,34.13,34.13,100
2024-07-22,31.98,31.98,31.98,31.98,1100
2024-07-23,33.94,33.94,33.94,33.94,100
2024-07-24,33.94,33.94,33.94,33.94,0
2024-07-25,33.76,33.76,32.82,32.82,900
2024-07-26,32.54,34.13,32.54,34.13,400
2024-07-29,34.6,34.6,34.6,34.6,100
2024-07-30,34.6,34.6,34.6,34.6,0
2024-07-31,37.04,37.04,37.04,37.04,101
2024-08-01,37.04,37.04,37.04,37.04,0
2024-08-02,36.57,36.57,36.57,36.57,102
2024-08-05,36.57,36.57,36.57,36.57,0
2024-08-06,36.57,36.57,36.57,36.57,0
2024-08-07,36.57,36.57,36.57,36.57,0
2024-08-08,36.57,36.57,36.57,36.57,0
2024-08-09,36.57,36.57,36.57,36.57,0
2024-08-12,36.57,36.57,36.57,36.57,0
2024-08-13,37.23,37.23,32.35,36.57,400
2024-08-14,35.73,35.73,35.73,35.73,0
2024-08-15,35.73,35.73,35.73,35.73,0
2024-08-16,34.23,34.41,34.23,34.41,300
2024-08-19,34.32,34.32,34.32,34.32,0
2024-08-20,34.32,34.32,34.32,34.32,0
2024-08-21,34.23,34.32,34.23,34.32,2300
2024-08-22,36.48,36.48,31.88,34.32,1400
2024-08-23,34.23,34.23,34.23,34.23,100
2024-08-26,32.44,34.23,32.35,34.23,600
2024-08-27,34.23,34.23,34.23,34.23,100
2024-08-28,32.82,34.23,32.82,34.23,800
2024-08-29,34.23,34.23,34.23,34.23,101
2024-08-30,33.76,34.32,33.76,34.32,1605
2024-09-04,34.32,34.32,34.04,34.04,803
2024-09-05,34.04,34.04,34.04,34.04,0
2024-09-06,35.2,35.49,35.2,35.4,3100
2024-09-09,34.04,35.4,34.04,35.4,302
2024-09-10,36.27,36.27,36.27,36.27,100
2024-09-11,33.94,35.88,33.94,35.88,301
2024-09-12,35.2,35.2,33.56,33.56,720
2024-09-13,36.76,36.76,36.76,36.76,100
2024-09-16,34.62,34.62,34.14,34.14,1500
2024-09-17,39.57,39.57,34.14,36.37,1200
2024-09-18,37.63,37.63,37.63,37.63,100
2024-09-19,34.52,36.85,34.52,36.85,1100
2024-09-20,37.24,37.24,34.33,34.33,300
2024-09-23,36.66,36.66,36.66,36.66,100
2024-09-24,36.66,36.66,36.66,36.66,2
2024-09-25,34.52,35.69,34.52,35.69,900
2024-09-26,34.82,34.82,34.82,34.82,0
2024-09-27,36.17,36.17,32.97,36.17,2000
2024-09-30,36.27,36.27,34.14,34.14,1100
2024-10-01,34.23,35.79,34.23,35.79,201
2024-10-02,34.04,35.69,34.04,35.69,300
2024-10-03,34.91,34.91,34.91,34.91,0
2024-10-04,35.79,35.79,35.79,35.79,100
2024-10-07,35.79,35.79,35.79,35.79,102
2024-10-08,34.82,34.82,34.82,34.82,2700
2024-10-09,35.69,35.69,35.69,35.69,2300
2024-10-10,35.69,35.69,35.69,35.69,0
2024-10-11,35.69,35.69,35.69,35.69,0
2024-10-14,35.69,35.69,35.69,35.69,0
2024-10-15,35.69,35.69,35.69,35.69,0
2024-10-16,35.69,35.69,35.69,35.69,0
2024-10-17,35.69,35.69,35.69,35.69,0
2024-10-18,35.69,35.69,35.69,35.69,0
2024-10-21,34.52,34.52,34.52,34.52,600
2024-10-22,34.52,34.52,34.52,34.52,0
2024-10-23,34.52,34.52,34.52,34.52,0
2024-10-24,34.52,34.52,34.52,34.52,0
2024-10-25,34.52,34.52,34.52,34.52,0
2024-10-28,34.52,34.52,34.52,34.52,1000
2024-10-29,34.23,34.52,33.94,34.43,2100
2024-10-30,33.94,33.94,33.94,33.94,1009
2024-10-31,33.94,33.94,33.94,33.94,2502
2024-11-01,33.75,33.75,33.75,33.75,100
2024-11-04,33.94,33.94,33.46,33.46,800
2024-11-05,32.97,33.46,32.97,33.46,1200
2024-11-06,33.46,33.46,33.46,33.46,2300
2024-11-07,33.46,33.46,33.46,33.46,3602
2024-11-08,33.46,33.46,33.46,33.46,1600
2024-11-11,33.46,33.46,33.46,33.46,0
2024-11-12,33.46,33.46,33.46,33.46,6
2024-11-13,33.46,33.46,33.46,33.46,0
2024-11-14,33.46,33.46,33.46,33.46,0
2024-11-15,33.46,33.46,33.46,33.46,0
2024-11-18,33.94,33.94,33.94,33.94,500
2024-11-19,33.75,33.75,33.75,33.75,400
2024-11-20,33.07,33.07,32.0,32.0,200
2024-11-21,32.59,32.59,32.59,32.59,0
2024-11-22,32.59,32.59,32.59,32.59,0
2024-11-25,33.46,33.46,33.46,33.46,600
2024-11-26,33.75,33.94,33.75,33.94,301
2024-11-27,33.94,33.94,33.94,33.94,101
2024-11-28,33.94,33.94,33.94,33.94,100
2024-11-29,33.94,33.94,33.94,33.94,100
2024-12-02,32.97,33.46,32.97,33.46,601
2024-12-03,33.36,33.36,33.36,33.36,0
2024-12-04,32.59,33.36,32.59,33.36,2600
2024-12-05,32.78,32.78,32.78,32.78,1000
2024-12-06,32.78,32.78,32.59,32.59,1000
2024-12-09,32.59,32.59,32.59,32.59,500
2024-12-10,32.49,32.59,32.49,32.49,6500
2024-12-11,32.49,32.49,32.49,32.49,0
2024-12-12,32.49,32.59,32.49,32.59,1500
2024-12-13,32.78,32.78,32.78,32.78,500
2024-12-16,32.78,32.78,32.78,32.78,0
2024-12-17,32.78,32.78,32.78,32.78,1
2024-12-18,32.97,32.97,32.97,32.97,600
2024-12-19,32.97,32.97,32.97,32.97,0
2024-12-20,32.97,32.97,32.97,32.97,0
2024-12-23,32.97,32.97,32.97,32.97,800
2024-12-24,32.97,32.97,32.97,32.97,0
2024-12-25,31.13,31.13,31.13,31.13,900
2024-12-26,32.0,32.0,32.0,32.0,2100
2024-12-27,34.72,34.72,34.72,34.72,101
2024-12-30,29.58,31.62,29.58,31.52,5800
2024-12-31,31.52,31.52,31.52,31.52,0
2025-01-02,31.52,31.52,31.52,31.52,0
2025-01-03,32.78,32.78,32.78,32.78,200
2025-01-06,33.75,33.94,33.65,33.65,1501
2025-01-07,29.87,34.43,29.87,34.43,200
2025-01-08,33.46,33.46,33.46,33.46,100
2025-01-09,33.46,33.46,33.46,33.46,0
2025-01-10,28.51,32.78,28.51,32.78,200
2025-01-13,32.49,32.49,32.0,32.0,200
2025-01-14,33.26,33.26,33.26,33.26,500
2025-01-15,33.26,33.26,33.26,33.26,100
2025-01-16,33.26,33.26,33.26,33.26,0
2025-01-17,33.26,33.26,33.26,33.26,0
2025-01-20,33.94,33.94,33.85,33.94,14800
2025-01-21,33.94,33.94,33.94,33.94,918
2025-01-22,29.77,34.82,29.77,34.82,2300
2025-01-23,38.7,38.7,35.49,35.49,6400
2025-01-24,38.31,38.31,38.31,38.31,100
2025-02-03,32.78,32.78,32.78,32.78,100
2025-02-04,32.97,32.97,32.97,32.97,100
2025-02-05,33.07,33.07,32.97,32.97,700
2025-02-06,32.97,32.97,32.97,32.97,0
2025-02-07,33.46,33.46,33.07,33.07,400
2025-02-10,36.08,36.08,36.08,36.08,100
2025-02-11,31.71,33.46,31.71,33.26,500
2025-02-12,35.4,35.88,35.4,35.4,500
2025-02-13,33.07,36.76,33.07,36.76,305
2025-02-14,32.0,36.66,32.0,35.88,1100
2025-02-17,35.98,35.98,35.98,35.98,0
2025-02-18,33.07,35.98,33.07,35.98,2300
2025-02-19,35.49,35.49,35.49,35.49,0
2025-02-20,35.49,35.88,35.49,35.88,1000
2025-02-21,35.79,35.79,35.79,35.79,100
2025-02-24,35.79,35.88,35.79,35.88,1300
2025-02-25,35.88,35.88,35.88,35.88,5
2025-02-26,35.88,35.88,35.88,35.88,600
2025-02-27,35.98,35.98,35.98,35.98,101
2025-02-28,38.31,39.76,35.4,35.4,5619
2025-03-03,35.11,38.79,33.94,38.79,2301
2025-03-04,37.82,37.82,35.3,35.3,610
2025-03-05,35.88,35.88,35.88,35.88,1000
2025-03-06,35.88,35.88,35.69,35.69,7900
2025-03-07,35.79,36.17,35.4,36.17,2600
2025-03-10,35.98,35.98,35.69,35.88,1600
2025-03-11,35.79,35.79,35.79,35.79,0
2025-03-12,35.79,35.79,35.79,35.79,0
2025-03-13,35.98,35.98,35.98,35.98,400
2025-03-14,35.98,35.98,35.98,35.98,2
2025-03-17,35.98,35.98,35.98,35.98,0
2025-03-18,35.98,35.98,35.98,35.98,0
2025-03-19,35.98,35.98,35.98,35.98,0
2025-03-20,33.94,35.98,33.94,35.98,200
2025-03-21,36.17,36.17,36.17,36.17,100
2025-03-24,36.17,36.17,36.17,36.17,0
2025-03-25,36.17,36.17,36.17,36.17,0
2025-03-26,35.88,36.08,35.88,36.08,300
2025-03-27,33.94,33.94,33.94,33.94,100
2025-03-28,33.94,33.94,33.94,33.94,0
2025-03-31,34.91,35.88,34.91,35.88,800
2025-04-01,35.3,35.3,35.3,35.3,5
2025-04-02,35.3,35.3,35.3,35.3,0
2025-04-03,33.94,40.54,33.94,40.54,207
2025-04-04,31.71,31.71,31.71,31.71,1100
2025-04-08,32.0,33.94,32.0,33.94,300
2025-04-09,27.83,27.83,27.83,27.83,1101
2025-04-10,27.83,27.83,27.83,27.83,0
2025-04-11,32.0,32.0,32.0,32.0,100
2025-04-14,28.61,33.94,28.61,33.94,301
2025-04-15,32.2,32.2,32.2,32.2,0
2025-04-16,32.2,32.2,32.2,32.2,0
2025-04-17,31.52,31.52,31.52,31.52,2006
2025-04-18,33.94,33.94,33.94,33.94,5000
2025-04-21,30.16,33.94,30.16,33.94,4906
2025-04-22,31.42,33.94,31.42,33.94,500
2025-04-23,33.17,33.17,33.17,33.17,100
2025-04-24,33.17,33.17,33.17,33.17,6
2025-04-25,33.17,33.17,33.17,33.17,100
2025-04-28,33.17,33.17,33.17,33.17,0
2025-04-29,34.43,34.43,34.43,34.43,100
2025-05-05,34.43,34.43,34.43,34.43,0
2025-05-06,30.74,33.94,30.74,33.94,200
2025-05-07,33.94,33.94,33.94,33.94,300
2025-05-08,31.62,33.94,28.9,33.94,21200
2025-05-09,33.94,33.94,33.94,33.94,100
2025-05-12,32.1,33.94,32.0,33.75,3900
2025-05-13,33.94,33.94,33.94,33.94,1300
2025-05-14,33.94,33.94,33.94,33.94,200
2025-05-15,33.94,33.94,33.94,33.94,0
2025-05-16,33.94,33.94,33.94,33.94,0
2025-05-19,32.0,32.0,32.0,32.0,100
2025-05-20,32.0,32.0,32.0,32.0,0
2025-05-21,32.0,32.0,32.0,32.0,0
2025-05-22,33.94,33.94,33.94,33.94,400
2025-05-23,32.0,32.0,32.0,32.0,100
2025-05-26,32.0,32.0,32.0,32.0,0
2025-05-27,32.0,32.0,32.0,32.0,0
2025-05-28,33.94,33.94,33.94,33.94,100
2025-05-29,33.94,33.94,33.94,33.94,0
2025-05-30,33.94,33.94,33.94,33.94,0
2025-06-02,33.94,33.94,33.94,33.94,0
2025-06-03,33.94,33.94,33.94,33.94,0
2025-06-04,33.94,34.43,33.94,34.43,900
2025-06-05,34.14,34.14,34.14,34.14,0
2025-06-06,34.14,34.14,34.14,34.14,0
2025-06-09,34.14,34.14,34.14,34.14,0
2025-06-10,34.14,34.14,34.14,34.14,0
2025-06-11,34.14,34.14,34.14,34.14,0
2025-06-12,34.14,34.14,34.14,34.14,0
2025-06-13,34.14,34.14,34.14,34.14,0
2025-06-16,34.14,34.14,34.14,34.14,0
2025-06-17,34.14,34.14,34.14,34.14,0
2025-06-18,34.14,34.14,34.14,34.14,0
2025-06-19,35.69,35.69,35.69,35.69,100
2025-06-20,35.69,35.69,35.69,35.69,0
2025-06-23,35.59,35.59,34.43,34.43,13300
2025-06-24,35.49,35.49,35.49,35.49,2
2025-06-25,35.59,35.59,35.59,35.59,300
2025-06-26,35.59,35.59,35.59,35.59,0
2025-06-27,35.59,35.59,35.59,35.59,0
2025-06-30,35.59,35.59,35.59,35.59,0
2025-07-01,35.49,35.49,35.49,35.49,1000
2025-07-02,35.49,35.69,35.49,35.69,7100
2025-07-03,35.49,35.49,35.49,35.49,1
2025-07-04,35.69,35.79,35.69,35.79,200
2025-07-07,35.69,35.69,32.29,32.29,7000
2025-07-08,35.69,35.69,35.69,35.69,3705
2025-07-09,35.49,35.49,35.01,35.49,7300
2025-07-10,35.4,35.4,35.4,35.4,0
2025-07-11,35.4,35.4,35.4,35.4,0
2025-07-14,35.4,35.4,35.4,35.4,0
2025-07-15,35.4,35.4,35.4,35.4,1
2025-07-16,35.4,35.4,35.4,35.4,0
2025-07-17,35.4,35.4,35.4,35.4,0
2025-07-18,33.07,33.85,32.97,32.97,2806
2025-07-21,33.07,33.07,33.07,33.07,1
2025-07-22,33.94,33.94,33.94,33.94,1000
2025-07-23,33.94,33.94,33.94,33.94,1100
2025-07-24,33.94,33.94,33.94,33.94,0
2025-07-25,32.97,32.97,32.97,32.97,4100
2025-07-28,32.2,32.2,32.2,32.2,30001
2025-07-29,32.97,34.43,32.97,34.43,1900
2025-07-30,34.14,34.14,34.14,34.14,0
2025-07-31,34.14,34.14,34.14,34.14,0
2025-08-01,34.14,34.14,34.14,34.14,0
2025-08-04,34.43,34.43,34.43,34.43,400
2025-08-05,34.43,34.43,34.43,34.43,0
2025-08-06,34.43,34.43,34.43,34.43,0
2025-08-07,34.43,34.43,34.43,34.43,0
2025-08-08,32.49,32.49,32.49,32.49,100
2025-08-11,33.94,33.94,32.97,32.97,500
2025-08-12,34.91,34.91,33.46,33.46,1000
2025-08-13,34.91,34.91,34.91,34.91,100
2025-08-14,34.43,34.43,34.43,34.43,600
2025-08-15,34.91,34.91,34.91,34.91,100
2025-08-18,34.91,34.91,34.91,34.91,0
2025-08-19,34.91,34.91,34.91,34.91,0
2025-08-20,34.91,34.91,34.91,34.91,0
2025-08-21,34.43,34.43,34.43,34.43,700
2025-08-22,34.43,34.43,34.43,34.43,500
2025-08-25,34.43,34.43,34.43,34.43,0
2025-08-26,34.43,34.43,34.43,34.43,8
2025-08-27,34.43,34.43,34.43,34.43,0
2025-08-28,34.43,34.43,34.43,34.43,0
2025-08-29,34.43,34.43,34.43,34.43,0
2025-09-03,34.43,34.43,34.43,34.43,0
2025-09-04,34.43,34.43,34.43,34.43,400
2025-09-05,34.91,34.91,34.91,34.91,101
2025-09-08,38.31,38.31,38.31,38.31,101
2025-09-09,38.31,38.31,38.31,38.31,100
2025-09-10,34.91,34.91,34.91,34.91,1300
2025-09-11,39.76,39.76,34.91,34.91,200
2025-09-12,34.91,34.91,34.91,34.91,1600
2025-09-15,34.91,34.91,34.91,34.91,2000
2025-09-16,34.91,34.91,34.91,34.91,0
2025-09-17,34.91,34.91,34.91,34.91,1000
2025-09-18,34.91,34.91,34.91,34.91,0
2025-09-19,34.91,34.91,34.91,34.91,0
2025-09-22,34.91,35.01,34.91,34.91,4000
2025-09-23,38.6,38.6,38.6,38.6,102
2025-09-24,36.0,36.0,36.0,36.0,1200
2025-09-25,36.0,36.0,36.0,36.0,1000
2025-09-26,36.0,36.0,36.0,36.0,0
2025-09-29,30.6,37.9,30.6,37.5,700
2025-09-30,32.6,32.6,32.6,32.6,0
2025-10-01,35.0,35.0,35.0,35.0,1000
2025-10-02,35.0,35.0,35.0,35.0,0
2025-10-03,35.0,35.0,35.0,35.0,0
2025-10-06,35.0,35.0,35.0,35.0,0
2025-10-13,34.5,34.9,34.5,34.9,600
2025-10-17,34.7,34.7,34.7,34.7,500
