time,open,high,low,close,volume
2017-02-22,4.75,4.75,4.75,4.75,1000
2017-02-23,4.75,4.75,4.75,4.75,0
2017-02-24,5.43,5.43,5.43,5.43,500
2017-02-27,6.11,6.24,4.61,4.61,1700
2017-02-28,6.11,6.11,5.6,5.6,700
2017-03-01,5.6,5.6,5.09,5.09,7300
2017-03-02,5.12,5.22,5.12,5.22,300
2017-03-03,4.41,4.41,4.41,4.41,100
2017-03-06,4.07,4.07,3.77,3.77,900
2017-03-07,3.83,3.83,3.83,3.83,200
2017-03-08,3.87,3.87,3.87,3.87,100
2017-03-09,3.87,3.87,3.87,3.87,0
2017-03-10,3.49,3.49,3.49,3.49,500
2017-03-13,3.49,3.49,3.49,3.49,0
2017-03-14,3.49,3.49,3.49,3.49,0
2017-03-15,4.0,4.0,3.6,3.6,800
2017-03-16,4.31,4.31,4.31,4.31,100
2017-03-17,4.95,4.95,4.95,4.95,100
2017-03-20,5.67,5.67,5.67,5.67,100
2017-03-21,6.51,6.51,6.51,6.51,1200
2017-03-22,7.43,7.46,6.55,6.55,10800
2017-03-23,6.65,8.45,6.65,6.79,500
2017-03-24,6.82,8.48,6.82,8.48,18600
2017-03-27,8.82,9.23,8.82,9.23,12600
2017-03-28,7.84,10.52,7.84,10.48,9000
2017-03-29,9.19,11.54,9.19,9.57,1008
2017-03-30,9.84,9.84,9.36,9.36,600
2017-03-31,8.35,8.82,8.35,8.82,6603
2017-04-03,9.64,9.74,8.99,8.99,1800
2017-04-04,8.52,8.82,8.52,8.82,200
2017-04-05,9.33,9.84,9.33,9.84,1800
2017-04-07,9.4,9.5,9.4,9.5,1000
2017-04-10,9.67,10.82,9.67,10.52,7200
2017-04-11,11.87,11.87,10.21,10.21,20430
2017-04-12,9.64,10.18,9.64,10.18,1042
2017-04-13,9.5,9.84,8.62,8.62,29343
2017-04-14,8.75,10.04,7.8,10.04,435530
2017-04-17,10.18,10.18,10.18,10.18,920
2017-04-18,11.7,11.7,10.35,11.2,22800
2017-04-19,10.52,10.89,9.5,10.04,87430
2017-04-20,10.08,10.35,10.04,10.18,21821
2017-04-21,10.14,10.35,9.84,10.08,17900
2017-04-24,10.35,11.2,10.35,10.86,31400
2017-04-25,11.2,11.2,10.52,10.69,11056
2017-04-26,10.35,10.65,10.18,10.65,11220
2017-04-27,10.18,10.69,10.18,10.52,9100
2017-04-28,10.52,10.65,10.52,10.52,13200
2017-05-03,10.55,10.69,10.52,10.59,11400
2017-05-04,10.65,10.79,10.65,10.79,16700
2017-05-05,10.86,11.2,10.75,11.2,50600
2017-05-08,11.2,11.2,10.69,10.82,19230
2017-05-09,10.86,10.86,10.75,10.86,10700
2017-05-10,10.69,10.69,10.42,10.48,18400
2017-05-11,10.52,10.52,10.42,10.42,8800
2017-05-12,10.45,10.62,10.45,10.45,5300
2017-05-15,10.75,10.79,10.52,10.65,10300
2017-05-16,10.52,10.62,10.35,10.52,28500
2017-05-17,10.52,10.86,10.38,10.38,44100
2017-05-18,10.38,10.52,10.11,10.45,38404
2017-05-19,9.84,10.18,8.99,9.84,39200
2017-05-22,10.18,10.65,10.01,10.65,76701
2017-05-23,10.69,11.13,9.94,10.52,65168
2017-05-24,10.48,10.62,10.48,10.62,32315
2017-05-25,10.52,10.69,10.35,10.59,32315
2017-05-26,10.55,10.62,10.35,10.59,25410
2017-05-29,11.44,11.99,10.41,10.61,10710
2017-05-30,10.69,10.69,10.29,10.33,20300
2017-05-31,10.37,10.37,10.17,10.17,9082
2017-06-01,10.21,10.21,10.09,10.09,9928
2017-06-02,10.09,10.45,9.89,10.45,10900
2017-06-05,9.97,9.97,9.5,9.5,23210
2017-06-06,9.5,9.5,9.5,9.5,4500
2017-06-07,9.5,9.5,9.3,9.5,11800
2017-06-08,9.38,9.7,9.38,9.7,13900
2017-06-09,9.38,9.42,9.38,9.42,2000
2017-06-12,9.66,9.66,9.66,9.66,3027
2017-06-13,10.05,10.05,9.5,9.5,79200
2017-06-14,9.54,9.62,9.54,9.62,2900
2017-06-15,9.5,9.58,9.5,9.5,24700
2017-06-16,9.86,9.86,9.46,9.46,23300
2017-06-19,9.5,9.5,9.1,9.38,38643
2017-06-20,9.34,9.58,9.34,9.54,2113
2017-06-21,9.5,9.58,9.5,9.58,8500
2017-06-22,9.5,9.54,9.46,9.5,6301
2017-06-23,9.5,9.5,9.42,9.42,10512
2017-06-26,8.75,9.5,8.75,9.3,6200
2017-06-27,9.3,9.3,9.3,9.3,4000
2017-06-28,9.18,9.46,9.18,9.46,1204
2017-06-29,9.86,9.86,8.94,9.14,10802
2017-06-30,9.18,9.34,9.18,9.34,430
2017-07-03,9.14,9.38,9.14,9.18,9120
2017-07-04,8.94,9.42,8.94,9.1,5230
2017-07-05,9.02,9.14,9.02,9.14,2800
2017-07-06,9.02,9.02,9.02,9.02,120
2017-07-07,9.02,9.02,9.02,9.02,5700
2017-07-10,9.02,9.06,9.02,9.02,6700
2017-07-11,9.02,9.26,9.02,9.26,3500
2017-07-12,9.38,9.38,9.38,9.38,135
2017-07-13,9.5,9.5,9.3,9.3,530
2017-07-14,9.5,9.5,9.5,9.5,200
2017-07-17,9.18,9.18,9.18,9.18,700
2017-07-18,9.18,9.18,9.18,9.18,1300
2017-07-19,9.18,9.18,8.91,9.18,5900
2017-07-20,9.14,9.14,9.14,9.14,0
2017-07-21,9.14,9.14,9.1,9.1,9100
2017-07-24,9.02,9.02,8.98,8.98,4700
2017-07-25,8.91,8.91,8.91,8.91,320
2017-07-26,8.94,8.94,8.91,8.94,4820
2017-07-27,8.94,8.94,8.91,8.91,7000
2017-07-28,8.94,8.94,8.94,8.91,80
2017-07-31,9.02,9.1,9.02,9.06,8410
2017-08-01,8.31,9.3,7.92,8.94,4302
2017-08-02,9.46,9.46,9.46,9.46,802
2017-08-03,9.5,9.5,8.94,9.3,700
2017-08-04,9.42,9.42,9.1,9.1,2935
2017-08-07,9.1,9.22,9.1,9.1,7000
2017-08-08,9.42,9.42,9.1,9.26,6700
2017-08-09,9.14,9.14,9.02,9.1,5124
2017-08-10,9.26,9.3,9.26,9.3,16100
2017-08-11,9.46,9.46,9.46,9.46,2000
2017-08-14,9.46,9.46,9.1,9.46,4600
2017-08-15,9.46,9.46,9.46,9.46,1200
2017-08-16,9.34,9.34,9.3,9.3,2100
2017-08-17,9.42,9.42,9.42,9.42,500
2017-08-18,9.42,9.86,9.42,9.42,8700
2017-08-21,9.5,9.86,9.5,9.62,5300
2017-08-22,9.42,9.66,9.42,9.66,4300
2017-08-23,8.91,9.5,8.91,9.5,2010
2017-08-24,9.18,9.18,9.18,9.18,1500
2017-08-25,9.14,9.82,9.14,9.82,1120
2017-08-28,9.7,9.7,9.62,9.62,400
2017-08-29,9.62,9.62,9.62,9.62,100
2017-08-30,9.78,9.78,9.78,9.78,700
2017-08-31,9.5,9.5,9.46,9.5,2600
2017-09-01,9.46,9.46,9.3,9.3,7300
2017-09-05,9.62,9.62,9.62,9.62,20700
2017-09-06,9.62,9.62,9.62,9.62,20
2017-09-07,9.62,9.62,9.62,9.62,0
2017-09-08,9.86,9.86,8.71,9.74,1690
2017-09-11,9.7,9.7,9.7,9.7,3030
2017-09-12,9.58,9.62,9.5,9.62,624
2017-09-13,9.58,9.58,9.58,9.62,4
2017-09-14,9.3,9.3,9.3,9.3,316
2017-09-15,9.34,9.34,9.34,9.34,415
2017-09-18,9.5,9.66,9.34,9.34,2100
2017-09-19,9.7,9.7,9.5,9.5,2500
2017-09-20,9.66,9.66,9.66,9.66,300
2017-09-21,9.86,9.86,9.66,9.66,1200
2017-09-22,9.5,9.5,9.5,9.5,1100
2017-09-25,9.5,9.5,9.26,9.26,900
2017-09-26,9.54,9.54,9.34,9.34,500
2017-09-27,9.5,9.5,9.3,9.34,3800
2017-09-28,9.34,9.34,9.3,9.3,4544
2017-09-29,9.42,9.42,9.18,9.18,1110
2017-10-02,9.5,9.5,9.5,9.5,2000
2017-10-03,9.5,9.5,9.5,9.5,0
2017-10-04,9.58,9.58,9.5,9.58,5830
2017-10-05,9.58,9.58,9.58,9.58,0
2017-10-06,9.5,9.5,9.5,9.5,800
2017-10-09,9.5,9.58,9.5,9.5,1100
2017-10-10,9.5,9.5,9.26,9.26,800
2017-10-11,9.46,9.46,9.46,9.46,0
2017-10-12,9.46,9.46,9.46,9.46,0
2017-10-13,9.38,9.38,9.38,9.38,200
2017-10-16,9.54,9.54,9.54,9.54,300
2017-10-17,9.54,9.54,9.54,9.54,70
2017-10-18,9.54,9.54,9.54,9.54,0
2017-10-19,9.54,9.54,9.54,9.54,0
2017-10-20,9.5,9.5,9.5,9.5,800
2017-10-23,8.71,8.71,8.71,8.71,300
2017-10-24,8.75,8.75,8.75,8.75,100
2017-10-25,8.75,8.75,8.75,8.75,0
2017-10-26,9.66,9.66,9.66,9.66,400
2017-10-27,9.66,9.66,9.66,9.66,0
2017-10-30,9.66,9.66,9.66,9.66,0
2017-10-31,9.66,9.66,9.66,9.66,0
2017-11-01,9.66,9.66,9.66,9.66,0
2017-11-02,9.66,9.66,9.66,9.66,0
2017-11-03,9.18,9.18,9.1,9.1,4030
2017-11-06,9.14,9.18,9.02,9.18,5600
2017-11-07,9.1,9.1,9.1,9.1,0
2017-11-08,9.1,9.1,9.1,9.1,0
2017-11-09,9.38,9.46,9.14,9.38,1200
2017-11-10,9.3,9.3,9.3,9.3,500
2017-11-13,9.46,9.46,8.91,8.91,300
2017-11-14,9.3,9.5,9.3,9.5,17300
2017-11-15,9.5,9.54,9.5,9.54,1800
2017-11-16,9.82,10.69,9.82,10.69,19310
2017-11-17,11.28,11.28,11.28,11.28,220
2017-11-20,9.66,10.88,9.62,10.88,3654
2017-11-21,10.84,10.84,10.84,10.84,100
2017-11-22,10.88,11.28,10.69,10.69,840
2017-11-23,9.89,10.49,9.46,9.46,5200
2017-11-24,10.29,10.29,10.29,10.29,100
2017-11-27,10.29,10.29,10.29,10.29,0
2017-11-28,10.29,10.29,10.29,10.29,0
2017-11-29,10.17,10.17,10.17,10.17,500
2017-11-30,10.17,10.17,10.17,10.17,0
2017-12-01,10.05,10.09,9.34,9.58,5200
2017-12-04,9.66,9.66,9.54,9.54,1800
2017-12-05,10.05,10.05,9.58,9.58,206
2017-12-06,10.05,10.05,9.89,9.89,30800
2017-12-07,11.48,10.05,9.97,9.97,231
2017-12-08,12.19,12.19,12.19,12.19,100
2017-12-11,10.37,10.37,10.37,10.37,100
2017-12-12,8.94,10.37,8.94,10.37,200
2017-12-13,9.66,9.66,9.66,9.66,0
2017-12-14,9.93,9.97,9.93,9.97,3500
2017-12-15,9.82,9.86,9.82,9.86,1300
2017-12-18,10.33,10.33,10.33,10.33,100
2017-12-19,10.33,10.33,10.33,10.33,0
2017-12-20,9.74,9.74,9.5,9.5,4000
2017-12-21,10.29,10.29,10.29,10.29,100
2017-12-22,10.29,10.29,10.29,10.29,0
2017-12-25,10.29,10.29,10.29,10.29,0
2017-12-26,10.17,10.17,9.89,9.89,8300
2017-12-27,9.89,10.01,9.89,9.89,3300
2017-12-28,9.97,9.97,9.97,9.97,3400
2017-12-29,10.29,10.29,10.05,10.09,15200
2018-01-02,10.25,10.29,10.25,10.29,6400
2018-01-03,10.73,11.68,10.49,10.49,1900
2018-01-04,10.84,10.84,10.49,10.49,10700
2018-01-05,11.48,11.48,10.65,10.65,500
2018-01-08,11.48,11.48,10.84,10.84,700
2018-01-09,10.92,11.48,10.92,10.92,4300
2018-01-10,11.08,11.08,10.69,10.88,13601
2018-01-11,10.92,10.92,10.92,10.92,0
2018-01-12,10.92,10.92,10.92,10.92,0
2018-01-15,10.92,11.48,10.92,11.48,2700
2018-01-16,11.44,11.44,11.44,11.44,600
2018-01-17,11.44,11.44,11.44,11.44,1000
2018-01-18,11.0,11.08,10.41,10.96,5700
2018-01-19,11.48,11.48,11.44,11.44,1100
2018-01-22,11.08,11.08,11.08,11.08,13200
2018-01-23,11.08,11.24,11.08,11.08,10000
2018-01-24,11.08,11.08,10.88,10.88,14400
2018-01-25,11.08,11.08,10.92,11.08,10000
2018-01-26,11.16,11.48,11.16,11.44,10100
2018-01-29,11.68,11.68,11.08,11.6,16000
2018-01-30,11.76,11.79,11.16,11.68,19700
2018-01-31,11.76,11.76,11.72,11.72,17100
2018-02-01,11.79,11.79,11.79,11.79,2500
2018-02-02,11.56,11.56,11.36,11.48,18900
2018-02-05,11.44,11.44,11.08,11.08,10600
2018-02-06,9.89,11.16,9.89,11.16,5080
2018-02-07,11.36,11.36,10.73,11.08,7400
2018-02-08,11.16,11.24,11.08,11.16,11001
2018-02-09,11.08,11.12,11.08,11.12,6600
2018-02-12,11.48,11.48,11.12,11.28,11400
2018-02-13,11.44,11.44,11.36,11.36,4500
2018-02-21,11.16,11.2,11.16,11.16,4300
2018-02-22,11.48,11.48,11.2,11.2,509
2018-02-23,11.36,11.44,11.16,11.44,5800
2018-02-26,11.68,11.68,11.28,11.44,6300
2018-02-27,11.79,11.79,11.28,11.28,1800
2018-02-28,11.44,11.44,11.32,11.32,3600
2018-03-01,11.36,11.36,11.36,11.36,0
2018-03-02,11.28,11.28,11.08,11.08,10200
2018-03-05,11.87,11.87,11.16,11.28,13600
2018-03-06,11.48,11.48,11.2,11.2,3000
2018-03-07,11.64,11.64,11.28,11.32,800
2018-03-08,11.64,11.64,11.32,11.32,800
2018-03-09,11.4,11.6,11.4,11.6,300
2018-03-12,11.76,11.76,11.52,11.68,2350
2018-03-13,11.79,11.79,11.79,11.79,200
2018-03-14,11.48,11.48,11.48,11.48,1500
2018-03-15,11.76,11.76,11.76,11.76,400
2018-03-16,11.76,11.76,11.76,11.76,0
2018-03-19,11.68,12.7,11.68,12.59,11800
2018-03-20,12.74,13.06,12.7,13.06,12500
2018-03-21,13.65,14.68,13.65,14.68,22650
2018-03-22,15.24,15.44,14.96,14.96,4300
2018-03-23,13.65,13.65,13.5,13.5,3300
2018-03-26,14.64,14.64,14.25,14.45,3100
2018-03-27,14.25,14.25,13.85,14.25,4100
2018-03-28,14.17,14.17,14.17,14.17,1000
2018-03-29,14.41,14.41,14.41,14.41,240
2018-03-30,14.41,14.41,14.41,14.41,0
2018-04-02,14.41,14.41,14.41,14.41,0
2018-04-03,14.13,14.13,14.13,14.13,100
2018-04-04,12.98,12.98,12.07,12.07,14640
2018-04-05,11.32,11.32,11.08,11.08,23800
2018-04-06,11.87,12.74,11.87,12.74,4100
2018-04-09,13.22,13.42,13.22,13.42,740
2018-04-10,13.22,13.22,13.22,13.22,200
2018-04-11,13.02,13.06,12.47,12.9,6160
2018-04-12,12.74,12.9,12.74,12.86,2020
2018-04-13,12.86,12.86,12.86,12.86,0
2018-04-16,11.99,12.86,11.99,12.86,5700
2018-04-17,13.81,13.81,13.06,13.46,3400
2018-04-18,13.85,13.85,13.81,13.81,200
2018-04-19,13.69,13.69,13.69,13.69,100
2018-04-20,12.51,13.54,12.27,13.46,5600
2018-04-23,13.46,13.46,13.46,13.46,150
2018-04-24,12.67,12.67,12.67,12.67,100
2018-04-26,13.22,13.22,12.67,12.67,1900
2018-04-27,12.82,12.82,12.67,12.67,2400
2018-05-02,13.14,13.18,13.14,13.18,650
2018-05-03,13.18,13.18,13.18,13.18,0
2018-05-04,13.18,13.18,13.18,13.18,0
2018-05-07,13.1,13.1,13.1,13.1,100
2018-05-08,13.14,13.14,13.14,13.14,100
2018-05-09,12.47,12.67,12.47,12.67,6000
2018-05-10,12.67,12.74,12.67,12.74,600
2018-05-11,13.06,13.06,13.06,13.06,100
2018-05-14,13.46,13.46,13.06,13.06,1700
2018-05-15,12.51,12.86,12.47,12.86,11200
2018-05-16,13.06,13.3,13.06,13.3,800
2018-05-17,13.14,13.14,13.14,13.14,0
2018-05-18,12.67,12.67,12.67,12.67,1000
2018-05-21,12.67,13.02,12.67,13.02,800
2018-05-22,13.02,13.02,13.02,13.02,500
2018-05-23,12.98,12.98,12.98,12.98,100
2018-05-24,12.86,12.86,12.86,12.86,300
2018-05-25,12.86,12.86,12.86,12.86,0
2018-05-28,12.47,12.51,12.27,12.27,9500
2018-05-29,12.86,12.86,12.86,12.86,100
2018-05-30,11.52,12.67,11.52,12.67,200
2018-05-31,12.67,12.67,11.72,12.11,1600
2018-06-01,11.95,12.67,11.95,12.67,200
2018-06-04,12.27,12.35,11.72,11.76,1500
2018-06-05,11.99,12.03,11.99,12.03,1100
2018-06-06,11.91,11.91,11.76,11.87,9620
2018-06-07,11.79,11.87,11.76,11.87,1800
2018-06-08,11.99,11.99,11.87,11.87,6200
2018-06-11,11.91,12.47,11.87,12.47,13100
2018-06-12,12.11,12.27,12.07,12.27,1400
2018-06-13,12.07,12.47,12.07,12.27,3400
2018-06-14,12.43,12.86,12.27,12.35,15000
2018-06-15,12.67,12.67,12.03,12.47,2700
2018-06-18,12.39,12.51,12.39,12.47,10600
2018-06-19,12.27,12.27,11.87,12.11,16120
2018-06-20,12.58,12.58,11.05,11.1,5000
2018-06-21,10.55,10.99,10.55,10.99,2800
2018-06-22,11.98,11.98,11.98,11.98,117
2018-06-25,10.99,11.81,10.99,11.81,500
2018-06-26,11.21,11.37,11.21,11.37,800
2018-06-27,11.1,11.26,11.1,11.26,1100
2018-06-28,11.1,11.92,11.1,11.48,5310
2018-06-29,11.43,12.3,11.43,12.3,600
2018-07-02,11.26,11.59,11.26,11.48,2000
2018-07-03,11.32,11.32,11.32,11.32,1710
2018-07-04,11.81,11.81,11.81,11.81,2000
2018-07-05,12.58,12.58,12.58,12.58,100
2018-07-06,12.58,12.58,12.58,12.58,0
2018-07-09,11.59,11.59,11.59,11.59,500
2018-07-10,12.03,12.47,12.03,12.47,300
2018-07-11,11.54,11.54,11.54,11.54,200
2018-07-12,12.25,12.25,12.25,12.25,100
2018-07-13,12.19,12.19,11.76,11.76,2100
2018-07-16,11.54,11.54,11.54,11.54,300
2018-07-17,12.19,12.19,12.19,12.19,100
2018-07-18,12.19,12.19,12.19,12.19,0
2018-07-19,12.19,12.19,12.19,12.19,0
2018-07-20,12.19,12.19,12.19,12.19,0
2018-07-23,11.76,11.76,11.48,0.0,700
2018-07-24,12.19,12.19,12.19,12.19,100
2018-07-25,12.19,12.19,12.19,12.19,0
2018-07-26,12.03,12.03,11.59,11.59,1000
2018-07-27,12.19,12.19,12.19,12.19,100
2018-07-30,11.59,11.81,11.59,11.81,800
2018-07-31,12.25,12.25,12.25,12.25,400
2018-08-01,12.25,12.25,12.25,12.25,100
2018-08-02,12.19,12.19,12.19,12.19,100
2018-08-03,11.81,11.81,11.81,11.81,200
2018-08-06,11.81,11.81,11.81,11.81,100
2018-08-07,12.25,12.3,12.25,12.3,2200
2018-08-08,12.3,12.3,12.3,12.3,0
2018-08-09,12.85,12.85,12.85,12.85,100
2018-08-10,12.85,12.85,12.85,12.85,0
2018-08-13,12.8,12.85,12.8,12.85,1000
2018-08-14,12.85,12.85,12.85,12.85,0
2018-08-15,12.85,12.85,12.85,12.85,0
2018-08-16,12.85,12.85,12.85,12.85,0
2018-08-17,12.08,13.07,12.08,12.58,5120
2018-08-20,12.14,13.12,12.14,13.12,700
2018-08-21,12.58,12.8,12.3,12.8,390
2018-08-22,12.3,12.3,12.3,12.3,600
2018-08-23,12.58,12.58,12.3,12.3,500
2018-08-24,12.36,12.36,12.36,12.36,2000
2018-08-27,12.36,12.36,12.36,12.36,0
2018-08-28,13.12,13.12,13.12,13.12,3400
2018-08-29,13.4,13.4,13.4,13.4,200
2018-08-30,13.4,13.4,13.4,13.4,900
2018-08-31,13.12,13.12,13.12,13.12,2029
2018-09-04,13.12,13.12,13.12,13.12,0
2018-09-05,13.12,13.12,13.12,13.12,0
2018-09-06,13.34,13.34,12.74,12.74,350
2018-09-07,12.85,12.85,12.85,12.85,130
2018-09-10,13.34,13.4,13.34,13.4,300
2018-09-11,13.83,13.83,13.12,13.12,840
2018-09-12,13.12,13.4,13.12,13.34,900
2018-09-13,13.67,13.67,13.18,13.18,200
2018-09-14,13.12,13.12,13.12,13.12,3620
2018-09-17,13.12,13.12,13.12,13.12,0
2018-09-18,13.4,13.4,13.4,13.4,200
2018-09-19,13.45,15.37,13.45,14.76,720
2018-09-20,16.35,16.35,16.35,16.35,100
2018-09-21,16.4,16.4,14.22,14.22,500
2018-09-24,14.65,14.65,14.65,14.65,0
2018-09-25,15.86,15.86,15.86,15.86,100
2018-09-26,15.86,15.86,15.86,15.86,0
2018-09-27,13.56,13.56,13.56,13.56,311
2018-09-28,15.26,15.26,15.26,15.26,100
2018-10-01,15.26,15.26,15.26,15.26,0
2018-10-02,15.26,15.26,15.26,15.26,30
2018-10-03,15.26,15.26,15.26,15.26,0
2018-10-04,13.62,13.62,13.62,13.62,500
2018-10-05,15.2,15.2,15.2,15.2,160
2018-10-08,13.4,13.4,13.4,13.4,1240
2018-10-09,13.4,13.4,13.4,13.4,0
2018-10-10,13.4,13.4,13.4,13.4,180
2018-10-11,13.45,13.45,13.45,13.45,500
2018-10-12,14.98,14.98,14.98,14.98,100
2018-10-15,14.22,14.22,14.22,14.22,600
2018-10-16,14.22,14.22,14.22,14.22,20
2018-10-17,13.73,13.73,13.67,13.67,1800
2018-10-18,13.67,13.67,13.67,13.67,0
2018-10-19,13.67,13.67,13.67,13.67,0
2018-10-22,13.67,13.67,13.67,13.67,5700
2018-10-23,13.4,13.4,12.08,12.08,16911
2018-10-24,12.58,12.58,12.58,12.58,850
2018-10-25,12.58,12.58,12.58,12.58,0
2018-10-26,12.52,12.52,11.59,11.59,2100
2018-10-29,13.12,13.12,13.12,13.12,139
2018-10-30,13.12,13.12,13.12,13.12,0
2018-10-31,11.92,13.12,11.81,13.12,1000
2018-11-01,11.92,13.12,11.81,13.12,1000
2018-11-02,13.12,13.12,11.48,11.65,5069
2018-11-05,11.76,11.76,11.76,11.76,200
2018-11-06,12.85,12.85,12.85,12.85,100
2018-11-07,12.85,12.85,12.85,12.85,0
2018-11-08,12.85,12.85,12.85,12.85,90
2018-11-09,11.81,11.81,11.81,11.81,100
2018-11-12,11.81,11.81,11.81,11.81,0
2018-11-13,12.58,12.58,12.58,12.58,100
2018-11-14,12.58,12.58,12.58,12.58,0
2018-11-15,12.58,12.58,12.58,12.58,0
2018-11-16,12.58,12.58,12.58,12.58,14
2018-11-19,12.58,12.58,12.58,12.58,0
2018-11-20,12.58,12.58,12.58,12.58,0
2018-11-21,12.03,12.03,12.03,12.03,100
2018-11-22,12.03,12.03,12.03,12.03,0
2018-11-23,11.98,11.98,11.98,11.98,200
2018-11-26,11.98,11.98,11.98,11.98,0
2018-11-27,12.58,12.58,12.58,12.58,100
2018-11-28,12.58,12.58,12.58,12.58,800
2018-11-29,12.58,12.58,12.58,12.58,0
2018-11-30,12.58,12.58,12.58,12.58,0
2018-12-03,12.58,12.58,12.58,12.58,1300
2018-12-04,12.58,12.58,12.58,12.58,0
2018-12-05,12.85,12.85,12.85,12.85,2000
2018-12-06,12.85,12.85,12.85,12.85,0
2018-12-07,12.85,12.85,12.85,12.85,0
2018-12-10,12.85,12.85,12.85,12.85,0
2018-12-11,12.85,12.85,12.85,12.85,0
2018-12-12,11.81,11.81,11.81,11.81,5000
2018-12-13,11.81,11.81,11.81,11.81,0
2018-12-14,11.92,12.03,11.92,11.98,7647
2018-12-17,12.03,12.03,11.92,11.92,3100
2018-12-18,13.4,13.4,13.4,13.4,100
2018-12-19,13.4,13.4,13.4,13.4,0
2018-12-20,13.4,13.4,13.4,13.4,0
2018-12-21,13.4,13.4,13.4,13.4,0
2018-12-24,13.4,13.4,13.4,13.4,0
2018-12-25,13.4,13.4,13.4,13.4,0
2018-12-26,13.4,13.4,13.4,13.4,0
2018-12-27,12.03,12.58,12.03,12.58,200
2018-12-28,12.25,12.25,12.03,12.03,200
2019-01-02,11.98,12.25,11.98,12.25,11800
2019-01-03,12.03,12.25,12.25,12.25,0
2019-01-04,13.83,13.83,12.03,12.03,1100
2019-01-07,12.03,12.03,12.03,12.03,5600
2019-01-08,12.03,12.03,12.03,12.03,0
2019-01-09,12.03,12.03,12.03,12.03,60
2019-01-10,12.03,12.03,12.03,12.03,200
2019-01-11,12.58,12.58,12.58,12.58,100
2019-01-14,12.58,12.58,12.58,12.58,300
2019-01-15,12.08,12.08,12.08,12.08,100
2019-01-16,11.76,11.76,11.76,11.76,100
2019-01-17,12.03,12.03,12.03,12.03,200
2019-01-18,12.58,13.12,12.58,13.12,4060
2019-01-21,13.07,13.12,13.07,13.12,4000
2019-01-22,13.12,13.12,13.12,13.12,600
2019-01-23,13.12,13.12,13.12,13.12,500
2019-01-24,13.12,13.12,13.12,13.12,0
2019-01-25,13.4,13.4,13.4,13.4,100
2019-01-28,13.34,14.11,13.34,14.11,6900
2019-01-29,13.4,14.11,14.11,14.11,0
2019-01-30,13.4,15.37,13.12,15.37,3100
2019-01-31,13.45,14.76,12.14,12.58,2600
2019-02-01,12.8,12.8,12.8,12.8,1600
2019-02-11,14.6,14.6,14.6,14.6,100
2019-02-12,12.47,12.47,12.47,12.47,100
2019-02-13,14.33,14.33,14.05,14.05,300
2019-02-14,14.16,14.05,14.05,14.05,0
2019-02-15,13.67,13.67,13.67,13.67,500
2019-02-18,13.67,13.67,13.67,13.67,500
2019-02-19,14.22,14.22,14.22,14.22,100
2019-02-20,14.22,14.76,14.22,14.76,200
2019-02-21,14.55,14.76,13.67,13.67,1700
2019-02-22,14.93,14.93,14.93,14.93,120
2019-02-25,15.31,15.31,15.09,15.09,1900
2019-02-26,15.04,15.04,15.04,15.04,100
2019-02-27,14.76,14.76,14.76,14.76,700
2019-02-28,15.69,15.69,15.69,15.69,100
2019-03-01,16.24,16.24,16.24,16.24,300
2019-03-04,18.05,18.05,18.05,18.05,120
2019-03-05,18.05,18.05,18.05,18.05,0
2019-03-06,18.05,18.05,18.05,18.05,0
2019-03-07,17.01,17.01,16.51,16.51,300
2019-03-08,16.84,16.51,16.51,16.51,0
2019-03-11,16.84,16.51,16.51,16.51,0
2019-03-12,16.84,16.84,16.84,16.51,1
2019-03-13,16.79,16.79,16.79,16.79,700
2019-03-14,16.79,16.79,16.79,16.79,0
2019-03-15,16.79,16.79,16.79,16.79,0
2019-03-18,16.79,16.79,16.79,16.79,0
2019-03-19,17.77,17.77,17.77,17.77,100
2019-03-20,15.58,15.58,15.31,15.31,200
2019-03-21,15.48,15.31,15.31,15.31,0
2019-03-22,15.48,15.31,15.31,15.31,0
2019-03-25,15.48,15.31,15.31,15.31,0
2019-03-26,15.48,15.31,15.31,15.31,0
2019-03-27,15.48,16.68,15.48,16.68,700
2019-03-28,15.64,15.64,15.64,16.68,73
2019-03-29,16.24,16.24,16.24,16.24,100
2019-04-01,16.24,16.24,16.24,16.24,0
2019-04-02,16.24,16.24,16.24,16.24,0
2019-04-03,16.24,16.24,16.24,16.24,0
2019-04-04,16.24,16.24,16.24,16.24,40
2019-04-05,16.4,16.4,16.4,16.4,100
2019-04-08,16.4,16.4,16.4,16.4,0
2019-04-09,14.82,14.82,14.76,14.76,1000
2019-04-10,16.68,16.68,15.31,15.31,2100
2019-04-11,16.13,16.13,16.13,16.13,200
2019-04-12,16.95,16.95,15.31,15.37,3000
2019-04-16,15.37,15.37,15.37,15.37,1000
2019-04-17,15.48,16.95,15.37,16.95,4800
2019-04-18,16.68,16.68,16.68,16.68,100
2019-04-19,15.69,16.9,15.69,16.9,300
2019-04-22,16.02,16.4,16.02,16.4,1100
2019-04-23,15.75,16.3,15.53,16.3,12980
2019-04-24,15.69,15.69,15.69,15.69,5000
2019-04-25,15.69,15.69,15.64,15.69,8100
2019-04-26,15.64,16.19,15.64,15.8,2200
2019-05-02,15.8,15.8,15.8,15.8,0
2019-05-03,15.8,15.8,15.8,15.8,0
2019-05-06,15.58,16.08,15.42,15.42,6200
2019-05-07,15.48,15.53,15.48,15.53,1400
2019-05-08,14.6,15.31,14.6,15.31,200
2019-05-09,14.98,14.98,14.98,14.98,100
2019-05-10,14.98,14.98,14.98,14.98,200
2019-05-13,15.8,16.73,15.8,16.73,200
2019-05-14,16.3,16.73,16.73,16.73,0
2019-05-15,16.3,16.73,16.73,16.73,0
2019-05-16,15.31,15.58,15.31,15.31,5600
2019-05-17,16.08,16.08,15.86,15.86,6920
2019-05-20,15.86,15.86,15.86,15.86,1100
2019-05-21,16.08,16.08,16.02,16.02,6000
2019-05-22,16.02,16.02,16.02,16.02,5000
2019-05-23,15.97,15.97,15.8,15.8,8800
2019-05-24,15.86,15.86,15.86,15.86,5400
2019-05-27,17.7,17.7,16.49,16.49,2733
2019-05-28,16.68,16.68,16.49,16.49,2500
2019-05-29,16.24,16.24,16.05,16.05,900
2019-05-30,15.92,15.92,15.92,15.92,300
2019-05-31,15.86,15.86,15.86,15.86,1900
2019-06-03,15.86,16.05,15.86,15.86,3400
2019-06-04,16.11,16.11,15.98,15.98,5400
2019-06-05,16.17,16.17,15.98,16.17,1800
2019-06-06,16.17,16.17,15.98,15.98,1500
2019-06-07,16.11,16.49,16.11,16.49,12200
2019-06-10,16.49,16.49,16.49,16.49,1000
2019-06-11,16.49,16.49,16.49,16.49,0
2019-06-12,16.49,17.0,16.49,17.0,1100
2019-06-13,17.0,17.0,16.56,16.56,300
2019-06-14,16.68,16.68,16.68,16.68,1600
2019-06-17,17.0,17.0,17.0,17.0,107
2019-06-18,17.0,17.0,17.0,17.0,0
2019-06-19,17.0,17.0,17.0,17.0,100
2019-06-20,17.0,17.0,16.49,16.49,2600
2019-06-21,16.49,16.49,16.49,16.49,4500
2019-06-24,16.49,16.49,15.98,16.49,4300
2019-06-25,16.49,16.49,16.49,16.49,2100
2019-06-26,16.43,16.49,16.17,16.17,4400
2019-06-27,16.49,16.49,16.49,16.49,2600
2019-06-28,16.49,16.49,16.49,16.49,1200
2019-07-01,16.49,17.13,16.49,17.13,2500
2019-07-02,16.49,16.81,16.49,16.81,700
2019-07-03,16.81,16.81,16.81,16.81,200
2019-07-04,16.81,16.81,16.81,16.81,2000
2019-07-05,16.81,16.81,16.81,16.81,2600
2019-07-08,16.81,17.63,16.81,17.13,13700
2019-07-09,18.71,18.71,18.71,18.71,125
2019-07-10,15.92,17.63,15.92,17.44,1000
2019-07-11,17.44,17.51,17.13,17.51,5700
2019-07-12,17.7,17.7,17.7,17.7,600
2019-07-15,17.7,17.7,17.7,17.7,600
2019-07-16,16.62,17.7,16.62,17.7,200
2019-07-17,17.76,17.76,17.7,17.7,300
2019-07-18,17.76,17.76,17.44,17.7,4800
2019-07-19,17.63,17.63,17.44,17.44,5700
2019-07-22,18.33,18.33,17.76,17.76,16500
2019-07-23,17.76,18.39,17.76,18.39,1400
2019-07-24,15.16,18.33,15.16,17.76,800
2019-07-25,18.9,18.9,18.9,18.9,100
2019-07-26,19.98,19.98,16.87,18.65,3400
2019-07-29,19.03,19.03,19.03,19.03,4000
2019-07-30,19.03,19.03,19.03,19.03,0
2019-07-31,18.71,18.71,18.71,18.71,610
2019-08-01,19.03,19.03,18.9,18.9,5200
2019-08-02,18.9,18.97,18.9,18.97,5700
2019-08-05,20.55,20.55,18.84,18.84,10500
2019-08-06,19.35,19.35,19.35,19.35,160
2019-08-07,19.03,19.03,19.03,19.03,600
2019-08-08,19.03,19.35,17.44,19.03,7300
2019-08-09,19.35,19.35,19.35,19.35,500
2019-08-12,18.08,19.03,18.08,19.03,1835
2019-08-13,19.03,19.03,19.03,19.03,700
2019-08-14,19.03,19.03,19.03,19.03,200
2019-08-15,19.03,19.03,18.39,18.39,1400
2019-08-16,18.71,18.71,18.52,18.52,800
2019-08-19,19.03,19.03,19.03,19.03,100
2019-08-20,19.92,19.92,19.92,19.92,100
2019-08-21,18.39,18.46,18.39,18.46,6210
2019-08-22,17.89,18.52,17.89,18.52,800
2019-08-23,18.65,18.65,18.58,18.58,300
2019-08-26,19.35,19.35,19.35,19.35,100
2019-08-27,19.35,19.35,19.35,19.35,3301
2019-08-28,19.98,19.98,19.98,19.98,100
2019-09-06,20.61,20.61,20.61,20.61,300
2019-09-09,22.07,22.07,19.35,19.66,27514
2019-09-10,20.3,20.3,19.73,19.73,1100
2019-09-11,19.73,19.73,19.73,19.73,0
2019-09-12,18.39,19.92,18.39,19.92,200
2019-09-13,19.79,19.79,18.52,19.79,700
2019-09-16,19.79,19.79,19.79,19.79,0
2019-09-17,18.71,19.03,18.71,19.03,420
2019-09-18,19.41,19.41,19.41,19.41,100
2019-09-19,18.52,19.41,18.52,19.41,600
2019-09-20,18.71,19.66,18.71,19.66,200
2019-09-23,18.52,19.54,18.52,19.54,200
2019-09-24,19.54,19.54,19.54,19.54,0
2019-09-25,18.2,19.54,18.2,19.54,600
2019-09-26,19.54,19.54,19.54,19.54,0
2019-09-27,20.3,20.3,19.03,19.54,700
2019-09-30,18.52,19.54,18.52,19.54,300
2019-10-01,19.54,19.54,19.54,19.54,0
2019-10-02,19.54,19.54,19.54,19.54,0
2019-10-03,19.54,19.54,19.03,19.03,1300
2019-10-04,19.03,19.03,19.03,19.03,0
2019-10-07,19.03,19.03,19.03,19.03,0
2019-10-08,19.03,19.03,19.03,19.03,0
2019-10-09,19.92,19.92,19.92,19.92,100
2019-10-10,19.92,19.92,19.92,19.92,0
2019-10-11,19.92,19.92,19.92,19.92,0
2019-10-14,19.92,19.92,19.92,19.92,0
2019-10-15,19.92,19.92,19.92,19.92,0
2019-10-16,21.88,21.88,21.88,21.88,100
2019-10-17,21.88,21.88,21.88,21.88,0
2019-10-18,21.88,21.88,21.88,21.88,0
2019-10-21,21.88,21.88,21.88,21.88,0
2019-10-22,21.88,21.88,21.88,21.88,0
2019-10-23,21.88,21.88,21.88,21.88,0
2019-10-24,19.79,19.79,19.79,19.79,100
2019-10-25,19.79,19.79,19.79,19.79,30
2019-10-28,19.79,19.79,19.79,19.79,0
2019-10-29,18.52,19.66,18.52,19.66,600
2019-10-30,19.03,19.66,18.71,19.66,700
2019-10-31,18.71,19.66,18.52,19.66,900
2019-11-01,19.66,19.66,19.66,19.66,0
2019-11-04,19.66,19.66,19.66,19.66,0
2019-11-05,19.66,19.66,19.66,19.66,0
2019-11-06,19.66,19.66,19.66,19.66,0
2019-11-07,18.39,19.28,18.39,19.28,2000
2019-11-08,19.28,19.28,19.28,19.28,0
2019-11-11,19.28,19.28,19.28,19.28,0
2019-11-12,18.71,19.03,18.71,18.71,4900
2019-11-13,18.71,18.71,18.71,18.71,7100
2019-11-14,18.71,18.71,18.71,18.71,1030
2019-11-15,19.03,19.03,19.03,19.03,100
2019-11-18,19.03,19.03,19.03,19.03,0
2019-11-19,18.71,19.22,18.71,19.22,2200
2019-11-20,18.39,18.39,18.39,18.39,1000
2019-11-21,18.39,19.66,18.39,19.6,1200
2019-11-22,18.71,18.71,18.71,18.71,100
2019-11-25,18.71,18.71,18.71,18.71,0
2019-11-26,18.71,18.71,18.71,18.71,0
2019-11-27,18.52,18.52,18.52,18.52,1000
2019-11-28,18.52,18.52,18.39,18.39,3500
2019-11-29,18.46,18.46,18.46,18.46,1000
2019-12-02,19.22,19.22,19.22,19.22,100
2019-12-03,19.22,19.22,19.22,19.22,0
2019-12-04,19.22,19.22,19.22,19.22,0
2019-12-05,19.16,19.16,19.16,19.16,100
2019-12-06,19.16,19.16,19.16,19.16,0
2019-12-09,20.17,20.17,20.17,20.17,100
2019-12-10,20.17,20.17,20.17,20.17,0
2019-12-11,20.17,20.17,20.17,20.17,0
2019-12-12,18.39,18.71,18.39,18.71,4200
2019-12-13,19.66,20.17,19.66,20.17,300
2019-12-16,18.71,18.71,18.58,18.58,300
2019-12-17,18.52,19.6,18.52,19.6,900
2019-12-18,19.6,19.6,19.6,19.6,0
2019-12-19,19.6,19.6,19.6,19.6,0
2019-12-20,19.41,19.41,19.41,19.41,100
2019-12-23,19.41,19.41,19.41,19.41,0
2019-12-24,19.41,19.41,19.41,19.41,0
2019-12-25,19.41,19.41,19.41,19.41,0
2019-12-26,18.71,19.41,18.39,19.41,1400
2019-12-27,19.28,19.28,19.28,19.28,100
2019-12-30,19.28,19.28,19.28,19.28,0
2019-12-31,19.66,19.66,19.66,19.66,460
2020-01-02,19.66,19.66,19.66,19.66,0
2020-01-03,19.03,19.66,19.03,19.66,200
2020-01-06,19.66,19.66,19.66,19.66,10
2020-01-07,19.66,19.66,19.66,19.66,0
2020-01-08,19.66,19.66,19.66,19.66,30
2020-01-09,19.47,19.47,19.47,19.47,138
2020-01-10,19.47,19.47,19.47,19.47,0
2020-01-13,19.47,19.47,19.47,19.47,0
2020-01-14,19.03,19.47,19.03,19.47,5000
2020-01-15,19.47,19.47,19.47,19.47,0
2020-01-16,19.47,19.47,19.47,19.47,0
2020-01-17,19.47,19.47,19.47,19.47,0
2020-01-20,18.71,19.03,18.39,19.03,5000
2020-01-21,18.71,19.28,18.39,18.39,5800
2020-01-22,19.66,19.66,19.66,19.66,100
2020-01-30,18.39,18.39,18.39,18.39,6500
2020-01-31,18.39,18.39,18.39,18.39,0
2020-02-03,17.13,17.13,17.06,17.13,8600
2020-02-04,18.33,18.33,18.33,18.33,100
2020-02-05,18.33,18.33,18.33,18.33,0
2020-02-06,18.33,18.33,18.33,18.33,0
2020-02-07,17.63,18.01,17.63,18.01,800
2020-02-10,17.76,17.76,17.63,17.63,300
2020-02-11,17.95,17.95,17.95,17.95,100
2020-02-12,18.33,18.33,18.33,18.33,100
2020-02-13,18.33,18.33,18.33,18.33,0
2020-02-14,18.33,18.33,18.33,18.33,0
2020-02-17,18.08,18.27,18.08,18.27,2800
2020-02-18,19.03,19.03,19.03,19.03,100
2020-02-19,19.98,19.98,19.98,19.98,200
2020-02-20,19.98,19.98,19.98,19.98,0
2020-02-21,19.98,19.98,19.98,19.98,0
2020-02-24,19.98,19.98,19.98,19.98,0
2020-02-25,19.98,19.98,19.98,19.98,0
2020-02-26,19.98,19.98,19.98,19.98,0
2020-02-27,19.98,19.98,19.98,19.98,0
2020-02-28,18.01,18.39,18.01,18.39,1200
2020-03-02,18.01,18.01,18.01,18.01,1200
2020-03-03,17.76,18.2,17.06,18.2,4435
2020-03-04,18.2,18.2,18.2,18.2,0
2020-03-05,17.44,17.7,17.44,17.7,400
2020-03-06,17.7,17.7,17.7,17.7,0
2020-03-09,17.13,17.13,16.75,17.13,10600
2020-03-10,17.13,17.13,17.13,17.13,100
2020-03-11,17.19,17.19,17.13,17.13,800
2020-03-12,17.13,17.13,17.0,17.0,1500
2020-03-13,15.41,16.94,15.35,16.94,2235
2020-03-16,16.56,16.56,16.56,16.56,510
2020-03-17,16.43,16.56,16.43,16.49,1000
2020-03-18,16.49,17.13,16.24,17.13,3700
2020-03-19,16.49,16.49,16.49,16.49,2700
2020-03-20,16.49,16.49,16.49,16.49,10
2020-03-23,16.49,16.49,15.6,15.6,3400
2020-03-24,15.67,15.67,15.67,15.67,100
2020-03-25,15.73,15.79,15.73,15.79,200
2020-03-26,15.79,15.79,15.79,15.79,0
2020-03-27,15.86,15.86,15.86,15.86,100
2020-03-30,15.86,15.86,15.86,15.86,100
2020-03-31,15.86,15.86,15.86,15.86,1710
2020-04-01,15.86,15.86,15.86,15.86,0
2020-04-03,16.81,16.81,16.81,16.81,100
2020-04-06,17.44,17.44,17.44,17.44,100
2020-04-07,17.13,17.13,17.13,17.13,2000
2020-04-08,17.13,17.13,17.0,17.0,3000
2020-04-09,17.44,17.44,17.44,17.44,100
2020-04-10,18.39,18.39,18.39,18.39,100
2020-04-13,18.39,18.39,18.39,18.39,0
2020-04-14,18.39,18.39,18.39,18.39,0
2020-04-15,18.39,18.39,18.39,18.39,0
2020-04-16,16.62,16.62,16.62,16.62,100
2020-04-17,17.44,17.44,17.44,17.44,100
2020-04-20,15.73,17.13,15.73,17.13,4300
2020-04-21,17.13,17.13,17.13,17.13,0
2020-04-22,15.41,16.17,15.41,16.17,200
2020-04-23,16.17,16.17,16.17,16.17,100
2020-04-24,16.17,17.63,16.17,17.63,700
2020-04-27,15.98,18.78,15.98,18.78,200
2020-04-28,18.78,18.78,18.78,18.78,10
2020-04-29,16.94,18.14,16.94,18.01,3000
2020-05-04,16.3,16.3,16.24,16.24,9300
2020-05-05,16.24,16.24,16.24,16.24,0
2020-05-06,14.72,14.72,14.72,14.72,100
2020-05-07,14.72,14.72,14.72,14.72,0
2020-05-08,15.16,16.17,15.16,16.17,2000
2020-05-11,16.17,16.17,16.17,16.17,0
2020-05-12,16.17,16.17,16.17,16.17,30
2020-05-13,16.17,16.17,16.17,16.17,0
2020-05-14,16.81,16.81,16.49,16.49,200
2020-05-15,16.49,16.49,16.49,16.49,50
2020-05-18,16.49,16.49,16.49,16.49,30
2020-05-19,14.84,14.84,14.84,14.84,100
2020-05-20,16.24,16.24,16.24,16.24,100
2020-05-21,14.72,17.06,14.72,17.06,239
2020-05-22,15.41,15.67,15.41,15.67,241
2020-05-25,14.14,16.81,14.14,16.81,215
2020-05-26,15.92,15.92,15.92,15.92,100
2020-05-27,15.92,15.92,15.92,15.92,0
2020-05-28,15.92,15.92,15.92,15.92,100
2020-05-29,15.92,15.92,15.92,15.92,15
2020-06-01,15.92,16.56,15.92,16.56,1600
2020-06-02,16.56,16.56,16.56,16.56,0
2020-06-03,16.56,16.56,16.56,16.56,0
2020-06-04,16.56,16.56,16.56,16.56,0
2020-06-05,15.35,16.49,15.35,16.49,215
2020-06-08,16.49,16.49,16.49,16.49,400
2020-06-09,16.49,16.49,16.49,16.49,200
2020-06-10,16.05,16.05,16.05,16.05,200
2020-06-11,14.59,16.05,14.59,15.86,6721
2020-06-12,15.86,15.86,15.86,15.86,0
2020-06-15,16.36,16.36,16.36,16.36,1000
2020-06-16,16.36,16.36,16.36,16.36,0
2020-06-17,16.36,16.36,15.92,15.92,2900
2020-06-18,16.62,16.62,16.62,16.62,100
2020-06-19,16.68,16.75,16.68,16.75,1700
2020-06-22,16.75,16.75,16.75,16.75,0
2020-06-23,16.75,16.75,16.75,16.75,0
2020-06-24,16.75,16.75,16.75,16.75,0
2020-06-25,16.75,16.75,16.75,16.75,0
2020-06-26,15.6,15.6,15.6,15.6,100
2020-06-29,15.6,15.6,15.6,15.6,0
2020-06-30,15.6,15.6,15.6,15.6,0
2020-07-01,15.86,15.86,15.86,15.86,100
2020-07-02,15.86,15.86,15.86,15.86,1000
2020-07-03,15.86,15.86,15.86,15.86,0
2020-07-06,17.13,17.13,17.13,17.13,100
2020-07-07,15.86,15.86,15.86,15.86,100
2020-07-08,17.13,17.13,17.13,17.13,3100
2020-07-09,17.13,17.13,17.13,17.13,2600
2020-07-10,15.41,15.41,15.41,15.41,140
2020-07-13,15.41,15.41,15.41,15.41,0
2020-07-14,15.41,15.41,15.41,15.41,0
2020-07-15,16.49,16.49,16.49,16.49,200
2020-07-16,16.49,16.49,16.49,16.49,0
2020-07-17,16.49,16.49,16.49,16.49,0
2020-07-20,16.49,16.49,16.49,16.49,0
2020-07-21,16.49,16.49,16.49,16.49,0
2020-07-22,16.49,16.49,16.49,16.49,100
2020-07-23,16.49,16.49,16.49,16.49,0
2020-07-24,16.49,16.49,16.49,16.49,0
2020-07-27,16.17,16.17,16.17,16.17,100
2020-07-28,15.22,15.22,15.22,15.22,100
2020-07-29,15.22,15.22,15.22,15.22,0
2020-07-30,16.75,16.75,16.75,16.75,100
2020-07-31,15.35,15.35,15.35,15.35,100
2020-08-03,15.35,15.35,15.35,15.35,55
2020-08-04,16.81,16.87,16.81,16.87,200
2020-08-05,16.87,16.87,16.87,16.87,0
2020-08-06,16.87,16.87,16.87,16.87,0
2020-08-07,15.67,15.67,15.6,15.6,200
2020-08-10,15.6,15.6,15.6,15.6,0
2020-08-11,17.13,17.13,17.13,17.13,3555
2020-08-12,17.06,17.06,17.06,17.06,100
2020-08-13,18.71,18.71,18.65,18.71,13218
2020-08-14,18.78,20.55,18.58,19.79,25191
2020-08-17,20.23,20.3,19.85,19.98,10659
2020-08-18,19.98,20.3,19.92,19.98,30916
2020-08-19,20.3,20.3,19.03,19.66,7730
2020-08-20,20.3,20.3,19.16,19.79,19226
2020-08-21,20.69,20.69,19.69,19.76,3840
2020-08-24,19.76,19.98,19.76,19.76,6080
2020-08-25,18.19,19.26,18.19,18.33,2031
2020-08-26,18.41,19.33,18.33,19.33,7171
2020-08-27,19.33,19.4,19.26,19.33,9008
2020-08-28,19.33,19.98,19.33,19.33,820
2020-08-31,18.91,19.33,18.91,19.33,5720
2020-09-01,19.33,19.4,19.33,19.4,3900
2020-09-03,19.4,19.4,19.33,19.33,8006
2020-09-04,19.33,19.33,19.33,19.33,0
2020-09-07,19.26,19.33,19.26,19.26,4109
2020-09-08,19.26,19.26,18.55,19.26,5420
2020-09-09,19.26,19.26,19.26,19.26,2300
2020-09-10,19.26,19.26,19.26,19.26,1300
2020-09-11,19.26,19.26,17.98,18.55,3419
2020-09-14,18.62,19.26,18.62,19.26,3730
2020-09-15,19.26,19.26,19.26,19.26,100
2020-09-16,19.26,19.26,19.26,19.26,2400
2020-09-17,19.98,19.98,19.98,19.98,410
2020-09-18,18.62,18.62,18.62,18.62,158
2020-09-21,19.26,19.4,19.26,19.4,600
2020-09-22,19.26,19.26,19.26,19.26,1700
2020-09-23,19.26,19.33,19.26,19.26,2610
2020-09-24,19.26,19.26,19.26,19.26,300
2020-09-25,19.26,19.26,19.26,19.26,0
2020-09-28,17.34,19.26,17.34,18.91,442
2020-09-29,18.91,18.91,18.91,18.91,5
2020-09-30,18.91,18.91,18.91,18.91,5203
2020-10-01,18.91,18.91,18.91,18.91,610
2020-10-02,18.91,18.91,18.91,18.91,1200
2020-10-05,18.91,18.91,18.91,18.91,0
2020-10-06,19.19,19.19,19.19,19.19,3200
2020-10-07,19.19,19.19,19.19,19.19,1700
2020-10-08,17.34,19.19,17.34,19.19,5300
2020-10-09,19.19,19.19,19.19,19.19,400
2020-10-12,18.91,18.91,18.91,18.91,100
2020-10-13,18.91,18.98,18.91,18.98,600
2020-10-14,18.98,18.98,18.91,18.91,5500
2020-10-15,18.91,18.91,18.91,18.91,0
2020-10-16,18.91,18.91,18.91,18.91,0
2020-10-19,18.91,18.91,18.91,18.91,0
2020-10-20,18.98,18.98,18.91,18.91,200
2020-10-21,19.26,19.26,19.26,19.26,1100
2020-10-22,19.26,19.26,19.26,19.26,1100
2020-10-23,19.26,19.62,19.26,19.62,1300
2020-10-26,19.62,19.62,19.62,19.62,400
2020-10-27,19.62,19.62,19.62,19.62,200
2020-10-28,19.62,19.62,19.62,19.62,0
2020-10-29,18.91,19.12,18.91,19.12,5300
2020-10-30,19.26,19.26,19.26,19.26,300
2020-11-02,19.26,19.26,19.26,19.26,0
2020-11-03,19.26,19.26,19.26,19.26,0
2020-11-04,19.33,20.62,19.33,20.62,700
2020-11-05,19.33,19.33,19.33,19.33,400
2020-11-06,17.41,17.41,17.41,17.41,100
2020-11-09,17.69,17.69,17.69,17.69,500
2020-11-10,17.84,17.84,17.84,17.84,2000
2020-11-11,18.19,18.19,17.84,17.84,600
2020-11-12,19.55,19.55,19.26,19.26,500
2020-11-13,17.34,19.55,17.34,19.55,200
2020-11-16,17.62,17.62,17.62,17.62,100
2020-11-17,18.91,18.91,18.91,18.91,400
2020-11-18,18.91,18.91,18.91,18.91,100
2020-11-19,18.91,18.91,18.91,18.91,600
2020-11-20,18.91,18.91,18.91,18.91,400
2020-11-23,17.62,18.91,17.62,18.91,900
2020-11-24,18.91,18.91,18.91,18.91,0
2020-11-25,18.55,18.55,18.55,18.55,100
2020-11-26,18.62,18.62,18.62,18.62,100
2020-11-27,18.55,18.55,18.55,18.55,200
2020-11-30,18.55,18.55,18.55,18.55,0
2020-12-01,18.55,18.55,18.55,18.55,0
2020-12-02,19.26,19.26,19.26,19.26,600
2020-12-03,19.26,19.26,19.26,19.26,0
2020-12-04,18.19,18.19,18.19,18.19,100
2020-12-07,18.19,18.19,18.19,18.19,0
2020-12-08,18.33,18.33,18.19,18.19,1000
2020-12-09,18.91,18.91,18.91,18.91,300
2020-12-10,18.91,19.12,18.91,18.98,1500
2020-12-11,19.05,19.05,18.98,18.98,3759
2020-12-14,19.26,19.26,19.26,19.26,500
2020-12-15,19.19,20.4,19.19,20.4,5004
2020-12-16,19.26,19.62,19.26,19.62,1600
2020-12-17,19.62,19.62,19.62,19.62,1200
2020-12-18,19.62,19.62,19.62,19.62,400
2020-12-21,18.41,18.41,18.41,18.41,100
2020-12-22,18.41,19.48,18.41,19.48,1400
2020-12-23,18.55,18.62,18.55,18.62,300
2020-12-24,18.41,18.41,18.41,18.41,1000
2020-12-25,18.41,18.41,18.41,18.41,1
2020-12-28,18.55,18.55,18.55,18.55,4000
2020-12-29,18.55,18.55,18.55,18.55,23
2020-12-30,18.55,18.55,18.19,18.33,1341
2020-12-31,18.33,18.33,18.33,18.33,100
2021-01-04,18.33,18.33,18.33,18.33,0
2021-01-05,18.48,18.48,18.41,18.41,2200
2021-01-06,18.55,18.55,18.55,18.55,500
2021-01-07,18.55,18.55,18.55,18.55,0
2021-01-08,19.19,19.19,19.19,19.19,100
2021-01-11,17.34,19.19,17.34,19.19,200
2021-01-12,19.19,19.19,19.19,19.19,200
2021-01-13,19.19,19.19,19.19,19.19,0
2021-01-14,19.26,19.26,19.26,19.26,1200
2021-01-15,19.26,19.26,19.26,19.26,1200
2021-01-18,19.26,19.33,18.91,19.33,745
2021-01-19,19.26,19.26,18.91,19.26,1800
2021-01-20,19.26,19.26,19.26,19.26,1000
2021-01-21,17.34,19.26,17.34,19.26,210
2021-01-22,19.26,19.26,19.26,19.26,0
2021-01-25,18.91,18.91,18.91,18.91,200
2021-01-26,18.91,18.98,18.91,18.98,1211
2021-01-27,19.19,19.19,18.91,18.91,3600
2021-01-28,18.98,19.48,17.55,19.48,4000
2021-01-29,17.91,18.19,17.91,18.19,3038
2021-02-01,18.19,18.19,18.19,18.19,0
2021-02-02,18.55,18.55,18.55,18.55,231
2021-02-03,18.55,18.55,18.55,18.55,0
2021-02-04,18.55,18.55,18.55,18.55,0
2021-02-05,18.55,18.55,18.55,18.55,0
2021-02-08,18.55,18.55,18.55,18.55,300
2021-02-09,18.55,18.55,18.55,18.55,0
2021-02-17,19.62,19.69,19.62,19.69,1000
2021-02-18,19.69,19.69,19.69,19.69,0
2021-02-19,19.69,19.69,19.26,19.26,300
2021-02-22,19.26,19.26,19.26,19.26,0
2021-02-23,19.26,19.26,19.26,19.26,0
2021-02-24,19.26,19.26,19.26,19.26,0
2021-02-25,19.26,19.26,19.26,19.26,0
2021-02-26,19.26,19.26,19.26,19.26,0
2021-03-01,19.26,19.26,19.26,19.26,0
2021-03-02,19.26,19.26,19.26,19.26,0
2021-03-03,19.98,19.98,19.98,19.98,1418
2021-03-04,20.69,20.69,20.33,20.69,2200
2021-03-05,19.98,19.98,19.98,19.98,652
2021-03-08,19.98,19.98,19.98,19.98,300
2021-03-09,19.98,19.98,19.98,19.98,300
2021-03-10,20.33,20.33,20.33,20.33,700
2021-03-11,20.33,20.69,20.33,20.69,660
2021-03-12,21.4,21.4,21.4,21.4,100
2021-03-15,20.69,20.69,20.69,20.69,900
2021-03-16,21.4,21.4,21.4,21.4,100
2021-03-17,19.33,21.4,19.33,21.4,400
2021-03-18,21.4,21.4,21.4,21.4,0
2021-03-19,21.4,21.4,21.4,21.4,11
2021-03-22,21.4,21.4,21.4,21.4,0
2021-03-23,21.4,21.4,21.4,21.4,0
2021-03-24,20.69,20.69,20.69,20.69,112
2021-03-25,20.69,20.69,20.69,20.69,300
2021-03-26,20.69,20.69,20.69,20.69,26
2021-03-29,21.4,21.4,21.4,21.4,377
2021-03-30,21.4,21.4,21.4,21.4,0
2021-03-31,20.76,20.76,20.69,20.69,200
2021-04-01,20.69,20.69,20.69,20.69,200
2021-04-02,20.69,20.69,20.69,20.69,0
2021-04-05,20.69,20.69,20.69,20.69,1300
2021-04-06,21.4,21.4,21.4,21.4,745
2021-04-07,21.4,21.4,21.4,21.4,0
2021-04-08,21.4,21.4,21.4,21.4,0
2021-04-09,21.4,21.4,21.4,21.4,10
2021-04-12,20.69,20.69,20.69,20.69,0
2021-04-13,20.69,20.69,20.69,20.69,0
2021-04-14,21.4,21.4,21.4,21.4,100
2021-04-15,21.4,21.4,21.4,21.4,10
2021-04-16,20.69,20.69,20.69,20.69,550
2021-04-19,20.69,20.69,20.69,20.69,0
2021-04-20,21.76,21.76,21.76,21.76,100
2021-04-22,20.69,20.69,20.69,20.69,100
2021-04-23,20.69,20.69,20.69,20.69,0
2021-04-26,20.69,20.69,20.69,20.69,4500
2021-04-27,20.69,20.69,20.69,20.69,300
2021-04-28,20.69,20.69,20.69,20.69,0
2021-04-29,20.69,20.69,20.69,20.69,0
2021-05-04,20.69,20.69,20.69,20.69,0
2021-05-05,21.05,21.05,21.05,21.05,100
2021-05-06,21.05,21.05,21.05,21.05,0
2021-05-07,21.05,21.05,21.05,21.05,0
2021-05-10,21.05,21.05,21.05,21.05,0
2021-05-11,21.4,21.4,21.4,21.4,839
2021-05-12,21.4,21.4,21.4,21.4,0
2021-05-13,19.33,19.33,19.33,19.33,100
2021-05-14,19.33,19.33,19.33,19.33,0
2021-05-17,19.55,19.55,19.55,19.55,100
2021-05-18,19.55,19.55,19.55,19.55,0
2021-05-19,19.55,19.55,19.55,19.55,0
2021-05-20,19.55,19.55,19.55,19.55,0
2021-05-21,19.62,19.62,19.48,19.48,2600
2021-05-24,19.62,19.62,19.62,19.62,500
2021-05-25,19.98,19.98,19.98,19.98,500
2021-05-26,20.33,20.33,20.33,20.33,1000
2021-05-27,20.33,20.33,20.33,20.33,500
2021-05-28,21.4,21.4,21.4,21.4,300
2021-05-31,21.4,22.12,21.4,22.04,2600
2021-06-01,22.47,22.47,22.12,22.12,400
2021-06-02,21.76,21.76,21.76,21.76,4200
2021-06-03,22.47,22.47,22.12,22.12,2002
2021-06-04,20.69,20.69,20.69,20.69,1500
2021-06-07,21.38,21.38,21.38,21.38,5700
2021-06-08,21.38,21.38,21.38,21.38,600
2021-06-09,20.69,20.69,19.77,20.69,1600
2021-06-10,20.69,21.3,20.69,21.3,700
2021-06-11,21.3,21.3,21.3,21.3,0
2021-06-14,21.3,21.3,21.3,21.3,0
2021-06-15,20.54,20.54,20.54,20.54,100
2021-06-16,20.54,20.54,20.54,20.54,0
2021-06-17,19.16,19.16,19.16,19.16,800
2021-06-18,19.31,19.31,19.31,19.31,600
2021-06-21,19.31,19.31,19.31,19.31,0
2021-06-22,19.31,19.31,19.31,19.31,0
2021-06-23,19.31,19.31,19.31,19.31,0
2021-06-24,19.31,19.31,19.31,19.31,0
2021-06-25,19.31,19.31,19.31,19.31,0
2021-06-28,19.31,19.31,19.31,19.31,0
2021-06-29,19.31,19.31,19.31,19.31,0
2021-06-30,19.31,19.31,19.31,19.31,1500
2021-07-01,19.31,19.31,19.31,19.31,0
2021-07-02,19.31,19.31,19.31,19.31,0
2021-07-05,19.31,20.23,19.31,20.23,300
2021-07-06,20.23,20.23,20.23,20.23,0
2021-07-07,20.23,20.23,20.23,20.23,0
2021-07-08,20.23,20.23,20.23,20.23,0
2021-07-09,20.23,20.23,20.23,20.23,0
2021-07-12,20.23,20.23,20.23,20.23,0
2021-07-13,20.23,20.23,20.23,20.23,0
2021-07-14,20.23,20.23,20.23,20.23,0
2021-07-15,20.69,20.69,20.69,20.69,100
2021-07-16,20.69,20.69,20.69,20.69,0
2021-07-19,20.69,20.69,20.69,20.69,0
2021-07-20,20.69,20.69,20.69,20.69,600
2021-07-21,20.69,20.69,20.69,20.69,0
2021-07-22,20.69,20.69,20.69,20.69,0
2021-07-23,20.69,20.69,20.69,20.69,100
2021-07-26,20.69,20.69,20.69,20.69,0
2021-07-27,20.69,20.69,20.69,20.69,0
2021-07-28,20.69,20.69,20.69,20.69,0
2021-07-29,20.69,20.69,20.69,20.69,0
2021-07-30,20.69,20.69,20.69,20.69,0
2021-08-02,20.69,20.69,20.69,20.69,0
2021-08-03,20.69,20.69,20.69,20.69,0
2021-08-04,20.69,20.69,20.69,20.69,0
2021-08-05,20.69,20.69,20.69,20.69,0
2021-08-06,21.15,21.15,21.15,21.15,102
2021-08-09,21.84,21.84,21.84,21.84,1500
2021-08-10,21.46,21.46,21.46,21.46,300
2021-08-11,21.46,21.46,21.46,21.46,0
2021-08-12,20.31,20.38,20.31,20.38,302
2021-08-13,21.46,21.46,21.46,21.46,5000
2021-08-16,21.46,21.46,21.38,21.46,6700
2021-08-17,21.46,21.46,21.46,21.46,0
2021-08-18,21.46,21.46,21.46,21.46,0
2021-08-19,21.46,21.46,21.46,21.46,0
2021-08-20,21.46,21.46,21.46,21.46,0
2021-08-23,21.46,21.46,21.46,21.46,0
2021-08-24,19.31,19.54,19.31,19.39,300
2021-08-25,19.39,19.39,19.39,19.39,0
2021-08-26,19.39,19.39,19.39,19.39,0
2021-08-27,19.31,19.31,19.31,19.31,100
2021-08-30,19.31,19.31,19.31,19.31,0
2021-08-31,19.31,19.31,19.31,19.31,0
2021-09-01,19.31,19.31,19.31,19.31,0
2021-09-06,21.15,21.15,21.15,21.15,100
2021-09-07,21.15,21.15,21.15,21.15,0
2021-09-08,21.15,21.15,21.15,21.15,0
2021-09-09,21.15,21.15,21.15,21.15,0
2021-09-10,21.15,21.15,21.15,21.15,2
2021-09-13,21.15,21.15,21.15,21.15,0
2021-09-14,21.15,21.15,21.15,21.15,0
2021-09-15,21.15,21.15,21.15,21.15,0
2021-09-16,21.15,21.15,21.15,21.15,0
2021-09-17,21.15,21.15,21.15,21.15,0
2021-09-20,21.15,21.15,21.15,21.15,0
2021-09-21,21.15,21.15,21.15,21.15,0
2021-09-22,21.15,21.15,21.15,21.15,0
2021-09-23,21.15,21.15,21.15,21.15,0
2021-09-24,21.15,21.15,21.15,21.15,0
2021-09-27,21.61,21.61,21.61,21.61,100
2021-09-28,20.46,20.46,20.46,20.46,100
2021-09-29,20.46,20.46,20.46,20.46,0
2021-09-30,20.46,20.46,20.46,20.46,0
2021-10-01,21.0,21.0,21.0,21.0,501
2021-10-04,21.0,21.0,21.0,21.0,1
2021-10-05,23.07,23.07,21.0,21.0,200
2021-10-06,21.15,21.15,21.15,21.15,1900
2021-10-07,21.15,21.15,21.15,21.15,1200
2021-10-08,21.15,21.15,21.15,21.15,500
2021-10-11,21.15,21.15,21.15,21.15,0
2021-10-12,21.46,21.46,21.46,21.46,1400
2021-10-13,21.46,21.46,21.46,21.46,9000
2021-10-14,21.46,21.46,21.38,21.38,1100
2021-10-15,21.46,21.46,21.46,21.46,1000
2021-10-18,21.46,21.46,21.46,21.46,0
2021-10-19,21.46,21.46,21.46,21.46,1300
2021-10-20,21.46,21.46,21.46,21.46,2600
2021-10-21,21.46,21.46,21.46,21.46,0
2021-10-22,21.46,21.46,21.46,21.46,0
2021-10-25,21.46,21.46,21.46,21.46,0
2021-10-26,21.46,21.46,21.46,21.46,0
2021-10-27,19.39,19.39,19.39,19.39,130
2021-10-28,21.3,21.3,20.69,20.69,8100
2021-10-29,20.69,20.69,20.69,20.69,3600
2021-11-01,20.69,20.69,20.69,20.69,0
2021-11-02,20.69,20.69,20.69,20.69,0
2021-11-03,20.77,20.77,20.77,20.77,1600
2021-11-04,20.77,20.77,20.77,20.77,1
2021-11-05,20.77,20.77,20.77,20.77,0
2021-11-08,20.77,20.77,20.77,20.77,0
2021-11-09,20.77,20.77,20.77,20.77,0
2021-11-10,20.77,20.77,20.77,20.77,20
2021-11-11,20.77,20.77,20.77,20.77,0
2021-11-12,20.77,20.77,20.77,20.77,0
2021-11-15,20.77,20.77,20.77,20.77,0
2021-11-16,20.77,20.77,20.77,20.77,0
2021-11-17,20.77,20.77,20.77,20.77,500
2021-11-18,19.31,20.77,19.31,20.77,500
2021-11-19,20.77,20.77,20.77,20.77,0
2021-11-22,20.77,20.77,20.77,20.77,0
2021-11-23,20.69,20.69,20.69,20.69,100
2021-11-24,20.69,20.69,20.69,20.69,1100
2021-11-25,20.69,20.69,20.69,20.69,510
2021-11-26,20.69,21.07,20.69,20.69,1700
2021-11-29,20.69,20.69,20.61,20.61,5000
2021-11-30,20.69,20.69,20.69,20.69,300
2021-12-01,19.39,20.31,19.39,20.31,600
2021-12-02,20.31,20.31,20.31,20.31,1000
2021-12-03,20.31,20.31,20.31,20.31,0
2021-12-06,20.0,20.0,19.54,19.54,7200
2021-12-07,19.54,19.54,19.54,19.54,500
2021-12-08,19.54,19.54,19.54,19.54,0
2021-12-09,19.54,19.77,19.54,19.77,500
2021-12-10,20.54,20.54,20.54,20.54,100
2021-12-13,20.54,20.54,20.54,20.54,0
2021-12-14,20.54,20.54,20.54,20.54,1
2021-12-15,20.54,20.54,20.54,20.54,1
2021-12-16,19.31,20.61,19.31,20.61,200
2021-12-17,21.46,21.46,20.61,20.61,200
2021-12-20,20.61,20.61,20.61,20.61,0
2021-12-21,20.61,20.61,20.61,20.61,0
2021-12-22,20.69,20.69,20.69,20.69,700
2021-12-23,20.61,20.61,20.61,20.61,200
2021-12-24,20.61,20.61,20.61,20.61,0
2021-12-27,19.92,19.92,19.92,19.92,1500
2021-12-28,19.92,19.92,19.92,19.92,0
2021-12-29,19.92,19.92,19.92,19.92,0
2021-12-30,19.92,19.92,19.92,19.92,1
2021-12-31,19.23,19.23,19.23,19.23,102
2022-01-04,19.69,21.15,19.16,21.15,1000
2022-01-05,21.15,21.15,21.15,21.15,0
2022-01-06,21.15,21.15,21.15,21.15,0
2022-01-07,21.15,21.15,21.15,21.15,0
2022-01-10,20.31,20.31,19.16,19.16,13500
2022-01-11,21.07,21.07,21.07,21.07,100
2022-01-12,23.07,23.07,23.07,23.07,109
2022-01-13,23.07,23.07,23.07,23.07,6
2022-01-14,23.07,23.07,23.07,23.07,0
2022-01-17,20.84,20.84,20.77,20.77,2600
2022-01-18,22.15,22.15,22.15,20.77,100
2022-01-19,20.0,20.0,20.0,20.0,101
2022-01-20,19.31,19.54,19.16,19.39,41921
2022-01-21,21.3,21.3,21.3,21.3,500
2022-01-24,19.31,19.62,19.31,19.62,239
2022-01-25,19.92,20.0,19.92,19.92,800
2022-01-26,20.54,20.54,20.54,20.54,658
2022-01-27,20.46,20.46,20.15,20.15,200
2022-01-28,20.08,20.08,20.08,20.08,800
2022-02-07,21.84,21.84,21.84,21.84,100
2022-02-08,19.69,22.15,19.69,22.15,200
2022-02-09,20.0,20.0,20.0,20.0,100
2022-02-10,20.08,20.15,20.0,20.08,3801
2022-02-11,20.08,20.08,20.08,20.08,0
2022-02-14,21.84,21.84,21.76,21.84,1168
2022-02-15,21.84,21.84,21.84,21.84,1500
2022-02-16,21.92,21.92,21.46,21.46,1750
2022-02-17,21.46,21.46,20.69,20.69,200
2022-02-18,20.69,20.69,20.69,20.69,0
2022-02-21,20.69,20.69,20.69,20.69,0
2022-02-22,21.46,21.46,21.46,21.46,3000
2022-02-23,21.46,21.46,21.3,21.46,1700
2022-02-24,21.46,21.46,21.46,21.46,24900
2022-02-25,21.46,21.46,21.46,21.46,6900
2022-02-28,21.46,21.46,21.46,21.46,0
2022-03-01,21.46,21.46,21.46,21.46,700
2022-03-02,21.46,21.46,21.46,21.46,0
2022-03-03,21.46,21.46,21.46,21.46,0
2022-03-04,21.84,21.84,21.46,21.46,2000
2022-03-07,21.46,21.46,21.46,21.46,800
2022-03-08,21.46,21.46,21.46,21.46,2000
2022-03-09,21.46,21.46,21.46,21.46,1600
2022-03-10,21.46,21.46,21.46,21.46,0
2022-03-11,21.46,21.46,21.46,21.46,0
2022-03-14,21.46,21.46,21.46,21.46,11800
2022-03-15,22.15,22.15,22.15,22.15,100
2022-03-16,22.15,22.15,22.15,22.15,0
2022-03-17,21.46,21.46,21.46,21.46,300
2022-03-18,22.53,22.99,22.53,22.99,8800
2022-03-21,22.99,22.99,22.99,22.99,23100
2022-03-22,22.99,22.99,22.99,22.99,0
2022-03-23,23.07,23.07,22.99,22.99,2300
2022-03-24,22.99,22.99,22.99,22.99,6070
2022-03-25,23.07,23.07,23.07,23.07,1100
2022-03-28,23.98,24.14,23.91,24.14,2800
2022-03-29,21.76,26.51,21.76,26.05,300
2022-03-30,23.45,28.35,23.45,23.6,400
2022-03-31,21.53,25.9,21.53,23.75,19000
2022-04-01,25.98,25.98,25.98,25.98,108
2022-04-04,23.45,28.35,23.45,24.52,2600
2022-04-05,24.9,24.9,24.9,24.9,1000
2022-04-06,22.61,22.99,22.61,22.99,710
2022-04-07,23.37,23.37,23.37,23.37,200
2022-04-08,24.83,24.83,24.83,24.83,100
2022-04-12,24.83,24.83,24.83,24.83,28
2022-04-13,24.83,24.83,24.83,24.83,100
2022-04-14,25.67,25.67,25.67,25.67,100
2022-04-15,23.14,23.14,23.14,23.14,100
2022-04-18,23.14,23.14,23.14,23.14,0
2022-04-19,21.07,25.29,21.07,23.75,796
2022-04-20,25.29,26.13,25.29,26.13,1703
2022-04-21,23.53,26.13,23.53,24.52,4218
2022-04-22,23.53,25.29,23.53,24.9,5000
2022-04-25,22.99,24.9,22.99,24.9,200
2022-04-26,22.45,24.9,22.45,22.53,300
2022-04-27,20.84,24.75,20.84,24.75,218
2022-04-28,24.75,24.75,24.75,24.75,100
2022-04-29,22.38,24.83,22.38,24.83,4300
2022-05-04,24.83,24.83,24.83,24.83,6
2022-05-05,22.38,24.52,22.38,24.52,200
2022-05-06,22.3,22.3,22.3,22.3,100
2022-05-09,20.38,20.38,20.38,20.38,100
2022-05-10,22.15,22.38,22.15,22.38,219
2022-05-11,20.54,24.44,20.54,24.44,300
2022-05-12,22.07,24.37,22.07,22.99,400
2022-05-13,22.22,24.44,22.22,23.75,7800
2022-05-16,23.75,23.91,23.75,23.75,1200
2022-05-17,24.83,24.83,24.75,24.75,1600
2022-05-18,22.3,24.75,22.3,24.75,230
2022-05-19,22.38,26.74,22.38,24.67,2700
2022-05-20,22.38,26.36,22.38,26.36,200
2022-05-23,23.75,26.67,23.75,26.67,200
2022-05-24,24.06,26.74,24.06,26.74,4000
2022-05-25,24.21,26.44,24.21,26.44,200
2022-05-26,26.05,26.36,26.05,26.05,3200
2022-05-27,24.21,24.21,24.21,24.21,100
2022-05-30,24.21,24.21,24.21,24.21,0
2022-05-31,24.21,24.21,24.21,24.21,0
2022-06-01,26.01,26.01,25.36,25.36,200
2022-06-02,25.36,25.36,25.36,25.36,0
2022-06-03,23.72,23.72,23.72,23.72,100
2022-06-06,23.72,23.72,23.72,23.72,0
2022-06-07,22.25,24.3,22.25,24.3,400
2022-06-08,24.3,24.3,24.3,24.3,0
2022-06-09,21.92,21.92,21.92,21.92,100
2022-06-10,22.91,24.05,22.91,24.05,700
2022-06-13,23.32,23.32,23.32,23.32,600
2022-06-14,21.52,21.52,21.52,21.52,100
2022-06-15,23.64,23.64,23.64,23.64,400
2022-06-16,23.64,23.64,23.64,23.64,0
2022-06-17,21.43,21.43,21.43,21.43,107
2022-06-20,23.56,23.56,23.56,23.56,900
2022-06-21,23.56,23.56,23.56,23.56,900
2022-06-22,23.56,23.56,23.56,23.56,500
2022-06-23,23.56,23.56,23.56,23.56,0
2022-06-24,23.56,23.56,23.56,23.56,0
2022-06-27,23.56,23.56,23.56,23.56,0
2022-06-28,23.81,23.81,23.64,23.64,300
2022-06-29,23.81,23.81,23.72,23.72,200
2022-06-30,23.81,23.81,23.81,23.81,200
2022-07-01,23.81,23.81,23.81,23.81,0
2022-07-04,23.97,24.05,23.89,23.89,2200
2022-07-05,23.89,23.89,23.89,23.89,0
2022-07-06,21.52,21.52,21.52,21.52,100
2022-07-07,21.52,21.52,21.52,21.52,0
2022-07-08,21.52,21.52,21.52,21.52,0
2022-07-11,23.64,23.64,23.64,23.64,100
2022-07-12,21.76,21.76,21.76,21.76,100
2022-07-13,21.76,21.76,21.76,21.76,6
2022-07-14,21.76,21.84,21.76,21.84,700
2022-07-15,23.89,23.89,23.89,23.89,500
2022-07-18,23.89,23.89,23.89,23.89,0
2022-07-19,23.89,23.89,23.89,23.89,0
2022-07-20,23.72,23.72,21.84,21.84,200
2022-07-21,21.84,21.84,21.84,21.84,0
2022-07-22,23.72,23.97,23.72,23.97,2200
2022-07-25,21.76,23.72,21.76,21.76,300
2022-07-26,21.76,21.76,21.76,21.76,0
2022-07-27,23.89,23.89,23.89,23.89,120
2022-07-28,23.81,23.81,23.81,23.81,100
2022-07-29,23.81,23.81,23.81,23.81,0
2022-08-01,23.81,23.81,23.81,23.81,0
2022-08-02,23.81,23.81,23.81,23.81,0
2022-08-03,23.81,23.81,23.81,23.81,0
2022-08-04,23.81,23.81,23.81,23.81,0
2022-08-05,23.81,23.81,23.81,23.81,0
2022-08-08,23.81,23.81,23.81,23.81,0
2022-08-09,23.81,23.81,23.81,23.81,0
2022-08-10,24.54,24.54,24.54,24.54,200
2022-08-11,22.09,24.46,22.09,24.46,200
2022-08-12,22.17,24.46,22.17,24.46,200
2022-08-15,22.17,24.46,22.17,24.46,200
2022-08-16,24.46,24.46,24.46,24.46,110
2022-08-17,24.38,24.38,24.38,24.38,100
2022-08-18,24.3,24.3,24.3,24.3,100
2022-08-19,24.3,24.3,24.3,24.3,0
2022-08-22,24.3,24.3,24.3,24.3,100
2022-08-23,24.13,24.13,24.13,24.13,2700
2022-08-24,22.25,22.25,22.25,22.25,108
2022-08-25,22.25,22.25,22.25,22.25,0
2022-08-26,22.25,22.25,22.25,22.25,0
2022-08-29,22.25,22.25,22.25,22.25,0
2022-08-30,22.25,22.25,22.25,22.25,0
2022-08-31,20.78,20.78,20.78,20.78,100
2022-09-05,20.78,20.78,20.78,20.78,0
2022-09-06,20.78,20.78,20.78,20.78,0
2022-09-07,22.82,22.82,22.82,22.82,100
2022-09-08,22.82,22.82,22.82,22.82,0
2022-09-09,23.72,23.72,23.72,23.72,400
2022-09-12,23.72,23.72,23.72,23.72,0
2022-09-13,23.72,23.72,23.72,23.72,27
2022-09-14,21.43,21.43,21.43,21.43,100
2022-09-15,23.56,23.56,23.56,23.56,3306
2022-09-16,21.43,21.43,21.43,21.43,143
2022-09-19,21.43,21.43,21.43,21.43,1
2022-09-20,23.48,23.48,23.48,23.48,100
2022-09-21,23.48,23.48,23.48,23.48,105
2022-09-22,23.48,23.48,23.48,23.48,0
2022-09-23,23.48,23.48,23.48,23.48,0
2022-09-26,23.48,23.48,23.48,23.48,30
2022-09-27,23.48,23.48,23.48,23.48,0
2022-09-28,23.48,23.48,23.48,23.48,0
2022-09-29,23.48,23.48,23.48,23.48,0
2022-09-30,23.48,23.48,23.48,23.48,0
2022-10-03,23.48,23.48,23.48,23.48,1
2022-10-04,23.48,23.48,23.48,23.48,0
2022-10-05,22.25,22.25,21.27,21.27,1800
2022-10-06,19.22,19.22,19.22,19.22,100
2022-10-07,19.22,19.22,19.22,19.22,0
2022-10-10,21.11,21.11,21.11,21.11,200
2022-10-11,21.11,21.11,21.11,21.11,0
2022-10-12,21.11,21.11,21.11,21.11,1000
2022-10-13,21.11,21.11,21.11,21.11,0
2022-10-14,21.11,21.11,21.11,21.11,0
2022-10-17,21.11,21.11,21.11,21.11,206
2022-10-18,21.11,21.11,21.11,21.11,13
2022-10-19,21.11,21.11,21.11,21.11,0
2022-10-20,21.11,21.11,21.11,21.11,0
2022-10-21,21.11,21.11,21.11,21.11,0
2022-10-24,21.11,21.11,21.11,21.11,0
2022-10-25,21.11,21.11,21.11,21.11,100
2022-10-26,21.11,21.11,21.11,21.11,0
2022-10-27,21.11,21.11,21.11,21.11,0
2022-10-28,23.15,23.15,23.15,23.15,100
2022-10-31,23.15,23.15,23.15,23.15,0
2022-11-01,23.15,23.15,23.15,23.15,0
2022-11-02,20.86,20.86,20.86,20.86,100
2022-11-03,20.86,20.86,20.86,20.86,0
2022-11-04,20.86,20.86,20.86,20.86,0
2022-11-07,20.86,20.86,20.86,20.86,0
2022-11-08,20.86,20.86,20.86,20.86,0
2022-11-09,20.86,20.86,20.86,20.86,0
2022-11-10,20.86,20.86,20.86,20.86,0
2022-11-11,20.86,20.86,20.86,20.86,0
2022-11-14,20.86,20.86,20.86,20.86,0
2022-11-15,20.86,20.86,20.86,20.86,0
2022-11-16,18.82,18.82,18.82,18.82,1000
2022-11-17,18.82,18.82,18.82,18.82,0
2022-11-18,18.82,18.82,18.82,18.82,0
2022-11-21,18.82,18.82,18.82,18.82,0
2022-11-22,20.7,20.7,20.7,20.7,310
2022-11-23,20.7,20.7,20.7,20.7,0
2022-11-24,20.7,20.7,20.7,20.7,73
2022-11-25,22.74,22.74,22.74,22.74,100
2022-11-28,22.74,22.74,22.74,22.74,0
2022-11-29,20.53,20.53,20.53,20.53,100
2022-11-30,20.53,20.53,20.53,20.53,0
2022-12-01,18.98,18.98,18.82,18.82,1000
2022-12-02,19.06,20.7,19.06,20.7,400
2022-12-05,21.27,21.27,21.27,21.27,100
2022-12-06,21.27,21.27,21.27,21.27,0
2022-12-07,19.63,19.63,19.63,19.63,100
2022-12-08,19.63,19.63,19.63,19.63,0
2022-12-09,19.63,19.63,19.63,19.63,0
2022-12-12,21.19,21.19,21.19,21.19,100
2022-12-13,20.04,20.04,20.04,20.04,100
2022-12-14,20.04,20.04,20.04,20.04,0
2022-12-15,21.92,21.92,21.92,21.92,200
2022-12-16,21.92,21.92,21.92,21.92,0
2022-12-19,21.92,21.92,21.92,21.92,0
2022-12-20,21.92,21.92,21.92,21.92,0
2022-12-21,23.97,23.97,23.97,23.97,100
2022-12-22,23.97,23.97,23.97,23.97,0
2022-12-23,21.6,21.6,21.6,21.6,600
2022-12-26,23.72,23.72,23.72,23.72,100
2022-12-27,21.35,21.35,21.35,21.35,100
2022-12-28,19.39,19.39,19.39,19.39,100
2022-12-29,19.39,19.39,19.39,19.39,0
2022-12-30,19.39,19.39,19.39,19.39,0
2023-01-03,21.27,21.27,21.27,21.27,100
2023-01-04,19.39,19.39,19.39,19.39,100
2023-01-05,19.39,19.39,19.39,19.39,0
2023-01-06,19.39,19.39,19.39,19.39,0
2023-01-09,21.19,21.19,21.19,21.19,100
2023-01-10,19.39,22.82,19.39,22.82,200
2023-01-11,22.82,22.82,22.82,22.82,0
2023-01-12,22.82,22.82,22.82,22.82,0
2023-01-13,20.62,20.62,20.62,20.62,200
2023-01-16,18.82,18.82,18.82,18.82,100
2023-01-17,18.82,18.82,18.82,18.82,0
2023-01-18,19.63,19.63,19.63,19.63,100
2023-01-19,20.7,20.7,20.7,20.7,100
2023-01-27,18.9,18.9,18.9,18.9,100
2023-01-30,18.9,18.9,18.9,18.9,0
2023-01-31,18.9,18.9,18.9,18.9,0
2023-02-01,18.9,18.9,18.9,18.9,0
2023-02-02,18.9,18.9,18.9,18.9,0
2023-02-03,18.9,18.9,18.9,18.9,0
2023-02-06,18.9,18.9,18.9,18.9,0
2023-02-07,18.9,18.9,18.9,18.9,0
2023-02-08,18.9,18.9,18.9,18.9,0
2023-02-09,18.9,18.9,18.9,18.9,0
2023-02-10,18.9,18.9,18.9,18.9,0
2023-02-13,18.9,18.9,18.9,18.9,0
2023-02-14,20.78,20.78,20.78,20.78,100
2023-02-15,18.98,22.74,18.98,22.74,200
2023-02-16,20.53,23.97,20.53,23.97,200
2023-02-17,21.6,21.6,21.6,21.6,100
2023-02-20,19.55,19.55,19.55,19.55,100
2023-02-21,19.55,19.55,19.55,19.55,0
2023-02-22,19.55,19.55,19.55,19.55,0
2023-02-23,19.55,19.55,19.55,19.55,0
2023-02-24,19.55,19.55,19.55,19.55,0
2023-02-27,19.55,19.55,19.55,19.55,0
2023-02-28,21.27,21.27,21.27,21.27,300
2023-03-01,19.31,22.82,19.31,22.82,200
2023-03-02,20.62,20.62,20.62,20.62,100
2023-03-03,20.62,20.62,20.62,20.62,100
2023-03-06,19.22,19.22,19.22,19.22,100
2023-03-07,21.11,21.11,21.11,21.11,100
2023-03-08,21.11,21.11,21.11,21.11,0
2023-03-09,19.39,19.39,19.39,19.39,100
2023-03-10,19.39,19.39,19.39,19.39,0
2023-03-13,19.39,19.39,19.39,19.39,0
2023-03-14,19.39,19.39,19.39,19.39,0
2023-03-15,19.39,19.39,19.39,19.39,0
2023-03-16,19.39,19.39,19.39,19.39,0
2023-03-17,19.39,19.39,19.39,19.39,0
2023-03-20,19.39,19.39,19.39,19.39,0
2023-03-21,19.39,19.39,19.39,19.39,0
2023-03-22,19.39,19.39,19.39,19.39,0
2023-03-23,19.39,19.39,19.39,19.39,0
2023-03-24,19.39,19.39,19.39,19.39,0
2023-03-27,19.39,19.39,19.39,19.39,0
2023-03-28,21.27,21.27,20.45,20.45,202
2023-03-29,20.45,20.45,20.45,20.45,0
2023-03-30,20.45,20.45,20.45,20.45,0
2023-03-31,20.45,20.45,20.45,20.45,0
2023-04-03,20.45,20.45,20.45,20.45,0
2023-04-04,20.45,20.45,20.45,20.45,0
2023-04-05,20.45,20.45,20.45,20.45,0
2023-04-06,20.45,20.45,20.45,20.45,0
2023-04-07,20.45,20.45,20.45,20.45,0
2023-04-10,22.42,22.42,22.42,22.42,200
2023-04-11,20.21,20.21,20.21,20.21,100
2023-04-12,20.21,20.21,20.21,20.21,0
2023-04-13,20.21,20.21,20.21,20.21,0
2023-04-14,21.68,21.68,21.68,21.68,300
2023-04-17,19.63,19.63,19.63,19.63,100
2023-04-18,19.63,19.63,19.63,19.63,600
2023-04-19,19.63,19.63,19.63,19.63,0
2023-04-20,21.27,21.27,21.27,21.27,1400
2023-04-21,19.39,21.27,19.39,21.27,300
2023-04-24,21.27,21.27,21.27,21.27,0
2023-04-25,21.27,21.27,21.27,21.27,300
2023-04-26,19.72,21.27,19.72,21.27,200
2023-04-27,19.72,21.27,19.72,21.27,200
2023-04-28,19.72,21.27,19.72,21.27,600
2023-05-04,21.27,22.09,21.27,21.43,3200
2023-05-05,21.68,21.76,21.68,21.76,4900
2023-05-08,21.76,21.76,21.76,21.76,0
2023-05-09,21.68,21.68,21.68,21.68,2001
2023-05-10,22.09,22.91,22.09,22.09,2206
2023-05-11,22.09,22.09,22.09,22.09,3
2023-05-12,22.09,22.09,22.09,22.09,0
2023-05-15,22.09,22.09,22.09,22.09,0
2023-05-16,22.09,22.09,22.09,22.09,0
2023-05-17,22.91,22.91,22.91,22.91,200
2023-05-18,22.91,22.91,22.91,22.91,0
2023-05-19,22.91,22.91,22.91,22.91,1
2023-05-22,21.02,21.02,21.02,21.02,100
2023-05-23,21.02,21.02,21.02,21.02,0
2023-05-24,19.63,19.63,19.63,19.63,100
2023-05-25,19.63,19.63,19.63,19.63,9
2023-05-26,21.6,21.6,20.12,20.12,1205
2023-05-29,20.12,20.12,20.12,20.12,0
2023-05-30,20.12,20.12,20.12,20.12,8
2023-05-31,20.12,20.12,20.12,20.12,3
2023-06-01,20.12,20.12,20.12,20.12,0
2023-06-02,20.12,20.12,20.12,20.12,10
2023-06-05,20.12,20.12,20.12,20.12,0
2023-06-06,20.7,22.01,20.62,22.01,1536
2023-06-07,22.01,22.01,22.01,22.01,0
2023-06-08,21.35,21.35,21.27,21.27,700
2023-06-09,20.45,20.45,20.45,20.45,100
2023-06-12,21.68,21.68,21.68,21.68,105
2023-06-13,21.68,21.68,21.68,21.68,500
2023-06-14,21.68,21.68,21.68,21.68,0
2023-06-15,21.68,21.68,21.68,21.68,0
2023-06-16,21.68,21.68,21.68,21.68,0
2023-06-19,21.68,21.68,21.68,21.68,0
2023-06-20,21.68,21.68,21.68,21.68,11
2023-06-21,21.68,21.68,21.68,21.68,1
2023-06-22,21.68,21.68,21.68,21.68,0
2023-06-23,20.45,20.45,20.45,20.45,100
2023-06-26,20.45,20.45,20.45,20.45,0
2023-06-27,20.45,20.45,20.45,20.45,0
2023-06-28,20.45,20.45,20.45,20.45,0
2023-06-29,18.41,22.01,18.41,22.01,200
2023-06-30,22.01,22.01,22.01,22.01,10
2023-07-03,20.7,20.7,20.7,20.7,100
2023-07-04,21.27,21.27,21.27,21.27,100
2023-07-05,21.27,21.27,21.27,21.27,0
2023-07-06,21.68,22.09,21.68,22.09,500
2023-07-07,22.09,22.09,22.09,22.09,0
2023-07-10,20.12,21.11,20.12,21.11,200
2023-07-11,22.01,22.01,21.92,21.92,200
2023-07-12,20.94,20.94,20.94,20.94,100
2023-07-13,21.92,22.01,21.92,22.01,200
2023-07-14,21.11,21.11,21.11,21.11,300
2023-07-17,22.99,23.15,22.99,23.15,400
2023-07-18,25.0,25.18,25.0,25.18,300
2023-07-19,25.18,25.18,25.18,25.18,0
2023-07-20,25.18,25.18,25.18,25.18,200
2023-07-21,25.18,25.18,25.18,25.18,0
2023-07-24,25.18,25.18,25.18,25.18,0
2023-07-25,25.18,25.18,25.18,25.18,0
2023-07-26,25.18,25.18,25.18,25.18,0
2023-07-27,22.71,22.71,22.71,22.71,100
2023-07-28,24.91,24.91,24.91,24.91,200
2023-07-31,22.45,22.45,22.45,22.45,100
2023-08-01,22.45,22.45,22.45,22.45,0
2023-08-02,22.98,22.98,22.98,22.98,100
2023-08-03,23.15,23.15,23.15,23.15,500
2023-08-04,23.15,23.15,23.15,23.15,0
2023-08-07,25.35,25.35,25.35,25.35,200
2023-08-08,22.89,25.88,22.89,25.88,1100
2023-08-09,26.41,26.41,26.41,26.41,100
2023-08-10,23.77,27.29,23.77,27.29,200
2023-08-11,24.56,24.56,24.56,24.56,100
2023-08-14,24.56,24.56,24.56,24.56,0
2023-08-15,24.56,24.56,24.56,24.56,28
2023-08-16,24.56,24.56,24.56,24.56,0
2023-08-17,24.56,24.56,24.56,24.56,0
2023-08-18,23.06,23.06,23.06,23.06,300
2023-08-21,25.35,25.35,25.35,25.35,200
2023-08-22,22.89,22.89,22.89,22.89,128
2023-08-23,24.3,25.18,24.3,25.18,200
2023-08-24,25.18,25.18,25.18,25.18,0
2023-08-25,25.18,25.18,25.18,25.18,0
2023-08-28,25.18,25.18,25.18,25.18,0
2023-08-29,22.71,22.71,22.71,22.71,100
2023-08-30,22.71,22.71,22.71,22.71,0
2023-08-31,22.71,22.71,22.71,22.71,0
2023-09-05,22.71,22.71,22.71,22.71,72
2023-09-06,22.71,22.71,22.71,22.71,0
2023-09-07,22.98,22.98,22.98,22.98,100
2023-09-08,24.82,24.82,24.74,24.74,600
2023-09-11,22.27,25.18,22.27,25.18,500
2023-09-12,22.71,27.64,22.71,27.64,200
2023-09-13,24.91,24.91,24.91,24.91,100
2023-09-14,24.91,24.91,24.91,24.91,0
2023-09-15,22.62,27.38,22.62,27.38,200
2023-09-18,24.65,24.65,24.65,24.65,100
2023-09-19,24.65,24.65,24.65,24.65,0
2023-09-20,22.54,25.18,22.54,25.18,250
2023-09-21,23.06,25.18,23.06,25.18,200
2023-09-22,23.06,25.09,23.06,25.09,200
2023-09-25,22.98,22.98,22.98,22.98,100
2023-09-26,22.98,22.98,22.98,22.98,0
2023-09-27,22.98,22.98,22.98,22.98,0
2023-09-28,22.98,22.98,22.98,22.98,9
2023-09-29,21.83,21.83,21.83,21.83,100
2023-10-02,23.77,23.77,23.77,23.77,500
2023-10-03,23.77,23.77,23.77,23.77,0
2023-10-04,22.1,22.1,22.1,22.1,100
2023-10-05,22.1,22.1,22.1,22.1,0
2023-10-06,23.77,23.77,23.77,23.77,100
2023-10-09,22.18,22.18,22.18,22.18,100
2023-10-10,23.77,24.38,23.77,24.38,400
2023-10-11,22.54,22.54,22.54,22.54,100
2023-10-12,22.54,22.54,22.54,22.54,0
2023-10-13,22.54,22.54,22.54,22.54,59
2023-10-16,22.54,22.54,22.54,22.54,0
2023-10-17,22.54,22.54,22.54,22.54,0
2023-10-18,22.54,22.54,22.54,22.54,0
2023-10-19,22.01,22.01,22.01,22.01,100
2023-10-20,22.01,22.01,22.01,22.01,0
2023-10-23,22.01,22.01,22.01,22.01,0
2023-10-24,23.68,23.68,23.68,23.68,100
2023-10-25,22.1,22.1,22.1,22.1,100
2023-10-26,22.98,22.98,22.1,22.1,600
2023-10-27,22.1,22.1,22.1,22.1,0
2023-10-30,22.1,22.1,22.1,22.1,0
2023-10-31,22.1,22.1,22.1,22.1,0
2023-11-01,20.78,20.78,20.78,20.78,100
2023-11-02,22.54,22.62,22.54,22.62,600
2023-11-03,22.71,22.71,22.71,22.71,100
2023-11-06,22.71,22.71,22.71,22.71,0
2023-11-07,22.71,22.71,22.71,22.71,0
2023-11-08,23.94,23.94,23.94,23.94,100
2023-11-09,22.89,22.89,22.89,22.89,600
2023-11-10,22.89,22.89,22.89,22.89,0
2023-11-13,22.89,22.89,22.89,22.89,0
2023-11-14,23.59,23.59,23.59,23.59,100
2023-11-15,23.59,23.59,23.59,23.59,0
2023-11-16,23.59,23.59,23.59,23.59,0
2023-11-17,23.59,23.59,23.59,23.59,600
2023-11-20,21.66,21.66,21.66,21.66,100
2023-11-21,21.66,21.66,21.66,21.66,0
2023-11-22,21.66,21.66,21.66,21.66,0
2023-11-23,23.42,23.42,23.42,23.42,100
2023-11-24,21.74,21.74,21.74,21.74,100
2023-11-27,21.74,21.74,21.74,21.74,0
2023-11-28,21.74,21.74,21.74,21.74,0
2023-11-29,23.33,23.33,23.06,23.06,500
2023-11-30,23.06,23.06,23.06,23.06,0
2023-12-01,23.06,23.06,23.06,23.06,0
2023-12-04,23.06,23.06,23.06,23.06,0
2023-12-05,23.06,23.06,23.06,23.06,10
2023-12-06,23.06,23.06,23.06,23.06,0
2023-12-07,23.06,23.06,23.06,23.06,0
2023-12-08,23.06,23.06,23.06,23.06,0
2023-12-11,23.5,23.68,23.5,23.68,600
2023-12-12,23.86,23.94,23.86,23.94,600
2023-12-13,22.1,24.03,22.1,24.03,200
2023-12-14,22.98,23.33,22.89,22.89,10100
2023-12-15,22.89,22.89,22.89,22.89,0
2023-12-18,22.89,22.89,22.89,22.89,0
2023-12-19,22.89,22.89,22.89,22.89,0
2023-12-20,22.89,22.89,22.89,22.89,0
2023-12-21,24.03,24.03,24.03,24.03,100
2023-12-22,24.03,24.03,24.03,24.03,0
2023-12-25,24.03,24.03,24.03,24.03,0
2023-12-26,24.03,24.03,24.03,24.03,100
2023-12-27,24.03,24.03,24.03,24.03,0
2023-12-28,24.03,24.03,24.03,24.03,0
2023-12-29,24.03,24.03,24.03,24.03,1
2024-01-02,24.03,24.03,24.03,24.03,0
2024-01-03,24.03,24.03,24.03,24.03,17
2024-01-04,24.03,24.03,24.03,24.03,0
2024-01-05,24.03,24.03,24.03,24.03,0
2024-01-08,25.88,25.88,25.88,25.88,1000
2024-01-09,23.33,23.33,23.33,23.33,100
2024-01-10,24.21,24.21,23.77,23.77,1100
2024-01-11,23.77,23.77,23.77,23.77,0
2024-01-12,23.77,23.77,23.77,23.77,0
2024-01-15,23.77,23.77,23.77,23.77,0
2024-01-16,23.94,23.94,23.77,23.77,200
2024-01-17,22.45,23.86,22.45,23.86,700
2024-01-18,23.86,23.86,23.86,23.86,100
2024-01-19,23.86,23.86,23.86,23.86,0
2024-01-22,23.86,23.86,23.86,23.86,200
2024-01-23,23.86,23.86,23.86,23.86,0
2024-01-24,23.86,23.86,23.86,23.86,0
2024-01-25,26.23,26.23,26.23,26.23,200
2024-01-26,23.68,23.68,23.68,23.68,100
2024-01-29,24.03,24.03,24.03,24.03,300
2024-01-30,24.03,24.03,24.03,24.03,0
2024-01-31,24.03,24.03,22.62,22.62,1700
2024-02-01,21.66,21.66,20.78,20.78,200
2024-02-02,22.8,22.8,22.8,22.8,200
2024-02-05,21.57,21.57,20.86,20.86,200
2024-02-06,22.89,22.89,22.89,22.89,100
2024-02-07,21.3,22.89,21.3,21.39,301
2024-02-15,21.39,21.39,21.39,21.39,0
2024-02-16,21.83,21.83,21.83,21.83,147
2024-02-19,22.89,22.89,22.89,22.89,100
2024-02-20,22.89,22.89,22.89,22.89,0
2024-02-21,22.89,22.89,22.89,22.89,1
2024-02-22,22.89,22.89,22.89,22.89,0
2024-02-23,22.89,22.89,22.89,22.89,0
2024-02-26,22.89,22.89,22.89,22.89,0
2024-02-27,20.6,20.6,20.6,20.6,134
2024-02-28,20.6,20.6,20.6,20.6,0
2024-02-29,20.6,20.6,20.6,20.6,0
2024-03-01,20.6,20.6,20.6,20.6,0
2024-03-04,20.6,20.6,20.6,20.6,0
2024-03-05,22.62,22.62,22.62,22.62,102
2024-03-06,22.62,24.65,22.62,23.94,1000
2024-03-07,24.21,24.21,24.21,24.21,1002
2024-03-08,22.01,22.89,22.01,22.89,210
2024-03-11,22.89,22.89,22.89,22.89,0
2024-03-12,22.89,22.89,22.89,22.89,1
2024-03-13,22.89,22.89,22.89,22.89,0
2024-03-14,22.89,22.89,22.89,22.89,1
2024-03-15,22.89,22.89,22.89,22.89,0
2024-03-18,22.89,22.89,22.89,22.89,10
2024-03-19,22.89,22.89,22.89,22.89,0
2024-03-20,22.89,22.89,22.89,22.89,0
2024-03-21,22.89,22.89,22.89,22.89,0
2024-03-22,24.12,24.12,24.12,24.12,600
2024-03-25,22.01,22.01,22.01,22.01,100
2024-03-26,22.01,22.01,22.01,22.01,0
2024-03-27,23.94,24.21,23.94,24.21,2300
2024-03-28,24.21,24.82,24.21,24.82,3200
2024-03-29,24.91,24.91,24.91,24.91,500
2024-04-01,24.91,24.91,24.91,24.91,24
2024-04-02,22.71,22.71,22.62,22.62,1900
2024-04-03,22.62,22.62,22.62,22.62,0
2024-04-04,22.62,22.62,22.62,22.62,0
2024-04-05,22.62,22.62,22.62,22.62,0
2024-04-08,22.62,22.62,22.62,22.62,1
2024-04-09,24.3,24.3,24.3,24.3,100
2024-04-10,22.54,25.53,22.54,25.53,200
2024-04-11,23.06,23.06,23.06,23.06,207
2024-04-12,24.3,25.26,24.3,25.26,1100
2024-04-15,23.06,25.26,23.06,25.26,200
2024-04-16,22.98,24.21,22.98,24.21,701
2024-04-17,23.06,25.09,23.06,25.09,300
2024-04-19,25.35,25.44,25.35,25.44,3002
2024-04-22,25.44,26.23,23.33,26.23,3300
2024-04-23,23.86,23.86,23.86,23.86,101
2024-04-24,23.86,23.86,23.86,23.86,0
2024-04-25,23.15,23.15,23.15,23.15,100
2024-04-26,23.15,23.15,23.06,23.06,1300
2024-05-02,23.5,23.5,23.5,23.5,105
2024-05-03,23.5,23.5,23.5,23.5,4
2024-05-06,23.5,23.5,23.5,23.5,0
2024-05-07,23.5,23.5,23.5,23.5,0
2024-05-08,23.5,23.5,23.5,23.5,0
2024-05-09,23.5,24.38,23.5,23.77,2600
2024-05-10,23.77,23.77,23.77,23.77,0
2024-05-13,23.77,23.77,23.77,23.77,0
2024-05-14,23.77,23.77,23.77,23.77,0
2024-05-15,23.59,23.59,23.59,23.59,400
2024-05-16,23.59,23.59,23.59,23.59,0
2024-05-17,23.77,24.56,23.06,24.03,3400
2024-05-20,23.59,23.59,23.59,23.59,300
2024-05-21,23.94,25.62,23.86,23.94,556
2024-05-22,23.94,23.94,23.94,23.94,0
2024-05-23,23.94,23.94,23.94,23.94,0
2024-05-24,24.03,24.03,23.94,23.94,1000
2024-05-27,23.94,23.94,23.94,23.94,0
2024-05-28,22.89,22.89,22.89,22.89,100
2024-05-29,22.89,22.89,22.89,22.89,110
2024-05-30,23.06,23.06,23.06,23.06,507
2024-05-31,23.06,23.06,23.06,23.06,1
2024-06-03,23.06,23.06,23.06,23.06,0
2024-06-04,23.06,23.06,23.06,23.06,0
2024-06-05,23.06,23.06,23.06,23.06,20
2024-06-06,23.42,23.42,23.42,23.42,100
2024-06-07,23.42,23.42,23.42,23.42,0
2024-06-10,25.62,25.62,23.94,23.94,400
2024-06-11,23.94,23.94,23.94,23.94,0
2024-06-12,23.94,23.94,23.94,23.94,0
2024-06-13,22.89,24.65,22.89,24.65,200
2024-06-14,23.42,23.42,23.42,23.42,100
2024-06-17,25.35,25.71,24.47,24.47,2900
2024-06-18,24.47,24.47,24.47,24.47,0
2024-06-19,24.65,24.65,24.65,24.65,100
2024-06-20,24.65,24.65,24.65,24.65,0
2024-06-21,27.11,27.11,27.11,27.11,2700
2024-06-24,29.75,29.75,26.76,29.05,901
2024-06-25,29.05,29.05,27.29,27.29,263
2024-06-26,24.82,25.35,24.82,25.35,200
2024-06-27,25.35,25.35,25.35,25.35,0
2024-06-28,25.35,25.35,25.35,25.35,0
2024-07-01,25.35,25.35,25.35,25.35,0
2024-07-02,25.35,25.35,25.35,25.35,0
2024-07-03,25.35,25.35,25.35,25.35,0
2024-07-04,27.82,27.82,27.82,27.82,200
2024-07-05,25.35,30.37,25.35,25.44,300
2024-07-08,25.44,25.44,25.44,25.44,100
2024-07-09,26.41,27.91,25.71,27.91,1100
2024-07-10,25.35,25.35,25.35,25.35,180
2024-07-11,25.35,25.35,25.35,25.35,0
2024-07-12,25.35,25.35,25.35,25.35,0
2024-07-15,23.86,25.62,23.86,25.62,800
2024-07-16,25.62,25.62,25.62,25.62,0
2024-07-17,25.62,25.62,25.62,25.62,3500
2024-07-18,25.71,25.71,25.71,25.71,100
2024-07-19,28.26,28.26,28.26,28.26,101
2024-07-22,25.44,30.55,25.44,30.55,214
2024-07-23,27.55,29.75,27.55,29.75,3867
2024-07-24,29.75,29.75,29.75,29.75,0
2024-07-25,26.85,29.67,26.85,29.67,205
2024-07-26,26.85,30.63,26.85,30.63,207
2024-07-29,27.64,30.46,27.64,30.46,1204
2024-07-30,27.64,30.46,27.64,30.46,203
2024-07-31,27.64,29.84,27.64,29.84,3203
2024-08-01,27.64,29.75,26.94,29.58,1501
2024-08-02,29.49,29.49,29.49,29.49,200
2024-08-05,26.94,26.94,26.85,26.85,314
2024-08-06,24.82,25.0,24.82,25.0,600
2024-08-07,27.47,27.47,27.47,27.47,101
2024-08-08,25.18,29.93,25.18,29.93,200
2024-08-09,30.55,30.63,26.94,30.63,305
2024-08-12,27.82,30.55,27.82,30.55,207
2024-08-13,27.55,30.37,27.55,30.37,200
2024-08-14,27.38,30.37,27.38,30.37,205
2024-08-15,27.38,28.17,27.38,28.17,204
2024-08-16,30.63,30.63,30.63,30.63,100
2024-08-19,27.64,29.84,27.64,29.84,1345
2024-08-20,27.03,29.84,27.03,29.84,201
2024-08-21,27.2,29.84,27.2,29.84,203
2024-08-22,27.2,29.93,27.2,29.93,300
2024-08-23,29.93,29.93,29.93,29.93,1
2024-08-26,27.29,28.96,27.29,28.96,200
2024-08-27,28.96,28.96,26.5,28.87,302
2024-08-28,27.29,28.87,27.29,28.79,1336
2024-08-29,27.55,28.52,27.55,28.52,202
2024-08-30,27.73,29.67,27.55,28.52,11903
2024-09-04,30.55,30.55,27.11,30.55,1421
2024-09-05,27.73,30.63,27.73,28.26,900
2024-09-06,28.26,28.26,27.91,28.26,1901
2024-09-09,28.26,28.52,28.08,28.17,7100
2024-09-10,27.38,29.49,27.38,27.73,3005
2024-09-11,27.26,28.39,26.41,26.41,3119
2024-09-12,26.6,28.11,26.41,27.92,764
2024-09-13,25.57,27.35,25.57,27.35,210
2024-09-16,27.17,27.17,27.17,27.17,101
2024-09-17,26.79,26.79,26.79,26.79,1101
2024-09-18,26.41,27.35,26.13,27.17,6502
2024-09-19,27.64,27.64,27.64,27.64,101
2024-09-20,27.54,28.11,27.54,27.64,2115
2024-09-23,27.26,27.54,25.47,27.54,1700
2024-09-24,25.66,27.45,25.57,27.45,1732
2024-09-25,26.98,26.98,26.04,26.51,1200
2024-09-26,25.57,25.57,25.47,25.47,2105
2024-09-27,25.57,25.57,25.57,25.57,203
2024-09-30,25.66,25.66,25.66,25.66,282
2024-10-01,25.76,25.76,25.76,25.76,100
2024-10-02,26.32,26.51,25.85,25.85,3680
2024-10-03,25.85,25.85,25.85,25.85,100
2024-10-04,25.85,26.7,25.47,26.7,3301
2024-10-07,25.66,25.66,25.66,25.66,114
2024-10-08,25.76,25.76,25.76,25.76,101
2024-10-09,26.7,26.7,25.85,25.85,1202
2024-10-10,25.85,25.85,25.85,25.85,1000
2024-10-11,25.38,26.32,25.38,26.32,200
2024-10-14,26.32,26.32,26.32,26.32,103
2024-10-15,26.32,26.32,26.32,26.32,0
2024-10-16,25.38,26.32,25.38,26.32,300
2024-10-17,25.47,26.51,25.47,26.41,7100
2024-10-18,26.32,26.32,26.32,26.32,100
2024-10-21,26.51,26.7,25.94,25.94,1700
2024-10-22,26.23,26.23,26.23,26.23,100
2024-10-23,26.23,26.23,26.23,26.23,0
2024-10-24,26.23,26.23,26.23,26.23,0
2024-10-25,25.0,26.23,25.0,26.23,200
2024-10-28,26.23,26.23,26.23,26.23,1
2024-10-29,26.23,26.23,26.23,26.23,700
2024-10-30,26.23,27.45,25.57,25.57,1001
2024-10-31,25.57,25.57,25.57,25.57,2
2024-11-01,25.29,25.29,25.19,25.19,301
2024-11-04,25.19,25.19,25.19,25.19,1
2024-11-05,26.04,26.23,25.29,25.29,3909
2024-11-06,25.29,25.29,25.29,25.29,0
2024-11-07,23.69,25.29,23.69,25.29,209
2024-11-08,25.29,26.23,24.72,24.72,1600
2024-11-11,25.38,26.13,25.1,25.1,3401
2024-11-12,25.1,25.1,25.1,25.1,2
2024-11-13,26.04,26.13,25.19,25.19,2700
2024-11-14,25.19,25.19,25.19,25.19,6
2024-11-15,25.19,25.19,25.19,25.19,0
2024-11-18,25.19,25.19,25.19,25.19,5
2024-11-19,25.47,25.47,25.47,25.47,100
2024-11-20,26.23,26.32,25.76,26.32,2100
2024-11-21,26.32,26.32,26.32,26.32,0
2024-11-22,25.0,25.0,25.0,25.0,100
2024-11-25,27.17,27.17,27.17,27.17,100
2024-11-26,25.29,25.29,25.29,25.29,100
2024-11-27,25.29,25.29,25.29,25.29,1
2024-11-28,25.29,25.29,25.29,25.29,0
2024-11-29,25.29,25.29,25.29,25.29,20
2024-12-02,24.06,27.17,24.06,27.17,314
2024-12-03,25.0,25.0,25.0,25.0,113
2024-12-04,25.0,25.0,25.0,25.0,0
2024-12-05,26.13,26.32,25.1,25.1,3500
2024-12-06,25.1,25.1,25.1,25.1,8
2024-12-09,26.04,26.04,26.04,26.04,119
2024-12-10,25.38,25.38,25.38,25.38,100
2024-12-11,25.38,25.38,25.38,25.38,11
2024-12-12,24.44,25.76,24.44,24.63,1300
2024-12-13,26.13,26.13,25.0,25.0,900
2024-12-16,25.1,25.1,25.1,25.1,607
2024-12-17,25.47,25.47,25.47,25.47,105
2024-12-18,25.47,25.47,25.47,25.47,0
2024-12-19,25.47,25.47,25.47,25.47,0
2024-12-20,25.47,25.47,25.47,25.47,41
2024-12-23,25.47,25.47,25.47,25.47,0
2024-12-24,25.47,25.47,25.47,25.47,6
2024-12-25,25.47,25.47,25.47,25.47,0
2024-12-26,25.47,25.47,25.47,25.47,0
2024-12-27,25.47,25.47,25.47,25.47,0
2024-12-30,25.47,26.13,25.47,25.57,900
2024-12-31,25.57,25.57,25.19,25.19,300
2025-01-02,24.72,24.72,24.72,24.72,100
2025-01-03,24.72,24.72,24.72,24.72,0
2025-01-06,24.72,24.72,24.72,24.72,0
2025-01-07,24.72,24.72,24.72,24.72,500
2025-01-08,24.72,24.72,24.72,24.72,0
2025-01-09,24.72,24.72,24.72,24.72,0
2025-01-10,24.72,24.72,24.72,24.72,0
2025-01-13,24.72,24.72,24.72,24.72,0
2025-01-14,26.6,27.17,26.6,27.17,200
2025-01-15,24.91,27.07,24.91,27.07,200
2025-01-16,25.47,27.07,25.47,27.07,200
2025-01-17,27.26,27.26,27.26,27.26,200
2025-01-20,27.26,27.26,27.26,27.26,400
2025-01-21,25.94,27.26,25.94,27.26,300
2025-01-22,27.17,27.17,27.17,27.17,400
2025-01-23,27.17,27.17,27.17,27.17,1
2025-01-24,27.17,27.17,27.17,27.17,3
2025-02-03,27.26,27.26,27.17,27.17,1101
2025-02-04,27.17,27.17,27.17,27.17,0
2025-02-05,27.17,27.17,27.17,27.17,1
2025-02-06,27.26,27.26,27.26,27.26,301
2025-02-07,27.26,27.26,27.26,27.26,0
2025-02-10,27.45,27.45,27.45,27.45,101
2025-02-11,27.45,27.45,27.45,27.45,200
2025-02-12,27.73,27.73,27.73,27.73,800
2025-02-13,27.64,27.64,27.64,27.64,100
2025-02-14,27.64,27.64,27.64,27.64,2301
2025-02-17,27.73,27.73,27.73,27.73,100
2025-02-18,27.73,27.73,27.73,27.73,100
2025-02-19,27.73,27.73,27.73,27.73,0
2025-02-20,27.92,28.01,27.92,28.01,400
2025-02-21,28.01,28.01,28.01,28.01,300
2025-02-24,28.01,28.01,28.01,28.01,1
2025-02-25,28.01,28.01,28.01,28.01,0
2025-02-26,27.92,27.92,27.92,27.92,139
2025-02-27,27.92,27.92,27.73,27.73,450
2025-02-28,27.73,27.73,27.73,27.73,4
2025-03-03,25.94,25.94,25.94,25.94,139
2025-03-04,25.94,25.94,25.94,25.94,1
2025-03-05,25.94,25.94,25.94,25.94,0
2025-03-06,25.94,25.94,25.94,25.94,0
2025-03-07,25.94,25.94,25.94,25.94,12
2025-03-10,25.94,25.94,25.94,25.94,0
2025-03-11,28.2,28.48,26.51,26.6,5700
2025-03-12,26.6,26.6,26.6,26.6,0
2025-03-13,26.6,26.6,26.6,26.6,0
2025-03-14,26.6,26.6,26.6,26.6,0
2025-03-17,26.6,26.6,26.6,26.6,0
2025-03-18,26.6,26.6,26.6,26.6,0
2025-03-19,26.6,26.6,26.6,26.6,0
2025-03-20,26.6,26.6,26.6,26.6,0
2025-03-21,26.6,26.6,26.6,26.6,0
2025-03-24,28.11,28.2,28.11,28.2,400
2025-03-25,28.11,28.11,28.11,28.11,400
2025-03-26,28.2,28.2,27.92,27.92,300
2025-03-27,28.2,28.2,28.2,28.2,700
2025-03-28,28.2,28.2,28.2,28.2,0
2025-03-31,28.2,28.2,28.2,28.2,0
2025-04-01,28.2,28.2,28.2,28.2,0
2025-04-02,27.26,28.2,27.26,28.2,900
2025-04-03,25.66,25.66,25.66,25.66,100
2025-04-04,24.44,28.2,24.44,25.29,3801
2025-04-08,25.76,27.73,25.76,26.41,7700
2025-04-09,26.41,26.41,24.35,24.35,400
2025-04-10,24.35,24.35,24.35,24.35,0
2025-04-11,24.35,24.35,24.35,24.35,0
2025-04-14,26.6,26.7,26.6,26.7,400
2025-04-15,26.7,26.7,26.7,26.7,20
2025-04-16,24.63,24.63,24.63,24.63,100
2025-04-17,27.07,27.07,24.35,24.35,3700
2025-04-18,26.7,26.7,24.72,24.72,200
2025-04-21,24.72,24.72,24.72,24.72,0
2025-04-22,24.72,24.72,24.72,24.72,0
2025-04-23,24.72,24.72,24.72,24.72,0
2025-04-24,27.17,27.17,24.35,24.35,200
2025-04-25,24.35,24.35,24.35,24.35,0
2025-04-28,24.35,24.35,24.35,24.35,0
2025-04-29,24.35,24.35,24.35,24.35,0
2025-05-05,24.35,24.35,24.35,24.35,0
2025-05-06,24.35,24.35,24.35,24.35,0
2025-05-07,24.35,24.35,24.35,24.35,0
2025-05-08,24.35,24.35,24.35,24.35,0
2025-05-09,24.35,24.35,24.35,24.35,0
2025-05-12,23.69,23.69,23.69,23.69,100
2025-05-13,23.69,23.69,23.69,23.69,0
2025-05-14,23.78,26.04,23.78,26.04,2100
2025-05-15,27.07,27.45,27.07,27.45,1001
2025-05-16,25.0,27.26,25.0,27.26,300
2025-05-19,27.73,27.73,27.73,27.73,400
2025-05-20,25.47,25.47,25.47,25.47,100
2025-05-21,25.47,25.47,25.47,25.47,10
2025-05-22,25.47,25.47,25.47,25.47,0
2025-05-23,27.45,27.45,27.45,27.45,200
2025-05-26,27.26,27.26,27.26,27.26,401
2025-05-27,25.47,25.47,25.47,25.47,110
2025-05-28,25.47,25.47,25.47,25.47,1
2025-05-29,25.47,25.47,25.47,25.47,0
2025-05-30,25.47,25.47,25.47,25.47,0
2025-06-02,27.35,27.73,27.35,27.73,410
2025-06-03,27.73,27.73,27.73,27.73,0
2025-06-04,27.73,27.73,27.73,27.73,0
2025-06-05,27.73,27.73,27.73,27.73,1
2025-06-06,27.35,27.35,27.35,27.35,600
2025-06-09,27.35,27.35,27.35,27.35,0
2025-06-10,27.35,27.35,27.35,27.35,0
2025-06-11,27.35,27.35,27.35,27.35,0
2025-06-12,27.35,27.35,27.35,27.35,0
2025-06-13,27.35,27.35,27.35,27.35,0
2025-06-16,27.35,27.35,27.35,27.35,0
2025-06-17,27.35,27.35,27.35,27.35,0
2025-06-18,27.35,27.35,27.35,27.35,0
2025-06-19,27.73,28.48,27.73,28.48,1200
2025-06-20,28.48,28.48,28.48,28.48,700
2025-06-23,28.48,28.48,28.48,28.48,0
2025-06-24,28.48,28.48,28.48,28.48,0
2025-06-25,28.2,28.2,28.2,28.2,1000
2025-06-26,25.85,25.85,25.85,25.85,501
2025-06-27,25.85,25.85,25.85,25.85,0
2025-06-30,25.85,25.85,25.85,25.85,0
2025-07-01,25.85,25.85,25.85,25.85,0
2025-07-02,25.85,25.85,25.85,25.85,0
2025-07-03,25.85,25.85,25.85,25.85,0
2025-07-04,27.26,27.45,27.26,27.45,500
2025-07-07,27.45,27.45,27.45,27.45,0
2025-07-08,27.45,27.45,27.45,27.45,0
2025-07-09,27.45,27.45,27.45,27.45,0
2025-07-10,27.45,27.45,27.45,27.45,0
2025-07-11,27.45,27.45,27.45,27.45,0
2025-07-14,27.45,27.45,27.45,27.45,0
2025-07-15,27.45,27.45,27.45,27.45,0
2025-07-16,27.45,27.45,27.45,27.45,59
2025-07-17,27.45,27.45,27.45,27.45,2400
2025-07-18,25.47,25.47,25.47,25.47,1300
2025-07-21,25.47,25.47,25.47,25.47,1
2025-07-22,25.38,25.38,25.38,25.38,501
2025-07-23,25.38,25.38,25.38,25.38,18
2025-07-24,25.38,25.38,25.38,25.38,0
2025-07-25,25.38,25.38,25.38,25.38,0
2025-07-28,27.73,27.73,27.73,27.73,100
2025-07-29,28.11,28.11,28.11,28.11,400
2025-07-30,28.01,28.01,28.01,28.01,200
2025-07-31,28.01,28.01,27.82,27.82,400
2025-08-01,27.82,27.82,27.82,27.82,0
2025-08-04,27.82,27.82,27.82,27.82,0
2025-08-05,28.01,28.11,28.01,28.11,2100
2025-08-06,28.11,28.11,28.11,28.11,700
2025-08-07,28.11,30.83,28.11,30.83,5800
2025-08-08,30.93,30.93,27.82,27.82,2205
2025-08-11,27.82,27.82,27.82,27.82,16
2025-08-12,27.82,27.82,27.82,27.82,0
2025-08-13,27.82,27.82,27.82,27.82,0
2025-08-14,27.82,27.82,27.82,27.82,0
2025-08-15,27.82,27.82,27.82,27.82,0
2025-08-18,27.82,27.82,27.82,27.82,0
2025-08-19,27.82,27.82,27.82,27.82,0
2025-08-20,27.82,27.82,27.82,27.82,2
2025-08-21,27.82,27.82,27.82,27.82,0
2025-08-22,27.82,27.82,27.82,27.82,2
2025-08-25,30.55,30.55,25.94,25.94,1094
2025-08-26,25.94,25.94,25.94,25.94,0
2025-08-27,25.94,25.94,25.38,25.38,800
2025-08-28,25.38,25.38,25.38,25.38,0
2025-08-29,27.92,27.92,27.92,27.92,700
2025-09-03,27.92,27.92,27.92,27.92,1
2025-09-04,27.92,27.92,27.92,27.92,0
2025-09-05,29.14,29.14,27.92,27.92,200
2025-09-08,27.92,27.92,27.92,27.92,6
2025-09-09,25.85,27.26,25.85,27.26,200
2025-09-10,27.26,27.26,27.26,27.26,100
2025-09-11,27.26,27.26,27.26,27.26,0
2025-09-12,28.2,28.2,28.2,28.2,150
2025-09-15,28.1,28.1,28.1,28.1,100
2025-09-16,28.1,28.1,28.1,28.1,800
2025-09-17,28.1,28.1,28.1,28.1,53
2025-09-18,29.0,29.0,29.0,29.0,100
2025-09-19,29.0,29.0,29.0,29.0,0
2025-09-22,29.0,29.0,29.0,29.0,0
2025-09-23,29.0,29.0,29.0,29.0,3
2025-09-24,29.0,29.0,29.0,29.0,0
2025-09-25,29.0,29.0,29.0,29.0,0
2025-10-16,26.2,26.2,26.2,26.2,100
