time,open,high,low,close,volume
2014-10-29,7.64,7.64,7.64,7.64,9000
2014-10-30,8.39,8.39,8.39,8.39,100
2014-10-31,9.22,9.22,9.22,9.22,200
2014-11-03,10.13,10.13,10.13,10.13,119000
2014-11-04,10.92,11.14,9.61,10.05,39900
2014-11-05,10.26,11.05,10.26,10.92,62100
2014-11-06,10.61,10.61,9.83,9.83,31000
2014-11-07,10.0,10.05,9.22,9.22,8100
2014-11-10,10.0,10.0,8.6,8.65,12600
2014-11-11,8.34,8.34,7.86,8.3,23400
2014-11-12,7.82,7.86,7.47,7.82,43900
2014-11-13,7.56,8.08,7.47,7.47,37900
2014-11-14,7.47,7.47,7.03,7.25,21400
2014-11-17,7.21,7.38,6.94,7.38,11900
2014-11-18,7.38,7.38,7.03,7.21,7200
2014-11-19,7.16,7.16,6.86,6.86,9400
2014-11-20,7.16,7.51,7.12,7.51,13500
2014-11-21,7.42,7.42,7.03,7.42,11700
2014-11-24,7.21,7.21,7.08,7.08,23000
2014-11-25,6.99,7.21,6.99,6.99,14900
2014-11-26,6.99,6.99,6.64,6.64,16200
2014-11-27,6.64,6.81,6.6,6.81,4500
2014-11-28,6.94,7.12,6.81,7.12,16200
2014-12-01,6.9,7.12,6.51,7.12,113500
2014-12-02,6.81,7.42,6.73,7.42,47300
2014-12-03,7.47,8.17,7.42,8.17,51500
2014-12-04,8.21,8.6,8.17,8.17,55100
2014-12-05,8.12,8.39,7.95,8.3,48000
2014-12-08,8.12,8.52,7.64,7.64,74500
2014-12-09,7.25,7.29,6.9,6.9,35500
2014-12-10,6.9,7.21,6.9,7.21,37800
2014-12-11,7.08,7.08,7.03,7.08,1900
2014-12-12,7.08,7.29,7.08,7.25,4000
2014-12-15,7.34,7.34,7.21,7.29,12500
2014-12-16,7.29,7.29,7.03,7.21,5200
2014-12-17,7.08,7.21,6.81,7.12,35900
2014-12-18,6.42,7.38,6.42,6.99,8100
2014-12-19,7.12,7.16,7.12,7.16,3400
2014-12-22,7.12,7.12,7.12,7.12,100
2014-12-23,6.99,6.99,6.77,6.99,1500
2014-12-24,6.99,7.03,6.73,7.03,7600
2014-12-25,7.03,7.03,6.73,6.73,11500
2014-12-26,6.9,6.99,6.77,6.77,5300
2014-12-29,6.6,6.77,6.55,6.77,10400
2014-12-30,6.6,6.86,6.51,6.86,21000
2014-12-31,6.94,6.94,6.94,6.94,2200
2015-01-05,6.94,6.94,6.68,6.68,7900
2015-01-06,6.81,6.81,6.81,6.81,300
2015-01-07,6.81,6.81,6.81,6.81,3400
2015-01-08,6.9,6.9,6.81,6.81,4700
2015-01-09,6.94,6.94,6.94,6.94,300
2015-01-12,6.6,6.6,6.6,6.6,2000
2015-01-13,6.77,6.81,6.73,6.81,1200
2015-01-14,6.81,6.86,6.73,6.73,1700
2015-01-15,6.64,6.64,6.64,6.64,1700
2015-01-16,6.86,6.86,6.86,6.86,200
2015-01-19,6.68,6.86,6.68,6.86,16400
2015-01-20,6.86,7.34,6.86,7.25,70900
2015-01-21,7.25,7.29,7.08,7.29,300
2015-01-22,7.42,7.6,7.42,7.47,30500
2015-01-23,7.29,7.47,7.29,7.47,14500
2015-01-26,7.47,7.47,7.34,7.47,21000
2015-01-27,7.47,7.47,7.16,7.16,41100
2015-01-28,7.29,7.34,7.29,7.34,2500
2015-01-29,7.38,7.38,6.99,7.38,12200
2015-01-30,7.38,7.38,7.38,7.38,0
2015-02-02,6.99,6.99,6.86,6.86,9500
2015-02-03,6.86,6.86,6.86,6.86,3200
2015-02-04,6.73,6.73,6.51,6.55,29900
2015-02-05,6.51,6.6,6.33,6.6,17400
2015-02-06,6.6,6.68,6.55,6.68,4100
2015-02-09,6.68,6.73,6.64,6.73,2700
2015-02-10,6.68,6.77,6.68,6.77,1500
2015-02-11,6.86,6.99,6.81,6.99,4400
2015-02-12,6.77,6.99,6.77,6.99,1500
2015-02-13,6.99,6.99,6.99,6.99,3700
2015-02-24,7.12,7.12,7.12,7.12,600
2015-02-25,6.94,6.99,6.81,6.81,14700
2015-02-26,6.81,6.81,6.73,6.81,5700
2015-02-27,6.9,6.9,6.86,6.86,6000
2015-03-02,6.86,6.9,6.86,6.9,3000
2015-03-03,6.9,6.99,6.9,6.94,6000
2015-03-04,6.99,6.99,6.94,6.99,6000
2015-03-05,6.99,6.99,6.94,6.99,6000
2015-03-06,6.99,6.99,6.99,6.99,22100
2015-03-09,6.99,7.29,6.99,7.29,13700
2015-03-10,7.29,7.34,7.21,7.21,8500
2015-03-11,7.21,7.25,7.21,7.25,800
2015-03-12,7.16,7.25,7.03,7.25,19100
2015-03-13,7.25,7.25,7.12,7.12,6000
2015-03-16,7.21,7.47,7.21,7.47,5700
2015-03-17,7.42,7.47,7.42,7.47,6300
2015-03-18,7.51,7.86,7.51,7.82,47900
2015-03-19,7.82,7.82,7.82,7.82,0
2015-03-20,7.82,7.82,7.77,7.77,17300
2015-03-23,7.73,7.73,7.64,7.73,12800
2015-03-24,7.42,7.73,7.38,7.73,18600
2015-03-25,7.25,7.73,7.21,7.73,5200
2015-03-26,7.73,7.73,7.73,7.73,0
2015-03-27,7.73,7.73,7.73,7.73,0
2015-03-30,7.29,7.29,7.12,7.12,11600
2015-03-31,7.12,7.38,7.12,7.38,600
2015-04-01,7.42,7.42,7.25,7.34,21600
2015-04-02,7.34,7.51,7.29,7.47,44500
2015-04-03,7.47,7.47,7.38,7.42,19000
2015-04-06,7.51,7.51,7.42,7.42,22200
2015-04-07,7.51,7.51,7.47,7.51,11100
2015-04-08,7.56,7.6,7.51,7.56,40400
2015-04-09,7.6,7.69,7.56,7.64,38700
2015-04-10,7.69,7.86,7.69,7.86,34200
2015-04-13,7.86,7.91,7.77,7.77,24300
2015-04-14,7.77,7.77,7.77,7.77,4600
2015-04-15,8.27,8.27,7.77,7.77,7200
2015-04-16,7.82,7.82,7.53,7.58,8100
2015-04-17,7.82,7.82,7.58,7.58,8400
2015-04-20,7.73,7.73,7.43,7.63,13300
2015-04-21,7.43,7.58,7.43,7.53,4600
2015-04-22,7.58,7.58,7.28,7.53,5700
2015-04-23,7.33,7.48,7.33,7.48,4100
2015-04-24,7.48,7.48,7.28,7.48,1600
2015-04-27,7.09,7.48,7.09,7.48,1800
2015-05-04,7.48,7.48,7.09,7.38,14200
2015-05-05,7.48,7.48,7.14,7.38,4400
2015-05-06,7.18,7.33,7.18,7.33,2100
2015-05-07,7.18,7.38,7.18,7.38,300
2015-05-08,7.43,7.48,7.33,7.38,3000
2015-05-11,7.38,7.38,7.38,7.38,0
2015-05-12,7.48,7.48,7.14,7.38,6000
2015-05-13,7.38,7.38,7.38,7.38,2000
2015-05-14,7.38,7.38,7.38,7.38,1000
2015-05-15,7.38,7.38,7.38,7.38,0
2015-05-18,7.14,7.38,7.14,7.38,700
2015-05-19,7.14,7.38,7.14,7.38,700
2015-05-20,7.14,7.14,7.14,7.14,2600
2015-05-21,7.14,7.14,7.14,7.14,2100
2015-05-22,7.14,7.14,7.14,7.14,3000
2015-05-25,7.14,7.33,7.14,7.18,4500
2015-05-26,7.23,7.28,7.23,7.28,1400
2015-05-27,7.18,7.18,7.18,7.18,4900
2015-05-28,7.18,7.33,7.18,7.33,600
2015-05-29,7.33,7.33,7.33,7.33,0
2015-06-01,7.33,7.33,7.33,7.33,1200
2015-06-02,7.18,7.18,7.14,7.14,2200
2015-06-03,7.18,7.18,7.14,7.14,1600
2015-06-04,7.14,7.14,7.14,7.14,2100
2015-06-05,7.14,7.14,7.14,7.14,0
2015-06-08,6.94,7.04,6.5,6.99,16600
2015-06-09,6.94,7.09,6.94,6.99,5200
2015-06-10,7.04,7.04,6.99,6.99,600
2015-06-11,6.99,6.99,6.99,6.99,200
2015-06-12,6.99,6.99,6.69,6.99,1700
2015-06-15,7.38,7.48,6.99,7.09,13100
2015-06-16,7.38,7.38,7.28,7.28,3700
2015-06-17,7.28,7.28,7.28,7.28,0
2015-06-18,6.94,6.94,6.94,6.94,2100
2015-06-19,7.33,7.33,7.33,7.33,200
2015-06-22,7.82,7.82,7.58,7.63,1100
2015-06-23,7.63,7.63,7.63,7.63,0
2015-06-24,7.63,7.63,7.63,7.63,0
2015-06-25,7.63,7.63,7.63,7.63,0
2015-06-26,7.63,7.63,7.63,7.63,0
2015-06-29,7.63,7.63,7.63,7.63,0
2015-06-30,7.63,7.63,7.63,7.63,0
2015-07-01,7.63,7.63,7.63,7.63,0
2015-07-02,7.63,7.63,7.63,7.63,0
2015-07-03,7.28,7.28,7.28,7.28,300
2015-07-06,7.28,7.28,7.28,7.28,0
2015-07-07,7.28,7.28,7.28,7.28,1000
2015-07-08,7.28,7.28,7.28,7.28,0
2015-07-09,7.09,7.28,7.09,7.28,2200
2015-07-10,7.04,7.09,6.89,7.09,7400
2015-07-13,7.28,7.28,7.28,7.28,100
2015-07-14,7.28,7.28,7.28,7.28,0
2015-07-15,7.28,7.28,7.28,7.28,0
2015-07-16,7.28,7.28,7.28,7.28,0
2015-07-17,7.28,7.28,7.28,7.28,0
2015-07-20,6.69,7.23,6.64,7.23,5100
2015-07-21,7.23,7.23,7.23,7.23,0
2015-07-22,7.14,7.14,7.14,7.14,8000
2015-07-23,7.18,7.23,6.99,7.14,10200
2015-07-24,6.99,7.14,6.99,7.14,3100
2015-07-27,7.18,7.18,7.14,7.14,200
2015-07-28,7.14,7.14,6.99,7.09,6100
2015-07-29,7.09,7.09,6.89,7.09,2300
2015-07-30,7.04,7.09,7.04,7.09,500
2015-07-31,7.09,7.09,7.04,7.04,700
2015-08-03,7.04,7.04,7.04,7.04,200
2015-08-04,7.04,7.09,7.04,7.04,13900
2015-08-05,7.09,7.09,7.04,7.04,300
2015-08-06,7.09,7.23,7.09,7.09,14400
2015-08-07,7.09,7.14,7.09,7.09,1200
2015-08-10,7.14,7.14,7.09,7.09,3100
2015-08-11,7.14,7.14,7.09,7.14,2800
2015-08-12,7.04,7.04,6.99,7.04,7300
2015-08-13,7.09,7.09,7.09,7.09,3200
2015-08-14,7.14,7.14,7.14,7.14,100
2015-08-17,7.14,7.14,6.99,7.09,500
2015-08-18,6.94,7.09,6.94,7.09,300
2015-08-19,7.09,7.09,7.09,7.09,100
2015-08-20,7.09,7.09,7.09,7.09,0
2015-08-21,6.89,7.09,6.89,7.09,11100
2015-08-24,6.89,6.94,6.79,6.94,3800
2015-08-25,6.94,6.94,6.94,6.94,0
2015-08-26,6.99,6.99,6.99,6.99,100
2015-08-27,6.99,6.99,6.99,6.99,0
2015-08-28,6.99,6.99,6.99,6.99,0
2015-08-31,6.99,6.99,6.99,6.99,0
2015-09-01,6.84,6.99,6.84,6.99,1200
2015-09-03,6.89,6.99,6.89,6.99,1500
2015-09-04,6.99,6.99,6.99,6.99,0
2015-09-07,6.99,7.04,6.99,7.04,1300
2015-09-08,7.04,7.04,7.04,7.04,1500
2015-09-09,6.89,6.99,6.89,6.99,400
2015-09-10,6.99,6.99,6.89,6.89,700
2015-09-11,7.04,7.04,7.04,7.04,100
2015-09-14,7.09,7.09,7.09,7.09,400
2015-09-15,6.89,6.99,6.89,6.99,2300
2015-09-16,6.99,6.99,6.89,6.89,2200
2015-09-17,6.89,6.94,6.79,6.94,5400
2015-09-18,6.99,6.99,6.99,6.99,100
2015-09-21,6.94,6.94,6.94,6.94,100
2015-09-22,6.94,6.99,6.94,6.99,800
2015-09-23,6.99,6.99,6.99,6.99,0
2015-09-24,6.84,7.04,6.84,7.04,1200
2015-09-25,7.04,7.04,7.04,7.04,0
2015-09-28,7.04,7.04,6.94,6.94,2700
2015-09-29,6.99,7.14,6.99,7.14,9000
2015-09-30,7.04,7.04,7.04,7.04,3000
2015-10-01,7.04,7.09,7.04,7.09,3700
2015-10-02,7.04,7.04,7.04,7.04,1000
2015-10-05,7.04,7.09,7.04,7.09,1300
2015-10-06,7.09,7.09,7.04,7.09,7500
2015-10-07,7.09,7.14,7.09,7.14,8000
2015-10-08,7.09,7.14,7.09,7.14,2900
2015-10-09,7.09,7.14,7.04,7.14,5200
2015-10-12,7.14,7.14,7.14,7.14,0
2015-10-13,7.14,7.14,7.14,7.14,0
2015-10-14,6.99,7.14,6.99,7.14,3100
2015-10-15,6.99,7.09,6.99,7.09,7100
2015-10-16,7.04,7.14,7.04,7.14,7800
2015-10-19,7.14,7.14,7.09,7.14,8000
2015-10-20,7.14,7.82,7.14,7.38,56800
2015-10-21,7.38,7.87,7.38,7.73,27200
2015-10-22,7.68,7.68,7.58,7.68,8500
2015-10-23,7.68,7.73,7.58,7.68,8500
2015-10-26,7.58,7.63,7.43,7.53,15100
2015-10-27,7.48,7.53,7.43,7.53,3200
2015-10-28,7.58,7.87,7.53,7.77,34400
2015-10-29,7.87,8.32,7.63,8.27,43200
2015-10-30,8.07,8.07,7.82,7.82,13700
2015-11-02,7.82,7.92,7.73,7.73,30000
2015-11-03,7.63,7.92,7.58,7.73,8100
2015-11-04,7.87,7.87,7.77,7.87,3500
2015-11-05,7.77,7.77,7.77,7.77,200
2015-11-06,7.77,7.77,7.63,7.77,11300
2015-11-09,7.68,7.82,7.63,7.82,1500
2015-11-10,7.68,7.68,7.68,7.68,5200
2015-11-11,7.63,7.63,7.58,7.63,13100
2015-11-12,7.58,7.77,7.43,7.77,2700
2015-11-13,7.77,7.77,7.77,7.77,0
2015-11-16,7.63,7.63,7.58,7.58,7000
2015-11-17,7.53,7.73,7.53,7.73,2600
2015-11-18,7.87,7.87,7.63,7.63,6100
2015-11-19,7.58,7.68,7.58,7.68,7000
2015-11-20,7.68,7.73,7.68,7.73,12400
2015-11-23,7.73,7.73,7.73,7.73,500
2015-11-24,7.63,7.73,7.63,7.73,8000
2015-11-25,7.73,7.73,7.63,7.73,8900
2015-11-26,7.73,7.77,7.73,7.77,8800
2015-11-27,8.27,8.27,7.73,7.82,5400
2015-11-30,7.82,7.82,7.82,7.82,0
2015-12-01,7.73,7.73,7.68,7.68,6700
2015-12-02,7.68,7.68,7.68,7.68,100
2015-12-03,7.68,7.73,7.68,7.68,28900
2015-12-04,7.68,7.73,7.68,7.68,21100
2015-12-07,7.77,7.92,7.77,7.92,23300
2015-12-08,7.92,8.27,7.87,8.22,42000
2015-12-09,8.02,8.07,7.92,7.92,27500
2015-12-10,7.97,8.17,7.97,8.07,10000
2015-12-11,8.12,8.22,8.02,8.12,17500
2015-12-14,8.12,8.12,7.77,7.77,4900
2015-12-15,7.82,8.02,7.82,8.02,8300
2015-12-16,8.07,8.07,7.92,7.92,5500
2015-12-17,7.87,8.02,7.87,7.87,27500
2015-12-18,7.87,7.87,7.77,7.77,27000
2015-12-21,7.82,7.97,7.82,7.87,3600
2015-12-22,7.82,7.97,7.77,7.87,12100
2015-12-23,7.92,7.92,7.87,7.87,600
2015-12-24,7.97,8.66,7.97,8.56,100700
2015-12-25,8.51,8.81,8.51,8.61,24300
2015-12-28,8.71,8.81,8.37,8.37,7800
2015-12-29,8.27,8.32,8.12,8.32,16400
2015-12-30,8.32,8.32,8.27,8.32,48200
2015-12-31,8.17,8.22,8.12,8.17,16800
2016-01-04,8.12,8.17,8.02,8.12,18300
2016-01-05,8.07,8.22,8.07,8.22,4100
2016-01-06,8.12,8.17,8.12,8.17,4600
2016-01-07,8.12,8.12,8.02,8.12,4900
2016-01-08,7.97,8.12,7.87,8.02,7300
2016-01-11,8.02,8.02,8.02,8.02,9100
2016-01-12,8.02,8.02,7.97,8.02,4800
2016-01-13,8.02,8.02,7.97,7.97,1800
2016-01-14,7.92,7.97,7.82,7.97,7600
2016-01-15,7.73,7.97,7.73,7.97,1100
2016-01-18,7.77,7.77,7.58,7.73,19100
2016-01-19,7.73,7.77,7.73,7.77,21500
2016-01-20,7.63,7.77,7.58,7.73,8900
2016-01-21,7.73,7.73,7.63,7.68,7100
2016-01-22,7.63,7.73,7.53,7.73,1000
2016-01-25,7.68,7.87,7.68,7.87,14900
2016-01-26,7.87,7.87,7.63,7.82,2000
2016-01-27,7.82,7.82,7.82,7.82,0
2016-01-28,7.73,7.73,7.63,7.63,7100
2016-01-29,7.58,7.77,7.58,7.77,17800
2016-02-01,7.77,7.77,7.68,7.77,3900
2016-02-02,7.77,7.77,7.73,7.77,12400
2016-02-03,7.77,7.77,7.73,7.73,1100
2016-02-04,7.73,7.73,7.73,7.73,0
2016-02-05,7.77,7.87,7.77,7.87,5300
2016-02-15,7.87,7.87,7.73,7.87,1200
2016-02-16,7.77,7.77,7.73,7.77,3000
2016-02-17,7.77,7.92,7.77,7.92,8700
2016-02-18,7.87,7.87,7.87,7.87,2000
2016-02-19,7.87,8.22,7.87,8.12,73200
2016-02-22,8.02,8.27,8.02,8.12,16000
2016-02-23,8.02,8.22,8.02,8.12,16400
2016-02-24,8.07,8.12,8.07,8.07,2800
2016-02-25,8.07,8.12,8.02,8.12,8100
2016-02-26,8.07,8.12,8.07,8.07,900
2016-02-29,8.07,8.07,8.07,8.07,700
2016-03-01,8.02,8.07,8.02,8.07,300
2016-03-02,8.02,8.17,8.02,8.17,23900
2016-03-03,8.07,8.07,7.97,8.07,18200
2016-03-04,8.02,8.02,8.02,8.02,1600
2016-03-07,8.02,8.02,7.97,7.97,5300
2016-03-08,7.92,7.92,7.87,7.92,29100
2016-03-09,7.87,7.87,7.87,7.87,2500
2016-03-10,7.92,8.02,7.92,7.97,4900
2016-03-11,8.02,8.37,8.02,8.22,55300
2016-03-14,8.27,8.27,8.17,8.27,6900
2016-03-15,8.22,8.22,8.07,8.07,8100
2016-03-16,8.07,8.07,8.02,8.07,10900
2016-03-17,8.07,8.07,8.07,8.07,4000
2016-03-18,8.12,8.12,8.02,8.07,13900
2016-03-21,8.27,8.27,8.07,8.07,5700
2016-03-22,8.02,8.12,8.02,8.12,25200
2016-03-23,8.12,8.12,8.02,8.12,24100
2016-03-24,8.07,8.07,8.02,8.02,7100
2016-03-25,8.07,8.37,8.07,8.32,42700
2016-03-28,8.32,8.81,8.32,8.61,24200
2016-03-29,8.61,9.45,8.61,9.35,130900
2016-03-30,9.25,9.4,9.05,9.3,21300
2016-03-31,9.15,9.2,8.46,9.05,22500
2016-04-01,8.76,8.81,8.61,8.66,12100
2016-04-04,8.51,8.66,8.17,8.61,14800
2016-04-05,8.46,8.66,8.37,8.66,1600
2016-04-06,8.86,9.1,8.66,8.66,1800
2016-04-07,8.41,8.61,8.37,8.61,12700
2016-04-08,8.56,8.91,8.41,8.86,9400
2016-04-11,8.96,9.2,8.91,9.15,35600
2016-04-12,8.96,8.96,8.96,8.96,13400
2016-04-13,8.86,8.91,8.61,8.66,29400
2016-04-14,8.71,8.81,8.61,8.66,12800
2016-04-15,8.66,8.66,8.66,8.66,14800
2016-04-19,8.66,8.66,8.51,8.51,11600
2016-04-20,8.32,8.51,8.32,8.37,11600
2016-04-21,8.37,8.71,8.37,8.71,12900
2016-04-22,8.46,8.96,8.46,8.96,15200
2016-04-25,8.61,8.96,8.56,8.56,15100
2016-04-26,8.56,8.56,8.41,8.41,12400
2016-04-27,8.46,8.61,8.46,8.56,9200
2016-04-28,8.61,8.61,8.51,8.56,15300
2016-04-29,8.46,8.61,8.41,8.61,10200
2016-05-04,8.61,9.3,8.61,9.0,86300
2016-05-05,9.05,9.15,8.86,8.86,30900
2016-05-06,9.74,9.74,8.86,8.91,76300
2016-05-09,9.1,9.3,8.91,9.1,53200
2016-05-10,8.91,8.91,8.81,8.81,15500
2016-05-11,8.86,8.86,8.42,8.81,1600
2016-05-12,8.81,8.92,8.64,8.64,3200
2016-05-13,8.64,8.64,8.53,8.53,2100
2016-05-16,8.36,8.36,8.09,8.31,6800
2016-05-17,8.09,8.42,8.03,8.42,12400
2016-05-18,8.42,8.42,8.31,8.31,400
2016-05-19,8.2,8.31,8.2,8.31,1800
2016-05-20,8.48,8.48,8.48,8.48,600
2016-05-23,8.36,8.48,8.36,8.48,500
2016-05-24,8.48,8.59,8.31,8.48,12400
2016-05-25,8.36,8.36,8.36,8.36,2000
2016-05-26,8.48,8.48,8.36,8.36,2400
2016-05-27,8.36,8.36,8.36,8.36,100
2016-05-30,8.31,8.36,8.31,8.31,4500
2016-05-31,8.42,8.42,8.31,8.31,1300
2016-06-01,8.31,8.53,8.31,8.31,14200
2016-06-02,8.42,8.48,8.42,8.48,9500
2016-06-03,8.53,8.53,8.31,8.31,31200
2016-06-06,8.42,8.42,8.25,8.31,18600
2016-06-07,8.31,8.42,8.09,8.09,22100
2016-06-08,8.09,8.2,8.09,8.14,3700
2016-06-09,8.14,8.25,8.14,8.25,7700
2016-06-10,8.42,8.42,8.31,8.36,2700
2016-06-13,8.36,8.36,8.2,8.2,800
2016-06-14,8.14,8.53,8.14,8.25,13600
2016-06-15,8.25,8.48,8.25,8.48,4200
2016-06-16,8.42,8.42,8.25,8.25,24000
2016-06-17,8.42,8.42,8.25,8.42,11400
2016-06-20,8.53,8.53,8.31,8.31,1600
2016-06-21,8.48,8.48,8.31,8.31,16100
2016-06-22,8.36,8.36,8.31,8.31,4100
2016-06-23,8.31,8.42,8.25,8.42,17100
2016-06-24,8.42,8.42,8.03,8.2,23500
2016-06-27,8.31,8.42,8.2,8.2,7900
2016-06-28,8.42,8.42,8.2,8.2,3500
2016-06-29,8.31,8.42,8.25,8.42,31500
2016-06-30,8.42,8.48,8.42,8.42,22100
2016-07-01,8.42,8.42,8.31,8.31,2400
2016-07-04,8.42,8.42,8.25,8.36,12900
2016-07-05,8.42,8.42,8.03,8.42,37900
2016-07-06,8.31,8.31,8.31,8.31,1800
2016-07-07,8.42,8.86,8.2,8.86,87100
2016-07-08,8.86,8.92,8.59,8.81,24900
2016-07-11,8.86,8.86,8.53,8.64,4500
2016-07-12,8.59,8.59,8.53,8.59,3600
2016-07-13,8.75,8.75,8.31,8.53,9800
2016-07-14,8.53,8.53,8.42,8.42,4500
2016-07-15,8.42,8.48,8.36,8.48,25600
2016-07-18,8.48,8.59,8.42,8.59,11200
2016-07-19,8.59,8.59,8.42,8.53,3600
2016-07-20,8.53,8.53,8.31,8.48,10600
2016-07-21,8.36,8.36,7.98,8.14,33800
2016-07-22,8.14,8.14,7.98,8.03,21500
2016-07-25,8.03,8.03,8.03,8.03,0
2016-07-26,8.03,8.25,8.03,8.2,12100
2016-07-27,8.2,8.36,8.2,8.31,12500
2016-07-28,8.09,8.14,8.03,8.14,16300
2016-07-29,8.09,8.09,7.87,8.03,11200
2016-08-01,8.03,8.03,7.92,7.92,5400
2016-08-02,7.87,7.87,7.76,7.87,5400
2016-08-03,7.87,7.87,7.64,7.81,3200
2016-08-04,7.76,7.76,7.64,7.7,5200
2016-08-05,7.7,7.7,7.7,7.7,2200
2016-08-08,7.7,7.7,7.7,7.7,0
2016-08-09,7.76,7.76,7.59,7.64,4600
2016-08-10,7.64,7.7,7.64,7.7,3000
2016-08-11,7.7,7.7,7.59,7.59,2200
2016-08-12,7.48,7.53,7.37,7.42,7400
2016-08-15,7.42,7.42,7.2,7.26,17800
2016-08-16,7.26,7.26,7.2,7.2,9700
2016-08-17,7.42,7.42,7.42,7.42,700
2016-08-18,7.37,7.37,7.09,7.37,10500
2016-08-19,7.26,7.26,7.09,7.09,4500
2016-08-22,7.37,7.42,7.09,7.2,11800
2016-08-23,7.2,7.2,7.09,7.09,2100
2016-08-24,7.09,7.2,7.09,7.09,9300
2016-08-25,7.09,7.15,7.09,7.09,2900
2016-08-26,7.09,7.09,7.09,7.09,200
2016-08-29,7.2,7.2,7.2,7.2,1200
2016-08-30,7.2,7.2,7.2,7.2,0
2016-08-31,7.2,7.2,7.2,7.2,3000
2016-09-01,7.2,7.2,7.2,7.2,200
2016-09-05,7.15,7.15,7.15,7.15,100
2016-09-06,7.26,7.26,7.15,7.15,400
2016-09-07,7.09,7.09,6.87,6.87,1500
2016-09-08,6.81,6.98,6.65,6.7,2000
2016-09-09,6.76,7.09,6.76,7.09,4500
2016-09-12,6.81,7.04,6.81,7.04,5230
2016-09-13,6.7,6.92,6.7,6.92,700
2016-09-14,6.76,6.76,6.65,6.65,10000
2016-09-15,6.65,6.7,6.65,6.65,800
2016-09-16,6.7,6.7,6.7,6.7,1000
2016-09-19,6.7,6.7,6.7,6.7,3000
2016-09-20,6.7,6.7,6.59,6.59,3700
2016-09-21,6.54,6.7,6.43,6.7,5100
2016-09-22,6.48,6.48,6.48,6.48,2400
2016-09-23,6.65,6.65,6.65,6.65,100
2016-09-26,6.59,6.59,6.48,6.54,4000
2016-09-27,6.59,6.59,6.54,6.54,1000
2016-09-28,6.54,6.54,6.48,6.54,7800
2016-09-29,6.43,6.59,6.43,6.59,600
2016-09-30,6.59,6.59,6.43,6.48,6500
2016-10-03,6.54,6.59,6.54,6.59,2000
2016-10-04,6.59,6.59,6.15,6.2,1600
2016-10-05,6.37,6.37,6.31,6.31,1700
2016-10-06,6.48,6.59,6.48,6.59,200
2016-10-07,6.59,6.59,6.59,6.59,0
2016-10-10,6.59,6.59,6.59,6.59,0
2016-10-11,5.98,6.31,5.98,5.98,3900
2016-10-12,6.2,6.31,6.2,6.31,1700
2016-10-13,6.31,6.31,6.31,6.31,0
2016-10-14,6.31,6.31,6.31,6.31,0
2016-10-17,6.31,6.31,6.31,6.31,200
2016-10-18,6.2,6.26,6.2,6.26,1100
2016-10-19,6.15,6.15,6.09,6.09,1200
2016-10-20,5.82,6.15,5.48,6.09,3800
2016-10-21,6.04,6.09,5.93,6.09,300
2016-10-24,6.04,6.09,5.98,6.09,300
2016-10-25,5.98,6.04,5.76,5.98,1800
2016-10-26,5.87,5.87,5.54,5.76,5600
2016-10-27,5.76,5.76,5.76,5.76,0
2016-10-28,5.76,5.76,5.76,5.76,0
2016-10-31,5.54,5.54,5.54,5.54,1400
2016-11-01,5.54,5.54,5.1,5.43,3500
2016-11-02,4.99,5.54,4.93,5.43,2500
2016-11-03,5.15,5.32,4.93,5.32,3400
2016-11-04,5.26,5.26,5.04,5.21,1500
2016-11-07,4.87,5.15,4.82,4.99,5200
2016-11-08,4.65,5.1,4.65,5.04,3400
2016-11-09,4.99,5.04,4.54,4.93,4700
2016-11-10,4.93,4.99,4.6,4.82,3800
2016-11-11,4.99,5.26,4.71,5.21,9000
2016-11-14,5.26,5.26,5.26,5.26,100
2016-11-15,5.26,5.26,5.26,5.26,0
2016-11-16,5.21,5.37,5.21,5.37,1300
2016-11-17,5.37,5.37,5.37,5.37,0
2016-11-18,4.99,5.37,4.99,5.37,300
2016-11-21,5.37,5.37,5.37,5.37,0
2016-11-22,4.93,4.93,4.93,4.93,500
2016-11-23,4.99,4.99,4.99,4.99,1100
2016-11-24,4.99,5.37,4.99,5.04,3500
2016-11-25,5.26,5.26,5.26,5.26,1000
2016-11-28,5.26,5.48,5.26,5.48,800
2016-11-29,5.48,5.48,5.48,5.48,0
2016-11-30,5.48,5.48,5.48,5.48,0
2016-12-01,5.43,5.54,5.43,5.54,3200
2016-12-02,5.43,5.43,5.26,5.26,10200
2016-12-05,5.26,5.48,5.26,5.48,1600
2016-12-06,5.32,5.48,5.32,5.48,1100
2016-12-07,5.48,5.48,5.48,5.48,0
2016-12-08,5.48,5.98,5.48,5.59,17700
2016-12-09,5.59,5.59,5.59,5.59,1300
2016-12-12,5.37,5.37,5.37,5.37,100
2016-12-13,5.37,5.87,5.37,5.82,3900
2016-12-14,5.59,5.59,5.59,5.59,300
2016-12-15,5.59,5.59,5.59,5.59,400
2016-12-16,5.54,5.54,5.54,5.54,2100
2016-12-19,5.54,5.54,5.54,5.54,0
2016-12-20,5.54,5.54,5.54,5.54,0
2016-12-21,5.54,5.54,5.54,5.54,100
2016-12-22,5.54,5.54,5.54,5.54,0
2016-12-23,5.98,5.98,5.98,5.98,100
2016-12-26,5.98,5.98,5.98,5.98,0
2016-12-27,5.98,5.98,5.98,5.98,0
2016-12-28,5.98,5.98,5.98,5.98,0
2016-12-29,5.98,5.98,5.98,5.98,0
2016-12-30,5.98,5.98,5.98,5.98,0
2017-01-03,5.98,5.98,5.98,5.98,0
2017-01-04,5.98,6.04,5.43,6.04,1000
2017-01-05,5.98,6.04,5.65,5.65,4300
2017-01-06,6.09,6.09,6.09,6.09,1100
2017-01-09,6.09,6.09,6.09,6.09,0
2017-01-10,6.09,6.09,6.09,6.09,0
2017-01-11,6.31,6.31,6.09,6.09,200
2017-01-12,6.09,6.09,6.09,6.09,0
2017-01-13,6.09,6.09,6.09,6.09,0
2017-01-16,6.09,6.09,6.09,6.09,0
2017-01-17,6.09,6.09,6.09,6.09,0
2017-01-18,6.54,6.54,6.48,6.54,2500
2017-01-19,6.48,6.54,6.48,6.54,400
2017-01-20,6.54,6.54,6.54,6.54,0
2017-01-23,6.54,6.54,6.54,6.54,200
2017-01-24,6.26,6.26,6.26,6.26,500
2017-01-25,6.09,6.09,5.76,5.76,1100
2017-02-02,5.76,5.76,5.76,5.76,0
2017-02-03,5.76,5.76,5.76,5.76,0
2017-02-06,5.76,5.76,5.76,5.76,100
2017-02-07,5.65,5.65,5.65,5.65,200
2017-02-08,6.04,6.2,5.65,5.87,3500
2017-02-09,5.93,6.37,5.76,5.76,4100
2017-02-10,6.2,6.31,5.43,6.31,3600
2017-02-13,5.93,5.93,5.93,5.93,100
2017-02-14,5.87,5.87,5.87,5.87,400
2017-02-15,5.82,5.82,5.32,5.65,3100
2017-02-16,5.43,5.43,5.43,5.43,100
2017-02-17,5.65,5.76,5.43,5.48,1700
2017-02-20,5.87,5.98,5.48,5.54,3300
2017-02-21,5.48,5.48,5.48,5.48,100
2017-02-22,5.48,5.48,5.43,5.43,2200
2017-02-23,5.76,5.87,5.32,5.48,3400
2017-02-24,5.71,5.76,5.32,5.32,600
2017-02-27,5.76,5.82,5.48,5.54,4500
2017-02-28,5.54,5.54,5.43,5.43,12500
2017-03-01,5.76,5.82,5.43,5.43,1800
2017-03-02,5.54,5.71,5.54,5.71,200
2017-03-03,5.82,5.93,5.54,5.54,4600
2017-03-06,5.65,5.65,5.65,5.65,300
2017-03-07,5.98,5.98,5.98,5.98,300
2017-03-08,5.98,6.09,5.76,5.76,2100
2017-03-09,6.09,6.26,5.71,5.93,5000
2017-03-10,5.87,6.26,5.54,5.54,4500
2017-03-13,5.98,6.09,5.71,5.71,2800
2017-03-14,6.2,6.26,5.54,5.65,8700
2017-03-15,5.65,6.2,5.65,5.65,6400
2017-03-16,6.09,6.2,5.71,6.2,5800
2017-03-17,6.2,6.2,5.98,5.98,5000
2017-03-20,6.09,6.54,5.87,6.09,32200
2017-03-21,6.09,6.09,5.87,5.87,1100
2017-03-22,5.82,6.43,5.71,5.93,6100
2017-03-23,6.48,6.48,5.93,5.93,1417
2017-03-24,6.43,6.48,5.76,5.76,21100
2017-03-27,5.87,6.31,5.82,5.82,8700
2017-03-28,5.93,6.37,5.82,5.82,4317
2017-03-29,6.37,6.37,5.82,5.87,11400
2017-03-30,6.09,6.09,5.87,5.93,900
2017-03-31,6.26,6.48,5.93,6.15,20600
2017-04-03,6.48,6.76,5.98,6.15,17200
2017-04-04,6.09,6.76,6.04,6.26,14800
2017-04-05,6.54,6.87,6.2,6.87,35200
2017-04-07,6.92,6.92,6.31,6.31,1100
2017-04-10,6.81,6.92,6.2,6.2,56300
2017-04-11,6.81,6.81,6.43,6.54,4700
2017-04-12,6.65,6.87,6.43,6.87,400
2017-04-13,6.87,6.87,6.87,6.87,0
2017-04-14,6.81,6.87,6.31,6.87,4300
2017-04-17,6.59,6.59,6.54,6.54,200
2017-04-18,6.37,6.87,6.37,6.87,200
2017-04-19,6.87,6.98,6.37,6.48,4600
2017-04-20,7.09,7.09,6.31,6.31,22300
2017-04-21,6.37,6.92,6.37,6.92,3800
2017-04-24,6.92,6.92,6.92,6.92,0
2017-04-25,6.92,6.92,6.59,6.59,4300
2017-04-26,6.65,6.65,6.65,6.65,100
2017-04-27,6.59,6.59,6.59,6.59,500
2017-04-28,6.59,6.59,6.59,6.59,0
2017-05-03,6.48,6.48,6.09,6.26,11700
2017-05-04,6.87,6.87,6.26,6.87,8600
2017-05-05,6.87,6.87,6.87,6.87,0
2017-05-08,6.87,6.87,6.87,6.87,0
2017-05-09,6.65,6.81,6.48,6.65,9000
2017-05-10,6.65,6.65,6.65,6.65,0
2017-05-11,6.48,6.48,6.48,6.48,300
2017-05-12,6.7,7.09,6.43,6.48,9000
2017-05-15,7.04,7.09,6.54,6.54,23300
2017-05-16,6.54,6.54,6.54,6.54,2600
2017-05-17,6.59,7.15,6.59,6.59,4400
2017-05-18,6.65,7.23,6.59,7.23,77600
2017-05-19,6.94,6.94,6.94,6.94,4100
2017-05-22,6.82,7.57,6.82,7.57,5400
2017-05-23,6.88,6.88,6.82,6.82,2900
2017-05-24,7.4,7.4,6.88,6.88,2100
2017-05-25,6.88,6.88,6.88,6.88,0
2017-05-26,7.0,7.29,6.77,6.82,20400
2017-05-29,6.71,7.46,6.71,6.82,50700
2017-05-30,6.88,6.94,6.88,6.94,5200
2017-05-31,6.82,7.4,6.82,7.4,6100
2017-06-01,7.4,7.4,7.34,7.4,15400
2017-06-02,7.4,7.4,7.4,7.4,0
2017-06-05,7.92,7.92,7.92,7.92,120
2017-06-06,7.23,7.29,7.23,7.29,6000
2017-06-07,6.94,6.94,6.94,6.94,100
2017-06-08,6.94,6.94,6.94,6.94,0
2017-06-09,6.82,6.82,6.82,6.82,120
2017-06-12,7.29,7.29,7.29,7.29,100
2017-06-13,6.94,6.94,6.94,6.94,100
2017-06-14,6.94,6.94,6.94,6.94,0
2017-06-15,6.94,6.94,6.94,6.94,0
2017-06-16,6.94,6.94,6.94,6.94,0
2017-06-19,7.0,7.05,6.88,6.88,8800
2017-06-20,7.0,7.0,7.0,7.0,100
2017-06-21,7.0,7.0,7.0,7.0,0
2017-06-22,7.0,7.4,7.0,7.4,230
2017-06-23,6.94,6.94,6.94,6.94,100
2017-06-26,6.82,7.23,6.82,7.23,1600
2017-06-27,7.23,7.23,7.23,7.23,0
2017-06-28,7.23,7.23,7.23,7.23,0
2017-06-29,6.82,6.82,6.82,6.82,100
2017-06-30,6.88,6.88,6.88,6.88,200
2017-07-03,6.88,6.88,6.88,6.88,0
2017-07-04,6.88,6.88,6.88,6.88,0
2017-07-05,7.4,7.4,6.82,6.82,600
2017-07-06,6.82,6.82,6.82,6.82,0
2017-07-07,6.82,6.82,6.82,6.82,0
2017-07-10,6.82,6.82,6.36,6.36,2200
2017-07-11,6.82,6.82,6.24,6.42,2000
2017-07-12,6.94,7.05,6.53,6.53,4500
2017-07-13,6.82,7.17,6.71,6.71,168500
2017-07-14,6.71,6.71,6.71,6.71,0
2017-07-17,6.71,6.71,6.71,6.71,0
2017-07-18,6.71,6.71,6.71,6.71,0
2017-07-19,6.71,6.71,6.71,6.71,0
2017-07-20,6.77,6.77,6.71,6.71,720
2017-07-21,6.71,6.71,6.71,6.71,0
2017-07-24,6.71,6.71,6.71,6.71,0
2017-07-25,6.71,6.71,6.71,6.71,0
2017-07-26,6.59,6.59,6.59,6.59,200
2017-07-27,6.59,6.59,6.59,6.59,0
2017-07-28,7.0,7.0,7.0,7.0,200
2017-07-31,7.0,7.0,7.0,7.0,0
2017-08-01,6.65,6.65,6.65,6.65,100
2017-08-02,6.65,6.65,6.65,6.65,0
2017-08-03,6.88,7.23,6.71,7.17,49700
2017-08-04,7.17,7.17,7.17,7.17,500
2017-08-07,7.17,7.23,6.71,6.71,75100
2017-08-08,6.88,6.88,6.88,6.88,500
2017-08-09,6.77,6.82,6.65,6.82,4000
2017-08-10,6.82,6.82,6.82,6.82,0
2017-08-11,6.71,6.71,6.71,6.71,100
2017-08-14,6.71,6.71,6.71,6.71,0
2017-08-15,6.71,6.71,6.71,6.71,0
2017-08-16,6.65,6.65,6.24,6.36,5500
2017-08-17,7.0,7.0,5.78,6.48,10800
2017-08-18,6.48,6.48,6.48,6.48,0
2017-08-21,6.48,6.48,6.48,6.48,0
2017-08-22,6.48,6.48,6.48,6.48,0
2017-08-23,6.48,6.48,6.48,6.48,0
2017-08-24,5.84,6.88,5.84,6.88,200
2017-08-25,6.88,6.88,6.88,6.88,0
2017-08-28,6.88,6.88,6.88,6.88,0
2017-08-29,6.88,6.88,6.88,6.88,0
2017-08-30,6.88,6.88,6.88,6.88,0
2017-08-31,6.88,6.88,6.88,6.88,0
2017-09-01,6.88,6.88,6.88,6.88,0
2017-09-05,6.36,6.36,6.24,6.24,5800
2017-09-06,5.9,5.9,5.9,5.9,100
2017-09-07,6.42,6.48,6.42,6.48,400
2017-09-08,7.11,7.11,7.11,7.11,100
2017-09-11,6.42,6.42,6.42,6.42,600
2017-09-12,6.42,6.42,6.13,6.13,10900
2017-09-13,5.96,5.96,5.96,5.96,100
2017-09-14,6.36,6.53,6.36,6.53,200
2017-09-15,6.53,6.53,6.53,6.53,0
2017-09-18,6.19,6.19,6.19,6.19,200
2017-09-19,6.19,6.19,6.19,6.19,0
2017-09-20,6.19,6.19,6.19,6.19,0
2017-09-21,6.48,6.48,6.48,6.48,300
2017-09-22,6.48,6.48,6.48,6.48,0
2017-09-25,6.48,6.48,6.48,6.48,0
2017-09-26,6.48,6.48,6.48,6.48,0
2017-09-27,6.48,6.48,6.48,6.48,0
2017-09-28,6.48,6.48,6.48,6.48,0
2017-09-29,6.48,6.48,6.48,6.48,800
2017-10-02,6.36,6.36,6.36,6.36,500
2017-10-03,6.36,6.36,6.36,6.36,0
2017-10-04,6.36,6.36,6.36,6.36,0
2017-10-05,6.36,6.36,6.36,6.36,0
2017-10-06,6.36,6.36,6.36,6.36,0
2017-10-09,6.36,6.36,6.36,6.36,0
2017-10-10,6.36,6.36,6.36,6.36,0
2017-10-11,6.36,6.36,6.36,6.36,4500
2017-10-12,6.36,6.36,6.36,6.36,0
2017-10-13,6.36,6.36,6.36,6.36,1010
2017-10-16,6.36,6.36,6.36,6.36,100
2017-10-17,6.36,6.36,6.36,6.36,0
2017-10-18,6.36,6.36,6.36,6.36,0
2017-10-19,6.36,6.36,6.36,6.36,0
2017-10-20,6.36,6.36,6.36,6.36,0
2017-10-23,6.36,6.36,6.36,6.36,0
2017-10-24,6.36,6.36,6.36,6.36,0
2017-10-25,6.36,6.36,6.36,6.36,0
2017-10-26,6.36,6.36,6.36,6.36,0
2017-10-27,6.36,6.36,6.36,6.36,0
2017-10-30,6.36,6.36,6.36,6.36,0
2017-10-31,6.36,6.36,6.36,6.36,0
2017-11-01,6.36,6.36,6.36,6.36,0
2017-11-02,6.36,6.36,6.36,6.36,0
2017-11-03,6.36,6.36,6.36,6.36,0
2017-11-06,6.36,6.36,6.36,6.36,0
2017-11-07,6.36,6.36,6.36,6.36,0
2017-11-08,6.36,6.36,6.36,6.36,0
2017-11-09,6.94,6.94,6.94,6.94,16500
2017-11-10,6.94,6.94,6.94,6.94,0
2017-11-13,6.24,6.24,6.24,6.24,5000
2017-11-14,6.24,6.24,6.24,6.24,0
2017-11-15,6.24,6.24,6.24,6.24,0
2017-11-16,6.24,6.24,6.24,6.24,20
2017-11-17,6.24,6.24,6.24,6.24,0
2017-11-20,6.24,6.24,6.24,6.24,100
2017-11-21,6.82,6.82,6.01,6.07,22100
2017-11-22,6.07,6.07,6.07,6.07,0
2017-11-23,6.13,6.13,5.9,6.13,30300
2017-11-24,6.65,6.71,5.9,5.9,4000
2017-11-27,5.96,6.48,5.9,5.9,17500
2017-11-28,6.36,6.48,5.9,5.9,800
2017-11-29,6.36,6.48,5.96,5.96,5400
2017-11-30,6.48,6.53,5.96,6.07,2800
2017-12-01,6.65,6.65,6.13,6.13,15600
2017-12-04,6.13,6.13,6.13,6.13,0
2017-12-05,6.13,6.13,6.13,6.13,0
2017-12-06,6.13,6.13,6.13,6.13,0
2017-12-07,6.71,6.71,6.71,6.71,600
2017-12-08,6.71,6.71,6.71,6.71,0
2017-12-11,6.71,6.71,6.71,6.71,31400
2017-12-12,6.94,6.94,6.94,6.94,5000
2017-12-13,6.94,6.94,6.94,6.94,0
2017-12-14,6.94,6.94,6.94,6.94,4800
2017-12-15,6.94,6.94,6.94,6.94,0
2017-12-18,6.94,6.94,6.94,6.94,0
2017-12-19,7.05,7.63,7.05,7.63,300
2017-12-20,7.4,8.38,7.4,8.38,14500
2017-12-21,8.38,8.38,8.38,8.38,0
2017-12-22,8.67,9.19,8.67,8.96,20500
2017-12-25,8.96,8.96,8.96,8.96,0
2017-12-26,8.96,8.96,8.96,8.96,0
2017-12-27,8.38,8.38,8.38,8.38,27000
2017-12-28,8.38,8.38,8.38,8.38,0
2017-12-29,8.38,8.38,8.38,8.38,0
2018-01-02,8.1,8.96,8.1,8.96,50400
2018-01-03,8.1,9.02,8.1,9.02,32500
2018-01-04,9.02,9.02,9.02,9.02,0
2018-01-05,9.02,9.02,9.02,9.02,0
2018-01-08,9.02,9.02,9.02,9.02,0
2018-01-09,8.96,9.83,8.38,8.38,23100
2018-01-10,8.38,8.38,8.38,8.38,0
2018-01-11,8.38,8.38,8.38,8.38,0
2018-01-12,8.38,8.38,8.38,8.38,0
2018-01-15,8.38,8.38,8.38,8.38,0
2018-01-16,8.38,8.38,8.38,8.38,0
2018-01-17,9.19,9.19,9.19,9.19,2000
2018-01-18,9.19,9.19,9.19,9.19,0
2018-01-19,9.19,9.19,9.19,9.19,0
2018-01-22,9.19,9.19,9.19,9.19,0
2018-01-23,9.19,9.19,9.19,9.19,0
2018-01-24,9.19,9.19,9.19,9.19,0
2018-01-25,9.19,9.19,9.19,9.19,0
2018-01-26,9.19,9.19,9.19,9.19,0
2018-01-29,9.19,9.19,9.19,9.19,0
2018-01-30,9.19,9.19,9.19,9.19,300
2018-01-31,9.19,9.19,9.19,9.19,0
2018-02-01,8.67,8.67,8.33,8.33,4300
2018-02-02,8.33,8.33,8.33,8.33,0
2018-02-05,7.63,7.63,7.63,7.63,100
2018-02-06,7.63,7.63,7.63,7.63,0
2018-02-07,7.63,7.63,7.63,7.63,0
2018-02-08,7.63,7.63,7.63,7.63,0
2018-02-09,6.88,6.88,6.88,6.88,200
2018-02-12,6.88,6.88,6.88,6.88,0
2018-02-13,6.88,6.88,6.88,6.88,0
2018-02-21,6.88,6.88,6.88,6.88,0
2018-02-22,7.23,7.23,7.23,7.23,1500
2018-02-23,7.52,7.52,7.52,7.52,5000
2018-02-26,7.52,7.52,7.52,7.52,9000
2018-02-27,7.52,7.52,7.52,7.52,800
2018-02-28,8.21,8.27,8.21,8.27,1400
2018-03-01,8.27,8.27,8.27,8.27,0
2018-03-02,8.27,8.27,7.46,7.46,4000
2018-03-05,7.46,7.46,7.46,7.46,0
2018-03-06,7.46,7.46,7.46,7.46,0
2018-03-07,7.52,7.52,7.52,7.52,100
2018-03-08,8.27,8.27,8.27,8.27,2300
2018-03-09,8.67,8.96,7.52,7.52,4100
2018-03-12,7.52,7.52,7.52,7.52,0
2018-03-13,7.52,7.52,7.52,7.52,0
2018-03-14,7.63,7.63,7.63,7.63,28100
2018-03-15,7.63,7.63,7.63,7.63,0
2018-03-16,7.63,7.63,7.63,7.63,0
2018-03-19,7.63,7.63,7.63,7.63,0
2018-03-20,7.63,7.63,7.63,7.63,14
2018-03-21,7.63,7.63,7.63,7.63,0
2018-03-22,7.52,7.52,7.52,7.52,2000
2018-03-23,7.52,7.52,7.52,7.52,0
2018-03-26,7.52,7.52,7.52,7.52,14
2018-03-27,7.52,7.52,7.52,7.52,0
2018-03-28,7.52,7.52,7.52,7.52,0
2018-03-29,7.52,7.52,7.52,7.52,0
2018-03-30,7.52,7.52,7.52,7.52,0
2018-04-02,7.52,7.52,7.52,7.52,0
2018-04-03,7.52,7.52,7.52,7.52,500
2018-04-04,7.52,7.52,7.52,7.52,0
2018-04-05,7.52,7.52,7.52,7.52,1000
2018-04-06,7.52,8.15,7.52,7.52,3900
2018-04-09,7.52,7.52,7.52,7.52,0
2018-04-10,7.52,7.52,7.52,7.52,1000
2018-04-11,7.52,7.52,7.52,7.52,0
2018-04-12,7.52,7.52,7.52,7.52,0
2018-04-13,7.52,7.52,7.52,7.52,0
2018-04-16,7.57,7.57,7.57,7.57,10800
2018-04-17,7.57,7.57,7.57,7.57,14000
2018-04-18,7.52,7.52,7.52,7.52,4940
2018-04-19,7.52,8.27,7.52,7.52,23000
2018-04-20,7.52,7.52,7.52,7.52,70000
2018-04-23,7.52,7.52,7.52,7.52,0
2018-04-24,7.52,7.52,7.52,7.52,0
2018-04-26,7.52,7.52,7.52,7.52,0
2018-04-27,7.52,7.52,7.52,7.52,0
2018-05-02,7.52,7.52,7.52,7.52,0
2018-05-03,7.52,7.52,7.52,7.52,0
2018-05-04,7.52,7.52,7.52,7.52,10
2018-05-07,7.46,7.46,7.46,7.46,600
2018-05-08,7.46,7.46,7.46,7.46,0
2018-05-09,7.46,7.46,7.46,7.46,1
2018-05-10,7.46,7.46,7.46,7.46,0
2018-05-11,7.46,7.46,7.46,7.46,0
2018-05-14,7.46,7.46,7.46,7.46,0
2018-05-15,7.46,7.46,7.46,7.46,0
2018-05-16,7.46,7.46,7.46,7.46,0
2018-05-17,7.46,7.46,7.46,7.46,0
2018-05-18,6.8,6.8,6.8,6.8,100
2018-05-21,6.8,6.8,6.8,6.8,0
2018-05-22,6.8,6.8,6.8,6.8,0
2018-05-23,6.62,6.62,6.62,6.62,2700
2018-05-24,6.62,6.62,6.62,6.62,0
2018-05-25,6.62,6.62,6.62,6.62,0
2018-05-28,6.62,6.62,6.62,6.62,0
2018-05-29,6.62,6.62,6.62,6.62,0
2018-05-30,6.62,6.62,6.62,6.62,0
2018-05-31,6.62,6.62,6.62,6.62,0
2018-06-01,6.62,6.62,6.62,6.62,0
2018-06-04,7.1,7.1,7.1,7.1,100
2018-06-05,7.1,7.1,7.1,7.1,0
2018-06-06,7.1,7.1,7.1,7.1,0
2018-06-07,7.16,7.16,7.16,7.16,100
2018-06-08,6.56,6.56,6.56,6.56,100
2018-06-11,6.56,6.56,6.56,6.56,0
2018-06-12,6.56,6.56,6.56,6.56,0
2018-06-13,6.56,6.56,6.56,6.56,0
2018-06-14,6.56,6.56,6.56,6.56,0
2018-06-15,6.56,6.56,6.56,6.56,0
2018-06-18,6.08,6.08,6.08,6.08,1000
2018-06-19,6.14,6.14,6.14,6.14,100
2018-06-20,6.14,6.14,6.14,6.14,0
2018-06-21,6.14,6.14,6.14,6.14,0
2018-06-22,6.14,6.14,6.14,6.14,200
2018-06-25,6.14,6.14,6.14,6.14,0
2018-06-26,6.14,6.14,6.14,6.14,200
2018-06-27,6.14,6.14,6.14,6.14,0
2018-06-28,6.14,6.14,6.14,6.14,0
2018-06-29,6.14,6.14,6.14,6.14,0
2018-07-02,6.2,6.2,6.2,6.2,100
2018-07-03,6.2,6.2,6.2,6.2,0
2018-07-04,6.2,6.2,6.2,6.2,0
2018-07-05,6.2,6.2,6.2,6.2,0
2018-07-06,6.2,6.2,6.2,6.2,0
2018-07-09,6.2,6.2,6.2,6.2,0
2018-07-10,6.2,6.2,6.2,6.2,0
2018-07-11,6.2,6.2,6.2,6.2,0
2018-07-12,6.2,6.2,6.2,6.2,0
2018-07-13,6.2,6.2,6.2,6.2,0
2018-07-16,6.2,6.2,6.2,6.2,0
2018-07-17,6.68,6.68,6.68,6.68,209
2018-07-18,6.68,6.68,6.68,6.68,0
2018-07-19,6.68,6.68,6.68,6.68,0
2018-07-20,6.71,6.71,6.71,6.71,0
2018-07-23,7.03,7.03,7.03,7.03,9
2018-07-24,7.03,7.03,7.03,7.03,0
2018-07-25,7.03,7.03,7.03,7.03,0
2018-07-26,7.03,7.03,7.03,7.03,0
2018-07-27,7.03,7.03,7.03,7.03,0
2018-07-30,7.09,7.09,7.09,7.09,100
2018-07-31,7.09,7.09,7.09,7.09,0
2018-08-01,7.09,7.09,7.09,7.09,0
2018-08-02,7.09,7.09,7.09,7.09,0
2018-08-03,7.15,7.15,7.09,7.09,600
2018-08-06,7.15,7.15,7.09,7.09,2100
2018-08-07,7.09,7.09,7.09,7.09,0
2018-08-08,7.09,7.09,7.09,7.09,0
2018-08-09,7.09,7.09,7.09,7.09,0
2018-08-10,7.09,7.09,7.09,7.09,0
2018-08-13,7.09,7.09,7.09,7.09,600
2018-08-14,7.09,7.09,7.09,7.09,0
2018-08-15,7.09,7.09,7.09,7.09,0
2018-08-16,7.09,7.09,7.09,7.09,0
2018-08-17,7.09,7.09,7.09,7.09,0
2018-08-20,7.09,7.09,7.09,7.09,0
2018-08-21,7.09,7.09,7.09,7.09,0
2018-08-22,7.09,7.09,7.09,7.09,0
2018-08-23,7.09,7.09,7.09,7.09,0
2018-08-24,7.09,7.09,7.09,7.09,0
2018-08-27,7.09,7.09,7.09,7.09,0
2018-08-28,7.09,7.09,7.09,7.09,1000
2018-08-29,7.09,7.09,7.09,7.09,0
2018-08-30,7.09,7.09,7.09,7.09,0
2018-08-31,7.09,7.09,7.09,7.09,900
2018-09-04,7.09,7.09,7.09,7.09,0
2018-09-05,7.09,7.09,7.09,7.09,0
2018-09-06,7.09,7.09,7.09,7.09,0
2018-09-07,7.09,7.09,7.09,7.09,0
2018-09-10,7.53,7.78,6.39,6.39,3200
2018-09-11,6.39,6.39,6.39,6.39,0
2018-09-12,6.39,6.65,6.39,6.46,35700
2018-09-13,6.46,6.46,6.46,6.46,0
2018-09-14,6.46,6.46,6.46,6.46,2500
2018-09-17,6.46,6.46,6.46,6.46,0
2018-09-18,6.33,6.33,6.33,6.33,2000
2018-09-19,6.33,6.33,6.33,6.33,3600
2018-09-20,6.39,6.39,6.33,6.33,2600
2018-09-21,6.33,6.33,6.33,6.33,0
2018-09-24,6.33,6.33,6.33,6.33,5000
2018-09-25,6.33,6.33,6.33,6.33,2400
2018-09-26,6.33,6.33,6.33,6.33,0
2018-09-27,6.33,6.33,6.33,6.33,4000
2018-09-28,6.33,6.33,6.33,6.33,8600
2018-10-01,6.33,6.46,6.2,6.46,2400
2018-10-02,5.82,6.33,5.82,6.33,30100
2018-10-03,6.33,6.33,6.33,6.33,0
2018-10-04,6.33,6.33,6.33,6.33,4000
2018-10-05,6.33,6.33,6.27,6.33,5100
2018-10-08,6.33,6.33,6.33,6.33,4300
2018-10-09,6.33,6.33,6.33,6.33,1700
2018-10-10,6.33,6.33,6.33,6.33,18900
2018-10-11,6.33,6.33,6.33,6.33,0
2018-10-12,6.33,6.33,6.33,6.33,0
2018-10-15,6.33,6.33,6.33,6.33,10000
2018-10-16,6.33,6.33,6.33,6.33,0
2018-10-17,6.33,6.33,6.33,6.33,0
2018-10-18,6.33,6.33,6.33,6.33,0
2018-10-19,6.33,6.33,6.33,6.33,2700
2018-10-22,6.33,6.46,6.33,6.46,1100
2018-10-23,6.46,6.46,6.46,6.46,1000
2018-10-24,6.46,6.46,6.46,6.46,0
2018-10-25,6.46,6.46,6.46,6.46,0
2018-10-26,6.46,6.46,6.46,6.46,0
2018-10-29,6.46,6.46,6.46,6.46,0
2018-10-30,6.46,6.46,6.46,6.46,0
2018-10-31,6.46,6.46,6.46,6.46,0
2018-11-01,6.33,6.33,6.01,6.01,27000
2018-11-02,6.46,6.46,6.46,6.46,1000
2018-11-05,6.46,6.46,6.46,6.46,0
2018-11-06,6.46,6.46,6.46,6.46,0
2018-11-07,5.89,5.89,5.89,5.89,2500
2018-11-08,5.89,5.89,5.89,5.89,0
2018-11-09,5.89,5.89,5.89,5.89,0
2018-11-12,6.33,6.33,5.89,5.89,15000
2018-11-13,5.89,5.89,5.89,5.89,0
2018-11-14,5.89,5.89,5.89,5.89,0
2018-11-15,5.89,5.89,5.89,5.89,0
2018-11-16,5.89,5.89,5.89,5.89,0
2018-11-19,6.33,6.33,6.33,6.33,100
2018-11-20,6.33,6.33,6.33,6.33,0
2018-11-21,6.33,6.33,6.33,6.33,0
2018-11-22,6.33,6.33,6.33,6.33,0
2018-11-23,6.46,6.46,6.46,6.46,100
2018-11-26,6.52,6.52,6.52,6.52,100
2018-11-27,6.52,6.52,6.52,6.52,1000
2018-11-28,6.52,6.52,6.52,6.52,0
2018-11-29,6.52,6.52,6.52,6.52,0
2018-11-30,6.52,6.52,6.52,6.52,0
2018-12-03,6.52,6.52,6.52,6.52,0
2018-12-04,6.52,6.52,6.52,6.52,0
2018-12-05,6.52,6.52,6.52,6.52,500
2018-12-06,6.33,6.33,6.33,6.33,1000
2018-12-07,6.08,6.08,6.08,6.08,6000
2018-12-10,6.08,6.08,6.08,6.08,0
2018-12-11,6.08,6.08,6.08,6.08,0
2018-12-12,6.33,6.33,6.33,6.33,100
2018-12-13,6.33,6.33,6.33,6.33,2000
2018-12-14,6.33,6.33,6.33,6.33,0
2018-12-17,6.33,6.33,6.33,6.33,0
2018-12-18,6.33,6.33,6.33,6.33,0
2018-12-19,6.33,6.33,6.33,6.33,0
2018-12-20,6.33,6.33,6.33,6.33,0
2018-12-21,6.33,6.33,6.33,6.33,0
2018-12-24,6.33,6.33,6.33,6.33,0
2018-12-25,6.33,6.33,6.33,6.33,0
2018-12-26,6.33,6.33,6.33,6.33,0
2018-12-27,6.33,6.33,6.33,6.33,0
2018-12-28,6.33,6.33,6.33,6.33,0
2019-01-02,6.33,6.33,6.33,6.33,0
2019-01-03,6.33,6.33,6.33,6.33,0
2019-01-04,6.01,6.01,6.01,6.01,10000
2019-01-07,6.01,6.01,6.01,6.01,0
2019-01-08,6.01,6.01,6.01,6.01,0
2019-01-09,6.01,6.01,6.01,6.01,0
2019-01-10,6.01,6.01,6.01,6.01,0
2019-01-11,6.01,6.01,6.01,6.01,0
2019-01-14,6.01,6.01,6.01,6.01,0
2019-01-15,6.01,6.01,6.01,6.01,0
2019-01-16,6.01,6.01,6.01,6.01,0
2019-01-17,6.01,6.01,6.01,6.01,0
2019-01-18,6.01,6.01,6.01,6.01,0
2019-01-21,6.01,6.01,6.01,6.01,0
2019-01-22,6.01,6.01,6.01,6.01,0
2019-01-23,6.01,6.01,6.01,6.01,51100
2019-01-24,6.01,6.01,6.01,6.01,0
2019-01-25,6.01,6.01,6.01,6.01,0
2019-01-28,6.01,6.01,6.01,6.01,0
2019-01-29,6.01,6.01,6.01,6.01,0
2019-01-30,6.01,6.01,6.01,6.01,0
2019-01-31,6.01,6.01,6.01,6.01,0
2019-02-01,6.01,6.01,6.01,6.01,0
2019-02-11,6.01,6.01,6.01,6.01,0
2019-02-12,6.01,6.01,6.01,6.01,0
2019-02-13,6.01,6.01,6.01,6.01,0
2019-02-14,6.01,6.01,6.01,6.01,0
2019-02-15,6.01,6.01,6.01,6.01,0
2019-02-18,6.01,6.01,6.01,6.01,0
2019-02-19,6.01,6.01,6.01,6.01,0
2019-02-20,6.01,6.01,6.01,6.01,1900
2019-02-21,6.01,6.01,6.01,6.01,0
2019-02-22,6.01,6.01,6.01,6.01,0
2019-02-25,6.01,6.01,6.01,6.01,0
2019-02-26,6.01,6.01,6.01,6.01,0
2019-02-27,6.01,6.01,6.01,6.01,6
2019-02-28,6.01,6.01,6.01,6.01,0
2019-03-01,6.01,6.01,6.01,6.01,0
2019-03-04,6.01,6.01,6.01,6.01,4
2019-03-05,6.01,6.01,6.01,6.01,0
2019-03-06,6.01,6.01,6.01,6.01,1
2019-03-07,6.01,6.01,6.01,6.01,0
2019-03-08,6.01,6.01,6.01,6.01,0
2019-03-11,6.01,6.01,6.01,6.01,0
2019-03-12,6.01,6.01,6.01,6.01,0
2019-03-13,6.01,6.01,6.01,6.01,0
2019-03-14,6.01,6.01,6.01,6.01,0
2019-03-15,6.01,6.01,6.01,6.01,0
2019-03-18,6.01,6.01,6.01,6.01,0
2019-03-19,6.01,6.01,6.01,6.01,0
2019-03-20,6.01,6.01,6.01,6.01,0
2019-03-21,6.01,6.01,6.01,6.01,0
2019-03-22,6.01,6.01,6.01,6.01,0
2019-03-25,6.01,6.01,6.01,6.01,0
2019-03-26,6.01,6.01,6.01,6.01,0
2019-03-27,6.01,6.01,6.01,6.01,0
2019-03-28,6.01,6.01,6.01,6.01,0
2019-03-29,6.01,6.01,6.01,6.01,0
2019-04-01,6.01,6.01,6.01,6.01,3200
2019-04-02,6.01,6.01,6.01,6.01,0
2019-04-03,6.01,6.01,6.01,6.01,0
2019-04-04,6.01,6.01,6.01,6.01,0
2019-04-05,6.01,6.01,6.01,6.01,0
2019-04-08,6.01,6.01,6.01,6.01,0
2019-04-09,6.01,6.01,6.01,6.01,0
2019-04-10,6.01,6.01,6.01,6.01,0
2019-04-11,6.01,6.01,6.01,6.01,0
2019-04-12,6.01,6.01,6.01,6.01,0
2019-04-16,6.01,6.01,6.01,6.01,0
2019-04-17,6.01,6.01,6.01,6.01,800
2019-04-18,6.01,6.01,6.01,6.01,0
2019-04-19,6.01,6.01,6.01,6.01,0
2019-04-22,6.01,6.01,6.01,6.01,200
2019-04-23,6.01,6.01,6.01,6.01,800
2019-04-24,6.01,6.01,6.01,6.01,0
2019-04-25,6.01,6.01,6.01,6.01,0
2019-04-26,6.01,6.01,6.01,6.01,0
2019-05-02,6.01,6.01,6.01,6.01,0
2019-05-03,6.01,6.01,6.01,6.01,0
2019-05-06,6.01,6.01,6.01,6.01,0
2019-05-07,6.01,6.01,6.01,6.01,0
2019-05-08,6.01,6.01,6.01,6.01,0
2019-05-09,6.01,6.01,6.01,6.01,0
2019-05-10,6.01,6.01,6.01,6.01,0
2019-05-13,6.01,6.01,6.01,6.01,0
2019-05-14,6.01,6.01,6.01,6.01,0
2019-05-15,6.01,6.01,6.01,6.01,0
2019-05-16,6.01,6.01,6.01,6.01,0
2019-05-17,6.01,6.01,6.01,6.01,0
2019-05-20,6.01,6.01,6.01,6.01,0
2019-05-21,6.01,6.01,6.01,6.01,0
2019-05-22,6.01,6.01,6.01,6.01,0
2019-05-23,6.01,6.01,6.01,6.01,0
2019-05-24,6.01,6.01,6.01,6.01,0
2019-05-27,6.01,6.01,6.01,6.01,0
2019-05-28,6.01,6.01,6.01,6.01,0
2019-05-29,6.01,6.01,6.01,6.01,0
2019-05-30,6.01,6.01,6.01,6.01,0
2019-05-31,6.01,6.01,6.01,6.01,0
2019-06-03,6.01,6.01,6.01,6.01,0
2019-06-04,6.01,6.01,6.01,6.01,0
2019-06-05,6.01,6.01,6.01,6.01,0
2019-06-06,6.01,6.01,6.01,6.01,0
2019-06-07,6.01,6.01,6.01,6.01,0
2019-06-10,6.01,6.01,6.01,6.01,0
2019-06-11,6.01,6.01,6.01,6.01,0
2019-06-12,6.01,6.01,6.01,6.01,0
2019-06-13,6.01,6.01,6.01,6.01,0
2019-06-14,6.01,6.01,6.01,6.01,0
2019-06-17,6.01,6.01,6.01,6.01,0
2019-06-18,6.01,6.01,6.01,6.01,0
2019-06-19,6.01,6.01,6.01,6.01,0
2019-06-20,6.01,6.01,6.01,6.01,0
2019-06-21,6.01,6.01,6.01,6.01,0
2019-06-24,6.01,6.01,6.01,6.01,0
2019-06-25,6.01,6.01,6.01,6.01,0
2019-06-26,6.01,6.01,6.01,6.01,0
2019-06-27,6.01,6.01,6.01,6.01,0
2019-06-28,6.01,6.01,6.01,6.01,0
2019-07-01,6.01,6.01,6.01,6.01,0
2019-07-02,6.01,6.01,6.01,6.01,0
2019-07-03,6.01,6.01,6.01,6.01,0
2019-07-04,6.01,6.01,6.01,6.01,0
2019-07-05,6.01,6.01,6.01,6.01,0
2019-07-08,6.01,6.01,6.01,6.01,0
2019-07-09,6.01,6.01,6.01,6.01,0
2019-07-10,6.01,6.01,6.01,6.01,0
2019-07-11,6.01,6.01,6.01,6.01,0
2019-07-12,6.01,6.01,6.01,6.01,0
2019-07-15,6.01,6.01,6.01,6.01,0
2019-07-16,6.01,6.01,6.01,6.01,0
2019-07-17,6.01,6.01,6.01,6.01,0
2019-07-18,6.01,6.01,6.01,6.01,0
2019-07-19,6.01,6.01,6.01,6.01,0
2019-07-22,6.01,6.01,6.01,6.01,0
2019-07-23,6.01,6.01,6.01,6.01,0
2019-07-24,6.01,6.01,6.01,6.01,0
2019-07-25,6.01,6.01,6.01,6.01,0
2019-07-26,6.01,6.01,6.01,6.01,0
2019-07-29,6.01,6.01,6.01,6.01,0
2019-07-30,6.01,6.01,6.01,6.01,0
2019-07-31,6.01,6.01,6.01,6.01,0
2019-08-01,6.01,6.01,6.01,6.01,0
2019-08-02,6.33,6.33,6.33,6.33,8000
2019-08-05,6.33,6.33,6.33,6.33,0
2019-08-06,6.33,6.33,6.33,6.33,0
2019-08-07,6.33,6.33,6.33,6.33,0
2019-08-08,6.33,6.33,6.33,6.33,0
2019-08-09,6.33,6.33,6.33,6.33,40
2019-08-12,6.33,6.33,6.33,6.33,0
2019-08-13,6.33,6.33,6.33,6.33,0
2019-08-14,6.33,6.33,6.33,6.33,0
2019-08-15,6.33,6.33,6.33,6.33,0
2019-08-16,6.33,6.33,6.33,6.33,0
2019-08-19,6.33,6.33,6.33,6.33,0
2019-08-20,6.33,6.33,6.33,6.33,0
2019-08-21,6.33,6.33,6.33,6.33,900
2019-08-22,6.33,6.33,6.33,6.33,0
2019-08-23,6.33,6.33,6.33,6.33,0
2019-08-26,6.33,6.33,6.33,6.33,0
2019-08-27,6.33,6.33,6.33,6.33,0
2019-08-28,6.33,6.33,6.33,6.33,0
2019-08-29,6.33,6.33,6.33,6.33,0
2019-08-30,6.33,6.33,6.33,6.33,0
2019-09-03,6.33,6.33,6.33,6.33,0
2019-09-04,6.33,6.33,6.33,6.33,0
2019-09-05,6.33,6.33,6.33,6.33,0
2019-09-06,6.33,6.33,6.33,6.33,0
2019-09-09,6.33,6.33,6.33,6.33,0
2019-09-10,6.33,6.33,6.33,6.33,0
2019-09-11,6.33,6.33,6.33,6.33,0
2019-09-12,6.33,6.33,6.33,6.33,0
2019-09-13,6.33,6.33,6.33,6.33,0
2019-09-16,6.33,6.33,6.33,6.33,0
2019-09-17,6.33,6.33,6.33,6.33,0
2019-09-18,6.33,6.33,6.33,6.33,0
2019-09-19,6.33,6.33,6.33,6.33,0
2019-09-20,6.33,6.33,6.33,6.33,0
2019-09-23,6.33,6.33,6.33,6.33,0
2019-09-24,6.33,6.33,6.33,6.33,0
2019-09-25,6.33,6.33,6.33,6.33,0
2019-09-26,6.33,6.33,6.33,6.33,0
2019-09-27,6.33,6.33,6.33,6.33,0
2019-09-30,6.33,6.33,6.33,6.33,0
2019-10-01,6.33,6.33,6.33,6.33,0
2019-10-02,6.33,6.33,6.33,6.33,0
2019-10-03,6.33,6.33,6.33,6.33,0
2019-10-04,6.33,6.65,6.33,6.65,7100
2019-10-07,6.65,6.65,6.65,6.65,0
2019-10-08,6.65,6.65,6.65,6.65,0
2019-10-09,6.65,6.65,6.65,6.65,0
2019-10-10,6.65,6.65,6.65,6.65,0
2019-10-11,6.65,6.65,6.65,6.65,0
2019-10-14,6.65,6.65,6.65,6.65,0
2019-10-15,6.65,6.65,6.65,6.65,0
2019-10-16,6.65,6.65,6.65,6.65,0
2019-10-17,6.65,6.65,6.65,6.65,0
2019-10-18,6.65,6.65,6.65,6.65,0
2019-10-21,6.65,6.65,6.65,6.65,0
2019-10-22,6.65,6.65,6.65,6.65,0
2019-10-23,6.65,6.65,6.65,6.65,0
2019-10-24,6.65,6.65,6.65,6.65,0
2019-10-25,6.65,6.65,6.65,6.65,0
2019-10-28,6.65,6.65,6.65,6.65,0
2019-10-29,6.65,6.65,6.65,6.65,0
2019-10-30,6.65,6.65,6.65,6.65,0
2019-10-31,6.65,6.65,6.65,6.65,0
2019-11-01,6.65,6.65,6.65,6.65,0
2019-11-04,6.65,6.65,6.65,6.65,0
2019-11-05,6.65,6.65,6.65,6.65,0
2019-11-06,6.65,6.65,6.65,6.65,0
2019-11-07,6.65,6.65,6.65,6.65,0
2019-11-08,6.65,6.65,6.65,6.65,0
2019-11-11,6.65,6.65,6.65,6.65,0
2019-11-12,6.65,6.65,6.65,6.65,0
2019-11-13,6.65,6.65,6.65,6.65,0
2019-11-14,6.65,6.65,6.65,6.65,0
2019-11-15,6.65,6.65,6.65,6.65,0
2019-11-18,6.65,6.65,6.65,6.65,0
2019-11-19,6.65,6.65,6.65,6.65,0
2019-11-20,6.65,6.65,6.65,6.65,0
2019-11-21,6.65,6.65,6.65,6.65,0
2019-11-22,6.65,6.65,6.65,6.65,0
2019-11-25,6.65,6.65,6.65,6.65,0
2019-11-26,6.65,6.65,6.65,6.65,0
2019-11-27,6.65,6.65,6.65,6.65,0
2019-11-28,6.65,6.65,6.65,6.65,0
2019-11-29,6.65,6.65,6.65,6.65,0
2019-12-02,6.65,6.65,6.65,6.65,0
2019-12-03,6.65,6.65,6.65,6.65,0
2019-12-04,6.65,6.65,6.65,6.65,0
2019-12-05,6.65,6.65,6.65,6.65,0
2019-12-06,6.65,6.65,6.65,6.65,0
2019-12-09,6.65,6.65,6.65,6.65,0
2019-12-10,6.65,6.65,6.65,6.65,0
2019-12-11,6.65,6.65,6.65,6.65,0
2019-12-12,6.65,6.65,6.65,6.65,0
2019-12-13,6.65,6.65,6.65,6.65,0
2019-12-16,6.65,6.65,6.65,6.65,0
2019-12-17,6.65,6.65,6.65,6.65,0
2019-12-18,6.65,6.65,6.65,6.65,0
2019-12-19,6.65,6.65,6.65,6.65,0
2019-12-20,6.65,6.65,6.65,6.65,0
2019-12-23,6.65,6.65,6.65,6.65,0
2019-12-24,6.65,6.65,6.65,6.65,0
2019-12-25,6.65,6.65,6.65,6.65,0
2019-12-26,6.65,6.65,6.65,6.65,0
2019-12-27,6.65,6.65,6.65,6.65,0
2019-12-30,6.65,6.65,6.65,6.65,0
2019-12-31,6.65,6.65,6.65,6.65,0
2020-01-02,6.65,6.65,6.65,6.65,0
2020-01-03,6.65,6.65,6.65,6.65,0
2020-01-06,6.65,6.65,6.65,6.65,0
2020-01-07,6.65,6.65,6.65,6.65,0
2020-01-08,6.65,6.65,6.65,6.65,0
2020-01-09,6.65,6.65,6.65,6.65,0
2020-01-10,6.65,6.65,6.65,6.65,0
2020-01-13,6.65,6.65,6.65,6.65,0
2020-01-14,6.65,6.65,6.65,6.65,0
2020-01-15,6.65,6.65,6.65,6.65,0
2020-01-16,6.65,6.65,6.65,6.65,0
2020-01-17,6.65,6.65,6.65,6.65,0
2020-01-20,6.65,6.65,6.65,6.65,0
2020-01-21,6.65,6.65,6.65,6.65,0
2020-01-22,6.65,6.65,6.65,6.65,0
2020-01-30,6.65,6.65,6.65,6.65,0
2020-01-31,6.65,6.65,6.65,6.65,0
2020-02-03,6.65,6.65,6.65,6.65,0
2020-02-04,6.65,6.65,6.65,6.65,0
2020-02-05,6.65,6.65,6.65,6.65,0
2020-02-06,6.65,6.65,6.65,6.65,0
2020-02-07,6.65,6.65,6.65,6.65,0
2020-02-10,6.65,6.65,6.65,6.65,0
2020-02-11,6.65,6.65,6.65,6.65,0
2020-02-12,6.65,6.65,6.65,6.65,0
2020-02-13,6.65,6.65,6.65,6.65,0
2020-02-14,6.65,6.65,6.65,6.65,0
2020-02-17,6.65,6.65,6.65,6.65,0
2020-02-18,6.65,6.65,6.65,6.65,0
2020-02-19,6.65,6.65,6.65,6.65,0
2020-02-20,6.65,6.65,6.65,6.65,0
2020-02-21,6.65,6.65,6.65,6.65,0
2020-02-24,6.65,6.65,6.65,6.65,0
2020-02-25,6.65,6.65,6.65,6.65,0
2020-02-26,6.65,6.65,6.65,6.65,0
2020-02-27,6.65,6.65,6.65,6.65,0
2020-02-28,6.65,6.65,6.65,6.65,0
2020-03-02,6.65,6.65,6.65,6.65,0
2020-03-03,6.65,6.65,6.65,6.65,0
2020-03-04,6.65,6.65,6.65,6.65,0
2020-03-05,6.65,6.65,6.65,6.65,0
2020-03-06,6.65,6.65,6.65,6.65,0
2020-03-09,6.65,6.65,6.65,6.65,0
2020-03-10,6.65,6.65,6.65,6.65,0
2020-03-11,6.65,6.65,6.65,6.65,0
2020-03-12,6.65,6.65,6.65,6.65,0
2020-03-13,6.65,6.65,6.65,6.65,0
2020-03-16,6.65,6.65,6.65,6.65,0
2020-03-17,6.65,6.65,6.65,6.65,0
2020-03-18,6.65,6.65,6.65,6.65,0
2020-03-19,6.65,6.65,6.65,6.65,0
2020-03-20,6.65,6.65,6.65,6.65,0
2020-03-23,6.65,6.65,6.65,6.65,0
2020-03-24,6.65,6.65,6.65,6.65,0
2020-03-25,6.65,6.65,6.65,6.65,0
2020-03-26,6.65,6.65,6.65,6.65,0
2020-03-27,6.65,6.65,6.65,6.65,0
2020-03-30,6.65,6.65,6.65,6.65,0
2020-03-31,6.65,6.65,6.65,6.65,0
2020-04-01,6.65,6.65,6.65,6.65,6
2020-04-03,6.65,6.65,6.65,6.65,0
2020-04-06,6.65,6.65,6.65,6.65,0
2020-04-07,6.65,6.65,6.65,6.65,0
2020-04-08,6.65,6.65,6.65,6.65,0
2020-04-09,6.65,6.65,6.65,6.65,0
2020-04-10,6.65,6.65,6.65,6.65,0
2020-04-13,6.65,6.65,6.65,6.65,0
2020-04-14,6.65,6.65,6.65,6.65,0
2020-04-15,6.65,6.65,6.65,6.65,0
2020-04-16,6.65,6.65,6.65,6.65,0
2020-04-17,6.65,6.65,6.65,6.65,0
2020-04-20,6.65,6.65,6.65,6.65,0
2020-04-21,6.65,6.65,6.65,6.65,0
2020-04-22,6.65,6.65,6.65,6.65,0
2020-04-23,6.65,6.65,6.65,6.65,0
2020-04-24,6.65,6.65,6.65,6.65,0
2020-04-27,6.65,6.65,6.65,6.65,0
2020-04-28,6.65,6.65,6.65,6.65,0
2020-04-29,6.65,6.65,6.65,6.65,0
2020-05-04,6.65,6.65,6.65,6.65,0
2020-05-05,6.65,6.65,6.65,6.65,0
2020-05-06,6.65,6.65,6.65,6.65,0
2020-05-07,6.65,6.65,6.65,6.65,0
2020-05-08,6.65,6.65,6.65,6.65,0
2020-05-11,6.65,6.65,6.65,6.65,0
2020-05-12,6.65,6.65,6.65,6.65,0
2020-05-13,6.65,6.65,6.65,6.65,0
2020-05-14,6.65,6.65,6.65,6.65,0
2020-05-15,6.65,6.65,6.65,6.65,0
2020-05-18,6.65,6.65,6.65,6.65,0
2020-05-19,6.65,6.65,6.65,6.65,0
2020-05-20,6.65,6.65,6.65,6.65,0
2020-05-21,6.65,6.65,6.65,6.65,0
2020-05-22,6.65,6.65,6.65,6.65,0
2020-05-25,6.65,6.65,6.65,6.65,0
2020-05-26,6.65,6.65,6.65,6.65,0
2020-05-27,6.65,6.65,6.65,6.65,0
2020-05-28,6.65,6.65,6.65,6.65,0
2020-05-29,6.65,6.65,6.65,6.65,0
2020-06-01,6.65,6.65,6.65,6.65,0
2020-06-02,6.01,6.01,6.01,6.01,12000
2020-06-03,6.01,6.01,6.01,6.01,0
2020-06-04,6.01,6.01,6.01,6.01,0
2020-06-05,6.01,6.01,6.01,6.01,0
2020-06-08,6.01,6.01,6.01,6.01,0
2020-06-09,6.01,6.01,6.01,6.01,0
2020-06-10,6.01,6.01,6.01,6.01,0
2020-06-11,6.01,6.01,6.01,6.01,0
2020-06-12,6.01,6.01,6.01,6.01,0
2020-06-15,6.01,6.01,6.01,6.01,0
2020-06-16,6.01,6.01,6.01,6.01,0
2020-06-17,6.01,6.01,6.01,6.01,0
2020-06-18,6.01,6.01,6.01,6.01,0
2020-06-19,6.01,6.01,6.01,6.01,0
2020-06-22,6.01,6.01,6.01,6.01,0
2020-06-23,6.01,6.01,6.01,6.01,0
2020-06-24,6.01,6.01,6.01,6.01,0
2020-06-25,6.01,6.01,6.01,6.01,0
2020-06-26,6.01,6.01,6.01,6.01,0
2020-06-29,6.01,6.01,6.01,6.01,0
2020-06-30,6.01,6.01,6.01,6.01,0
2020-07-01,6.01,6.01,6.01,6.01,0
2020-07-02,6.01,6.01,6.01,6.01,0
2020-07-03,6.01,6.01,6.01,6.01,0
2020-07-06,6.01,6.01,6.01,6.01,0
2020-07-07,6.01,6.01,6.01,6.01,0
2020-07-08,6.01,6.01,6.01,6.01,0
2020-07-09,6.01,6.01,6.01,6.01,0
2020-07-10,6.01,6.01,6.01,6.01,0
2020-07-13,6.01,6.01,6.01,6.01,0
2020-07-14,6.01,6.01,6.01,6.01,0
2020-07-15,6.01,6.01,6.01,6.01,0
2020-07-16,6.01,6.01,6.01,6.01,0
2020-07-17,6.01,6.01,6.01,6.01,0
2020-07-20,6.01,6.01,6.01,6.01,0
2020-07-21,6.01,6.01,6.01,6.01,0
2020-07-22,6.01,6.01,6.01,6.01,0
2020-07-23,6.01,6.01,6.01,6.01,0
2020-07-24,6.01,6.01,6.01,6.01,0
2020-07-27,6.01,6.01,6.01,6.01,0
2020-07-28,6.01,6.01,6.01,6.01,0
2020-07-29,6.01,6.01,6.01,6.01,0
2020-07-30,6.01,6.01,6.01,6.01,0
2020-07-31,6.01,6.01,6.01,6.01,0
2020-08-03,6.01,6.01,5.95,5.95,1000
2020-08-04,5.95,5.95,5.95,5.95,0
2020-08-05,5.95,5.95,5.95,5.95,0
2020-08-06,5.95,5.95,5.95,5.95,0
2020-08-07,5.95,5.95,5.95,5.95,0
2020-08-10,5.95,5.95,5.95,5.95,0
2020-08-11,5.95,5.95,5.95,5.95,0
2020-08-12,5.95,5.95,5.95,5.95,0
2020-08-13,5.95,5.95,5.95,5.95,0
2020-08-14,5.95,5.95,5.95,5.95,0
2020-08-17,5.95,5.95,5.95,5.95,0
2020-08-18,5.95,5.95,5.95,5.95,0
2020-08-19,5.95,5.95,5.95,5.95,0
2020-08-20,5.95,5.95,5.95,5.95,0
2020-08-21,5.95,5.95,5.95,5.95,0
2020-08-24,5.95,5.95,5.95,5.95,0
2020-08-25,5.95,5.95,5.95,5.95,0
2020-08-26,5.95,5.95,5.95,5.95,0
2020-08-27,5.95,5.95,5.95,5.95,0
2020-08-28,5.95,5.95,5.95,5.95,0
2020-08-31,5.95,5.95,5.95,5.95,0
2020-09-01,5.95,5.95,5.95,5.95,0
2020-09-03,5.95,5.95,5.95,5.95,0
2020-09-04,5.95,5.95,5.95,5.95,0
2020-09-07,5.95,5.95,5.95,5.95,0
2020-09-08,5.95,5.95,5.95,5.95,0
2020-09-09,5.95,5.95,5.95,5.95,0
2020-09-10,5.95,5.95,5.95,5.95,0
2020-09-11,5.95,5.95,5.95,5.95,0
2020-09-14,5.95,5.95,5.95,5.95,0
2020-09-15,5.95,5.95,5.95,5.95,0
2020-09-16,5.95,5.95,5.95,5.95,0
2020-09-17,5.95,5.95,5.95,5.95,0
2020-09-18,5.95,5.95,5.95,5.95,0
2020-09-21,5.95,5.95,5.95,5.95,0
2020-09-22,5.95,5.95,5.95,5.95,0
2020-09-23,5.95,5.95,5.95,5.95,0
2020-09-24,5.95,5.95,5.95,5.95,0
2020-09-25,5.95,5.95,5.95,5.95,0
2020-09-28,5.95,5.95,5.95,5.95,0
2020-09-29,5.95,5.95,5.95,5.95,0
2020-09-30,5.95,5.95,5.95,5.95,0
2020-10-01,5.95,5.95,5.95,5.95,0
2020-10-02,5.95,5.95,5.95,5.95,0
2020-10-05,5.95,5.95,5.95,5.95,0
2020-10-06,5.95,5.95,5.95,5.95,0
2020-10-07,5.95,5.95,5.95,5.95,0
2020-10-08,5.95,5.95,5.95,5.95,0
2020-10-09,5.95,5.95,5.95,5.95,0
2020-10-12,5.95,5.95,5.95,5.95,0
2020-10-13,5.95,5.95,5.95,5.95,0
2020-10-14,5.95,5.95,5.95,5.95,0
2020-10-15,5.95,5.95,5.95,5.95,0
2020-10-16,5.95,5.95,5.95,5.95,0
2020-10-19,5.95,5.95,5.95,5.95,0
2020-10-20,5.95,5.95,5.95,5.95,0
2020-10-21,5.95,5.95,5.95,5.95,0
2020-10-22,5.95,5.95,5.95,5.95,0
2020-10-23,5.95,5.95,5.95,5.95,0
2020-10-26,5.95,5.95,5.95,5.95,0
2020-10-27,5.95,5.95,5.95,5.95,0
2020-10-28,5.95,5.95,5.95,5.95,0
2020-10-29,5.95,5.95,5.95,5.95,0
2020-10-30,5.95,5.95,5.95,5.95,0
2020-11-02,5.95,5.95,5.95,5.95,0
2020-11-03,5.95,5.95,5.95,5.95,0
2020-11-04,5.95,5.95,5.95,5.95,0
2020-11-05,5.95,5.95,5.95,5.95,0
2020-11-06,5.95,5.95,5.95,5.95,0
2020-11-09,5.95,5.95,5.95,5.95,0
2020-11-10,5.95,5.95,5.95,5.95,0
2020-11-11,5.95,5.95,5.95,5.95,0
2020-11-12,5.95,5.95,5.95,5.95,0
2020-11-13,5.95,5.95,5.95,5.95,0
2020-11-16,5.95,5.95,5.95,5.95,0
2020-11-17,5.95,5.95,5.95,5.95,0
2020-11-18,5.95,5.95,5.95,5.95,0
2020-11-19,5.95,5.95,5.95,5.95,0
2020-11-20,5.95,5.95,5.95,5.95,0
2020-11-23,5.95,5.95,5.95,5.95,0
2020-11-24,5.95,5.95,5.95,5.95,0
2020-11-25,5.95,5.95,5.95,5.95,0
2020-11-26,5.95,5.95,5.95,5.95,0
2020-11-27,5.95,5.95,5.95,5.95,0
2020-11-30,5.95,5.95,5.95,5.95,0
2020-12-01,5.95,5.95,5.95,5.95,0
2020-12-02,5.95,5.95,5.95,5.95,0
2020-12-03,5.95,5.95,5.95,5.95,0
2020-12-04,5.95,5.95,5.95,5.95,0
2020-12-07,5.95,5.95,5.95,5.95,0
2020-12-08,5.95,5.95,5.95,5.95,0
2020-12-09,5.95,5.95,5.95,5.95,0
2020-12-10,5.95,5.95,5.95,5.95,0
2020-12-11,5.95,5.95,5.95,5.95,0
2020-12-14,6.01,6.01,6.01,6.01,100
2020-12-15,6.01,6.01,6.01,6.01,0
2020-12-16,6.01,6.01,6.01,6.01,0
2020-12-17,6.01,6.01,6.01,6.01,0
2020-12-18,5.95,5.95,5.95,5.95,100
2020-12-21,5.95,5.95,5.95,5.95,0
2020-12-22,5.95,5.95,5.95,5.95,0
2020-12-23,5.95,5.95,5.95,5.95,0
2020-12-24,5.95,5.95,5.95,5.95,0
2020-12-25,5.95,5.95,5.95,5.95,0
2020-12-28,5.95,5.95,5.95,5.95,0
2020-12-29,5.95,5.95,5.95,5.95,0
2020-12-30,5.95,5.95,5.95,5.95,0
2020-12-31,5.95,5.95,5.95,5.95,0
2021-01-04,5.95,5.95,5.95,5.95,900
2021-01-05,5.95,5.95,5.95,5.95,0
2021-01-06,5.95,5.95,5.95,5.95,0
2021-01-07,5.95,5.95,5.95,5.95,0
2021-01-08,5.95,5.95,5.95,5.95,0
2021-01-11,5.95,5.95,5.95,5.95,0
2021-01-12,5.95,5.95,5.95,5.95,0
2021-01-13,5.95,5.95,5.95,5.95,0
2021-01-14,5.95,5.95,5.95,5.95,0
2021-01-15,5.95,5.95,5.95,5.95,0
2021-01-18,5.95,5.95,5.95,5.95,0
2021-01-19,5.95,5.95,5.95,5.95,0
2021-01-20,5.95,5.95,5.95,5.95,0
2021-01-21,5.95,5.95,5.95,5.95,0
2021-01-22,5.95,5.95,5.95,5.95,0
2021-01-25,5.95,5.95,5.95,5.95,0
2021-01-26,5.95,5.95,5.95,5.95,0
2021-01-27,5.95,5.95,5.95,5.95,0
2021-01-28,5.95,5.95,5.95,5.95,0
2021-01-29,5.95,5.95,5.95,5.95,0
2021-02-01,5.95,5.95,5.95,5.95,0
2021-02-02,5.95,5.95,5.95,5.95,0
2021-02-03,5.95,5.95,5.95,5.95,0
2021-02-04,5.95,5.95,5.95,5.95,0
2021-02-05,5.95,5.95,5.95,5.95,0
2021-02-08,5.95,5.95,5.95,5.95,0
2021-02-09,5.95,5.95,5.95,5.95,0
2021-02-17,5.95,5.95,5.95,5.95,0
2021-02-18,5.95,5.95,5.95,5.95,0
2021-02-19,5.95,5.95,5.95,5.95,0
2021-02-22,5.95,5.95,5.95,5.95,0
2021-02-23,5.95,5.95,5.95,5.95,0
2021-02-24,5.95,5.95,5.95,5.95,0
2021-02-25,5.95,5.95,5.95,5.95,0
2021-02-26,5.95,5.95,5.95,5.95,0
2021-03-01,5.95,5.95,5.95,5.95,0
2021-03-02,5.95,5.95,5.95,5.95,0
2021-03-03,5.95,5.95,5.95,5.95,0
2021-03-04,5.95,5.95,5.95,5.95,0
2021-03-05,5.95,5.95,5.95,5.95,0
2021-03-08,5.95,5.95,5.95,5.95,0
2021-03-09,5.95,5.95,5.95,5.95,0
2021-03-10,5.95,5.95,5.95,5.95,0
2021-03-11,5.95,5.95,5.95,5.95,0
2021-03-12,5.95,5.95,5.95,5.95,600
2021-03-15,5.95,5.95,5.95,5.95,0
2021-03-16,5.95,5.95,5.95,5.95,0
2021-03-17,5.95,5.95,5.95,5.95,0
2021-03-18,5.95,5.95,5.95,5.95,0
2021-03-19,5.7,5.7,5.7,5.7,100
2021-03-22,5.13,5.13,5.13,5.13,600
2021-03-23,5.13,5.13,4.75,4.75,4200
2021-03-24,4.75,4.75,4.75,4.75,0
2021-03-25,4.75,4.75,4.75,4.75,0
2021-03-26,5.06,5.06,5.06,5.06,100
2021-03-29,5.06,5.06,5.06,5.06,0
2021-03-30,5.06,5.06,5.06,5.06,0
2021-03-31,5.13,5.13,5.13,5.13,300
2021-04-01,5.06,5.06,5.06,5.06,100
2021-04-02,5.06,5.06,5.06,5.06,0
2021-04-05,5.06,5.06,5.06,5.06,0
2021-04-06,5.06,5.06,5.06,5.06,0
2021-04-07,5.06,5.06,5.06,5.06,0
2021-04-08,5.06,5.06,5.06,5.06,0
2021-04-09,5.0,5.06,5.0,5.06,1300
2021-04-12,5.06,5.06,5.06,5.06,0
2021-04-13,5.06,5.06,5.06,5.06,0
2021-04-14,5.06,5.06,5.06,5.06,0
2021-04-15,5.06,5.06,5.06,5.06,0
2021-04-16,5.06,5.06,5.06,5.06,100
2021-04-19,5.06,5.06,5.06,5.06,0
2021-04-20,5.06,5.06,5.06,5.06,0
2021-04-22,5.06,5.06,5.06,5.06,0
2021-04-23,5.06,5.06,5.06,5.06,0
2021-04-26,5.06,5.06,5.06,5.06,0
2021-04-27,5.06,5.06,5.06,5.06,0
2021-04-28,5.06,5.06,5.06,5.06,0
2021-04-29,5.06,5.06,5.06,5.06,0
2021-05-04,5.06,5.06,5.06,5.06,0
2021-05-05,5.06,5.06,5.06,5.06,0
2021-05-06,5.06,5.06,5.06,5.06,0
2021-05-07,5.06,5.06,5.06,5.06,0
2021-05-10,5.06,5.06,5.06,5.06,700
2021-05-11,5.06,5.06,5.06,5.06,0
2021-05-12,5.06,5.06,5.06,5.06,0
2021-05-13,5.57,5.57,5.57,5.57,100
2021-05-14,6.08,6.08,6.08,6.08,100
2021-05-17,6.65,6.65,6.52,6.52,200
2021-05-18,6.52,6.52,6.52,6.52,0
2021-05-19,7.15,7.15,7.15,7.15,2100
2021-05-20,7.53,7.53,7.53,7.53,100
2021-05-21,7.53,7.53,7.53,7.53,0
2021-05-24,7.53,7.53,7.53,7.53,0
2021-05-25,7.53,7.53,7.53,7.53,0
2021-05-26,7.53,7.53,7.53,7.53,0
2021-05-27,7.53,7.53,7.53,7.53,0
2021-05-28,7.53,7.53,7.53,7.53,0
2021-05-31,7.34,7.34,7.34,7.34,500
2021-06-01,7.34,7.34,7.34,7.34,0
2021-06-02,7.34,7.34,7.34,7.34,0
2021-06-03,7.34,7.34,7.34,7.34,0
2021-06-04,7.34,7.34,7.34,7.34,0
2021-06-07,7.34,7.34,7.34,7.34,0
2021-06-08,7.34,7.34,7.34,7.34,0
2021-06-09,7.34,7.34,7.34,7.34,0
2021-06-10,7.34,7.34,7.34,7.34,0
2021-06-11,7.34,7.34,7.34,7.34,0
2021-06-14,7.34,7.34,7.34,7.34,0
2021-06-15,7.34,7.34,7.34,7.34,0
2021-06-16,7.34,7.34,7.34,7.34,0
2021-06-17,7.34,7.34,7.34,7.34,0
2021-06-18,7.34,7.34,7.34,7.34,0
2021-06-21,7.34,7.34,7.34,7.34,0
2021-06-22,7.34,7.34,7.34,7.34,0
2021-06-23,7.34,7.34,7.34,7.34,0
2021-06-24,7.34,7.34,7.34,7.34,0
2021-06-25,7.34,7.34,7.34,7.34,0
2021-06-28,7.34,7.34,7.34,7.34,0
2021-06-29,7.34,7.34,7.34,7.34,0
2021-06-30,7.34,7.34,7.34,7.34,0
2021-07-01,7.34,7.34,7.34,7.34,0
2021-07-02,7.34,7.34,7.34,7.34,0
2021-07-05,7.34,7.34,7.34,7.34,0
2021-07-06,7.34,7.34,7.34,7.34,0
2021-07-07,7.34,7.34,7.34,7.34,0
2021-07-08,7.34,7.34,7.34,7.34,0
2021-07-09,7.34,7.34,7.34,7.34,0
2021-07-12,7.34,7.34,7.34,7.34,0
2021-07-13,7.34,7.34,7.34,7.34,0
2021-07-14,7.34,7.34,7.34,7.34,0
2021-07-15,7.34,7.34,7.34,7.34,0
2021-07-16,7.34,7.34,7.34,7.34,0
2021-07-19,7.34,7.34,7.34,7.34,0
2021-07-20,7.34,7.34,7.34,7.34,0
2021-07-21,7.34,7.34,7.34,7.34,0
2021-07-22,7.34,7.34,7.34,7.34,0
2021-07-23,7.34,7.34,7.34,7.34,0
2021-07-26,7.34,7.34,7.34,7.34,0
2021-07-27,6.65,6.65,6.65,6.65,200
2021-07-28,6.01,6.46,6.01,6.46,2400
2021-07-29,5.82,5.82,5.82,5.82,2700
2021-07-30,5.25,5.38,5.25,5.38,1300
2021-08-02,5.38,5.38,5.38,5.38,100
2021-08-03,5.57,5.57,5.57,5.57,100
2021-08-04,5.57,5.57,5.57,5.57,0
2021-08-05,5.06,5.13,5.06,5.06,400
2021-08-06,5.38,5.38,5.38,5.38,100
2021-08-09,5.63,5.63,5.63,5.63,100
2021-08-10,5.19,5.19,5.19,5.19,100
2021-08-11,5.19,5.19,5.19,5.19,0
2021-08-12,5.57,5.57,5.57,5.57,100
2021-08-13,5.57,5.57,5.57,5.57,0
2021-08-16,5.57,5.57,5.57,5.57,0
2021-08-17,5.57,5.57,5.57,5.57,200
2021-08-18,6.08,6.08,6.08,6.08,100
2021-08-19,6.08,6.08,6.08,6.08,0
2021-08-20,6.65,6.65,6.65,6.65,100
2021-08-23,6.65,6.65,6.65,6.65,100
2021-08-24,6.65,6.65,6.65,6.65,0
2021-08-25,6.65,6.65,6.65,6.65,0
2021-08-26,6.65,6.65,6.65,6.65,0
2021-08-27,6.65,6.65,6.65,6.65,0
2021-08-30,6.65,6.65,6.65,6.65,0
2021-08-31,7.22,7.22,6.01,6.01,2900
2021-09-01,5.95,5.95,5.89,5.89,400
2021-09-06,5.89,5.89,5.89,5.89,0
2021-09-07,5.89,5.89,5.89,5.89,0
2021-09-08,5.89,5.89,5.89,5.89,300
2021-09-09,6.39,6.39,6.39,6.39,100
2021-09-10,6.2,6.2,6.2,6.2,1000
2021-09-13,6.08,6.08,6.08,6.08,1000
2021-09-14,6.08,6.08,6.08,6.08,401
2021-09-15,6.65,6.65,6.65,6.65,100
2021-09-16,6.65,6.65,6.65,6.65,0
2021-09-17,6.65,6.65,6.65,6.65,3
2021-09-20,6.65,6.65,6.65,6.65,0
2021-09-21,6.39,6.39,6.01,6.33,500
2021-09-22,6.33,6.33,6.33,6.33,0
2021-09-23,6.33,6.33,6.33,6.33,7
2021-09-24,5.89,5.89,5.89,5.89,501
2021-09-27,6.2,6.2,6.2,6.2,100
2021-09-28,6.2,6.2,6.2,6.2,0
2021-09-29,6.08,6.08,6.08,6.08,100
2021-09-30,5.82,6.33,5.82,6.33,611
2021-10-01,6.33,6.33,6.33,6.33,0
2021-10-04,6.01,6.01,6.01,6.01,100
2021-10-05,6.01,6.01,6.01,6.01,500
2021-10-06,5.7,5.95,5.51,5.95,2100
2021-10-07,5.38,6.2,5.38,6.2,200
2021-10-08,5.82,5.82,5.82,5.82,1000
2021-10-11,5.76,6.27,5.76,6.27,1310
2021-10-12,6.27,6.27,6.27,6.27,10
2021-10-13,5.7,6.27,5.7,6.27,1200
2021-10-14,6.27,6.27,6.27,6.27,0
2021-10-15,6.27,6.27,6.27,6.27,0
2021-10-18,6.27,6.27,6.27,6.27,0
2021-10-19,6.27,6.27,6.27,6.27,0
2021-10-20,6.27,6.27,6.27,6.27,0
2021-10-21,6.27,6.27,6.27,6.27,0
2021-10-22,5.7,6.84,5.7,6.84,4515
2021-10-25,6.65,6.84,6.65,6.84,200
2021-10-26,6.84,6.84,6.84,6.84,0
2021-10-27,6.2,6.52,6.2,6.2,800
2021-10-28,6.2,6.2,5.63,5.63,2800
2021-10-29,5.63,5.63,5.63,5.63,0
2021-11-01,5.7,5.7,5.7,5.7,200
2021-11-02,5.82,5.82,5.82,5.82,2214
2021-11-03,5.82,5.82,5.82,5.82,300
2021-11-04,5.82,5.82,5.82,5.82,3900
2021-11-05,5.7,6.39,5.7,6.39,1200
2021-11-08,5.89,6.39,5.89,6.39,3501
2021-11-09,6.33,7.03,6.33,7.03,21313
2021-11-10,7.53,7.72,7.53,7.72,2900
2021-11-11,7.72,8.48,7.72,8.48,2308
2021-11-12,8.8,9.3,8.8,9.3,3616
2021-11-15,8.42,10.19,8.42,10.19,3601
2021-11-16,10.19,11.2,10.19,11.2,3400
2021-11-17,11.39,12.28,11.39,12.28,3900
2021-11-18,12.28,12.28,12.21,12.21,400
2021-11-19,12.21,12.21,12.21,12.21,0
2021-11-22,12.21,12.21,12.21,12.21,0
2021-11-23,12.21,12.21,12.21,12.21,0
2021-11-24,12.21,12.21,12.21,12.21,0
2021-11-25,12.21,12.21,12.21,12.21,0
2021-11-26,12.21,12.21,12.21,12.21,0
2021-11-29,12.34,13.42,12.34,12.34,800
2021-11-30,12.34,12.34,12.34,12.34,100
2021-12-01,13.54,13.54,12.03,12.03,300
2021-12-02,13.23,13.23,10.82,12.03,5300
2021-12-03,10.82,10.82,10.82,10.82,300
2021-12-06,9.75,11.77,9.75,11.77,4800
2021-12-07,11.77,11.77,10.63,10.63,800
2021-12-08,9.62,9.62,9.62,9.62,1705
2021-12-09,8.67,8.67,8.67,8.67,1200
2021-12-10,7.85,7.85,7.85,7.85,3100
2021-12-13,7.09,8.54,7.09,8.54,16600
2021-12-14,8.54,8.54,8.54,8.54,0
2021-12-15,7.72,7.72,7.72,7.72,1900
2021-12-16,7.09,7.47,6.96,7.09,8900
2021-12-17,7.15,7.15,7.09,7.09,2100
2021-12-20,6.71,6.9,6.71,6.9,200
2021-12-21,6.9,6.9,6.9,6.9,0
2021-12-22,6.46,6.46,6.46,6.46,600
2021-12-23,6.46,6.46,6.46,6.46,0
2021-12-24,6.46,7.09,6.46,7.09,405
2021-12-27,6.9,7.72,6.9,7.72,500
2021-12-28,7.72,7.72,7.53,7.53,400
2021-12-29,7.59,7.59,7.53,7.59,900
2021-12-30,7.91,7.91,7.91,7.91,1500
2021-12-31,7.91,7.91,7.91,7.91,0
2022-01-04,7.91,7.91,7.91,7.91,0
2022-01-05,7.22,7.22,7.22,7.22,100
2022-01-06,7.91,7.91,7.59,7.59,15000
2022-01-07,7.59,7.59,7.59,7.59,0
2022-01-10,7.59,7.59,7.59,7.59,0
2022-01-11,7.59,7.59,7.59,7.59,0
2022-01-12,7.59,7.59,7.59,7.59,300
2022-01-13,7.59,7.59,7.59,7.59,0
2022-01-14,6.9,7.53,6.9,7.53,700
2022-01-17,7.53,7.53,7.53,7.53,0
2022-01-18,6.9,6.9,6.9,6.9,100
2022-01-19,6.46,6.46,6.39,6.39,200
2022-01-20,6.96,6.96,6.96,6.96,200
2022-01-21,6.9,6.9,6.9,6.9,100
2022-01-24,6.9,6.9,6.9,6.9,0
2022-01-25,6.9,6.9,6.9,6.9,0
2022-01-26,7.34,7.34,7.34,7.34,200
2022-01-27,7.34,7.34,7.34,7.34,0
2022-01-28,7.34,7.34,7.34,7.34,0
2022-02-07,7.34,7.34,7.34,7.34,0
2022-02-08,7.34,7.34,7.34,7.34,0
2022-02-09,7.28,7.28,7.28,7.28,200
2022-02-10,7.28,7.28,7.28,7.28,0
2022-02-11,7.28,7.28,7.28,7.28,0
2022-02-14,7.28,7.28,7.28,7.28,0
2022-02-15,7.28,7.28,7.28,7.28,500
2022-02-16,7.28,7.28,7.28,7.28,100
2022-02-17,7.34,7.34,7.15,7.15,1100
2022-02-18,7.15,7.15,7.15,7.15,0
2022-02-21,7.15,7.15,7.15,7.15,0
2022-02-22,7.15,7.15,7.15,7.15,0
2022-02-23,7.15,7.15,7.15,7.15,0
2022-02-24,7.15,7.15,7.15,7.15,1
2022-02-25,7.15,7.15,7.15,7.15,1
2022-02-28,7.15,7.15,7.15,7.15,0
2022-03-01,7.28,7.28,7.28,7.28,100
2022-03-02,7.28,7.28,7.28,7.28,0
2022-03-03,7.28,7.28,7.28,7.28,0
2022-03-04,6.96,7.97,6.96,7.91,7500
2022-03-07,7.91,7.91,7.91,7.91,0
2022-03-08,7.85,7.85,7.85,7.85,200
2022-03-09,7.85,7.85,7.85,7.85,0
2022-03-10,7.85,7.85,7.85,7.85,100
2022-03-11,7.85,7.85,7.85,7.85,100
2022-03-14,7.85,7.85,7.85,7.85,100
2022-03-15,7.85,7.85,7.85,7.85,0
2022-03-16,7.09,7.09,7.09,7.09,100
2022-03-17,7.09,7.09,7.09,7.09,0
2022-03-18,7.09,7.09,7.09,7.09,0
2022-03-21,6.52,6.65,6.52,6.58,2800
2022-03-22,7.15,7.15,7.15,7.15,100
2022-03-23,7.15,7.15,7.15,7.15,900
2022-03-24,6.96,6.96,6.96,6.96,100
2022-03-25,7.47,7.47,7.47,7.47,100
2022-03-28,6.9,6.9,6.84,6.84,200
2022-03-29,6.84,6.84,6.84,6.84,0
2022-03-30,6.84,6.84,6.84,6.84,0
2022-03-31,6.84,6.84,6.84,6.84,0
2022-04-01,7.34,7.34,7.28,7.28,300
2022-04-04,7.28,7.28,7.28,7.28,0
2022-04-05,7.28,7.28,7.28,7.28,0
2022-04-06,7.28,7.28,7.28,7.28,0
2022-04-07,7.28,7.28,7.28,7.28,0
2022-04-08,7.28,7.28,7.28,7.28,0
2022-04-12,7.59,7.59,7.59,7.59,500
2022-04-13,7.59,7.59,7.59,7.59,0
2022-04-14,6.9,6.9,6.9,6.9,800
2022-04-15,6.9,6.9,6.9,6.9,0
2022-04-18,6.9,6.9,6.9,6.9,0
2022-04-19,6.39,6.39,6.39,6.39,200
2022-04-20,6.39,6.39,6.39,6.39,0
2022-04-21,6.39,6.39,6.39,6.39,0
2022-04-22,6.39,6.39,6.39,6.39,0
2022-04-25,6.39,6.39,6.39,6.39,0
2022-04-26,6.39,6.39,6.39,6.39,0
2022-04-27,6.39,6.39,6.39,6.39,0
2022-04-28,7.03,7.03,7.03,7.03,100
2022-04-29,7.03,7.03,7.03,7.03,0
2022-05-04,7.03,7.03,7.03,7.03,0
2022-05-05,7.03,7.03,7.03,7.03,0
2022-05-06,7.03,7.03,7.03,7.03,0
2022-05-09,6.33,6.33,6.33,6.33,100
2022-05-10,6.96,6.96,6.96,6.96,100
2022-05-11,6.96,6.96,6.96,6.96,0
2022-05-12,6.96,6.96,6.96,6.96,0
2022-05-13,6.96,6.96,6.96,6.96,0
2022-05-16,6.96,6.96,6.96,6.96,0
2022-05-17,6.96,6.96,6.96,6.96,0
2022-05-18,6.96,6.96,6.96,6.96,0
2022-05-19,6.96,6.96,6.96,6.96,0
2022-05-20,6.96,6.96,6.96,6.96,0
2022-05-23,6.96,6.96,6.96,6.96,0
2022-05-24,6.96,6.96,6.96,6.96,0
2022-05-25,6.96,6.96,6.96,6.96,0
2022-05-26,6.96,6.96,6.96,6.96,0
2022-05-27,6.96,6.96,6.96,6.96,0
2022-05-30,6.96,6.96,6.96,6.96,0
2022-05-31,6.96,6.96,6.96,6.96,0
2022-06-01,6.96,6.96,6.96,6.96,0
2022-06-02,6.96,6.96,6.96,6.96,0
2022-06-03,6.96,6.96,6.96,6.96,0
2022-06-06,6.96,6.96,6.96,6.96,0
2022-06-07,6.96,6.96,6.96,6.96,0
2022-06-08,6.96,6.96,6.96,6.96,0
2022-06-09,6.96,6.96,6.96,6.96,0
2022-06-10,6.96,6.96,6.96,6.96,0
2022-06-13,6.96,6.96,6.96,6.96,0
2022-06-14,6.96,6.96,6.96,6.96,0
2022-06-15,6.96,6.96,6.96,6.96,0
2022-06-16,6.96,6.96,6.96,6.96,0
2022-06-17,6.96,6.96,6.96,6.96,0
2022-06-20,6.96,6.96,6.96,6.96,0
2022-06-21,6.96,6.96,6.96,6.96,0
2022-06-22,6.96,6.96,6.96,6.96,0
2022-06-23,6.96,6.96,6.96,6.96,0
2022-06-24,6.96,6.96,6.96,6.96,0
2022-06-27,6.96,6.96,6.96,6.96,0
2022-06-28,6.96,6.96,6.96,6.96,0
2022-06-29,6.96,6.96,6.96,6.96,0
2022-06-30,6.96,6.96,6.96,6.96,0
2022-07-01,6.96,6.96,6.96,6.96,0
2022-07-04,6.96,6.96,6.96,6.96,0
2022-07-05,6.96,6.96,6.96,6.96,0
2022-07-06,6.96,6.96,6.96,6.96,0
2022-07-07,6.96,6.96,6.96,6.96,0
2022-07-08,6.96,6.96,6.96,6.96,0
2022-07-11,6.96,6.96,6.96,6.96,0
2022-07-12,6.96,6.96,6.96,6.96,0
2022-07-13,6.96,6.96,6.96,6.96,0
2022-07-14,6.96,6.96,6.96,6.96,0
2022-07-15,6.96,6.96,6.96,6.96,0
2022-07-18,6.96,6.96,6.96,6.96,0
2022-07-19,6.96,6.96,6.96,6.96,0
2022-07-20,6.27,6.33,6.27,6.33,5000
2022-07-21,6.33,6.33,6.33,6.33,0
2022-07-22,6.33,6.33,6.33,6.33,0
2022-07-25,6.9,6.96,6.9,6.96,6000
2022-07-26,7.66,7.66,7.66,7.66,18600
2022-07-27,8.4,8.4,8.4,8.4,1400
2022-07-28,9.2,9.2,9.0,9.0,3200
2022-07-29,8.5,9.0,8.1,9.0,4202
2022-08-01,8.2,8.2,8.1,8.1,3800
2022-08-02,7.3,7.5,7.3,7.4,5300
2022-08-03,7.1,7.9,7.1,7.1,5300
2022-08-04,7.1,7.1,7.1,7.1,100
2022-08-05,7.3,7.4,7.1,7.1,1200
2022-08-08,7.0,7.0,7.0,7.0,2300
2022-08-09,7.1,7.1,7.1,7.1,100
2022-08-10,7.3,7.3,7.2,7.3,300
2022-08-11,7.1,7.1,7.1,7.1,1500
2022-08-12,7.2,7.2,6.9,7.2,2000
2022-08-15,7.6,7.6,7.1,7.1,500
2022-08-16,7.5,7.5,7.5,7.5,100
2022-08-17,7.5,7.5,7.5,7.5,0
2022-08-18,7.5,7.5,7.5,7.5,0
2022-08-19,7.5,7.5,7.5,7.5,0
2022-08-22,7.9,7.9,7.7,7.8,500
2022-08-23,7.8,7.8,7.8,7.8,0
2022-08-24,7.8,7.8,7.8,7.8,0
2022-08-25,7.8,7.8,7.8,7.8,0
2022-08-26,7.8,7.8,7.8,7.8,0
2022-08-29,7.1,7.1,7.1,7.1,1200
2022-08-30,7.5,7.5,7.5,7.5,100
2022-08-31,6.9,7.3,6.8,7.3,800
2022-09-05,7.3,7.3,7.3,7.3,0
2022-09-06,7.3,7.3,7.3,7.3,0
2022-09-07,6.8,7.2,6.7,7.2,600
2022-09-08,7.2,7.2,7.2,7.2,0
2022-09-09,7.2,7.2,7.2,7.2,0
2022-09-12,7.2,7.2,7.2,7.2,0
2022-09-13,7.5,7.5,7.5,7.5,100
2022-09-14,7.5,7.5,7.5,7.5,2200
2022-09-15,7.5,8.1,7.5,8.1,600
2022-09-16,8.1,8.1,8.1,8.1,0
2022-09-19,8.1,8.1,8.1,8.1,0
2022-09-20,7.7,7.7,7.7,7.7,3100
2022-09-21,7.9,7.9,7.7,7.7,200
2022-09-22,7.7,7.7,7.7,7.7,0
2022-09-23,7.7,7.7,7.7,7.7,0
2022-09-26,7.0,7.0,7.0,7.0,800
2022-09-27,7.6,7.6,7.6,7.6,100
2022-09-28,7.9,7.9,7.9,7.9,100
2022-09-29,7.9,7.9,7.9,7.9,0
2022-09-30,7.9,7.9,7.9,7.9,0
2022-10-03,8.0,8.0,8.0,8.0,100
2022-10-04,8.0,8.0,8.0,8.0,0
2022-10-05,8.0,8.0,8.0,8.0,2
2022-10-06,8.0,8.0,8.0,8.0,0
2022-10-07,8.7,8.7,8.7,8.7,100
2022-10-10,8.7,8.7,8.7,8.7,0
2022-10-11,8.7,8.7,8.7,8.7,0
2022-10-12,7.9,9.4,7.9,9.4,2311
2022-10-13,9.4,9.4,9.4,9.4,0
2022-10-14,9.4,9.4,9.4,9.4,0
2022-10-17,9.4,9.4,9.4,9.4,0
2022-10-18,9.4,9.4,9.4,9.4,96
2022-10-19,8.5,9.4,8.5,9.4,203
2022-10-20,9.4,9.4,9.4,9.4,0
2022-10-21,10.3,10.3,8.5,8.5,2700
2022-10-24,8.5,8.5,8.5,8.5,0
2022-10-25,9.3,9.3,8.4,8.4,601
2022-10-26,9.2,9.2,7.6,7.6,900
2022-10-27,8.3,8.3,6.9,8.0,4200
2022-10-28,8.2,8.8,8.2,8.8,600
2022-10-31,9.3,9.3,9.3,9.3,100
2022-11-01,9.3,9.3,9.3,9.3,1
2022-11-02,9.3,9.3,9.3,9.3,0
2022-11-03,9.3,9.3,9.3,9.3,0
2022-11-04,9.4,9.4,9.4,9.4,100
2022-11-07,9.4,9.4,9.4,9.4,1
2022-11-08,10.1,10.1,10.1,10.1,100
2022-11-09,10.1,10.1,10.1,10.1,39
2022-11-10,10.1,10.1,10.1,10.1,0
2022-11-11,10.1,10.1,10.1,10.1,0
2022-11-14,10.1,10.1,10.1,10.1,0
2022-11-15,10.1,10.9,9.1,9.1,300
2022-11-16,8.2,8.2,8.2,8.2,161
2022-11-17,8.9,8.9,7.4,8.2,1415
2022-11-18,8.7,8.7,7.4,7.7,700
2022-11-21,8.4,8.4,7.3,7.4,300
2022-11-22,8.0,8.0,6.7,6.7,500
2022-11-23,7.0,7.0,7.0,7.0,300
2022-11-24,7.5,7.5,7.5,7.5,100
2022-11-25,8.0,8.0,8.0,8.0,100
2022-11-28,7.8,7.9,7.5,7.9,800
2022-11-29,7.2,7.4,7.2,7.4,4900
2022-11-30,7.9,7.9,7.9,7.9,100
2022-12-01,7.3,7.6,7.2,7.6,900
2022-12-02,8.3,8.3,7.7,7.7,2000
2022-12-05,7.9,7.9,7.9,7.9,100
2022-12-06,7.9,7.9,7.9,7.9,0
2022-12-07,7.9,7.9,7.9,7.9,0
2022-12-08,7.5,8.6,7.5,8.6,516
2022-12-09,7.8,7.8,7.8,7.8,2104
2022-12-12,8.1,8.1,8.1,8.1,100
2022-12-13,8.1,8.1,8.1,8.1,0
2022-12-14,8.1,8.1,8.1,8.1,1
2022-12-15,8.3,8.3,7.3,7.3,200
2022-12-16,7.7,7.7,7.0,7.5,5855
2022-12-19,7.9,7.9,7.9,7.9,100
2022-12-20,7.9,7.9,7.9,7.9,0
2022-12-21,7.9,7.9,7.9,7.9,0
2022-12-22,7.9,7.9,7.9,7.9,0
2022-12-23,7.9,7.9,7.9,7.9,0
2022-12-26,7.9,7.9,7.9,7.9,0
2022-12-27,8.6,8.6,7.9,7.9,600
2022-12-28,7.9,7.9,7.9,7.9,0
2022-12-29,8.2,8.2,8.2,8.2,123
2022-12-30,8.2,8.2,8.2,8.2,0
2023-01-03,8.2,8.2,8.2,8.2,0
2023-01-04,8.5,8.5,7.4,7.9,500
2023-01-05,7.4,8.5,7.2,8.5,9100
2023-01-06,8.5,8.5,8.5,8.5,0
2023-01-09,8.5,8.5,8.5,8.5,0
2023-01-10,8.5,8.5,8.5,8.5,0
2023-01-11,8.5,8.5,8.5,8.5,0
2023-01-12,7.7,7.7,7.7,7.7,600
2023-01-13,7.9,7.9,7.9,7.9,100
2023-01-16,7.9,7.9,7.9,7.9,0
2023-01-17,8.1,8.1,8.1,8.1,100
2023-01-18,8.2,8.2,8.2,8.2,200
2023-01-19,8.2,8.2,8.2,8.2,0
2023-01-27,8.2,8.2,8.2,8.2,0
2023-01-30,7.7,7.7,7.7,7.7,100
2023-01-31,8.1,8.1,7.3,7.7,732
2023-02-01,7.7,7.7,7.7,7.7,0
2023-02-02,8.1,8.1,8.1,8.1,100
2023-02-03,8.1,8.1,8.1,8.1,0
2023-02-06,8.1,8.1,8.1,8.1,0
2023-02-07,7.3,8.0,7.3,8.0,600
2023-02-08,8.0,8.0,8.0,8.0,0
2023-02-09,8.0,8.0,8.0,8.0,0
2023-02-10,8.0,8.0,8.0,8.0,0
2023-02-13,8.0,8.0,8.0,8.0,0
2023-02-14,7.2,7.2,7.2,7.2,501
2023-02-15,7.8,7.8,7.8,7.8,100
2023-02-16,7.8,7.8,7.8,7.8,0
2023-02-17,7.8,7.8,7.8,7.8,0
2023-02-20,7.1,7.8,7.1,7.8,600
2023-02-21,7.9,7.9,7.8,7.8,200
2023-02-22,7.9,7.9,7.9,7.9,100
2023-02-23,7.9,7.9,7.9,7.9,0
2023-02-24,7.9,7.9,7.9,7.9,0
2023-02-27,7.9,7.9,7.9,7.9,0
2023-02-28,7.9,7.9,7.9,7.9,0
2023-03-01,7.9,7.9,7.9,7.9,0
2023-03-02,7.9,8.2,7.9,8.2,200
2023-03-03,7.4,7.4,7.4,7.4,100
2023-03-06,7.9,7.9,7.4,7.4,600
2023-03-07,7.9,7.9,7.9,7.9,100
2023-03-08,8.2,8.2,8.2,8.2,100
2023-03-09,7.4,7.4,7.4,7.4,200
2023-03-10,7.9,7.9,7.9,7.9,100
2023-03-13,7.9,7.9,7.9,7.9,0
2023-03-14,8.4,8.4,8.4,8.4,100
2023-03-15,7.8,7.9,7.8,7.9,500
2023-03-16,7.9,7.9,7.9,7.9,0
2023-03-17,7.2,7.7,7.2,7.7,6300
2023-03-20,7.7,7.7,7.7,7.7,0
2023-03-21,7.8,7.8,7.0,7.0,300
2023-03-22,6.3,7.6,6.3,6.5,5300
2023-03-23,7.0,7.1,6.3,7.1,400
2023-03-24,7.4,7.4,6.5,6.5,200
2023-03-27,7.1,7.1,7.1,7.1,100
2023-03-28,7.5,7.5,7.3,7.3,200
2023-03-29,7.3,7.3,7.3,7.3,0
2023-03-30,7.6,7.6,6.6,7.3,700
2023-03-31,6.7,7.1,6.6,7.1,800
2023-04-03,6.6,7.0,6.4,6.4,4367
2023-04-04,6.7,6.7,5.8,6.4,3400
2023-04-05,6.4,6.7,6.4,6.7,2900
2023-04-06,6.7,6.7,6.7,6.7,0
2023-04-07,6.2,6.6,6.2,6.6,300
2023-04-10,6.2,6.5,6.2,6.5,200
2023-04-11,6.5,6.5,6.5,6.5,0
2023-04-12,6.5,6.7,6.5,6.7,400
2023-04-13,6.3,6.9,6.3,6.9,5100
2023-04-14,7.3,7.3,7.3,7.3,100
2023-04-17,7.7,7.7,7.7,7.7,100
2023-04-18,7.7,7.7,7.7,7.7,0
2023-04-19,7.7,7.7,7.7,7.7,8
2023-04-20,7.7,7.7,7.7,7.7,0
2023-04-21,8.0,8.0,8.0,8.0,100
2023-04-24,8.0,8.0,8.0,8.0,0
2023-04-25,8.0,8.0,8.0,8.0,0
2023-04-26,8.0,8.0,8.0,8.0,0
2023-04-27,8.0,8.0,8.0,8.0,0
2023-04-28,7.2,8.0,7.2,8.0,700
2023-05-04,8.0,8.0,8.0,8.0,1
2023-05-05,8.0,8.0,8.0,8.0,0
2023-05-08,8.0,8.0,8.0,8.0,0
2023-05-09,8.0,8.0,8.0,8.0,0
2023-05-10,8.0,8.7,7.2,7.7,1400
2023-05-11,7.7,8.3,7.1,8.3,2400
2023-05-12,7.5,7.9,7.5,7.5,3220
2023-05-15,8.0,8.0,7.0,7.8,825
2023-05-16,7.1,7.6,7.1,7.6,810
2023-05-17,7.6,7.6,7.6,7.6,10
2023-05-18,7.6,7.6,7.6,7.6,0
2023-05-19,7.6,7.6,7.6,7.6,0
2023-05-22,7.6,7.6,7.6,7.6,30
2023-05-23,6.9,6.9,6.9,6.9,1000
2023-05-24,7.1,7.1,7.1,7.1,100
2023-05-25,7.1,7.1,7.1,7.1,0
2023-05-26,6.4,7.0,6.4,7.0,1332
2023-05-29,7.0,7.0,6.4,6.4,400
2023-05-30,6.8,6.9,6.8,6.9,200
2023-05-31,7.4,7.4,7.4,7.4,100
2023-06-01,7.9,7.9,7.9,7.9,137
2023-06-02,7.9,7.9,7.9,7.9,0
2023-06-05,7.2,7.8,7.2,7.8,200
2023-06-06,7.8,7.8,7.8,7.8,46
2023-06-07,7.8,7.8,7.8,7.8,15
2023-06-08,7.8,8.3,7.8,8.3,202
2023-06-09,7.5,9.1,7.5,9.1,5630
2023-06-12,9.0,10.0,9.0,9.9,7700
2023-06-13,10.7,10.8,10.5,10.6,22043
2023-06-14,11.3,11.3,10.6,11.3,502
2023-06-15,11.3,11.3,11.3,11.3,0
2023-06-16,11.3,11.3,11.3,11.3,0
2023-06-19,11.3,11.3,11.3,11.3,0
2023-06-20,11.3,11.3,11.3,11.3,0
2023-06-21,11.3,11.3,11.3,11.3,2000
2023-06-22,11.3,11.3,11.3,11.3,0
2023-06-23,10.2,10.2,10.2,10.2,201
2023-06-26,10.2,10.2,10.2,10.2,0
2023-06-27,10.5,10.5,10.5,10.5,100
2023-06-28,10.5,10.5,10.5,10.5,0
2023-06-29,11.2,11.2,10.3,10.3,400
2023-06-30,10.3,10.3,10.3,10.3,0
2023-07-03,11.0,11.0,11.0,11.0,100
2023-07-04,11.9,11.9,10.5,10.7,3600
2023-07-05,10.7,10.7,10.7,10.7,0
2023-07-06,10.7,10.7,10.7,10.7,0
2023-07-07,11.5,11.5,11.5,11.5,200
2023-07-10,11.5,11.5,11.5,11.5,0
2023-07-11,11.5,11.5,11.5,11.5,0
2023-07-12,10.4,10.4,10.4,10.4,100
2023-07-13,9.4,9.4,9.4,9.4,1601
2023-07-14,8.5,8.5,8.5,8.5,1410
2023-07-17,7.9,8.8,7.9,8.8,18920
2023-07-18,9.3,9.3,8.0,8.7,1000
2023-07-19,8.0,8.6,7.9,7.9,2420
2023-07-20,8.3,8.3,7.9,7.9,302
2023-07-21,7.9,7.9,7.9,7.9,0
2023-07-24,7.5,8.0,7.4,8.0,1345
2023-07-25,8.0,8.0,8.0,8.0,10
2023-07-26,7.9,8.4,7.3,8.2,4030
2023-07-27,8.1,8.9,8.1,8.9,1302
2023-07-28,8.9,9.4,8.9,9.4,200
2023-07-31,8.5,9.1,8.5,8.5,6400
2023-08-01,8.5,8.5,8.5,8.5,0
2023-08-02,9.1,9.1,9.1,9.1,133
2023-08-03,8.4,8.4,8.2,8.4,2200
2023-08-04,8.8,8.8,7.7,7.7,1902
2023-08-07,8.2,8.2,7.7,8.2,800
2023-08-08,8.6,8.6,8.3,8.3,355
2023-08-09,8.3,8.3,8.3,8.3,0
2023-08-10,8.3,8.3,8.3,8.3,0
2023-08-11,8.1,8.1,8.1,8.1,3002
2023-08-14,8.4,8.4,7.5,8.4,500
2023-08-15,8.2,8.2,7.6,7.6,600
2023-08-16,7.3,8.1,7.3,8.0,16154
2023-08-17,8.0,8.0,8.0,8.0,0
2023-08-18,7.3,7.6,7.3,7.6,200
2023-08-21,8.3,8.3,6.9,7.7,3200
2023-08-22,7.7,7.7,7.7,7.7,0
2023-08-23,7.0,7.6,7.0,7.6,1220
2023-08-24,7.0,7.6,7.0,7.6,200
2023-08-25,7.0,7.7,7.0,7.7,2300
2023-08-28,7.7,7.7,7.7,7.7,1
2023-08-29,7.0,7.6,7.0,7.6,420
2023-08-30,7.6,7.6,7.6,7.6,0
2023-08-31,7.7,7.7,7.0,7.7,4500
2023-09-05,7.6,7.6,7.2,7.6,10201
2023-09-06,8.1,8.1,7.8,7.8,2600
2023-09-07,7.6,7.6,7.6,7.6,1016
2023-09-08,7.6,8.3,7.6,8.0,2100
2023-09-11,8.0,8.0,8.0,8.0,0
2023-09-12,8.6,8.6,8.1,8.1,200
2023-09-13,8.1,8.1,8.1,8.1,0
2023-09-14,8.7,8.7,8.7,8.7,100
2023-09-15,8.7,9.3,8.7,8.8,300
2023-09-18,8.0,8.0,8.0,8.0,205
2023-09-19,8.6,8.6,7.2,8.2,300
2023-09-20,8.6,8.6,7.4,8.2,1200
2023-09-21,8.5,8.5,7.8,7.8,1500
2023-09-22,7.8,7.8,7.5,7.7,2100
2023-09-25,7.7,7.7,7.7,7.7,0
2023-09-26,7.7,7.7,7.7,7.7,0
2023-09-27,7.7,7.7,7.7,7.7,0
2023-09-28,7.7,7.7,7.7,7.7,0
2023-09-29,7.7,7.7,7.7,7.7,0
2023-10-02,7.9,7.9,7.9,7.9,1100
2023-10-03,7.9,7.9,7.9,7.9,0
2023-10-04,7.9,7.9,7.9,7.9,0
2023-10-05,7.9,7.9,7.9,7.9,0
2023-10-06,7.9,7.9,7.9,7.9,0
2023-10-09,7.9,8.5,7.9,8.5,400
2023-10-10,9.1,9.1,7.9,7.9,200
2023-10-11,7.9,7.9,7.9,7.9,0
2023-10-12,7.9,7.9,7.9,7.9,0
2023-10-13,8.5,8.5,8.5,8.5,100
2023-10-16,8.5,8.5,8.5,8.5,0
2023-10-17,8.0,8.0,8.0,8.0,100
2023-10-18,8.0,8.0,8.0,8.0,0
2023-10-19,8.0,8.0,8.0,8.0,0
2023-10-20,8.0,8.0,8.0,8.0,0
2023-10-23,8.0,8.0,8.0,8.0,0
2023-10-24,7.2,7.8,7.2,7.8,1000
2023-10-25,7.8,7.8,7.8,7.8,0
2023-10-26,7.8,7.8,7.8,7.8,0
2023-10-27,7.8,7.8,7.8,7.8,0
2023-10-30,7.1,7.5,7.1,7.5,1200
2023-10-31,6.8,7.9,6.8,7.9,10921
2023-11-01,7.9,7.9,7.9,7.9,0
2023-11-02,7.2,7.6,7.2,7.4,400
2023-11-03,7.4,7.4,7.4,7.4,0
2023-11-06,7.7,7.7,7.7,7.7,101
2023-11-07,7.7,7.7,7.7,7.7,0
2023-11-08,7.9,7.9,7.9,7.9,100
2023-11-09,7.9,7.9,7.9,7.9,0
2023-11-10,8.1,8.1,8.1,8.1,116
2023-11-13,7.4,7.5,7.4,7.5,200
2023-11-14,6.8,7.7,6.8,7.3,4491
2023-11-15,6.6,7.4,6.6,6.6,1000
2023-11-16,6.6,7.2,6.6,7.0,3210
2023-11-17,7.2,7.6,7.2,7.2,500
2023-11-20,6.5,7.7,6.5,6.6,900
2023-11-21,6.5,7.2,6.5,7.2,300
2023-11-22,6.5,7.1,6.5,7.1,200
2023-11-23,6.4,7.3,6.4,7.3,1900
2023-11-24,7.3,7.3,7.3,7.3,5
2023-11-27,7.3,7.3,7.3,7.3,0
2023-11-28,6.6,7.1,6.6,7.1,200
2023-11-29,7.1,7.1,7.1,7.1,0
2023-11-30,6.4,7.0,6.4,7.0,200
2023-12-01,6.8,7.7,6.8,7.7,1300
2023-12-04,7.3,8.4,7.3,8.4,25300
2023-12-05,7.6,9.2,7.6,9.2,13300
2023-12-06,8.5,10.0,8.3,10.0,7200
2023-12-07,10.9,10.9,10.9,10.9,100
2023-12-08,11.6,11.6,10.4,11.2,1203
2023-12-11,10.1,10.1,10.1,10.1,100
2023-12-12,9.1,10.8,9.1,10.8,8300
2023-12-13,11.3,11.7,11.3,11.7,300
2023-12-14,10.6,10.6,10.6,10.6,19700
2023-12-15,9.6,10.7,9.6,10.0,5500
2023-12-18,10.0,10.6,9.0,10.6,18400
2023-12-19,10.3,10.3,10.3,10.3,100
2023-12-20,9.4,11.3,9.3,10.7,54005
2023-12-21,10.7,10.7,10.7,10.7,0
2023-12-22,9.7,9.8,9.7,9.7,4000
2023-12-25,8.8,9.6,8.8,9.6,5500
2023-12-26,8.7,8.9,8.7,8.9,3400
2023-12-27,8.1,8.9,8.1,8.9,41668
2023-12-28,8.1,8.9,8.1,8.9,600
2023-12-29,8.1,9.4,8.1,9.4,12520
2024-01-02,8.5,10.0,8.5,9.8,22800
2024-01-03,8.9,9.4,8.9,9.2,9100
2024-01-04,9.2,9.2,9.2,9.2,0
2024-01-05,8.6,9.1,8.3,8.3,32200
2024-01-08,8.2,8.5,8.2,8.5,500
2024-01-09,8.5,9.1,7.9,9.1,16000
2024-01-10,9.1,9.1,9.1,9.1,0
2024-01-11,8.6,9.7,8.6,9.7,6300
2024-01-12,9.2,9.3,8.8,8.8,1300
2024-01-15,8.8,8.8,8.8,8.8,0
2024-01-16,8.8,8.8,8.8,8.8,0
2024-01-17,9.6,9.6,9.6,9.6,100
2024-01-18,9.6,9.6,9.6,9.6,0
2024-01-19,8.7,8.9,8.7,8.7,3635
2024-01-22,9.2,9.2,7.9,7.9,5300
2024-01-23,7.9,7.9,7.2,7.6,4400
2024-01-24,8.3,8.3,7.4,7.8,2400
2024-01-25,7.5,7.6,7.5,7.6,2400
2024-01-26,7.9,8.0,7.9,8.0,2600
2024-01-29,7.5,7.5,7.5,7.5,100
2024-01-30,8.0,8.0,8.0,8.0,100
2024-01-31,8.0,8.0,8.0,8.0,0
2024-02-01,8.0,8.0,8.0,8.0,0
2024-02-02,8.0,8.0,8.0,8.0,0
2024-02-05,8.0,8.0,8.0,8.0,0
2024-02-06,7.2,8.6,7.2,8.0,400
2024-02-07,8.0,8.0,8.0,8.0,0
2024-02-15,7.8,7.8,7.4,7.4,700
2024-02-16,7.6,7.6,7.6,7.6,100
2024-02-19,7.6,7.6,7.6,7.6,100
2024-02-20,7.6,7.6,7.6,7.6,0
2024-02-21,7.9,7.9,7.8,7.9,900
2024-02-22,7.9,7.9,7.9,7.9,0
2024-02-23,7.9,7.9,7.9,7.9,0
2024-02-26,7.9,7.9,7.9,7.9,0
2024-02-27,7.9,7.9,7.9,7.9,0
2024-02-28,7.9,7.9,7.9,7.9,0
2024-02-29,7.9,7.9,7.9,7.9,0
2024-03-01,7.9,7.9,7.9,7.9,0
2024-03-04,7.3,8.0,7.3,7.7,5700
2024-03-05,7.8,8.1,7.8,8.1,200
2024-03-06,8.0,8.3,8.0,8.3,200
2024-03-07,8.4,8.4,8.4,8.4,200
2024-03-08,8.5,8.5,8.5,8.5,100
2024-03-11,8.5,8.5,8.5,8.5,0
2024-03-12,9.1,9.1,9.1,9.1,100
2024-03-13,8.2,8.7,8.2,8.2,1600
2024-03-14,8.9,8.9,7.5,7.5,1300
2024-03-15,7.6,7.9,7.4,7.5,3600
2024-03-18,7.7,8.1,7.7,8.1,400
2024-03-19,8.0,8.7,8.0,8.7,200
2024-03-20,8.4,8.4,8.2,8.2,300
2024-03-21,7.5,7.9,7.5,7.9,586
2024-03-22,8.2,8.2,8.2,8.2,100
2024-03-25,7.6,8.1,7.6,8.1,400
2024-03-26,8.7,8.7,8.7,8.7,100
2024-03-27,8.7,8.7,8.7,8.7,0
2024-03-28,7.9,8.0,7.9,8.0,400
2024-03-29,8.2,8.2,8.2,8.2,100
2024-04-01,8.3,8.3,8.2,8.2,200
2024-04-02,7.5,8.0,7.5,8.0,200
2024-04-03,8.7,8.7,7.9,7.9,700
2024-04-04,8.4,8.4,7.9,7.9,300
2024-04-05,8.4,8.4,7.3,8.4,400
2024-04-08,7.6,7.7,7.6,7.7,3120
2024-04-09,8.3,8.3,8.3,8.3,100
2024-04-10,7.6,8.1,7.6,7.6,300
2024-04-11,8.1,8.1,8.1,8.1,100
2024-04-12,7.7,8.1,7.7,8.1,200
2024-04-15,8.2,8.2,8.2,8.2,100
2024-04-16,8.2,8.2,8.2,8.2,0
2024-04-17,8.2,8.2,8.2,8.2,0
2024-04-19,8.2,8.2,8.2,8.2,0
2024-04-22,8.1,8.1,8.1,8.1,201
2024-04-23,8.1,8.1,8.1,8.1,0
2024-04-24,8.1,8.1,8.1,8.1,0
2024-04-25,8.0,8.8,7.9,8.8,14200
2024-04-26,8.8,8.8,8.8,8.8,0
2024-05-02,8.8,8.8,8.8,8.8,0
2024-05-03,8.8,8.8,8.8,8.8,0
2024-05-06,8.8,9.0,8.8,9.0,1500
2024-05-07,9.0,9.0,9.0,9.0,0
2024-05-08,9.0,9.0,9.0,9.0,0
2024-05-09,8.1,8.4,8.1,8.4,500
2024-05-10,7.9,8.2,7.9,8.2,200
2024-05-13,8.7,8.7,8.2,8.2,200
2024-05-14,8.0,8.0,8.0,8.0,2100
2024-05-15,8.2,8.2,7.5,8.0,4010
2024-05-16,7.5,8.1,7.4,8.1,1600
2024-05-17,8.3,8.4,7.4,8.0,3900
2024-05-20,8.2,8.2,8.2,8.2,5000
2024-05-21,8.1,8.1,8.1,8.1,100
2024-05-22,8.0,8.1,8.0,8.1,200
2024-05-23,7.7,8.1,7.7,8.1,200
2024-05-24,8.1,8.1,8.1,8.1,0
2024-05-27,7.6,8.0,7.6,8.0,200
2024-05-28,8.0,8.0,8.0,8.0,5
2024-05-29,8.0,8.0,8.0,8.0,0
2024-05-30,7.5,7.7,7.5,7.7,511
2024-05-31,7.8,8.2,7.8,8.2,6200
2024-06-03,8.2,8.2,8.2,8.2,0
2024-06-04,8.1,8.1,7.7,7.7,200
2024-06-05,8.2,8.2,8.0,8.0,5216
2024-06-06,8.0,8.1,7.7,7.9,1505
2024-06-07,8.0,8.0,8.0,8.0,2000
2024-06-10,8.5,8.5,7.5,7.5,7800
2024-06-11,7.9,7.9,7.4,7.7,2000
2024-06-12,7.8,8.3,7.8,8.3,200
2024-06-13,8.3,8.3,8.3,8.3,0
2024-06-14,7.8,8.1,7.6,8.1,1800
2024-06-17,7.6,7.8,7.3,7.3,15100
2024-06-18,7.7,7.9,7.7,7.9,300
2024-06-19,8.3,8.3,7.8,7.8,209
2024-06-20,7.7,7.7,7.7,7.7,1800
2024-06-21,7.7,7.7,7.6,7.6,4400
2024-06-24,7.6,7.7,7.6,7.7,1800
2024-06-25,7.7,8.3,7.7,8.3,3100
2024-06-26,9.1,9.1,8.0,8.8,3300
2024-06-27,8.8,8.8,8.8,8.8,100
2024-06-28,8.8,8.8,8.0,8.4,300
2024-07-01,8.4,8.4,8.4,8.4,0
2024-07-02,7.9,8.1,7.6,8.0,3500
2024-07-03,8.0,8.4,8.0,8.4,200
2024-07-04,7.7,8.0,7.7,7.7,1400
2024-07-05,7.2,8.1,7.2,8.1,400
2024-07-08,8.5,8.5,8.5,8.5,100
2024-07-09,9.0,9.0,8.7,8.7,1200
2024-07-10,9.5,9.5,7.9,8.5,3500
2024-07-11,9.0,9.0,7.8,7.8,3409
2024-07-12,7.8,8.0,7.6,8.0,1300
2024-07-15,8.4,8.4,8.0,8.0,300
2024-07-16,8.2,8.2,7.8,7.8,2600
2024-07-17,7.9,7.9,7.9,7.9,300
2024-07-18,7.9,7.9,7.9,7.9,8
2024-07-19,7.9,7.9,7.9,7.9,100
2024-07-22,7.9,7.9,7.9,7.9,0
2024-07-23,7.9,7.9,7.9,7.9,0
2024-07-24,7.4,7.4,7.4,7.4,1200
2024-07-25,7.6,7.6,7.6,7.6,102
2024-07-31,7.4,7.7,7.4,7.7,200
2024-08-02,7.9,7.9,7.9,7.9,100
2024-08-08,7.8,8.4,7.8,8.0,400
2024-08-09,8.2,8.2,7.2,7.3,1500
2024-08-12,7.6,7.6,7.6,7.6,100
2024-08-13,7.8,7.8,6.9,7.5,600
2024-08-14,7.2,7.5,7.0,7.5,900
2024-08-15,7.3,7.6,7.3,7.3,800
2024-08-16,7.4,7.7,7.4,7.7,200
2024-08-19,7.4,7.7,7.4,7.7,400
2024-08-20,7.7,7.7,7.7,7.7,200
2024-08-21,7.0,7.3,7.0,7.3,200
2024-08-22,7.3,7.4,7.2,7.2,500
2024-08-23,7.4,7.4,7.3,7.4,500
2024-08-26,7.6,7.6,7.4,7.5,300
2024-08-28,7.6,7.9,7.6,7.9,300
2024-08-29,7.8,7.8,7.4,7.4,300
2024-08-30,7.7,7.7,7.7,7.7,100
2024-09-05,7.8,7.8,7.8,7.8,100
2024-09-16,7.2,7.4,7.2,7.4,300
2024-09-17,7.9,7.9,7.9,7.9,100
2024-09-18,7.4,7.7,7.4,7.7,200
2024-09-19,7.8,7.8,7.2,7.6,300
2024-09-20,7.6,7.6,7.6,7.6,1000
2024-09-24,7.2,8.0,7.1,8.0,2000
2024-09-26,7.8,7.9,7.8,7.9,200
2024-10-01,7.3,7.8,7.3,7.8,500
2024-10-02,7.9,7.9,7.9,7.9,100
2024-10-03,7.7,7.8,7.6,7.6,200
2024-10-04,7.8,7.8,7.8,7.8,100
2024-10-07,7.7,7.9,7.7,7.9,200
2024-10-08,7.9,7.9,7.9,7.9,600
2024-10-09,8.0,8.0,8.0,8.0,100
2024-10-22,8.0,8.0,8.0,8.0,100
2024-10-23,7.9,7.9,7.9,7.9,100
2024-11-01,7.9,7.9,7.9,7.9,200
2024-11-04,7.4,7.8,7.4,7.8,200
2024-11-05,7.9,7.9,7.9,7.9,100
2024-11-20,8.0,8.0,8.0,8.0,100
2024-11-28,8.0,8.0,8.0,8.0,600
2024-12-04,8.0,8.0,7.4,7.4,100
2024-12-05,7.9,7.9,7.0,7.0,200
2024-12-06,7.6,7.6,7.6,7.6,100
2024-12-09,7.9,7.9,7.9,7.9,100
2024-12-12,8.3,8.3,8.3,8.3,100
2024-12-13,8.3,8.3,8.3,8.3,600
2025-01-14,8.2,8.2,8.2,8.2,200
2025-01-23,8.2,8.2,7.8,8.0,300
2025-01-24,8.2,8.2,8.2,8.2,100
2025-02-10,8.2,8.2,8.1,8.1,200
2025-02-11,8.4,8.4,8.4,8.4,100
2025-02-17,8.2,8.3,8.2,8.3,700
2025-02-18,7.6,8.1,7.6,8.1,2200
2025-02-19,8.4,8.4,8.4,8.4,100
2025-02-21,8.3,8.3,8.3,8.3,100
2025-03-06,8.3,8.3,8.3,8.3,100
2025-03-11,8.2,8.2,8.1,8.1,7000
2025-03-12,7.7,8.2,7.7,8.2,200
2025-03-14,7.5,9.0,7.5,7.6,6700
2025-03-17,7.9,7.9,7.9,7.9,100
2025-03-18,8.0,8.0,8.0,8.0,100
2025-03-20,7.5,7.8,7.5,7.8,200
2025-03-21,7.9,8.0,7.9,8.0,200
2025-03-25,8.0,8.6,8.0,8.4,700
2025-03-26,8.2,8.2,8.1,8.1,600
2025-03-28,8.8,8.8,8.8,8.8,400
2025-04-01,8.0,8.6,8.0,8.6,1600
2025-04-02,9.3,9.3,9.2,9.2,200
2025-04-08,8.3,8.3,8.3,8.3,100
2025-04-09,9.0,9.0,9.0,9.0,100
2025-04-10,9.7,9.7,8.1,8.1,5300
2025-04-11,7.9,7.9,7.9,7.9,100
2025-04-14,8.0,8.0,8.0,8.0,100
2025-04-15,7.3,8.0,7.3,8.0,200
2025-04-16,7.3,7.8,7.3,7.8,1000
2025-04-17,8.0,8.0,7.5,7.5,700
2025-04-18,8.0,8.0,8.0,8.0,100
2025-04-22,7.3,7.9,7.3,7.7,1600
2025-04-23,7.9,7.9,7.9,7.9,100
2025-04-24,7.9,8.0,7.9,8.0,1700
2025-04-25,7.3,8.2,7.3,8.2,600
2025-04-28,7.5,7.9,7.5,7.8,400
2025-04-29,8.1,8.1,8.1,8.1,100
2025-05-05,7.5,7.8,7.5,7.8,300
2025-05-06,7.8,8.0,7.8,8.0,200
2025-05-07,8.4,8.4,8.4,8.4,100
2025-05-08,8.1,8.7,8.0,8.4,1200
2025-05-09,8.5,8.5,8.2,8.5,1700
2025-05-13,8.0,8.0,8.0,8.0,100
2025-05-14,8.4,8.4,7.6,7.9,2600
2025-05-15,8.4,8.4,8.4,8.4,100
2025-05-21,7.6,8.1,7.6,8.1,300
2025-05-22,8.1,8.4,8.1,8.4,200
2025-05-26,8.1,8.3,8.1,8.2,600
2025-05-27,8.3,8.3,8.1,8.1,300
2025-05-28,8.4,8.4,8.4,8.4,100
2025-05-29,8.4,8.4,8.4,8.4,100
2025-05-30,8.4,8.4,8.4,8.4,100
2025-06-02,8.4,8.4,8.4,8.4,600
2025-06-03,8.4,8.4,7.9,8.0,3000
2025-06-04,8.3,8.3,8.3,8.3,100
2025-06-05,8.4,8.4,7.6,7.6,1500
2025-06-06,8.2,8.2,7.7,7.7,2700
2025-06-09,8.1,8.1,8.1,8.1,100
2025-06-10,8.3,8.3,8.2,8.2,600
2025-06-11,8.3,8.3,8.3,8.3,100
2025-06-12,8.0,8.0,8.0,8.0,1000
2025-06-13,8.2,8.2,8.2,8.2,100
2025-06-24,8.0,8.0,8.0,8.0,700
2025-06-25,8.6,8.6,7.9,7.9,200
2025-06-26,8.1,8.1,8.0,8.0,400
2025-06-27,8.1,8.1,8.1,8.1,100
2025-06-30,8.0,8.0,8.0,8.0,2100
2025-07-01,8.0,8.0,8.0,8.0,100
2025-07-02,7.9,7.9,7.9,7.9,100
2025-07-04,7.9,7.9,7.9,7.9,11700
2025-07-07,8.0,8.0,7.8,7.9,2500
2025-07-08,8.0,8.0,8.0,8.0,100
2025-07-09,8.0,8.0,7.9,8.0,24200
2025-07-10,8.0,8.0,8.0,8.0,100
2025-07-14,7.4,7.9,7.2,7.9,8000
2025-07-15,8.0,8.0,8.0,8.0,800
2025-07-16,7.8,7.9,7.8,7.9,1100
2025-07-17,7.9,7.9,7.9,7.9,2500
2025-07-18,8.0,8.0,7.7,7.9,4000
2025-07-21,7.9,8.3,7.9,8.3,7000
2025-07-22,8.1,8.1,8.1,8.1,200
2025-07-23,8.4,8.4,8.3,8.3,2200
2025-07-24,8.3,8.4,8.1,8.4,5000
2025-07-25,8.4,8.9,8.4,8.7,9900
2025-07-28,8.9,8.9,8.3,8.3,1200
2025-07-29,8.9,8.9,8.4,8.8,1400
2025-07-30,8.3,8.3,8.2,8.2,1000
2025-07-31,8.7,8.7,8.3,8.6,1700
2025-08-01,8.6,8.6,8.6,8.6,100
2025-08-04,9.2,9.2,9.2,9.2,100
2025-08-06,8.6,8.8,8.4,8.4,900
2025-08-07,8.6,8.6,8.4,8.6,3800
2025-08-08,8.8,8.8,8.8,8.8,100
2025-08-12,8.5,8.6,8.5,8.5,1900
2025-08-13,8.7,8.7,8.6,8.6,200
2025-08-14,8.7,8.7,8.0,8.5,4900
2025-08-15,8.7,8.7,8.7,8.7,600
2025-08-18,8.0,8.6,8.0,8.6,6600
2025-08-19,8.9,8.9,8.2,8.5,13100
2025-08-20,8.8,8.8,8.3,8.6,11400
2025-08-21,8.8,8.8,8.3,8.3,300
2025-08-22,8.7,8.8,8.3,8.3,18200
2025-08-25,8.9,8.9,8.3,8.3,11900
2025-08-26,8.8,8.8,8.8,8.8,100
2025-08-28,8.6,8.6,8.6,8.6,100
2025-08-29,8.5,8.5,8.5,8.5,100
2025-09-04,8.6,8.7,8.4,8.4,1600
2025-09-05,8.6,8.6,8.6,8.6,100
2025-09-08,9.3,9.3,8.6,8.9,300
2025-09-09,8.9,8.9,8.1,8.6,5000
2025-09-10,9.4,9.4,8.6,8.6,4800
2025-09-12,8.6,8.6,8.3,8.5,1800
2025-09-16,8.8,8.8,8.8,8.8,100
2025-09-23,8.8,8.8,8.7,8.7,200
2025-09-30,8.6,8.6,8.0,8.0,200
2025-10-01,8.4,8.4,8.4,8.4,100
2025-10-02,8.9,8.9,7.9,7.9,2300
2025-10-03,8.0,8.4,8.0,8.4,700
2025-10-07,8.5,8.5,8.5,8.5,100
2025-10-08,7.9,8.4,7.9,8.4,1200
2025-10-13,8.6,8.6,8.6,8.6,100
2025-10-21,8.6,8.6,8.6,8.6,3700
