time,open,high,low,close,volume
2017-09-21,11.64,11.64,11.64,11.64,100
2017-09-22,11.64,11.64,11.64,11.64,0
2017-09-25,11.64,11.64,11.64,11.64,0
2017-09-26,11.64,11.64,11.64,11.64,0
2017-09-27,11.64,11.64,11.64,11.64,0
2017-09-28,11.64,11.64,11.64,11.64,0
2017-09-29,11.64,11.64,11.64,11.64,0
2017-10-02,11.64,11.64,11.64,11.64,0
2017-10-03,11.64,11.64,11.64,11.64,0
2017-10-04,11.64,11.64,11.64,11.64,0
2017-10-05,11.64,11.64,11.64,11.64,0
2017-10-06,11.64,11.64,11.64,11.64,0
2017-10-09,11.64,11.64,11.64,11.64,0
2017-10-10,11.64,11.64,11.64,11.64,0
2017-10-11,11.64,11.64,11.64,11.64,0
2017-10-12,11.64,11.64,11.64,11.64,0
2017-10-13,11.64,11.64,11.64,11.64,0
2017-10-16,11.64,11.64,11.64,11.64,0
2017-10-17,11.64,11.64,11.64,11.64,0
2017-10-18,11.64,11.64,11.64,11.64,0
2017-10-19,11.64,11.64,11.64,11.64,0
2017-10-20,11.64,11.64,11.64,11.64,0
2017-10-23,12.6,12.6,12.6,12.6,3800
2017-10-24,12.6,12.6,12.6,12.6,0
2017-10-25,12.6,12.6,12.6,12.6,0
2017-10-26,12.6,12.6,12.6,12.6,0
2017-10-27,10.73,10.73,10.73,10.73,100
2017-10-30,12.2,12.25,12.2,12.25,200
2017-10-31,13.96,13.96,13.96,13.96,100
2017-11-01,13.96,13.96,13.96,13.96,0
2017-11-02,13.96,13.96,13.96,13.96,0
2017-11-03,13.96,13.96,13.96,13.96,0
2017-11-06,13.1,13.1,13.1,13.1,100
2017-11-07,13.1,13.1,13.1,13.1,0
2017-11-08,13.1,13.1,13.1,13.1,0
2017-11-09,13.1,13.1,13.1,13.1,0
2017-11-10,13.61,13.61,13.61,13.61,800
2017-11-13,11.59,11.59,11.59,11.59,100
2017-11-14,13.3,13.3,13.3,13.3,100
2017-11-15,14.11,14.11,14.11,14.11,100
2017-11-16,14.11,14.11,14.11,14.11,0
2017-11-17,14.11,14.11,14.11,14.11,0
2017-11-20,14.11,14.11,14.11,14.11,0
2017-11-21,13.61,14.11,13.35,14.11,10500
2017-11-22,14.11,14.11,14.11,14.11,100
2017-11-23,14.11,14.11,14.11,14.11,4000
2017-11-24,14.11,14.11,14.11,14.11,0
2017-11-27,14.11,14.11,14.11,14.11,0
2017-11-28,14.11,14.11,14.11,14.11,0
2017-11-29,14.11,14.11,14.11,14.11,0
2017-11-30,15.12,15.12,15.12,15.12,100
2017-12-01,15.12,15.12,15.12,15.12,100
2017-12-04,15.12,15.12,15.12,15.12,0
2017-12-05,15.12,15.12,15.12,15.12,0
2017-12-06,15.12,15.12,15.12,15.12,0
2017-12-07,15.12,15.12,15.12,15.12,0
2017-12-08,15.12,15.12,15.12,15.12,0
2017-12-11,15.12,15.12,15.12,15.12,0
2017-12-12,15.12,15.12,15.12,15.12,0
2017-12-13,15.12,15.12,15.12,15.12,100
2017-12-14,15.12,15.12,14.08,15.12,2900
2017-12-15,15.12,15.12,15.12,15.12,5800
2017-12-18,15.12,15.12,15.12,15.12,100
2017-12-19,14.08,15.12,14.08,15.12,4600
2017-12-20,14.08,14.08,14.08,14.08,0
2017-12-21,15.01,15.01,15.01,15.01,4500
2017-12-22,15.01,15.01,15.01,15.01,1000
2017-12-25,15.01,15.01,15.01,15.01,0
2017-12-26,14.08,15.12,14.08,15.12,2100
2017-12-27,14.13,14.13,14.13,14.13,0
2017-12-28,15.01,15.01,15.01,15.01,1300
2017-12-29,14.08,15.12,14.08,15.12,2100
2018-01-02,15.07,15.07,15.07,15.07,1700
2018-01-03,15.07,15.07,15.07,15.07,0
2018-01-04,15.07,15.07,15.07,15.07,0
2018-01-05,15.07,15.07,15.07,15.07,0
2018-01-08,13.29,15.07,13.29,15.07,2100
2018-01-09,13.55,15.07,13.55,13.55,6000
2018-01-10,13.55,13.55,13.55,13.55,1500
2018-01-11,13.55,15.07,13.55,15.07,2200
2018-01-12,15.07,15.07,15.07,15.07,5000
2018-01-15,15.01,15.01,15.01,15.01,1900
2018-01-16,15.01,15.01,15.01,15.01,0
2018-01-17,15.01,15.01,15.01,15.01,0
2018-01-18,14.91,14.91,14.91,14.91,3500
2018-01-19,14.91,14.91,14.91,14.91,0
2018-01-22,14.91,14.91,14.91,14.91,0
2018-01-23,14.91,14.91,14.91,14.91,0
2018-01-24,14.91,14.91,14.91,14.91,0
2018-01-25,14.91,14.91,14.91,14.91,0
2018-01-26,14.91,14.91,14.91,14.91,0
2018-01-29,13.55,13.55,13.55,13.55,200
2018-01-30,13.55,13.55,13.55,13.55,2000
2018-01-31,13.55,13.55,13.55,13.55,0
2018-02-01,13.61,13.61,13.61,13.61,2400
2018-02-02,13.61,13.61,13.61,13.61,1000
2018-02-05,13.61,13.61,13.55,13.61,3100
2018-02-06,13.03,13.03,13.03,13.03,7100
2018-02-07,14.96,14.96,14.96,14.96,1700
2018-02-08,14.96,14.96,14.96,14.96,0
2018-02-09,14.96,14.96,14.96,14.96,0
2018-02-12,14.96,14.96,14.96,14.96,0
2018-02-13,14.96,14.96,14.96,14.96,0
2018-02-21,14.96,14.96,14.96,14.96,0
2018-02-22,14.96,14.96,14.96,14.96,0
2018-02-23,14.96,14.96,14.96,14.96,0
2018-02-26,14.96,14.96,14.96,14.96,2500
2018-02-27,14.96,14.96,14.96,14.96,0
2018-02-28,14.96,14.96,14.96,14.96,0
2018-03-01,15.12,15.12,15.12,15.12,300
2018-03-02,15.12,15.12,15.12,15.12,0
2018-03-05,15.64,15.64,15.64,15.64,1600
2018-03-06,15.64,15.64,15.64,15.64,0
2018-03-07,15.64,15.64,15.64,15.64,0
2018-03-08,15.64,15.64,15.64,15.64,0
2018-03-09,13.55,15.64,13.55,15.64,3900
2018-03-12,13.61,13.61,13.61,13.61,0
2018-03-13,13.61,13.61,13.61,13.61,0
2018-03-14,15.64,15.64,15.64,15.64,1400
2018-03-15,15.64,15.64,15.64,15.64,0
2018-03-16,15.64,15.64,15.64,15.64,0
2018-03-19,15.64,15.64,15.64,15.64,0
2018-03-20,15.64,15.64,15.64,15.64,0
2018-03-21,15.64,15.64,15.64,15.64,0
2018-03-22,15.64,15.64,15.64,15.64,0
2018-03-23,15.64,15.64,15.64,15.64,0
2018-03-26,15.64,15.64,15.64,15.64,0
2018-03-27,15.64,15.64,15.64,15.64,900
2018-03-28,15.64,15.64,15.64,15.64,0
2018-03-29,16.16,16.16,16.16,16.16,3300
2018-03-30,16.16,16.16,16.16,16.16,0
2018-04-02,16.16,16.16,16.16,16.16,0
2018-04-03,16.16,16.16,16.16,16.16,0
2018-04-04,16.16,16.16,16.16,16.16,0
2018-04-05,16.16,16.16,16.16,16.16,0
2018-04-06,16.16,16.16,16.16,16.16,0
2018-04-09,16.16,16.16,16.16,16.16,0
2018-04-10,16.16,16.16,16.16,16.16,0
2018-04-11,16.16,16.16,16.16,16.16,0
2018-04-12,16.16,16.16,16.16,16.16,0
2018-04-13,16.16,16.16,16.16,16.16,0
2018-04-16,16.16,16.16,16.16,16.16,0
2018-04-17,16.16,16.16,16.16,16.16,0
2018-04-18,16.16,16.16,16.16,16.16,0
2018-04-19,16.16,16.16,16.16,16.16,0
2018-04-20,15.12,15.12,15.12,15.12,10700
2018-04-23,15.12,15.12,15.12,15.12,0
2018-04-24,15.12,15.12,15.12,15.12,0
2018-04-26,15.12,15.12,15.12,15.12,0
2018-04-27,15.12,15.12,15.12,15.12,0
2018-05-02,15.12,15.12,15.12,15.12,0
2018-05-03,15.12,15.12,15.12,15.12,0
2018-05-04,15.12,15.12,15.12,15.12,0
2018-05-07,15.12,15.12,15.12,15.12,0
2018-05-08,15.12,15.12,15.12,15.12,0
2018-05-09,15.12,15.12,15.12,15.12,0
2018-05-10,15.12,15.12,15.12,15.12,0
2018-05-11,15.12,15.12,15.12,15.12,0
2018-05-14,15.12,15.12,15.12,15.12,0
2018-05-15,15.12,15.12,15.12,15.12,0
2018-05-16,15.94,15.94,15.94,15.94,300
2018-05-17,15.94,15.94,15.94,15.94,0
2018-05-18,15.94,15.94,15.94,15.94,0
2018-05-21,15.94,15.94,15.94,15.94,0
2018-05-22,15.94,15.94,15.94,15.94,0
2018-05-23,15.94,15.94,15.94,15.94,0
2018-05-24,15.94,15.94,15.94,15.94,0
2018-05-25,15.94,15.94,15.94,15.94,0
2018-05-28,15.94,15.94,15.94,15.94,0
2018-05-29,15.94,15.94,15.94,15.94,0
2018-05-30,15.94,15.94,15.94,15.94,0
2018-05-31,15.94,15.94,15.94,15.94,0
2018-06-01,15.94,15.94,15.94,15.94,0
2018-06-04,15.94,15.94,15.94,15.94,0
2018-06-05,15.94,15.94,15.94,15.94,0
2018-06-06,15.94,15.94,15.94,15.94,0
2018-06-07,15.94,15.94,15.94,15.94,0
2018-06-08,15.94,15.94,15.94,15.94,0
2018-06-11,16.49,16.49,16.49,16.49,1500
2018-06-12,16.49,16.49,16.49,16.49,0
2018-06-13,16.49,16.49,16.49,16.49,0
2018-06-14,16.49,16.49,16.49,16.49,0
2018-06-15,16.49,16.49,16.49,16.49,0
2018-06-18,16.49,16.49,16.49,16.49,0
2018-06-19,16.49,16.49,16.49,16.49,0
2018-06-20,16.49,16.49,16.49,16.49,0
2018-06-21,16.49,16.49,16.49,16.49,0
2018-06-22,16.49,16.49,16.49,16.49,0
2018-06-25,16.49,16.49,16.49,16.49,0
2018-06-26,16.49,16.49,16.49,16.49,0
2018-06-27,16.49,16.49,16.49,16.49,0
2018-06-28,16.49,16.49,16.49,16.49,0
2018-06-29,16.49,16.49,16.49,16.49,0
2018-07-02,16.49,16.49,16.49,16.49,0
2018-07-03,16.49,16.49,16.49,16.49,0
2018-07-04,16.49,16.49,16.49,16.49,0
2018-07-05,16.49,16.49,16.49,16.49,0
2018-07-06,16.49,16.49,16.49,16.49,0
2018-07-09,16.49,16.49,15.94,15.94,1000
2018-07-10,16.44,16.44,16.44,16.44,0
2018-07-11,16.44,16.44,16.44,16.44,0
2018-07-12,16.44,16.44,16.44,16.44,0
2018-07-13,15.39,15.39,15.39,15.39,19600
2018-07-16,15.39,15.39,15.39,15.39,0
2018-07-17,16.77,16.77,16.77,16.77,1400
2018-07-18,16.77,16.77,16.77,16.77,0
2018-07-19,16.77,16.77,16.77,16.77,0
2018-07-20,16.77,16.77,16.77,16.77,0
2018-07-23,16.77,16.77,16.77,16.77,0
2018-07-24,16.77,16.77,16.77,16.77,400
2018-07-25,16.77,16.77,16.77,16.77,0
2018-07-26,16.77,16.77,16.77,16.77,0
2018-07-27,16.77,16.77,16.77,16.77,0
2018-07-30,16.22,16.22,16.22,16.22,200
2018-07-31,17.04,17.04,17.04,17.04,100
2018-08-01,17.04,17.04,17.04,17.04,0
2018-08-02,17.04,17.04,17.04,17.04,10
2018-08-03,14.51,14.51,14.51,14.51,100
2018-08-06,14.51,14.51,14.51,14.51,90
2018-08-07,14.84,14.84,14.84,14.84,400
2018-08-08,15.39,15.39,15.39,15.39,1000
2018-08-09,15.39,15.39,15.39,15.39,0
2018-08-10,15.39,15.39,15.12,15.12,11000
2018-08-13,15.23,15.23,15.23,15.23,0
2018-08-14,15.23,15.23,15.23,15.12,10
2018-08-15,15.23,15.23,15.23,15.23,0
2018-08-16,15.23,15.23,15.23,15.23,0
2018-08-17,15.39,15.39,15.39,15.39,1000
2018-08-20,15.39,15.39,15.39,15.39,0
2018-08-21,15.39,15.39,15.39,15.39,0
2018-08-22,16.38,16.38,16.38,16.38,900
2018-08-23,15.94,15.94,15.94,15.94,2000
2018-08-24,15.94,15.94,15.94,15.94,0
2018-08-27,15.94,15.94,15.94,15.94,1000
2018-08-28,15.94,15.94,15.94,15.94,0
2018-08-29,15.94,15.94,15.94,15.94,0
2018-08-30,15.94,15.94,15.94,15.94,9010
2018-08-31,14.9,17.04,14.9,17.04,6800
2018-09-04,16.05,16.05,16.05,16.05,0
2018-09-05,15.94,15.94,15.94,15.94,15000
2018-09-06,15.94,15.94,15.94,15.94,10000
2018-09-07,15.94,15.94,15.94,15.94,0
2018-09-10,15.94,15.94,15.94,15.94,0
2018-09-11,16.51,16.51,16.51,16.51,21000
2018-09-12,16.51,16.51,16.51,16.51,0
2018-09-13,16.51,16.51,16.51,16.51,0
2018-09-14,16.51,16.51,16.51,16.51,0
2018-09-17,16.51,16.51,16.51,16.51,0
2018-09-18,16.51,16.51,16.51,16.51,0
2018-09-19,16.51,16.51,16.51,16.51,1
2018-09-20,16.51,16.51,16.51,16.51,0
2018-09-21,16.51,16.51,16.51,16.51,0
2018-09-24,16.51,16.51,16.51,16.51,1
2018-09-25,15.94,15.94,15.94,15.94,500
2018-09-26,15.94,15.94,15.94,15.94,600
2018-09-27,15.94,15.94,15.94,15.94,0
2018-09-28,15.94,15.94,15.94,15.94,0
2018-10-01,15.94,15.94,15.94,15.94,0
2018-10-02,15.94,15.94,15.94,15.94,0
2018-10-03,16.51,16.51,16.51,16.51,700
2018-10-04,16.51,16.51,16.51,16.51,0
2018-10-05,16.51,16.51,16.51,16.51,0
2018-10-08,16.51,16.51,16.51,16.51,0
2018-10-09,16.51,16.51,16.51,16.51,0
2018-10-10,16.51,16.51,16.51,16.51,0
2018-10-11,15.94,15.94,15.94,15.94,10000
2018-10-12,15.94,15.94,15.94,15.94,10000
2018-10-15,15.94,15.94,15.94,15.94,0
2018-10-16,15.94,15.94,15.94,15.94,0
2018-10-17,15.94,15.94,15.94,15.94,1000
2018-10-18,15.94,15.94,15.94,15.94,0
2018-10-19,15.94,15.94,15.94,15.94,17000
2018-10-22,15.94,15.94,15.94,15.94,0
2018-10-23,15.94,15.94,15.94,15.94,0
2018-10-24,15.94,15.94,15.94,15.94,0
2018-10-25,15.94,15.94,15.94,15.94,0
2018-10-26,15.66,15.66,15.66,15.66,10000
2018-10-29,15.66,15.66,15.66,15.66,3000
2018-10-30,15.66,15.66,15.66,15.66,0
2018-10-31,15.66,15.66,15.66,15.66,0
2018-11-01,15.66,15.66,15.66,15.66,0
2018-11-02,15.66,15.66,15.66,15.66,0
2018-11-05,15.66,15.66,15.66,15.66,0
2018-11-06,15.66,15.66,15.66,15.66,0
2018-11-07,15.66,15.66,15.66,15.66,0
2018-11-08,15.66,15.66,15.66,15.66,0
2018-11-09,15.66,15.66,15.66,15.66,0
2018-11-12,15.66,15.66,15.66,15.66,0
2018-11-13,15.66,15.66,15.66,15.66,0
2018-11-14,15.94,15.94,15.94,15.94,10000
2018-11-15,15.94,15.94,15.94,15.94,0
2018-11-16,15.94,15.94,15.94,15.94,0
2018-11-19,15.94,15.94,15.94,15.94,2000
2018-11-20,15.94,15.94,15.94,15.94,10000
2018-11-21,15.94,15.94,15.94,15.94,0
2018-11-22,15.94,15.94,15.94,15.94,0
2018-11-23,15.94,15.94,15.94,15.94,0
2018-11-26,15.94,15.94,15.94,15.94,0
2018-11-27,15.94,15.94,15.94,15.94,0
2018-11-28,15.94,15.94,15.94,15.94,0
2018-11-29,15.94,15.94,15.94,15.94,0
2018-11-30,15.94,15.94,15.94,15.94,0
2018-12-03,15.94,15.94,15.94,15.94,0
2018-12-04,15.94,15.94,15.94,15.94,0
2018-12-05,15.94,15.94,15.94,15.94,0
2018-12-06,15.94,15.94,15.94,15.94,0
2018-12-07,15.94,15.94,15.94,15.94,0
2018-12-10,15.94,15.94,15.94,15.94,0
2018-12-11,15.94,15.94,15.94,15.94,0
2018-12-12,15.94,15.94,15.94,15.94,0
2018-12-13,16.51,16.51,16.51,16.51,1700
2018-12-14,16.51,16.51,16.51,16.51,0
2018-12-17,16.51,16.51,16.51,16.51,0
2018-12-18,16.51,16.51,16.51,16.51,0
2018-12-19,16.51,16.51,16.51,16.51,0
2018-12-20,16.51,16.51,16.51,16.51,0
2018-12-21,16.51,16.51,16.51,16.51,0
2018-12-24,16.51,16.51,16.51,16.51,0
2018-12-25,15.94,15.94,15.94,15.94,10600
2018-12-26,15.94,15.94,15.94,15.94,0
2018-12-27,15.94,15.94,15.94,15.94,10600
2018-12-28,16.51,16.51,16.51,16.51,100
2019-01-02,16.51,16.51,16.51,16.51,0
2019-01-03,16.51,16.51,16.51,16.51,0
2019-01-04,16.51,16.51,16.51,16.51,0
2019-01-07,15.94,15.94,15.94,15.94,1000
2019-01-08,15.94,15.94,15.94,15.94,600
2019-01-09,15.94,15.94,15.94,15.94,0
2019-01-10,15.94,15.94,15.94,15.94,0
2019-01-11,15.94,15.94,15.94,15.94,100
2019-01-14,15.94,15.94,15.94,15.94,0
2019-01-15,15.94,15.94,15.94,15.94,0
2019-01-16,15.94,15.94,15.94,15.94,0
2019-01-17,15.94,15.94,15.94,15.94,0
2019-01-18,15.94,15.94,15.94,15.94,0
2019-01-21,15.94,15.94,15.94,15.94,0
2019-01-22,15.94,15.94,15.94,15.94,0
2019-01-23,15.94,15.94,15.94,15.94,0
2019-01-24,15.94,15.94,15.94,15.94,0
2019-01-25,15.94,15.94,15.94,15.94,0
2019-01-28,15.94,15.94,15.94,15.94,0
2019-01-29,15.94,15.94,15.94,15.94,0
2019-01-30,15.94,15.94,15.94,15.94,0
2019-01-31,17.08,17.08,17.08,17.08,2800
2019-02-01,17.08,17.08,17.08,17.08,10000
2019-02-11,17.08,17.08,17.08,17.08,0
2019-02-12,17.08,17.08,17.08,17.08,0
2019-02-13,17.08,17.08,17.08,17.08,0
2019-02-14,17.08,17.08,17.08,17.08,0
2019-02-15,17.08,17.08,15.94,15.94,3800
2019-02-18,17.02,15.94,15.94,15.94,0
2019-02-19,15.94,16.51,15.94,16.51,16100
2019-02-20,17.65,17.65,17.65,17.65,100
2019-02-21,18.22,18.22,18.22,18.22,100
2019-02-22,17.65,18.22,17.65,18.22,15800
2019-02-25,18.22,18.22,18.22,18.22,400
2019-02-26,15.94,15.94,15.94,15.94,1100
2019-02-27,18.22,18.22,18.22,18.22,100
2019-02-28,18.22,18.22,18.22,18.22,0
2019-03-01,18.22,18.22,15.94,15.94,2600
2019-03-04,16.91,15.94,15.94,15.94,0
2019-03-05,16.91,15.94,15.94,15.94,0
2019-03-06,18.22,18.22,18.22,18.22,1500
2019-03-07,15.94,15.94,15.94,15.94,1600
2019-03-08,15.94,15.94,15.94,15.94,0
2019-03-11,15.94,15.94,15.94,15.94,0
2019-03-12,18.22,18.22,18.22,18.22,1600
2019-03-13,18.22,18.22,18.22,18.22,0
2019-03-14,18.22,18.22,18.22,18.22,0
2019-03-15,18.22,18.22,18.22,18.22,0
2019-03-18,18.22,18.22,18.22,18.22,0
2019-03-19,16.0,16.0,15.94,15.94,4500
2019-03-20,15.94,15.94,15.94,15.94,0
2019-03-21,15.94,15.94,15.94,15.94,0
2019-03-22,17.88,18.22,15.94,15.94,7400
2019-03-25,17.31,15.94,15.94,15.94,0
2019-03-26,17.31,15.94,15.94,15.94,0
2019-03-27,18.22,18.22,18.22,18.22,3100
2019-03-28,16.0,16.0,15.94,15.94,5200
2019-03-29,18.22,18.22,18.22,18.22,100
2019-04-01,18.22,18.22,18.22,18.22,0
2019-04-02,18.22,18.22,18.22,18.22,0
2019-04-03,17.88,18.39,17.88,18.39,3100
2019-04-04,18.39,18.39,18.39,18.39,0
2019-04-05,18.39,18.39,18.39,18.39,0
2019-04-08,18.39,18.39,18.39,18.39,0
2019-04-09,18.39,18.39,18.39,18.39,0
2019-04-10,18.39,18.39,18.39,18.39,0
2019-04-11,18.39,18.39,18.39,18.39,0
2019-04-12,18.39,18.39,18.39,18.39,10
2019-04-16,18.39,18.39,18.39,18.39,0
2019-04-17,18.39,18.39,18.39,18.39,0
2019-04-18,18.39,18.39,18.39,18.39,0
2019-04-19,18.39,18.39,18.39,18.39,0
2019-04-22,18.39,18.39,18.39,18.39,0
2019-04-23,18.39,18.39,18.39,18.39,0
2019-04-24,18.39,18.39,18.39,18.39,0
2019-04-25,17.08,17.08,17.08,17.08,100
2019-04-26,17.08,17.08,17.08,17.08,0
2019-05-02,17.08,17.08,17.08,17.08,0
2019-05-03,17.08,17.08,17.08,17.08,0
2019-05-06,17.08,17.08,17.08,17.08,0
2019-05-07,17.08,17.08,17.08,17.08,0
2019-05-08,17.08,17.08,17.08,17.08,0
2019-05-09,17.08,17.08,17.08,17.08,0
2019-05-10,17.08,17.08,17.08,17.08,0
2019-05-13,18.22,18.22,18.22,18.22,200
2019-05-14,18.22,18.22,18.22,18.22,0
2019-05-15,18.22,18.22,18.22,18.22,0
2019-05-16,18.22,18.22,18.22,18.22,0
2019-05-17,18.22,18.22,18.22,18.22,0
2019-05-20,18.22,18.22,18.22,18.22,300
2019-05-21,18.22,18.22,18.22,18.22,0
2019-05-22,18.22,18.22,18.22,18.22,0
2019-05-23,18.11,18.11,18.11,18.11,500
2019-05-24,18.05,18.05,18.05,18.05,400
2019-05-27,18.05,18.05,18.05,18.05,0
2019-05-28,18.05,18.05,18.05,18.05,0
2019-05-29,18.22,18.22,18.22,18.22,200
2019-05-30,18.22,18.22,18.22,18.22,0
2019-05-31,18.22,19.63,19.63,19.63,0
2019-06-03,15.52,15.52,15.52,15.52,400
2019-06-04,15.52,15.52,15.52,15.52,0
2019-06-05,15.52,15.52,15.52,15.52,0
2019-06-06,15.52,15.52,15.52,15.52,0
2019-06-07,15.52,15.52,15.52,15.52,0
2019-06-10,15.52,15.52,15.52,15.52,0
2019-06-11,15.52,15.52,15.52,15.52,0
2019-06-12,17.24,17.24,17.24,17.24,300
2019-06-13,17.24,17.24,17.24,17.24,0
2019-06-14,17.24,17.24,17.24,17.24,0
2019-06-17,17.24,17.24,17.24,17.24,0
2019-06-18,14.72,17.24,14.66,17.24,2500
2019-06-19,15.21,17.24,17.24,17.24,0
2019-06-20,15.21,15.21,15.21,15.21,0
2019-06-21,15.21,15.21,15.21,15.21,0
2019-06-24,15.21,17.24,17.24,17.24,0
2019-06-25,15.21,17.24,17.24,17.24,0
2019-06-26,15.21,17.24,17.24,17.24,0
2019-06-27,15.21,17.24,17.24,17.24,0
2019-06-28,15.21,17.24,17.24,17.24,0
2019-07-01,15.21,17.24,17.24,17.24,0
2019-07-02,15.21,17.24,17.24,17.24,0
2019-07-03,15.21,17.24,17.24,17.24,0
2019-07-04,15.21,15.21,15.21,15.21,0
2019-07-05,15.21,17.24,17.24,17.24,0
2019-07-08,15.21,17.24,17.24,17.24,0
2019-07-09,15.21,17.24,17.24,17.24,0
2019-07-10,15.21,17.24,17.24,17.24,0
2019-07-11,15.21,17.24,17.24,17.24,0
2019-07-12,15.21,17.24,17.24,17.24,0
2019-07-15,15.21,17.24,17.24,17.24,0
2019-07-16,15.21,17.24,17.24,17.24,0
2019-07-17,15.21,17.24,17.24,17.24,0
2019-07-18,15.21,17.24,17.24,17.24,0
2019-07-19,15.21,17.24,17.24,17.24,0
2019-07-22,15.21,17.24,17.24,17.24,0
2019-07-23,15.21,17.24,17.24,17.24,0
2019-07-24,15.21,17.24,17.24,17.24,0
2019-07-25,15.21,17.24,17.24,17.24,0
2019-07-26,15.21,17.24,17.24,17.24,0
2019-07-29,15.21,17.24,17.24,17.24,0
2019-07-30,15.21,17.24,17.24,17.24,0
2019-07-31,15.21,17.24,17.24,17.24,0
2019-08-01,15.21,17.24,17.24,17.24,0
2019-08-02,15.21,17.24,17.24,17.24,0
2019-08-05,15.21,17.24,17.24,17.24,0
2019-08-06,15.21,17.24,17.24,17.24,0
2019-08-07,15.21,17.24,17.24,17.24,0
2019-08-08,15.21,17.24,17.24,17.24,0
2019-08-09,15.21,17.24,17.24,17.24,0
2019-08-12,15.21,17.24,17.24,17.24,0
2019-08-13,15.21,17.24,17.24,17.24,0
2019-08-14,15.21,17.24,17.24,17.24,0
2019-08-15,15.21,17.24,17.24,17.24,0
2019-08-16,15.21,17.24,17.24,17.24,0
2019-08-19,15.21,17.24,17.24,17.24,0
2019-08-20,15.21,17.24,17.24,17.24,0
2019-08-21,15.21,17.24,17.24,17.24,0
2019-08-22,15.21,17.24,17.24,17.24,0
2019-08-23,15.21,17.24,17.24,17.24,0
2019-08-26,15.21,17.24,17.24,17.24,0
2019-08-27,15.21,17.24,17.24,17.24,0
2019-08-28,15.21,17.24,17.24,17.24,0
2019-08-29,15.21,17.24,17.24,17.24,0
2019-08-30,15.21,17.24,17.24,17.24,0
2019-09-03,15.21,17.24,17.24,17.24,0
2019-09-04,15.21,17.24,17.24,17.24,0
2019-09-05,15.21,17.24,17.24,17.24,0
2019-09-06,15.21,17.24,17.24,17.24,0
2019-09-09,15.21,17.24,17.24,17.24,0
2019-09-10,15.21,17.24,17.24,17.24,0
2019-09-11,15.21,17.24,17.24,17.24,0
2019-09-12,15.21,17.24,17.24,17.24,0
2019-09-13,15.21,17.24,17.24,17.24,0
2019-09-16,15.21,17.24,17.24,17.24,0
2019-09-17,15.21,17.24,17.24,17.24,0
2019-09-18,13.5,13.5,13.5,13.5,500
2019-09-19,13.5,13.5,13.5,13.5,0
2019-09-20,13.5,13.5,13.5,13.5,0
2019-09-23,13.5,13.5,13.5,13.5,0
2019-09-24,13.5,13.5,13.5,13.5,0
2019-09-25,13.5,13.5,13.5,13.5,0
2019-09-26,13.5,13.5,13.5,13.5,0
2019-09-27,13.5,13.5,13.5,13.5,0
2019-09-30,13.5,13.5,13.5,13.5,0
2019-10-01,13.5,13.5,13.5,13.5,0
2019-10-02,13.5,13.5,13.5,13.5,0
2019-10-03,13.5,13.5,13.5,13.5,0
2019-10-04,13.5,13.5,13.5,13.5,0
2019-10-07,13.5,13.5,13.5,13.5,0
2019-10-08,13.5,13.5,13.5,13.5,0
2019-10-09,12.27,12.27,12.27,12.27,100
2019-10-10,12.27,12.27,12.27,12.27,0
2019-10-11,12.27,12.27,12.27,12.27,0
2019-10-14,12.27,12.27,12.27,12.27,0
2019-10-15,12.27,12.27,12.27,12.27,0
2019-10-16,12.27,12.27,12.27,12.27,0
2019-10-17,12.27,12.27,12.27,12.27,0
2019-10-18,12.27,12.27,12.27,12.27,0
2019-10-21,12.27,12.27,12.27,12.27,0
2019-10-22,12.27,12.27,12.27,12.27,0
2019-10-23,12.27,12.27,12.27,12.27,0
2019-10-24,12.27,12.27,12.27,12.27,0
2019-10-25,12.27,12.27,12.27,12.27,0
2019-10-28,12.27,12.27,12.27,12.27,0
2019-10-29,12.27,12.27,12.27,12.27,0
2019-10-30,12.27,12.27,12.27,12.27,0
2019-10-31,12.27,12.27,12.27,12.27,0
2019-11-01,12.27,12.27,12.27,12.27,0
2019-11-04,12.27,12.27,12.27,12.27,0
2019-11-05,12.27,12.27,12.27,12.27,0
2019-11-06,12.27,12.27,12.27,12.27,0
2019-11-07,12.27,12.27,12.27,12.27,0
2019-11-08,12.27,12.27,12.27,12.27,0
2019-11-11,12.27,12.27,12.27,12.27,0
2019-11-12,12.27,12.27,12.27,12.27,0
2019-11-13,12.27,12.27,12.27,12.27,0
2019-11-14,12.27,12.27,12.27,12.27,0
2019-11-15,12.27,12.27,12.27,12.27,0
2019-11-18,12.27,12.27,12.27,12.27,0
2019-11-19,12.27,12.27,12.27,12.27,0
2019-11-20,12.27,12.27,12.27,12.27,0
2019-11-21,12.27,12.27,12.27,12.27,0
2019-11-22,12.27,12.27,12.27,12.27,0
2019-11-25,12.27,12.27,12.27,12.27,0
2019-11-26,12.27,12.27,12.27,12.27,0
2019-11-27,12.27,12.27,12.27,12.27,0
2019-11-28,12.27,12.27,12.27,12.27,0
2019-11-29,12.27,12.27,12.27,12.27,0
2019-12-02,12.27,12.27,12.27,12.27,0
2019-12-03,12.27,12.27,12.27,12.27,0
2019-12-04,12.27,12.27,12.27,12.27,0
2019-12-05,12.27,12.27,12.27,12.27,0
2019-12-06,12.27,12.27,12.27,12.27,0
2019-12-09,12.27,12.27,12.27,12.27,0
2019-12-10,12.27,12.27,12.27,12.27,0
2019-12-11,12.27,12.27,12.27,12.27,0
2019-12-12,12.27,12.27,12.27,12.27,0
2019-12-13,12.27,12.27,12.27,12.27,0
2019-12-16,12.27,12.27,12.27,12.27,0
2019-12-17,12.27,12.27,12.27,12.27,0
2019-12-18,12.27,12.27,12.27,12.27,0
2019-12-19,12.27,12.27,12.27,12.27,0
2019-12-20,12.27,12.27,12.27,12.27,0
2019-12-23,12.27,12.27,12.27,12.27,0
2019-12-24,12.27,12.27,12.27,12.27,0
2019-12-25,12.27,12.27,12.27,12.27,0
2019-12-26,12.27,12.27,12.27,12.27,0
2019-12-27,12.27,12.27,12.27,12.27,0
2019-12-30,12.27,12.27,12.27,12.27,300
2019-12-31,12.27,12.27,12.27,12.27,0
2020-01-02,12.27,12.27,12.27,12.27,0
2020-01-03,12.27,12.27,12.27,12.27,0
2020-01-06,12.27,12.27,12.27,12.27,0
2020-01-07,12.27,12.27,12.27,12.27,0
2020-01-08,12.27,12.27,12.27,12.27,0
2020-01-09,12.27,12.27,12.27,12.27,0
2020-01-10,12.27,12.27,12.27,12.27,0
2020-01-13,12.27,12.27,12.27,12.27,0
2020-01-14,12.27,12.27,12.27,12.27,0
2020-01-15,12.27,12.27,12.27,12.27,0
2020-01-16,12.27,12.27,12.27,12.27,0
2020-01-17,12.27,12.27,12.27,12.27,0
2020-01-20,12.27,12.27,12.27,12.27,0
2020-01-21,12.27,12.27,12.27,12.27,0
2020-01-22,12.27,12.27,12.27,12.27,0
2020-01-30,12.27,12.27,12.27,12.27,0
2020-01-31,12.27,12.27,12.27,12.27,0
2020-02-03,12.27,12.27,12.27,12.27,0
2020-02-04,12.27,12.27,12.27,12.27,0
2020-02-05,12.27,12.27,12.27,12.27,0
2020-02-06,12.27,12.27,12.27,12.27,0
2020-02-07,12.27,12.27,12.27,12.27,0
2020-02-10,12.27,12.27,12.27,12.27,0
2020-02-11,12.27,12.27,12.27,12.27,0
2020-02-12,12.27,12.27,12.27,12.27,0
2020-02-13,12.27,12.27,12.27,12.27,0
2020-02-14,12.27,12.27,12.27,12.27,0
2020-02-17,12.27,12.27,12.27,12.27,0
2020-02-18,12.27,12.27,12.27,12.27,0
2020-02-19,12.27,12.27,12.27,12.27,0
2020-02-20,12.27,12.27,12.27,12.27,0
2020-02-21,12.27,12.27,12.27,12.27,0
2020-02-24,12.27,12.27,12.27,12.27,0
2020-02-25,12.27,12.27,12.27,12.27,0
2020-02-26,12.27,12.27,12.27,12.27,0
2020-02-27,12.27,12.27,12.27,12.27,0
2020-02-28,12.27,12.27,12.27,12.27,0
2020-03-02,12.27,12.27,12.27,12.27,0
2020-03-03,12.27,12.27,12.27,12.27,0
2020-03-04,12.27,12.27,12.27,12.27,0
2020-03-05,12.27,12.27,12.27,12.27,0
2020-03-06,12.27,12.27,12.27,12.27,0
2020-03-09,12.27,12.27,12.27,12.27,0
2020-03-10,12.27,12.27,12.27,12.27,0
2020-03-11,12.27,12.27,12.27,12.27,0
2020-03-12,12.27,12.27,12.27,12.27,0
2020-03-13,12.27,12.27,12.27,12.27,0
2020-03-16,12.27,12.27,12.27,12.27,0
2020-03-17,12.27,12.27,12.27,12.27,0
2020-03-18,12.27,12.27,12.27,12.27,0
2020-03-19,12.27,12.27,12.27,12.27,0
2020-03-20,12.27,12.27,12.27,12.27,0
2020-03-23,12.27,12.27,12.27,12.27,0
2020-03-24,12.27,12.27,12.27,12.27,0
2020-03-25,12.27,12.27,12.27,12.27,0
2020-03-26,12.27,12.27,12.27,12.27,0
2020-03-27,12.27,12.27,12.27,12.27,0
2020-03-30,12.27,12.27,12.27,12.27,0
2020-03-31,11.66,11.66,11.66,11.66,300
2020-04-01,11.66,11.66,11.66,11.66,0
2020-04-03,11.66,11.66,11.66,11.66,0
2020-04-06,11.66,11.66,11.66,11.66,0
2020-04-07,11.66,11.66,11.66,11.66,0
2020-04-08,11.66,11.66,11.66,11.66,0
2020-04-09,11.66,11.66,11.66,11.66,0
2020-04-10,11.66,11.66,11.66,11.66,0
2020-04-13,11.66,11.66,11.66,11.66,0
2020-04-14,11.66,11.66,11.66,11.66,0
2020-04-15,11.66,11.66,11.66,11.66,0
2020-04-16,11.66,11.66,11.66,11.66,0
2020-04-17,11.66,11.66,11.66,11.66,0
2020-04-20,11.66,11.66,11.66,11.66,0
2020-04-21,11.66,11.66,11.66,11.66,0
2020-04-22,11.66,11.66,11.66,11.66,0
2020-04-23,11.66,11.66,11.66,11.66,0
2020-04-24,11.66,11.66,11.66,11.66,0
2020-04-27,11.66,11.66,11.66,11.66,0
2020-04-28,11.66,11.66,11.66,11.66,0
2020-04-29,11.66,11.66,11.66,11.66,0
2020-05-04,11.66,11.66,11.66,11.66,0
2020-05-05,11.66,11.66,11.66,11.66,0
2020-05-06,11.66,11.66,11.66,11.66,0
2020-05-07,11.66,11.66,11.66,11.66,0
2020-05-08,11.66,11.66,11.66,11.66,0
2020-05-11,11.66,11.66,11.66,11.66,0
2020-05-12,11.66,11.66,11.66,11.66,0
2020-05-13,11.66,11.66,11.66,11.66,0
2020-05-14,11.66,11.66,11.66,11.66,0
2020-05-15,11.66,11.66,11.66,11.66,0
2020-05-18,11.66,11.66,11.66,11.66,0
2020-05-19,11.66,11.66,11.66,11.66,0
2020-05-20,11.66,11.66,11.66,11.66,100
2020-05-21,11.66,11.66,11.66,11.66,0
2020-05-22,11.66,11.66,11.66,11.66,0
2020-05-25,11.66,11.66,11.66,11.66,0
2020-05-26,11.66,11.66,11.66,11.66,0
2020-05-27,11.66,11.66,11.66,11.66,0
2020-05-28,11.66,11.66,11.66,11.66,0
2020-05-29,11.66,11.66,11.66,11.66,0
2020-06-01,11.66,11.66,11.66,11.66,0
2020-06-02,11.66,11.66,11.66,11.66,0
2020-06-03,11.66,11.66,11.66,11.66,0
2020-06-04,11.66,11.66,11.66,11.66,0
2020-06-05,11.66,11.66,11.66,11.66,0
2020-06-08,13.37,13.37,13.37,13.37,100
2020-06-09,13.5,13.5,13.5,13.5,100
2020-06-10,13.56,13.56,13.56,13.56,100
2020-06-11,13.56,13.56,13.56,13.56,4900
2020-06-12,14.11,14.11,14.11,14.11,1000
2020-06-15,13.99,13.99,13.99,13.99,500
2020-06-16,13.99,13.99,13.99,13.99,0
2020-06-17,13.99,14.05,13.99,14.05,7000
2020-06-18,14.11,14.23,14.11,14.23,4000
2020-06-19,14.17,14.23,14.23,14.23,0
2020-06-22,14.17,14.23,14.23,14.23,0
2020-06-23,15.4,15.4,15.4,15.4,4000
2020-06-24,15.4,15.4,15.4,15.4,0
2020-06-25,15.4,15.4,15.4,15.4,0
2020-06-26,15.4,15.4,15.4,15.4,0
2020-06-29,15.4,15.4,15.4,15.4,0
2020-06-30,15.4,15.4,15.4,15.4,0
2020-07-01,15.4,15.4,15.4,15.4,0
2020-07-02,15.4,15.4,15.4,15.4,0
2020-07-03,15.4,15.4,15.4,15.4,0
2020-07-06,15.4,15.4,15.4,15.4,0
2020-07-07,15.4,15.4,15.4,15.4,0
2020-07-08,15.4,15.4,15.4,15.4,0
2020-07-09,15.4,15.4,15.4,15.4,0
2020-07-10,15.4,15.4,15.4,15.4,0
2020-07-13,15.4,15.4,15.4,15.4,0
2020-07-14,15.4,15.4,15.4,15.4,0
2020-07-15,15.4,15.4,15.4,15.4,0
2020-07-16,15.4,15.4,15.4,15.4,0
2020-07-17,15.4,15.4,15.4,15.4,0
2020-07-20,15.4,15.4,15.4,15.4,0
2020-07-21,15.4,15.4,15.4,15.4,0
2020-07-22,15.4,15.4,15.4,15.4,0
2020-07-23,15.4,15.4,15.4,15.4,0
2020-07-24,15.4,15.4,15.4,15.4,0
2020-07-27,15.4,15.4,15.4,15.4,0
2020-07-28,15.4,15.4,15.4,15.4,0
2020-07-29,15.4,15.4,15.4,15.4,1000
2020-07-30,15.4,15.4,15.4,15.4,0
2020-07-31,15.4,15.4,15.4,15.4,0
2020-08-03,15.95,15.95,15.95,15.95,1000
2020-08-04,15.95,15.95,15.95,15.95,0
2020-08-05,15.95,15.95,15.95,15.95,0
2020-08-06,15.95,15.95,15.95,15.95,0
2020-08-07,15.95,15.95,15.95,15.95,0
2020-08-10,15.95,15.95,15.95,15.95,0
2020-08-11,15.95,15.95,15.95,15.95,0
2020-08-12,15.95,15.95,15.95,15.95,0
2020-08-13,15.95,15.95,15.95,15.95,0
2020-08-14,15.95,15.95,15.95,15.95,0
2020-08-17,15.95,15.95,15.95,15.95,0
2020-08-18,15.95,15.95,15.95,15.95,0
2020-08-19,15.95,15.95,15.95,15.95,0
2020-08-20,15.95,15.95,15.95,15.95,0
2020-08-21,15.95,15.95,15.95,15.95,0
2020-08-24,15.95,15.95,15.95,15.95,0
2020-08-25,15.95,15.95,15.95,15.95,0
2020-08-26,15.95,15.95,15.95,15.95,0
2020-08-27,15.95,15.95,15.95,15.95,0
2020-08-28,15.95,15.95,15.95,15.95,0
2020-08-31,15.95,15.95,15.95,15.95,0
2020-09-01,15.95,15.95,15.95,15.95,0
2020-09-03,15.95,15.95,15.95,15.95,0
2020-09-04,15.95,15.95,15.95,15.95,0
2020-09-07,15.95,15.95,15.95,15.95,0
2020-09-08,15.95,15.95,15.95,15.95,0
2020-09-09,15.95,15.95,15.95,15.95,0
2020-09-10,15.95,15.95,15.95,15.95,5000
2020-09-11,15.95,15.95,15.95,15.95,0
2020-09-14,15.95,15.95,15.95,15.95,0
2020-09-15,15.95,15.95,15.95,15.95,0
2020-09-16,15.95,15.95,15.95,15.95,0
2020-09-17,15.95,15.95,15.95,15.95,0
2020-09-18,15.95,15.95,15.95,15.95,1
2020-09-21,15.95,15.95,15.95,15.95,0
2020-09-22,15.95,15.95,15.95,15.95,0
2020-09-23,15.95,15.95,15.95,15.95,0
2020-09-24,15.95,15.95,15.95,15.95,0
2020-09-25,15.95,15.95,15.95,15.95,0
2020-09-28,15.95,15.95,15.95,15.95,0
2020-09-29,15.95,15.95,15.95,15.95,0
2020-09-30,15.95,15.95,15.95,15.95,0
2020-10-01,15.95,15.95,15.95,15.95,0
2020-10-02,15.95,15.95,15.95,15.95,0
2020-10-05,15.95,15.95,15.95,15.95,0
2020-10-06,15.95,15.95,15.95,15.95,0
2020-10-07,15.95,15.95,15.95,15.95,0
2020-10-08,15.95,15.95,15.95,15.95,0
2020-10-09,15.95,15.95,15.95,15.95,0
2020-10-12,15.95,15.95,15.95,15.95,0
2020-10-13,15.95,15.95,15.95,15.95,0
2020-10-14,15.95,15.95,15.95,15.95,0
2020-10-15,15.95,15.95,15.95,15.95,0
2020-10-16,15.95,15.95,15.95,15.95,0
2020-10-19,15.95,15.95,15.95,15.95,0
2020-10-20,15.95,15.95,15.95,15.95,0
2020-10-21,15.95,15.95,15.95,15.95,0
2020-10-22,15.95,15.95,15.95,15.95,0
2020-10-23,15.95,15.95,15.95,15.95,0
2020-10-26,15.95,15.95,15.95,15.95,0
2020-10-27,15.95,15.95,15.95,15.95,0
2020-10-28,15.95,15.95,15.95,15.95,0
2020-10-29,15.95,15.95,15.95,15.95,0
2020-10-30,15.95,15.95,15.95,15.95,0
2020-11-02,15.95,15.95,15.95,15.95,0
2020-11-03,15.95,15.95,15.95,15.95,0
2020-11-04,15.95,15.95,15.95,15.95,0
2020-11-05,15.95,15.95,15.95,15.95,0
2020-11-06,15.95,15.95,15.95,15.95,0
2020-11-09,15.95,15.95,15.95,15.95,0
2020-11-10,15.95,15.95,15.95,15.95,0
2020-11-11,15.95,15.95,15.95,15.95,0
2020-11-12,15.95,15.95,15.95,15.95,0
2020-11-13,15.95,15.95,15.95,15.95,0
2020-11-16,15.95,15.95,15.95,15.95,0
2020-11-17,15.95,15.95,15.95,15.95,0
2020-11-18,15.95,15.95,15.95,15.95,0
2020-11-19,15.95,15.95,15.95,15.95,0
2020-11-20,15.95,15.95,15.95,15.95,0
2020-11-23,15.95,15.95,15.95,15.95,0
2020-11-24,15.95,15.95,15.95,15.95,0
2020-11-25,15.95,15.95,15.95,15.95,0
2020-11-26,15.95,15.95,15.95,15.95,0
2020-11-27,15.95,15.95,15.95,15.95,0
2020-11-30,15.95,15.95,15.95,15.95,0
2020-12-01,15.95,15.95,15.95,15.95,0
2020-12-02,15.95,15.95,15.95,15.95,0
2020-12-03,15.95,15.95,15.95,15.95,0
2020-12-04,15.95,15.95,15.95,15.95,0
2020-12-07,15.95,15.95,15.95,15.95,0
2020-12-08,15.95,15.95,15.95,15.95,0
2020-12-09,15.95,15.95,15.95,15.95,0
2020-12-10,15.95,15.95,15.95,15.95,0
2020-12-11,15.95,15.95,15.95,15.95,0
2020-12-14,15.95,15.95,15.95,15.95,0
2020-12-15,15.95,15.95,15.95,15.95,0
2020-12-16,15.95,15.95,15.95,15.95,0
2020-12-17,15.95,15.95,15.95,15.95,0
2020-12-18,15.95,15.95,15.95,15.95,0
2020-12-21,15.95,15.95,15.95,15.95,0
2020-12-22,15.95,15.95,15.95,15.95,0
2020-12-23,15.95,15.95,15.95,15.95,0
2020-12-24,15.95,15.95,15.95,15.95,0
2020-12-25,15.95,15.95,15.95,15.95,0
2020-12-28,15.95,15.95,15.95,15.95,0
2020-12-29,15.95,15.95,15.95,15.95,0
2020-12-30,15.95,15.95,15.95,15.95,0
2020-12-31,15.95,15.95,15.95,15.95,0
2021-01-04,18.4,18.4,18.4,18.4,400
2021-01-05,18.4,18.4,18.4,18.4,0
2021-01-06,18.4,18.4,18.4,18.4,0
2021-01-07,18.4,18.4,18.4,18.4,0
2021-01-08,18.4,18.4,18.4,18.4,0
2021-01-11,18.4,18.4,18.4,18.4,0
2021-01-12,18.1,18.1,18.1,18.1,800
2021-01-13,18.04,18.04,18.04,18.04,500
2021-01-14,18.04,18.04,18.04,18.04,0
2021-01-15,18.04,18.28,18.04,18.28,500
2021-01-18,18.1,18.1,18.1,18.1,500
2021-01-19,18.1,18.1,18.1,18.1,0
2021-01-20,18.1,18.1,18.1,18.1,0
2021-01-21,18.1,18.1,18.1,18.1,0
2021-01-22,18.1,18.1,18.1,18.1,0
2021-01-25,18.1,18.1,18.1,18.1,0
2021-01-26,18.1,18.1,18.1,18.1,0
2021-01-27,18.1,18.1,18.1,18.1,0
2021-01-28,18.1,18.1,18.1,18.1,0
2021-01-29,18.1,18.1,18.1,18.1,0
2021-02-01,18.1,18.1,18.1,18.1,0
2021-02-02,18.1,18.1,18.1,18.1,0
2021-02-03,18.1,18.1,18.1,18.1,0
2021-02-04,18.1,18.1,18.1,18.1,0
2021-02-05,18.1,18.1,18.1,18.1,0
2021-02-08,18.1,18.1,18.1,18.1,0
2021-02-09,18.1,18.1,18.1,18.1,0
2021-02-17,18.1,18.1,18.1,18.1,0
2021-02-18,18.1,18.1,18.1,18.1,0
2021-02-19,18.1,18.1,18.1,18.1,400
2021-02-22,18.1,18.1,18.1,18.1,0
2021-02-23,18.1,18.1,18.1,18.1,0
2021-02-24,18.1,18.1,18.1,18.1,0
2021-02-25,18.1,18.1,18.1,18.1,0
2021-02-26,18.1,18.1,18.1,18.1,0
2021-03-01,18.1,18.1,18.1,18.1,0
2021-03-02,18.1,18.1,18.1,18.1,3000
2021-03-03,18.1,18.1,18.1,18.1,0
2021-03-04,18.1,18.1,18.1,18.1,0
2021-03-05,18.4,18.4,18.4,18.4,3000
2021-03-08,17.79,17.79,17.79,17.79,1100
2021-03-09,17.79,17.79,17.79,17.79,0
2021-03-10,17.79,17.79,17.79,17.79,0
2021-03-11,17.79,17.79,17.79,17.79,0
2021-03-12,17.79,17.79,17.79,17.79,0
2021-03-15,17.79,17.79,17.79,17.79,0
2021-03-16,18.4,18.4,17.79,17.79,300
2021-03-17,18.22,17.79,17.79,17.79,0
2021-03-18,18.22,17.79,17.79,17.79,0
2021-03-19,18.22,17.79,17.79,17.79,0
2021-03-22,16.26,16.26,16.26,16.26,200
2021-03-23,16.26,16.26,16.26,16.26,0
2021-03-24,16.26,16.26,16.26,16.26,0
2021-03-25,16.26,16.26,16.26,16.26,0
2021-03-26,18.4,18.4,18.4,18.4,200
2021-03-29,18.4,18.4,18.4,18.4,0
2021-03-30,18.4,18.4,18.4,18.4,0
2021-03-31,18.4,18.4,18.4,18.4,0
2021-04-01,17.48,17.48,17.48,17.48,300
2021-04-02,17.48,17.48,17.48,17.48,200
2021-04-05,17.48,17.48,17.48,17.48,0
2021-04-06,17.48,17.48,17.48,17.48,0
2021-04-07,17.48,17.48,17.48,17.48,0
2021-04-08,17.48,17.48,17.48,17.48,0
2021-04-09,17.48,17.48,17.48,17.48,3400
2021-04-12,17.48,17.48,17.48,17.48,0
2021-04-13,17.48,17.48,17.48,17.48,0
2021-04-14,17.48,17.48,17.48,17.48,0
2021-04-15,17.48,17.48,17.48,17.48,0
2021-04-16,17.48,17.48,17.48,17.48,0
2021-04-19,17.48,17.48,17.48,17.48,0
2021-04-20,17.48,17.48,17.48,17.48,0
2021-04-22,17.48,17.48,17.48,17.48,0
2021-04-23,17.48,17.48,17.48,17.48,0
2021-04-26,17.48,17.48,17.48,17.48,0
2021-04-27,17.48,17.48,17.48,17.48,0
2021-04-28,17.48,17.48,17.48,17.48,0
2021-04-29,17.48,17.48,17.48,17.48,0
2021-05-04,17.48,17.48,17.48,17.48,0
2021-05-05,17.48,17.48,17.48,17.48,0
2021-05-06,17.48,17.48,17.48,17.48,0
2021-05-07,17.48,17.48,17.48,17.48,0
2021-05-10,17.48,17.48,17.48,17.48,100
2021-05-11,17.48,17.48,17.48,17.48,0
2021-05-12,17.48,17.48,17.48,17.48,0
2021-05-13,17.48,17.48,17.48,17.48,0
2021-05-14,17.48,17.48,17.48,17.48,0
2021-05-17,17.48,17.48,17.48,17.48,0
2021-05-18,17.48,17.48,17.48,17.48,0
2021-05-19,17.48,17.48,17.48,17.48,0
2021-05-20,17.48,17.48,17.48,17.48,0
2021-05-21,17.48,17.48,17.48,17.48,0
2021-05-24,17.48,17.48,17.48,17.48,0
2021-05-25,17.48,17.48,17.48,17.48,0
2021-05-26,17.48,17.48,17.48,17.48,0
2021-05-27,17.48,17.48,17.48,17.48,0
2021-05-28,17.48,17.48,17.48,17.48,0
2021-05-31,17.48,17.48,17.48,17.48,0
2021-06-01,17.48,17.48,17.48,17.48,0
2021-06-02,17.48,17.48,17.48,17.48,0
2021-06-03,17.48,17.48,17.48,17.48,0
2021-06-04,17.48,17.48,17.48,17.48,0
2021-06-07,17.48,17.48,17.48,17.48,0
2021-06-08,17.48,17.48,17.48,17.48,0
2021-06-09,17.48,17.48,17.48,17.48,0
2021-06-10,17.48,17.48,17.48,17.48,0
2021-06-11,17.48,17.48,17.48,17.48,0
2021-06-14,17.48,17.48,17.48,17.48,0
2021-06-15,17.48,17.48,17.48,17.48,0
2021-06-16,17.48,17.48,17.48,17.48,0
2021-06-17,17.48,17.48,17.48,17.48,0
2021-06-18,17.48,17.48,17.48,17.48,0
2021-06-21,17.48,17.48,17.48,17.48,0
2021-06-22,17.48,17.48,17.48,17.48,0
2021-06-23,17.48,17.48,17.48,17.48,300
2021-06-24,17.48,17.48,17.48,17.48,0
2021-06-25,17.48,17.48,17.48,17.48,0
2021-06-28,17.48,17.48,17.48,17.48,0
2021-06-29,17.48,17.48,17.48,17.48,0
2021-06-30,17.48,17.48,17.48,17.48,0
2021-07-01,17.48,17.48,17.48,17.48,0
2021-07-02,17.48,17.48,17.48,17.48,0
2021-07-05,19.94,19.94,19.94,19.94,100
2021-07-06,19.63,19.63,19.63,19.63,100
2021-07-07,19.63,19.63,19.63,19.63,0
2021-07-08,19.63,19.63,19.63,19.63,0
2021-07-09,19.63,19.63,19.63,19.63,0
2021-07-12,19.94,19.94,19.94,19.94,100
2021-07-13,19.94,19.94,19.94,19.94,0
2021-07-14,19.94,19.94,19.94,19.94,0
2021-07-15,19.94,19.94,19.94,19.94,0
2021-07-16,19.94,19.94,19.94,19.94,0
2021-07-19,19.94,19.94,19.94,19.94,0
2021-07-20,19.94,19.94,19.94,19.94,0
2021-07-21,19.94,19.94,19.94,19.94,0
2021-07-22,19.94,19.94,19.94,19.94,0
2021-07-23,19.94,19.94,19.94,19.94,0
2021-07-26,19.94,19.94,19.94,19.94,0
2021-07-27,19.94,19.94,19.94,19.94,0
2021-07-28,19.94,19.94,19.94,19.94,0
2021-07-29,19.94,19.94,19.94,19.94,0
2021-07-30,19.94,19.94,19.94,19.94,0
2021-08-02,19.94,19.94,19.94,19.94,0
2021-08-03,19.94,19.94,19.94,19.94,0
2021-08-04,19.94,19.94,19.94,19.94,0
2021-08-05,19.94,19.94,19.94,19.94,0
2021-08-06,19.94,19.94,19.94,19.94,0
2021-08-09,19.94,19.94,19.94,19.94,0
2021-08-10,19.94,19.94,19.94,19.94,0
2021-08-11,19.94,19.94,19.94,19.94,0
2021-08-12,19.94,19.94,19.94,19.94,0
2021-08-13,19.94,19.94,19.94,19.94,0
2021-08-16,19.94,19.94,19.94,19.94,0
2021-08-17,19.94,19.94,19.94,19.94,0
2021-08-18,19.94,19.94,19.94,19.94,0
2021-08-19,19.94,19.94,19.94,19.94,0
2021-08-20,19.94,19.94,19.94,19.94,0
2021-08-23,19.94,19.94,19.94,19.94,0
2021-08-24,19.94,19.94,19.94,19.94,0
2021-08-25,19.94,19.94,19.94,19.94,0
2021-08-26,19.94,19.94,19.94,19.94,0
2021-08-27,19.94,19.94,19.94,19.94,0
2021-08-30,17.79,17.79,17.79,17.79,200
2021-08-31,17.79,17.79,17.79,17.79,0
2021-09-01,17.79,17.79,17.79,17.79,0
2021-09-06,17.79,17.79,17.79,17.79,0
2021-09-07,17.79,17.79,17.79,17.79,0
2021-09-08,17.79,17.79,17.79,17.79,0
2021-09-09,17.79,17.79,17.79,17.79,0
2021-09-10,17.79,17.79,17.79,17.79,0
2021-09-13,17.79,17.79,17.79,17.79,0
2021-09-14,17.79,17.79,17.79,17.79,0
2021-09-15,17.79,17.79,17.79,17.79,0
2021-09-16,17.79,17.79,17.79,17.79,0
2021-09-17,17.79,17.79,17.79,17.79,0
2021-09-20,17.18,17.18,17.18,17.18,1000
2021-09-21,17.18,17.18,16.87,16.87,300
2021-09-22,15.34,15.4,15.34,15.4,2800
2021-09-23,15.34,15.34,15.34,15.34,0
2021-09-24,15.34,15.34,15.34,15.34,0
2021-09-27,15.34,15.34,15.34,15.34,0
2021-09-28,15.95,15.95,15.95,15.95,100
2021-09-29,15.95,15.95,15.95,15.95,0
2021-09-30,15.95,15.95,15.95,15.95,0
2021-10-01,15.95,15.95,15.95,15.95,0
2021-10-04,15.95,15.95,15.95,15.95,0
2021-10-05,15.95,15.95,15.95,15.95,0
2021-10-06,15.95,15.95,15.95,15.95,0
2021-10-07,16.87,16.87,16.87,16.87,300
2021-10-08,16.87,16.87,16.87,16.87,0
2021-10-11,16.87,16.87,16.87,16.87,0
2021-10-12,16.87,16.87,16.87,16.87,0
2021-10-13,16.87,16.87,16.87,16.87,0
2021-10-14,16.87,16.87,16.87,16.87,0
2021-10-15,16.56,16.56,16.56,16.56,1600
2021-10-18,16.56,16.56,15.64,15.64,3200
2021-10-19,16.2,16.2,16.2,16.2,0
2021-10-20,16.2,16.2,16.2,16.2,0
2021-10-21,16.2,16.2,16.2,16.2,0
2021-10-22,16.2,16.2,16.2,16.2,0
2021-10-25,16.2,16.2,16.2,16.2,0
2021-10-26,16.2,16.2,16.2,16.2,0
2021-10-27,16.2,16.2,16.2,16.2,0
2021-10-28,16.26,16.26,16.26,16.26,100
2021-10-29,16.26,16.26,16.26,16.26,0
2021-11-01,16.26,16.26,16.26,16.26,0
2021-11-02,16.56,16.56,16.56,16.56,6100
2021-11-03,18.4,19.02,18.4,18.4,6000
2021-11-04,18.53,18.53,18.53,18.53,100
2021-11-05,18.53,18.53,18.53,18.53,0
2021-11-08,18.53,18.53,18.53,18.53,0
2021-11-09,18.53,18.53,18.53,18.53,0
2021-11-10,18.53,18.53,18.53,18.53,0
2021-11-11,18.53,18.53,18.53,18.53,0
2021-11-12,18.53,18.53,18.53,18.53,0
2021-11-15,20.18,20.18,20.18,20.18,100
2021-11-16,17.18,19.63,17.18,17.18,52700
2021-11-17,18.71,18.71,18.71,18.71,100
2021-11-18,19.94,19.94,19.94,19.94,100
2021-11-19,17.48,17.48,16.99,16.99,28200
2021-11-22,19.57,19.57,14.6,14.6,1600
2021-11-23,15.03,16.13,14.11,14.11,47900
2021-11-24,15.03,15.03,15.03,15.03,0
2021-11-25,15.09,17.18,15.09,17.18,200
2021-11-26,16.13,16.13,16.13,16.13,0
2021-11-29,17.18,17.18,17.18,17.18,100
2021-11-30,17.18,17.18,15.95,15.95,200
2021-12-01,17.01,17.13,16.75,16.75,1500
2021-12-02,16.88,16.88,16.88,16.88,0
2021-12-03,16.75,16.75,16.75,16.75,200
2021-12-06,16.75,16.75,16.75,16.75,0
2021-12-07,16.75,16.75,16.75,16.75,0
2021-12-08,16.75,16.75,16.75,16.75,0
2021-12-09,16.75,16.75,16.75,16.75,0
2021-12-10,16.75,16.75,16.75,16.75,0
2021-12-13,16.23,16.23,16.23,16.23,1700
2021-12-14,16.23,16.23,16.23,16.23,0
2021-12-15,16.23,16.23,16.23,16.23,0
2021-12-16,16.23,16.23,16.23,16.23,0
2021-12-17,18.07,18.07,17.55,18.07,300
2021-12-20,18.01,18.01,18.01,18.01,100
2021-12-21,18.01,18.01,18.01,18.01,0
2021-12-22,18.01,18.01,18.01,18.01,0
2021-12-23,18.01,18.01,18.01,18.01,0
2021-12-24,18.01,18.07,18.01,18.07,400
2021-12-27,18.07,18.07,18.07,18.07,0
2021-12-28,18.07,18.07,18.07,18.07,0
2021-12-29,18.07,18.07,18.07,18.07,0
2021-12-30,18.07,18.07,18.07,18.07,0
2021-12-31,18.07,18.07,18.07,18.07,0
2022-01-04,18.07,18.07,18.07,18.07,0
2022-01-05,18.07,18.07,18.07,18.07,500
2022-01-06,18.07,18.07,18.07,18.07,0
2022-01-07,18.01,18.01,18.01,18.01,200
2022-01-10,18.01,18.07,18.01,18.07,400
2022-01-11,18.07,18.07,18.07,18.07,0
2022-01-12,18.07,18.07,18.07,18.07,0
2022-01-13,18.07,18.07,18.07,18.07,0
2022-01-14,18.07,18.07,18.07,18.07,0
2022-01-17,18.07,18.07,18.07,18.07,0
2022-01-18,18.07,18.07,18.07,18.07,0
2022-01-19,18.07,18.07,18.07,18.07,0
2022-01-20,18.07,18.07,18.07,18.07,0
2022-01-21,18.07,18.07,18.07,18.07,0
2022-01-24,18.07,18.07,18.07,18.07,300
2022-01-25,18.07,18.07,18.07,18.07,0
2022-01-26,18.07,18.07,18.07,18.07,0
2022-01-27,18.07,18.07,18.07,18.07,0
2022-01-28,18.07,18.07,18.07,18.07,200
2022-02-07,18.07,18.07,18.07,18.07,0
2022-02-08,18.07,18.07,18.07,18.07,0
2022-02-09,18.07,18.07,18.07,18.07,0
2022-02-10,18.07,18.07,18.07,18.07,200
2022-02-11,18.07,18.07,18.07,18.07,0
2022-02-14,18.07,18.07,18.07,18.07,0
2022-02-15,18.07,18.07,18.07,18.07,0
2022-02-16,18.07,18.07,18.07,18.07,105
2022-02-17,18.07,18.07,18.07,18.07,0
2022-02-18,18.07,18.07,18.07,18.07,0
2022-02-21,18.07,18.07,18.07,18.07,0
2022-02-22,18.07,18.07,18.07,18.07,0
2022-02-23,18.07,18.07,18.07,18.07,0
2022-02-24,18.07,18.07,18.07,18.07,25
2022-02-25,18.07,18.14,18.07,18.14,800
2022-02-28,18.14,18.14,18.14,18.14,0
2022-03-01,18.14,18.14,18.14,18.14,0
2022-03-02,18.14,18.14,18.14,18.14,0
2022-03-03,18.14,18.14,18.14,18.14,0
2022-03-04,16.43,18.14,16.43,16.56,3575
2022-03-07,16.56,16.56,16.56,16.56,25
2022-03-08,16.56,16.56,16.56,16.56,0
2022-03-09,16.56,16.56,16.56,16.56,0
2022-03-10,16.56,16.56,16.56,16.56,0
2022-03-11,16.63,16.63,16.63,16.63,100
2022-03-14,16.63,16.63,16.63,16.63,0
2022-03-15,16.63,16.63,16.63,16.63,0
2022-03-16,16.63,16.63,16.63,16.63,0
2022-03-17,16.63,16.63,16.63,16.63,0
2022-03-18,17.81,18.07,17.74,18.07,2800
2022-03-21,18.14,18.27,18.14,18.27,500
2022-03-22,18.2,18.27,18.27,18.27,0
2022-03-23,18.2,18.27,18.27,18.27,0
2022-03-24,18.2,18.27,18.27,18.27,0
2022-03-25,18.2,18.27,18.27,18.27,0
2022-03-28,18.2,18.27,18.27,18.27,0
2022-03-29,17.94,18.07,17.94,18.07,1300
2022-03-30,18.01,18.01,18.01,18.01,0
2022-03-31,18.4,18.4,18.4,18.4,500
2022-04-01,18.4,18.4,18.4,18.4,0
2022-04-04,18.4,18.4,18.4,18.4,0
2022-04-05,18.4,18.4,18.4,18.4,0
2022-04-06,18.6,19.06,18.6,19.06,2100
2022-04-07,18.93,19.06,19.06,19.06,0
2022-04-08,18.4,18.47,18.4,18.47,4700
2022-04-12,18.73,18.73,18.73,18.73,4000
2022-04-13,18.73,18.73,18.73,18.73,5300
2022-04-14,18.73,18.73,18.73,18.73,4200
2022-04-15,19.06,19.06,19.06,19.06,200
2022-04-18,19.06,19.06,19.06,19.06,0
2022-04-19,19.06,19.06,19.06,19.06,0
2022-04-20,18.73,18.73,18.73,18.73,2600
2022-04-21,19.06,19.06,19.06,19.06,1000
2022-04-22,19.06,19.06,19.06,19.06,0
2022-04-25,18.6,18.6,18.6,18.6,2000
2022-04-26,18.53,18.53,18.4,18.4,5000
2022-04-27,19.06,19.71,19.06,19.71,22600
2022-04-28,19.58,19.58,19.58,19.71,50
2022-04-29,19.58,19.71,19.71,19.71,0
2022-05-04,19.58,19.71,19.71,19.71,0
2022-05-05,19.58,19.71,19.71,19.71,0
2022-05-06,19.58,19.71,19.71,19.71,0
2022-05-09,18.4,18.4,18.4,18.4,5000
2022-05-10,18.4,19.06,18.4,19.06,4000
2022-05-11,19.06,19.06,19.06,19.06,2000
2022-05-12,18.47,18.47,18.47,18.4,2000
2022-05-13,18.4,18.4,18.4,18.4,0
2022-05-16,18.4,18.4,18.4,18.4,0
2022-05-17,18.93,18.93,18.93,18.93,800
2022-05-18,18.93,18.93,18.93,18.93,0
2022-05-19,18.4,18.4,18.4,18.4,8400
2022-05-20,18.4,18.4,18.4,18.4,0
2022-05-23,18.4,18.4,18.4,18.4,0
2022-05-24,18.47,18.47,18.4,18.4,4000
2022-05-25,18.47,18.47,18.4,18.4,4000
2022-05-26,18.47,18.47,18.47,18.47,1000
2022-05-27,18.47,18.47,18.47,18.47,0
2022-05-30,18.93,18.93,18.93,18.93,250
2022-05-31,18.73,18.73,18.73,18.73,1000
2022-06-01,18.73,18.73,18.73,18.73,1000
2022-06-02,18.73,18.73,18.73,18.73,0
2022-06-03,19.06,19.06,19.06,19.06,1100
2022-06-06,18.4,20.37,18.4,20.37,18002
2022-06-07,19.78,19.78,19.78,19.78,0
2022-06-08,19.78,19.78,19.78,19.78,0
2022-06-09,19.78,19.78,19.78,19.78,0
2022-06-10,19.78,19.78,19.78,19.78,0
2022-06-13,19.78,19.78,19.78,19.78,0
2022-06-14,19.78,19.78,19.78,19.78,0
2022-06-15,19.78,19.78,19.78,19.78,0
2022-06-16,19.78,19.78,19.78,19.78,0
2022-06-17,19.91,19.91,19.91,19.91,100
2022-06-20,19.91,19.91,19.91,19.91,0
2022-06-21,19.91,19.91,19.91,19.91,0
2022-06-22,19.91,19.91,19.91,19.91,0
2022-06-23,19.91,19.91,19.91,19.91,0
2022-06-24,19.91,19.91,19.91,19.91,0
2022-06-27,19.91,19.91,19.91,19.91,0
2022-06-28,19.91,19.91,19.91,19.91,0
2022-06-29,19.91,19.91,19.91,19.91,0
2022-06-30,19.91,19.91,19.91,19.91,0
2022-07-01,19.91,19.91,19.91,19.91,0
2022-07-04,19.91,19.91,19.91,19.91,0
2022-07-05,19.91,19.91,19.91,19.91,0
2022-07-06,19.91,19.91,19.91,19.91,0
2022-07-07,19.91,19.91,19.91,19.91,0
2022-07-08,19.78,19.78,19.78,19.78,10000
2022-07-11,20.9,20.9,20.9,20.9,500
2022-07-12,20.9,20.9,20.9,20.9,0
2022-07-13,20.9,20.9,20.9,20.9,0
2022-07-14,20.9,20.9,20.9,20.9,0
2022-07-15,20.9,20.9,20.9,20.9,0
2022-07-18,20.9,20.9,20.9,20.9,0
2022-07-19,20.9,20.9,20.9,20.9,0
2022-07-20,20.9,20.9,20.9,20.9,0
2022-07-21,20.9,20.9,20.9,20.9,0
2022-07-22,20.9,20.9,20.9,20.9,0
2022-07-25,20.9,20.9,20.9,20.9,0
2022-07-26,20.9,20.9,20.9,20.9,0
2022-07-27,21.78,21.78,21.1,21.1,14000
2022-07-28,21.57,21.57,21.57,21.57,0
2022-07-29,21.57,21.71,21.57,21.71,2500
2022-08-01,21.71,21.71,21.71,21.71,3500
2022-08-02,21.71,21.71,21.71,21.71,0
2022-08-03,18.45,18.45,18.45,18.45,100
2022-08-04,18.45,18.45,18.45,18.45,0
2022-08-05,18.45,18.45,18.45,18.45,0
2022-08-08,21.17,21.17,21.17,21.17,100
2022-08-09,21.17,21.17,21.17,21.17,0
2022-08-10,21.17,21.17,21.17,21.17,0
2022-08-11,21.17,21.17,21.17,21.17,0
2022-08-12,21.17,21.17,21.17,21.17,0
2022-08-15,21.17,21.17,21.17,21.17,0
2022-08-16,21.17,21.17,21.17,21.17,0
2022-08-17,21.17,21.17,21.17,21.17,0
2022-08-18,21.17,21.17,21.17,21.17,0
2022-08-19,21.17,21.17,21.17,21.17,0
2022-08-22,18.05,18.05,18.05,18.05,100
2022-08-23,18.05,18.05,18.05,18.05,0
2022-08-24,18.05,18.05,18.05,18.05,0
2022-08-25,18.05,18.05,18.05,18.05,0
2022-08-26,18.05,18.05,18.05,18.05,0
2022-08-29,18.05,18.05,18.05,18.05,0
2022-08-30,19.34,19.34,19.34,19.34,1600
2022-08-31,19.34,19.34,19.34,19.34,0
2022-09-05,19.34,19.34,19.34,19.34,0
2022-09-06,19.34,19.34,19.34,19.34,0
2022-09-07,19.34,19.34,19.34,19.34,0
2022-09-08,19.34,19.34,19.34,19.34,0
2022-09-09,19.68,19.68,19.68,19.68,1000
2022-09-12,19.68,19.68,19.68,19.68,0
2022-09-13,19.68,19.68,19.68,19.68,80
2022-09-14,19.68,19.68,19.68,19.68,0
2022-09-15,19.74,19.74,19.74,19.74,100
2022-09-16,19.74,19.74,19.74,19.74,0
2022-09-19,19.74,19.74,19.74,19.74,0
2022-09-20,19.74,19.74,19.74,19.74,0
2022-09-21,19.74,19.74,19.74,19.74,0
2022-09-22,19.74,19.74,19.74,19.74,0
2022-09-23,19.74,19.74,19.74,19.74,0
2022-09-26,19.74,19.74,19.74,19.74,0
2022-09-27,19.74,19.74,19.74,19.74,0
2022-09-28,19.74,19.74,19.74,19.74,0
2022-09-29,19.74,19.74,19.74,19.74,0
2022-09-30,19.74,19.74,19.74,19.74,0
2022-10-03,19.78,19.78,19.78,19.78,0
2022-10-04,19.78,19.78,19.78,19.78,0
2022-10-05,19.78,19.78,19.78,19.78,0
2022-10-06,19.78,19.78,19.78,19.78,0
2022-10-07,19.78,19.78,19.78,19.78,0
2022-10-10,19.78,19.78,19.78,19.78,0
2022-10-11,19.78,19.78,19.78,19.78,0
2022-10-12,19.78,19.78,19.78,19.78,0
2022-10-13,19.78,19.78,19.78,19.78,0
2022-10-14,19.78,19.78,19.78,19.78,0
2022-10-17,19.78,19.78,19.78,19.78,0
2022-10-18,19.78,19.78,19.78,19.78,0
2022-10-19,19.78,19.78,19.78,19.78,0
2022-10-20,19.78,19.78,19.78,19.78,0
2022-10-21,19.78,19.78,19.78,19.78,0
2022-10-24,19.78,19.78,19.78,19.78,0
2022-10-25,19.78,19.78,19.78,19.78,0
2022-10-26,19.78,19.78,19.78,19.78,0
2022-10-27,19.78,19.78,19.78,19.78,0
2022-10-28,19.78,19.78,19.78,19.78,0
2022-10-31,19.78,19.78,19.78,19.78,0
2022-11-01,19.78,19.78,19.78,19.78,0
2022-11-02,19.78,19.78,19.78,19.78,0
2022-11-03,19.78,19.78,19.78,19.78,0
2022-11-04,19.78,19.78,19.78,19.78,0
2022-11-07,19.78,19.78,19.78,19.78,0
2022-11-08,19.78,19.78,19.78,19.78,0
2022-11-09,19.78,19.78,19.78,19.78,0
2022-11-10,19.78,19.78,19.78,19.78,0
2022-11-11,19.78,19.78,19.78,19.78,0
2022-11-14,19.78,19.78,19.78,19.78,0
2022-11-15,19.78,19.78,19.78,19.78,0
2022-11-16,19.78,19.78,19.78,19.78,0
2022-11-17,19.78,19.78,19.78,19.78,0
2022-11-18,19.78,19.78,19.78,19.78,0
2022-11-21,19.78,19.78,19.78,19.78,0
2022-11-22,19.78,19.78,19.78,19.78,0
2022-11-23,19.78,19.78,19.78,19.78,0
2022-11-24,19.78,19.78,19.78,19.78,0
2022-11-25,19.78,19.78,19.78,19.78,0
2022-11-28,19.78,19.78,19.78,19.78,0
2022-11-29,19.78,19.78,19.78,19.78,0
2022-11-30,19.78,19.78,19.78,19.78,0
2022-12-01,19.78,19.78,19.78,19.78,0
2022-12-02,19.78,19.78,19.78,19.78,0
2022-12-05,19.78,19.78,19.78,19.78,0
2022-12-06,19.78,19.78,19.78,19.78,0
2022-12-07,22.88,23.27,22.88,23.27,2900
2022-12-08,23.27,23.27,23.27,23.27,0
2022-12-09,23.27,23.27,23.27,23.27,0
2022-12-12,23.27,23.27,23.27,23.27,0
2022-12-13,23.27,23.27,23.27,23.27,100
2022-12-14,23.27,23.27,23.27,23.27,900
2022-12-15,23.27,23.27,23.27,23.27,0
2022-12-16,23.42,23.42,23.42,23.42,200
2022-12-19,23.42,23.42,23.42,23.42,0
2022-12-20,23.42,23.42,23.42,23.42,0
2022-12-21,23.42,23.42,23.42,23.42,0
2022-12-22,23.42,23.42,23.42,23.42,0
2022-12-23,23.42,23.42,23.42,23.42,0
2022-12-26,23.42,23.42,23.42,23.42,0
2022-12-27,23.27,23.27,23.27,23.27,800
2022-12-28,23.42,23.42,23.42,23.42,1100
2022-12-29,23.42,23.42,23.42,23.42,0
2022-12-30,23.42,23.42,23.42,23.42,0
2023-01-03,23.42,23.42,23.42,23.42,0
2023-01-04,23.42,23.42,23.42,23.42,0
2023-01-05,23.42,23.42,23.42,23.42,0
2023-01-06,23.58,24.04,23.58,24.04,1400
2023-01-09,23.89,23.89,23.89,23.89,0
2023-01-10,23.89,23.89,23.89,23.89,0
2023-01-11,23.89,23.89,23.89,23.89,0
2023-01-12,24.43,24.43,24.43,24.43,900
2023-01-13,24.43,24.43,24.43,24.43,0
2023-01-16,24.43,24.43,24.43,24.43,0
2023-01-17,24.43,24.43,24.43,24.43,0
2023-01-18,24.43,24.43,24.43,24.43,0
2023-01-19,24.27,24.27,24.27,24.27,1400
2023-01-27,24.27,24.27,24.27,24.27,500
2023-01-30,24.27,24.27,24.27,24.27,0
2023-01-31,24.27,24.27,24.27,24.27,0
2023-02-01,24.27,24.27,24.27,24.27,701
2023-02-02,24.27,24.27,24.27,24.27,0
2023-02-03,24.27,24.27,24.27,24.27,0
2023-02-06,24.27,24.43,24.27,24.43,220
2023-02-07,24.35,24.35,24.35,24.35,80
2023-02-08,24.35,24.35,24.35,24.35,0
2023-02-09,24.35,24.35,24.35,24.35,0
2023-02-10,24.35,24.35,24.35,24.35,0
2023-02-13,24.35,24.35,24.35,24.35,0
2023-02-14,24.35,24.35,24.35,24.35,0
2023-02-15,24.35,24.35,24.35,24.35,0
2023-02-16,24.35,24.35,24.35,24.35,0
2023-02-17,24.35,24.35,24.35,24.35,0
2023-02-20,24.35,24.35,24.35,24.35,0
2023-02-21,24.35,24.35,24.35,24.35,0
2023-02-22,24.35,24.35,24.35,24.35,0
2023-02-23,24.35,24.35,24.35,24.35,0
2023-02-24,24.35,24.35,24.35,24.35,0
2023-02-27,23.42,23.42,23.42,23.42,2000
2023-02-28,23.42,23.42,23.42,23.42,3000
2023-03-01,23.42,23.42,23.42,23.42,2000
2023-03-02,23.42,23.42,23.42,23.42,0
2023-03-03,23.42,23.42,23.42,23.42,0
2023-03-06,23.5,23.5,23.42,23.42,1000
2023-03-07,23.5,23.5,23.5,23.5,400
2023-03-08,23.5,23.5,23.5,23.5,3600
2023-03-09,23.5,23.5,23.5,23.5,0
2023-03-10,23.5,23.5,23.5,23.5,0
2023-03-13,23.5,23.5,23.5,23.5,0
2023-03-14,23.5,23.5,23.5,23.5,0
2023-03-15,23.5,23.5,23.5,23.5,0
2023-03-16,23.5,23.5,23.5,23.5,0
2023-03-17,23.5,23.5,23.5,23.5,0
2023-03-20,23.5,23.5,23.5,23.5,0
2023-03-21,23.5,23.5,23.5,23.5,0
2023-03-22,23.5,23.5,23.5,23.5,0
2023-03-23,23.5,23.5,23.5,23.5,0
2023-03-24,23.5,23.5,23.5,23.5,200
2023-03-27,23.5,23.5,23.5,23.5,0
2023-03-28,23.5,23.5,23.5,23.5,0
2023-03-29,23.5,23.5,23.5,23.5,0
2023-03-30,23.5,23.5,23.5,23.5,0
2023-03-31,23.5,23.5,23.5,23.5,0
2023-04-03,20.01,20.01,20.01,20.01,100
2023-04-04,20.01,20.01,20.01,20.01,0
2023-04-05,20.01,20.01,20.01,20.01,0
2023-04-06,20.01,20.01,20.01,20.01,0
2023-04-07,20.01,20.01,20.01,20.01,0
2023-04-10,20.01,20.01,20.01,20.01,0
2023-04-11,20.01,20.01,20.01,20.01,0
2023-04-12,20.01,20.01,20.01,20.01,0
2023-04-13,20.01,20.01,20.01,20.01,0
2023-04-14,22.96,22.96,22.96,22.96,300
2023-04-17,22.96,22.96,22.96,22.96,0
2023-04-18,22.96,22.96,22.96,22.96,0
2023-04-19,22.96,22.96,22.96,22.96,0
2023-04-20,22.96,22.96,22.96,22.96,0
2023-04-21,23.42,23.42,23.42,23.42,700
2023-04-24,23.42,23.42,23.42,23.42,0
2023-04-25,23.42,23.42,23.42,23.42,0
2023-04-26,23.42,23.42,23.42,23.42,0
2023-04-27,23.42,23.42,23.42,23.42,0
2023-04-28,23.42,23.42,23.42,23.42,0
2023-05-04,23.42,23.42,23.42,23.42,0
2023-05-05,23.42,23.42,23.42,23.42,0
2023-05-08,23.42,23.42,23.42,23.42,1
2023-05-09,23.42,23.42,23.42,23.42,0
2023-05-10,23.42,23.42,23.42,23.42,0
2023-05-11,23.42,23.42,23.42,23.42,0
2023-05-12,23.42,23.42,23.42,23.42,0
2023-05-15,23.42,23.42,23.42,23.42,800
2023-05-16,23.42,23.42,23.42,23.42,0
2023-05-17,23.42,23.42,23.42,23.42,0
2023-05-18,23.42,23.42,23.42,23.42,0
2023-05-19,23.42,23.42,23.42,23.42,0
2023-05-22,23.42,23.42,23.42,23.42,0
2023-05-23,23.42,23.42,23.42,23.42,0
2023-05-24,23.42,23.42,23.42,23.42,0
2023-05-25,23.42,23.42,23.42,23.42,0
2023-05-26,23.42,23.42,23.42,23.42,0
2023-05-29,23.42,23.42,23.42,23.42,0
2023-05-30,23.42,23.42,23.42,23.42,0
2023-05-31,23.42,23.42,23.42,23.42,0
2023-06-01,23.42,23.42,23.42,23.42,0
2023-06-02,23.42,23.42,23.42,23.42,2300
2023-06-05,23.42,23.42,23.42,23.42,0
2023-06-06,23.42,23.42,23.42,23.42,0
2023-06-07,23.42,23.42,23.42,23.42,0
2023-06-08,23.42,23.42,23.42,23.42,0
2023-06-09,23.42,23.42,23.42,23.42,0
2023-06-12,23.42,23.42,23.42,23.42,1100
2023-06-13,23.42,23.42,23.42,23.42,0
2023-06-14,23.66,23.66,23.66,23.66,1800
2023-06-15,23.66,23.66,23.66,23.66,0
2023-06-16,23.66,23.66,23.26,23.26,1703
2023-06-19,23.5,23.5,23.5,23.5,0
2023-06-20,23.5,23.5,23.5,23.5,55
2023-06-21,23.5,23.5,23.5,23.5,0
2023-06-22,23.5,23.5,23.5,23.5,0
2023-06-23,23.5,23.5,23.5,23.5,0
2023-06-26,23.66,23.66,23.66,23.66,2000
2023-06-27,23.66,23.66,23.66,23.66,0
2023-06-28,23.66,23.66,23.66,23.66,0
2023-06-29,23.66,23.66,23.66,23.66,1500
2023-06-30,23.66,23.66,23.66,23.66,500
2023-07-03,23.66,23.66,23.66,23.66,0
2023-07-04,23.66,23.66,23.66,23.66,0
2023-07-05,23.66,23.66,23.66,23.66,0
2023-07-06,23.66,23.66,23.66,23.66,0
2023-07-07,23.66,23.66,23.66,23.66,0
2023-07-10,23.66,23.66,23.66,23.66,0
2023-07-11,23.66,23.66,23.66,23.66,0
2023-07-12,23.66,23.66,23.66,23.66,0
2023-07-13,24.06,24.06,24.06,24.06,1100
2023-07-14,24.06,24.06,24.06,24.06,0
2023-07-17,24.06,24.06,24.06,24.06,0
2023-07-18,24.06,24.06,24.06,24.06,0
2023-07-19,24.3,24.3,24.3,24.3,10000
2023-07-20,24.3,24.3,24.3,24.3,0
2023-07-21,24.3,24.3,24.3,24.3,0
2023-07-24,23.66,23.66,23.66,23.66,7530
2023-07-25,23.66,23.66,23.66,23.66,0
2023-07-26,23.66,23.66,23.66,23.66,0
2023-07-27,23.66,23.66,23.66,23.66,0
2023-07-28,23.66,23.66,23.66,23.66,0
2023-07-31,23.66,23.66,23.66,23.66,0
2023-08-01,23.66,23.66,23.66,23.66,0
2023-08-02,23.66,23.66,23.66,23.66,0
2023-08-03,23.66,23.66,23.66,23.66,0
2023-08-04,23.66,23.66,23.66,23.66,0
2023-08-07,23.66,23.66,23.66,23.66,0
2023-08-08,23.66,23.66,23.66,23.66,0
2023-08-09,24.22,24.22,24.22,24.22,6800
2023-08-10,24.22,24.22,24.22,24.22,10
2023-08-11,24.46,24.46,24.46,24.46,2000
2023-08-14,24.46,24.46,24.46,24.46,0
2023-08-15,24.46,24.46,24.46,24.46,0
2023-08-16,24.46,24.46,24.46,24.46,0
2023-08-17,24.46,24.46,24.46,24.46,1
2023-08-18,24.46,24.46,24.46,24.46,0
2023-08-21,24.46,24.46,24.46,24.46,1
2023-08-22,24.46,24.46,24.46,24.46,0
2023-08-23,24.46,24.46,24.46,24.46,16
2023-08-24,24.46,24.46,24.46,24.46,0
2023-08-25,24.46,24.46,24.46,24.46,0
2023-08-28,24.46,24.46,24.46,24.46,0
2023-08-29,24.46,24.46,24.46,24.46,1000
2023-08-30,24.46,24.46,24.46,24.46,0
2023-08-31,24.46,24.46,24.46,24.46,0
2023-09-05,24.46,24.46,24.46,24.46,0
2023-09-06,24.46,24.46,24.46,24.46,0
2023-09-07,24.46,24.46,24.46,24.46,0
2023-09-08,24.46,24.46,24.46,24.46,0
2023-09-11,24.46,24.46,24.46,24.46,1
2023-09-12,24.46,24.46,24.46,24.46,0
2023-09-13,24.46,24.46,24.46,24.46,0
2023-09-14,24.46,24.46,24.46,24.46,0
2023-09-15,24.46,24.46,24.46,24.46,0
2023-09-18,24.46,24.46,24.46,24.46,0
2023-09-19,24.46,24.46,24.46,24.46,0
2023-09-20,24.46,24.46,24.46,24.46,0
2023-09-21,24.46,24.46,24.46,24.46,0
2023-09-22,24.46,24.46,24.46,24.46,0
2023-09-25,24.46,24.46,24.46,24.46,0
2023-09-26,22.86,22.86,22.86,22.86,3000
2023-09-27,22.86,22.86,22.86,22.86,0
2023-09-28,23.66,23.66,23.66,23.66,501
2023-09-29,23.66,23.66,23.66,23.66,0
2023-10-02,23.66,23.66,23.66,23.66,0
2023-10-03,23.66,23.66,23.66,23.66,0
2023-10-04,23.66,23.66,23.66,23.66,0
2023-10-05,23.66,23.66,23.66,23.66,0
2023-10-06,23.66,23.66,23.66,23.66,0
2023-10-09,23.66,23.66,23.66,23.66,0
2023-10-10,23.66,23.66,23.66,23.66,0
2023-10-11,23.66,23.66,23.66,23.66,0
2023-10-12,23.66,23.66,23.66,23.66,0
2023-10-13,23.66,23.66,23.66,23.66,0
2023-10-16,23.66,23.66,23.66,23.66,0
2023-10-17,23.66,23.66,23.66,23.66,0
2023-10-18,23.66,23.66,23.66,23.66,0
2023-10-19,23.66,23.66,23.66,23.66,0
2023-10-20,23.66,23.66,23.66,23.66,0
2023-10-23,23.66,23.66,23.66,23.66,0
2023-10-24,23.66,23.66,23.66,23.66,0
2023-10-25,23.66,23.66,23.66,23.66,0
2023-10-26,23.66,23.66,22.86,22.86,4200
2023-10-27,24.3,24.3,24.3,24.3,100
2023-10-30,24.3,24.3,24.3,24.3,0
2023-10-31,24.3,24.3,24.3,24.3,0
2023-11-01,24.3,24.3,24.3,24.3,0
2023-11-02,24.3,24.3,24.3,24.3,0
2023-11-03,24.3,24.3,24.3,24.3,0
2023-11-06,24.3,24.3,24.3,24.3,0
2023-11-07,24.3,24.3,24.3,24.3,1
2023-11-08,24.3,24.3,24.3,24.3,56
2023-11-09,24.3,24.3,24.3,24.3,0
2023-11-10,24.3,24.3,24.3,24.3,0
2023-11-13,24.3,24.3,24.3,24.3,0
2023-11-14,24.3,24.3,24.3,24.3,0
2023-11-15,24.3,24.3,24.3,24.3,0
2023-11-16,24.3,24.3,24.3,24.3,0
2023-11-17,24.3,24.3,24.3,24.3,0
2023-11-20,24.3,24.3,24.3,24.3,0
2023-11-21,24.3,24.3,24.3,24.3,0
2023-11-22,24.3,24.3,24.3,24.3,0
2023-11-23,24.3,24.3,24.3,24.3,6
2023-11-24,24.3,24.3,24.3,24.3,0
2023-11-27,24.22,24.22,24.22,24.22,100
2023-11-28,24.22,24.22,24.22,24.22,0
2023-11-29,24.22,24.22,24.22,24.22,0
2023-11-30,24.22,24.22,24.22,24.22,0
2023-12-01,24.47,24.47,24.47,24.47,300
2023-12-04,24.47,24.47,24.47,24.47,0
2023-12-05,24.47,24.47,24.47,24.47,0
2023-12-06,24.47,24.47,24.47,24.47,0
2023-12-07,24.47,24.47,24.47,24.47,0
2023-12-08,24.47,24.47,24.47,24.47,0
2023-12-11,24.47,24.47,24.47,24.47,0
2023-12-12,24.47,24.47,24.47,24.47,400
2023-12-13,24.47,24.47,24.47,24.47,0
2023-12-14,24.47,24.47,24.47,24.47,0
2023-12-15,24.47,24.47,24.47,24.47,0
2023-12-18,24.47,24.47,24.47,24.47,0
2023-12-19,24.47,24.47,24.47,24.47,0
2023-12-20,24.47,24.47,24.47,24.47,0
2023-12-21,24.88,24.88,24.88,24.88,1100
2023-12-22,24.88,24.88,24.88,24.88,0
2023-12-25,24.88,24.88,24.88,24.88,0
2023-12-26,24.88,24.88,24.88,24.88,0
2023-12-27,24.88,24.88,24.88,24.88,0
2023-12-28,24.88,24.88,24.88,24.88,0
2023-12-29,24.88,24.88,24.88,24.88,0
2024-01-02,24.88,24.88,24.88,24.88,0
2024-01-03,24.88,24.88,24.88,24.88,0
2024-01-04,24.88,24.88,24.88,24.88,0
2024-01-05,24.88,24.88,24.88,24.88,0
2024-01-08,24.88,24.88,24.88,24.88,0
2024-01-09,24.88,24.88,24.88,24.88,0
2024-01-10,24.88,24.88,24.88,24.88,0
2024-01-11,24.88,24.88,24.88,24.88,0
2024-01-12,24.88,24.88,24.88,24.88,62
2024-01-15,24.88,24.88,24.63,24.63,1400
2024-01-16,24.8,24.8,24.8,24.8,500
2024-01-17,25.05,25.05,25.05,25.05,203
2024-01-18,25.05,25.05,25.05,25.05,0
2024-01-19,25.05,25.05,25.05,25.05,0
2024-01-22,25.13,25.13,25.13,25.13,201
2024-01-23,25.13,25.13,25.13,25.13,1
2024-01-24,25.13,25.13,25.13,25.13,19
2024-01-25,25.13,25.13,25.13,25.13,5
2024-01-26,25.13,25.13,25.13,25.13,0
2024-01-29,25.73,25.73,25.73,25.73,1001
2024-01-30,25.73,25.73,25.73,25.73,2401
2024-01-31,22.3,22.3,22.3,22.3,100
2024-02-01,22.3,22.3,22.3,22.3,0
2024-02-02,25.65,25.65,25.65,25.65,100
2024-02-05,25.73,25.73,25.73,25.73,1601
2024-02-06,25.73,25.73,25.73,25.73,2
2024-02-07,25.73,25.73,25.73,25.73,0
2024-02-15,25.73,25.73,25.73,25.73,25
2024-02-16,25.73,25.73,25.73,25.73,0
2024-02-19,25.73,25.73,25.73,25.73,0
2024-02-20,25.73,25.73,25.73,25.73,0
2024-02-21,25.73,25.73,25.73,25.73,50
2024-02-22,25.73,25.73,25.73,25.73,0
2024-02-23,25.73,25.73,25.73,25.73,0
2024-02-26,25.73,25.73,25.73,25.73,0
2024-02-27,29.59,29.59,29.59,29.59,200
2024-02-28,29.59,29.59,29.59,29.59,0
2024-02-29,29.59,29.59,29.59,29.59,0
2024-03-01,29.59,29.59,29.59,29.59,0
2024-03-04,29.59,29.59,29.59,29.59,0
2024-03-05,29.59,29.59,29.59,29.59,0
2024-03-06,29.59,29.59,29.59,29.59,0
2024-03-07,29.59,29.59,29.59,29.59,0
2024-03-08,29.59,29.59,29.59,29.59,0
2024-03-11,29.59,29.59,29.59,29.59,1
2024-03-12,29.59,29.59,29.59,29.59,0
2024-03-13,29.59,29.59,29.59,29.59,0
2024-03-14,29.59,29.59,29.59,29.59,0
2024-03-15,29.59,29.59,29.59,29.59,0
2024-03-18,30.02,30.02,30.02,30.02,109
2024-03-19,30.02,30.02,30.02,30.02,0
2024-03-20,30.02,30.02,30.02,30.02,0
2024-03-21,30.02,30.02,30.02,30.02,0
2024-03-22,30.02,30.02,30.02,30.02,0
2024-03-25,30.02,30.02,30.02,30.02,0
2024-03-26,25.73,25.73,25.73,25.73,3300
2024-03-27,25.73,25.73,25.73,25.73,0
2024-03-28,25.73,25.73,25.73,25.73,65
2024-03-29,25.73,25.73,25.73,25.73,0
2024-04-01,25.73,25.73,25.73,25.73,0
2024-04-02,26.59,26.59,26.59,26.59,4205
2024-04-03,24.88,24.88,24.88,24.88,100
2024-04-04,24.88,24.88,24.88,24.88,0
2024-04-05,24.88,24.88,24.88,24.88,0
2024-04-08,24.88,24.88,24.88,24.88,0
2024-04-09,26.59,26.59,26.25,26.25,2500
2024-04-10,26.25,26.25,26.25,26.25,0
2024-04-11,26.25,26.25,26.25,26.25,0
2024-04-12,26.59,26.59,26.59,26.59,100
2024-04-15,26.59,26.59,26.59,26.59,0
2024-04-16,26.59,26.59,26.59,26.59,1
2024-04-17,26.59,26.59,26.59,26.59,8500
2024-04-19,26.59,26.59,26.59,26.59,10000
2024-04-22,26.59,26.59,26.59,26.59,10000
2024-04-23,26.59,26.59,26.59,26.59,0
2024-04-24,26.59,26.59,26.59,26.59,0
2024-04-25,26.59,26.59,26.59,26.59,0
2024-04-26,26.59,26.59,26.59,26.59,0
2024-05-02,26.59,26.59,26.59,26.59,0
2024-05-03,26.59,26.59,26.59,26.59,0
2024-05-06,27.62,27.62,27.62,27.62,2075
2024-05-07,26.59,26.59,26.59,26.59,100
2024-05-08,26.59,26.59,26.59,26.59,0
2024-05-09,27.45,27.45,27.45,27.45,500
2024-05-10,27.53,27.53,27.53,27.53,100
2024-05-13,27.53,27.53,27.53,27.53,0
2024-05-14,27.53,27.53,27.53,27.53,0
2024-05-15,26.59,26.59,26.59,26.59,1000
2024-05-16,26.59,26.59,26.59,26.59,0
2024-05-17,26.59,26.59,26.59,26.59,0
2024-05-20,26.59,26.59,26.59,26.59,29
2024-05-21,26.59,26.59,26.59,26.59,0
2024-05-22,26.59,26.59,26.59,26.59,0
2024-05-23,26.59,26.59,26.59,26.59,0
2024-05-24,26.59,26.59,26.59,26.59,10
2024-05-27,26.59,26.59,26.59,26.59,0
2024-05-28,28.73,28.73,28.73,28.73,300
2024-05-29,28.73,28.73,28.73,28.73,10
2024-05-30,28.73,28.73,28.73,28.73,0
2024-05-31,28.73,28.73,28.73,28.73,2
2024-06-03,28.73,28.73,28.73,28.73,0
2024-06-04,27.96,28.73,27.96,28.73,5600
2024-06-05,28.05,28.05,28.05,28.05,0
2024-06-06,28.05,28.05,28.05,28.05,8
2024-06-07,28.05,28.05,28.05,28.05,12
2024-06-10,28.05,28.05,28.05,28.05,0
2024-06-11,28.05,28.05,28.05,28.05,0
2024-06-12,28.05,28.05,28.05,28.05,0
2024-06-13,28.05,28.05,28.05,28.05,0
2024-06-14,28.05,28.05,28.05,28.05,0
2024-06-17,31.23,31.23,31.23,31.23,200
2024-06-18,31.85,31.85,30.97,30.97,600
2024-06-19,31.23,31.23,31.23,31.23,0
2024-06-20,26.63,26.63,26.63,26.63,100
2024-06-21,26.63,26.63,26.63,26.63,0
2024-06-24,26.63,26.63,26.63,26.63,0
2024-06-25,26.63,26.63,26.63,26.63,0
2024-06-26,26.63,26.63,26.63,26.63,0
2024-06-27,26.63,26.63,26.63,26.63,0
2024-06-28,30.62,30.62,30.62,30.62,100
2024-07-01,30.62,30.62,30.62,30.62,0
2024-07-02,30.62,30.62,30.62,30.62,0
2024-07-03,30.62,30.62,30.62,30.62,0
2024-07-04,30.62,30.62,30.62,30.62,0
2024-07-05,30.62,30.62,30.62,30.62,0
2024-07-08,30.62,30.62,30.62,30.62,0
2024-07-09,30.62,30.62,30.62,30.62,0
2024-07-10,30.62,30.62,30.62,30.62,0
2024-07-11,30.62,30.62,30.62,30.62,1
2024-07-12,30.62,30.62,30.62,30.62,0
2024-07-15,30.62,30.62,30.62,30.62,0
2024-07-16,30.62,30.62,30.62,30.62,0
2024-07-17,30.62,30.62,30.62,30.62,0
2024-07-18,30.62,30.62,30.62,30.62,0
2024-07-19,30.62,30.62,30.62,30.62,0
2024-07-22,30.62,30.62,30.62,30.62,0
2024-07-23,30.62,30.62,30.62,30.62,0
2024-07-24,30.62,30.62,30.62,30.62,0
2024-07-25,30.62,30.62,30.62,30.62,0
2024-07-26,30.62,30.62,30.62,30.62,0
2024-07-29,30.62,30.62,30.62,30.62,0
2024-07-30,30.62,30.62,30.62,30.62,0
2024-07-31,30.62,30.62,30.62,30.62,0
2024-08-01,26.99,26.99,26.99,26.99,1400
2024-08-02,26.99,26.99,26.99,26.99,0
2024-08-05,26.99,26.99,26.99,26.99,0
2024-08-06,26.99,26.99,26.99,26.99,0
2024-08-07,26.99,26.99,26.99,26.99,0
2024-08-08,26.99,26.99,26.99,26.99,0
2024-08-09,26.99,26.99,26.99,26.99,0
2024-08-12,26.99,26.99,26.99,26.99,0
2024-08-13,26.99,26.99,26.99,26.99,0
2024-08-14,26.55,26.55,26.55,26.55,800
2024-08-15,26.55,26.55,26.55,26.55,0
2024-08-16,26.55,26.55,26.55,26.55,0
2024-08-19,26.55,26.55,26.55,26.55,0
2024-08-20,26.55,26.55,26.55,26.55,0
2024-08-21,26.55,26.55,26.55,26.55,0
2024-08-22,26.55,26.55,26.55,26.55,400
2024-08-23,26.55,26.55,26.55,26.55,0
2024-08-26,26.55,26.55,26.55,26.55,0
2024-08-27,26.55,26.55,26.55,26.55,0
2024-08-28,26.55,26.55,26.55,26.55,0
2024-08-29,26.55,26.55,26.55,26.55,0
2024-08-30,26.55,26.55,26.55,26.55,0
2024-09-04,26.55,26.55,26.55,26.55,0
2024-09-05,26.55,26.55,26.55,26.55,0
2024-09-06,26.55,26.55,26.55,26.55,0
2024-09-09,26.55,26.55,26.55,26.55,62
2024-09-10,26.55,26.55,26.55,26.55,0
2024-09-11,26.55,26.55,26.55,26.55,0
2024-09-12,26.55,26.55,26.55,26.55,0
2024-09-13,26.55,26.55,26.55,26.55,0
2024-09-16,26.55,26.55,26.55,26.55,1100
2024-09-17,26.55,26.55,26.55,26.55,0
2024-09-18,26.55,26.55,26.55,26.55,0
2024-09-19,26.55,26.55,26.55,26.55,55
2024-09-20,26.55,26.55,26.55,26.55,0
2024-09-23,26.55,26.55,26.55,26.55,110
2024-09-24,26.55,26.55,26.55,26.55,0
2024-09-25,26.55,26.55,26.55,26.55,0
2024-09-26,26.55,26.55,26.55,26.55,0
2024-09-27,26.55,26.55,26.55,26.55,0
2024-09-30,26.55,26.55,26.55,26.55,0
2024-10-01,26.55,26.55,26.55,26.55,0
2024-10-02,26.55,26.55,26.55,26.55,0
2024-10-03,26.55,26.55,26.55,26.55,0
2024-10-04,28.31,28.31,28.31,28.31,1000
2024-10-07,28.31,30.08,28.31,30.08,200
2024-10-08,29.2,29.2,29.2,29.2,0
2024-10-09,29.2,29.2,29.2,29.2,0
2024-10-10,29.2,29.2,29.2,29.2,0
2024-10-11,29.2,29.2,29.2,29.2,0
2024-10-14,29.2,29.2,29.2,29.2,0
2024-10-15,29.2,29.2,29.2,29.2,0
2024-10-16,29.2,29.2,29.2,29.2,0
2024-10-17,29.2,29.2,29.2,29.2,0
2024-10-18,29.2,29.2,29.2,29.2,0
2024-10-21,28.29,28.29,28.29,28.29,400
2024-10-22,28.29,28.29,28.29,28.29,0
2024-10-23,28.29,28.29,28.29,28.29,0
2024-10-24,28.29,28.29,28.29,28.29,0
2024-10-25,28.29,28.29,28.29,28.29,0
2024-10-28,28.29,28.29,28.29,28.29,0
2024-10-29,28.29,28.29,28.29,28.29,0
2024-10-30,28.29,28.29,28.29,28.29,0
2024-10-31,28.29,28.29,28.29,28.29,0
2024-11-01,28.29,28.29,28.29,28.29,0
2024-11-04,28.29,28.29,28.29,28.29,0
2024-11-05,28.29,28.29,28.29,28.29,0
2024-11-06,28.29,28.29,28.29,28.29,0
2024-11-07,28.29,28.29,28.29,28.29,0
2024-11-08,28.29,28.29,28.29,28.29,0
2024-11-11,28.29,28.29,28.29,28.29,0
2024-11-12,28.29,28.29,28.29,28.29,0
2024-11-13,28.29,28.29,28.29,28.29,0
2024-11-14,28.29,28.29,28.29,28.29,0
2024-11-15,28.29,28.29,28.29,28.29,1
2024-11-18,28.29,28.29,28.29,28.29,0
2024-11-19,28.29,28.29,28.29,28.29,0
2024-11-20,28.29,28.29,28.29,28.29,0
2024-11-21,28.74,28.74,28.74,28.74,1003
2024-11-22,28.74,29.2,28.74,29.2,1000
2024-11-25,28.93,28.93,28.93,28.93,0
2024-11-26,28.93,28.93,28.93,28.93,0
2024-11-27,28.93,28.93,28.93,28.93,0
2024-11-28,28.93,28.93,28.93,28.93,0
2024-11-29,28.93,28.93,28.93,28.93,0
2024-12-02,28.74,28.74,28.74,28.74,900
2024-12-03,28.74,28.74,28.74,28.74,0
2024-12-04,28.74,28.74,28.74,28.74,0
2024-12-05,28.74,28.74,28.74,28.74,0
2024-12-06,28.74,28.74,28.74,28.74,0
2024-12-09,28.74,28.74,28.74,28.74,0
2024-12-10,28.74,28.74,28.74,28.74,0
2024-12-11,28.74,28.74,28.74,28.74,0
2024-12-12,28.74,28.74,28.74,28.74,0
2024-12-13,28.74,28.74,28.74,28.74,0
2024-12-16,28.74,28.74,28.74,28.74,0
2024-12-17,28.74,28.74,28.74,28.74,0
2024-12-18,28.74,28.74,28.74,28.74,0
2024-12-19,28.74,28.74,28.74,28.74,0
2024-12-20,28.74,28.74,28.74,28.74,0
2024-12-23,28.74,28.74,28.74,28.74,0
2024-12-24,28.74,28.74,28.74,28.74,0
2024-12-25,28.74,28.74,28.74,28.74,0
2024-12-26,29.2,29.2,29.2,29.2,1500
2024-12-27,29.2,29.2,29.2,29.2,0
2024-12-30,29.2,29.2,29.2,29.2,0
2024-12-31,29.2,29.2,29.2,29.2,0
2025-01-02,29.2,29.2,29.2,29.2,0
2025-01-03,33.53,33.53,33.53,33.53,103
2025-01-06,33.53,33.53,33.53,33.53,0
2025-01-07,33.53,33.53,33.53,33.53,0
2025-01-08,33.53,33.53,33.53,33.53,0
2025-01-09,33.53,33.53,33.53,33.53,0
2025-01-10,33.53,33.53,33.53,33.53,0
2025-01-13,33.53,33.53,33.53,33.53,0
2025-01-14,33.53,33.53,33.53,33.53,0
2025-01-15,33.53,33.53,33.53,33.53,0
2025-01-16,33.53,33.53,33.53,33.53,0
2025-01-17,33.53,33.53,33.53,33.53,0
2025-01-20,33.53,33.53,33.53,33.53,0
2025-01-21,33.53,33.53,33.53,33.53,0
2025-01-22,33.53,33.53,33.53,33.53,0
2025-01-23,33.53,33.53,33.53,33.53,0
2025-01-24,33.53,33.53,33.53,33.53,0
2025-02-03,33.53,33.53,33.53,33.53,0
2025-02-04,33.53,33.53,33.53,33.53,0
2025-02-05,33.53,33.53,33.53,33.53,0
2025-02-06,33.53,33.53,33.53,33.53,2117
2025-02-07,33.53,33.53,33.53,33.53,0
2025-02-10,32.97,32.97,32.97,32.97,500
2025-02-11,32.97,32.97,32.97,32.97,0
2025-02-12,32.49,32.49,32.49,32.49,300
2025-02-13,32.02,32.02,32.02,32.02,200
2025-02-14,32.02,32.02,32.02,32.02,0
2025-02-17,32.02,32.02,32.02,32.02,0
2025-02-18,32.02,32.02,32.02,32.02,0
2025-02-19,32.02,32.02,32.02,32.02,700
2025-02-20,32.02,32.02,32.02,32.02,0
2025-02-21,32.02,32.02,32.02,32.02,0
2025-02-24,32.02,32.02,32.02,32.02,0
2025-02-25,32.02,32.02,32.02,32.02,1
2025-02-26,32.02,32.02,32.02,32.02,200
2025-02-27,32.02,32.02,32.02,32.02,0
2025-02-28,32.02,32.02,32.02,32.02,0
2025-03-03,32.02,32.02,32.02,32.02,0
2025-03-04,32.02,32.02,32.02,32.02,0
2025-03-05,36.83,36.83,36.83,36.83,400
2025-03-06,36.83,36.83,36.83,36.83,25
2025-03-07,36.83,36.83,36.83,36.83,0
2025-03-10,36.83,36.83,36.83,36.83,1
2025-03-11,31.36,31.36,31.36,31.36,900
2025-03-12,31.36,31.36,31.36,31.36,400
2025-03-13,31.36,31.36,31.36,31.36,300
2025-03-14,31.36,31.36,31.36,31.36,0
2025-03-17,31.36,31.36,31.36,31.36,0
2025-03-18,31.36,31.36,31.36,31.36,0
2025-03-19,31.36,31.36,31.36,31.36,500
2025-03-20,31.36,31.36,31.36,31.36,500
2025-03-21,33.06,33.06,33.06,33.06,500
2025-03-24,33.06,33.06,33.06,33.06,0
2025-03-25,33.06,33.06,33.06,33.06,3
2025-03-26,33.06,33.06,33.06,33.06,0
2025-03-27,33.06,33.06,33.06,33.06,200
2025-03-28,33.06,33.06,33.06,33.06,0
2025-03-31,33.06,33.06,33.06,33.06,0
2025-04-01,33.06,33.06,33.06,33.06,0
2025-04-02,32.97,32.97,32.97,32.97,200
2025-04-03,33.44,33.44,33.44,33.44,300
2025-04-04,33.44,33.44,33.44,33.44,0
2025-04-08,33.44,33.44,33.44,33.44,0
2025-04-09,28.73,28.73,28.73,28.73,500
2025-04-10,32.97,32.97,30.61,30.61,1100
2025-04-11,30.8,30.8,30.8,30.8,0
2025-04-14,30.8,30.8,30.8,30.8,0
2025-04-15,30.8,30.8,30.8,30.8,0
2025-04-16,30.8,30.8,30.8,30.8,0
2025-04-17,30.8,30.8,30.8,30.8,0
2025-04-18,30.8,30.8,30.8,30.8,0
2025-04-21,30.8,30.8,30.8,30.8,0
2025-04-22,30.8,30.8,30.8,30.8,0
2025-04-23,30.8,30.8,30.8,30.8,0
2025-04-24,30.8,30.8,30.8,30.8,0
2025-04-25,30.14,30.14,30.14,30.14,1800
2025-04-28,30.14,30.14,30.14,30.14,0
2025-04-29,33.44,33.44,33.44,33.44,100
2025-05-05,33.44,33.44,33.44,33.44,0
2025-05-06,33.44,33.44,33.44,33.44,0
2025-05-07,33.44,33.44,33.44,33.44,0
2025-05-08,33.44,33.44,33.44,33.44,100
2025-05-09,33.44,33.44,33.44,33.44,0
2025-05-12,33.44,33.44,33.44,33.44,0
2025-05-13,33.44,33.44,33.44,33.44,100
2025-05-14,33.44,33.44,33.44,33.44,0
2025-05-15,33.44,33.44,33.44,33.44,0
2025-05-16,33.44,33.44,33.44,33.44,0
2025-05-19,33.44,33.44,33.44,33.44,0
2025-05-20,33.44,33.44,33.44,33.44,0
2025-05-21,32.97,32.97,32.97,32.97,100
2025-05-22,32.97,32.97,32.97,32.97,0
2025-05-23,32.97,32.97,32.97,32.97,0
2025-05-26,32.97,32.97,32.97,32.97,0
2025-05-27,32.97,32.97,32.97,32.97,0
2025-05-28,32.97,32.97,32.97,32.97,0
2025-05-29,31.55,31.55,31.55,31.55,705
2025-05-30,31.55,31.55,31.55,31.55,0
2025-06-02,31.65,31.65,31.65,31.65,1001
2025-06-03,31.65,31.65,31.65,31.65,0
2025-06-04,31.65,31.65,31.65,31.65,0
2025-06-05,31.65,32.12,31.65,32.12,1800
2025-06-06,32.02,32.02,32.02,32.02,4000
2025-06-09,32.12,32.12,32.02,32.02,7500
2025-06-10,32.02,32.02,32.02,32.02,0
2025-06-11,33.09,33.09,33.09,33.09,100
2025-06-12,33.09,33.09,33.09,33.09,0
2025-06-13,33.09,33.09,33.09,33.09,0
2025-06-16,33.09,33.09,33.09,33.09,0
2025-06-17,33.09,33.09,33.09,33.09,0
2025-06-18,33.09,33.09,33.09,33.09,200
2025-06-19,33.09,33.09,33.09,33.09,1
2025-06-20,33.09,33.09,33.09,33.09,0
2025-06-23,33.09,33.09,33.09,33.09,0
2025-06-24,33.09,33.09,33.09,33.09,74
2025-06-25,33.09,33.09,33.09,33.09,0
2025-06-26,33.09,33.09,33.09,33.09,5
2025-06-27,33.09,33.09,33.09,33.09,0
2025-06-30,33.09,33.09,33.09,33.09,1
2025-07-01,33.09,33.09,33.09,33.09,0
2025-07-02,33.09,33.09,33.09,33.09,0
2025-07-03,33.09,33.09,33.09,33.09,0
2025-07-04,33.09,33.09,33.09,33.09,0
2025-07-07,33.09,33.09,33.09,33.09,0
2025-07-08,33.09,33.09,33.09,33.09,0
2025-07-09,33.09,33.09,33.09,33.09,1
2025-07-10,33.09,33.09,33.09,33.09,0
2025-07-11,33.09,33.09,33.09,33.09,1
2025-07-14,32.99,32.99,32.99,32.99,200
2025-07-15,32.99,32.99,32.99,32.99,0
2025-07-16,32.99,32.99,32.99,32.99,0
2025-07-17,32.99,32.99,32.99,32.99,0
2025-07-18,32.99,32.99,32.99,32.99,21100
2025-07-21,32.99,33.28,32.99,33.28,730
2025-07-22,33.09,33.09,33.09,33.09,0
2025-07-23,32.02,32.51,32.02,32.51,7000
2025-07-24,32.12,32.12,32.12,32.12,0
2025-07-25,32.12,32.12,32.12,32.12,0
2025-07-28,32.12,32.12,32.12,32.12,0
2025-07-29,32.51,32.51,32.12,32.12,1400
2025-07-30,32.22,32.22,32.22,32.22,0
2025-07-31,32.8,32.8,32.61,32.61,3100
2025-08-01,32.8,32.8,32.8,32.8,4
2025-08-04,32.8,32.8,32.8,32.8,0
2025-08-05,32.8,32.8,32.8,32.8,3000
2025-08-06,32.8,32.8,32.8,32.8,0
2025-08-07,32.8,32.8,32.8,32.8,0
2025-08-08,32.8,32.8,32.8,32.8,0
2025-08-11,32.8,32.8,32.8,32.8,100
2025-08-12,32.8,32.8,32.8,32.8,5000
2025-08-13,33.0,33.0,33.0,33.0,1000
2025-08-14,33.0,33.0,33.0,33.0,500
2025-08-15,33.0,33.0,33.0,33.0,0
2025-08-18,33.0,33.0,33.0,33.0,0
2025-08-19,33.0,33.0,33.0,33.0,0
2025-08-20,33.3,33.3,33.3,33.3,500
2025-08-21,33.3,33.3,33.3,33.3,0
2025-08-22,33.3,33.3,33.3,33.3,0
2025-08-25,33.3,33.3,33.3,33.3,0
2025-08-29,33.0,33.0,33.0,33.0,500
2025-09-04,33.0,33.0,33.0,33.0,4700
2025-09-08,32.9,32.9,32.9,32.9,400
2025-09-09,32.9,32.9,32.9,32.9,1700
2025-09-10,32.9,32.9,32.9,32.9,400
2025-09-11,32.9,32.9,32.9,32.9,2300
2025-09-16,32.9,32.9,32.9,32.9,100
2025-09-22,34.0,34.0,34.0,34.0,500
2025-09-24,34.0,34.0,34.0,34.0,1000
2025-09-30,34.0,34.0,34.0,34.0,100
2025-10-14,34.0,34.0,34.0,34.0,1000
