time,open,high,low,close,volume
2014-11-11,4.24,,,,0
2014-11-12,4.24,0.0,0.0,0.0,0
2014-11-13,4.24,0.0,0.0,0.0,0
2014-11-14,4.24,0.0,0.0,0.0,0
2014-11-17,4.24,0.0,0.0,0.0,0
2014-11-18,4.24,0.0,0.0,0.0,0
2014-11-19,4.24,0.0,0.0,0.0,0
2014-11-20,5.94,5.94,5.94,5.94,100
2014-11-21,6.53,6.53,6.53,6.53,100
2014-11-24,7.17,7.17,7.17,7.17,100
2014-11-25,7.85,7.85,7.85,7.85,100
2014-11-26,8.61,8.61,8.61,8.61,100
2014-11-27,9.46,9.46,9.46,9.46,300
2014-11-28,10.39,10.39,10.39,10.39,100
2014-12-01,10.39,10.39,10.39,10.39,0
2014-12-02,10.39,10.39,10.39,10.39,0
2014-12-03,10.39,10.39,10.39,10.39,0
2014-12-04,9.75,9.75,9.75,9.75,600
2014-12-05,9.75,9.75,9.75,9.75,0
2014-12-08,9.75,9.75,9.75,9.75,0
2014-12-09,9.75,9.75,9.75,9.75,0
2014-12-10,9.75,9.75,9.75,9.75,0
2014-12-11,9.97,9.97,9.97,9.97,4000
2014-12-12,9.97,9.97,9.97,9.97,0
2014-12-15,9.97,9.97,9.97,9.97,0
2014-12-16,10.18,10.18,9.97,10.18,11300
2014-12-17,10.18,10.6,10.18,10.18,2300
2014-12-18,10.18,10.39,10.18,10.39,6000
2014-12-19,9.97,9.97,9.75,9.75,2000
2014-12-22,9.88,9.88,9.88,9.88,8500
2014-12-23,9.88,9.88,9.84,9.88,2600
2014-12-24,9.84,9.88,9.84,9.84,20800
2014-12-25,9.84,9.84,9.84,9.84,0
2014-12-26,9.75,9.75,9.67,9.67,5600
2014-12-29,9.67,9.67,9.67,9.67,0
2014-12-30,9.67,9.67,9.67,9.67,0
2014-12-31,9.67,9.67,9.67,9.67,0
2015-01-05,9.75,9.75,8.82,9.67,5100
2015-01-06,9.75,9.75,9.75,9.75,100
2015-01-07,10.73,10.73,9.8,9.8,1100
2015-01-08,8.91,9.97,8.91,9.97,2100
2015-01-09,10.31,10.31,8.52,8.69,27900
2015-01-12,9.71,9.71,8.48,9.33,28400
2015-01-13,8.65,9.5,8.65,9.33,130800
2015-01-14,8.69,10.18,8.69,10.18,24000
2015-01-15,10.18,10.94,10.18,10.94,21050
2015-01-16,11.83,11.88,11.49,11.88,27000
2015-01-19,12.72,12.72,11.03,12.38,11100
2015-01-20,11.88,12.3,11.03,11.66,19400
2015-01-21,11.07,12.05,10.6,11.58,74900
2015-01-22,11.88,12.51,11.88,12.47,38400
2015-01-23,12.34,12.81,12.3,12.55,14600
2015-01-26,12.3,12.43,12.3,12.43,300
2015-01-27,11.24,12.3,11.24,11.88,10000
2015-01-28,11.62,11.66,11.24,11.45,12900
2015-01-29,11.45,11.45,11.03,11.03,21500
2015-01-30,11.11,11.45,11.11,11.2,6900
2015-02-02,11.24,11.66,11.03,11.24,19000
2015-02-03,11.03,11.66,11.03,11.66,30000
2015-02-04,11.03,11.24,11.03,11.24,2200
2015-02-05,11.07,11.92,11.07,11.45,72000
2015-02-06,11.66,12.3,11.66,12.3,84750
2015-02-09,12.3,12.3,10.98,10.98,15500
2015-02-10,11.66,11.66,11.24,11.45,4200
2015-02-11,11.45,11.45,10.77,11.03,63200
2015-02-12,11.24,11.24,10.82,10.9,1900
2015-02-13,10.82,10.82,10.82,10.82,3400
2015-02-24,11.03,11.03,10.18,11.03,300
2015-02-25,10.6,10.69,9.75,9.75,37500
2015-02-26,10.18,10.18,9.88,9.88,13800
2015-02-27,9.12,10.9,9.12,9.75,7300
2015-03-02,9.92,9.92,9.03,9.33,9600
2015-03-03,9.75,9.75,8.69,9.54,16700
2015-03-04,10.35,10.52,9.63,10.52,12800
2015-03-05,10.09,10.09,9.97,9.97,2000
2015-03-06,9.33,9.97,9.33,9.97,400
2015-03-09,9.97,9.97,9.97,9.97,0
2015-03-10,9.71,9.75,9.71,9.75,3000
2015-03-11,8.82,10.6,8.82,8.91,6700
2015-03-12,9.16,9.16,9.16,9.16,200
2015-03-13,9.16,9.16,9.16,9.16,1000
2015-03-16,9.97,9.97,9.97,9.97,1000
2015-03-17,9.33,9.37,9.33,9.33,2900
2015-03-18,9.33,9.33,9.33,9.33,2000
2015-03-19,9.67,9.67,9.29,9.54,1800
2015-03-20,8.91,9.5,8.91,9.5,600
2015-03-23,8.52,9.46,8.52,8.69,700
2015-03-24,8.69,9.12,8.69,8.69,450
2015-03-25,9.37,9.37,8.14,8.78,8000
2015-03-26,9.33,9.33,9.33,9.33,2000
2015-03-27,9.29,9.88,9.29,9.88,735100
2015-03-30,10.39,10.43,9.92,10.35,16000
2015-03-31,10.43,11.03,10.31,10.29,31400
2015-04-01,10.65,11.03,10.52,10.6,581600
2015-04-02,10.6,10.94,10.6,10.9,105200
2015-04-03,11.03,11.83,11.03,11.83,108700
2015-04-06,11.83,12.94,11.83,12.51,60650
2015-04-07,12.47,12.64,12.26,12.38,71100
2015-04-08,12.38,12.38,12.05,12.21,111000
2015-04-09,12.38,12.68,12.21,12.6,138600
2015-04-10,12.64,13.61,12.64,13.61,126900
2015-04-13,14.0,14.0,13.53,13.7,199800
2015-04-14,13.32,13.7,13.32,13.61,65800
2015-04-15,13.44,13.53,13.27,13.4,29800
2015-04-16,13.23,13.36,13.11,13.23,82410
2015-04-17,13.36,14.42,13.23,13.57,39600
2015-04-20,13.44,13.44,13.32,13.36,131700
2015-04-21,13.36,13.36,13.11,13.11,78900
2015-04-22,13.15,13.15,12.3,12.85,32800
2015-04-23,12.94,13.57,12.6,13.02,18800
2015-04-24,12.72,12.77,12.72,12.72,9000
2015-04-27,12.72,12.72,12.26,12.51,27200
2015-05-04,11.45,11.88,11.45,11.88,1000
2015-05-05,11.83,11.83,11.45,11.45,1200
2015-05-06,12.85,12.85,11.37,11.37,2800
2015-05-07,11.54,12.21,11.45,11.96,27600
2015-05-08,13.15,13.15,12.3,12.3,500
2015-05-11,13.57,13.57,13.27,13.27,500
2015-05-12,12.3,12.3,12.0,12.0,800
2015-05-13,13.15,13.15,11.45,12.26,5500
2015-05-14,11.07,12.13,11.07,12.13,700
2015-05-15,12.64,13.11,12.64,12.72,14300
2015-05-18,12.43,12.43,11.83,11.83,2400
2015-05-19,11.79,11.79,11.54,11.54,3600
2015-05-20,12.09,12.21,11.62,11.62,13700
2015-05-21,12.05,12.05,11.45,11.45,15600
2015-05-22,11.45,11.45,11.45,11.45,3200
2015-05-25,11.45,11.45,10.31,11.03,3000
2015-05-26,11.83,11.83,11.24,11.24,5100
2015-05-27,11.24,11.24,11.03,11.03,3000
2015-05-28,11.79,11.79,11.11,11.11,6000
2015-05-29,11.03,11.62,11.03,11.62,1600
2015-06-01,11.49,11.49,10.94,10.94,1900
2015-06-02,10.98,11.37,10.18,11.37,16100
2015-06-03,11.37,11.37,11.37,11.37,0
2015-06-04,10.98,10.98,10.18,10.43,7900
2015-06-05,10.98,10.98,10.18,10.77,4100
2015-06-08,9.59,10.56,9.54,10.18,18000
2015-06-09,10.6,10.6,9.33,10.52,9900
2015-06-10,10.35,10.6,10.35,10.6,4000
2015-06-11,10.26,10.43,10.26,10.43,200
2015-06-12,10.56,10.56,10.18,10.52,2100
2015-06-15,10.48,10.48,10.35,10.39,1600
2015-06-16,9.84,10.52,9.75,10.52,4800
2015-06-17,9.75,10.52,9.75,10.52,1400
2015-06-18,11.12,11.12,11.12,11.12,100
2015-06-19,11.07,11.25,11.07,11.25,1200
2015-06-22,10.35,10.35,10.08,10.08,4500
2015-06-23,10.94,10.94,10.08,10.08,800
2015-06-24,10.35,10.35,10.35,10.35,100
2015-06-25,9.45,10.98,9.45,10.98,4700
2015-06-26,10.8,11.7,10.35,10.71,8000
2015-06-29,10.8,11.21,10.8,11.21,36500
2015-06-30,11.43,11.48,10.08,11.48,101700
2015-07-01,9.95,9.95,9.9,9.9,1000
2015-07-02,9.0,11.39,9.0,9.9,12200
2015-07-03,9.9,9.9,9.9,9.9,0
2015-07-06,9.9,9.9,9.9,9.9,0
2015-07-07,10.35,11.21,9.54,9.54,4900
2015-07-08,10.8,10.8,10.8,10.8,100
2015-07-09,10.8,10.8,10.8,10.8,0
2015-07-10,10.62,10.62,10.62,10.62,100
2015-07-13,11.16,11.16,10.85,10.85,20000
2015-07-14,10.8,10.94,9.45,9.45,21000
2015-07-15,10.76,10.76,10.67,10.67,12000
2015-07-16,9.23,10.62,9.18,10.62,15600
2015-07-17,8.96,10.8,8.91,10.8,5900
2015-07-20,10.44,10.44,10.44,10.44,100
2015-07-21,10.44,10.44,10.44,10.44,0
2015-07-22,10.44,10.44,10.44,10.44,0
2015-07-23,8.91,8.91,8.91,8.91,100
2015-07-24,8.6,8.64,8.55,8.64,4000
2015-07-27,8.64,8.64,8.64,8.64,300
2015-07-28,9.0,9.0,8.55,8.96,2500
2015-07-29,9.09,9.14,9.09,9.14,400
2015-07-30,9.14,9.14,9.14,9.14,0
2015-07-31,9.23,10.26,9.23,10.26,1900
2015-08-03,10.26,10.26,10.26,10.26,0
2015-08-04,10.26,10.26,10.26,10.26,0
2015-08-05,8.78,9.41,8.64,8.64,2100
2015-08-06,9.18,9.18,8.33,8.91,6200
2015-08-07,9.45,10.08,9.0,9.0,8200
2015-08-10,9.0,9.0,9.0,9.0,0
2015-08-11,8.55,8.55,8.55,8.55,1000
2015-08-12,8.1,8.78,8.1,8.55,1800
2015-08-13,8.1,8.6,8.1,8.55,5900
2015-08-14,8.55,8.96,8.55,8.55,5800
2015-08-17,8.15,8.51,8.15,8.51,4100
2015-08-18,8.51,8.51,8.51,8.51,0
2015-08-19,8.51,8.51,8.51,8.51,100
2015-08-20,9.0,9.77,9.0,9.45,32400
2015-08-21,8.55,9.45,8.55,9.45,300
2015-08-24,9.9,9.9,8.1,8.1,200
2015-08-25,8.55,8.55,8.55,8.55,5000
2015-08-26,8.55,8.55,8.55,8.55,0
2015-08-27,8.55,8.55,8.55,8.55,0
2015-08-28,8.55,8.55,8.55,8.55,0
2015-08-31,9.45,9.45,8.1,8.1,300
2015-09-01,8.1,8.1,8.1,8.1,0
2015-09-03,9.0,10.35,9.0,10.35,200
2015-09-04,10.35,10.35,8.24,8.24,4000
2015-09-07,8.91,8.96,8.91,8.96,200
2015-09-08,8.96,8.96,7.65,7.7,8100
2015-09-09,8.33,8.33,8.33,8.33,100
2015-09-10,8.33,8.33,8.33,8.33,0
2015-09-11,8.33,8.33,8.33,8.33,0
2015-09-14,7.2,7.2,7.11,7.2,12100
2015-09-15,7.61,8.19,7.16,7.16,18400
2015-09-16,7.65,8.37,7.2,8.19,26500
2015-09-17,8.37,8.37,8.24,8.24,3100
2015-09-18,7.65,8.24,7.65,7.65,2100
2015-09-21,7.65,7.65,7.65,7.65,0
2015-09-22,7.65,7.65,7.65,7.65,0
2015-09-23,7.2,7.43,7.2,7.43,700
2015-09-24,8.01,8.01,8.01,8.01,200
2015-09-25,7.43,7.43,7.43,7.43,4300
2015-09-28,7.92,7.92,7.92,7.92,100
2015-09-29,7.2,7.2,6.89,6.89,1200
2015-09-30,7.43,8.1,7.11,7.11,6200
2015-10-01,7.43,7.43,7.43,7.43,500
2015-10-02,7.43,7.43,7.43,7.43,0
2015-10-05,7.83,7.83,7.47,7.47,800
2015-10-06,7.43,7.43,7.29,7.43,9500
2015-10-07,8.19,8.19,8.19,8.19,100
2015-10-08,9.41,9.41,7.65,7.65,1200
2015-10-09,7.65,7.65,7.2,7.43,3600
2015-10-12,7.79,7.79,7.79,7.79,100
2015-10-13,7.2,7.2,7.2,7.2,2000
2015-10-14,6.98,6.98,6.75,6.75,1700
2015-10-15,7.61,7.61,7.2,7.2,600
2015-10-16,7.2,7.2,6.75,6.75,1400
2015-10-19,7.79,7.79,7.79,7.79,100
2015-10-20,7.79,7.79,7.79,7.79,0
2015-10-21,7.07,7.43,7.07,7.29,4500
2015-10-22,7.29,7.29,7.2,7.2,1600
2015-10-23,8.33,8.33,8.33,8.33,100
2015-10-26,8.96,8.96,7.43,7.43,1900
2015-10-27,8.82,8.82,7.47,7.74,1100
2015-10-28,7.43,8.06,7.43,8.06,200
2015-10-29,8.87,8.87,7.65,7.65,1300
2015-10-30,7.43,7.43,7.43,7.43,500
2015-11-02,7.2,8.06,7.2,7.25,1100
2015-11-03,7.65,8.37,7.2,7.2,5900
2015-11-04,7.2,7.2,7.2,7.2,1000
2015-11-05,7.61,7.61,6.98,6.98,1600
2015-11-06,7.29,7.29,7.2,7.2,2100
2015-11-09,7.2,7.2,7.2,7.2,0
2015-11-10,7.56,7.56,6.75,6.75,300
2015-11-11,7.16,7.16,7.16,7.16,700
2015-11-12,6.12,7.16,6.12,7.16,1100
2015-11-13,7.61,7.61,7.61,7.61,100
2015-11-16,7.61,7.61,7.61,7.61,0
2015-11-17,7.56,8.73,7.2,7.2,2100
2015-11-18,7.65,8.78,7.2,7.65,4100
2015-11-19,8.87,8.87,7.65,7.65,5600
2015-11-20,8.73,8.73,7.65,7.65,3100
2015-11-23,7.43,7.43,7.43,7.43,10000
2015-11-24,7.43,7.43,7.43,7.43,1300
2015-11-25,7.2,7.43,7.2,7.43,1600
2015-11-26,7.2,7.34,7.2,7.34,7200
2015-11-27,7.2,7.2,7.2,7.2,1200
2015-11-30,7.2,7.2,7.2,7.2,7300
2015-12-01,7.2,7.2,7.2,7.2,1500
2015-12-02,7.2,7.2,7.2,7.2,3000
2015-12-03,7.25,7.25,7.25,7.25,200
2015-12-04,7.61,7.61,7.61,7.61,100
2015-12-07,7.61,7.61,7.61,7.61,0
2015-12-08,7.25,7.25,7.25,7.25,1000
2015-12-09,7.2,7.2,7.2,7.2,1000
2015-12-10,7.2,7.2,7.2,7.2,2400
2015-12-11,7.61,7.61,7.61,7.61,100
2015-12-14,7.61,7.61,7.61,7.61,0
2015-12-15,7.2,7.2,7.2,7.2,200
2015-12-16,7.2,7.43,7.2,7.43,1800
2015-12-17,7.38,7.38,7.38,7.38,100
2015-12-18,7.38,7.38,7.38,7.38,0
2015-12-21,7.43,7.43,7.43,7.43,100
2015-12-22,7.2,7.2,7.2,7.2,400
2015-12-23,7.2,7.2,7.2,7.2,1300
2015-12-24,7.2,7.2,7.2,7.2,0
2015-12-25,7.2,7.2,7.2,7.2,1100
2015-12-28,8.1,8.15,7.2,7.2,2600
2015-12-29,8.96,8.96,8.87,8.87,2100
2015-12-30,7.56,9.86,7.56,7.56,19000
2015-12-31,8.55,9.86,7.79,7.79,40200
2016-01-04,7.79,7.79,7.79,7.79,0
2016-01-05,7.79,7.79,7.79,7.79,0
2016-01-06,7.79,7.79,7.79,7.79,0
2016-01-07,7.79,7.79,7.79,7.79,0
2016-01-08,7.79,7.79,7.79,7.79,0
2016-01-11,8.1,8.1,8.1,8.1,500
2016-01-12,7.2,7.2,7.2,7.2,300
2016-01-13,7.38,7.38,7.38,7.38,500
2016-01-14,7.38,7.38,7.38,7.38,0
2016-01-15,7.38,7.38,7.38,7.38,0
2016-01-18,7.52,7.52,7.52,7.52,100
2016-01-19,7.52,7.52,7.52,7.52,0
2016-01-20,8.28,8.28,8.28,8.28,100
2016-01-21,9.32,9.32,9.32,9.32,100
2016-01-22,9.32,9.32,9.32,9.32,0
2016-01-25,7.92,7.92,7.92,7.92,200
2016-01-26,8.87,8.87,8.87,8.87,100
2016-01-27,8.87,8.87,8.87,8.87,0
2016-01-28,8.87,8.87,8.87,8.87,0
2016-01-29,8.87,8.87,8.87,8.87,0
2016-02-01,8.87,8.87,8.87,8.87,0
2016-02-02,8.87,8.87,8.87,8.87,0
2016-02-03,7.56,7.56,7.56,7.56,400
2016-02-04,8.46,8.46,7.2,7.2,400
2016-02-05,7.61,8.42,7.2,7.2,1300
2016-02-15,7.2,7.2,7.2,7.2,0
2016-02-16,6.75,7.29,6.75,7.29,1000
2016-02-17,7.38,7.38,5.9,6.48,15300
2016-02-18,6.75,6.75,6.75,6.75,100
2016-02-19,7.25,7.25,6.75,6.75,510
2016-02-22,6.84,7.11,6.84,7.11,31500
2016-02-23,7.02,7.38,6.98,7.38,20300
2016-02-24,7.02,7.16,7.02,7.16,8800
2016-02-25,7.34,7.47,7.2,7.47,1300
2016-02-26,7.29,7.65,7.29,7.65,4000
2016-02-29,7.38,7.65,7.38,7.56,10800
2016-03-01,7.52,7.65,7.43,7.65,6600
2016-03-02,7.52,8.1,7.52,8.1,12100
2016-03-03,7.43,8.1,7.43,7.83,6400
2016-03-04,7.83,8.1,7.83,8.06,7300
2016-03-07,8.06,8.1,8.06,8.1,4200
2016-03-08,8.06,8.06,7.92,8.01,14100
2016-03-09,7.65,8.37,7.65,8.24,10100
2016-03-10,7.88,9.14,7.88,8.69,68900
2016-03-11,8.33,9.9,8.1,9.9,45600
2016-03-14,10.49,10.49,9.45,10.35,57300
2016-03-15,8.82,10.04,8.73,10.04,59800
2016-03-16,9.9,10.35,9.9,10.35,5000
2016-03-17,10.26,10.76,10.17,10.17,19100
2016-03-18,8.91,9.9,8.91,9.9,11200
2016-03-21,7.65,9.86,7.65,8.1,42500
2016-03-22,8.1,8.87,7.29,8.64,21100
2016-03-23,9.09,9.09,9.09,9.09,3100
2016-03-24,10.13,10.13,9.05,9.9,1700
2016-03-25,8.19,10.08,8.19,9.54,15100
2016-03-28,8.19,9.63,8.19,9.63,3100
2016-03-29,8.28,9.36,8.28,9.36,1600
2016-03-30,9.63,9.63,9.63,9.63,100
2016-03-31,9.27,11.03,9.27,9.86,40300
2016-04-01,9.86,9.86,9.86,9.86,0
2016-04-04,9.86,9.86,9.86,9.86,0
2016-04-05,9.86,9.86,9.86,9.86,0
2016-04-06,8.69,9.45,8.69,9.45,1100
2016-04-07,9.45,9.45,9.45,9.45,0
2016-04-08,7.92,9.0,7.92,9.0,7000
2016-04-11,7.34,9.0,7.29,9.0,5600
2016-04-12,9.0,9.0,9.0,9.0,100
2016-04-13,9.0,9.0,9.0,9.0,0
2016-04-14,9.68,9.81,9.0,9.0,87500
2016-04-15,9.0,9.0,9.0,9.0,0
2016-04-19,9.0,9.0,9.0,9.0,0
2016-04-20,9.0,9.0,9.0,9.0,0
2016-04-21,8.33,9.0,8.33,9.0,1500
2016-04-22,8.1,8.1,7.65,7.65,141900
2016-04-25,8.51,8.51,8.51,8.51,100
2016-04-26,8.87,8.87,8.87,8.87,100
2016-04-27,8.87,8.87,8.87,8.87,0
2016-04-28,8.87,8.87,8.87,8.87,0
2016-04-29,8.87,8.87,8.87,8.87,0
2016-05-04,8.87,8.87,8.87,8.87,0
2016-05-05,8.87,8.87,8.87,8.87,0
2016-05-06,8.87,8.87,8.87,8.87,0
2016-05-09,8.87,8.87,8.87,8.87,0
2016-05-10,7.65,7.88,7.65,7.88,500
2016-05-11,7.83,7.83,7.83,7.83,300
2016-05-12,8.78,8.78,8.78,8.78,100
2016-05-13,7.88,7.88,7.88,7.88,800
2016-05-16,7.83,7.97,7.83,7.97,1000
2016-05-17,8.06,8.06,8.06,8.06,1000
2016-05-18,8.24,8.24,7.43,8.06,16100
2016-05-19,7.82,8.77,7.82,8.77,200
2016-05-20,8.47,8.52,8.47,8.52,1100
2016-05-23,8.52,8.52,8.52,8.52,0
2016-05-24,8.52,8.52,8.52,8.52,500
2016-05-25,8.52,8.52,8.52,8.52,600
2016-05-26,8.52,8.52,8.52,8.52,0
2016-05-27,8.47,8.47,8.47,8.47,100
2016-05-30,8.47,8.47,8.47,8.47,0
2016-05-31,8.47,8.47,8.47,8.47,0
2016-06-01,8.47,8.47,8.47,8.47,0
2016-06-02,8.02,8.02,8.02,8.02,7200
2016-06-03,7.52,7.52,7.52,7.52,3500
2016-06-06,7.97,7.97,7.97,7.97,100
2016-06-07,7.92,8.52,7.52,7.52,8400
2016-06-08,7.97,7.97,7.97,7.97,500
2016-06-09,7.52,8.42,7.52,8.42,300
2016-06-10,8.42,8.42,8.42,8.42,0
2016-06-13,7.72,7.72,7.52,7.52,1700
2016-06-14,7.97,7.97,7.97,7.97,100
2016-06-15,7.97,7.97,7.97,7.97,0
2016-06-16,7.97,7.97,7.97,7.97,0
2016-06-17,7.97,7.97,7.97,7.97,0
2016-06-20,7.92,7.97,7.92,7.97,300
2016-06-21,7.97,7.97,7.97,7.97,0
2016-06-22,7.97,7.97,7.97,7.97,0
2016-06-23,7.02,7.97,7.02,7.97,2600
2016-06-24,7.97,7.97,7.97,7.97,100
2016-06-27,7.27,7.27,7.27,7.27,100
2016-06-28,7.92,7.97,6.62,7.92,3500
2016-06-29,6.27,8.47,6.27,8.47,36100
2016-06-30,8.92,8.97,8.37,8.37,40500
2016-07-01,8.37,8.37,8.37,8.37,0
2016-07-04,8.37,8.37,8.37,8.37,0
2016-07-05,7.67,8.47,7.67,8.47,200
2016-07-06,7.02,8.52,6.92,8.52,2200
2016-07-07,7.52,8.12,6.57,8.12,9200
2016-07-08,8.02,8.02,8.02,8.02,100
2016-07-11,7.52,7.52,6.82,7.37,44800
2016-07-12,7.52,7.52,7.52,7.52,100
2016-07-13,7.42,7.47,7.42,7.47,1100
2016-07-14,7.02,7.52,7.02,7.52,4100
2016-07-15,7.52,7.52,7.52,7.52,0
2016-07-18,7.37,7.37,7.37,7.37,100
2016-07-19,7.37,7.37,7.37,7.37,0
2016-07-20,7.02,7.27,7.02,7.27,1700
2016-07-21,7.92,7.92,7.92,7.92,100
2016-07-22,7.22,7.22,7.22,7.22,4200
2016-07-25,7.22,7.22,7.22,7.22,0
2016-07-26,7.47,7.47,7.47,7.47,100
2016-07-27,6.52,7.47,6.52,7.47,5200
2016-07-28,6.52,7.22,6.52,7.22,4300
2016-07-29,6.52,7.27,6.52,7.27,1300
2016-08-01,7.07,7.07,7.07,7.07,2000
2016-08-02,6.07,7.02,6.07,6.97,900
2016-08-03,6.72,6.97,6.72,6.97,300
2016-08-04,6.77,6.97,6.77,6.97,500
2016-08-05,6.97,6.97,6.77,6.77,400
2016-08-08,7.02,7.02,7.02,7.02,100
2016-08-09,7.27,7.27,7.22,7.27,21100
2016-08-10,7.47,7.47,7.47,7.47,100
2016-08-11,7.12,7.47,7.12,7.47,200
2016-08-12,6.77,7.37,6.77,0.0,200
2016-08-15,7.47,7.47,7.07,7.07,700
2016-08-16,7.37,7.37,7.37,7.37,100
2016-08-17,8.27,8.27,8.27,8.27,1400
2016-08-18,8.27,8.27,8.27,8.27,0
2016-08-19,7.37,7.37,7.37,7.37,500
2016-08-22,7.37,7.37,7.37,7.37,0
2016-08-23,7.37,7.37,7.37,7.37,0
2016-08-24,6.57,7.22,6.57,7.17,3000
2016-08-25,6.77,6.77,6.77,6.77,100
2016-08-26,7.02,7.17,7.02,7.17,1400
2016-08-29,7.27,7.27,7.27,7.27,100
2016-08-30,7.27,7.27,7.27,7.27,0
2016-08-31,7.27,7.27,7.27,7.27,0
2016-09-01,7.27,7.27,7.27,7.27,0
2016-09-05,7.02,7.02,7.02,7.02,1000
2016-09-06,6.52,7.02,6.52,7.02,3000
2016-09-07,7.47,7.47,7.47,7.47,100
2016-09-08,7.47,7.47,7.47,7.47,0
2016-09-09,7.47,7.47,7.47,7.47,0
2016-09-12,7.47,7.47,7.47,7.47,0
2016-09-13,7.47,7.47,7.47,7.47,0
2016-09-14,7.47,7.47,7.47,7.47,0
2016-09-15,7.47,7.47,7.47,7.47,0
2016-09-16,6.57,7.47,6.52,7.47,2500
2016-09-19,7.47,7.47,7.47,7.47,100
2016-09-20,7.37,7.37,7.37,7.37,100
2016-09-21,6.57,7.37,6.52,7.37,1000
2016-09-22,7.42,7.42,7.42,7.42,800
2016-09-23,7.42,7.72,7.42,7.72,3900
2016-09-26,7.72,7.72,7.72,7.72,0
2016-09-27,7.72,7.72,7.72,7.72,0
2016-09-28,7.72,7.72,7.72,7.72,0
2016-09-29,7.72,7.72,7.72,7.72,0
2016-09-30,7.72,7.72,7.72,7.72,0
2016-10-03,7.02,7.02,7.02,7.02,1000
2016-10-04,7.52,7.52,7.52,7.52,100
2016-10-05,7.02,7.02,7.02,7.02,500
2016-10-06,7.02,7.02,7.02,7.02,0
2016-10-07,7.02,7.02,7.02,7.02,0
2016-10-10,7.02,7.02,7.02,7.02,300
2016-10-11,7.02,7.02,7.02,7.02,300
2016-10-12,7.02,7.02,7.02,7.02,0
2016-10-13,7.02,7.02,7.02,7.02,0
2016-10-14,7.02,7.02,7.02,7.02,0
2016-10-17,7.42,7.42,7.42,7.42,100
2016-10-18,7.02,7.02,7.02,7.02,1500
2016-10-19,7.22,7.22,7.22,7.22,100
2016-10-20,7.22,7.22,7.22,7.22,0
2016-10-21,7.22,7.22,7.22,7.22,0
2016-10-24,6.22,7.47,6.22,6.52,2900
2016-10-25,8.02,8.02,6.32,7.27,1800
2016-10-26,8.42,8.42,8.42,8.42,1200
2016-10-27,8.42,8.42,8.42,8.42,0
2016-10-28,8.42,8.42,8.42,8.42,0
2016-10-31,8.42,8.42,8.42,8.42,0
2016-11-01,8.42,8.42,8.42,8.42,0
2016-11-02,8.42,8.42,8.42,8.42,0
2016-11-03,8.42,8.42,8.42,8.42,0
2016-11-04,7.27,7.27,7.27,7.27,100
2016-11-07,6.22,8.02,6.22,7.27,5200
2016-11-08,7.47,7.47,7.47,7.47,100
2016-11-09,8.47,8.47,6.42,6.42,1200
2016-11-10,6.42,6.42,6.42,6.42,0
2016-11-11,6.42,6.42,6.42,6.42,0
2016-11-14,6.97,6.97,6.97,6.97,200
2016-11-15,6.97,6.97,6.97,6.97,0
2016-11-16,6.97,6.97,6.97,6.97,0
2016-11-17,6.97,6.97,6.97,6.97,0
2016-11-18,7.67,7.67,7.47,7.47,2000
2016-11-21,6.77,7.47,6.77,7.47,800
2016-11-22,7.47,7.47,7.47,7.47,4000
2016-11-23,6.77,7.42,6.77,7.37,2700
2016-11-24,7.37,7.37,7.37,7.37,0
2016-11-25,7.37,7.37,7.37,7.37,0
2016-11-28,7.37,7.37,7.37,7.37,0
2016-11-29,7.42,7.42,7.42,7.42,2000
2016-11-30,7.47,7.47,7.47,7.47,1000
2016-12-01,8.37,8.37,8.22,8.27,4000
2016-12-02,8.27,8.27,8.27,8.27,0
2016-12-05,8.27,8.27,8.27,8.27,0
2016-12-06,7.12,7.12,7.12,7.12,200
2016-12-07,7.12,7.12,7.12,7.12,0
2016-12-08,7.12,7.12,7.12,7.12,0
2016-12-09,7.67,7.67,7.07,7.07,5300
2016-12-12,7.52,7.52,7.52,7.52,2000
2016-12-13,7.52,7.52,7.52,7.52,0
2016-12-14,7.52,7.52,7.52,7.52,0
2016-12-15,7.52,7.52,7.52,7.52,0
2016-12-16,7.52,7.52,7.52,7.52,0
2016-12-19,7.27,7.47,6.52,7.47,5700
2016-12-20,7.47,7.47,7.47,7.47,1200
2016-12-21,7.47,7.47,7.47,7.47,0
2016-12-22,7.47,7.47,7.47,7.47,0
2016-12-23,7.47,7.47,7.47,7.47,0
2016-12-26,7.47,7.47,7.47,7.47,0
2016-12-27,7.47,7.47,7.47,7.47,0
2016-12-28,7.47,7.47,7.47,7.47,0
2016-12-29,7.47,7.47,7.47,7.47,0
2016-12-30,6.52,8.27,6.52,8.27,5500
2017-01-03,6.67,7.27,6.67,7.27,2000
2017-01-04,7.27,7.27,7.27,7.27,0
2017-01-05,7.27,7.27,7.27,7.27,0
2017-01-06,6.17,6.97,6.17,6.52,2700
2017-01-09,6.52,6.52,6.52,6.52,100
2017-01-10,6.77,6.77,6.52,6.77,2200
2017-01-11,6.77,6.77,6.77,6.77,0
2017-01-12,6.57,6.67,6.57,6.67,2000
2017-01-13,6.57,6.57,6.52,6.52,1000
2017-01-16,7.27,7.27,7.27,7.27,1000
2017-01-17,7.27,7.27,7.27,7.27,0
2017-01-18,7.27,7.27,7.27,7.27,0
2017-01-19,7.27,7.27,7.27,7.27,0
2017-01-20,7.27,7.27,7.27,7.27,0
2017-01-23,7.27,7.27,7.27,7.27,0
2017-01-24,7.27,7.27,7.27,7.27,0
2017-01-25,7.72,7.72,7.72,7.72,1000
2017-02-02,7.72,7.72,7.72,7.72,0
2017-02-03,7.72,7.72,7.72,7.72,0
2017-02-06,8.02,8.02,8.02,8.02,2400
2017-02-07,8.02,8.02,8.02,8.02,0
2017-02-08,8.02,8.02,8.02,8.02,0
2017-02-09,8.02,8.02,8.02,8.02,0
2017-02-10,8.02,8.02,8.02,8.02,0
2017-02-13,8.02,8.02,8.02,8.02,0
2017-02-14,8.02,8.02,8.02,8.02,0
2017-02-15,8.02,8.02,8.02,8.02,0
2017-02-16,8.02,8.02,8.02,8.02,0
2017-02-17,8.02,8.02,8.02,8.02,0
2017-02-20,8.02,8.02,8.02,8.02,0
2017-02-21,7.02,7.02,7.02,7.02,100
2017-02-22,7.47,7.47,7.47,7.47,3100
2017-02-23,7.02,7.02,6.57,6.57,3300
2017-02-24,7.42,7.42,7.42,7.42,2000
2017-02-27,6.57,6.57,6.57,6.57,800
2017-02-28,7.27,7.27,6.62,6.67,10800
2017-03-01,6.67,6.67,6.67,6.67,0
2017-03-02,6.67,6.67,6.67,6.67,0
2017-03-03,6.27,7.22,6.17,7.22,6300
2017-03-06,7.22,7.22,7.22,7.22,0
2017-03-07,7.22,7.22,7.22,7.22,0
2017-03-08,6.97,7.02,6.97,7.02,5000
2017-03-09,6.87,7.02,6.87,6.92,1000
2017-03-10,6.92,6.92,6.92,6.92,0
2017-03-13,6.77,6.77,6.77,6.77,100
2017-03-14,6.52,6.52,6.52,6.52,19800
2017-03-15,6.27,6.52,6.27,6.27,4000
2017-03-16,6.52,6.67,6.52,6.67,11300
2017-03-17,6.77,6.77,6.02,6.02,18400
2017-03-20,6.27,6.27,5.52,5.52,16400
2017-03-21,5.52,5.77,5.52,5.77,11300
2017-03-22,6.42,6.42,6.42,6.42,100
2017-03-23,6.42,6.42,6.42,6.42,0
2017-03-24,5.77,5.77,5.77,5.77,10100
2017-03-27,5.77,6.02,5.77,6.02,1000
2017-03-28,5.97,5.97,5.97,5.97,0
2017-03-29,5.97,5.97,5.97,5.97,0
2017-03-30,6.17,6.22,6.17,6.22,2000
2017-03-31,5.77,5.77,5.77,5.77,100
2017-04-03,5.77,5.77,5.77,5.77,0
2017-04-04,5.77,5.77,5.77,5.77,5900
2017-04-05,5.77,5.77,5.77,5.77,0
2017-04-07,5.77,5.77,5.77,5.77,0
2017-04-10,5.77,5.77,5.77,5.77,0
2017-04-11,5.77,5.77,5.77,5.77,0
2017-04-12,5.77,5.77,5.77,5.77,0
2017-04-13,5.77,5.77,5.77,5.77,0
2017-04-14,5.77,5.77,5.77,5.77,0
2017-04-17,5.77,5.77,5.77,5.77,0
2017-04-18,5.77,5.77,5.77,5.77,0
2017-04-19,6.02,6.02,5.77,5.77,7100
2017-04-20,5.77,5.77,5.77,5.77,9200
2017-04-21,5.77,5.77,5.52,5.52,1000
2017-04-24,5.72,5.72,5.72,5.72,0
2017-04-25,5.77,5.77,5.77,5.77,200
2017-04-26,5.77,5.77,5.77,5.77,0
2017-04-27,5.77,5.77,5.77,5.77,5000
2017-04-28,5.77,5.77,5.77,5.77,0
2017-05-03,5.77,5.77,5.77,5.77,5700
2017-05-04,5.92,5.92,5.92,5.92,100
2017-05-05,5.92,6.02,5.92,6.02,3200
2017-05-08,6.02,6.02,6.02,6.02,300
2017-05-09,6.27,6.27,6.27,6.27,4900
2017-05-10,6.27,6.27,6.27,6.27,0
2017-05-11,6.37,6.37,6.37,6.37,700
2017-05-12,6.37,6.37,6.37,6.37,0
2017-05-15,6.37,6.37,6.37,6.37,0
2017-05-16,6.37,6.37,6.37,6.37,0
2017-05-17,6.52,6.52,6.52,6.52,3000
2017-05-18,6.52,6.52,6.52,6.52,0
2017-05-19,6.52,6.52,6.52,6.52,1000
2017-05-22,6.52,6.52,6.52,6.52,0
2017-05-23,6.47,6.47,6.42,6.42,5200
2017-05-24,6.42,6.42,6.42,6.42,3000
2017-05-25,6.42,6.42,6.42,6.42,3000
2017-05-26,6.42,6.42,6.42,6.42,0
2017-05-29,6.42,6.42,6.42,6.42,0
2017-05-30,6.42,6.42,6.42,6.42,0
2017-05-31,6.52,6.52,6.52,6.52,200
2017-06-01,6.52,6.52,6.52,6.52,0
2017-06-02,7.37,7.37,7.37,7.37,100
2017-06-05,6.77,6.77,6.77,6.77,2000
2017-06-06,6.57,7.22,6.57,7.22,1500
2017-06-07,7.47,7.47,7.47,7.47,1000
2017-06-08,7.47,7.47,7.47,7.47,0
2017-06-09,6.52,6.62,6.52,6.57,24500
2017-06-12,6.52,7.22,6.52,7.22,9000
2017-06-13,6.52,8.02,6.52,8.02,24500
2017-06-14,7.37,7.37,6.67,7.02,39500
2017-06-15,7.97,7.97,7.97,7.97,15000
2017-06-16,6.82,6.82,6.82,6.82,1000
2017-06-19,5.87,6.27,5.87,5.92,6500
2017-06-20,6.52,6.52,6.27,6.27,10600
2017-06-21,6.27,6.27,6.27,6.27,4000
2017-06-22,6.27,6.27,6.27,6.27,0
2017-06-23,6.42,6.42,6.42,6.42,100
2017-06-26,6.27,6.52,6.27,6.52,2600
2017-06-27,6.52,6.52,6.52,6.52,900
2017-06-28,6.52,6.52,5.57,6.52,13800
2017-06-29,6.42,6.42,6.42,6.42,100
2017-06-30,6.42,6.42,6.42,6.42,0
2017-07-03,6.32,6.32,6.27,6.27,2000
2017-07-04,6.32,6.32,6.32,6.32,0
2017-07-05,6.32,6.32,6.32,6.32,0
2017-07-06,6.12,6.27,6.12,6.27,5100
2017-07-07,6.12,6.12,6.12,6.12,0
2017-07-10,6.12,6.12,6.12,6.12,0
2017-07-11,6.12,6.12,6.12,6.12,0
2017-07-12,6.02,6.27,6.02,6.02,5400
2017-07-13,6.02,6.02,6.02,6.02,2000
2017-07-14,6.02,6.02,6.02,6.02,2000
2017-07-17,6.02,6.02,6.02,6.02,0
2017-07-18,6.02,6.02,6.02,6.02,0
2017-07-19,6.02,6.02,6.02,6.02,0
2017-07-20,6.02,6.02,6.02,6.02,4400
2017-07-21,6.02,6.02,6.02,6.02,8800
2017-07-24,6.02,6.02,6.02,6.02,8300
2017-07-25,6.02,6.02,6.02,6.02,15000
2017-07-26,6.02,6.02,6.02,6.02,0
2017-07-27,6.02,6.02,6.02,6.02,0
2017-07-28,6.02,6.02,6.02,6.02,0
2017-07-31,6.27,6.27,6.27,6.27,100
2017-08-01,6.27,6.27,6.27,6.27,0
2017-08-02,6.27,6.27,6.27,6.27,0
2017-08-03,6.27,6.27,6.27,6.27,0
2017-08-04,6.27,6.27,6.27,6.27,0
2017-08-07,6.27,6.37,5.57,6.02,49100
2017-08-08,5.52,6.22,5.52,6.22,41500
2017-08-09,6.07,6.07,6.07,6.07,0
2017-08-10,6.07,6.07,6.07,6.07,0
2017-08-11,6.07,6.07,6.07,6.07,0
2017-08-14,6.07,6.07,6.07,6.07,0
2017-08-15,6.07,6.07,6.07,6.07,0
2017-08-16,6.07,6.07,6.07,6.07,0
2017-08-17,6.07,6.07,6.07,6.07,0
2017-08-18,6.07,6.07,6.07,6.07,0
2017-08-21,6.27,6.27,6.27,6.27,7400
2017-08-22,6.27,6.27,6.27,6.27,14300
2017-08-23,6.27,6.27,6.27,6.27,100
2017-08-24,6.27,6.27,6.27,6.27,4700
2017-08-25,6.27,6.27,6.27,6.27,0
2017-08-28,6.02,6.02,6.02,6.02,3500
2017-08-29,6.02,6.57,6.02,6.57,4600
2017-08-30,6.02,6.02,6.02,6.02,0
2017-08-31,6.02,6.02,6.02,6.02,5000
2017-09-01,6.02,6.02,6.02,6.02,8200
2017-09-05,6.02,6.02,6.02,6.02,12800
2017-09-06,6.02,6.02,6.02,6.02,7000
2017-09-07,6.02,6.02,6.02,6.02,9000
2017-09-08,6.02,6.02,6.02,6.02,0
2017-09-11,6.02,6.02,6.02,6.02,0
2017-09-12,6.02,6.02,6.02,6.02,0
2017-09-13,6.02,6.02,6.02,6.02,0
2017-09-14,6.02,6.02,6.02,6.02,0
2017-09-15,6.02,6.02,6.02,6.02,0
2017-09-18,6.02,6.02,6.02,6.02,0
2017-09-19,6.02,6.02,6.02,6.02,0
2017-09-20,6.67,6.67,6.67,6.67,100
2017-09-21,6.67,6.67,6.67,6.67,0
2017-09-22,6.98,6.98,6.98,6.98,100
2017-09-25,6.98,6.98,6.98,6.98,0
2017-09-26,6.98,7.09,6.98,7.09,200
2017-09-27,7.04,7.04,7.04,7.04,0
2017-09-28,7.82,7.82,6.56,6.56,500
2017-09-29,6.83,6.83,6.83,6.83,0
2017-10-02,6.83,6.83,6.83,6.83,0
2017-10-03,6.83,6.83,6.83,6.83,0
2017-10-04,6.83,6.83,6.83,6.83,0
2017-10-05,6.83,6.83,6.83,6.83,0
2017-10-06,6.83,6.83,6.83,6.83,0
2017-10-09,6.83,6.83,6.83,6.83,0
2017-10-10,6.83,6.83,6.83,6.83,0
2017-10-11,6.83,6.83,6.83,6.83,0
2017-10-12,6.83,6.83,6.83,6.83,100
2017-10-13,6.72,6.72,6.35,6.35,900
2017-10-16,6.46,6.46,6.46,6.46,300
2017-10-17,6.3,6.3,6.3,6.3,200
2017-10-18,6.3,6.3,6.3,6.3,4100
2017-10-19,6.3,6.3,6.3,6.3,0
2017-10-20,6.3,6.3,6.3,6.3,0
2017-10-23,6.3,6.3,6.3,6.3,500
2017-10-24,6.3,6.3,6.3,6.3,1500
2017-10-25,6.3,6.3,6.3,6.3,0
2017-10-26,6.3,6.3,6.3,6.3,0
2017-10-27,6.3,6.3,6.3,6.3,1000
2017-10-30,6.3,6.3,6.3,6.3,1400
2017-10-31,6.3,6.3,6.3,6.3,0
2017-11-01,6.3,6.3,6.3,6.3,0
2017-11-02,6.3,6.3,6.3,6.3,0
2017-11-03,6.3,6.3,6.3,6.3,0
2017-11-06,6.3,6.3,6.3,6.3,0
2017-11-07,6.3,6.3,6.3,6.3,600
2017-11-08,6.3,6.3,6.3,6.3,2000
2017-11-09,6.3,6.3,6.3,6.3,1000
2017-11-10,6.3,6.3,6.3,6.3,1100
2017-11-13,6.3,6.3,6.3,6.3,16700
2017-11-14,6.3,6.3,6.3,6.3,7500
2017-11-15,6.3,6.3,6.3,6.3,1000
2017-11-16,6.3,6.3,6.3,6.3,3000
2017-11-17,6.3,6.3,6.3,6.3,0
2017-11-20,6.3,6.3,6.3,6.3,0
2017-11-21,6.3,6.3,6.3,6.3,0
2017-11-22,6.3,6.3,6.3,6.3,2000
2017-11-23,6.3,6.3,6.3,6.3,0
2017-11-24,6.3,6.3,6.3,6.3,0
2017-11-27,6.3,6.3,6.3,6.3,2000
2017-11-28,6.3,6.3,6.3,6.3,0
2017-11-29,6.3,6.3,6.3,6.3,200
2017-11-30,6.56,6.56,6.3,6.3,800
2017-12-01,6.35,6.35,6.35,6.35,0
2017-12-04,6.56,6.56,6.56,6.56,200
2017-12-05,6.41,6.41,6.3,6.3,200
2017-12-06,6.35,6.35,6.35,6.35,0
2017-12-07,6.41,6.35,6.41,6.41,200
2017-12-08,6.41,6.46,6.41,6.41,900
2017-12-11,6.41,6.41,6.41,6.41,0
2017-12-12,6.41,6.41,6.3,6.3,5500
2017-12-13,6.3,6.3,6.3,6.3,3800
2017-12-14,6.3,6.3,6.3,6.3,500
2017-12-15,6.3,6.3,6.3,6.3,0
2017-12-18,6.3,6.3,6.3,6.3,100
2017-12-19,6.3,6.3,6.3,6.3,0
2017-12-20,6.3,6.3,6.3,6.3,0
2017-12-21,6.3,6.3,6.3,6.3,0
2017-12-22,6.3,6.3,6.3,6.3,500
2017-12-25,6.3,6.3,6.3,6.3,0
2017-12-26,6.3,6.3,6.3,6.3,0
2017-12-27,6.3,6.3,6.3,6.3,0
2017-12-28,6.3,6.3,6.3,6.3,2000
2017-12-29,6.3,6.3,6.3,6.3,0
2018-01-02,6.3,6.3,6.3,6.3,0
2018-01-03,6.3,6.3,6.3,6.3,0
2018-01-04,6.3,6.3,6.3,6.3,0
2018-01-05,6.3,6.3,6.3,6.3,0
2018-01-08,6.3,6.3,6.3,6.3,0
2018-01-09,6.3,6.3,6.3,6.3,0
2018-01-10,5.36,5.78,5.36,5.78,1800
2018-01-11,4.94,4.94,4.88,4.88,1300
2018-01-12,5.62,5.62,5.62,5.62,4000
2018-01-15,5.62,5.62,5.62,5.62,0
2018-01-16,6.04,6.04,6.04,6.04,1000
2018-01-17,6.04,6.04,6.04,6.04,0
2018-01-18,5.78,5.78,5.78,5.78,1400
2018-01-19,5.78,5.78,5.78,5.78,0
2018-01-22,5.78,5.78,5.51,5.51,1400
2018-01-23,5.51,5.51,5.25,5.25,1100
2018-01-24,5.3,5.3,5.3,5.3,0
2018-01-25,5.3,5.3,5.3,5.3,0
2018-01-26,5.3,5.3,5.3,5.3,0
2018-01-29,5.3,5.3,5.3,5.3,0
2018-01-30,5.3,5.3,5.3,5.3,0
2018-01-31,5.99,5.99,5.99,5.99,100
2018-02-01,5.99,5.99,5.99,5.99,0
2018-02-02,5.93,5.93,5.93,5.93,100
2018-02-05,5.93,5.93,5.93,5.93,0
2018-02-06,5.78,5.78,5.78,5.78,500
2018-02-07,5.78,5.78,5.78,5.78,0
2018-02-08,5.78,5.78,5.78,5.78,500
2018-02-09,5.78,5.78,5.78,5.78,0
2018-02-12,5.78,5.78,5.78,5.78,0
2018-02-13,5.78,5.78,5.78,5.78,1000
2018-02-21,5.78,5.78,5.78,5.78,12000
2018-02-22,5.78,5.78,5.78,5.78,0
2018-02-23,5.78,5.78,5.78,5.78,0
2018-02-26,5.78,5.78,5.78,5.78,0
2018-02-27,5.78,5.78,5.78,5.78,0
2018-02-28,5.78,5.78,5.78,5.78,0
2018-03-01,5.25,5.25,5.25,5.25,7000
2018-03-02,5.25,5.25,5.25,5.25,0
2018-03-05,5.51,5.57,5.51,5.57,5300
2018-03-06,5.51,5.57,5.51,5.51,28500
2018-03-07,5.51,5.51,5.51,5.51,0
2018-03-08,5.25,5.51,5.25,5.51,14000
2018-03-09,5.46,5.46,5.46,5.46,0
2018-03-12,5.51,5.51,5.51,5.51,30500
2018-03-13,5.72,5.72,5.72,5.72,500
2018-03-14,5.99,5.99,5.78,5.78,2500
2018-03-15,5.93,5.93,5.78,5.78,4900
2018-03-16,5.25,5.93,5.25,5.93,9500
2018-03-19,5.72,5.72,5.51,5.51,6800
2018-03-20,5.78,5.78,5.57,5.57,4200
2018-03-21,5.25,5.57,5.25,5.51,7000
2018-03-22,5.46,5.46,5.46,5.46,0
2018-03-23,5.51,5.51,5.25,5.51,25500
2018-03-26,5.25,5.51,5.25,5.51,10500
2018-03-27,5.51,5.51,5.51,5.51,42900
2018-03-28,5.51,5.51,5.51,5.51,11500
2018-03-29,5.51,5.51,5.51,5.51,0
2018-03-30,5.51,5.51,5.51,5.51,2000
2018-04-02,5.51,5.51,5.51,5.51,18000
2018-04-03,5.51,5.51,5.51,5.51,5000
2018-04-04,5.51,5.51,5.51,5.51,0
2018-04-05,5.51,5.51,5.51,5.51,0
2018-04-06,5.51,5.51,5.51,5.51,0
2018-04-09,5.51,5.51,5.51,5.51,0
2018-04-10,5.51,5.51,5.51,5.51,0
2018-04-11,5.51,5.51,5.51,5.51,2500
2018-04-12,5.51,5.51,5.51,5.51,3000
2018-04-13,5.51,5.51,5.51,5.51,0
2018-04-16,5.51,5.51,5.51,5.51,0
2018-04-17,5.51,5.51,5.51,5.51,0
2018-04-18,5.51,5.51,5.51,5.51,0
2018-04-19,5.25,5.25,5.25,5.25,20000
2018-04-20,5.25,5.25,5.25,5.25,11000
2018-04-23,5.51,5.51,5.51,5.51,10000
2018-04-24,5.25,5.57,5.25,5.57,30700
2018-04-26,5.25,5.25,5.25,5.25,0
2018-04-27,5.57,5.57,5.51,5.51,19000
2018-05-02,5.51,5.51,5.51,5.51,0
2018-05-03,5.51,5.51,5.51,5.51,1000
2018-05-04,5.51,5.51,5.51,5.51,0
2018-05-07,5.51,5.51,5.51,5.51,0
2018-05-08,5.51,5.51,5.51,5.51,0
2018-05-09,5.51,5.51,5.25,5.25,27300
2018-05-10,5.51,5.51,5.46,5.46,12100
2018-05-11,5.46,5.46,5.46,5.46,0
2018-05-14,5.46,5.46,5.46,5.46,0
2018-05-15,5.46,5.46,5.46,5.46,0
2018-05-16,5.51,5.51,5.51,5.51,4100
2018-05-17,5.51,5.51,5.51,5.51,1000
2018-05-18,5.51,5.51,5.51,5.51,1000
2018-05-21,5.51,5.51,5.51,5.51,0
2018-05-22,5.51,5.51,5.51,5.51,0
2018-05-23,5.51,5.51,5.51,5.51,0
2018-05-24,5.51,5.51,5.51,5.51,0
2018-05-25,5.51,5.51,5.51,5.51,0
2018-05-28,5.51,5.51,5.51,5.51,0
2018-05-29,5.51,5.51,5.51,5.51,0
2018-05-30,5.51,5.51,5.51,5.51,0
2018-05-31,5.51,5.51,5.51,5.51,0
2018-06-01,5.51,5.51,5.51,5.51,0
2018-06-04,5.51,5.51,5.51,5.51,0
2018-06-05,5.51,5.51,5.51,5.51,0
2018-06-06,5.51,5.51,5.51,5.51,0
2018-06-07,5.51,5.51,5.51,5.51,0
2018-06-08,5.51,5.51,5.51,5.51,1000
2018-06-11,5.51,5.51,5.51,5.51,800
2018-06-12,5.51,5.51,5.51,5.51,0
2018-06-13,5.51,5.51,5.51,5.51,0
2018-06-14,5.78,5.78,5.51,5.51,7500
2018-06-15,5.51,5.51,5.51,5.51,5000
2018-06-18,5.51,5.51,5.51,5.51,1000
2018-06-19,5.51,5.51,5.51,5.51,2000
2018-06-20,5.51,5.51,5.51,5.51,2000
2018-06-21,5.51,5.51,5.51,5.51,23000
2018-06-22,5.51,5.51,5.51,5.51,0
2018-06-25,5.51,5.51,5.51,5.51,0
2018-06-26,5.51,5.51,5.51,5.51,3800
2018-06-27,5.51,5.51,5.51,5.51,11000
2018-06-28,5.51,5.51,5.51,5.51,0
2018-06-29,5.25,5.25,5.25,5.25,6000
2018-07-02,5.25,5.25,5.25,5.25,0
2018-07-03,5.25,5.25,5.25,5.25,0
2018-07-04,5.25,5.25,5.25,5.25,0
2018-07-05,5.25,5.25,5.25,5.25,4500
2018-07-06,5.25,5.25,5.25,5.25,4500
2018-07-09,4.62,4.62,4.62,4.62,1000
2018-07-10,4.62,4.62,4.62,4.62,0
2018-07-11,4.62,4.62,4.62,4.62,0
2018-07-12,4.62,4.62,4.62,4.62,0
2018-07-13,4.99,4.99,4.99,4.99,6000
2018-07-16,4.99,4.99,4.99,4.99,4500
2018-07-17,4.99,4.99,4.99,4.99,400
2018-07-18,5.04,5.04,4.99,4.99,8700
2018-07-19,5.25,5.25,5.25,5.25,1000
2018-07-20,5.25,5.25,5.25,5.25,0
2018-07-23,5.04,5.04,5.04,0.0,3000
2018-07-24,5.25,5.25,5.25,5.25,5000
2018-07-25,5.04,5.04,5.04,5.04,5000
2018-07-26,5.78,5.78,5.78,5.78,1500
2018-07-27,5.78,5.78,5.78,5.78,1000
2018-07-30,5.78,5.78,5.78,5.78,0
2018-07-31,5.78,5.78,5.78,5.78,0
2018-08-01,5.78,5.78,5.78,5.78,1400
2018-08-02,5.78,5.78,5.78,5.78,0
2018-08-03,5.78,5.78,5.78,5.78,0
2018-08-06,5.78,5.78,5.78,5.78,0
2018-08-07,5.78,5.78,5.78,5.78,1000
2018-08-08,6.25,6.3,6.25,6.3,1200
2018-08-09,6.04,6.04,6.04,6.04,1000
2018-08-10,6.3,6.3,6.3,6.3,200
2018-08-13,7.19,7.19,7.19,7.19,100
2018-08-14,7.19,7.19,7.19,7.19,0
2018-08-15,6.3,6.3,6.3,6.3,1400
2018-08-16,6.3,6.3,6.3,6.3,7800
2018-08-17,6.83,6.83,6.83,6.83,100
2018-08-20,5.88,5.88,5.88,5.88,100
2018-08-21,5.3,5.3,5.3,5.3,100
2018-08-22,6.04,6.04,6.04,6.04,1000
2018-08-23,6.61,6.61,6.61,6.61,100
2018-08-24,5.75,5.75,5.75,5.75,100
2018-08-27,5.75,5.75,5.75,5.75,0
2018-08-28,5.75,5.75,5.75,5.75,0
2018-08-29,5.75,5.75,5.75,5.75,0
2018-08-30,5.18,5.18,5.18,5.18,300
2018-08-31,4.6,4.6,4.6,4.6,200
2018-09-04,4.6,4.6,4.6,4.6,0
2018-09-05,4.31,4.31,4.31,4.31,500
2018-09-06,4.54,4.54,4.54,4.54,500
2018-09-07,4.43,4.43,4.43,4.43,500
2018-09-10,4.66,4.66,4.66,4.66,300
2018-09-11,4.66,4.66,4.66,4.66,0
2018-09-12,4.66,4.66,4.66,4.66,0
2018-09-13,4.66,4.66,4.66,4.66,0
2018-09-14,4.66,4.66,4.66,4.66,0
2018-09-17,4.66,4.66,4.66,4.66,0
2018-09-18,4.43,4.43,4.43,4.43,500
2018-09-19,5.0,5.0,5.0,5.0,100
2018-09-20,4.37,4.37,4.37,4.37,200
2018-09-21,5.0,5.0,5.0,5.0,100
2018-09-24,5.0,5.0,5.0,5.0,500
2018-09-25,4.49,5.75,4.43,5.75,1200
2018-09-26,4.83,6.33,4.83,6.33,3800
2018-09-27,5.81,7.07,5.81,7.07,2000
2018-09-28,6.79,7.76,5.81,7.48,4000
2018-10-01,5.69,7.59,5.64,7.59,4000
2018-10-02,7.07,7.07,5.29,5.35,23400
2018-10-03,5.06,6.67,4.95,6.67,11800
2018-10-04,6.67,6.67,5.06,6.67,62400
2018-10-05,6.33,6.33,5.29,6.33,44800
2018-10-08,6.33,6.33,5.52,6.33,281921
2018-10-09,6.33,6.33,6.33,6.33,6500
2018-10-10,7.25,7.25,7.25,7.25,8400
2018-10-11,7.94,7.94,7.94,7.94,100
2018-10-12,6.9,7.88,6.79,7.88,13200
2018-10-15,7.48,7.76,6.04,6.04,6700
2018-10-16,6.33,7.65,6.33,7.65,3521
2018-10-17,7.59,7.59,7.59,7.59,0
2018-10-18,7.59,7.59,7.59,7.59,0
2018-10-19,7.59,7.59,7.59,7.59,0
2018-10-22,8.28,8.28,6.73,6.73,630
2018-10-23,6.96,6.96,6.96,6.96,100
2018-10-24,6.5,7.99,6.5,7.99,300
2018-10-25,7.02,7.02,7.02,7.02,0
2018-10-26,7.48,7.99,7.48,7.99,300
2018-10-29,8.74,8.91,8.74,8.91,1200
2018-10-30,8.63,9.43,7.59,9.43,700
2018-10-31,8.97,8.97,8.97,8.97,100
2018-11-01,9.14,9.14,9.14,9.14,130
2018-11-02,9.14,9.14,9.14,9.14,2000
2018-11-05,9.14,9.14,9.03,9.03,3400
2018-11-06,8.57,8.57,8.57,8.57,1020
2018-11-07,9.2,9.2,7.3,7.3,1900
2018-11-08,7.53,9.14,7.53,9.03,1100
2018-11-09,9.2,9.2,7.82,7.94,900
2018-11-12,7.48,7.59,7.48,7.59,8200
2018-11-13,7.19,7.19,7.19,7.19,100
2018-11-14,6.9,6.9,6.9,6.9,100
2018-11-15,7.88,7.88,7.88,7.88,100
2018-11-16,7.08,8.73,7.08,8.73,506
2018-11-19,8.98,9.16,7.51,7.51,600
2018-11-20,9.65,9.65,8.0,9.59,4400
2018-11-21,10.93,10.93,8.55,9.53,3300
2018-11-22,9.65,9.71,9.65,9.71,1200
2018-11-23,9.16,9.4,9.16,9.16,12000
2018-11-26,10.32,10.32,7.94,7.94,8900
2018-11-27,8.12,7.94,7.94,7.94,0
2018-11-28,8.12,7.94,7.94,7.94,0
2018-11-29,7.45,7.45,7.45,7.45,100
2018-11-30,8.43,8.55,7.63,8.55,17100
2018-12-03,9.04,9.04,7.94,7.94,9600
2018-12-04,8.98,8.98,8.98,8.98,100
2018-12-05,9.1,9.1,9.1,9.1,100
2018-12-06,8.55,8.55,8.55,8.55,900
2018-12-07,9.47,9.47,8.55,8.55,400
2018-12-10,9.47,9.47,9.47,9.47,100
2018-12-11,8.86,8.86,8.86,8.86,2700
2018-12-12,8.55,8.55,8.55,8.55,5500
2018-12-13,9.47,9.83,8.86,8.86,11300
2018-12-14,8.79,8.79,8.79,8.79,400
2018-12-17,10.02,10.02,10.02,10.02,100
2018-12-18,10.26,10.26,10.26,10.26,100
2018-12-19,10.26,10.26,10.26,10.26,0
2018-12-20,10.26,10.26,10.26,10.26,0
2018-12-21,9.47,9.47,9.47,9.47,200
2018-12-24,8.86,8.86,8.86,8.86,1600
2018-12-25,7.76,7.76,7.69,7.69,8400
2018-12-26,7.69,7.69,7.69,7.69,0
2018-12-27,7.69,7.69,7.69,7.69,0
2018-12-28,8.67,8.73,8.67,8.73,1200
2019-01-02,8.73,8.73,8.73,8.73,0
2019-01-03,8.73,8.73,8.73,8.73,0
2019-01-04,7.57,7.57,7.51,7.51,1200
2019-01-07,7.51,7.51,7.51,7.51,0
2019-01-08,7.57,8.61,7.57,8.61,200
2019-01-09,8.06,8.06,8.06,8.06,100
2019-01-10,8.06,8.06,8.06,8.06,0
2019-01-11,8.06,8.06,8.06,8.06,0
2019-01-14,8.06,8.06,8.06,8.06,0
2019-01-15,8.06,8.06,8.06,8.06,0
2019-01-16,8.06,8.06,8.06,8.06,0
2019-01-17,8.06,8.06,8.06,8.06,0
2019-01-18,8.43,8.43,8.43,8.43,100
2019-01-21,8.79,8.79,8.79,8.79,1000
2019-01-22,8.79,8.79,8.79,8.79,100
2019-01-23,9.4,9.4,9.4,9.4,100
2019-01-24,9.16,9.16,9.16,9.16,400
2019-01-25,9.16,9.16,8.0,8.0,600
2019-01-28,7.51,7.51,7.51,7.51,100
2019-01-29,7.51,7.51,7.51,7.51,0
2019-01-30,8.49,8.49,8.49,8.49,200
2019-01-31,8.49,8.49,8.49,8.49,0
2019-02-01,8.49,8.49,8.49,8.49,0
2019-02-11,8.49,8.49,8.49,8.49,0
2019-02-12,8.61,8.61,8.61,8.61,100
2019-02-13,8.61,8.61,8.61,8.61,0
2019-02-14,8.61,8.61,8.61,8.61,0
2019-02-15,9.22,9.22,9.22,9.22,100
2019-02-18,9.22,9.22,9.22,9.22,700
2019-02-19,9.22,9.22,9.22,9.22,0
2019-02-20,9.16,9.22,9.16,9.22,400
2019-02-21,9.22,9.22,8.86,8.86,300
2019-02-22,8.98,8.86,8.86,8.86,0
2019-02-25,8.86,8.86,8.86,8.86,5000
2019-02-26,8.86,8.86,8.86,8.86,0
2019-02-27,8.86,8.86,8.86,8.86,0
2019-02-28,8.86,8.86,8.86,8.86,0
2019-03-01,8.86,8.86,8.86,8.86,0
2019-03-04,8.98,8.98,8.86,8.86,6300
2019-03-05,8.55,8.55,8.55,8.55,2900
2019-03-06,7.39,8.55,7.39,8.55,1100
2019-03-07,8.43,8.43,7.94,7.94,15000
2019-03-08,8.0,7.94,7.94,7.94,0
2019-03-11,8.0,7.94,7.94,7.94,0
2019-03-12,8.0,7.94,7.94,7.94,0
2019-03-13,8.55,8.79,8.55,8.79,4500
2019-03-14,8.79,8.79,8.79,8.79,0
2019-03-15,8.79,8.79,8.79,8.79,0
2019-03-18,8.79,8.79,8.79,8.79,0
2019-03-19,8.79,8.79,8.79,8.79,0
2019-03-20,9.77,9.77,8.86,9.16,5100
2019-03-21,7.94,7.94,7.94,7.94,200
2019-03-22,7.39,7.39,7.39,7.39,106
2019-03-25,7.39,7.39,7.39,7.39,0
2019-03-26,8.43,8.49,8.43,8.49,5200
2019-03-27,8.55,8.55,8.55,8.55,2000
2019-03-28,9.16,9.16,9.16,9.16,1000
2019-03-29,9.16,9.16,9.16,9.16,0
2019-04-01,9.16,9.16,9.16,9.16,0
2019-04-02,9.16,9.16,9.16,9.16,0
2019-04-03,9.16,9.16,9.16,9.16,0
2019-04-04,9.16,9.16,9.16,9.16,0
2019-04-05,9.16,9.16,9.16,9.16,0
2019-04-08,9.16,9.16,9.16,9.16,0
2019-04-09,9.16,9.16,9.16,9.16,0
2019-04-10,9.16,9.16,9.16,9.16,0
2019-04-11,9.1,9.16,9.1,9.16,6300
2019-04-12,9.1,9.16,9.16,9.16,0
2019-04-16,9.1,9.16,9.16,9.16,0
2019-04-17,9.1,9.16,9.16,9.16,0
2019-04-18,9.1,9.16,9.16,9.16,0
2019-04-19,9.77,9.77,9.59,9.59,5500
2019-04-22,9.47,9.47,9.16,9.16,4000
2019-04-23,9.16,9.16,9.16,9.16,3000
2019-04-24,8.86,8.86,8.86,8.86,5000
2019-04-25,8.92,9.47,8.86,9.16,27000
2019-04-26,9.1,9.16,9.1,9.16,8000
2019-05-02,9.16,9.16,9.16,9.16,0
2019-05-03,9.16,9.16,9.16,9.16,0
2019-05-06,9.16,9.16,9.16,9.16,0
2019-05-07,9.16,9.16,9.16,9.16,7000
2019-05-08,9.16,9.16,9.16,9.16,0
2019-05-09,9.16,9.16,9.16,9.16,0
2019-05-10,9.16,9.16,9.16,9.16,0
2019-05-13,9.16,9.47,9.16,9.47,2400
2019-05-14,9.47,9.47,9.47,9.47,2300
2019-05-15,9.47,9.47,9.47,9.47,0
2019-05-16,9.47,9.47,9.47,9.47,4700
2019-05-17,9.47,9.47,9.47,9.47,3000
2019-05-20,8.86,8.86,8.86,8.86,2700
2019-05-21,8.86,8.86,8.86,8.86,0
2019-05-22,8.86,8.86,8.86,8.86,0
2019-05-23,8.86,8.86,8.86,8.86,0
2019-05-24,8.86,8.86,8.86,8.86,0
2019-05-27,8.86,8.86,8.86,8.86,0
2019-05-28,8.86,8.86,8.86,8.86,0
2019-05-29,8.86,8.86,8.86,8.86,0
2019-05-30,8.86,8.86,8.86,8.86,0
2019-05-31,8.86,8.86,8.86,8.86,0
2019-06-03,8.86,8.86,8.86,8.86,0
2019-06-04,8.86,8.86,8.86,8.86,0
2019-06-05,8.86,8.86,8.86,8.86,0
2019-06-06,8.86,8.86,8.86,8.86,0
2019-06-07,8.86,8.86,8.86,8.86,0
2019-06-10,8.86,8.86,8.86,8.86,0
2019-06-11,8.86,8.86,8.86,8.86,0
2019-06-12,8.86,8.86,8.86,8.86,0
2019-06-13,8.86,8.86,8.86,8.86,0
2019-06-14,8.86,8.86,8.86,8.86,0
2019-06-17,8.86,8.86,8.86,8.86,0
2019-06-18,8.86,8.86,8.86,8.86,0
2019-06-19,8.86,8.86,8.86,8.86,0
2019-06-20,8.86,8.86,8.86,8.86,0
2019-06-21,8.86,8.86,8.86,8.86,0
2019-06-24,8.86,8.86,8.86,8.86,0
2019-06-25,8.86,8.86,8.86,8.86,0
2019-06-26,8.86,8.86,8.86,8.86,0
2019-06-27,8.86,8.86,8.86,8.86,0
2019-06-28,8.86,8.86,8.86,8.86,0
2019-07-01,5.56,5.56,5.56,5.56,100
2019-07-02,5.56,5.56,5.56,5.56,0
2019-07-03,6.35,6.35,6.35,6.35,100
2019-07-04,6.96,6.96,6.96,6.35,100
2019-07-05,6.35,6.96,6.96,6.96,0
2019-07-08,8.0,8.0,8.0,8.0,100
2019-07-09,8.92,9.16,8.92,9.16,4100
2019-07-10,9.16,9.16,9.16,9.16,0
2019-07-11,9.16,9.16,9.16,9.16,0
2019-07-12,10.38,10.38,10.38,10.38,100
2019-07-15,11.6,11.6,11.6,11.6,100
2019-07-16,9.89,9.89,9.89,9.89,4300
2019-07-17,9.89,9.89,9.89,9.89,0
2019-07-18,10.99,10.99,10.99,10.99,100
2019-07-19,11.85,11.85,11.85,11.85,100
2019-07-22,10.08,11.91,10.08,11.91,5200
2019-07-23,11.54,11.54,11.54,11.54,100
2019-07-24,11.54,11.54,11.54,11.54,0
2019-07-25,11.54,11.54,11.54,11.54,0
2019-07-26,11.54,11.54,11.54,11.54,0
2019-07-29,11.54,11.54,11.54,11.54,0
2019-07-30,11.54,11.54,11.54,11.54,0
2019-07-31,11.54,11.54,11.54,11.54,0
2019-08-01,11.54,11.54,11.54,11.54,0
2019-08-02,11.54,11.54,11.54,11.54,0
2019-08-05,11.54,11.54,11.54,11.54,0
2019-08-06,11.54,11.54,11.54,11.54,0
2019-08-07,11.54,11.54,11.54,11.54,0
2019-08-08,11.54,11.54,11.54,11.54,0
2019-08-09,11.54,11.54,11.54,11.54,0
2019-08-12,11.54,11.54,11.54,11.54,0
2019-08-13,11.54,11.54,11.54,11.54,0
2019-08-14,11.54,11.54,11.54,11.54,0
2019-08-15,11.54,11.54,11.54,11.54,0
2019-08-16,11.54,11.54,11.54,11.54,0
2019-08-19,11.54,11.54,11.54,11.54,0
2019-08-20,11.54,11.54,11.54,11.54,0
2019-08-21,11.6,11.6,11.6,11.6,100
2019-08-22,11.6,11.6,11.6,11.6,0
2019-08-23,11.6,11.6,11.6,11.6,0
2019-08-26,11.6,11.6,11.6,11.6,0
2019-08-27,11.6,11.6,11.6,11.6,0
2019-08-28,11.6,11.6,11.6,11.6,0
2019-08-29,11.6,11.6,11.6,11.6,0
2019-08-30,9.89,9.89,9.89,9.89,4500
2019-09-03,9.89,9.89,9.89,9.89,600
2019-09-04,9.89,9.89,9.89,9.89,0
2019-09-05,8.43,8.43,8.43,8.43,200
2019-09-06,9.65,9.65,9.65,9.65,100
2019-09-09,9.65,9.65,9.65,9.65,0
2019-09-10,9.65,9.65,9.65,9.65,0
2019-09-11,9.65,10.16,10.16,10.16,0
2019-09-12,10.61,10.61,10.61,10.61,2000
2019-09-13,11.26,11.26,11.26,11.26,100
2019-09-16,11.26,11.26,11.26,11.26,0
2019-09-17,12.16,12.16,12.16,12.16,300
2019-09-18,12.16,12.16,12.16,12.16,0
2019-09-19,12.16,12.16,12.16,12.16,0
2019-09-20,10.36,10.36,10.36,10.36,100
2019-09-23,8.81,8.81,8.81,8.81,100
2019-09-24,8.81,8.81,8.81,8.81,0
2019-09-25,8.81,8.81,8.81,8.81,0
2019-09-26,10.1,10.1,10.1,10.1,100
2019-09-27,11.39,11.39,11.39,11.39,100
2019-09-30,11.39,11.39,11.39,11.39,0
2019-10-01,10.1,10.1,10.1,10.1,9200
2019-10-02,10.68,10.68,10.68,10.68,200
2019-10-03,12.16,12.16,12.16,12.16,1500
2019-10-04,12.16,12.16,12.16,12.16,0
2019-10-07,12.16,12.16,12.16,12.16,0
2019-10-08,12.16,12.16,12.16,12.16,0
2019-10-09,12.16,12.16,12.16,12.16,0
2019-10-10,12.16,12.16,12.16,12.16,0
2019-10-11,10.36,10.61,10.36,10.61,2300
2019-10-14,9.97,11.51,9.97,11.51,3600
2019-10-15,11.39,11.39,11.39,11.39,200
2019-10-16,11.39,11.39,11.39,11.39,0
2019-10-17,12.16,12.16,12.16,12.16,200
2019-10-18,13.96,13.96,13.96,13.96,200
2019-10-21,13.96,13.96,13.96,13.96,0
2019-10-22,13.96,13.96,13.96,13.96,0
2019-10-23,15.37,15.37,15.37,15.37,200
2019-10-24,13.12,13.12,13.12,13.12,100
2019-10-25,13.12,13.12,13.12,13.12,0
2019-10-28,13.12,13.12,13.12,13.12,0
2019-10-29,13.12,13.12,13.12,13.12,0
2019-10-30,12.87,12.87,12.87,12.87,2000
2019-10-31,12.87,12.87,12.87,12.87,0
2019-11-01,10.94,10.94,10.94,10.94,400
2019-11-04,12.16,12.16,12.09,12.09,2100
2019-11-05,12.67,12.67,12.67,12.67,100
2019-11-06,12.8,12.8,12.8,12.8,100
2019-11-07,12.8,12.8,12.8,12.8,0
2019-11-08,12.8,12.8,12.8,12.8,0
2019-11-11,12.8,12.8,12.8,12.8,0
2019-11-12,12.8,12.8,12.8,12.8,0
2019-11-13,12.8,12.8,12.8,12.8,0
2019-11-14,12.8,12.8,12.8,12.8,0
2019-11-15,12.8,12.8,12.8,12.8,0
2019-11-18,12.8,12.8,12.8,12.8,0
2019-11-19,12.8,12.8,12.8,12.8,0
2019-11-20,12.8,12.8,12.8,12.8,0
2019-11-21,12.8,12.8,12.8,12.8,0
2019-11-22,12.8,12.8,12.8,12.8,0
2019-11-25,12.8,12.8,12.8,12.8,0
2019-11-26,12.8,12.8,12.8,12.8,0
2019-11-27,14.67,14.67,14.67,14.67,100
2019-11-28,14.67,14.67,14.67,14.67,0
2019-11-29,14.67,14.67,14.67,14.67,0
2019-12-02,14.67,14.67,14.67,14.67,0
2019-12-03,14.67,14.67,14.67,14.67,0
2019-12-04,14.67,14.67,14.67,14.67,0
2019-12-05,14.67,14.67,14.67,14.67,0
2019-12-06,14.67,14.67,14.67,14.67,0
2019-12-09,14.67,14.67,14.67,14.67,0
2019-12-10,14.67,14.67,14.67,14.67,0
2019-12-11,14.67,14.67,14.67,14.67,0
2019-12-12,14.67,14.67,14.67,14.67,0
2019-12-13,14.67,14.67,14.67,14.67,0
2019-12-16,14.67,14.67,14.67,14.67,0
2019-12-17,14.67,14.67,14.67,14.67,0
2019-12-18,14.67,14.67,14.67,14.67,0
2019-12-19,14.67,14.67,14.67,14.67,0
2019-12-20,14.67,14.67,14.67,14.67,0
2019-12-23,14.67,14.67,14.67,14.67,0
2019-12-24,14.67,14.67,14.67,14.67,0
2019-12-25,14.67,14.67,14.67,14.67,0
2019-12-26,14.67,14.67,14.67,14.67,0
2019-12-27,14.67,14.67,14.67,14.67,0
2019-12-30,14.67,14.67,14.67,14.67,0
2019-12-31,14.67,14.67,14.67,14.67,0
2020-01-02,14.67,14.67,14.67,14.67,0
2020-01-03,14.67,14.67,14.67,14.67,0
2020-01-06,14.67,14.67,14.67,14.67,0
2020-01-07,14.67,14.67,14.67,14.67,0
2020-01-08,14.67,14.67,14.67,14.67,0
2020-01-09,9.97,9.97,9.97,9.97,500
2020-01-10,9.97,9.97,9.97,9.97,0
2020-01-13,10.29,10.29,10.29,10.29,1500
2020-01-14,10.29,10.29,10.29,10.29,0
2020-01-15,10.29,10.29,10.29,10.29,0
2020-01-16,10.29,10.76,10.76,10.76,0
2020-01-17,10.29,10.76,10.76,10.76,0
2020-01-20,11.77,11.77,11.77,11.77,100
2020-01-21,11.77,11.77,11.77,11.77,0
2020-01-22,13.39,13.39,13.39,13.39,100
2020-01-30,13.39,13.39,13.39,13.39,0
2020-01-31,13.39,13.39,13.39,13.39,0
2020-02-03,13.39,13.39,13.39,13.39,0
2020-02-04,13.39,13.39,13.39,13.39,0
2020-02-05,13.39,13.39,13.39,13.39,0
2020-02-06,13.39,13.39,13.39,13.39,0
2020-02-07,13.39,13.39,13.39,13.39,0
2020-02-10,13.39,13.39,13.39,13.39,0
2020-02-11,13.39,13.39,13.39,13.39,0
2020-02-12,13.39,13.39,13.39,13.39,0
2020-02-13,13.39,13.39,13.39,13.39,0
2020-02-14,13.39,13.39,13.39,13.39,0
2020-02-17,11.44,11.44,11.44,11.44,100
2020-02-18,11.44,11.44,11.44,11.44,0
2020-02-19,11.44,11.44,11.44,11.44,0
2020-02-20,12.71,12.71,12.71,12.71,100
2020-02-21,12.71,12.71,12.71,12.71,0
2020-02-24,14.06,14.06,14.06,14.06,100
2020-02-25,14.06,14.06,14.06,14.06,0
2020-02-26,14.06,14.06,14.06,14.06,0
2020-02-27,14.06,14.06,14.06,14.06,0
2020-02-28,14.06,14.06,14.06,14.06,0
2020-03-02,14.06,14.06,14.06,14.06,0
2020-03-03,14.06,14.06,14.06,14.06,0
2020-03-04,14.06,14.06,14.06,14.06,0
2020-03-05,14.06,14.06,14.06,14.06,0
2020-03-06,14.06,14.06,14.06,14.06,0
2020-03-09,14.06,14.06,14.06,14.06,0
2020-03-10,14.06,14.06,14.06,14.06,0
2020-03-11,14.06,14.06,14.06,14.06,0
2020-03-12,11.97,11.97,11.97,11.97,100
2020-03-13,10.23,10.23,10.23,10.23,100
2020-03-16,10.23,10.23,10.23,10.23,0
2020-03-17,10.23,10.23,10.23,10.23,0
2020-03-18,10.23,10.23,10.23,10.23,0
2020-03-19,9.49,11.37,9.49,11.37,300
2020-03-20,10.09,11.37,11.37,11.37,0
2020-03-23,10.09,11.37,11.37,11.37,0
2020-03-24,11.37,11.37,11.37,11.37,100
2020-03-25,11.37,11.37,11.37,11.37,0
2020-03-26,10.09,10.09,9.75,9.75,7000
2020-03-27,11.37,11.37,11.37,11.37,100
2020-03-30,9.75,9.75,9.75,9.75,3000
2020-03-31,9.75,9.75,9.75,9.75,0
2020-04-01,9.82,10.02,9.82,9.82,1500
2020-04-03,9.75,11.03,9.75,9.75,9000
2020-04-06,9.75,9.75,9.75,9.75,4000
2020-04-07,9.75,9.75,8.75,8.75,1900
2020-04-08,8.75,9.75,8.75,9.75,1300
2020-04-09,9.69,9.75,9.75,9.75,0
2020-04-10,9.69,9.75,9.75,9.75,0
2020-04-13,9.69,9.75,9.75,9.75,0
2020-04-14,9.69,9.75,9.75,9.75,0
2020-04-15,9.69,9.75,9.75,9.75,0
2020-04-16,9.69,9.75,9.75,9.75,0
2020-04-17,9.69,9.75,9.75,9.75,0
2020-04-20,9.69,9.75,9.75,9.75,0
2020-04-21,9.69,9.75,9.75,9.75,0
2020-04-22,9.69,9.75,9.75,9.75,0
2020-04-23,9.69,9.75,9.75,9.75,0
2020-04-24,9.75,9.75,9.75,9.75,4000
2020-04-27,9.75,9.75,9.75,9.75,0
2020-04-28,9.75,9.75,9.75,9.75,6000
2020-04-29,10.02,10.02,10.02,10.02,4300
2020-05-04,10.02,10.02,10.02,10.02,0
2020-05-05,9.75,9.75,9.75,9.75,600
2020-05-06,9.75,9.75,9.75,9.75,100
2020-05-07,9.75,9.75,9.75,9.75,0
2020-05-08,9.75,9.75,9.75,9.75,0
2020-05-11,9.75,9.75,9.75,9.75,0
2020-05-12,9.75,9.75,9.75,9.75,3500
2020-05-13,9.75,9.75,9.75,9.75,0
2020-05-14,9.75,9.75,9.75,9.75,0
2020-05-15,9.75,10.02,9.75,10.02,16500
2020-05-18,9.89,10.02,9.75,9.75,7900
2020-05-19,9.42,9.75,9.42,9.75,3500
2020-05-20,10.09,10.09,9.75,9.75,14700
2020-05-21,9.89,9.89,9.89,9.89,6000
2020-05-22,9.89,9.89,9.89,9.89,0
2020-05-25,9.89,9.89,9.89,9.89,0
2020-05-26,9.89,9.89,9.89,9.89,2200
2020-05-27,9.89,10.09,9.89,10.09,7200
2020-05-28,9.89,9.89,9.89,9.89,4000
2020-05-29,9.89,9.89,9.89,9.89,0
2020-06-01,8.41,8.41,8.41,8.41,9100
2020-06-02,8.41,8.41,8.41,8.41,0
2020-06-03,9.62,9.62,9.62,9.62,100
2020-06-04,10.09,11.03,8.34,8.34,24600
2020-06-05,10.09,8.34,8.34,8.34,0
2020-06-08,10.09,8.34,8.34,8.34,0
2020-06-09,10.09,10.76,10.09,10.76,13700
2020-06-10,10.49,10.76,10.76,10.76,0
2020-06-11,10.09,10.09,10.09,10.09,8700
2020-06-12,10.09,10.09,10.09,10.09,0
2020-06-15,10.09,10.09,10.09,10.09,0
2020-06-16,10.09,10.09,10.09,10.09,5000
2020-06-17,10.09,10.09,10.09,10.09,0
2020-06-18,10.09,10.09,10.09,10.09,1700
2020-06-19,10.09,10.09,10.09,10.09,2000
2020-06-22,10.09,10.09,10.09,10.09,0
2020-06-23,10.09,10.09,10.09,10.09,100
2020-06-24,10.09,10.09,10.09,10.09,1100
2020-06-25,10.09,10.09,10.09,10.09,0
2020-06-26,10.09,10.09,10.09,10.09,0
2020-06-29,10.09,10.09,10.09,10.09,0
2020-06-30,10.09,10.09,10.09,10.09,0
2020-07-01,10.09,10.09,10.09,10.09,0
2020-07-02,10.09,10.09,10.09,10.09,0
2020-07-03,10.09,10.09,10.09,10.09,60
2020-07-06,10.09,10.09,10.09,10.09,0
2020-07-07,10.09,10.09,10.09,10.09,0
2020-07-08,10.09,10.09,10.09,10.09,0
2020-07-09,10.09,10.09,10.09,10.09,0
2020-07-10,10.09,10.09,10.09,10.09,0
2020-07-13,10.09,10.09,10.09,10.09,0
2020-07-14,10.09,10.09,10.09,10.09,0
2020-07-15,10.09,10.09,10.09,10.09,0
2020-07-16,10.09,10.09,10.09,10.09,0
2020-07-17,10.09,10.09,10.09,10.09,0
2020-07-20,10.09,10.09,10.09,10.09,0
2020-07-21,10.09,10.09,10.09,10.09,0
2020-07-22,10.09,10.09,10.09,10.09,10
2020-07-23,10.09,10.09,10.09,10.09,0
2020-07-24,10.09,10.09,10.09,10.09,0
2020-07-27,10.09,10.09,10.09,10.09,0
2020-07-28,10.09,10.09,10.09,10.09,0
2020-07-29,10.09,10.09,10.09,10.09,0
2020-07-30,10.09,10.09,10.09,10.09,0
2020-07-31,10.09,10.09,10.09,10.09,0
2020-08-03,10.09,10.09,10.09,10.09,0
2020-08-04,10.09,10.09,10.09,10.09,0
2020-08-05,10.09,10.09,10.09,10.09,0
2020-08-06,10.09,10.09,10.09,10.09,0
2020-08-07,10.09,10.09,10.09,10.09,0
2020-08-10,10.09,10.09,10.09,10.09,0
2020-08-11,10.09,10.09,10.09,10.09,0
2020-08-12,10.09,10.09,10.09,10.09,0
2020-08-13,10.09,10.09,10.09,10.09,0
2020-08-14,10.09,10.09,10.09,10.09,0
2020-08-17,10.09,10.09,10.09,10.09,0
2020-08-18,10.09,10.09,10.09,10.09,0
2020-08-19,10.09,10.09,10.09,10.09,0
2020-08-20,10.09,10.09,10.09,10.09,0
2020-08-21,10.09,10.09,10.09,10.09,0
2020-08-24,10.09,10.09,10.09,10.09,0
2020-08-25,10.09,10.09,10.09,10.09,0
2020-08-26,6.12,6.12,6.12,6.12,100
2020-08-27,6.12,6.12,6.12,6.12,0
2020-08-28,6.12,6.71,6.71,6.71,0
2020-08-31,7.01,7.01,7.01,7.01,100
2020-09-01,7.01,7.01,7.01,7.01,0
2020-09-03,7.01,7.01,7.01,7.01,0
2020-09-04,7.01,7.01,7.01,7.01,0
2020-09-07,8.04,8.04,8.04,8.04,900
2020-09-08,9.22,9.22,9.22,9.22,900
2020-09-09,10.55,10.55,10.55,10.55,900
2020-09-10,10.55,10.55,10.55,10.55,0
2020-09-11,10.55,10.55,10.55,10.55,0
2020-09-14,10.55,10.55,10.55,10.55,0
2020-09-15,10.55,10.55,10.55,10.55,10
2020-09-16,10.55,10.55,10.55,10.55,30
2020-09-17,0.0,0.0,0.0,10.55,10
2020-09-18,10.55,10.55,10.55,10.55,0
2020-09-21,10.55,10.55,10.55,10.55,0
2020-09-22,10.55,10.55,10.55,10.55,0
2020-09-23,10.55,10.55,10.55,10.55,50
2020-09-24,10.55,10.55,10.55,10.55,0
2020-09-25,10.55,10.55,10.55,10.55,0
2020-09-28,10.55,10.55,10.55,10.55,0
2020-09-29,10.55,10.55,10.55,10.55,0
2020-09-30,11.06,11.8,11.06,11.8,13500
2020-10-01,11.06,11.58,11.06,11.58,20000
2020-10-02,10.33,10.33,10.33,10.33,100
2020-10-05,10.33,10.33,10.33,10.33,0
2020-10-06,10.69,10.69,10.69,10.69,7100
2020-10-07,11.8,12.24,11.06,11.06,73100
2020-10-08,11.06,11.06,11.06,11.06,100
2020-10-09,11.06,11.06,11.06,11.06,300
2020-10-12,10.03,10.03,10.03,10.03,700
2020-10-13,10.03,10.03,10.03,10.03,0
2020-10-14,9.0,9.0,9.0,9.0,72200
2020-10-15,10.03,10.03,10.03,10.03,700
2020-10-16,10.03,10.03,10.03,10.03,0
2020-10-19,10.03,10.03,10.03,10.03,0
2020-10-20,10.03,10.03,10.03,10.03,0
2020-10-21,10.03,10.03,10.03,10.03,0
2020-10-22,10.03,10.03,10.03,10.03,0
2020-10-23,10.03,10.03,10.03,10.03,0
2020-10-26,10.03,10.03,10.03,10.03,0
2020-10-27,10.03,10.03,10.03,10.03,0
2020-10-28,10.03,10.03,10.03,10.03,0
2020-10-29,10.03,10.03,10.03,10.03,0
2020-10-30,10.03,10.03,10.03,10.03,0
2020-11-02,10.03,10.03,10.03,10.03,0
2020-11-03,11.06,11.06,11.06,11.06,300
2020-11-04,11.06,11.06,11.06,11.06,0
2020-11-05,11.06,11.06,11.06,11.06,0
2020-11-06,11.06,11.06,11.06,11.06,0
2020-11-09,11.06,11.06,10.69,11.06,15400
2020-11-10,10.99,11.06,11.06,11.06,0
2020-11-11,10.99,11.06,11.06,11.06,0
2020-11-12,10.99,11.06,11.06,11.06,0
2020-11-13,10.99,11.06,11.06,11.06,0
2020-11-16,11.06,11.06,11.06,11.06,100
2020-11-17,11.06,11.06,11.06,11.06,0
2020-11-18,11.06,11.06,11.06,11.06,0
2020-11-19,11.06,11.06,11.06,11.06,0
2020-11-20,11.06,11.06,11.06,11.06,0
2020-11-23,11.06,11.06,11.06,11.06,0
2020-11-24,11.06,11.06,11.06,11.06,0
2020-11-25,11.06,11.06,11.06,11.06,0
2020-11-26,11.06,11.06,11.06,11.06,0
2020-11-27,11.06,11.06,11.06,11.06,0
2020-11-30,11.06,11.06,11.06,11.06,0
2020-12-01,11.06,11.06,11.06,11.06,0
2020-12-02,11.06,11.06,11.06,11.06,0
2020-12-03,11.06,11.06,11.06,11.06,0
2020-12-04,11.06,11.06,11.06,11.06,0
2020-12-07,11.06,11.06,11.06,11.06,0
2020-12-08,11.06,11.06,11.06,11.06,100
2020-12-09,11.06,11.06,11.06,11.06,0
2020-12-10,11.06,11.06,11.06,11.06,0
2020-12-11,11.06,11.06,11.06,11.06,0
2020-12-14,11.06,11.06,11.06,11.06,0
2020-12-15,11.06,11.06,11.06,11.06,0
2020-12-16,11.06,11.06,11.06,11.06,0
2020-12-17,11.06,11.06,11.06,11.06,300
2020-12-18,11.06,11.06,11.06,11.06,6400
2020-12-21,11.06,11.06,11.06,11.06,100
2020-12-22,11.06,11.06,11.06,11.06,0
2020-12-23,11.06,11.06,11.06,11.06,0
2020-12-24,11.06,11.06,11.06,11.06,0
2020-12-25,11.06,11.06,11.06,11.06,0
2020-12-28,11.06,11.06,11.06,11.06,0
2020-12-29,11.06,11.06,11.06,11.06,0
2020-12-30,11.06,11.06,11.06,11.06,0
2020-12-31,11.06,11.06,11.06,11.06,0
2021-01-04,11.06,11.06,11.06,11.06,0
2021-01-05,11.06,11.06,11.06,11.06,0
2021-01-06,11.06,11.06,11.06,11.06,0
2021-01-07,11.06,11.06,11.06,11.06,0
2021-01-08,11.06,11.06,11.06,11.06,0
2021-01-11,10.33,10.33,10.33,10.33,1900
2021-01-12,10.33,10.33,10.33,10.33,0
2021-01-13,10.33,10.33,10.33,10.33,0
2021-01-14,10.33,10.33,10.33,10.33,0
2021-01-15,9.96,9.96,8.85,8.85,21700
2021-01-18,9.59,9.59,8.85,8.85,25400
2021-01-19,8.92,10.25,8.48,10.25,13000
2021-01-20,8.85,8.85,8.7,8.85,9700
2021-01-21,8.85,10.18,8.85,10.18,27400
2021-01-22,9.74,9.74,9.74,9.74,2000
2021-01-25,9.74,9.74,9.74,9.74,0
2021-01-26,9.74,9.74,9.74,9.74,0
2021-01-27,9.74,9.74,9.74,9.74,0
2021-01-28,9.22,9.22,8.85,8.85,7600
2021-01-29,8.56,8.56,8.56,8.56,100
2021-02-01,8.56,8.56,8.56,8.56,0
2021-02-02,8.92,8.92,8.92,8.92,300
2021-02-03,9.74,10.25,9.74,10.25,10300
2021-02-04,9.59,9.59,9.51,9.59,1500
2021-02-05,9.51,9.51,9.51,9.51,1000
2021-02-08,9.51,9.51,9.51,9.51,0
2021-02-09,9.51,9.51,9.51,9.51,0
2021-02-17,9.96,9.96,9.96,9.96,3200
2021-02-18,9.96,9.96,9.96,9.96,3500
2021-02-19,9.96,9.96,9.96,9.96,1000
2021-02-22,9.96,9.96,9.96,9.96,4000
2021-02-23,9.96,9.96,9.96,9.96,0
2021-02-24,10.33,10.33,10.33,10.33,400
2021-02-25,10.33,10.33,10.33,10.33,0
2021-02-26,10.33,10.33,10.33,10.33,0
2021-03-01,10.33,10.33,10.33,10.33,0
2021-03-02,10.33,10.33,10.33,10.33,0
2021-03-03,10.33,10.33,10.33,10.33,0
2021-03-04,10.33,10.33,10.33,10.33,0
2021-03-05,8.92,8.92,8.92,8.92,20000
2021-03-08,8.92,8.92,8.92,8.92,0
2021-03-09,8.92,8.92,8.92,8.92,0
2021-03-10,9.44,10.25,9.44,10.25,1500
2021-03-11,10.03,10.25,10.25,10.25,0
2021-03-12,10.03,10.25,10.25,10.25,0
2021-03-15,9.96,10.33,9.96,10.33,3600
2021-03-16,11.06,11.58,11.06,11.58,8400
2021-03-17,11.21,11.21,11.06,11.06,8000
2021-03-18,11.06,11.06,11.06,11.06,500
2021-03-19,11.21,11.43,11.21,11.43,900
2021-03-22,11.21,11.43,11.43,11.43,0
2021-03-23,11.21,11.21,11.21,11.43,16
2021-03-24,11.43,11.43,11.43,11.43,106
2021-03-25,11.43,11.43,11.43,11.43,0
2021-03-26,12.91,12.91,12.91,12.91,800
2021-03-29,12.91,12.91,12.91,12.91,0
2021-03-30,12.91,12.91,12.91,12.91,22
2021-03-31,12.91,12.91,12.91,12.91,0
2021-04-01,12.91,12.91,12.91,12.91,0
2021-04-02,12.54,12.54,12.54,12.54,1000
2021-04-05,12.39,12.46,12.39,12.46,4400
2021-04-06,12.46,12.46,12.46,12.46,0
2021-04-07,12.46,12.46,12.46,12.46,0
2021-04-08,12.46,12.46,12.46,12.46,0
2021-04-09,12.46,12.46,12.46,12.46,0
2021-04-12,12.46,12.46,12.46,12.46,0
2021-04-13,12.46,12.46,12.46,12.46,0
2021-04-14,12.46,12.46,12.46,12.46,0
2021-04-15,12.46,12.46,12.46,12.46,0
2021-04-16,12.46,12.46,12.46,12.46,0
2021-04-19,12.46,12.46,12.46,12.46,0
2021-04-20,12.17,12.17,12.17,12.17,5700
2021-04-22,12.17,12.17,12.17,12.17,5000
2021-04-23,12.17,12.17,12.17,12.17,0
2021-04-26,12.17,12.17,12.17,12.17,0
2021-04-27,12.17,12.17,12.17,12.17,0
2021-04-28,12.17,12.17,12.17,12.17,0
2021-04-29,12.17,12.17,12.17,12.17,0
2021-05-04,12.17,12.17,12.17,12.17,0
2021-05-05,12.54,12.54,12.54,12.54,1000
2021-05-06,12.54,12.54,12.54,12.54,0
2021-05-07,12.54,12.54,12.54,12.54,0
2021-05-10,12.54,12.54,12.54,12.54,0
2021-05-11,12.54,12.54,12.54,12.54,0
2021-05-12,12.54,12.54,12.54,12.54,0
2021-05-13,14.38,14.38,14.38,14.38,1000
2021-05-14,14.38,14.38,14.38,14.38,0
2021-05-17,14.38,14.38,14.38,14.38,0
2021-05-18,14.38,14.38,14.38,14.38,100
2021-05-19,12.24,12.24,12.24,12.24,900
2021-05-20,12.24,12.24,12.24,12.24,0
2021-05-21,12.24,12.24,12.24,12.24,0
2021-05-24,12.24,12.24,12.24,12.24,0
2021-05-25,12.54,12.54,12.54,12.54,100
2021-05-26,13.28,13.28,13.28,13.28,3900
2021-05-27,13.28,13.28,13.28,13.28,0
2021-05-28,13.28,13.28,13.28,13.28,0
2021-05-31,13.28,13.28,13.28,13.28,0
2021-06-01,13.28,13.28,13.28,13.28,0
2021-06-02,13.28,13.28,13.28,13.28,0
2021-06-03,13.28,13.28,13.28,13.28,0
2021-06-04,13.28,13.28,13.28,13.28,0
2021-06-07,14.6,14.6,14.6,14.6,100
2021-06-08,12.46,12.46,12.46,12.46,300
2021-06-09,13.28,13.28,11.87,11.87,259
2021-06-10,10.77,12.61,10.77,12.61,1100
2021-06-11,11.8,12.61,12.61,12.61,0
2021-06-14,11.43,11.43,11.43,11.43,200
2021-06-15,11.43,11.43,11.43,11.43,0
2021-06-16,11.43,11.43,11.43,11.43,0
2021-06-17,11.43,11.43,11.43,11.43,0
2021-06-18,13.05,13.05,11.06,11.06,600
2021-06-21,11.06,13.05,11.06,13.05,200
2021-06-22,12.1,13.05,13.05,13.05,0
2021-06-23,12.1,13.05,13.05,13.05,0
2021-06-24,12.1,13.05,13.05,13.05,0
2021-06-25,12.1,13.05,13.05,13.05,0
2021-06-28,12.1,13.05,13.05,13.05,0
2021-06-29,12.1,13.05,13.05,13.05,0
2021-06-30,12.1,13.05,13.05,13.05,0
2021-07-01,12.1,13.05,13.05,13.05,0
2021-07-02,12.46,12.46,12.46,12.46,200
2021-07-05,12.46,12.46,12.46,12.46,0
2021-07-06,12.46,12.46,12.46,12.46,0
2021-07-07,12.46,12.46,12.46,12.46,0
2021-07-08,12.46,12.46,12.46,12.46,0
2021-07-09,12.46,12.46,12.46,12.46,1200
2021-07-12,12.46,12.46,12.46,12.46,0
2021-07-13,12.46,12.46,12.46,12.46,0
2021-07-14,12.46,12.46,12.46,12.46,0
2021-07-15,12.46,12.46,12.46,12.46,0
2021-07-16,12.46,12.46,12.46,12.46,0
2021-07-19,12.46,12.46,12.46,12.46,0
2021-07-20,12.46,12.46,12.46,12.46,0
2021-07-21,12.46,12.46,12.46,12.46,0
2021-07-22,12.46,12.46,12.46,12.46,0
2021-07-23,12.46,12.46,12.46,12.46,0
2021-07-26,12.46,12.46,12.46,12.46,0
2021-07-27,12.46,12.46,12.46,12.46,0
2021-07-28,12.46,12.46,12.46,12.46,0
2021-07-29,12.46,12.46,12.46,12.46,0
2021-07-30,12.46,12.46,12.46,12.46,0
2021-08-02,12.46,12.46,12.46,12.46,0
2021-08-03,12.46,12.46,12.46,12.46,0
2021-08-04,12.46,12.46,12.46,12.46,0
2021-08-05,12.46,12.46,12.46,12.46,0
2021-08-06,12.46,12.46,12.46,12.46,0
2021-08-09,12.46,12.46,12.46,12.46,0
2021-08-10,12.46,12.46,12.46,12.46,0
2021-08-11,12.46,12.46,12.46,12.46,0
2021-08-12,12.46,12.46,12.46,12.46,0
2021-08-13,12.46,12.46,12.46,12.46,0
2021-08-16,12.46,12.46,12.46,12.46,0
2021-08-17,12.46,12.46,12.46,12.46,0
2021-08-18,11.14,11.14,11.14,11.14,100
2021-08-19,9.51,9.51,9.51,9.51,429
2021-08-20,9.51,9.51,9.51,9.51,0
2021-08-23,8.19,8.19,8.19,8.19,100
2021-08-24,8.19,8.19,8.19,8.19,0
2021-08-25,8.19,8.19,8.19,8.19,0
2021-08-26,8.19,8.19,8.19,8.19,0
2021-08-27,8.19,8.19,8.19,8.19,29
2021-08-30,8.19,8.19,8.19,8.19,0
2021-08-31,9.37,9.37,9.37,9.37,100
2021-09-01,9.37,9.37,9.37,9.37,0
2021-09-06,9.37,9.37,9.37,9.37,0
2021-09-07,9.37,9.37,9.37,9.37,0
2021-09-08,9.37,9.37,9.37,9.37,0
2021-09-09,9.37,9.37,9.37,9.37,0
2021-09-10,9.37,9.37,9.37,9.37,0
2021-09-13,9.37,9.37,9.37,9.37,0
2021-09-14,10.77,10.77,10.77,10.77,100
2021-09-15,11.8,12.32,11.8,12.32,305
2021-09-16,13.87,13.94,13.28,13.94,12600
2021-09-17,14.68,15.49,14.68,15.49,12610
2021-09-20,16.96,16.96,13.35,13.35,1100
2021-09-21,16.67,16.67,16.67,16.67,0
2021-09-22,14.23,16.67,14.23,14.97,36000
2021-09-23,16.59,16.59,16.59,16.59,0
2021-09-24,14.16,14.16,14.16,14.16,100
2021-09-27,14.16,14.16,14.16,14.16,0
2021-09-28,14.16,14.16,14.16,14.16,10
2021-09-29,14.16,14.16,14.16,14.16,0
2021-09-30,15.86,15.86,12.61,12.61,1114
2021-10-01,13.35,13.35,13.35,13.35,110
2021-10-04,13.35,13.35,13.35,13.35,0
2021-10-05,13.35,13.35,13.35,13.35,0
2021-10-06,13.35,13.35,13.35,13.35,0
2021-10-07,13.35,13.35,13.35,13.35,500
2021-10-08,13.35,13.35,13.35,13.35,0
2021-10-11,15.34,15.34,13.42,13.42,1100
2021-10-12,13.05,13.05,13.05,13.05,100
2021-10-13,14.75,14.75,14.75,14.75,1000
2021-10-14,12.6,12.6,12.6,12.6,100
2021-10-15,11.29,11.29,11.29,11.29,100
2021-10-18,12.98,12.98,12.98,12.98,100
2021-10-19,11.52,11.52,11.52,11.52,20000
2021-10-20,11.52,11.52,11.52,11.52,1000
2021-10-21,13.21,13.21,13.21,13.21,100
2021-10-22,15.14,15.14,11.99,12.45,8514
2021-10-25,14.98,14.98,14.98,14.98,0
2021-10-26,14.98,14.98,14.98,14.98,0
2021-10-27,12.98,12.98,12.98,12.98,100
2021-10-28,12.98,12.98,12.98,12.98,0
2021-10-29,12.98,12.98,12.98,12.98,0
2021-11-01,12.98,12.98,12.98,12.98,0
2021-11-02,12.98,12.98,12.98,12.98,0
2021-11-03,12.98,12.98,12.98,12.98,0
2021-11-04,12.98,12.98,12.98,12.98,0
2021-11-05,12.98,12.98,12.98,12.98,0
2021-11-08,12.98,12.98,12.98,12.98,0
2021-11-09,14.9,14.9,14.9,14.9,100
2021-11-10,14.9,17.13,12.68,13.14,20400
2021-11-11,14.52,14.52,14.52,14.52,100
2021-11-12,12.37,12.37,12.37,12.37,100
2021-11-15,14.21,14.21,12.83,12.83,200
2021-11-16,15.37,15.37,12.83,13.14,1500
2021-11-17,12.91,12.91,12.91,12.91,100
2021-11-18,12.91,12.91,12.91,12.91,0
2021-11-19,14.83,14.83,14.83,14.83,100
2021-11-22,14.83,14.83,14.83,14.83,0
2021-11-23,13.14,13.14,13.14,13.14,5000
2021-11-24,13.14,13.14,13.14,13.14,0
2021-11-25,13.14,13.14,13.14,13.14,0
2021-11-26,13.14,13.14,13.14,13.14,0
2021-11-29,13.14,13.14,13.14,13.14,0
2021-11-30,13.14,13.14,13.14,13.14,0
2021-12-01,15.06,15.06,15.06,15.06,100
2021-12-02,13.37,16.9,13.37,13.44,300
2021-12-03,12.52,16.75,12.52,12.6,50100
2021-12-06,14.37,14.37,14.37,14.37,100
2021-12-07,14.37,14.37,14.37,14.37,0
2021-12-08,14.37,14.37,14.37,14.37,0
2021-12-09,12.37,12.37,12.37,12.37,100
2021-12-10,12.37,12.37,12.37,12.37,0
2021-12-13,12.37,12.37,12.37,12.37,24
2021-12-14,12.37,12.37,12.37,12.37,0
2021-12-15,12.37,12.37,12.37,12.37,0
2021-12-16,12.37,12.37,12.37,12.37,0
2021-12-17,12.37,12.37,12.37,12.37,0
2021-12-20,12.37,12.37,12.37,12.37,1
2021-12-21,12.37,12.37,12.37,12.37,0
2021-12-22,12.37,12.37,12.37,12.37,0
2021-12-23,12.37,12.37,12.37,12.37,0
2021-12-24,14.21,14.21,12.37,12.37,200
2021-12-27,15.21,15.21,15.21,15.21,100
2021-12-28,15.21,15.21,15.21,15.21,0
2021-12-29,15.21,15.21,15.21,15.21,0
2021-12-30,15.21,15.21,15.21,15.21,0
2021-12-31,12.98,12.98,12.98,12.98,100
2022-01-04,14.9,14.9,14.9,14.9,100
2022-01-05,14.98,14.98,14.98,14.98,40100
2022-01-06,14.98,14.98,14.98,14.98,0
2022-01-07,14.98,14.98,14.98,14.98,0
2022-01-10,14.98,14.98,14.98,14.98,0
2022-01-11,14.98,14.98,14.98,14.98,0
2022-01-12,12.75,12.75,12.75,12.75,100
2022-01-13,14.6,14.6,10.99,14.6,300
2022-01-14,11.6,13.83,11.6,11.6,800
2022-01-17,14.6,14.6,13.83,13.83,600
2022-01-18,13.98,13.98,13.98,13.98,0
2022-01-19,11.91,14.6,11.91,14.6,200
2022-01-20,14.6,14.6,14.6,14.6,100
2022-01-21,14.6,14.6,14.6,14.6,0
2022-01-24,14.6,14.6,14.6,14.6,0
2022-01-25,14.6,14.6,14.6,14.6,0
2022-01-26,14.6,14.6,14.6,14.6,0
2022-01-27,14.6,14.6,14.6,14.6,0
2022-01-28,14.6,14.6,14.6,14.6,0
2022-02-07,14.6,14.6,14.6,14.6,0
2022-02-08,14.6,14.6,14.6,14.6,0
2022-02-09,14.6,14.6,14.6,14.6,0
2022-02-10,14.6,14.6,14.6,14.6,0
2022-02-11,12.45,12.45,12.45,12.45,100
2022-02-14,14.29,14.29,14.29,14.29,100
2022-02-15,14.29,14.29,14.29,14.29,0
2022-02-16,14.29,14.29,14.29,14.29,0
2022-02-17,14.29,14.29,14.29,14.29,0
2022-02-18,14.29,14.29,14.29,14.29,0
2022-02-21,14.29,14.29,14.29,14.29,0
2022-02-22,14.29,14.29,14.29,14.29,0
2022-02-23,14.21,14.21,14.21,14.21,200
2022-02-24,14.21,14.21,14.21,14.21,0
2022-02-25,14.21,14.21,14.21,14.21,0
2022-02-28,14.21,14.21,14.21,14.21,0
2022-03-01,13.83,14.21,13.83,14.21,500
2022-03-02,13.83,13.83,13.14,13.14,600
2022-03-03,13.75,13.75,13.75,13.75,0
2022-03-04,13.75,13.75,13.75,13.75,0
2022-03-07,13.83,13.83,13.83,13.83,100
2022-03-08,13.83,13.83,13.83,13.83,0
2022-03-09,13.83,13.83,13.83,13.83,0
2022-03-10,13.83,13.83,13.83,13.83,500
2022-03-11,13.83,13.83,13.83,13.83,0
2022-03-14,13.83,13.83,13.83,13.83,0
2022-03-15,13.83,13.83,13.83,13.83,0
2022-03-16,13.83,13.83,13.83,13.83,0
2022-03-17,13.83,13.83,13.83,13.83,0
2022-03-18,13.83,13.83,13.83,13.83,100
2022-03-21,13.83,13.83,13.83,13.83,0
2022-03-22,13.83,13.83,13.83,13.83,0
2022-03-23,13.83,13.83,13.83,13.83,400
2022-03-24,13.83,13.83,13.83,13.83,1000
2022-03-25,13.83,13.83,13.83,13.83,1100
2022-03-28,13.83,13.83,13.83,13.83,0
2022-03-29,13.83,13.83,13.83,13.83,0
2022-03-30,13.83,13.83,13.83,13.83,0
2022-03-31,13.83,13.83,13.83,13.83,100
2022-04-01,13.83,13.83,13.83,13.83,0
2022-04-04,13.83,13.83,13.83,13.83,0
2022-04-05,13.83,13.83,13.83,13.83,0
2022-04-06,11.75,13.06,11.75,13.06,6700
2022-04-07,12.52,12.52,12.52,12.52,0
2022-04-08,12.52,12.52,12.52,12.52,0
2022-04-12,12.52,12.52,12.52,12.52,0
2022-04-13,12.52,12.52,12.52,12.52,0
2022-04-14,12.52,12.52,12.52,12.52,0
2022-04-15,10.68,10.68,10.68,10.68,100
2022-04-18,12.22,12.22,12.22,12.22,100
2022-04-19,12.22,12.22,12.22,12.22,0
2022-04-20,12.22,12.22,12.22,12.22,0
2022-04-21,13.06,13.06,13.06,13.06,100
2022-04-22,13.06,13.06,13.06,13.06,0
2022-04-25,13.06,13.06,13.06,13.06,0
2022-04-26,13.06,13.06,13.06,13.06,0
2022-04-27,13.06,13.06,13.06,13.06,0
2022-04-28,13.06,13.06,13.06,13.06,0
2022-04-29,13.06,13.06,13.06,13.06,0
2022-05-04,13.06,13.06,13.06,13.06,100
2022-05-05,13.06,13.06,13.06,13.06,0
2022-05-06,13.06,13.06,13.06,13.06,0
2022-05-09,12.98,12.98,12.98,12.98,100
2022-05-10,12.98,12.98,12.98,12.98,0
2022-05-11,12.98,12.98,12.98,12.98,100
2022-05-12,12.91,12.91,12.91,12.91,100
2022-05-13,12.6,12.6,12.29,12.29,200
2022-05-16,12.45,12.45,12.45,12.45,0
2022-05-17,12.45,12.45,12.45,12.45,0
2022-05-18,12.45,12.45,12.45,12.45,0
2022-05-19,12.68,12.68,12.68,12.68,900
2022-05-20,12.68,12.68,12.68,12.68,0
2022-05-23,12.68,12.68,12.68,12.68,3800
2022-05-24,12.68,12.68,12.68,12.68,0
2022-05-25,12.68,12.68,12.68,12.68,0
2022-05-26,12.68,12.68,12.68,12.68,0
2022-05-27,12.68,12.68,12.68,12.68,200
2022-05-30,13.06,13.06,13.06,13.06,100
2022-05-31,13.06,13.06,13.06,13.06,400
2022-06-01,13.06,13.06,13.06,13.06,0
2022-06-02,13.06,13.06,13.06,13.06,0
2022-06-03,13.44,13.44,13.44,13.44,100
2022-06-06,13.44,13.44,13.44,13.44,400
2022-06-07,13.44,13.44,13.44,13.44,0
2022-06-08,13.44,13.44,13.44,13.44,0
2022-06-09,15.37,15.37,15.37,15.37,100
2022-06-10,15.37,15.37,15.37,15.37,0
2022-06-13,15.37,15.37,15.37,15.37,0
2022-06-14,15.37,15.37,15.37,15.37,0
2022-06-15,15.37,15.37,15.37,15.37,0
2022-06-16,15.37,15.37,15.37,15.37,0
2022-06-17,15.37,15.37,15.37,15.37,0
2022-06-20,15.37,15.37,15.37,15.37,0
2022-06-21,15.37,15.37,15.37,15.37,0
2022-06-22,15.37,15.37,15.37,15.37,0
2022-06-23,15.37,15.37,15.37,15.37,0
2022-06-24,15.37,15.37,15.37,15.37,0
2022-06-27,15.37,15.37,15.37,15.37,0
2022-06-28,15.37,15.37,15.37,15.37,0
2022-06-29,15.37,15.37,15.37,15.37,0
2022-06-30,15.37,15.37,15.37,15.37,0
2022-07-01,15.37,15.37,15.37,15.37,0
2022-07-04,15.37,15.37,15.37,15.37,0
2022-07-05,15.37,15.37,15.37,15.37,0
2022-07-06,15.37,15.37,15.37,15.37,0
2022-07-07,15.37,15.37,15.37,15.37,0
2022-07-08,17.67,17.67,15.37,15.37,200
2022-07-11,16.52,16.52,16.52,16.52,0
2022-07-12,16.52,16.52,16.52,16.52,0
2022-07-13,16.52,16.52,16.52,16.52,0
2022-07-14,16.52,16.52,16.52,16.52,0
2022-07-15,16.52,16.52,16.52,16.52,0
2022-07-18,16.52,16.52,16.52,16.52,0
2022-07-19,16.52,16.52,16.52,16.52,0
2022-07-20,15.37,15.37,15.37,15.37,100
2022-07-21,15.37,15.37,15.37,15.37,0
2022-07-22,15.37,15.37,15.37,15.37,0
2022-07-25,15.37,15.37,15.37,15.37,0
2022-07-26,15.37,15.37,15.37,15.37,0
2022-07-27,15.37,15.37,15.37,15.37,0
2022-07-28,15.37,15.37,15.37,15.37,0
2022-07-29,15.37,15.37,15.37,15.37,0
2022-08-01,15.37,15.37,15.37,15.37,0
2022-08-02,15.37,15.37,15.37,15.37,0
2022-08-03,15.37,15.37,15.37,15.37,0
2022-08-04,15.37,15.37,15.37,15.37,0
2022-08-05,15.37,15.37,15.37,15.37,0
2022-08-08,15.37,15.37,15.37,15.37,0
2022-08-09,15.37,15.37,15.37,15.37,0
2022-08-10,15.37,15.37,15.37,15.37,0
2022-08-11,15.37,15.37,15.37,15.37,0
2022-08-12,15.37,15.37,15.37,15.37,0
2022-08-15,15.37,15.37,15.37,15.37,0
2022-08-16,14.98,14.98,14.98,14.98,1000
2022-08-17,14.98,14.98,14.98,14.98,0
2022-08-18,14.98,14.98,14.98,14.98,0
2022-08-19,14.98,14.98,14.98,14.98,0
2022-08-22,14.98,14.98,14.98,14.98,0
2022-08-23,14.98,14.98,14.98,14.98,0
2022-08-24,14.98,14.98,14.98,14.98,0
2022-08-25,12.75,12.75,12.75,12.75,1000
2022-08-26,12.75,12.75,12.75,12.75,0
2022-08-29,12.75,12.75,12.75,12.75,0
2022-08-30,12.75,12.75,12.75,12.75,0
2022-08-31,12.75,12.75,12.75,12.75,0
2022-09-05,12.83,13.06,12.83,13.06,900
2022-09-06,13.06,13.06,13.06,13.06,2000
2022-09-07,13.06,13.06,13.06,13.06,3000
2022-09-08,13.06,13.06,13.06,13.06,0
2022-09-09,13.06,13.06,13.06,13.06,0
2022-09-12,13.06,13.06,13.06,13.06,0
2022-09-13,13.06,13.06,13.06,13.06,0
2022-09-14,13.06,13.06,13.06,13.06,0
2022-09-15,12.17,12.17,12.17,12.17,100
2022-09-16,12.17,12.17,12.17,12.17,0
2022-09-19,12.17,12.17,12.17,12.17,0
2022-09-20,12.17,12.17,12.17,12.17,0
2022-09-21,12.17,12.17,12.17,12.17,0
2022-09-22,12.17,12.17,12.17,12.17,0
2022-09-23,10.48,10.48,10.48,10.48,100
2022-09-26,10.48,10.48,10.48,10.48,0
2022-09-27,10.48,10.48,10.48,10.48,0
2022-09-28,10.48,10.48,10.48,10.48,0
2022-09-29,10.48,10.48,10.48,10.48,0
2022-09-30,10.48,10.48,10.48,10.48,0
2022-10-03,10.48,10.48,10.48,10.48,0
2022-10-04,10.48,10.48,10.48,10.48,0
2022-10-05,10.48,10.48,10.48,10.48,0
2022-10-06,10.48,10.48,10.48,10.48,0
2022-10-07,10.48,10.48,10.48,10.48,0
2022-10-10,10.48,10.48,10.48,10.48,0
2022-10-11,10.48,10.48,10.48,10.48,0
2022-10-12,10.48,10.48,10.48,10.48,0
2022-10-13,10.48,10.48,10.48,10.48,0
2022-10-14,10.48,10.48,10.48,10.48,0
2022-10-17,10.48,10.48,10.48,10.48,0
2022-10-18,10.48,10.48,10.48,10.48,0
2022-10-19,11.29,11.29,11.29,11.29,100
2022-10-20,11.29,11.29,11.29,11.29,0
2022-10-21,11.29,11.29,11.29,11.29,0
2022-10-24,11.29,11.29,11.29,11.29,1
2022-10-25,11.29,11.29,11.29,11.29,0
2022-10-26,11.29,11.29,11.29,11.29,0
2022-10-27,11.29,11.29,11.29,11.29,0
2022-10-28,11.29,11.29,11.29,11.29,0
2022-10-31,11.29,11.29,11.29,11.29,0
2022-11-01,11.29,11.29,11.29,11.29,0
2022-11-02,11.29,11.29,11.29,11.29,0
2022-11-03,12.09,12.09,12.09,12.09,100
2022-11-04,12.09,12.09,12.09,12.09,0
2022-11-07,12.09,12.09,12.09,12.09,0
2022-11-08,12.09,12.09,12.09,12.09,0
2022-11-09,12.09,12.09,12.09,12.09,0
2022-11-10,12.5,12.5,12.5,12.5,200
2022-11-11,12.5,12.5,12.5,12.5,0
2022-11-14,12.5,12.5,12.5,12.5,0
2022-11-15,12.5,12.5,12.09,12.09,1700
2022-11-16,12.17,12.17,12.17,12.17,0
2022-11-17,12.17,12.17,12.17,12.17,0
2022-11-18,12.17,12.17,12.17,12.17,0
2022-11-21,12.17,12.17,12.17,12.17,0
2022-11-22,12.17,12.17,12.17,12.17,0
2022-11-23,12.17,12.17,12.17,12.17,0
2022-11-24,12.17,12.17,12.17,12.17,0
2022-11-25,12.17,12.17,12.17,12.17,0
2022-11-28,12.17,12.17,12.17,12.17,0
2022-11-29,12.17,12.17,12.17,12.17,0
2022-11-30,12.09,12.09,12.09,12.09,500
2022-12-01,12.09,12.09,12.09,12.09,1
2022-12-02,12.09,12.09,12.09,12.09,0
2022-12-05,12.09,12.09,12.09,12.09,0
2022-12-06,12.09,12.09,12.09,12.09,0
2022-12-07,12.09,12.09,12.09,12.09,0
2022-12-08,12.09,12.09,12.09,12.09,0
2022-12-09,12.09,12.09,12.09,12.09,0
2022-12-12,12.09,12.09,12.09,12.09,0
2022-12-13,12.09,12.09,12.09,12.09,0
2022-12-14,12.09,12.09,12.09,12.09,0
2022-12-15,12.09,12.09,12.09,12.09,0
2022-12-16,12.09,12.09,12.09,12.09,0
2022-12-19,12.09,12.09,12.09,12.09,0
2022-12-20,12.09,12.09,12.09,12.09,0
2022-12-21,12.09,12.09,12.09,12.09,0
2022-12-22,12.09,12.09,12.09,12.09,0
2022-12-23,12.09,12.09,12.09,12.09,0
2022-12-26,10.32,10.32,10.32,10.32,100000
2022-12-27,10.32,10.32,10.32,10.32,0
2022-12-28,10.32,10.32,10.32,10.32,0
2022-12-29,10.32,10.32,10.32,10.32,0
2022-12-30,10.32,10.32,10.32,10.32,0
2023-01-03,10.32,10.32,10.32,10.32,0
2023-01-04,10.32,10.32,10.32,10.32,0
2023-01-05,10.32,10.32,10.32,10.32,0
2023-01-06,10.32,10.32,10.32,10.32,0
2023-01-09,10.32,10.32,10.32,10.32,0
2023-01-10,10.32,10.32,10.32,10.32,0
2023-01-11,10.32,10.32,10.32,10.32,0
2023-01-12,10.32,10.32,10.32,10.32,0
2023-01-13,10.32,10.32,10.32,10.32,0
2023-01-16,10.32,10.32,10.32,10.32,0
2023-01-17,10.32,10.32,10.32,10.32,0
2023-01-18,10.32,10.32,10.32,10.32,0
2023-01-19,10.32,10.32,10.32,10.32,0
2023-01-27,10.32,10.32,10.32,10.32,0
2023-01-30,10.32,10.32,10.32,10.32,0
2023-01-31,10.32,10.32,10.32,10.32,0
2023-02-01,10.32,10.32,10.32,10.32,0
2023-02-02,11.85,11.85,11.85,11.85,1200
2023-02-03,11.85,11.85,11.85,11.85,0
2023-02-06,11.85,11.85,11.85,11.85,0
2023-02-07,11.85,11.85,11.85,11.85,0
2023-02-08,11.85,11.85,11.85,11.85,0
2023-02-09,11.85,11.85,11.85,11.85,0
2023-02-10,11.85,11.85,11.85,11.85,0
2023-02-13,11.85,11.85,11.85,11.85,0
2023-02-14,11.85,11.85,11.85,11.85,0
2023-02-15,11.85,11.85,11.85,11.85,0
2023-02-16,11.85,11.85,11.85,11.85,0
2023-02-17,11.85,11.85,11.85,11.85,0
2023-02-20,11.85,11.85,11.85,11.85,0
2023-02-21,11.85,11.85,11.85,11.85,0
2023-02-22,11.85,11.85,11.85,11.85,0
2023-02-23,11.85,11.85,11.85,11.85,0
2023-02-24,11.85,11.85,11.85,11.85,0
2023-02-27,11.85,11.85,11.85,11.85,0
2023-02-28,11.85,11.85,11.85,11.85,100
2023-03-01,11.85,11.85,11.85,11.85,0
2023-03-02,11.85,11.85,11.85,11.85,0
2023-03-03,11.85,11.85,11.85,11.85,1
2023-03-06,11.85,11.85,11.85,11.85,0
2023-03-07,11.85,11.85,11.85,11.85,0
2023-03-08,11.85,11.85,11.85,11.85,0
2023-03-09,11.85,11.85,11.85,11.85,0
2023-03-10,11.85,11.85,11.85,11.85,0
2023-03-13,11.85,11.85,11.85,11.85,0
2023-03-14,11.85,11.85,11.85,11.85,0
2023-03-15,11.85,11.85,11.85,11.85,0
2023-03-16,11.85,11.85,11.85,11.85,0
2023-03-17,11.85,11.85,11.85,11.85,0
2023-03-20,11.85,11.85,11.85,11.85,0
2023-03-21,11.85,11.85,11.85,11.85,0
2023-03-22,11.85,11.85,11.85,11.85,0
2023-03-23,11.85,11.85,11.85,11.85,0
2023-03-24,11.85,11.85,11.85,11.85,0
2023-03-27,11.85,11.85,11.85,11.85,0
2023-03-28,11.85,11.85,11.85,11.85,0
2023-03-29,11.85,11.85,11.85,11.85,0
2023-03-30,11.85,11.85,11.85,11.85,0
2023-03-31,11.85,11.85,11.85,11.85,0
2023-04-03,11.85,11.85,11.85,11.85,0
2023-04-04,11.85,11.85,11.85,11.85,0
2023-04-05,11.85,11.85,11.85,11.85,0
2023-04-06,11.85,11.85,11.85,11.85,0
2023-04-07,11.85,11.85,11.85,11.85,0
2023-04-10,11.85,11.85,11.85,11.85,0
2023-04-11,11.85,11.85,11.85,11.85,0
2023-04-12,11.85,11.85,11.85,11.85,0
2023-04-13,11.85,11.85,11.85,11.85,0
2023-04-14,11.85,11.85,11.85,11.85,0
2023-04-17,11.85,11.85,11.85,11.85,0
2023-04-18,11.85,11.85,11.85,11.85,0
2023-04-19,11.85,11.85,11.85,11.85,0
2023-04-20,11.85,11.85,11.85,11.85,0
2023-04-21,11.85,11.85,11.85,11.85,0
2023-04-24,11.85,11.85,11.85,11.85,0
2023-04-25,11.85,11.85,11.85,11.85,0
2023-04-26,12.09,14.51,10.48,14.51,806600
2023-04-27,13.87,13.87,13.87,13.87,100
2023-04-28,15.88,15.88,14.51,14.51,5000
2023-05-04,16.13,16.13,16.13,16.13,130000
2023-05-05,15.32,15.32,15.32,15.32,404
2023-05-08,13.06,13.79,13.06,13.79,9300
2023-05-09,12.09,12.09,12.09,12.09,48540
2023-05-10,12.09,12.09,12.09,12.09,0
2023-05-11,12.26,12.26,12.26,12.26,9200
2023-05-12,12.26,12.26,12.26,12.26,0
2023-05-15,12.26,12.26,12.26,12.26,0
2023-05-16,12.26,12.26,12.26,12.26,0
2023-05-17,12.26,12.26,12.26,12.26,0
2023-05-18,12.5,12.5,12.26,12.26,20007
2023-05-19,12.26,12.26,12.26,12.26,0
2023-05-22,14.03,14.03,14.03,14.03,300
2023-05-23,14.03,14.03,14.03,14.03,0
2023-05-24,14.03,14.03,14.03,14.03,0
2023-05-25,14.03,14.03,14.03,14.03,0
2023-05-26,12.34,12.34,12.34,12.34,3800
2023-05-29,12.34,12.34,12.34,12.34,0
2023-05-30,12.34,12.34,12.34,12.34,0
2023-05-31,12.34,12.34,12.34,12.34,0
2023-06-01,12.34,12.34,12.34,12.34,0
2023-06-02,12.34,12.34,12.34,12.34,0
2023-06-05,12.34,12.34,12.34,12.34,0
2023-06-06,12.34,12.34,12.34,12.34,0
2023-06-07,12.34,12.34,12.34,12.34,0
2023-06-08,12.34,12.34,12.34,12.34,0
2023-06-09,12.34,12.34,12.34,12.34,0
2023-06-12,12.34,12.34,12.34,12.34,0
2023-06-13,12.34,12.34,12.34,12.34,0
2023-06-14,11.29,11.29,11.29,11.29,26033
2023-06-15,11.29,11.29,11.29,11.29,3
2023-06-16,11.29,11.29,11.29,11.29,0
2023-06-19,11.29,11.29,11.29,11.29,0
2023-06-20,11.29,11.29,11.29,11.29,0
2023-06-21,11.29,11.29,11.29,11.29,0
2023-06-22,11.29,11.29,11.29,11.29,0
2023-06-23,11.29,11.29,11.29,11.29,0
2023-06-26,11.29,11.29,11.29,11.29,0
2023-06-27,11.29,11.29,11.29,11.29,0
2023-06-28,11.29,11.29,11.29,11.29,0
2023-06-29,11.29,11.29,11.29,11.29,0
2023-06-30,11.29,11.29,11.29,11.29,0
2023-07-03,11.29,11.29,11.29,11.29,0
2023-07-04,11.29,11.29,11.29,11.29,0
2023-07-05,11.29,11.29,11.29,11.29,0
2023-07-06,11.29,11.29,11.29,11.29,0
2023-07-07,11.29,11.29,11.29,11.29,0
2023-07-10,11.29,11.29,11.29,11.29,0
2023-07-11,11.29,11.29,11.29,11.29,0
2023-07-12,11.29,11.29,11.29,11.29,0
2023-07-13,11.29,11.29,11.29,11.29,0
2023-07-14,11.29,11.29,11.29,11.29,0
2023-07-17,11.29,11.29,11.29,11.29,0
2023-07-18,11.29,11.29,11.29,11.29,0
2023-07-19,11.29,11.29,11.29,11.29,0
2023-07-20,11.29,11.29,11.29,11.29,0
2023-07-21,11.29,11.29,11.29,11.29,0
2023-07-24,11.29,11.29,11.29,11.29,0
2023-07-25,11.29,11.29,11.29,11.29,0
2023-07-26,11.29,11.29,11.29,11.29,0
2023-07-27,15.8,15.8,12.09,12.09,10500
2023-07-28,15.72,15.72,15.72,15.72,100
2023-07-31,15.32,15.32,14.92,14.92,600
2023-08-01,15.0,15.0,15.0,15.0,0
2023-08-02,15.0,15.0,15.0,15.0,0
2023-08-03,14.92,14.92,14.92,14.92,100
2023-08-04,15.32,15.32,15.32,15.32,1000
2023-08-07,15.32,15.32,15.32,15.32,500
2023-08-08,13.71,13.71,13.71,13.71,10000
2023-08-09,13.71,13.71,13.71,13.71,0
2023-08-10,13.71,13.71,13.71,13.71,0
2023-08-11,13.71,13.71,13.71,13.71,0
2023-08-14,13.71,13.71,13.71,13.71,0
2023-08-15,13.71,13.71,13.71,13.71,0
2023-08-16,13.71,13.71,13.71,13.71,0
2023-08-17,13.71,13.71,13.71,13.71,0
2023-08-18,13.71,13.71,13.71,13.71,0
2023-08-21,13.71,13.71,13.71,13.71,0
2023-08-22,13.71,13.71,13.71,13.71,0
2023-08-23,13.71,13.71,13.71,13.71,0
2023-08-24,13.71,13.71,13.71,13.71,0
2023-08-25,13.71,13.71,13.71,13.71,0
2023-08-28,13.71,13.71,13.71,13.71,0
2023-08-29,13.71,13.71,13.71,13.71,0
2023-08-30,15.72,15.72,15.72,15.72,1100
2023-08-31,15.72,15.72,15.72,15.72,1
2023-09-05,16.13,16.13,16.13,16.13,100
2023-09-06,16.13,16.13,16.13,16.13,100
2023-09-07,16.13,16.13,16.13,16.13,0
2023-09-08,16.13,16.13,16.13,16.13,300
2023-09-11,16.13,16.13,16.13,16.13,0
2023-09-12,16.13,16.13,16.13,16.13,0
2023-09-13,16.13,16.13,16.13,16.13,0
2023-09-14,16.13,16.13,16.13,16.13,0
2023-09-15,16.13,16.13,16.13,16.13,0
2023-09-18,16.13,16.13,16.13,16.13,0
2023-09-19,16.13,16.13,16.13,16.13,0
2023-09-20,16.13,16.13,16.13,16.13,0
2023-09-21,16.13,16.13,16.13,16.13,0
2023-09-22,16.13,16.13,16.13,16.13,0
2023-09-25,16.13,16.13,16.13,16.13,0
2023-09-26,16.13,16.13,16.13,16.13,0
2023-09-27,16.13,16.13,16.13,16.13,0
2023-09-28,16.13,16.13,16.13,16.13,0
2023-09-29,16.13,16.13,16.13,16.13,0
2023-10-02,16.13,16.13,16.13,16.13,0
2023-10-03,16.13,16.13,16.13,16.13,0
2023-10-04,16.13,16.13,16.13,16.13,0
2023-10-05,16.13,16.13,16.13,16.13,0
2023-10-06,16.13,16.13,16.13,16.13,0
2023-10-09,13.75,13.75,13.75,13.75,103
2023-10-10,13.75,13.75,13.75,13.75,0
2023-10-11,13.75,13.75,13.75,13.75,0
2023-10-12,13.75,13.75,13.75,13.75,0
2023-10-13,13.75,13.75,13.75,13.75,0
2023-10-16,13.75,13.75,13.75,13.75,0
2023-10-17,13.75,13.75,13.75,13.75,0
2023-10-18,13.75,13.75,13.75,13.75,0
2023-10-19,13.75,13.75,13.75,13.75,0
2023-10-20,13.75,13.75,13.75,13.75,0
2023-10-23,13.75,13.75,13.75,13.75,0
2023-10-24,13.75,13.75,13.75,13.75,0
2023-10-25,13.75,13.75,13.75,13.75,0
2023-10-26,13.75,13.75,13.75,13.75,0
2023-10-27,13.75,13.75,13.75,13.75,0
2023-10-30,13.75,13.75,13.75,13.75,1
2023-10-31,13.75,13.75,13.75,13.75,0
2023-11-01,13.75,13.75,13.75,13.75,0
2023-11-02,15.79,15.79,15.79,15.79,649
2023-11-03,15.79,15.79,15.79,15.79,0
2023-11-06,15.79,15.79,15.79,15.79,0
2023-11-07,15.79,15.79,15.79,15.79,0
2023-11-08,15.79,15.79,15.79,15.79,0
2023-11-09,15.79,15.79,15.79,15.79,0
2023-11-10,15.79,15.79,15.79,15.79,0
2023-11-13,15.79,15.79,15.79,15.79,0
2023-11-14,15.79,15.79,15.79,15.79,1
2023-11-15,15.79,15.79,15.79,15.79,800
2023-11-16,15.79,15.79,15.79,15.79,0
2023-11-17,15.79,15.79,15.79,15.79,1
2023-11-20,15.79,15.79,15.79,15.79,0
2023-11-21,15.79,15.79,15.79,15.79,0
2023-11-22,15.79,15.79,15.79,15.79,1
2023-11-23,15.79,15.79,15.79,15.79,0
2023-11-24,15.79,15.79,15.79,15.79,0
2023-11-27,15.79,15.79,15.79,15.79,0
2023-11-28,15.79,15.79,15.79,15.79,0
2023-11-29,15.79,15.79,15.79,15.79,0
2023-11-30,15.79,15.79,15.79,15.79,0
2023-12-01,15.79,15.79,15.79,15.79,0
2023-12-04,15.79,15.79,15.79,15.79,0
2023-12-05,15.79,15.79,15.79,15.79,0
2023-12-06,15.79,15.79,15.79,15.79,0
2023-12-07,15.79,15.79,15.79,15.79,0
2023-12-08,15.79,15.79,15.79,15.79,0
2023-12-11,15.79,15.79,15.79,15.79,0
2023-12-12,15.79,15.79,15.79,15.79,0
2023-12-13,15.79,15.79,15.79,15.79,0
2023-12-14,15.79,15.79,15.79,15.79,0
2023-12-15,15.79,15.79,15.79,15.79,0
2023-12-18,15.79,15.79,15.79,15.79,0
2023-12-19,15.79,15.79,15.79,15.79,0
2023-12-20,15.79,15.79,15.79,15.79,0
2023-12-21,15.79,15.79,15.79,15.79,0
2023-12-22,18.08,18.08,18.08,18.08,100
2023-12-25,18.08,18.08,18.08,18.08,100
2023-12-26,18.08,18.08,18.08,18.08,0
2023-12-27,16.13,16.13,16.13,16.13,100
2023-12-28,15.7,15.7,15.7,15.7,300
2023-12-29,15.79,16.13,15.79,16.13,3500
2024-01-02,15.87,15.87,15.87,15.87,0
2024-01-03,15.87,15.87,15.87,15.87,0
2024-01-04,15.28,15.28,15.28,15.28,4000
2024-01-05,15.28,15.28,15.28,15.28,0
2024-01-08,15.28,15.28,15.28,15.28,0
2024-01-09,15.28,15.28,15.28,15.28,0
2024-01-10,15.28,15.28,15.28,15.28,0
2024-01-11,15.28,15.28,15.28,15.28,0
2024-01-12,15.28,15.28,15.28,15.28,0
2024-01-15,15.28,15.28,15.28,15.28,0
2024-01-16,15.28,15.28,15.28,15.28,0
2024-01-17,15.28,15.28,15.28,15.28,0
2024-01-18,14.43,14.43,14.43,14.43,10000
2024-01-19,14.43,14.43,14.43,14.43,0
2024-01-22,14.43,14.43,14.43,14.43,0
2024-01-23,14.43,14.43,14.43,14.43,0
2024-01-24,16.55,16.55,16.55,16.55,100
2024-01-25,16.55,16.55,16.55,16.55,0
2024-01-26,16.55,16.55,16.55,16.55,0
2024-01-29,16.55,16.55,16.55,16.55,0
2024-01-30,16.55,16.55,16.55,16.55,0
2024-01-31,16.55,16.55,16.55,16.55,0
2024-02-01,16.55,16.55,16.55,16.55,0
2024-02-02,16.55,16.55,16.55,16.55,0
2024-02-05,16.55,16.55,16.55,16.55,0
2024-02-06,16.55,16.55,16.55,16.55,0
2024-02-07,16.55,16.55,16.55,16.55,0
2024-02-15,16.97,16.97,16.97,16.97,900
2024-02-16,16.97,16.97,16.97,16.97,0
2024-02-19,16.97,16.97,16.97,16.97,0
2024-02-20,16.97,16.97,16.97,16.97,0
2024-02-21,16.97,16.97,16.97,16.97,500
2024-02-22,16.97,16.97,16.97,16.97,500
2024-02-23,16.97,16.97,16.97,16.97,500
2024-02-26,16.97,16.97,16.97,16.97,0
2024-02-27,16.97,16.97,16.97,16.97,0
2024-02-28,16.97,16.97,16.97,16.97,500
2024-02-29,16.97,16.97,16.97,16.97,0
2024-03-01,16.97,16.97,16.97,16.97,0
2024-03-04,16.97,16.97,16.97,16.97,0
2024-03-05,16.97,16.97,16.97,16.97,0
2024-03-06,16.97,16.97,16.97,16.97,0
2024-03-07,16.97,16.97,16.97,16.97,503
2024-03-08,16.97,16.97,16.97,16.97,2000
2024-03-11,16.97,16.97,16.97,16.97,0
2024-03-12,16.97,16.97,16.97,16.97,0
2024-03-13,16.97,16.97,16.97,16.97,0
2024-03-14,16.97,16.97,16.97,16.97,0
2024-03-15,16.97,16.97,16.97,16.97,3
2024-03-18,16.97,16.97,16.97,16.97,0
2024-03-19,16.97,16.97,16.97,16.97,0
2024-03-20,16.97,16.97,16.97,16.97,0
2024-03-21,16.13,16.13,16.13,16.13,2150
2024-03-22,16.13,16.13,16.13,16.13,0
2024-03-25,16.13,16.13,16.13,16.13,0
2024-03-26,16.13,16.13,16.13,16.13,0
2024-03-27,16.13,16.13,16.13,16.13,0
2024-03-28,16.13,16.13,16.13,16.13,0
2024-03-29,16.97,16.97,16.97,16.97,900
2024-04-01,16.97,16.97,16.97,16.97,0
2024-04-02,16.97,16.97,16.97,16.97,0
2024-04-03,16.97,16.97,16.97,16.97,0
2024-04-04,16.97,16.97,16.97,16.97,400
2024-04-05,16.97,16.97,16.97,16.97,0
2024-04-08,16.97,16.97,16.97,16.97,2600
2024-04-09,16.97,16.97,16.97,16.97,0
2024-04-10,16.97,16.97,16.97,16.97,2
2024-04-11,16.97,16.97,16.97,16.97,0
2024-04-12,16.97,16.97,16.97,16.97,0
2024-04-15,16.97,16.97,16.97,16.97,0
2024-04-16,16.97,16.97,16.97,16.97,0
2024-04-17,16.97,16.97,16.97,16.97,0
2024-04-19,16.97,16.97,16.97,16.97,0
2024-04-22,16.97,16.97,16.97,16.97,0
2024-04-23,16.97,16.97,16.97,16.97,0
2024-04-24,16.97,16.97,16.97,16.97,0
2024-04-25,16.97,16.97,16.97,16.97,0
2024-04-26,16.97,16.97,16.97,16.97,0
2024-05-02,16.97,16.97,16.97,16.97,0
2024-05-03,16.97,16.97,16.97,16.97,0
2024-05-06,16.97,16.97,16.97,16.97,0
2024-05-07,16.97,16.97,16.97,16.97,0
2024-05-08,16.97,16.97,16.97,16.97,0
2024-05-09,16.97,16.97,16.97,16.97,0
2024-05-10,16.97,16.97,16.97,16.97,0
2024-05-13,16.97,16.97,16.97,16.97,0
2024-05-14,16.97,16.97,16.97,16.97,0
2024-05-15,16.97,16.97,16.97,16.97,0
2024-05-16,16.97,16.97,16.97,16.97,0
2024-05-17,16.97,16.97,16.97,16.97,0
2024-05-20,16.97,16.97,16.97,16.97,0
2024-05-21,16.97,16.97,16.97,16.97,0
2024-05-22,16.97,16.97,16.97,16.97,0
2024-05-23,16.97,16.97,16.97,16.97,0
2024-05-24,16.97,16.97,16.97,16.97,0
2024-05-27,16.97,16.97,16.97,16.97,0
2024-05-28,16.97,16.97,16.97,16.97,0
2024-05-29,16.97,16.97,16.97,16.97,0
2024-05-30,16.97,16.97,16.97,16.97,0
2024-05-31,16.97,16.97,16.97,16.97,0
2024-06-03,16.97,16.97,16.97,16.97,0
2024-06-04,16.97,16.97,16.97,16.97,0
2024-06-05,16.97,16.97,16.97,16.97,0
2024-06-06,16.97,16.97,16.97,16.97,0
2024-06-07,16.97,16.97,16.97,16.97,0
2024-06-10,16.97,16.97,16.97,16.97,0
2024-06-11,16.97,16.97,16.97,16.97,0
2024-06-12,16.97,16.97,16.97,16.97,0
2024-06-13,16.97,16.97,16.97,16.97,0
2024-06-14,16.97,16.97,16.97,16.97,0
2024-06-17,16.97,16.97,16.97,16.97,0
2024-06-18,16.97,16.97,16.97,16.97,0
2024-06-19,16.97,16.97,16.97,16.97,0
2024-06-20,16.97,16.97,16.97,16.97,0
2024-06-21,16.97,16.97,16.97,16.97,0
2024-06-24,16.97,16.97,16.97,16.97,0
2024-06-25,16.97,16.97,16.97,16.97,0
2024-06-26,16.97,16.97,16.97,16.97,0
2024-06-27,16.97,16.97,16.97,16.97,0
2024-06-28,16.97,16.97,16.97,16.97,0
2024-07-01,16.97,16.97,16.97,16.97,0
2024-07-02,16.97,16.97,16.97,16.97,0
2024-07-03,16.97,16.97,16.97,16.97,0
2024-07-04,16.97,16.97,16.97,16.97,0
2024-07-05,16.97,16.97,16.97,16.97,0
2024-07-08,16.97,16.97,16.97,16.97,1000
2024-07-09,16.97,16.97,16.97,16.97,0
2024-07-10,16.97,16.97,16.97,16.97,0
2024-07-11,16.97,16.97,16.97,16.97,0
2024-07-12,16.97,16.97,16.97,16.97,0
2024-07-15,16.97,16.97,16.97,16.97,10000
2024-07-16,16.97,16.97,16.97,16.97,0
2024-07-17,19.52,19.52,19.52,19.52,100
2024-07-18,19.52,19.52,19.52,19.52,0
2024-07-19,19.52,19.52,19.52,19.52,0
2024-07-22,19.52,19.52,19.52,19.52,0
2024-07-23,19.52,19.52,19.52,19.52,0
2024-07-24,19.52,19.52,19.52,19.52,0
2024-07-25,19.52,19.52,19.52,19.52,0
2024-07-26,19.52,19.52,19.52,19.52,0
2024-07-29,19.52,19.52,19.52,19.52,0
2024-07-30,19.52,19.52,19.52,19.52,0
2024-07-31,19.52,19.52,19.52,19.52,0
2024-08-01,19.52,19.52,19.52,19.52,0
2024-08-02,19.52,19.52,19.52,19.52,0
2024-08-05,19.52,19.52,19.52,19.52,4
2024-08-06,19.52,19.52,19.52,19.52,0
2024-08-07,19.52,19.52,19.52,19.52,0
2024-08-08,16.97,16.97,16.97,16.97,500
2024-08-09,16.97,16.97,16.97,16.97,0
2024-08-12,16.97,16.97,16.97,16.97,400
2024-08-13,19.52,19.52,19.52,19.52,111
2024-08-14,22.07,22.07,21.22,21.22,606
2024-08-15,21.9,21.9,18.67,18.67,1111
2024-08-16,20.37,20.37,20.37,20.37,100
2024-08-19,20.37,20.37,20.37,20.37,0
2024-08-20,17.4,17.4,17.4,17.4,500
2024-08-21,19.94,19.94,19.94,19.94,101
2024-08-22,19.94,19.94,19.94,19.94,0
2024-08-23,19.94,19.94,19.94,19.94,10
2024-08-26,17.82,17.82,17.4,17.4,1200
2024-08-27,17.74,17.74,17.74,17.74,0
2024-08-28,17.74,17.74,17.74,17.74,3
2024-08-29,17.74,17.74,17.74,17.74,5
2024-08-30,17.74,17.74,17.74,17.74,0
2024-09-04,17.74,17.74,17.74,17.74,0
2024-09-05,17.74,17.74,17.74,17.74,0
2024-09-06,17.74,17.74,17.74,17.74,1
2024-09-09,17.74,17.74,17.74,17.74,30
2024-09-10,17.74,17.74,17.74,17.74,0
2024-09-11,17.74,17.74,17.74,17.74,0
2024-09-12,17.74,17.74,17.74,17.74,0
2024-09-13,17.74,17.74,17.74,17.74,1
2024-09-16,17.74,17.74,17.74,17.74,0
2024-09-17,17.74,17.74,17.74,17.74,0
2024-09-18,17.74,17.74,17.74,17.74,0
2024-09-19,17.74,17.74,17.74,17.74,0
2024-09-20,17.74,17.74,17.74,17.74,0
2024-09-23,17.74,17.74,17.74,17.74,0
2024-09-24,17.74,17.74,17.74,17.74,0
2024-09-25,17.74,17.74,17.74,17.74,0
2024-09-26,17.74,17.74,17.74,17.74,4
2024-09-27,19.71,19.71,19.71,19.71,115
2024-09-30,19.71,19.71,19.71,19.71,0
2024-10-01,21.49,21.49,21.49,21.49,100
2024-10-02,21.49,21.49,21.49,21.49,0
2024-10-03,21.49,21.49,21.49,21.49,0
2024-10-04,21.49,21.49,21.49,21.49,0
2024-10-07,21.49,21.49,21.49,21.49,0
2024-10-08,21.49,21.49,21.49,21.49,0
2024-10-09,21.59,21.59,21.49,21.49,200
2024-10-10,21.59,21.59,21.59,21.59,2
2024-10-11,21.59,21.59,21.59,21.59,4
2024-10-14,21.59,21.59,21.59,21.59,0
2024-10-15,21.59,21.59,21.59,21.59,300
2024-10-16,21.59,21.59,21.59,21.59,0
2024-10-17,21.59,21.59,21.59,21.59,0
2024-10-18,21.59,21.59,21.59,21.59,0
2024-10-21,21.59,21.59,21.59,21.59,0
2024-10-22,21.59,21.59,21.59,21.59,0
2024-10-23,21.59,21.59,21.59,21.59,0
2024-10-24,21.59,21.59,21.59,21.59,0
2024-10-25,21.59,21.59,21.59,21.59,0
2024-10-28,21.59,21.59,21.59,21.59,0
2024-10-29,20.65,20.65,20.65,20.65,103
2024-10-30,20.65,20.65,20.65,20.65,0
2024-10-31,20.65,20.65,20.65,20.65,0
2024-11-01,20.65,20.65,20.65,20.65,0
2024-11-04,20.65,20.65,20.65,20.65,0
2024-11-05,20.65,20.65,20.65,20.65,0
2024-11-06,20.65,20.65,20.65,20.65,5
2024-11-07,20.65,20.65,20.65,20.65,0
2024-11-08,20.65,20.65,20.65,20.65,0
2024-11-11,20.65,20.65,20.65,20.65,0
2024-11-12,20.65,20.65,20.65,20.65,0
2024-11-13,20.65,20.65,20.65,20.65,0
2024-11-14,20.65,20.65,20.65,20.65,0
2024-11-15,20.65,20.65,20.65,20.65,1
2024-11-18,20.65,20.65,20.65,20.65,0
2024-11-19,20.65,20.65,20.65,20.65,0
2024-11-20,20.65,20.65,20.65,20.65,1
2024-11-21,20.65,20.65,20.65,20.65,0
2024-11-22,20.65,20.65,20.65,20.65,0
2024-11-25,20.65,20.65,20.65,20.65,0
2024-11-26,20.65,20.65,20.65,20.65,0
2024-11-27,20.65,20.65,20.65,20.65,2
2024-11-28,20.65,20.65,20.65,20.65,0
2024-11-29,20.65,20.65,20.65,20.65,0
2024-12-02,20.65,20.65,20.65,20.65,3
2024-12-03,20.65,20.65,20.65,20.65,0
2024-12-04,20.65,20.65,20.65,20.65,0
2024-12-05,20.65,20.65,20.65,20.65,0
2024-12-06,20.65,20.65,20.65,20.65,0
2024-12-09,20.65,20.65,20.65,20.65,0
2024-12-10,20.65,20.65,20.65,20.65,0
2024-12-11,20.65,20.65,20.65,20.65,0
2024-12-12,20.65,20.65,20.65,20.65,0
2024-12-13,20.65,20.65,20.65,20.65,0
2024-12-16,20.65,20.65,20.65,20.65,0
2024-12-17,20.65,20.65,20.65,20.65,0
2024-12-18,20.65,20.65,20.65,20.65,0
2024-12-19,20.65,20.65,20.65,20.65,0
2024-12-20,20.65,20.65,20.65,20.65,0
2024-12-23,20.65,20.65,20.65,20.65,0
2024-12-24,20.65,20.65,20.65,20.65,0
2024-12-25,20.65,20.65,20.65,20.65,0
2024-12-26,20.65,20.65,20.65,20.65,0
2024-12-27,20.65,20.65,20.65,20.65,0
2024-12-30,20.65,20.65,20.65,20.65,0
2024-12-31,20.65,20.65,20.65,20.65,0
2025-01-02,20.65,20.65,20.65,20.65,0
2025-01-03,20.55,20.55,20.55,20.55,1500
2025-01-06,20.55,20.55,20.55,20.55,0
2025-01-07,18.77,18.77,18.77,18.77,300
2025-01-08,18.77,18.77,18.77,18.77,0
2025-01-09,18.77,18.77,18.77,18.77,0
2025-01-10,18.77,18.77,18.77,18.77,0
2025-01-13,18.77,18.77,18.77,18.77,0
2025-01-14,16.89,16.89,16.89,16.89,200
2025-01-15,18.77,18.77,18.77,18.77,200
2025-01-16,18.77,18.77,18.77,18.77,0
2025-01-17,18.77,18.77,18.77,18.77,0
2025-01-20,18.77,18.77,18.77,18.77,0
2025-01-21,18.77,18.77,18.77,18.77,0
2025-01-22,18.77,18.77,18.77,18.77,0
2025-01-23,18.77,18.77,18.77,18.77,0
2025-01-24,18.77,18.77,18.77,18.77,0
2025-02-03,18.77,18.77,18.77,18.77,0
2025-02-04,18.77,18.77,18.77,18.77,0
2025-02-05,18.77,18.77,18.77,18.77,0
2025-02-06,18.77,18.77,18.77,18.77,0
2025-02-07,18.77,18.77,18.77,18.77,0
2025-02-10,18.77,18.77,18.77,18.77,0
2025-02-11,18.77,18.77,18.77,18.77,1
2025-02-12,18.77,18.77,18.77,18.77,0
2025-02-13,18.77,18.77,18.77,18.77,0
2025-02-14,18.77,18.77,18.77,18.77,0
2025-02-17,18.77,18.77,18.77,18.77,700
2025-02-18,18.77,18.77,18.77,18.77,3
2025-02-19,18.77,18.77,18.77,18.77,0
2025-02-20,18.77,18.77,18.77,18.77,0
2025-02-21,18.77,18.77,18.77,18.77,0
2025-02-24,18.77,18.77,18.77,18.77,0
2025-02-25,18.77,18.77,18.77,18.77,0
2025-02-26,18.77,18.77,18.77,18.77,0
2025-02-27,18.77,18.77,18.77,18.77,0
2025-02-28,18.77,18.77,18.77,18.77,0
2025-03-03,18.77,18.77,18.77,18.77,0
2025-03-04,18.77,18.77,18.77,18.77,0
2025-03-05,18.77,18.77,18.77,18.77,0
2025-03-06,18.77,18.77,18.77,18.77,0
2025-03-07,18.77,18.77,18.77,18.77,0
2025-03-10,18.77,18.77,18.77,18.77,0
2025-03-11,18.77,18.77,18.77,18.77,0
2025-03-12,18.77,18.77,18.77,18.77,200
2025-03-13,18.77,18.77,18.77,18.77,0
2025-03-14,18.77,18.77,18.77,18.77,5
2025-03-17,18.77,18.77,18.58,18.58,7100
2025-03-18,18.58,18.58,18.58,18.58,6000
2025-03-19,18.58,18.58,18.58,18.58,2000
2025-03-20,18.58,18.58,18.49,18.49,7000
2025-03-21,18.58,18.58,18.58,18.58,0
2025-03-24,18.58,18.58,18.58,18.58,0
2025-03-25,18.49,18.49,18.49,18.49,2000
2025-03-26,18.49,18.49,18.49,18.49,0
2025-03-27,18.49,18.49,18.49,18.49,100
2025-03-28,18.49,18.49,18.49,18.49,0
2025-03-31,18.49,18.49,18.49,18.49,7000
2025-04-01,18.49,18.49,18.49,18.49,0
2025-04-02,18.49,18.49,18.49,18.49,1
2025-04-03,18.49,18.49,18.49,18.49,0
2025-04-04,18.49,18.49,18.49,18.49,0
2025-04-08,18.49,18.49,18.49,18.49,0
2025-04-09,18.49,18.49,18.49,18.49,0
2025-04-10,18.49,18.49,18.49,18.49,0
2025-04-11,18.49,18.49,18.49,18.49,0
2025-04-14,18.49,18.49,18.49,18.49,0
2025-04-15,18.49,18.49,18.49,18.49,0
2025-04-16,18.49,18.49,18.49,18.49,301
2025-04-17,18.49,18.49,18.49,18.49,0
2025-04-18,18.49,18.49,18.49,18.49,0
2025-04-21,18.49,18.49,18.49,18.49,0
2025-04-22,18.49,18.49,18.49,18.49,0
2025-04-23,18.49,18.49,18.49,18.49,0
2025-04-24,18.49,18.49,18.49,18.49,0
2025-04-25,18.49,18.49,18.49,18.49,0
2025-04-28,18.49,18.49,18.49,18.49,1
2025-04-29,18.49,18.49,18.49,18.49,0
2025-05-05,18.49,18.49,18.49,18.49,0
2025-05-06,18.49,18.49,18.49,18.49,0
2025-05-07,18.49,18.49,18.49,18.49,0
2025-05-08,18.49,18.49,18.49,18.49,0
2025-05-09,18.49,18.49,18.49,18.49,0
2025-05-12,18.49,18.49,18.49,18.49,0
2025-05-13,18.49,18.49,18.49,18.49,0
2025-05-14,18.49,18.49,18.49,18.49,0
2025-05-15,18.49,18.49,18.49,18.49,0
2025-05-16,18.49,18.49,18.49,18.49,2
2025-05-19,18.49,18.49,18.49,18.49,0
2025-05-20,18.49,18.49,18.49,18.49,0
2025-05-21,18.49,18.49,18.49,18.49,1
2025-05-22,18.49,18.49,18.49,18.49,0
2025-05-23,18.49,18.49,18.49,18.49,0
2025-05-26,18.49,18.49,18.49,18.49,0
2025-05-27,18.49,18.49,18.49,18.49,0
2025-05-28,18.49,18.49,18.49,18.49,0
2025-05-29,18.49,18.49,18.49,18.49,0
2025-05-30,18.49,18.49,18.49,18.49,0
2025-06-02,18.49,18.49,18.49,18.49,0
2025-06-03,18.49,18.49,18.49,18.49,0
2025-06-04,18.49,18.49,18.49,18.49,0
2025-06-05,18.49,18.49,18.49,18.49,0
2025-06-06,18.49,18.49,18.49,18.49,5000
2025-06-09,18.49,18.49,18.49,18.49,0
2025-06-10,18.49,18.49,18.49,18.49,0
2025-06-11,18.49,18.49,18.49,18.49,100
2025-06-12,18.49,18.49,18.49,18.49,2
2025-06-13,18.49,18.49,18.49,18.49,0
2025-06-16,18.49,18.49,18.49,18.49,2000
2025-06-17,18.49,18.49,18.49,18.49,0
2025-06-18,18.49,18.49,18.49,18.49,0
2025-06-19,18.49,18.49,18.49,18.49,300
2025-06-20,18.49,18.49,18.49,18.49,0
2025-06-23,18.49,18.49,18.49,18.49,3000
2025-06-24,18.49,18.49,18.49,18.49,0
2025-06-25,15.95,15.95,15.95,15.95,10000
2025-06-26,15.95,15.95,15.95,15.95,0
2025-06-27,15.95,15.95,15.95,15.95,0
2025-06-30,18.3,18.3,18.3,18.3,20000
2025-07-01,18.3,18.3,18.3,18.3,0
2025-07-02,18.3,18.3,18.3,18.3,0
2025-07-03,18.3,18.3,18.3,18.3,0
2025-07-04,18.3,18.3,18.3,18.3,0
2025-07-07,18.3,18.3,18.3,18.3,0
2025-07-08,18.3,18.3,18.3,18.3,0
2025-07-09,18.3,18.3,18.3,18.3,0
2025-07-10,18.3,18.3,18.3,18.3,0
2025-07-11,18.3,18.3,18.3,18.3,10
2025-07-14,18.3,18.3,18.3,18.3,0
2025-07-15,18.3,18.3,18.3,18.3,0
2025-07-16,18.3,18.3,18.3,18.3,0
2025-07-17,18.3,18.3,18.3,18.3,0
2025-07-18,18.3,18.3,18.3,18.3,0
2025-07-21,18.3,18.3,18.3,18.3,0
2025-07-22,18.3,18.3,18.3,18.3,0
2025-07-23,18.3,18.3,18.3,18.3,0
2025-07-24,18.3,18.3,18.3,18.3,0
2025-07-25,18.3,18.3,18.3,18.3,0
2025-07-28,18.3,18.3,18.3,18.3,0
2025-07-29,18.3,18.3,18.3,18.3,0
2025-07-30,18.3,18.3,18.3,18.3,0
2025-07-31,18.3,18.3,18.3,18.3,0
2025-08-01,18.3,18.3,18.3,18.3,0
2025-08-04,18.3,18.3,18.3,18.3,0
2025-08-05,18.3,18.3,18.3,18.3,0
2025-08-06,18.3,18.3,18.3,18.3,0
2025-08-07,18.3,18.3,18.3,18.3,0
2025-08-08,18.3,18.3,18.3,18.3,0
2025-08-11,18.3,18.3,18.3,18.3,0
2025-08-12,18.3,18.3,18.3,18.3,0
2025-08-13,18.3,18.3,18.3,18.3,0
2025-08-14,18.3,18.3,18.3,18.3,0
2025-08-15,18.3,18.3,18.3,18.3,0
2025-08-18,18.3,18.3,18.3,18.3,0
2025-08-19,18.3,18.3,18.3,18.3,0
2025-08-20,18.3,18.3,18.3,18.3,0
2025-08-21,18.3,18.3,18.3,18.3,0
2025-08-22,18.3,18.3,18.3,18.3,0
2025-08-25,18.3,18.3,18.3,18.3,0
2025-08-26,18.3,18.3,18.3,18.3,0
2025-08-27,18.3,18.3,18.3,18.3,0
2025-08-28,18.3,18.3,18.3,18.3,0
2025-08-29,18.3,18.3,18.3,18.3,0
2025-09-03,18.3,18.3,18.3,18.3,0
2025-09-04,18.3,18.3,18.3,18.3,0
2025-09-05,18.3,18.3,18.3,18.3,0
2025-09-08,18.3,18.3,18.3,18.3,0
2025-09-09,18.3,18.3,18.3,18.3,0
2025-09-10,18.3,18.3,18.3,18.3,0
2025-09-11,18.3,18.3,18.3,18.3,0
2025-09-12,25.0,25.0,25.0,25.0,100
2025-10-15,28.7,28.7,28.7,28.7,100
