time,open,high,low,close,volume
2011-11-10,3.5,,,,0
2011-11-11,3.5,0.0,0.0,0.0,0
2011-11-14,3.5,0.0,0.0,0.0,0
2011-11-15,3.5,0.0,0.0,0.0,0
2011-11-16,3.5,0.0,0.0,0.0,0
2011-11-17,3.5,0.0,0.0,0.0,0
2011-11-18,3.5,0.0,0.0,0.0,0
2011-11-21,3.5,0.0,0.0,0.0,0
2011-11-22,3.5,0.0,0.0,0.0,0
2011-11-23,3.5,0.0,0.0,0.0,0
2011-11-24,2.1,2.1,2.1,2.1,10000
2011-11-25,2.1,2.1,2.1,2.1,0
2011-11-28,2.1,2.1,2.1,2.1,0
2011-11-29,2.1,2.1,2.1,2.1,0
2011-11-30,2.1,2.1,2.1,2.1,0
2011-12-01,2.1,2.1,2.1,2.1,0
2011-12-02,2.1,2.1,2.1,2.1,0
2011-12-05,2.1,2.1,2.1,2.1,0
2011-12-06,2.1,2.1,2.1,2.1,0
2011-12-07,2.1,2.1,2.1,2.1,0
2011-12-08,2.1,2.1,2.1,2.1,0
2011-12-09,2.1,2.1,2.1,2.1,0
2011-12-12,2.1,2.1,2.1,2.1,0
2011-12-13,2.1,2.1,2.1,2.1,0
2011-12-14,2.1,2.1,2.1,2.1,0
2011-12-15,2.1,2.1,2.1,2.1,0
2011-12-16,2.1,2.1,2.1,2.1,0
2011-12-19,2.1,2.1,2.1,2.1,0
2011-12-20,2.1,2.1,2.1,2.1,0
2011-12-21,2.1,2.1,2.1,2.1,0
2011-12-22,2.1,2.1,2.1,2.1,0
2011-12-23,2.1,2.1,2.1,2.1,0
2011-12-26,2.1,2.1,2.1,2.1,0
2011-12-27,2.1,2.1,2.1,2.1,0
2011-12-28,2.0,2.0,2.0,2.0,10000
2011-12-29,2.0,2.0,2.0,2.0,0
2011-12-30,2.0,2.0,2.0,2.0,0
2012-01-03,2.0,2.0,2.0,2.0,0
2012-01-04,2.0,2.0,2.0,2.0,0
2012-01-05,2.0,2.0,2.0,2.0,0
2012-01-06,2.0,2.0,2.0,2.0,0
2012-01-09,2.0,2.0,2.0,2.0,0
2012-01-10,2.0,2.0,2.0,2.0,0
2012-01-11,2.0,2.0,2.0,2.0,0
2012-01-12,2.0,2.0,2.0,2.0,0
2012-01-16,2.0,2.0,2.0,2.0,0
2012-01-17,2.0,2.0,2.0,2.0,0
2012-01-18,2.0,2.0,2.0,2.0,0
2012-01-19,2.0,2.0,2.0,2.0,0
2012-01-20,2.0,2.0,2.0,2.0,0
2012-01-30,2.0,2.0,2.0,2.0,0
2012-01-31,2.0,2.0,2.0,2.0,0
2012-02-01,2.0,2.0,2.0,2.0,0
2012-02-02,2.0,2.0,2.0,2.0,0
2012-02-03,2.0,2.0,2.0,2.0,0
2012-02-06,2.0,2.0,2.0,2.0,0
2012-02-07,2.0,2.0,2.0,2.0,0
2012-02-08,2.0,2.0,2.0,2.0,0
2012-02-09,2.0,2.0,2.0,2.0,0
2012-02-10,2.0,2.0,2.0,2.0,0
2012-02-13,2.0,2.0,2.0,2.0,0
2012-02-14,2.0,2.0,2.0,2.0,0
2012-02-15,2.0,2.0,2.0,2.0,0
2012-02-16,2.0,2.0,2.0,2.0,0
2012-02-17,2.0,2.0,2.0,2.0,0
2012-02-20,2.0,2.0,2.0,2.0,0
2012-02-21,2.0,2.0,2.0,2.0,0
2012-02-22,2.0,2.0,2.0,2.0,0
2012-02-23,2.0,2.0,2.0,2.0,0
2012-02-24,2.0,2.0,2.0,2.0,0
2012-02-27,2.0,2.0,2.0,2.0,0
2012-02-28,2.0,2.0,2.0,2.0,0
2012-02-29,2.0,2.0,2.0,2.0,0
2012-03-01,2.0,2.0,2.0,2.0,0
2012-03-02,2.0,2.0,2.0,2.0,0
2012-03-05,2.0,2.0,2.0,2.0,0
2012-03-06,2.0,2.0,2.0,2.0,0
2012-03-07,2.0,2.0,2.0,2.0,0
2012-03-08,2.0,2.0,2.0,2.0,0
2012-03-09,2.0,2.0,2.0,2.0,0
2012-03-12,2.0,2.0,2.0,2.0,0
2012-03-13,2.0,2.0,2.0,2.0,0
2012-03-14,2.0,2.0,2.0,2.0,0
2012-03-15,2.0,2.0,2.0,2.0,0
2012-03-16,2.0,2.0,2.0,2.0,0
2012-03-19,2.0,2.0,2.0,2.0,0
2012-03-20,2.0,2.0,2.0,2.0,0
2012-03-21,2.0,2.0,2.0,2.0,0
2012-03-22,2.0,2.0,2.0,2.0,0
2012-03-23,2.0,2.0,2.0,2.0,0
2012-03-26,2.0,2.0,2.0,2.0,0
2012-03-27,2.0,2.0,2.0,2.0,0
2012-03-28,2.0,2.0,2.0,2.0,0
2012-03-29,2.0,2.0,2.0,2.0,0
2012-03-30,2.0,2.0,2.0,2.0,0
2012-04-03,2.0,2.0,2.0,2.0,0
2012-04-04,2.0,2.0,2.0,2.0,0
2012-04-05,2.0,2.0,2.0,2.0,0
2012-04-06,2.0,2.0,2.0,2.0,0
2012-04-09,2.0,2.0,2.0,2.0,0
2012-04-10,2.0,2.0,2.0,2.0,0
2012-04-11,2.0,2.0,2.0,2.0,0
2012-04-12,2.0,2.0,2.0,2.0,0
2012-04-13,2.0,2.0,2.0,2.0,0
2012-04-16,2.0,2.0,2.0,2.0,0
2012-04-17,2.0,2.0,2.0,2.0,0
2012-04-18,2.0,2.0,2.0,2.0,0
2012-04-19,2.0,2.0,2.0,2.0,0
2012-04-20,2.0,2.0,2.0,2.0,0
2012-04-23,2.0,2.0,2.0,2.0,0
2012-04-24,2.0,2.0,2.0,2.0,0
2012-04-25,2.0,2.0,2.0,2.0,0
2012-04-26,2.0,2.0,2.0,2.0,0
2012-04-27,2.0,2.0,2.0,2.0,0
2012-05-02,2.0,2.0,2.0,2.0,0
2012-05-03,2.0,2.0,2.0,2.0,0
2012-05-04,2.0,2.0,2.0,2.0,0
2012-05-07,2.0,2.0,2.0,2.0,0
2012-05-08,2.0,2.0,2.0,2.0,0
2012-05-09,2.0,2.0,2.0,2.0,0
2012-05-10,2.0,2.0,2.0,2.0,0
2012-05-11,2.0,2.0,2.0,2.0,0
2012-05-14,2.0,2.0,2.0,2.0,0
2012-05-15,2.0,2.0,2.0,2.0,0
2012-05-16,2.0,2.0,2.0,2.0,0
2012-05-17,2.0,2.0,2.0,2.0,0
2012-05-18,2.0,2.0,2.0,2.0,0
2012-05-21,2.0,2.0,2.0,2.0,0
2012-05-22,2.0,2.0,2.0,2.0,0
2012-05-23,2.0,2.0,2.0,2.0,0
2012-05-24,2.0,2.0,2.0,2.0,0
2012-05-25,2.0,2.0,2.0,2.0,0
2012-05-28,2.0,2.0,2.0,2.0,0
2012-05-29,2.0,2.0,2.0,2.0,0
2012-05-30,2.0,2.0,2.0,2.0,0
2012-05-31,2.0,2.0,2.0,2.0,0
2012-06-01,2.0,2.0,2.0,2.0,0
2012-06-04,2.0,2.0,2.0,2.0,0
2012-06-05,2.0,2.0,2.0,2.0,0
2012-06-06,2.0,2.0,2.0,2.0,0
2012-06-07,2.0,2.0,2.0,2.0,0
2012-06-08,2.0,2.0,2.0,2.0,0
2012-06-11,2.0,2.0,2.0,2.0,0
2012-06-12,2.0,2.0,2.0,2.0,0
2012-06-13,2.0,2.0,2.0,2.0,0
2012-06-14,2.0,2.0,2.0,2.0,0
2012-06-15,2.0,2.0,2.0,2.0,0
2012-06-18,2.0,2.0,2.0,2.0,0
2012-06-19,2.0,2.0,2.0,2.0,0
2012-06-20,2.0,2.0,2.0,2.0,0
2012-06-21,2.0,2.0,2.0,2.0,0
2012-06-22,2.0,2.0,2.0,2.0,0
2012-06-25,2.0,2.0,2.0,2.0,0
2012-06-26,2.0,2.0,2.0,2.0,0
2012-06-27,2.0,2.0,2.0,2.0,0
2012-06-28,2.0,2.0,2.0,2.0,0
2012-06-29,2.0,2.0,2.0,2.0,0
2012-07-02,2.0,2.0,2.0,2.0,0
2012-07-03,2.0,2.0,2.0,2.0,0
2012-07-04,2.0,2.0,2.0,2.0,0
2012-07-05,2.0,2.0,2.0,2.0,0
2012-07-06,2.0,2.0,2.0,2.0,0
2012-07-09,2.0,2.0,2.0,2.0,0
2012-07-10,2.0,2.0,2.0,2.0,0
2012-07-11,2.0,2.0,2.0,2.0,0
2012-07-12,2.0,2.0,2.0,2.0,0
2012-07-13,2.0,2.0,2.0,2.0,0
2012-07-16,2.0,2.0,2.0,2.0,0
2012-07-17,2.0,2.0,2.0,2.0,0
2012-07-18,2.0,2.0,2.0,2.0,0
2012-07-19,2.0,2.0,2.0,2.0,0
2012-07-20,2.0,2.0,2.0,2.0,0
2012-07-23,2.0,2.0,2.0,2.0,0
2012-07-24,2.0,2.0,2.0,2.0,0
2012-07-25,2.0,2.0,2.0,2.0,0
2012-07-26,2.0,2.0,2.0,2.0,0
2012-07-27,2.0,2.0,2.0,2.0,0
2012-07-30,2.0,2.0,2.0,2.0,0
2012-07-31,2.0,2.0,2.0,2.0,0
2012-08-01,2.0,2.0,2.0,2.0,0
2012-08-02,2.0,2.0,2.0,2.0,0
2012-08-03,2.0,2.0,2.0,2.0,0
2012-08-06,2.0,2.0,2.0,2.0,0
2012-08-07,2.1,2.1,2.1,2.1,100
2012-08-08,2.1,2.1,2.1,2.1,0
2012-08-09,2.1,2.1,2.1,2.1,0
2012-08-10,2.1,2.1,2.1,2.1,0
2012-08-13,2.1,2.1,2.1,2.1,0
2012-08-14,2.3,2.3,2.3,2.3,800
2012-08-15,2.5,2.5,2.5,2.5,1000
2012-08-16,2.6,2.6,2.6,2.6,1000
2012-08-17,2.6,2.6,2.6,2.6,1000
2012-08-20,2.7,2.7,2.7,2.7,1000
2012-08-21,2.7,2.7,2.7,2.7,1000
2012-08-22,2.7,2.7,2.7,2.7,1000
2012-08-23,2.7,2.7,2.7,2.7,0
2012-08-24,2.7,2.7,2.7,2.7,0
2012-08-27,2.7,2.7,2.7,2.7,0
2012-08-28,2.7,2.7,2.7,2.7,0
2012-08-29,2.7,2.7,2.7,2.7,0
2012-08-30,2.7,2.7,2.7,2.7,0
2012-08-31,2.7,2.7,2.7,2.7,0
2012-09-04,2.7,2.7,2.7,2.7,0
2012-09-05,2.7,2.7,2.7,2.7,0
2012-09-06,2.7,2.7,2.7,2.7,0
2012-09-07,2.7,2.7,2.7,2.7,0
2012-09-10,2.7,2.7,2.7,2.7,0
2012-09-11,2.7,2.7,2.7,2.7,0
2012-09-12,2.7,2.7,2.7,2.7,0
2012-09-13,2.7,2.7,2.7,2.7,0
2012-09-14,2.7,2.7,2.7,2.7,0
2012-09-17,2.7,2.7,2.7,2.7,0
2012-09-18,2.5,2.5,2.5,2.5,5000
2012-09-19,2.3,2.3,2.3,2.3,5000
2012-09-20,2.2,2.2,2.2,2.2,5000
2012-09-21,2.2,2.2,2.2,2.2,0
2012-09-24,2.2,2.2,2.2,2.2,0
2012-09-25,2.2,2.2,2.2,2.2,0
2012-09-26,2.2,2.2,2.2,2.2,0
2012-09-27,2.2,2.2,2.2,2.2,0
2012-09-28,2.2,2.2,2.2,2.2,0
2012-10-01,2.2,2.2,2.2,2.2,0
2012-10-02,2.2,2.2,2.2,2.2,0
2012-10-03,2.2,2.2,2.2,2.2,0
2012-10-04,2.2,2.2,2.2,2.2,0
2012-10-05,2.2,2.2,2.2,2.2,0
2012-10-08,2.2,2.2,2.2,2.2,0
2012-10-09,2.2,2.2,2.2,2.2,0
2012-10-10,2.2,2.2,2.2,2.2,0
2012-10-11,2.2,2.2,2.2,2.2,0
2012-10-12,2.2,2.2,2.2,2.2,0
2012-10-15,2.2,2.2,2.2,2.2,0
2012-10-16,2.2,2.2,2.2,2.2,0
2012-10-17,2.2,2.2,2.2,2.2,0
2012-10-18,2.2,2.2,2.2,2.2,0
2012-10-19,2.2,2.2,2.2,2.2,0
2012-10-22,2.2,2.2,2.2,2.2,0
2012-10-23,2.2,2.2,2.2,2.2,0
2012-10-24,2.2,2.2,2.2,2.2,0
2012-10-25,2.2,2.2,2.2,2.2,0
2012-10-26,2.2,2.2,2.2,2.2,0
2012-10-29,2.2,2.2,2.2,2.2,0
2012-10-30,2.2,2.2,2.2,2.2,0
2012-10-31,2.2,2.2,2.2,2.2,0
2012-11-01,2.2,2.2,2.2,2.2,0
2012-11-02,2.2,2.2,2.2,2.2,0
2012-11-05,2.2,2.2,2.2,2.2,0
2012-11-06,2.2,2.2,2.2,2.2,0
2012-11-07,2.2,2.2,2.2,2.2,0
2012-11-08,2.2,2.2,2.2,2.2,0
2012-11-09,2.2,2.2,2.2,2.2,0
2012-11-12,2.2,2.2,2.2,2.2,0
2012-11-13,2.2,2.2,2.2,2.2,0
2012-11-14,2.2,2.2,2.2,2.2,0
2012-11-15,2.2,2.2,2.2,2.2,0
2012-11-16,2.2,2.2,2.2,2.2,0
2012-11-19,2.2,2.2,2.2,2.2,0
2012-11-20,2.2,2.2,2.2,2.2,0
2012-11-21,2.2,2.2,2.2,2.2,0
2012-11-22,2.2,2.2,2.2,2.2,0
2012-11-23,2.2,2.2,2.2,2.2,0
2012-11-26,2.2,2.2,2.2,2.2,0
2012-11-27,2.2,2.2,2.2,2.2,0
2012-11-28,2.2,2.2,2.2,2.2,0
2012-11-29,2.2,2.2,2.2,2.2,0
2012-11-30,2.2,2.2,2.2,2.2,0
2012-12-03,2.2,2.2,2.2,2.2,0
2012-12-04,2.2,2.2,2.2,2.2,0
2012-12-05,2.2,2.2,2.2,2.2,0
2012-12-06,2.2,2.2,2.2,2.2,0
2012-12-07,2.2,2.2,2.2,2.2,0
2012-12-10,2.2,2.2,2.2,2.2,0
2012-12-11,2.2,2.2,2.2,2.2,0
2012-12-12,2.2,2.2,2.2,2.2,0
2012-12-13,2.2,2.2,2.2,2.2,0
2012-12-14,2.2,2.2,2.2,2.2,0
2012-12-17,2.2,2.2,2.2,2.2,0
2012-12-18,2.2,2.2,2.2,2.2,0
2012-12-19,2.2,2.2,2.2,2.2,0
2012-12-20,2.2,2.2,2.2,2.2,0
2012-12-21,2.2,2.2,2.2,2.2,0
2012-12-24,2.2,2.2,2.2,2.2,0
2012-12-25,2.2,2.2,2.2,2.2,0
2012-12-26,2.2,2.2,2.2,2.2,0
2012-12-27,2.2,2.2,2.2,2.2,0
2012-12-28,2.2,2.2,2.2,2.2,0
2013-01-02,2.2,2.2,2.2,2.2,0
2013-01-03,2.2,2.2,2.2,2.2,0
2013-01-04,2.2,2.2,2.2,2.2,0
2013-01-07,2.2,2.2,2.2,2.2,0
2013-01-08,2.2,2.2,2.2,2.2,0
2013-01-09,2.2,2.2,2.2,2.2,0
2013-01-10,2.2,2.2,2.2,2.2,0
2013-01-11,2.2,2.2,2.2,2.2,0
2013-01-14,2.2,2.2,2.2,2.2,100
2013-01-15,2.2,2.2,2.2,2.2,0
2013-01-16,2.2,2.2,2.2,2.2,0
2013-01-17,2.2,2.2,2.2,2.2,0
2013-01-18,2.2,2.2,2.2,2.2,0
2013-01-21,2.2,2.2,2.2,2.2,0
2013-01-22,2.2,2.2,2.2,2.2,0
2013-01-23,2.2,2.2,2.2,2.2,0
2013-01-24,2.2,2.2,2.2,2.2,0
2013-01-25,2.2,2.2,2.2,2.2,0
2013-01-28,2.2,2.2,2.2,2.2,0
2013-01-29,2.2,2.2,2.2,2.2,0
2013-01-30,2.2,2.2,2.2,2.2,0
2013-01-31,2.2,2.2,2.2,2.2,0
2013-02-01,2.2,2.2,2.2,2.2,0
2013-02-04,2.2,2.2,2.2,2.2,0
2013-02-05,2.2,2.2,2.2,2.2,0
2013-02-06,2.2,2.2,2.2,2.2,0
2013-02-07,2.2,2.2,2.2,2.2,0
2013-02-08,2.2,2.2,2.2,2.2,0
2013-02-18,2.2,2.2,2.2,2.2,0
2013-02-19,2.2,2.2,2.2,2.2,0
2013-02-20,2.2,2.2,2.2,2.2,0
2013-02-21,2.2,2.2,2.2,2.2,0
2013-02-22,2.2,2.2,2.2,2.2,0
2013-02-25,2.2,2.2,2.2,2.2,0
2013-02-26,2.2,2.2,2.2,2.2,0
2013-02-27,2.2,2.2,2.2,2.2,0
2013-02-28,2.2,2.2,2.2,2.2,0
2013-03-01,2.2,2.2,2.2,2.2,0
2013-03-04,2.2,2.2,2.2,2.2,0
2013-03-05,2.2,2.2,2.2,2.2,0
2013-03-06,2.2,2.2,2.2,2.2,0
2013-03-07,2.2,2.2,2.2,2.2,0
2013-03-08,2.2,2.2,2.2,2.2,0
2013-03-11,2.2,2.2,2.2,2.2,0
2013-03-12,2.2,2.2,2.2,2.2,0
2013-03-13,2.2,2.2,2.2,2.2,0
2013-03-14,2.2,2.2,2.2,2.2,0
2013-03-15,2.2,2.2,2.2,2.2,0
2013-03-18,2.2,2.2,2.2,2.2,0
2013-03-19,2.2,2.2,2.2,2.2,0
2013-03-20,2.2,2.2,2.2,2.2,0
2013-03-21,2.2,2.2,2.2,2.2,0
2013-03-22,2.2,2.2,2.2,2.2,0
2013-03-25,2.2,2.2,2.2,2.2,0
2013-03-26,2.2,2.2,2.2,2.2,0
2013-03-27,2.2,2.2,2.2,2.2,0
2013-03-28,2.2,2.2,2.2,2.2,0
2013-03-29,2.2,2.2,2.2,2.2,0
2013-04-01,2.2,2.2,2.2,2.2,0
2013-04-02,2.2,2.2,2.2,2.2,0
2013-04-03,2.2,2.2,2.2,2.2,0
2013-04-04,2.2,2.2,2.2,2.2,0
2013-04-05,2.2,2.2,2.2,2.2,0
2013-04-08,2.2,2.2,2.2,2.2,0
2013-04-09,2.2,2.2,2.2,2.2,0
2013-04-10,2.2,2.2,2.2,2.2,0
2013-04-11,2.2,2.2,2.2,2.2,0
2013-04-12,2.2,2.2,2.2,2.2,0
2013-04-15,2.2,2.2,2.2,2.2,0
2013-04-16,2.2,2.2,2.2,2.2,0
2013-04-17,2.2,2.2,2.2,2.2,0
2013-04-18,2.2,2.2,2.2,2.2,0
2013-04-22,2.2,2.2,2.2,2.2,0
2013-04-23,2.2,2.2,2.2,2.2,0
2013-04-24,2.2,2.2,2.2,2.2,0
2013-04-25,2.2,2.2,2.2,2.2,0
2013-04-26,2.2,2.2,2.2,2.2,0
2013-05-02,2.2,2.2,2.2,2.2,0
2013-05-03,2.2,2.2,2.2,2.2,0
2013-05-06,2.2,2.2,2.2,2.2,0
2013-05-07,2.2,2.2,2.2,2.2,0
2013-05-08,2.2,2.2,2.2,2.2,0
2013-05-09,2.2,2.2,2.2,2.2,0
2013-05-10,2.2,2.2,2.2,2.2,0
2013-05-13,2.2,2.2,2.2,2.2,0
2013-05-14,2.2,2.2,2.2,2.2,0
2013-05-15,2.2,2.2,2.2,2.2,0
2013-05-16,2.2,2.2,2.2,2.2,0
2013-05-17,2.2,2.2,2.2,2.2,0
2013-05-20,2.2,2.2,2.2,2.2,0
2013-05-21,2.2,2.2,2.2,2.2,0
2013-05-22,2.2,2.2,2.2,2.2,0
2013-05-23,2.2,2.2,2.2,2.2,0
2013-05-24,2.2,2.2,2.2,2.2,0
2013-05-27,2.2,2.2,2.2,2.2,0
2013-05-28,2.2,2.2,2.2,2.2,0
2013-05-29,2.2,2.2,2.2,2.2,0
2013-05-30,2.2,2.2,2.2,2.2,0
2013-05-31,2.2,2.2,2.2,2.2,0
2013-06-03,2.2,2.2,2.2,2.2,0
2013-06-04,2.2,2.2,2.2,2.2,0
2013-06-05,2.2,2.2,2.2,2.2,0
2013-06-06,2.2,2.2,2.2,2.2,0
2013-06-07,2.2,2.2,2.2,2.2,0
2013-06-10,2.2,2.2,2.2,2.2,0
2013-06-11,2.2,2.2,2.2,2.2,0
2013-06-12,2.2,2.2,2.2,2.2,0
2013-06-13,2.2,2.2,2.2,2.2,0
2013-06-14,2.2,2.2,2.2,2.2,0
2013-06-17,2.2,2.2,2.2,2.2,0
2013-06-18,2.2,2.2,2.2,2.2,0
2013-06-19,2.2,2.2,2.2,2.2,0
2013-06-20,2.2,2.2,2.2,2.2,0
2013-06-21,2.2,2.2,2.2,2.2,0
2013-06-24,2.2,2.2,2.2,2.2,0
2013-06-25,2.2,2.2,2.2,2.2,0
2013-06-26,2.2,2.2,2.2,2.2,0
2013-06-27,2.2,2.2,2.2,2.2,0
2013-06-28,2.2,2.2,2.2,2.2,0
2013-07-01,2.2,2.2,2.2,2.2,0
2013-07-02,2.2,2.2,2.2,2.2,0
2013-07-03,2.2,2.2,2.2,2.2,0
2013-07-04,2.2,2.2,2.2,2.2,0
2013-07-05,2.2,2.2,2.2,2.2,0
2013-07-08,2.2,2.2,2.2,2.2,0
2013-07-09,2.2,2.2,2.2,2.2,0
2013-07-10,2.2,2.2,2.2,2.2,0
2013-07-11,2.2,2.2,2.2,2.2,0
2013-07-12,2.2,2.2,2.2,2.2,0
2013-07-15,2.2,2.2,2.2,2.2,0
2013-07-16,2.2,2.2,2.2,2.2,0
2013-07-17,2.2,2.2,2.2,2.2,0
2013-07-18,2.2,2.2,2.2,2.2,0
2013-07-19,2.2,2.2,2.2,2.2,0
2013-07-22,2.2,2.2,2.2,2.2,0
2013-07-23,2.2,2.2,2.2,2.2,0
2013-07-24,2.2,2.2,2.2,2.2,0
2013-07-25,2.2,2.2,2.2,2.2,0
2013-07-26,2.2,2.2,2.2,2.2,0
2013-07-29,2.2,2.2,2.2,2.2,0
2013-07-30,2.2,2.2,2.2,2.2,0
2013-07-31,2.2,2.2,2.2,2.2,0
2013-08-01,2.2,2.2,2.2,2.2,0
2013-08-02,2.2,2.2,2.2,2.2,0
2013-08-05,2.2,2.2,2.2,2.2,0
2013-08-06,2.2,2.2,2.2,2.2,0
2013-08-07,2.2,2.2,2.2,2.2,0
2013-08-08,2.2,2.2,2.2,2.2,0
2013-08-09,2.2,2.2,2.2,2.2,0
2013-08-12,2.2,2.2,2.2,2.2,0
2013-08-13,2.2,2.2,2.2,2.2,0
2013-08-14,2.2,2.2,2.2,2.2,0
2013-08-15,2.2,2.2,2.2,2.2,0
2013-08-16,2.2,2.2,2.2,2.2,0
2013-08-19,2.2,2.2,2.2,2.2,0
2013-08-20,2.2,2.2,2.2,2.2,0
2013-08-21,2.2,2.2,2.2,2.2,0
2013-08-22,2.2,2.2,2.2,2.2,0
2013-08-23,2.2,2.2,2.2,2.2,0
2013-08-26,2.2,2.2,2.2,2.2,0
2013-08-27,2.2,2.2,2.2,2.2,0
2013-08-28,2.2,2.2,2.2,2.2,0
2013-08-29,2.2,2.2,2.2,2.2,0
2013-08-30,2.2,2.2,2.2,2.2,0
2013-09-03,2.2,2.2,2.2,2.2,0
2013-09-04,2.2,2.2,2.2,2.2,0
2013-09-05,2.2,2.2,2.2,2.2,0
2013-09-06,2.2,2.2,2.2,2.2,0
2013-09-09,2.2,2.2,2.2,2.2,0
2013-09-10,2.2,2.2,2.2,2.2,0
2013-09-11,2.2,2.2,2.2,2.2,0
2013-09-12,2.2,2.2,2.2,2.2,0
2013-09-13,2.2,2.2,2.2,2.2,0
2013-09-16,2.2,2.2,2.2,2.2,0
2013-09-17,2.2,2.2,2.2,2.2,0
2013-09-18,2.2,2.2,2.2,2.2,0
2013-09-19,2.2,2.2,2.2,2.2,0
2013-09-20,2.2,2.2,2.2,2.2,0
2013-09-23,2.2,2.2,2.2,2.2,0
2013-09-24,2.2,2.2,2.2,2.2,0
2013-09-25,2.2,2.2,2.2,2.2,0
2013-09-26,2.2,2.2,2.2,2.2,0
2013-09-27,2.2,2.2,2.2,2.2,0
2013-09-30,2.2,2.2,2.2,2.2,0
2013-10-01,2.2,2.2,2.2,2.2,0
2013-10-02,2.2,2.2,2.2,2.2,0
2013-10-03,2.2,2.2,2.2,2.2,0
2013-10-04,2.2,2.2,2.2,2.2,0
2013-10-07,2.2,2.2,2.2,2.2,0
2013-10-08,2.2,2.2,2.2,2.2,0
2013-10-09,2.2,2.2,2.2,2.2,0
2013-10-10,2.2,2.2,2.2,2.2,0
2013-10-11,2.2,2.2,2.2,2.2,0
2013-10-14,2.2,2.2,2.2,2.2,0
2013-10-15,2.2,2.2,2.2,2.2,0
2013-10-16,2.2,2.2,2.2,2.2,0
2013-10-17,2.2,2.2,2.2,2.2,0
2013-10-18,2.2,2.2,2.2,2.2,0
2013-10-21,2.2,2.2,2.2,2.2,0
2013-10-22,2.2,2.2,2.2,2.2,0
2013-10-23,2.2,2.2,2.2,2.2,0
2013-10-24,2.2,2.2,2.2,2.2,0
2013-10-25,2.2,2.2,2.2,2.2,0
2013-10-28,2.2,2.2,2.2,2.2,0
2013-10-29,2.2,2.2,2.2,2.2,0
2013-10-30,2.2,2.2,2.2,2.2,0
2013-10-31,2.2,2.2,2.2,2.2,0
2013-11-01,2.2,2.2,2.2,2.2,0
2013-11-04,2.2,2.2,2.2,2.2,0
2013-11-05,2.2,2.2,2.2,2.2,0
2013-11-06,2.2,2.2,2.2,2.2,0
2013-11-07,2.2,2.2,2.2,2.2,0
2013-11-08,2.2,2.2,2.2,2.2,0
2013-11-11,2.2,2.2,2.2,2.2,0
2013-11-12,2.2,2.2,2.2,2.2,0
2013-11-13,2.2,2.2,2.2,2.2,0
2013-11-14,2.2,2.2,2.2,2.2,0
2013-11-15,2.2,2.2,2.2,2.2,0
2013-11-18,2.2,2.2,2.2,2.2,0
2013-11-19,2.2,2.2,2.2,2.2,0
2013-11-20,2.2,2.2,2.2,2.2,0
2013-11-21,2.2,2.2,2.2,2.2,0
2013-11-22,2.2,2.2,2.2,2.2,0
2013-11-25,2.2,2.2,2.2,2.2,0
2013-11-26,2.2,2.2,2.2,2.2,0
2013-11-27,2.2,2.2,2.2,2.2,0
2013-11-28,2.2,2.2,2.2,2.2,0
2013-11-29,2.2,2.2,2.2,2.2,0
2013-12-02,2.2,2.2,2.2,2.2,0
2013-12-03,2.2,2.2,2.2,2.2,0
2013-12-04,2.2,2.2,2.2,2.2,0
2013-12-05,2.2,2.2,2.2,2.2,0
2013-12-06,2.2,2.2,2.2,2.2,0
2013-12-09,2.2,2.2,2.2,2.2,0
2013-12-10,2.2,2.2,2.2,2.2,0
2013-12-11,2.2,2.2,2.2,2.2,0
2013-12-12,2.2,2.2,2.2,2.2,0
2013-12-13,2.2,2.2,2.2,2.2,0
2013-12-16,2.2,2.2,2.2,2.2,0
2013-12-17,2.2,2.2,2.2,2.2,0
2013-12-18,2.2,2.2,2.2,2.2,0
2013-12-19,2.2,2.2,2.2,2.2,0
2013-12-20,2.2,2.2,2.2,2.2,0
2013-12-23,2.2,2.2,2.2,2.2,0
2013-12-24,2.2,2.2,2.2,2.2,0
2013-12-25,2.2,2.2,2.2,2.2,0
2013-12-26,2.2,2.2,2.2,2.2,0
2013-12-27,2.2,2.2,2.2,2.2,0
2013-12-30,2.2,2.2,2.2,2.2,0
2013-12-31,2.2,2.2,2.2,2.2,0
2014-01-02,2.2,2.2,2.2,2.2,0
2014-01-03,2.2,2.2,2.2,2.2,0
2014-01-06,2.2,2.2,2.2,2.2,0
2014-01-07,2.2,2.2,2.2,2.2,0
2014-01-08,2.2,2.2,2.2,2.2,0
2014-01-09,2.2,2.2,2.2,2.2,0
2014-01-10,2.2,2.2,2.2,2.2,0
2014-01-13,2.2,2.2,2.2,2.2,0
2014-01-14,2.2,2.2,2.2,2.2,0
2014-01-15,2.2,2.2,2.2,2.2,0
2014-01-16,2.2,2.2,2.2,2.2,0
2014-01-17,2.2,2.2,2.2,2.2,0
2014-01-20,2.2,2.2,2.2,2.2,0
2014-01-21,2.2,2.2,2.2,2.2,0
2014-01-22,2.2,2.2,2.2,2.2,0
2014-01-23,2.2,2.2,2.2,2.2,0
2014-01-24,2.2,2.2,2.2,2.2,0
2014-01-27,2.2,2.2,2.2,2.2,0
2014-02-06,2.2,2.2,2.2,2.2,0
2014-02-07,2.2,2.2,2.2,2.2,0
2014-02-10,2.2,2.2,2.2,2.2,0
2014-02-11,2.2,2.2,2.2,2.2,0
2014-02-12,2.2,2.2,2.2,2.2,0
2014-02-13,2.2,2.2,2.2,2.2,0
2014-02-14,2.2,2.2,2.2,2.2,0
2014-02-17,2.2,2.2,2.2,2.2,0
2014-02-18,2.2,2.2,2.2,2.2,0
2014-02-19,2.2,2.2,2.2,2.2,0
2014-02-20,2.2,2.2,2.2,2.2,0
2014-02-21,2.2,2.2,2.2,2.2,0
2014-02-24,2.2,2.2,2.2,2.2,0
2014-02-25,2.2,2.2,2.2,2.2,0
2014-02-26,2.2,2.2,2.2,2.2,0
2014-02-27,2.2,2.2,2.2,2.2,0
2014-02-28,2.2,2.2,2.2,2.2,0
2014-03-03,2.2,2.2,2.2,2.2,0
2014-03-04,2.2,2.2,2.2,2.2,0
2014-03-05,2.2,2.2,2.2,2.2,0
2014-03-06,2.2,2.2,2.2,2.2,0
2014-03-07,2.2,2.2,2.2,2.2,0
2014-03-10,2.2,2.2,2.2,2.2,0
2014-03-11,2.2,2.2,2.2,2.2,0
2014-03-12,2.2,2.2,2.2,2.2,0
2014-03-13,2.2,2.2,2.2,2.2,0
2014-03-14,2.2,2.2,2.2,2.2,0
2014-03-17,2.2,2.2,2.2,2.2,0
2014-03-18,2.2,2.2,2.2,2.2,0
2014-03-19,2.2,2.2,2.2,2.2,0
2014-03-20,2.2,2.2,2.2,2.2,0
2014-03-21,2.2,2.2,2.2,2.2,0
2014-03-24,2.2,2.2,2.2,2.2,0
2014-03-25,2.2,2.2,2.2,2.2,0
2014-03-26,2.2,2.2,2.2,2.2,0
2014-03-27,2.2,2.2,2.2,2.2,0
2014-03-28,2.2,2.2,2.2,2.2,0
2014-03-31,2.2,2.2,2.2,2.2,0
2014-04-01,2.2,2.2,2.2,2.2,0
2014-04-02,2.2,2.2,2.2,2.2,0
2014-04-03,2.2,2.2,2.2,2.2,0
2014-04-04,2.2,2.2,2.2,2.2,0
2014-04-07,2.2,2.2,2.2,2.2,0
2014-04-08,2.2,2.2,2.2,2.2,0
2014-04-10,2.2,2.2,2.2,2.2,0
2014-04-11,2.2,2.2,2.2,2.2,0
2014-04-14,2.2,2.2,2.2,2.2,0
2014-04-15,2.2,2.2,2.2,2.2,0
2014-04-16,2.2,2.2,2.2,2.2,0
2014-04-17,2.2,2.2,2.2,2.2,0
2014-04-18,2.2,2.2,2.2,2.2,0
2014-04-21,2.2,2.2,2.2,2.2,0
2014-04-22,2.2,2.2,2.2,2.2,0
2014-04-23,2.2,2.2,2.2,2.2,0
2014-04-24,2.2,2.2,2.2,2.2,0
2014-04-25,2.2,2.2,2.2,2.2,0
2014-04-28,2.2,2.2,2.2,2.2,0
2014-04-29,2.2,2.2,2.2,2.2,0
2014-05-05,2.2,2.2,2.2,2.2,0
2014-05-06,2.2,2.2,2.2,2.2,0
2014-05-07,2.2,2.2,2.2,2.2,0
2014-05-08,2.2,2.2,2.2,2.2,0
2014-05-09,2.2,2.2,2.2,2.2,0
2014-05-12,2.2,2.2,2.2,2.2,0
2014-05-13,2.2,2.2,2.2,2.2,0
2014-05-14,2.2,2.2,2.2,2.2,0
2014-05-15,2.2,2.2,2.2,2.2,0
2014-05-16,2.2,2.2,2.2,2.2,0
2014-05-19,2.2,2.2,2.2,2.2,0
2014-05-20,2.2,2.2,2.2,2.2,0
2014-05-21,2.2,2.2,2.2,2.2,0
2014-05-22,2.2,2.2,2.2,2.2,0
2014-05-23,2.2,2.2,2.2,2.2,0
2014-05-26,2.2,2.2,2.2,2.2,0
2014-05-27,2.2,2.2,2.2,2.2,0
2014-05-28,2.2,2.2,2.2,2.2,0
2014-05-29,2.2,2.2,2.2,2.2,0
2014-05-30,2.2,2.2,2.2,2.2,0
2014-06-02,2.2,2.2,2.2,2.2,0
2014-06-03,2.2,2.2,2.2,2.2,0
2014-06-04,2.2,2.2,2.2,2.2,0
2014-06-05,2.2,2.2,2.2,2.2,0
2014-06-06,2.2,2.2,2.2,2.2,0
2014-06-09,2.2,2.2,2.2,2.2,0
2014-06-10,2.2,2.2,2.2,2.2,0
2014-06-11,2.2,2.2,2.2,2.2,0
2014-06-12,2.2,2.2,2.2,2.2,0
2014-06-13,2.2,2.2,2.2,2.2,0
2014-06-16,2.2,2.2,2.2,2.2,0
2014-06-17,2.2,2.2,2.2,2.2,0
2014-06-18,2.2,2.2,2.2,2.2,0
2014-06-19,2.2,2.2,2.2,2.2,0
2014-06-20,2.2,2.2,2.2,2.2,0
2014-06-23,2.2,2.2,2.2,2.2,0
2014-06-24,2.2,2.2,2.2,2.2,0
2014-06-25,2.2,2.2,2.2,2.2,0
2014-06-26,2.2,2.2,2.2,2.2,0
2014-06-27,2.2,2.2,2.2,2.2,0
2014-06-30,2.2,2.2,2.2,2.2,0
2014-07-01,2.2,2.2,2.2,2.2,0
2014-07-02,2.2,2.2,2.2,2.2,0
2014-07-03,2.2,2.2,2.2,2.2,0
2014-07-04,2.2,2.2,2.2,2.2,0
2014-07-07,2.2,2.2,2.2,2.2,0
2014-07-08,2.2,2.2,2.2,2.2,0
2014-07-09,2.2,2.2,2.2,2.2,0
2014-07-10,2.2,2.2,2.2,2.2,0
2014-07-11,2.2,2.2,2.2,2.2,0
2014-07-14,2.2,2.2,2.2,2.2,0
2014-07-15,2.2,2.2,2.2,2.2,0
2014-07-16,2.2,2.2,2.2,2.2,0
2014-07-17,2.2,2.2,2.2,2.2,0
2014-07-18,2.2,2.2,2.2,2.2,0
2014-07-21,2.2,2.2,2.2,2.2,0
2014-07-22,2.2,2.2,2.2,2.2,0
2014-07-23,2.2,2.2,2.2,2.2,0
2014-07-24,2.2,2.2,2.2,2.2,0
2014-07-25,2.2,2.2,2.2,2.2,0
2014-07-28,2.2,2.2,2.2,2.2,0
2014-07-29,2.2,2.2,2.2,2.2,0
2014-07-30,2.2,2.2,2.2,2.2,0
2014-07-31,2.2,2.2,2.2,2.2,0
2014-08-01,2.2,2.2,2.2,2.2,0
2014-08-04,2.2,2.2,2.2,2.2,0
2014-08-05,2.2,2.2,2.2,2.2,0
2014-08-06,2.2,2.2,2.2,2.2,0
2014-08-07,2.2,2.2,2.2,2.2,0
2014-08-08,2.2,2.2,2.2,2.2,0
2014-08-11,2.2,2.2,2.2,2.2,0
2014-08-12,2.2,2.2,2.2,2.2,0
2014-08-13,2.2,2.2,2.2,2.2,0
2014-08-14,2.2,2.2,2.2,2.2,0
2014-08-15,2.2,2.2,2.2,2.2,0
2014-08-18,2.2,2.2,2.2,2.2,0
2014-08-19,2.2,2.2,2.2,2.2,0
2014-08-20,2.2,2.2,2.2,2.2,0
2014-08-21,2.2,2.2,2.2,2.2,0
2014-08-22,2.2,2.2,2.2,2.2,0
2014-08-25,2.2,2.2,2.2,2.2,0
2014-08-26,2.2,2.2,2.2,2.2,0
2014-08-27,2.2,2.2,2.2,2.2,0
2014-08-28,2.2,2.2,2.2,2.2,0
2014-08-29,2.2,2.2,2.2,2.2,0
2014-09-03,2.2,2.2,2.2,2.2,0
2014-09-04,2.2,2.2,2.2,2.2,0
2014-09-05,2.2,2.2,2.2,2.2,0
2014-09-08,2.2,2.2,2.2,2.2,0
2014-09-09,2.2,2.2,2.2,2.2,0
2014-09-10,2.2,2.2,2.2,2.2,0
2014-09-11,2.2,2.2,2.2,2.2,0
2014-09-12,2.2,2.2,2.2,2.2,0
2014-09-15,2.2,2.2,2.2,2.2,0
2014-09-16,2.2,2.2,2.2,2.2,0
2014-09-17,2.2,2.2,2.2,2.2,0
2014-09-18,2.2,2.2,2.2,2.2,0
2014-09-19,2.2,2.2,2.2,2.2,0
2014-09-22,2.2,2.2,2.2,2.2,0
2014-09-23,2.2,2.2,2.2,2.2,0
2014-09-24,2.2,2.2,2.2,2.2,0
2014-09-25,2.2,2.2,2.2,2.2,0
2014-09-26,2.2,2.2,2.2,2.2,0
2014-09-29,2.2,2.2,2.2,2.2,0
2014-09-30,2.2,2.2,2.2,2.2,0
2014-10-01,2.2,2.2,2.2,2.2,0
2014-10-02,2.2,2.2,2.2,2.2,0
2014-10-03,2.2,2.2,2.2,2.2,0
2014-10-06,2.2,2.2,2.2,2.2,0
2014-10-07,2.2,2.2,2.2,2.2,0
2014-10-08,2.2,2.2,2.2,2.2,0
2014-10-09,2.2,2.2,2.2,2.2,0
2014-10-10,2.2,2.2,2.2,2.2,0
2014-10-13,2.2,2.2,2.2,2.2,0
2014-10-14,2.2,2.2,2.2,2.2,0
2014-10-15,2.2,2.2,2.2,2.2,0
2014-10-16,2.2,2.2,2.2,2.2,0
2014-10-17,2.2,2.2,2.2,2.2,0
2014-10-20,2.2,2.2,2.2,2.2,0
2014-10-21,2.2,2.2,2.2,2.2,0
2014-10-22,2.2,2.2,2.2,2.2,0
2014-10-23,2.2,2.2,2.2,2.2,0
2014-10-24,2.2,2.2,2.2,2.2,0
2014-10-27,2.2,2.2,2.2,2.2,0
2014-10-28,2.2,2.2,2.2,2.2,0
2014-10-29,2.2,2.2,2.2,2.2,0
2014-10-30,2.2,2.2,2.2,2.2,0
2014-10-31,2.2,2.2,2.2,2.2,0
2014-11-03,2.2,2.2,2.2,2.2,0
2014-11-04,2.2,2.2,2.2,2.2,0
2014-11-05,2.2,2.2,2.2,2.2,0
2014-11-06,2.2,2.2,2.2,2.2,0
2014-11-07,2.2,2.2,2.2,2.2,0
2014-11-10,2.2,2.2,2.2,2.2,0
2014-11-11,2.2,2.2,2.2,2.2,0
2014-11-12,2.2,2.2,2.2,2.2,0
2014-11-13,2.2,2.2,2.2,2.2,0
2014-11-14,2.2,2.2,2.2,2.2,0
2014-11-17,2.2,2.2,2.2,2.2,0
2014-11-18,2.2,2.2,2.2,2.2,0
2014-11-19,2.2,2.2,2.2,2.2,0
2014-11-20,2.2,2.2,2.2,2.2,0
2014-11-21,2.2,2.2,2.2,2.2,0
2014-11-24,2.2,2.2,2.2,2.2,0
2014-11-25,2.2,2.2,2.2,2.2,0
2014-11-26,2.2,2.2,2.2,2.2,0
2014-11-27,2.2,2.2,2.2,2.2,0
2014-11-28,2.2,2.2,2.2,2.2,0
2014-12-01,2.2,2.2,2.2,2.2,0
2014-12-02,2.2,2.2,2.2,2.2,0
2014-12-03,2.2,2.2,2.2,2.2,0
2014-12-04,2.2,2.2,2.2,2.2,0
2014-12-05,2.2,2.2,2.2,2.2,0
2014-12-08,2.2,2.2,2.2,2.2,0
2014-12-09,2.2,2.2,2.2,2.2,0
2014-12-10,2.2,2.2,2.2,2.2,0
2014-12-11,2.2,2.2,2.2,2.2,0
2014-12-12,2.2,2.2,2.2,2.2,0
2014-12-15,2.2,2.2,2.2,2.2,0
2014-12-16,2.2,2.2,2.2,2.2,0
2014-12-17,2.2,2.2,2.2,2.2,0
2014-12-18,2.2,2.2,2.2,2.2,0
2014-12-19,2.2,2.2,2.2,2.2,0
2014-12-22,2.2,2.2,2.2,2.2,0
2014-12-23,2.2,2.2,2.2,2.2,0
2014-12-24,2.2,2.2,2.2,2.2,0
2014-12-25,2.2,2.2,2.2,2.2,0
2014-12-26,2.2,2.2,2.2,2.2,0
2014-12-29,2.2,2.2,2.2,2.2,0
2014-12-30,2.2,2.2,2.2,2.2,0
2014-12-31,2.2,2.2,2.2,2.2,0
2015-01-05,2.2,2.2,2.2,2.2,0
2015-01-06,2.2,2.2,2.2,2.2,0
2015-01-07,2.2,2.2,2.2,2.2,0
2015-01-08,2.2,2.2,2.2,2.2,0
2015-01-09,2.2,2.2,2.2,2.2,0
2015-01-12,2.2,2.2,2.2,2.2,0
2015-01-13,2.2,2.2,2.2,2.2,0
2015-01-14,2.2,2.2,2.2,2.2,0
2015-01-15,2.2,2.2,2.2,2.2,0
2015-01-16,2.2,2.2,2.2,2.2,0
2015-01-19,2.2,2.2,2.2,2.2,0
2015-01-20,2.2,2.2,2.2,2.2,0
2015-01-21,2.2,2.2,2.2,2.2,0
2015-01-22,2.2,2.2,2.2,2.2,0
2015-01-23,2.2,2.2,2.2,2.2,0
2015-01-26,2.2,2.2,2.2,2.2,0
2015-01-27,2.2,2.2,2.2,2.2,0
2015-01-28,2.2,2.2,2.2,2.2,0
2015-01-29,2.2,2.2,2.2,2.2,0
2015-01-30,2.2,2.2,2.2,2.2,0
2015-02-02,2.2,2.2,2.2,2.2,0
2015-02-03,2.2,2.2,2.2,2.2,0
2015-02-04,2.2,2.2,2.2,2.2,0
2015-02-05,2.2,2.2,2.2,2.2,0
2015-02-06,2.2,2.2,2.2,2.2,0
2015-02-09,2.2,2.2,2.2,2.2,0
2015-02-10,2.2,2.2,2.2,2.2,0
2015-02-11,2.2,2.2,2.2,2.2,0
2015-02-12,2.2,2.2,2.2,2.2,0
2015-02-13,2.2,2.2,2.2,2.2,0
2015-02-24,2.2,2.2,2.2,2.2,0
2015-02-25,2.2,2.2,2.2,2.2,0
2015-02-26,2.2,2.2,2.2,2.2,0
2015-02-27,2.2,2.2,2.2,2.2,0
2015-03-02,2.2,2.2,2.2,2.2,0
2015-03-03,2.2,2.2,2.2,2.2,0
2015-03-04,2.2,2.2,2.2,2.2,0
2015-03-05,2.2,2.2,2.2,2.2,0
2015-03-06,2.2,2.2,2.2,2.2,0
2015-03-09,2.2,2.2,2.2,2.2,0
2015-03-10,2.2,2.2,2.2,2.2,0
2015-03-11,2.2,2.2,2.2,2.2,0
2015-03-12,2.2,2.2,2.2,2.2,0
2015-03-13,2.2,2.2,2.2,2.2,0
2015-03-16,2.2,2.2,2.2,2.2,0
2015-03-17,2.2,2.2,2.2,2.2,0
2015-03-18,2.2,2.2,2.2,2.2,0
2015-03-19,2.2,2.2,2.2,2.2,0
2015-03-20,2.2,2.2,2.2,2.2,0
2015-03-23,2.2,2.2,2.2,2.2,0
2015-03-24,2.2,2.2,2.2,2.2,0
2015-03-25,2.2,2.2,2.2,2.2,0
2015-03-26,2.2,2.2,2.2,2.2,0
2015-03-27,2.2,2.2,2.2,2.2,0
2015-03-30,2.2,2.2,2.2,2.2,0
2015-03-31,2.2,2.2,2.2,2.2,0
2015-04-01,2.2,2.2,2.2,2.2,0
2015-04-02,2.2,2.2,2.2,2.2,0
2015-04-03,2.2,2.2,2.2,2.2,0
2015-04-06,2.2,2.2,2.2,2.2,0
2015-04-07,2.2,2.2,2.2,2.2,0
2015-04-08,2.2,2.2,2.2,2.2,0
2015-04-09,2.2,2.2,2.2,2.2,0
2015-04-10,2.2,2.2,2.2,2.2,0
2015-04-13,2.2,2.2,2.2,2.2,0
2015-04-14,2.2,2.2,2.2,2.2,0
2015-04-15,2.2,2.2,2.2,2.2,0
2015-04-16,2.2,2.2,2.2,2.2,0
2015-04-17,2.2,2.2,2.2,2.2,0
2015-04-20,2.2,2.2,2.2,2.2,0
2015-04-21,2.2,2.2,2.2,2.2,0
2015-04-22,2.2,2.2,2.2,2.2,0
2015-04-23,2.2,2.2,2.2,2.2,0
2015-04-24,2.2,2.2,2.2,2.2,0
2015-04-27,2.2,2.2,2.2,2.2,0
2015-05-04,2.2,2.2,2.2,2.2,0
2015-05-05,2.2,2.2,2.2,2.2,0
2015-05-06,2.2,2.2,2.2,2.2,0
2015-05-07,2.2,2.2,2.2,2.2,0
2015-05-08,2.2,2.2,2.2,2.2,0
2015-05-11,2.2,2.2,2.2,2.2,0
2015-05-12,2.2,2.2,2.2,2.2,0
2015-05-13,2.2,2.2,2.2,2.2,0
2015-05-14,2.2,2.2,2.2,2.2,0
2015-05-15,2.2,2.2,2.2,2.2,0
2015-05-18,2.2,2.2,2.2,2.2,0
2015-05-19,2.2,2.2,2.2,2.2,0
2015-05-20,2.2,2.2,2.2,2.2,0
2015-05-21,2.2,2.2,2.2,2.2,0
2015-05-22,2.2,2.2,2.2,2.2,0
2015-05-25,2.2,2.2,2.2,2.2,0
2015-05-26,2.2,2.2,2.2,2.2,0
2015-05-27,2.2,2.2,2.2,2.2,0
2015-05-28,2.2,2.2,2.2,2.2,0
2015-05-29,2.2,2.2,2.2,2.2,0
2015-06-01,2.2,2.2,2.2,2.2,0
2015-06-02,2.2,2.2,2.2,2.2,0
2015-06-03,2.2,2.2,2.2,2.2,0
2015-06-04,2.2,2.2,2.2,2.2,0
2015-06-05,2.2,2.2,2.2,2.2,0
2015-06-08,2.2,2.2,2.2,2.2,0
2015-06-09,2.2,2.2,2.2,2.2,0
2015-06-10,2.2,2.2,2.2,2.2,0
2015-06-11,2.2,2.2,2.2,2.2,0
2015-06-12,2.2,2.2,2.2,2.2,0
2015-06-15,2.2,2.2,2.2,2.2,0
2015-06-16,2.2,2.2,2.2,2.2,0
2015-06-17,2.2,2.2,2.2,2.2,0
2015-06-18,2.2,2.2,2.2,2.2,0
2015-06-19,2.2,2.2,2.2,2.2,0
2015-06-22,2.2,2.2,2.2,2.2,0
2015-06-23,2.2,2.2,2.2,2.2,0
2015-06-24,2.2,2.2,2.2,2.2,0
2015-06-25,2.2,2.2,2.2,2.2,0
2015-06-26,2.2,2.2,2.2,2.2,0
2015-06-29,2.2,2.2,2.2,2.2,0
2015-06-30,2.2,2.2,2.2,2.2,0
2015-07-01,2.2,2.2,2.2,2.2,0
2015-07-02,2.2,2.2,2.2,2.2,0
2015-07-03,2.2,2.2,2.2,2.2,0
2015-07-06,2.2,2.2,2.2,2.2,0
2015-07-07,2.2,2.2,2.2,2.2,0
2015-07-08,2.2,2.2,2.2,2.2,0
2015-07-09,2.2,2.2,2.2,2.2,0
2015-07-10,2.2,2.2,2.2,2.2,0
2015-07-13,2.2,2.2,2.2,2.2,0
2015-07-14,2.2,2.2,2.2,2.2,0
2015-07-15,2.2,2.2,2.2,2.2,0
2015-07-16,2.2,2.2,2.2,2.2,0
2015-07-17,2.2,2.2,2.2,2.2,0
2015-07-20,2.2,2.2,2.2,2.2,0
2015-07-21,2.2,2.2,2.2,2.2,0
2015-07-22,2.2,2.2,2.2,2.2,0
2015-07-23,2.2,2.2,2.2,2.2,0
2015-07-24,2.2,2.2,2.2,2.2,0
2015-07-27,2.2,2.2,2.2,2.2,0
2015-07-28,2.2,2.2,2.2,2.2,0
2015-07-29,2.2,2.2,2.2,2.2,0
2015-07-30,2.2,2.2,2.2,2.2,0
2015-07-31,2.2,2.2,2.2,2.2,0
2015-08-03,1.4,1.4,1.4,1.4,7000
2015-08-04,1.4,1.4,1.4,1.4,0
2015-08-05,1.4,1.4,1.4,1.4,0
2015-08-06,1.4,1.4,1.4,1.4,0
2015-08-07,1.4,1.4,1.4,1.4,0
2015-08-10,1.4,1.4,1.4,1.4,0
2015-08-11,1.4,1.4,1.4,1.4,0
2015-08-12,1.4,1.4,1.4,1.4,0
2015-08-13,1.4,1.4,1.4,1.4,0
2015-08-14,1.4,1.4,1.4,1.4,0
2015-08-17,1.4,1.4,1.4,1.4,0
2015-08-18,1.4,1.4,1.4,1.4,0
2015-08-19,1.4,1.4,1.4,1.4,0
2015-08-20,1.4,1.4,1.4,1.4,0
2015-08-21,1.4,1.4,1.4,1.4,0
2015-08-24,1.4,1.4,1.4,1.4,0
2015-08-25,1.4,1.4,1.4,1.4,0
2015-08-26,1.4,1.4,1.4,1.4,0
2015-08-27,1.4,1.4,1.4,1.4,0
2015-08-28,1.4,1.4,1.4,1.4,0
2015-08-31,1.4,1.4,1.4,1.4,0
2015-09-01,1.4,1.4,1.4,1.4,0
2015-09-03,1.4,1.4,1.4,1.4,0
2015-09-04,1.4,1.4,1.4,1.4,0
2015-09-07,1.4,1.4,1.4,1.4,0
2015-09-08,1.4,1.4,1.4,1.4,0
2015-09-09,1.4,1.4,1.4,1.4,0
2015-09-10,1.4,1.4,1.4,1.4,0
2015-09-11,1.4,1.4,1.4,1.4,0
2015-09-14,1.4,1.4,1.4,1.4,0
2015-09-15,1.4,1.4,1.4,1.4,0
2015-09-16,1.4,1.4,1.4,1.4,0
2015-09-17,1.4,1.4,1.4,1.4,0
2015-09-18,1.4,1.4,1.4,1.4,0
2015-09-21,1.4,1.4,1.4,1.4,0
2015-09-22,1.4,1.4,1.4,1.4,0
2015-09-23,1.4,1.4,1.4,1.4,0
2015-09-24,1.4,1.4,1.4,1.4,0
2015-09-25,1.4,1.4,1.4,1.4,0
2015-09-28,1.4,1.4,1.4,1.4,0
2015-09-29,1.4,1.4,1.4,1.4,0
2015-09-30,1.4,1.4,1.4,1.4,0
2015-10-01,1.4,1.4,1.4,1.4,0
2015-10-02,1.4,1.4,1.4,1.4,0
2015-10-05,1.4,1.4,1.4,1.4,0
2015-10-06,1.4,1.4,1.4,1.4,0
2015-10-07,1.4,1.4,1.4,1.4,0
2015-10-08,1.4,1.4,1.4,1.4,0
2015-10-09,1.4,1.4,1.4,1.4,0
2015-10-12,1.4,1.4,1.4,1.4,0
2015-10-13,1.4,1.4,1.4,1.4,0
2015-10-14,1.4,1.4,1.4,1.4,0
2015-10-15,1.4,1.4,1.4,1.4,0
2015-10-16,1.4,1.4,1.4,1.4,0
2015-10-19,1.4,1.4,1.4,1.4,0
2015-10-20,1.4,1.4,1.4,1.4,0
2015-10-21,1.4,1.4,1.4,1.4,0
2015-10-22,1.4,1.4,1.4,1.4,0
2015-10-23,1.4,1.4,1.4,1.4,0
2015-10-26,1.4,1.4,1.4,1.4,0
2015-10-27,1.4,1.4,1.4,1.4,0
2015-10-28,1.4,1.4,1.4,1.4,0
2015-10-29,1.4,1.4,1.4,1.4,0
2015-10-30,1.4,1.4,1.4,1.4,0
2015-11-02,1.4,1.4,1.4,1.4,0
2015-11-03,1.4,1.4,1.4,1.4,0
2015-11-04,1.4,1.4,1.4,1.4,0
2015-11-05,1.4,1.4,1.4,1.4,0
2015-11-06,1.4,1.4,1.4,1.4,0
2015-11-09,1.4,1.4,1.4,1.4,0
2015-11-10,1.4,1.4,1.4,1.4,0
2015-11-11,1.4,1.4,1.4,1.4,0
2015-11-12,1.4,1.4,1.4,1.4,0
2015-11-13,1.4,1.4,1.4,1.4,0
2015-11-16,1.4,1.4,1.4,1.4,0
2015-11-17,1.4,1.4,1.4,1.4,0
2015-11-18,1.4,1.4,1.4,1.4,0
2015-11-19,1.4,1.4,1.4,1.4,0
2015-11-20,1.4,1.4,1.4,1.4,0
2015-11-23,1.4,1.4,1.4,1.4,0
2015-11-24,1.4,1.4,1.4,1.4,0
2015-11-25,1.4,1.4,1.4,1.4,0
2015-11-26,1.4,1.4,1.4,1.4,0
2015-11-27,1.4,1.4,1.4,1.4,0
2015-11-30,1.4,1.4,1.4,1.4,0
2015-12-01,1.4,1.4,1.4,1.4,0
2015-12-02,1.4,1.4,1.4,1.4,0
2015-12-03,1.4,1.4,1.4,1.4,0
2015-12-04,1.4,1.4,1.4,1.4,0
2015-12-07,1.4,1.4,1.4,1.4,0
2015-12-08,1.4,1.4,1.4,1.4,0
2015-12-09,1.4,1.4,1.4,1.4,0
2015-12-10,1.4,1.4,1.4,1.4,0
2015-12-11,1.4,1.4,1.4,1.4,0
2015-12-14,1.4,1.4,1.4,1.4,0
2015-12-15,1.4,1.4,1.4,1.4,0
2015-12-16,1.4,1.4,1.4,1.4,0
2015-12-17,1.4,1.4,1.4,1.4,0
2015-12-18,1.4,1.4,1.4,1.4,0
2015-12-21,1.4,1.4,1.4,1.4,0
2015-12-22,1.4,1.4,1.4,1.4,0
2015-12-23,1.4,1.4,1.4,1.4,0
2015-12-24,1.4,1.4,1.4,1.4,0
2015-12-25,1.4,1.4,1.4,1.4,0
2015-12-28,1.4,1.4,1.4,1.4,0
2015-12-29,1.4,1.4,1.4,1.4,0
2015-12-30,1.4,1.4,1.4,1.4,0
2015-12-31,1.4,1.4,1.4,1.4,0
2016-01-04,1.4,1.4,1.4,1.4,0
2016-01-05,1.4,1.4,1.4,1.4,0
2016-01-06,1.4,1.4,1.4,1.4,0
2016-01-07,1.4,1.4,1.4,1.4,0
2016-01-08,1.4,1.4,1.4,1.4,0
2016-01-11,1.4,1.4,1.4,1.4,0
2016-01-12,1.4,1.4,1.4,1.4,0
2016-01-13,1.4,1.4,1.4,1.4,0
2016-01-14,1.4,1.4,1.4,1.4,0
2016-01-15,1.4,1.4,1.4,1.4,0
2016-01-18,1.4,1.4,1.4,1.4,0
2016-01-19,1.4,1.4,1.4,1.4,0
2016-01-20,1.4,1.4,1.4,1.4,0
2016-01-21,1.4,1.4,1.4,1.4,0
2016-01-22,1.4,1.4,1.4,1.4,0
2016-01-25,1.4,1.4,1.4,1.4,0
2016-01-26,1.4,1.4,1.4,1.4,0
2016-01-27,1.4,1.4,1.4,1.4,0
2016-01-28,1.4,1.4,1.4,1.4,0
2016-01-29,1.4,1.4,1.4,1.4,0
2016-02-01,1.4,1.4,1.4,1.4,0
2016-02-02,1.4,1.4,1.4,1.4,0
2016-02-03,1.4,1.4,1.4,1.4,0
2016-02-04,1.4,1.4,1.4,1.4,0
2016-02-05,1.4,1.4,1.4,1.4,0
2016-02-15,1.4,1.4,1.4,1.4,0
2016-02-16,1.4,1.4,1.4,1.4,0
2016-02-17,1.4,1.4,1.4,1.4,0
2016-02-18,1.4,1.4,1.4,1.4,0
2016-02-19,1.4,1.4,1.4,1.4,0
2016-02-22,1.4,1.4,1.4,1.4,0
2016-02-23,1.4,1.4,1.4,1.4,0
2016-02-24,1.4,1.4,1.4,1.4,0
2016-02-25,1.4,1.4,1.4,1.4,0
2016-02-26,1.4,1.4,1.4,1.4,0
2016-02-29,1.4,1.4,1.4,1.4,0
2016-03-01,1.4,1.4,1.4,1.4,0
2016-03-02,1.4,1.4,1.4,1.4,0
2016-03-03,1.4,1.4,1.4,1.4,0
2016-03-04,1.4,1.4,1.4,1.4,0
2016-03-07,1.4,1.4,1.4,1.4,0
2016-03-08,1.4,1.4,1.4,1.4,0
2016-03-09,1.4,1.4,1.4,1.4,0
2016-03-10,1.4,1.4,1.4,1.4,0
2016-03-11,1.4,1.4,1.4,1.4,0
2016-03-14,1.4,1.4,1.4,1.4,0
2016-03-15,1.4,1.4,1.4,1.4,0
2016-03-16,1.4,1.4,1.4,1.4,0
2016-03-17,1.4,1.4,1.4,1.4,0
2016-03-18,1.4,1.4,1.4,1.4,0
2016-03-21,1.4,1.4,1.4,1.4,0
2016-03-22,1.4,1.4,1.4,1.4,0
2016-03-23,1.4,1.4,1.4,1.4,0
2016-03-24,1.4,1.4,1.4,1.4,0
2016-03-25,1.4,1.4,1.4,1.4,0
2016-03-28,1.4,1.4,1.4,1.4,0
2016-03-29,1.4,1.4,1.4,1.4,0
2016-03-30,1.4,1.4,1.4,1.4,0
2016-03-31,1.4,1.4,1.4,1.4,0
2016-04-01,1.4,1.4,1.4,1.4,0
2016-04-04,1.4,1.4,1.4,1.4,0
2016-04-05,1.4,1.4,1.4,1.4,0
2016-04-06,1.4,1.4,1.4,1.4,0
2016-04-07,1.4,1.4,1.4,1.4,0
2016-04-08,1.4,1.4,1.4,1.4,0
2016-04-11,1.4,1.4,1.4,1.4,0
2016-04-12,1.4,1.4,1.4,1.4,0
2016-04-13,1.4,1.4,1.4,1.4,0
2016-04-14,1.4,1.4,1.4,1.4,0
2016-04-15,1.4,1.4,1.4,1.4,0
2016-04-19,1.4,1.4,1.4,1.4,0
2016-04-20,1.4,1.4,1.4,1.4,0
2016-04-21,1.4,1.4,1.4,1.4,0
2016-04-22,1.4,1.4,1.4,1.4,0
2016-04-25,1.4,1.4,1.4,1.4,0
2016-04-26,1.4,1.4,1.4,1.4,0
2016-04-27,1.4,1.4,1.4,1.4,0
2016-04-28,1.4,1.4,1.4,1.4,0
2016-04-29,1.4,1.4,1.4,1.4,0
2016-05-04,1.4,1.4,1.4,1.4,0
2016-05-05,1.4,1.4,1.4,1.4,0
2016-05-06,1.4,1.4,1.4,1.4,0
2016-05-09,1.4,1.4,1.4,1.4,0
2016-05-10,1.4,1.4,1.4,1.4,0
2016-05-11,1.4,1.4,1.4,1.4,0
2016-05-12,1.4,1.4,1.4,1.4,0
2016-05-13,1.4,1.4,1.4,1.4,0
2016-05-16,1.4,1.4,1.4,1.4,0
2016-05-17,1.4,1.4,1.4,1.4,0
2016-05-18,1.4,1.4,1.4,1.4,0
2016-05-19,1.4,1.4,1.4,1.4,0
2016-05-20,1.4,1.4,1.4,1.4,0
2016-05-23,1.4,1.4,1.4,1.4,0
2016-05-24,1.4,1.4,1.4,1.4,0
2016-05-25,1.4,1.4,1.4,1.4,0
2016-05-26,1.4,1.4,1.4,1.4,0
2016-05-27,1.4,1.4,1.4,1.4,0
2016-05-30,1.4,1.4,1.4,1.4,0
2016-05-31,1.4,1.4,1.4,1.4,0
2016-06-01,1.4,1.4,1.4,1.4,0
2016-06-02,1.4,1.4,1.4,1.4,0
2016-06-03,1.4,1.4,1.4,1.4,0
2016-06-06,1.4,1.4,1.4,1.4,0
2016-06-07,1.4,1.4,1.4,1.4,0
2016-06-08,1.4,1.4,1.4,1.4,0
2016-06-09,1.4,1.4,1.4,1.4,0
2016-06-10,1.4,1.4,1.4,1.4,0
2016-06-13,1.4,1.4,1.4,1.4,0
2016-06-14,1.4,1.4,1.4,1.4,0
2016-06-15,1.4,1.4,1.4,1.4,0
2016-06-16,1.4,1.4,1.4,1.4,0
2016-06-17,1.4,1.4,1.4,1.4,0
2016-06-20,1.4,1.4,1.4,1.4,0
2016-06-21,1.4,1.4,1.4,1.4,0
2016-06-22,1.4,1.4,1.4,1.4,0
2016-06-23,1.4,1.4,1.4,1.4,0
2016-06-24,1.4,1.4,1.4,1.4,0
2016-06-27,1.4,1.4,1.4,1.4,0
2016-06-28,1.4,1.4,1.4,1.4,0
2016-06-29,1.4,1.4,1.4,1.4,0
2016-06-30,1.4,1.4,1.4,1.4,0
2016-07-01,1.4,1.4,1.4,1.4,0
2016-07-04,1.4,1.4,1.4,1.4,0
2016-07-05,1.4,1.4,1.4,1.4,0
2016-07-06,1.4,1.4,1.4,1.4,0
2016-07-07,1.4,1.4,1.4,1.4,0
2016-07-08,1.4,1.4,1.4,1.4,0
2016-07-11,1.4,1.4,1.4,1.4,0
2016-07-12,1.4,1.4,1.4,1.4,0
2016-07-13,1.4,1.4,1.4,1.4,0
2016-07-14,1.4,1.4,1.4,1.4,0
2016-07-15,1.4,1.4,1.4,1.4,0
2016-07-18,1.4,1.4,1.4,1.4,0
2016-07-19,1.4,1.4,1.4,1.4,0
2016-07-20,1.4,1.4,1.4,1.4,0
2016-07-21,1.4,1.4,1.4,1.4,0
2016-07-22,1.4,1.4,1.4,1.4,0
2016-07-25,1.4,1.4,1.4,1.4,0
2016-07-26,1.4,1.4,1.4,1.4,0
2016-07-27,1.4,1.4,1.4,1.4,0
2016-07-28,1.4,1.4,1.4,1.4,0
2016-07-29,1.4,1.4,1.4,1.4,0
2016-08-01,1.4,1.4,1.4,1.4,0
2016-08-02,1.4,1.4,1.4,1.4,0
2016-08-03,1.4,1.4,1.4,1.4,0
2016-08-04,1.4,1.4,1.4,1.4,0
2016-08-05,1.4,1.4,1.4,1.4,0
2016-08-08,1.4,1.4,1.4,1.4,0
2016-08-09,1.4,1.4,1.4,1.4,0
2016-08-10,1.4,1.4,1.4,1.4,0
2016-08-11,1.4,1.4,1.4,1.4,0
2016-08-12,1.4,1.4,1.4,1.4,0
2016-08-15,1.4,1.4,1.4,1.4,0
2016-08-16,1.4,1.4,1.4,1.4,0
2016-08-17,1.4,1.4,1.4,1.4,0
2016-08-18,1.4,1.4,1.4,1.4,0
2016-08-19,1.4,1.4,1.4,1.4,0
2016-08-22,1.4,1.4,1.4,1.4,0
2016-08-23,1.4,1.4,1.4,1.4,0
2016-08-24,1.4,1.4,1.4,1.4,0
2016-08-25,1.4,1.4,1.4,1.4,0
2016-08-26,1.4,1.4,1.4,1.4,0
2016-08-29,1.4,1.4,1.4,1.4,0
2016-08-30,1.4,1.4,1.4,1.4,0
2016-08-31,1.4,1.4,1.4,1.4,0
2016-09-01,1.4,1.4,1.4,1.4,0
2016-09-05,1.4,1.4,1.4,1.4,0
2016-09-06,1.4,1.4,1.4,1.4,0
2016-09-07,1.4,1.4,1.4,1.4,0
2016-09-08,1.4,1.4,1.4,1.4,0
2016-09-09,1.4,1.4,1.4,1.4,0
2016-09-12,1.4,1.4,1.4,1.4,0
2016-09-13,1.4,1.4,1.4,1.4,0
2016-09-14,1.4,1.4,1.4,1.4,0
2016-09-15,1.4,1.4,1.4,1.4,0
2016-09-16,1.4,1.4,1.4,1.4,0
2016-09-19,1.4,1.4,1.4,1.4,0
2016-09-20,1.4,1.4,1.4,1.4,0
2016-09-21,1.4,1.4,1.4,1.4,0
2016-09-22,1.4,1.4,1.4,1.4,0
2016-09-23,1.4,1.4,1.4,1.4,0
2016-09-26,1.4,1.4,1.4,1.4,0
2016-09-27,1.4,1.4,1.4,1.4,0
2016-09-28,1.4,1.4,1.4,1.4,0
2016-09-29,1.4,1.4,1.4,1.4,0
2016-09-30,1.4,1.4,1.4,1.4,0
2016-10-03,1.4,1.4,1.4,1.4,0
2016-10-04,1.4,1.4,1.4,1.4,0
2016-10-05,1.4,1.4,1.4,1.4,0
2016-10-06,1.4,1.4,1.4,1.4,0
2016-10-07,1.4,1.4,1.4,1.4,0
2016-10-10,1.4,1.4,1.4,1.4,0
2016-10-11,1.4,1.4,1.4,1.4,0
2016-10-12,1.4,1.4,1.4,1.4,0
2016-10-13,1.4,1.4,1.4,1.4,0
2016-10-14,1.4,1.4,1.4,1.4,0
2016-10-17,1.4,1.4,1.4,1.4,0
2016-10-18,1.4,1.4,1.4,1.4,0
2016-10-19,1.4,1.4,1.4,1.4,0
2016-10-20,1.4,1.4,1.4,1.4,0
2016-10-21,1.4,1.4,1.4,1.4,0
2016-10-24,1.4,1.4,1.4,1.4,0
2016-10-25,1.4,1.4,1.4,1.4,0
2016-10-26,1.4,1.4,1.4,1.4,0
2016-10-27,1.4,1.4,1.4,1.4,0
2016-10-28,1.4,1.4,1.4,1.4,0
2016-10-31,1.4,1.4,1.4,1.4,0
2016-11-01,1.4,1.4,1.4,1.4,0
2016-11-02,1.4,1.4,1.4,1.4,0
2016-11-03,1.4,1.4,1.4,1.4,0
2016-11-04,1.4,1.4,1.4,1.4,0
2016-11-07,1.4,1.4,1.4,1.4,0
2016-11-08,1.4,1.4,1.4,1.4,0
2016-11-09,1.4,1.4,1.4,1.4,0
2016-11-10,1.4,1.4,1.4,1.4,0
2016-11-11,1.4,1.4,1.4,1.4,0
2016-11-14,1.4,1.4,1.4,1.4,0
2016-11-15,1.4,1.4,1.4,1.4,0
2016-11-16,1.4,1.4,1.4,1.4,0
2016-11-17,1.4,1.4,1.4,1.4,0
2016-11-18,1.4,1.4,1.4,1.4,0
2016-11-21,1.4,1.4,1.4,1.4,0
2016-11-22,1.4,1.4,1.4,1.4,0
2016-11-23,1.4,1.4,1.4,1.4,0
2016-11-24,1.4,1.4,1.4,1.4,0
2016-11-25,1.4,1.4,1.4,1.4,0
2016-11-28,1.4,1.4,1.4,1.4,0
2016-11-29,1.4,1.4,1.4,1.4,0
2016-11-30,1.4,1.4,1.4,1.4,0
2016-12-01,1.4,1.4,1.4,1.4,0
2016-12-02,1.4,1.4,1.4,1.4,0
2016-12-05,1.4,1.4,1.4,1.4,0
2016-12-06,1.4,1.4,1.4,1.4,0
2016-12-07,1.4,1.4,1.4,1.4,0
2016-12-08,1.4,1.4,1.4,1.4,0
2016-12-09,1.4,1.4,1.4,1.4,0
2016-12-12,1.4,1.4,1.4,1.4,0
2016-12-13,1.4,1.4,1.4,1.4,0
2016-12-14,1.4,1.4,1.4,1.4,0
2016-12-15,1.4,1.4,1.4,1.4,0
2016-12-16,1.4,1.4,1.4,1.4,0
2016-12-19,1.4,1.4,1.4,1.4,0
2016-12-20,1.4,1.4,1.4,1.4,0
2016-12-21,1.4,1.4,1.4,1.4,0
2016-12-22,1.4,1.4,1.4,1.4,0
2016-12-23,1.4,1.4,1.4,1.4,0
2016-12-26,1.4,1.4,1.4,1.4,0
2016-12-27,1.4,1.4,1.4,1.4,0
2016-12-28,1.4,1.4,1.4,1.4,0
2016-12-29,1.4,1.4,1.4,1.4,0
2016-12-30,1.4,1.4,1.4,1.4,0
2017-01-03,1.4,1.4,1.4,1.4,0
2017-01-04,1.4,1.4,1.4,1.4,0
2017-01-05,1.4,1.4,1.4,1.4,0
2017-01-06,1.4,1.4,1.4,1.4,0
2017-01-09,1.4,1.4,1.4,1.4,0
2017-01-10,1.4,1.4,1.4,1.4,0
2017-01-11,1.4,1.4,1.4,1.4,0
2017-01-12,1.4,1.4,1.4,1.4,0
2017-01-13,1.4,1.4,1.4,1.4,0
2017-01-16,1.4,1.4,1.4,1.4,0
2017-01-17,1.4,1.4,1.4,1.4,0
2017-01-18,1.4,1.4,1.4,1.4,0
2017-01-19,1.4,1.4,1.4,1.4,0
2017-01-20,1.4,1.4,1.4,1.4,0
2017-01-23,1.4,1.4,1.4,1.4,0
2017-01-24,1.4,1.4,1.4,1.4,0
2017-01-25,1.4,1.4,1.4,1.4,0
2017-02-02,1.4,1.4,1.4,1.4,0
2017-02-03,1.4,1.4,1.4,1.4,0
2017-02-06,1.4,1.4,1.4,1.4,0
2017-02-07,1.4,1.4,1.4,1.4,0
2017-02-08,1.4,1.4,1.4,1.4,0
2017-02-09,1.4,1.4,1.4,1.4,0
2017-02-10,1.4,1.4,1.4,1.4,0
2017-02-13,1.4,1.4,1.4,1.4,0
2017-02-14,1.4,1.4,1.4,1.4,0
2017-02-15,1.4,1.4,1.4,1.4,0
2017-02-16,1.4,1.4,1.4,1.4,0
2017-02-17,1.4,1.4,1.4,1.4,0
2017-02-20,1.4,1.4,1.4,1.4,0
2017-02-21,1.4,1.4,1.4,1.4,0
2017-02-22,1.4,1.4,1.4,1.4,0
2017-02-23,1.4,1.4,1.4,1.4,0
2017-02-24,1.4,1.4,1.4,1.4,0
2017-02-27,1.4,1.4,1.4,1.4,0
2017-02-28,1.4,1.4,1.4,1.4,0
2017-03-01,1.4,1.4,1.4,1.4,0
2017-03-02,1.4,1.4,1.4,1.4,0
2017-03-03,1.4,1.4,1.4,1.4,0
2017-03-06,1.4,1.4,1.4,1.4,0
2017-03-07,1.4,1.4,1.4,1.4,0
2017-03-08,1.4,1.4,1.4,1.4,0
2017-03-09,1.4,1.4,1.4,1.4,0
2017-03-10,1.4,1.4,1.4,1.4,0
2017-03-13,1.4,1.4,1.4,1.4,0
2017-03-14,1.4,1.4,1.4,1.4,0
2017-03-15,1.4,1.4,1.4,1.4,0
2017-03-16,1.4,1.4,1.4,1.4,0
2017-03-17,1.4,1.4,1.4,1.4,0
2017-03-20,1.4,1.4,1.4,1.4,0
2017-03-21,1.4,1.4,1.4,1.4,0
2017-03-22,1.4,1.4,1.4,1.4,0
2017-03-23,1.4,1.4,1.4,1.4,0
2017-03-24,1.4,1.4,1.4,1.4,0
2017-03-27,1.4,1.4,1.4,1.4,0
2017-03-28,1.4,1.4,1.4,1.4,0
2017-03-29,1.4,1.4,1.4,1.4,0
2017-03-30,1.4,1.4,1.4,1.4,0
2017-03-31,1.4,1.4,1.4,1.4,0
2017-04-03,1.4,1.4,1.4,1.4,0
2017-04-04,1.4,1.4,1.4,1.4,0
2017-04-05,1.4,1.4,1.4,1.4,0
2017-04-07,1.4,1.4,1.4,1.4,0
2017-04-10,1.4,1.4,1.4,1.4,0
2017-04-11,1.4,1.4,1.4,1.4,0
2017-04-12,1.4,1.4,1.4,1.4,0
2017-04-13,1.4,1.4,1.4,1.4,0
2017-04-14,1.4,1.4,1.4,1.4,0
2017-04-17,1.4,1.4,1.4,1.4,0
2017-04-18,1.4,1.4,1.4,1.4,0
2017-04-19,1.4,1.4,1.4,1.4,0
2017-04-20,1.4,1.4,1.4,1.4,0
2017-04-21,1.4,1.4,1.4,1.4,0
2017-04-24,1.4,1.4,1.4,1.4,0
2017-04-25,1.4,1.4,1.4,1.4,0
2017-04-26,1.4,1.4,1.4,1.4,0
2017-04-27,1.4,1.4,1.4,1.4,0
2017-04-28,1.4,1.4,1.4,1.4,0
2017-05-03,1.4,1.4,1.4,1.4,0
2017-05-04,1.4,1.4,1.4,1.4,0
2017-05-05,1.4,1.4,1.4,1.4,0
2017-05-08,1.4,1.4,1.4,1.4,0
2017-05-09,1.4,1.4,1.4,1.4,0
2017-05-10,1.4,1.4,1.4,1.4,0
2017-05-11,1.4,1.4,1.4,1.4,0
2017-05-12,1.4,1.4,1.4,1.4,0
2017-05-15,1.4,1.4,1.4,1.4,0
2017-05-16,1.4,1.4,1.4,1.4,0
2017-05-17,1.4,1.4,1.4,1.4,0
2017-05-18,1.4,1.4,1.4,1.4,0
2017-05-19,1.4,1.4,1.4,1.4,0
2017-05-22,1.4,1.4,1.4,1.4,0
2017-05-23,1.4,1.4,1.4,1.4,0
2017-05-24,1.4,1.4,1.4,1.4,0
2017-05-25,1.4,1.4,1.4,1.4,0
2017-05-26,1.4,1.4,1.4,1.4,0
2017-05-29,1.4,1.4,1.4,1.4,0
2017-05-30,1.4,1.4,1.4,1.4,0
2017-05-31,1.4,1.4,1.4,1.4,0
2017-06-01,1.4,1.4,1.4,1.4,0
2017-06-02,1.4,1.4,1.4,1.4,0
2017-06-05,1.4,1.4,1.4,1.4,0
2017-06-06,1.4,1.4,1.4,1.4,0
2017-06-07,1.4,1.4,1.4,1.4,0
2017-06-08,1.4,1.4,1.4,1.4,0
2017-06-09,1.4,1.4,1.4,1.4,0
2017-06-12,1.4,1.4,1.4,1.4,0
2017-06-13,1.4,1.4,1.4,1.4,0
2017-06-14,1.4,1.4,1.4,1.4,0
2017-06-15,1.4,1.4,1.4,1.4,0
2017-06-16,1.4,1.4,1.4,1.4,0
2017-06-19,1.4,1.4,1.4,1.4,0
2017-06-20,1.4,1.4,1.4,1.4,0
2017-06-21,1.4,1.4,1.4,1.4,0
2017-06-22,1.4,1.4,1.4,1.4,0
2017-06-23,1.4,1.4,1.4,1.4,0
2017-06-26,1.4,1.4,1.4,1.4,0
2017-06-27,1.4,1.4,1.4,1.4,0
2017-06-28,1.4,1.4,1.4,1.4,0
2017-06-29,1.4,1.4,1.4,1.4,0
2017-06-30,1.4,1.4,1.4,1.4,0
2017-07-03,1.4,1.4,1.4,1.4,0
2017-07-04,1.4,1.4,1.4,1.4,0
2017-07-05,1.4,1.4,1.4,1.4,0
2017-07-06,1.4,1.4,1.4,1.4,0
2017-07-07,1.4,1.4,1.4,1.4,0
2017-07-10,1.4,1.4,1.4,1.4,0
2017-07-11,1.4,1.4,1.4,1.4,0
2017-07-12,1.4,1.4,1.4,1.4,0
2017-07-13,1.4,1.4,1.4,1.4,0
2017-07-14,1.4,1.4,1.4,1.4,0
2017-07-17,1.4,1.4,1.4,1.4,0
2017-07-18,1.4,1.4,1.4,1.4,0
2017-07-19,1.4,1.4,1.4,1.4,0
2017-07-20,1.4,1.4,1.4,1.4,0
2017-07-21,1.4,1.4,1.4,1.4,0
2017-07-24,1.4,1.4,1.4,1.4,0
2017-07-25,1.4,1.4,1.4,1.4,0
2017-07-26,1.4,1.4,1.4,1.4,0
2017-07-27,1.4,1.4,1.4,1.4,0
2017-07-28,1.4,1.4,1.4,1.4,0
2017-07-31,1.4,1.4,1.4,1.4,0
2017-08-01,1.4,1.4,1.4,1.4,0
2017-08-02,1.4,1.4,1.4,1.4,0
2017-08-03,1.4,1.4,1.4,1.4,0
2017-08-04,1.4,1.4,1.4,1.4,0
2017-08-07,1.4,1.4,1.4,1.4,0
2017-08-08,1.4,1.4,1.4,1.4,0
2017-08-09,1.4,1.4,1.4,1.4,0
2017-08-10,1.4,1.4,1.4,1.4,0
2017-08-11,1.4,1.4,1.4,1.4,0
2017-08-14,1.4,1.4,1.4,1.4,0
2017-08-15,1.4,1.4,1.4,1.4,0
2017-08-16,1.4,1.4,1.4,1.4,0
2017-08-17,1.4,1.4,1.4,1.4,0
2017-08-18,1.4,1.4,1.4,1.4,0
2017-08-21,1.4,1.4,1.4,1.4,0
2017-08-22,1.4,1.4,1.4,1.4,0
2017-08-23,1.4,1.4,1.4,1.4,0
2017-08-24,1.4,1.4,1.4,1.4,0
2017-08-25,1.4,1.4,1.4,1.4,0
2017-08-28,1.4,1.4,1.4,1.4,0
2017-08-29,1.4,1.4,1.4,1.4,0
2017-08-30,1.4,1.4,1.4,1.4,0
2017-08-31,1.4,1.4,1.4,1.4,0
2017-09-01,1.4,1.4,1.4,1.4,0
2017-09-05,1.4,1.4,1.4,1.4,0
2017-09-06,1.4,1.4,1.4,1.4,0
2017-09-07,1.4,1.4,1.4,1.4,0
2017-09-08,1.4,1.4,1.4,1.4,0
2017-09-11,1.4,1.4,1.4,1.4,0
2017-09-12,1.4,1.4,1.4,1.4,0
2017-09-13,1.4,1.4,1.4,1.4,0
2017-09-14,1.4,1.4,1.4,1.4,0
2017-09-15,1.4,1.4,1.4,1.4,0
2017-09-18,1.4,1.4,1.4,1.4,0
2017-09-19,1.4,1.4,1.4,1.4,0
2017-09-20,1.4,1.4,1.4,1.4,0
2017-09-21,1.4,1.4,1.4,1.4,0
2017-09-22,1.4,1.4,1.4,1.4,0
2017-09-25,1.4,1.4,1.4,1.4,0
2017-09-26,1.4,1.4,1.4,1.4,0
2017-09-27,1.4,1.4,1.4,1.4,0
2017-09-28,1.4,1.4,1.4,1.4,0
2017-09-29,1.4,1.4,1.4,1.4,0
2017-10-02,1.4,1.4,1.4,1.4,0
2017-10-03,1.4,1.4,1.4,1.4,0
2017-10-04,1.4,1.4,1.4,1.4,0
2017-10-05,1.4,1.4,1.4,1.4,0
2017-10-06,1.4,1.4,1.4,1.4,0
2017-10-09,1.4,1.4,1.4,1.4,0
2017-10-10,1.4,1.4,1.4,1.4,0
2017-10-11,1.4,1.4,1.4,1.4,0
2017-10-12,1.4,1.4,1.4,1.4,0
2017-10-13,1.4,1.4,1.4,1.4,0
2017-10-16,1.4,1.4,1.4,1.4,0
2017-10-17,1.4,1.4,1.4,1.4,0
2017-10-18,1.4,1.4,1.4,1.4,0
2017-10-19,1.4,1.4,1.4,1.4,0
2017-10-20,1.4,1.4,1.4,1.4,0
2017-10-23,1.4,1.4,1.4,1.4,0
2017-10-24,1.4,1.4,1.4,1.4,0
2017-10-25,1.4,1.4,1.4,1.4,0
2017-10-26,1.4,1.4,1.4,1.4,0
2017-10-27,1.4,1.4,1.4,1.4,0
2017-10-30,1.4,1.4,1.4,1.4,0
2017-10-31,1.4,1.4,1.4,1.4,0
2017-11-01,1.4,1.4,1.4,1.4,0
2017-11-02,1.4,1.4,1.4,1.4,0
2017-11-03,1.4,1.4,1.4,1.4,0
2017-11-06,1.4,1.4,1.4,1.4,0
2017-11-07,1.4,1.4,1.4,1.4,0
2017-11-08,1.4,1.4,1.4,1.4,0
2017-11-09,1.4,1.4,1.4,1.4,0
2017-11-10,1.4,1.4,1.4,1.4,0
2017-11-13,1.4,1.4,1.4,1.4,0
2017-11-14,1.4,1.4,1.4,1.4,0
2017-11-15,1.4,1.4,1.4,1.4,0
2017-11-16,1.4,1.4,1.4,1.4,0
2017-11-17,1.4,1.4,1.4,1.4,0
2017-11-20,1.4,1.4,1.4,1.4,0
2017-11-21,1.4,1.4,1.4,1.4,0
2017-11-22,1.4,1.4,1.4,1.4,0
2017-11-23,1.4,1.4,1.4,1.4,0
2017-11-24,1.4,1.4,1.4,1.4,0
2017-11-27,1.4,1.4,1.4,1.4,0
2017-11-28,1.4,1.4,1.4,1.4,0
2017-11-29,1.4,1.4,1.4,1.4,0
2017-11-30,1.4,1.4,1.4,1.4,0
2017-12-01,1.4,1.4,1.4,1.4,0
2017-12-04,1.4,1.4,1.4,1.4,0
2017-12-05,1.4,1.4,1.4,1.4,0
2017-12-06,1.4,1.4,1.4,1.4,0
2017-12-07,1.4,1.4,1.4,1.4,0
2017-12-08,1.4,1.4,1.4,1.4,0
2017-12-11,1.4,1.4,1.4,1.4,0
2017-12-12,1.4,1.4,1.4,1.4,0
2017-12-13,1.4,1.4,1.4,1.4,0
2017-12-14,1.4,1.4,1.4,1.4,0
2017-12-15,1.4,1.4,1.4,1.4,0
2017-12-18,1.4,1.4,1.4,1.4,0
2017-12-19,1.4,1.4,1.4,1.4,0
2017-12-20,1.4,1.4,1.4,1.4,0
2017-12-21,1.4,1.4,1.4,1.4,0
2017-12-22,1.4,1.4,1.4,1.4,0
2017-12-25,1.4,1.4,1.4,1.4,0
2017-12-26,1.4,1.4,1.4,1.4,0
2017-12-27,1.4,1.4,1.4,1.4,0
2017-12-28,1.4,1.4,1.4,1.4,0
2017-12-29,1.4,1.4,1.4,1.4,0
2018-01-02,1.4,1.4,1.4,1.4,0
2018-01-03,1.4,1.4,1.4,1.4,0
2018-01-04,1.4,1.4,1.4,1.4,0
2018-01-05,1.4,1.4,1.4,1.4,0
2018-01-08,1.4,1.4,1.4,1.4,0
2018-01-09,1.4,1.4,1.4,1.4,0
2018-01-10,1.4,1.4,1.4,1.4,0
2018-01-11,1.4,1.4,1.4,1.4,0
2018-01-12,1.4,1.4,1.4,1.4,0
2018-01-15,1.4,1.4,1.4,1.4,0
2018-01-16,1.4,1.4,1.4,1.4,0
2018-01-17,1.4,1.4,1.4,1.4,0
2018-01-18,1.4,1.4,1.4,1.4,0
2018-01-19,1.4,1.4,1.4,1.4,0
2018-01-22,1.4,1.4,1.4,1.4,0
2018-01-23,1.4,1.4,1.4,1.4,0
2018-01-24,1.4,1.4,1.4,1.4,0
2018-01-25,1.4,1.4,1.4,1.4,0
2018-01-26,1.4,1.4,1.4,1.4,0
2018-01-29,1.4,1.4,1.4,1.4,0
2018-01-30,1.4,1.4,1.4,1.4,0
2018-01-31,1.4,1.4,1.4,1.4,0
2018-02-01,1.4,1.4,1.4,1.4,0
2018-02-02,1.4,1.4,1.4,1.4,0
2018-02-05,1.4,1.4,1.4,1.4,0
2018-02-06,1.4,1.4,1.4,1.4,0
2018-02-07,1.4,1.4,1.4,1.4,0
2018-02-08,1.4,1.4,1.4,1.4,0
2018-02-09,1.4,1.4,1.4,1.4,0
2018-02-12,1.4,1.4,1.4,1.4,0
2018-02-13,1.4,1.4,1.4,1.4,0
2018-02-21,1.4,1.4,1.4,1.4,0
2018-02-22,1.4,1.4,1.4,1.4,0
2018-02-23,1.4,1.4,1.4,1.4,0
2018-02-26,1.4,1.4,1.4,1.4,0
2018-02-27,1.4,1.4,1.4,1.4,0
2018-02-28,1.4,1.4,1.4,1.4,0
2018-03-01,1.4,1.4,1.4,1.4,0
2018-03-02,1.4,1.4,1.4,1.4,0
2018-03-05,1.4,1.4,1.4,1.4,0
2018-03-06,1.4,1.4,1.4,1.4,0
2018-03-07,1.4,1.4,1.4,1.4,0
2018-03-08,1.4,1.4,1.4,1.4,0
2018-03-09,1.4,1.4,1.4,1.4,0
2018-03-12,1.4,1.4,1.4,1.4,0
2018-03-13,1.4,1.4,1.4,1.4,0
2018-03-14,1.4,1.4,1.4,1.4,0
2018-03-15,1.4,1.4,1.4,1.4,0
2018-03-16,1.4,1.4,1.4,1.4,0
2018-03-19,1.4,1.4,1.4,1.4,0
2018-03-20,1.4,1.4,1.4,1.4,0
2018-03-21,1.4,1.4,1.4,1.4,0
2018-03-22,1.4,1.4,1.4,1.4,0
2018-03-23,1.4,1.4,1.4,1.4,0
2018-03-26,1.4,1.4,1.4,1.4,0
2018-03-27,1.4,1.4,1.4,1.4,0
2018-03-28,1.4,1.4,1.4,1.4,0
2018-03-29,1.4,1.4,1.4,1.4,0
2018-03-30,1.4,1.4,1.4,1.4,0
2018-04-02,1.4,1.4,1.4,1.4,0
2018-04-03,1.4,1.4,1.4,1.4,0
2018-04-04,1.4,1.4,1.4,1.4,0
2018-04-05,1.4,1.4,1.4,1.4,0
2018-04-06,1.4,1.4,1.4,1.4,0
2018-04-09,1.4,1.4,1.4,1.4,0
2018-04-10,1.4,1.4,1.4,1.4,0
2018-04-11,1.4,1.4,1.4,1.4,0
2018-04-12,1.4,1.4,1.4,1.4,0
2018-04-13,1.4,1.4,1.4,1.4,0
2018-04-16,1.4,1.4,1.4,1.4,0
2018-04-17,1.4,1.4,1.4,1.4,0
2018-04-18,1.4,1.4,1.4,1.4,0
2018-04-19,1.4,1.4,1.4,1.4,0
2018-04-20,1.4,1.4,1.4,1.4,0
2018-04-23,1.4,1.4,1.4,1.4,0
2018-04-24,1.4,1.4,1.4,1.4,0
2018-04-26,1.4,1.4,1.4,1.4,0
2018-04-27,1.4,1.4,1.4,1.4,0
2018-05-02,1.4,1.4,1.4,1.4,0
2018-05-03,1.4,1.4,1.4,1.4,0
2018-05-04,1.4,1.4,1.4,1.4,0
2018-05-07,1.4,1.4,1.4,1.4,0
2018-05-08,1.4,1.4,1.4,1.4,0
2018-05-09,1.4,1.4,1.4,1.4,0
2018-05-10,1.4,1.4,1.4,1.4,0
2018-05-11,1.4,1.4,1.4,1.4,0
2018-05-14,1.4,1.4,1.4,1.4,0
2018-05-15,1.4,1.4,1.4,1.4,0
2018-05-16,1.4,1.4,1.4,1.4,0
2018-05-17,1.4,1.4,1.4,1.4,0
2018-05-18,1.4,1.4,1.4,1.4,0
2018-05-21,1.4,1.4,1.4,1.4,0
2018-05-22,1.4,1.4,1.4,1.4,0
2018-05-23,1.4,1.4,1.4,1.4,0
2018-05-24,1.4,1.4,1.4,1.4,0
2018-05-25,1.4,1.4,1.4,1.4,0
2018-05-28,1.4,1.4,1.4,1.4,0
2018-05-29,1.4,1.4,1.4,1.4,0
2018-05-30,1.4,1.4,1.4,1.4,0
2018-05-31,1.4,1.4,1.4,1.4,0
2018-06-01,1.4,1.4,1.4,1.4,0
2018-06-04,1.4,1.4,1.4,1.4,0
2018-06-05,1.4,1.4,1.4,1.4,0
2018-06-06,1.4,1.4,1.4,1.4,0
2018-06-07,1.4,1.4,1.4,1.4,0
2018-06-08,1.4,1.4,1.4,1.4,0
2018-06-11,1.4,1.4,1.4,1.4,0
2018-06-12,1.4,1.4,1.4,1.4,0
2018-06-13,1.4,1.4,1.4,1.4,0
2018-06-14,1.4,1.4,1.4,1.4,0
2018-06-15,1.4,1.4,1.4,1.4,0
2018-06-18,1.4,1.4,1.4,1.4,0
2018-06-19,1.4,1.4,1.4,1.4,0
2018-06-20,1.4,1.4,1.4,1.4,0
2018-06-21,1.4,1.4,1.4,1.4,0
2018-06-22,1.4,1.4,1.4,1.4,0
2018-06-25,1.4,1.4,1.4,1.4,0
2018-06-26,1.4,1.4,1.4,1.4,0
2018-06-27,1.4,1.4,1.4,1.4,0
2018-06-28,1.4,1.4,1.4,1.4,0
2018-06-29,1.4,1.4,1.4,1.4,0
2018-07-02,1.4,1.4,1.4,1.4,0
2018-07-03,1.4,1.4,1.4,1.4,0
2018-07-04,1.4,1.4,1.4,1.4,0
2018-07-05,1.4,1.4,1.4,1.4,0
2018-07-06,1.4,1.4,1.4,1.4,0
2018-07-09,1.4,1.4,1.4,1.4,0
2018-07-10,1.4,1.4,1.4,1.4,0
2018-07-11,1.4,1.4,1.4,1.4,0
2018-07-12,1.4,1.4,1.4,1.4,0
2018-07-13,1.4,1.4,1.4,1.4,0
2018-07-16,1.4,1.4,1.4,1.4,0
2018-07-17,1.4,1.4,1.4,1.4,0
2018-07-18,1.4,1.4,1.4,1.4,0
2018-07-19,1.4,1.4,1.4,1.4,0
2018-07-20,1.4,1.4,1.4,1.4,0
2018-07-23,1.4,1.4,1.4,1.4,0
2018-07-24,1.4,1.4,1.4,1.4,0
2018-07-25,1.4,1.4,1.4,1.4,0
2018-07-26,1.4,1.4,1.4,1.4,0
2018-07-27,1.4,1.4,1.4,1.4,0
2018-07-30,1.4,1.4,1.4,1.4,0
2018-07-31,1.4,1.4,1.4,1.4,0
2018-08-01,1.4,1.4,1.4,1.4,0
2018-08-02,1.4,1.4,1.4,1.4,0
2018-08-03,1.4,1.4,1.4,1.4,0
2018-08-06,1.4,1.4,1.4,1.4,0
2018-08-07,1.4,1.4,1.4,1.4,0
2018-08-08,1.4,1.4,1.4,1.4,0
2018-08-09,1.4,1.4,1.4,1.4,0
2018-08-10,1.4,1.4,1.4,1.4,0
2018-08-13,1.4,1.4,1.4,1.4,0
2018-08-14,1.4,1.4,1.4,1.4,0
2018-08-15,1.4,1.4,1.4,1.4,0
2018-08-16,1.4,1.4,1.4,1.4,0
2018-08-17,1.4,1.4,1.4,1.4,0
2018-08-20,1.4,1.4,1.4,1.4,0
2018-08-21,1.4,1.4,1.4,1.4,0
2018-08-22,1.4,1.4,1.4,1.4,0
2018-08-23,1.4,1.4,1.4,1.4,0
2018-08-24,1.4,1.4,1.4,1.4,0
2018-08-27,1.4,1.4,1.4,1.4,0
2018-08-28,1.4,1.4,1.4,1.4,0
2018-08-29,1.4,1.4,1.4,1.4,0
2018-08-30,1.4,1.4,1.4,1.4,0
2018-08-31,1.4,1.4,1.4,1.4,0
2018-09-04,1.4,1.4,1.4,1.4,0
2018-09-05,1.4,1.4,1.4,1.4,0
2018-09-06,1.4,1.4,1.4,1.4,0
2018-09-07,1.4,1.4,1.4,1.4,0
2018-09-10,1.4,1.4,1.4,1.4,0
2018-09-11,1.4,1.4,1.4,1.4,0
2018-09-12,1.4,1.4,1.4,1.4,0
2018-09-13,1.4,1.4,1.4,1.4,0
2018-09-14,1.4,1.4,1.4,1.4,0
2018-09-17,1.4,1.4,1.4,1.4,0
2018-09-18,1.4,1.4,1.4,1.4,0
2018-09-19,1.4,1.4,1.4,1.4,0
2018-09-20,1.4,1.4,1.4,1.4,0
2018-09-21,1.4,1.4,1.4,1.4,0
2018-09-24,1.4,1.4,1.4,1.4,0
2018-09-25,1.4,1.4,1.4,1.4,0
2018-09-26,1.4,1.4,1.4,1.4,0
2018-09-27,1.4,1.4,1.4,1.4,0
2018-09-28,1.4,1.4,1.4,1.4,0
2018-10-01,1.4,1.4,1.4,1.4,0
2018-10-02,1.4,1.4,1.4,1.4,0
2018-10-03,1.4,1.4,1.4,1.4,0
2018-10-04,1.4,1.4,1.4,1.4,0
2018-10-05,1.4,1.4,1.4,1.4,0
2018-10-08,1.4,1.4,1.4,1.4,0
2018-10-09,1.4,1.4,1.4,1.4,0
2018-10-10,1.4,1.4,1.4,1.4,0
2018-10-11,1.4,1.4,1.4,1.4,0
2018-10-12,1.4,1.4,1.4,1.4,0
2018-10-15,1.4,1.4,1.4,1.4,0
2018-10-16,1.4,1.4,1.4,1.4,0
2018-10-17,1.4,1.4,1.4,1.4,0
2018-10-18,1.4,1.4,1.4,1.4,0
2018-10-19,1.4,1.4,1.4,1.4,0
2018-10-22,1.4,1.4,1.4,1.4,0
2018-10-23,1.4,1.4,1.4,1.4,0
2018-10-24,1.4,1.4,1.4,1.4,0
2018-10-25,1.4,1.4,1.4,1.4,0
2018-10-26,1.4,1.4,1.4,1.4,0
2018-10-29,1.4,1.4,1.4,1.4,0
2018-10-30,1.4,1.4,1.4,1.4,0
2018-10-31,1.4,1.4,1.4,1.4,0
2018-11-01,1.4,1.4,1.4,1.4,0
2018-11-02,1.4,1.4,1.4,1.4,0
2018-11-05,1.4,1.4,1.4,1.4,0
2018-11-06,1.4,1.4,1.4,1.4,0
2018-11-07,1.4,1.4,1.4,1.4,0
2018-11-08,1.4,1.4,1.4,1.4,0
2018-11-09,1.4,1.4,1.4,1.4,0
2018-11-12,1.4,1.4,1.4,1.4,0
2018-11-13,1.4,1.4,1.4,1.4,0
2018-11-14,1.4,1.4,1.4,1.4,0
2018-11-15,1.4,1.4,1.4,1.4,0
2018-11-16,1.4,1.4,1.4,1.4,0
2018-11-19,1.4,1.4,1.4,1.4,0
2018-11-20,1.4,1.4,1.4,1.4,0
2018-11-21,1.4,1.4,1.4,1.4,0
2018-11-22,1.4,1.4,1.4,1.4,0
2018-11-23,1.4,1.4,1.4,1.4,0
2018-11-26,1.4,1.4,1.4,1.4,0
2018-11-27,1.4,1.4,1.4,1.4,0
2018-11-28,1.4,1.4,1.4,1.4,0
2018-11-29,1.4,1.4,1.4,1.4,0
2018-11-30,1.4,1.4,1.4,1.4,0
2018-12-03,1.4,1.4,1.4,1.4,0
2018-12-04,1.4,1.4,1.4,1.4,0
2018-12-05,1.4,1.4,1.4,1.4,0
2018-12-06,1.4,1.4,1.4,1.4,0
2018-12-07,1.4,1.4,1.4,1.4,0
2018-12-10,1.4,1.4,1.4,1.4,0
2018-12-11,1.4,1.4,1.4,1.4,0
2018-12-12,1.4,1.4,1.4,1.4,0
2018-12-13,1.4,1.4,1.4,1.4,0
2018-12-14,1.4,1.4,1.4,1.4,0
2018-12-17,1.4,1.4,1.4,1.4,0
2018-12-18,1.4,1.4,1.4,1.4,0
2018-12-19,1.4,1.4,1.4,1.4,0
2018-12-20,1.4,1.4,1.4,1.4,0
2018-12-21,1.4,1.4,1.4,1.4,0
2018-12-24,1.4,1.4,1.4,1.4,0
2018-12-25,1.4,1.4,1.4,1.4,0
2018-12-26,1.4,1.4,1.4,1.4,0
2018-12-27,1.4,1.4,1.4,1.4,0
2018-12-28,1.4,1.4,1.4,1.4,0
2019-01-02,1.4,1.4,1.4,1.4,0
2019-01-03,1.4,1.4,1.4,1.4,0
2019-01-04,1.4,1.4,1.4,1.4,0
2019-01-07,1.4,1.4,1.4,1.4,0
2019-01-08,1.4,1.4,1.4,1.4,0
2019-01-09,1.4,1.4,1.4,1.4,0
2019-01-10,1.4,1.4,1.4,1.4,0
2019-01-11,1.4,1.4,1.4,1.4,0
2019-01-14,1.4,1.4,1.4,1.4,0
2019-01-15,1.4,1.4,1.4,1.4,0
2019-01-16,1.4,1.4,1.4,1.4,0
2019-01-17,1.4,1.4,1.4,1.4,0
2019-01-18,1.4,1.4,1.4,1.4,0
2019-01-21,1.4,1.4,1.4,1.4,0
2019-01-22,1.4,1.4,1.4,1.4,0
2019-01-23,1.4,1.4,1.4,1.4,0
2019-01-24,1.4,1.4,1.4,1.4,0
2019-01-25,1.4,1.4,1.4,1.4,0
2019-01-28,1.4,1.4,1.4,1.4,0
2019-01-29,1.4,1.4,1.4,1.4,0
2019-01-30,1.4,1.4,1.4,1.4,0
2019-01-31,1.4,1.4,1.4,1.4,0
2019-02-01,1.4,1.4,1.4,1.4,0
2019-02-11,1.4,1.4,1.4,1.4,0
2019-02-12,1.4,1.4,1.4,1.4,0
2019-02-13,1.4,1.4,1.4,1.4,0
2019-02-14,1.4,1.4,1.4,1.4,0
2019-02-15,1.4,1.4,1.4,1.4,0
2019-02-18,1.4,1.4,1.4,1.4,0
2019-02-19,1.4,1.4,1.4,1.4,0
2019-02-20,1.4,1.4,1.4,1.4,0
2019-02-21,1.4,1.4,1.4,1.4,0
2019-02-22,1.4,1.4,1.4,1.4,0
2019-02-25,1.4,1.4,1.4,1.4,0
2019-02-26,1.4,1.4,1.4,1.4,0
2019-02-27,1.4,1.4,1.4,1.4,0
2019-02-28,1.4,1.4,1.4,1.4,0
2019-03-01,1.4,1.4,1.4,1.4,0
2019-03-04,1.4,1.4,1.4,1.4,0
2019-03-05,1.4,1.4,1.4,1.4,0
2019-03-06,1.4,1.4,1.4,1.4,0
2019-03-07,1.4,1.4,1.4,1.4,0
2019-03-08,1.4,1.4,1.4,1.4,0
2019-03-11,1.4,1.4,1.4,1.4,0
2019-03-12,1.4,1.4,1.4,1.4,0
2019-03-13,1.4,1.4,1.4,1.4,0
2019-03-14,1.4,1.4,1.4,1.4,0
2019-03-15,1.4,1.4,1.4,1.4,0
2019-03-18,1.4,1.4,1.4,1.4,0
2019-03-19,1.4,1.4,1.4,1.4,0
2019-03-20,1.4,1.4,1.4,1.4,0
2019-03-21,1.4,1.4,1.4,1.4,0
2019-03-22,1.4,1.4,1.4,1.4,0
2019-03-25,1.4,1.4,1.4,1.4,0
2019-03-26,1.4,1.4,1.4,1.4,0
2019-03-27,1.4,1.4,1.4,1.4,0
2019-03-28,1.4,1.4,1.4,1.4,0
2019-03-29,1.4,1.4,1.4,1.4,0
2019-04-01,1.4,1.4,1.4,1.4,0
2019-04-02,1.4,1.4,1.4,1.4,0
2019-04-03,1.4,1.4,1.4,1.4,0
2019-04-04,1.4,1.4,1.4,1.4,0
2019-04-05,1.4,1.4,1.4,1.4,0
2019-04-08,1.4,1.4,1.4,1.4,0
2019-04-09,1.4,1.4,1.4,1.4,0
2019-04-10,1.4,1.4,1.4,1.4,0
2019-04-11,1.4,1.4,1.4,1.4,0
2019-04-12,1.4,1.4,1.4,1.4,0
2019-04-16,1.4,1.4,1.4,1.4,0
2019-04-17,1.4,1.4,1.4,1.4,0
2019-04-18,1.4,1.4,1.4,1.4,0
2019-04-19,1.4,1.4,1.4,1.4,0
2019-04-22,1.4,1.4,1.4,1.4,0
2019-04-23,1.4,1.4,1.4,1.4,0
2019-04-24,1.4,1.4,1.4,1.4,0
2019-04-25,1.4,1.4,1.4,1.4,0
2019-04-26,1.4,1.4,1.4,1.4,0
2019-05-02,1.4,1.4,1.4,1.4,0
2019-05-03,1.4,1.4,1.4,1.4,0
2019-05-06,1.4,1.4,1.4,1.4,0
2019-05-07,1.4,1.4,1.4,1.4,0
2019-05-08,1.4,1.4,1.4,1.4,0
2019-05-09,1.4,1.4,1.4,1.4,0
2019-05-10,1.4,1.4,1.4,1.4,0
2019-05-13,1.4,1.4,1.4,1.4,0
2019-05-14,1.4,1.4,1.4,1.4,0
2019-05-15,1.4,1.4,1.4,1.4,0
2019-05-16,1.4,1.4,1.4,1.4,0
2019-05-17,1.4,1.4,1.4,1.4,0
2019-05-20,1.4,1.4,1.4,1.4,0
2019-05-21,1.4,1.4,1.4,1.4,0
2019-05-22,1.4,1.4,1.4,1.4,0
2019-05-23,1.4,1.4,1.4,1.4,0
2019-05-24,1.4,1.4,1.4,1.4,0
2019-05-27,1.4,1.4,1.4,1.4,0
2019-05-28,1.4,1.4,1.4,1.4,0
2019-05-29,1.4,1.4,1.4,1.4,0
2019-05-30,1.4,1.4,1.4,1.4,0
2019-05-31,1.4,1.4,1.4,1.4,0
2019-06-03,1.4,1.4,1.4,1.4,0
2019-06-04,1.4,1.4,1.4,1.4,0
2019-06-05,1.4,1.4,1.4,1.4,0
2019-06-06,1.4,1.4,1.4,1.4,0
2019-06-07,1.4,1.4,1.4,1.4,0
2019-06-10,1.4,1.4,1.4,1.4,0
2019-06-11,1.4,1.4,1.4,1.4,0
2019-06-12,1.4,1.4,1.4,1.4,0
2019-06-13,1.4,1.4,1.4,1.4,0
2019-06-14,1.4,1.4,1.4,1.4,0
2019-06-17,1.4,1.4,1.4,1.4,0
2019-06-18,1.4,1.4,1.4,1.4,0
2019-06-19,1.4,1.4,1.4,1.4,0
2019-06-20,1.4,1.4,1.4,1.4,0
2019-06-21,1.4,1.4,1.4,1.4,0
2019-06-24,1.4,1.4,1.4,1.4,0
2019-06-25,1.4,1.4,1.4,1.4,0
2019-06-26,1.4,1.4,1.4,1.4,0
2019-06-27,1.4,1.4,1.4,1.4,0
2019-06-28,1.4,1.4,1.4,1.4,0
2019-07-01,1.4,1.4,1.4,1.4,0
2019-07-02,1.4,1.4,1.4,1.4,0
2019-07-03,1.4,1.4,1.4,1.4,0
2019-07-04,1.4,1.4,1.4,1.4,0
2019-07-05,1.4,1.4,1.4,1.4,0
2019-07-08,1.4,1.4,1.4,1.4,0
2019-07-09,1.4,1.4,1.4,1.4,0
2019-07-10,1.4,1.4,1.4,1.4,0
2019-07-11,1.4,1.4,1.4,1.4,0
2019-07-12,1.4,1.4,1.4,1.4,0
2019-07-15,1.4,1.4,1.4,1.4,0
2019-07-16,1.4,1.4,1.4,1.4,0
2019-07-17,1.4,1.4,1.4,1.4,0
2019-07-18,1.4,1.4,1.4,1.4,0
2019-07-19,1.4,1.4,1.4,1.4,0
2019-07-22,1.4,1.4,1.4,1.4,0
2019-07-23,1.4,1.4,1.4,1.4,0
2019-07-24,1.4,1.4,1.4,1.4,0
2019-07-25,1.4,1.4,1.4,1.4,0
2019-07-26,1.4,1.4,1.4,1.4,0
2019-07-29,1.4,1.4,1.4,1.4,0
2019-07-30,1.4,1.4,1.4,1.4,0
2019-07-31,1.4,1.4,1.4,1.4,0
2019-08-01,1.4,1.4,1.4,1.4,0
2019-08-02,1.4,1.4,1.4,1.4,0
2019-08-05,1.4,1.4,1.4,1.4,0
2019-08-06,1.4,1.4,1.4,1.4,0
2019-08-07,1.4,1.4,1.4,1.4,0
2019-08-08,1.4,1.4,1.4,1.4,0
2019-08-09,1.4,1.4,1.4,1.4,0
2019-08-12,1.4,1.4,1.4,1.4,0
2019-08-13,1.4,1.4,1.4,1.4,0
2019-08-14,1.4,1.4,1.4,1.4,0
2019-08-15,1.4,1.4,1.4,1.4,0
2019-08-16,1.4,1.4,1.4,1.4,0
2019-08-19,1.4,1.4,1.4,1.4,0
2019-08-20,1.4,1.4,1.4,1.4,0
2019-08-21,1.4,1.4,1.4,1.4,0
2019-08-22,1.4,1.4,1.4,1.4,0
2019-08-23,1.4,1.4,1.4,1.4,0
2019-08-26,1.4,1.4,1.4,1.4,0
2019-08-27,1.4,1.4,1.4,1.4,0
2019-08-28,1.4,1.4,1.4,1.4,0
2019-08-29,1.4,1.4,1.4,1.4,0
2019-08-30,1.4,1.4,1.4,1.4,0
2019-09-03,1.4,1.4,1.4,1.4,0
2019-09-04,1.4,1.4,1.4,1.4,0
2019-09-05,1.4,1.4,1.4,1.4,0
2019-09-06,1.4,1.4,1.4,1.4,0
2019-09-09,1.4,1.4,1.4,1.4,0
2019-09-10,1.4,1.4,1.4,1.4,0
2019-09-11,1.4,1.4,1.4,1.4,0
2019-09-12,1.4,1.4,1.4,1.4,0
2019-09-13,1.4,1.4,1.4,1.4,0
2019-09-16,1.4,1.4,1.4,1.4,0
2019-09-17,1.4,1.4,1.4,1.4,0
2019-09-18,1.4,1.4,1.4,1.4,0
2019-09-19,1.4,1.4,1.4,1.4,0
2019-09-20,1.4,1.4,1.4,1.4,0
2019-09-23,1.4,1.4,1.4,1.4,0
2019-09-24,1.4,1.4,1.4,1.4,0
2019-09-25,1.4,1.4,1.4,1.4,0
2019-09-26,1.4,1.4,1.4,1.4,0
2019-09-27,1.4,1.4,1.4,1.4,0
2019-09-30,1.4,1.4,1.4,1.4,0
2019-10-01,1.4,1.4,1.4,1.4,0
2019-10-02,1.4,1.4,1.4,1.4,0
2019-10-03,1.4,1.4,1.4,1.4,0
2019-10-04,1.4,1.4,1.4,1.4,0
2019-10-07,1.4,1.4,1.4,1.4,0
2019-10-08,1.4,1.4,1.4,1.4,0
2019-10-09,1.4,1.4,1.4,1.4,0
2019-10-10,1.4,1.4,1.4,1.4,0
2019-10-11,1.4,1.4,1.4,1.4,0
2019-10-14,1.4,1.4,1.4,1.4,0
2019-10-15,1.4,1.4,1.4,1.4,0
2019-10-16,1.4,1.4,1.4,1.4,0
2019-10-17,1.4,1.4,1.4,1.4,0
2019-10-18,1.4,1.4,1.4,1.4,0
2019-10-21,1.4,1.4,1.4,1.4,0
2019-10-22,1.4,1.4,1.4,1.4,0
2019-10-23,1.4,1.4,1.4,1.4,0
2019-10-24,1.4,1.4,1.4,1.4,0
2019-10-25,1.4,1.4,1.4,1.4,0
2019-10-28,1.4,1.4,1.4,1.4,0
2019-10-29,1.4,1.4,1.4,1.4,0
2019-10-30,1.4,1.4,1.4,1.4,0
2019-10-31,1.4,1.4,1.4,1.4,0
2019-11-01,1.4,1.4,1.4,1.4,0
2019-11-04,1.4,1.4,1.4,1.4,0
2019-11-05,1.4,1.4,1.4,1.4,0
2019-11-06,1.4,1.4,1.4,1.4,0
2019-11-07,1.4,1.4,1.4,1.4,0
2019-11-08,1.4,1.4,1.4,1.4,0
2019-11-11,1.4,1.4,1.4,1.4,0
2019-11-12,1.4,1.4,1.4,1.4,0
2019-11-13,1.4,1.4,1.4,1.4,0
2019-11-14,1.4,1.4,1.4,1.4,0
2019-11-15,1.4,1.4,1.4,1.4,0
2019-11-18,1.4,1.4,1.4,1.4,0
2019-11-19,1.4,1.4,1.4,1.4,0
2019-11-20,1.4,1.4,1.4,1.4,0
2019-11-21,1.4,1.4,1.4,1.4,0
2019-11-22,1.4,1.4,1.4,1.4,0
2019-11-25,1.4,1.4,1.4,1.4,0
2019-11-26,1.4,1.4,1.4,1.4,0
2019-11-27,1.4,1.4,1.4,1.4,0
2019-11-28,1.4,1.4,1.4,1.4,0
2019-11-29,1.4,1.4,1.4,1.4,0
2019-12-02,1.4,1.4,1.4,1.4,0
2019-12-03,1.4,1.4,1.4,1.4,0
2019-12-04,1.4,1.4,1.4,1.4,0
2019-12-05,1.4,1.4,1.4,1.4,0
2019-12-06,1.4,1.4,1.4,1.4,0
2019-12-09,1.4,1.4,1.4,1.4,0
2019-12-10,1.4,1.4,1.4,1.4,0
2019-12-11,1.4,1.4,1.4,1.4,0
2019-12-12,1.4,1.4,1.4,1.4,0
2019-12-13,1.4,1.4,1.4,1.4,0
2019-12-16,1.4,1.4,1.4,1.4,0
2019-12-17,1.4,1.4,1.4,1.4,0
2019-12-18,1.4,1.4,1.4,1.4,0
2019-12-19,1.4,1.4,1.4,1.4,0
2019-12-20,1.4,1.4,1.4,1.4,0
2019-12-23,1.4,1.4,1.4,1.4,0
2019-12-24,1.4,1.4,1.4,1.4,0
2019-12-25,1.4,1.4,1.4,1.4,0
2019-12-26,1.4,1.4,1.4,1.4,0
2019-12-27,1.4,1.4,1.4,1.4,0
2019-12-30,1.4,1.4,1.4,1.4,0
2019-12-31,1.4,1.4,1.4,1.4,0
2020-01-02,1.4,1.4,1.4,1.4,0
2020-01-03,1.4,1.4,1.4,1.4,0
2020-01-06,1.4,1.4,1.4,1.4,0
2020-01-07,1.4,1.4,1.4,1.4,0
2020-01-08,1.4,1.4,1.4,1.4,0
2020-01-09,1.4,1.4,1.4,1.4,0
2020-01-10,1.4,1.4,1.4,1.4,0
2020-01-13,1.4,1.4,1.4,1.4,0
2020-01-14,1.4,1.4,1.4,1.4,0
2020-01-15,1.4,1.4,1.4,1.4,0
2020-01-16,1.4,1.4,1.4,1.4,0
2020-01-17,1.4,1.4,1.4,1.4,0
2020-01-20,1.4,1.4,1.4,1.4,0
2020-01-21,1.4,1.4,1.4,1.4,0
2020-01-22,1.4,1.4,1.4,1.4,0
2020-01-30,1.4,1.4,1.4,1.4,0
2020-01-31,1.4,1.4,1.4,1.4,0
2020-02-03,1.4,1.4,1.4,1.4,0
2020-02-04,1.4,1.4,1.4,1.4,0
2020-02-05,1.4,1.4,1.4,1.4,0
2020-02-06,1.4,1.4,1.4,1.4,0
2020-02-07,1.4,1.4,1.4,1.4,0
2020-02-10,1.4,1.4,1.4,1.4,0
2020-02-11,1.4,1.4,1.4,1.4,0
2020-02-12,1.4,1.4,1.4,1.4,0
2020-02-13,1.4,1.4,1.4,1.4,0
2020-02-14,1.4,1.4,1.4,1.4,0
2020-02-17,1.4,1.4,1.4,1.4,0
2020-02-18,1.4,1.4,1.4,1.4,0
2020-02-19,1.4,1.4,1.4,1.4,0
2020-02-20,1.4,1.4,1.4,1.4,0
2020-02-21,1.4,1.4,1.4,1.4,0
2020-02-24,1.4,1.4,1.4,1.4,0
2020-02-25,1.4,1.4,1.4,1.4,0
2020-02-26,1.4,1.4,1.4,1.4,0
2020-02-27,1.4,1.4,1.4,1.4,0
2020-02-28,1.4,1.4,1.4,1.4,0
2020-03-02,1.4,1.4,1.4,1.4,0
2020-03-03,1.4,1.4,1.4,1.4,0
2020-03-04,1.4,1.4,1.4,1.4,0
2020-03-05,1.4,1.4,1.4,1.4,0
2020-03-06,1.4,1.4,1.4,1.4,0
2020-03-09,1.4,1.4,1.4,1.4,0
2020-03-10,1.4,1.4,1.4,1.4,0
2020-03-11,1.4,1.4,1.4,1.4,0
2020-03-12,1.4,1.4,1.4,1.4,0
2020-03-13,1.4,1.4,1.4,1.4,0
2020-03-16,1.4,1.4,1.4,1.4,0
2020-03-17,1.4,1.4,1.4,1.4,0
2020-03-18,1.4,1.4,1.4,1.4,0
2020-03-19,1.4,1.4,1.4,1.4,0
2020-03-20,1.4,1.4,1.4,1.4,0
2020-03-23,1.4,1.4,1.4,1.4,0
2020-03-24,1.4,1.4,1.4,1.4,0
2020-03-25,1.4,1.4,1.4,1.4,0
2020-03-26,1.4,1.4,1.4,1.4,0
2020-03-27,1.4,1.4,1.4,1.4,0
2020-03-30,1.4,1.4,1.4,1.4,0
2020-03-31,1.4,1.4,1.4,1.4,0
2020-04-01,1.4,1.4,1.4,1.4,0
2020-04-03,1.4,1.4,1.4,1.4,0
2020-04-06,1.4,1.4,1.4,1.4,0
2020-04-07,1.4,1.4,1.4,1.4,0
2020-04-08,1.4,1.4,1.4,1.4,0
2020-04-09,1.4,1.4,1.4,1.4,0
2020-04-10,1.4,1.4,1.4,1.4,0
2020-04-13,1.4,1.4,1.4,1.4,0
2020-04-14,1.4,1.4,1.4,1.4,0
2020-04-15,1.4,1.4,1.4,1.4,0
2020-04-16,1.4,1.4,1.4,1.4,0
2020-04-17,1.4,1.4,1.4,1.4,0
2020-04-20,1.4,1.4,1.4,1.4,0
2020-04-21,1.4,1.4,1.4,1.4,0
2020-04-22,1.4,1.4,1.4,1.4,0
2020-04-23,1.4,1.4,1.4,1.4,0
2020-04-24,1.4,1.4,1.4,1.4,0
2020-04-27,1.4,1.4,1.4,1.4,0
2020-04-28,1.4,1.4,1.4,1.4,0
2020-04-29,1.4,1.4,1.4,1.4,0
2020-05-04,1.4,1.4,1.4,1.4,0
2020-05-05,1.4,1.4,1.4,1.4,0
2020-05-06,1.4,1.4,1.4,1.4,0
2020-05-07,1.4,1.4,1.4,1.4,0
2020-05-08,1.4,1.4,1.4,1.4,0
2020-05-11,1.4,1.4,1.4,1.4,0
2020-05-12,1.4,1.4,1.4,1.4,0
2020-05-13,1.4,1.4,1.4,1.4,0
2020-05-14,1.4,1.4,1.4,1.4,0
2020-05-15,1.4,1.4,1.4,1.4,0
2020-05-18,1.4,1.4,1.4,1.4,0
2020-05-19,1.4,1.4,1.4,1.4,0
2020-05-20,1.4,1.4,1.4,1.4,0
2020-05-21,1.4,1.4,1.4,1.4,0
2020-05-22,1.4,1.4,1.4,1.4,0
2020-05-25,1.4,1.4,1.4,1.4,0
2020-05-26,1.4,1.4,1.4,1.4,0
2020-05-27,1.4,1.4,1.4,1.4,0
2020-05-28,1.4,1.4,1.4,1.4,0
2020-05-29,1.4,1.4,1.4,1.4,0
2020-06-01,1.4,1.4,1.4,1.4,0
2020-06-02,1.4,1.4,1.4,1.4,0
2020-06-03,1.4,1.4,1.4,1.4,0
2020-06-04,1.4,1.4,1.4,1.4,0
2020-06-05,1.4,1.4,1.4,1.4,0
2020-06-08,1.4,1.4,1.4,1.4,0
2020-06-09,1.4,1.4,1.4,1.4,0
2020-06-10,1.4,1.4,1.4,1.4,0
2020-06-11,1.4,1.4,1.4,1.4,0
2020-06-12,1.4,1.4,1.4,1.4,0
2020-06-15,1.4,1.4,1.4,1.4,0
2020-06-16,1.4,1.4,1.4,1.4,0
2020-06-17,1.4,1.4,1.4,1.4,0
2020-06-18,1.4,1.4,1.4,1.4,0
2020-06-19,1.4,1.4,1.4,1.4,0
2020-06-22,1.4,1.4,1.4,1.4,0
2020-06-23,1.4,1.4,1.4,1.4,0
2020-06-24,1.4,1.4,1.4,1.4,0
2020-06-25,1.4,1.4,1.4,1.4,0
2020-06-26,1.4,1.4,1.4,1.4,0
2020-06-29,1.4,1.4,1.4,1.4,0
2020-06-30,1.4,1.4,1.4,1.4,0
2020-07-01,1.4,1.4,1.4,1.4,0
2020-07-02,1.4,1.4,1.4,1.4,0
2020-07-03,1.4,1.4,1.4,1.4,0
2020-07-06,1.4,1.4,1.4,1.4,0
2020-07-07,1.4,1.4,1.4,1.4,0
2020-07-08,1.4,1.4,1.4,1.4,0
2020-07-09,1.4,1.4,1.4,1.4,0
2020-07-10,1.4,1.4,1.4,1.4,0
2020-07-13,1.4,1.4,1.4,1.4,0
2020-07-14,1.4,1.4,1.4,1.4,0
2020-07-15,1.4,1.4,1.4,1.4,0
2020-07-16,1.4,1.4,1.4,1.4,0
2020-07-17,1.4,1.4,1.4,1.4,0
2020-07-20,1.4,1.4,1.4,1.4,0
2020-07-21,1.4,1.4,1.4,1.4,0
2020-07-22,1.4,1.4,1.4,1.4,0
2020-07-23,1.4,1.4,1.4,1.4,0
2020-07-24,1.4,1.4,1.4,1.4,0
2020-07-27,1.4,1.4,1.4,1.4,0
2020-07-28,1.4,1.4,1.4,1.4,0
2020-07-29,1.4,1.4,1.4,1.4,0
2020-07-30,1.4,1.4,1.4,1.4,0
2020-07-31,1.4,1.4,1.4,1.4,0
2020-08-03,1.4,1.4,1.4,1.4,0
2020-08-04,1.4,1.4,1.4,1.4,0
2020-08-05,1.4,1.4,1.4,1.4,0
2020-08-06,1.4,1.4,1.4,1.4,0
2020-08-07,1.4,1.4,1.4,1.4,0
2020-08-10,1.4,1.4,1.4,1.4,0
2020-08-11,1.4,1.4,1.4,1.4,0
2020-08-12,1.4,1.4,1.4,1.4,0
2020-08-13,1.4,1.4,1.4,1.4,0
2020-08-14,1.4,1.4,1.4,1.4,0
2020-08-17,1.4,1.4,1.4,1.4,0
2020-08-18,1.4,1.4,1.4,1.4,0
2020-08-19,1.4,1.4,1.4,1.4,0
2020-08-20,1.4,1.4,1.4,1.4,0
2020-08-21,1.4,1.4,1.4,1.4,0
2020-08-24,1.4,1.4,1.4,1.4,0
2020-08-25,1.4,1.4,1.4,1.4,0
2020-08-26,1.4,1.4,1.4,1.4,0
2020-08-27,1.4,1.4,1.4,1.4,0
2020-08-28,1.4,1.4,1.4,1.4,0
2020-08-31,1.4,1.4,1.4,1.4,0
2020-09-01,1.4,1.4,1.4,1.4,0
2020-09-03,1.4,1.4,1.4,1.4,0
2020-09-04,1.4,1.4,1.4,1.4,0
2020-09-07,1.4,1.4,1.4,1.4,0
2020-09-08,1.4,1.4,1.4,1.4,0
2020-09-09,1.4,1.4,1.4,1.4,0
2020-09-10,1.4,1.4,1.4,1.4,0
2020-09-11,1.4,1.4,1.4,1.4,0
2020-09-14,1.4,1.4,1.4,1.4,0
2020-09-15,1.4,1.4,1.4,1.4,0
2020-09-16,1.4,1.4,1.4,1.4,0
2020-09-17,1.4,1.4,1.4,1.4,0
2020-09-18,1.4,1.4,1.4,1.4,0
2020-09-21,1.4,1.4,1.4,1.4,0
2020-09-22,1.4,1.4,1.4,1.4,0
2020-09-23,1.4,1.4,1.4,1.4,0
2020-09-24,1.4,1.4,1.4,1.4,0
2020-09-25,1.4,1.4,1.4,1.4,0
2020-09-28,1.4,1.4,1.4,1.4,0
2020-09-29,1.4,1.4,1.4,1.4,0
2020-09-30,1.4,1.4,1.4,1.4,0
2020-10-01,1.4,1.4,1.4,1.4,0
2020-10-02,1.4,1.4,1.4,1.4,0
2020-10-05,1.4,1.4,1.4,1.4,0
2020-10-06,1.4,1.4,1.4,1.4,0
2020-10-07,1.4,1.4,1.4,1.4,0
2020-10-08,1.4,1.4,1.4,1.4,0
2020-10-09,1.4,1.4,1.4,1.4,0
2020-10-12,1.4,1.4,1.4,1.4,0
2020-10-13,1.4,1.4,1.4,1.4,0
2020-10-14,1.4,1.4,1.4,1.4,0
2020-10-15,1.4,1.4,1.4,1.4,0
2020-10-16,1.4,1.4,1.4,1.4,0
2020-10-19,1.4,1.4,1.4,1.4,0
2020-10-20,1.4,1.4,1.4,1.4,0
2020-10-21,1.4,1.4,1.4,1.4,0
2020-10-22,1.4,1.4,1.4,1.4,0
2020-10-23,1.4,1.4,1.4,1.4,0
2020-10-26,1.4,1.4,1.4,1.4,0
2020-10-27,1.4,1.4,1.4,1.4,0
2020-10-28,1.4,1.4,1.4,1.4,0
2020-10-29,1.4,1.4,1.4,1.4,0
2020-10-30,1.4,1.4,1.4,1.4,0
2020-11-02,1.4,1.4,1.4,1.4,0
2020-11-03,1.4,1.4,1.4,1.4,0
2020-11-04,1.4,1.4,1.4,1.4,0
2020-11-05,1.4,1.4,1.4,1.4,0
2020-11-06,1.4,1.4,1.4,1.4,0
2020-11-09,1.4,1.4,1.4,1.4,0
2020-11-10,1.4,1.4,1.4,1.4,0
2020-11-11,1.4,1.4,1.4,1.4,0
2020-11-12,1.4,1.4,1.4,1.4,0
2020-11-13,1.4,1.4,1.4,1.4,0
2020-11-16,1.4,1.4,1.4,1.4,0
2020-11-17,1.4,1.4,1.4,1.4,0
2020-11-18,1.4,1.4,1.4,1.4,0
2020-11-19,1.4,1.4,1.4,1.4,0
2020-11-20,1.4,1.4,1.4,1.4,0
2020-11-23,1.4,1.4,1.4,1.4,0
2020-11-24,1.4,1.4,1.4,1.4,0
2020-11-25,1.4,1.4,1.4,1.4,0
2020-11-26,1.4,1.4,1.4,1.4,0
2020-11-27,1.4,1.4,1.4,1.4,0
2020-11-30,1.4,1.4,1.4,1.4,0
2020-12-01,1.4,1.4,1.4,1.4,0
2020-12-02,1.4,1.4,1.4,1.4,0
2020-12-03,1.4,1.4,1.4,1.4,0
2020-12-04,1.4,1.4,1.4,1.4,0
2020-12-07,1.4,1.4,1.4,1.4,0
2020-12-08,1.4,1.4,1.4,1.4,0
2020-12-09,1.4,1.4,1.4,1.4,0
2020-12-10,1.4,1.4,1.4,1.4,0
2020-12-11,1.4,1.4,1.4,1.4,0
2020-12-14,1.4,1.4,1.4,1.4,0
2020-12-15,1.4,1.4,1.4,1.4,0
2020-12-16,1.4,1.4,1.4,1.4,0
2020-12-17,1.4,1.4,1.4,1.4,0
2020-12-18,1.4,1.4,1.4,1.4,0
2020-12-21,1.4,1.4,1.4,1.4,0
2020-12-22,1.4,1.4,1.4,1.4,0
2020-12-23,1.4,1.4,1.4,1.4,0
2020-12-24,1.4,1.4,1.4,1.4,0
2020-12-25,1.4,1.4,1.4,1.4,0
2020-12-28,1.4,1.4,1.4,1.4,0
2020-12-29,1.4,1.4,1.4,1.4,0
2020-12-30,1.4,1.4,1.4,1.4,0
2020-12-31,1.4,1.4,1.4,1.4,0
2021-01-04,1.4,1.4,1.4,1.4,0
2021-01-05,1.4,1.4,1.4,1.4,0
2021-01-06,1.4,1.4,1.4,1.4,0
2021-01-07,1.4,1.4,1.4,1.4,0
2021-01-08,1.4,1.4,1.4,1.4,0
2021-01-11,1.4,1.4,1.4,1.4,0
2021-01-12,1.4,1.4,1.4,1.4,0
2021-01-13,1.4,1.4,1.4,1.4,0
2021-01-14,1.4,1.4,1.4,1.4,0
2021-01-15,1.4,1.4,1.4,1.4,0
2021-01-18,1.4,1.4,1.4,1.4,0
2021-01-19,1.4,1.4,1.4,1.4,0
2021-01-20,1.4,1.4,1.4,1.4,0
2021-01-21,1.4,1.4,1.4,1.4,0
2021-01-22,1.4,1.4,1.4,1.4,0
2021-01-25,1.4,1.4,1.4,1.4,0
2021-01-26,1.4,1.4,1.4,1.4,0
2021-01-27,1.4,1.4,1.4,1.4,0
2021-01-28,1.4,1.4,1.4,1.4,0
2021-01-29,1.4,1.4,1.4,1.4,0
2021-02-01,1.4,1.4,1.4,1.4,0
2021-02-02,1.4,1.4,1.4,1.4,0
2021-02-03,1.4,1.4,1.4,1.4,0
2021-02-04,1.4,1.4,1.4,1.4,0
2021-02-05,1.4,1.4,1.4,1.4,0
2021-02-08,1.4,1.4,1.4,1.4,0
2021-02-09,1.4,1.4,1.4,1.4,0
2021-02-17,1.4,1.4,1.4,1.4,0
2021-02-18,1.4,1.4,1.4,1.4,0
2021-02-19,1.4,1.4,1.4,1.4,0
2021-02-22,1.4,1.4,1.4,1.4,0
2021-02-23,1.4,1.4,1.4,1.4,0
2021-02-24,1.4,1.4,1.4,1.4,0
2021-02-25,1.4,1.4,1.4,1.4,0
2021-02-26,1.4,1.4,1.4,1.4,0
2021-03-01,1.4,1.4,1.4,1.4,0
2021-03-02,1.4,1.4,1.4,1.4,0
2021-03-03,1.4,1.4,1.4,1.4,0
2021-03-04,1.4,1.4,1.4,1.4,0
2021-03-05,1.4,1.4,1.4,1.4,0
2021-03-08,1.4,1.4,1.4,1.4,0
2021-03-09,1.4,1.4,1.4,1.4,0
2021-03-10,1.4,1.4,1.4,1.4,0
2021-03-11,1.4,1.4,1.4,1.4,0
2021-03-12,1.4,1.4,1.4,1.4,0
2021-03-15,1.4,1.4,1.4,1.4,0
2021-03-16,1.4,1.4,1.4,1.4,0
2021-03-17,1.4,1.4,1.4,1.4,0
2021-03-18,1.4,1.4,1.4,1.4,0
2021-03-19,1.4,1.4,1.4,1.4,0
2021-03-22,1.4,1.4,1.4,1.4,0
2021-03-23,1.4,1.4,1.4,1.4,0
2021-03-24,1.4,1.4,1.4,1.4,0
2021-03-25,1.4,1.4,1.4,1.4,0
2021-03-26,1.4,1.4,1.4,1.4,0
2021-03-29,1.4,1.4,1.4,1.4,0
2021-03-30,1.4,1.4,1.4,1.4,0
2021-03-31,1.4,1.4,1.4,1.4,0
2021-04-01,1.4,1.4,1.4,1.4,0
2021-04-02,1.4,1.4,1.4,1.4,0
2021-04-05,1.4,1.4,1.4,1.4,0
2021-04-06,1.4,1.4,1.4,1.4,0
2021-04-07,1.4,1.4,1.4,1.4,0
2021-04-08,1.4,1.4,1.4,1.4,0
2021-04-09,1.4,1.4,1.4,1.4,0
2021-04-12,1.4,1.4,1.4,1.4,0
2021-04-13,1.4,1.4,1.4,1.4,0
2021-04-14,1.4,1.4,1.4,1.4,0
2021-04-15,1.4,1.4,1.4,1.4,0
2021-04-16,1.4,1.4,1.4,1.4,0
2021-04-19,1.4,1.4,1.4,1.4,0
2021-04-20,1.4,1.4,1.4,1.4,0
2021-04-22,1.4,1.4,1.4,1.4,0
2021-04-23,1.4,1.4,1.4,1.4,0
2021-04-26,1.4,1.4,1.4,1.4,0
2021-04-27,1.4,1.4,1.4,1.4,0
2021-04-28,1.4,1.4,1.4,1.4,0
2021-04-29,1.4,1.4,1.4,1.4,0
2021-05-04,1.4,1.4,1.4,1.4,0
2021-05-05,1.4,1.4,1.4,1.4,0
2021-05-06,1.4,1.4,1.4,1.4,0
2021-05-07,1.4,1.4,1.4,1.4,0
2021-05-10,1.4,1.4,1.4,1.4,0
2021-05-11,1.4,1.4,1.4,1.4,0
2021-05-12,1.4,1.4,1.4,1.4,0
2021-05-13,1.4,1.4,1.4,1.4,0
2021-05-14,1.4,1.4,1.4,1.4,0
2021-05-17,1.4,1.4,1.4,1.4,0
2021-05-18,1.4,1.4,1.4,1.4,0
2021-05-19,1.4,1.4,1.4,1.4,0
2021-05-20,1.4,1.4,1.4,1.4,0
2021-05-21,1.4,1.4,1.4,1.4,0
2021-05-24,1.4,1.4,1.4,1.4,0
2021-05-25,1.4,1.4,1.4,1.4,0
2021-05-26,1.4,1.4,1.4,1.4,0
2021-05-27,1.4,1.4,1.4,1.4,0
2021-05-28,1.4,1.4,1.4,1.4,0
2021-05-31,1.4,1.4,1.4,1.4,0
2021-06-01,1.4,1.4,1.4,1.4,0
2021-06-02,1.4,1.4,1.4,1.4,0
2021-06-03,1.4,1.4,1.4,1.4,0
2021-06-04,1.4,1.4,1.4,1.4,0
2021-06-07,1.4,1.4,1.4,1.4,0
2021-06-08,1.4,1.4,1.4,1.4,0
2021-06-09,1.4,1.4,1.4,1.4,0
2021-06-10,1.4,1.4,1.4,1.4,0
2021-06-11,1.4,1.4,1.4,1.4,0
2021-06-14,1.4,1.4,1.4,1.4,0
2021-06-15,1.4,1.4,1.4,1.4,0
2021-06-16,1.4,1.4,1.4,1.4,0
2021-06-17,1.4,1.4,1.4,1.4,0
2021-06-18,1.4,1.4,1.4,1.4,0
2021-06-21,1.4,1.4,1.4,1.4,0
2021-06-22,1.4,1.4,1.4,1.4,0
2021-06-23,1.4,1.4,1.4,1.4,0
2021-06-24,1.4,1.4,1.4,1.4,0
2021-06-25,1.4,1.4,1.4,1.4,0
2021-06-28,1.4,1.4,1.4,1.4,0
2021-06-29,1.4,1.4,1.4,1.4,0
2021-06-30,1.4,1.4,1.4,1.4,0
2021-07-01,1.4,1.4,1.4,1.4,0
2021-07-02,1.4,1.4,1.4,1.4,0
2021-07-05,1.4,1.4,1.4,1.4,0
2021-07-06,1.4,1.4,1.4,1.4,0
2021-07-07,1.4,1.4,1.4,1.4,0
2021-07-08,1.4,1.4,1.4,1.4,0
2021-07-09,1.4,1.4,1.4,1.4,0
2021-07-12,1.4,1.4,1.4,1.4,0
2021-07-13,1.4,1.4,1.4,1.4,0
2021-07-14,1.4,1.4,1.4,1.4,0
2021-07-15,1.4,1.4,1.4,1.4,0
2021-07-16,1.4,1.4,1.4,1.4,0
2021-07-19,1.4,1.4,1.4,1.4,0
2021-07-20,1.4,1.4,1.4,1.4,0
2021-07-21,1.4,1.4,1.4,1.4,0
2021-07-22,1.4,1.4,1.4,1.4,0
2021-07-23,1.4,1.4,1.4,1.4,0
2021-07-26,1.4,1.4,1.4,1.4,0
2021-07-27,1.4,1.4,1.4,1.4,0
2021-07-28,1.4,1.4,1.4,1.4,0
2021-07-29,1.4,1.4,1.4,1.4,0
2021-07-30,1.4,1.4,1.4,1.4,0
2021-08-02,1.4,1.4,1.4,1.4,0
2021-08-03,1.4,1.4,1.4,1.4,0
2021-08-04,1.4,1.4,1.4,1.4,0
2021-08-05,1.4,1.4,1.4,1.4,0
2021-08-06,1.4,1.4,1.4,1.4,0
2021-08-09,1.4,1.4,1.4,1.4,0
2021-08-10,1.4,1.4,1.4,1.4,0
2021-08-11,1.4,1.4,1.4,1.4,0
2021-08-12,1.4,1.4,1.4,1.4,0
2021-08-13,1.4,1.4,1.4,1.4,0
2021-08-16,1.4,1.4,1.4,1.4,0
2021-08-17,1.4,1.4,1.4,1.4,0
2021-08-18,1.4,1.4,1.4,1.4,0
2021-08-19,1.4,1.4,1.4,1.4,0
2021-08-20,1.4,1.4,1.4,1.4,0
2021-08-23,1.4,1.4,1.4,1.4,0
2021-08-24,1.4,1.4,1.4,1.4,0
2021-08-25,1.4,1.4,1.4,1.4,0
2021-08-26,1.4,1.4,1.4,1.4,0
2021-08-27,1.4,1.4,1.4,1.4,0
2021-08-30,1.4,1.4,1.4,1.4,0
2021-08-31,1.4,1.4,1.4,1.4,0
2021-09-01,1.4,1.4,1.4,1.4,0
2021-09-06,1.4,1.4,1.4,1.4,0
2021-09-07,1.4,1.4,1.4,1.4,0
2021-09-08,1.4,1.4,1.4,1.4,0
2021-09-09,1.4,1.4,1.4,1.4,0
2021-09-10,1.4,1.4,1.4,1.4,0
2021-09-13,1.4,1.4,1.4,1.4,0
2021-09-14,1.4,1.4,1.4,1.4,0
2021-09-15,1.4,1.4,1.4,1.4,0
2021-09-16,1.4,1.4,1.4,1.4,0
2021-09-17,1.4,1.4,1.4,1.4,0
2021-09-20,1.4,1.4,1.4,1.4,0
2021-09-21,1.4,1.4,1.4,1.4,0
2021-09-22,1.4,1.4,1.4,1.4,0
2021-09-23,1.4,1.4,1.4,1.4,0
2021-09-24,1.4,1.4,1.4,1.4,0
2021-09-27,1.4,1.4,1.4,1.4,0
2021-09-28,1.4,1.4,1.4,1.4,0
2021-09-29,1.4,1.4,1.4,1.4,0
2021-09-30,1.4,1.4,1.4,1.4,0
2021-10-01,1.4,1.4,1.4,1.4,0
2021-10-04,1.4,1.4,1.4,1.4,0
2021-10-05,1.4,1.4,1.4,1.4,0
2021-10-06,1.4,1.4,1.4,1.4,0
2021-10-07,1.4,1.4,1.4,1.4,0
2021-10-08,1.4,1.4,1.4,1.4,0
2021-10-11,1.4,1.4,1.4,1.4,0
2021-10-12,1.4,1.4,1.4,1.4,0
2021-10-13,1.4,1.4,1.4,1.4,0
2021-10-14,1.4,1.4,1.4,1.4,0
2021-10-15,1.4,1.4,1.4,1.4,0
2021-10-18,1.4,1.4,1.4,1.4,0
2021-10-19,1.4,1.4,1.4,1.4,0
2021-10-20,1.4,1.4,1.4,1.4,0
2021-10-21,1.4,1.4,1.4,1.4,0
2021-10-22,1.4,1.4,1.4,1.4,0
2021-10-25,1.4,1.4,1.4,1.4,0
2021-10-26,1.4,1.4,1.4,1.4,0
2021-10-27,1.4,1.4,1.4,1.4,0
2021-10-28,1.4,1.4,1.4,1.4,0
2021-10-29,1.4,1.4,1.4,1.4,0
2021-11-01,1.4,1.4,1.4,1.4,0
2021-11-02,1.4,1.4,1.4,1.4,0
2021-11-03,1.4,1.4,1.4,1.4,0
2021-11-04,1.4,1.4,1.4,1.4,0
2021-11-05,1.5,1.5,1.5,1.5,2000
2021-11-08,1.5,1.5,1.5,1.5,0
2021-11-09,1.5,1.5,1.5,1.5,0
2021-11-10,1.5,1.5,1.5,1.5,0
2021-11-11,1.5,1.5,1.5,1.5,0
2021-11-12,1.7,1.7,1.7,1.7,100
2021-11-15,1.7,1.7,1.7,1.7,0
2021-11-16,1.7,1.7,1.7,1.7,0
2021-11-17,1.7,1.7,1.7,1.7,0
2021-11-18,1.7,1.7,1.7,1.7,0
2021-11-19,1.9,1.9,1.9,1.9,100
2021-11-22,1.9,1.9,1.9,1.9,0
2021-11-23,1.9,1.9,1.9,1.9,0
2021-11-24,1.9,1.9,1.9,1.9,0
2021-11-25,1.9,1.9,1.9,1.9,0
2021-11-26,2.1,2.1,2.1,2.1,100
2021-11-29,2.1,2.1,2.1,2.1,0
2021-11-30,2.1,2.1,2.1,2.1,0
2021-12-01,2.1,2.1,2.1,2.1,0
2021-12-02,2.1,2.1,2.1,2.1,0
2021-12-03,2.4,2.4,2.4,2.4,100
2021-12-06,2.4,2.4,2.4,2.4,0
2021-12-07,2.4,2.4,2.4,2.4,0
2021-12-08,2.4,2.4,2.4,2.4,0
2021-12-09,2.4,2.4,2.4,2.4,0
2021-12-10,2.7,2.7,2.7,2.7,100
2021-12-13,2.7,2.7,2.7,2.7,0
2021-12-14,2.7,2.7,2.7,2.7,0
2021-12-15,2.7,2.7,2.7,2.7,0
2021-12-16,2.7,2.7,2.7,2.7,0
2021-12-17,3.1,3.1,3.1,3.1,200
2021-12-20,3.1,3.1,3.1,3.1,0
2021-12-21,3.1,3.1,3.1,3.1,0
2021-12-22,3.1,3.1,3.1,3.1,0
2021-12-23,3.1,3.1,3.1,3.1,0
2021-12-24,3.5,3.5,3.5,3.5,100
2021-12-27,3.5,3.5,3.5,3.5,0
2021-12-28,3.5,3.5,3.5,3.5,0
2021-12-29,3.5,3.5,3.5,3.5,0
2021-12-30,3.5,3.5,3.5,3.5,0
2021-12-31,4.0,4.0,4.0,4.0,100
2022-01-04,4.0,4.0,4.0,4.0,0
2022-01-05,4.0,4.0,4.0,4.0,0
2022-01-06,4.0,4.0,4.0,4.0,0
2022-01-07,4.6,4.6,4.6,4.6,100
2022-01-10,4.6,4.6,4.6,4.6,0
2022-01-11,4.6,4.6,4.6,4.6,0
2022-01-12,4.6,4.6,4.6,4.6,0
2022-01-13,4.6,4.6,4.6,4.6,0
2022-01-14,5.2,5.2,5.2,5.2,200
2022-01-17,5.2,5.2,5.2,5.2,0
2022-01-18,5.2,5.2,5.2,5.2,0
2022-01-19,5.2,5.2,5.2,5.2,0
2022-01-20,5.2,5.2,5.2,5.2,0
2022-01-21,5.9,5.9,5.9,5.9,100
2022-01-24,5.9,5.9,5.9,5.9,0
2022-01-25,5.9,5.9,5.9,5.9,0
2022-01-26,5.9,5.9,5.9,5.9,0
2022-01-27,5.9,5.9,5.9,5.9,0
2022-01-28,6.7,6.7,6.7,6.7,1100
2022-02-07,6.7,6.7,6.7,6.7,0
2022-02-08,6.7,6.7,6.7,6.7,0
2022-02-09,6.7,6.7,6.7,6.7,0
2022-02-10,6.7,6.7,6.7,6.7,0
2022-02-11,5.7,5.7,5.7,5.7,200
2022-02-14,5.7,5.7,5.7,5.7,0
2022-02-15,5.7,5.7,5.7,5.7,0
2022-02-16,5.7,5.7,5.7,5.7,0
2022-02-17,5.7,5.7,5.7,5.7,0
2022-02-18,4.9,4.9,4.9,4.9,1000
2022-02-21,4.9,4.9,4.9,4.9,0
2022-02-22,4.9,4.9,4.9,4.9,0
2022-02-23,4.9,4.9,4.9,4.9,0
2022-02-24,4.9,4.9,4.9,4.9,0
2022-02-25,5.6,5.6,5.6,5.6,400
2022-02-28,5.6,5.6,5.6,5.6,0
2022-03-01,5.6,5.6,5.6,5.6,0
2022-03-02,5.6,5.6,5.6,5.6,0
2022-03-03,5.6,5.6,5.6,5.6,0
2022-03-04,6.4,6.4,6.4,6.4,600
2022-03-07,6.4,6.4,6.4,6.4,0
2022-03-08,6.4,6.4,6.4,6.4,0
2022-03-09,6.4,6.4,6.4,6.4,0
2022-03-10,6.4,6.4,6.4,6.4,0
2022-03-11,6.4,6.4,6.4,6.4,0
2022-03-14,6.4,6.4,6.4,6.4,0
2022-03-15,6.4,6.4,6.4,6.4,0
2022-03-16,6.4,6.4,6.4,6.4,0
2022-03-17,6.4,6.4,6.4,6.4,0
2022-03-18,6.4,6.4,6.4,6.4,0
2022-03-21,6.4,6.4,6.4,6.4,0
2022-03-22,6.4,6.4,6.4,6.4,0
2022-03-23,6.4,6.4,6.4,6.4,0
2022-03-24,6.4,6.4,6.4,6.4,0
2022-03-25,6.4,6.4,6.4,6.4,0
2022-03-28,6.4,6.4,6.4,6.4,0
2022-03-29,6.4,6.4,6.4,6.4,0
2022-03-30,6.4,6.4,6.4,6.4,0
2022-03-31,6.4,6.4,6.4,6.4,0
2022-04-01,6.4,6.4,6.4,6.4,0
2022-04-04,6.4,6.4,6.4,6.4,0
2022-04-05,6.4,6.4,6.4,6.4,0
2022-04-06,6.4,6.4,6.4,6.4,0
2022-04-07,6.4,6.4,6.4,6.4,0
2022-04-08,6.4,6.4,6.4,6.4,0
2022-04-12,6.4,6.4,6.4,6.4,0
2022-04-13,6.4,6.4,6.4,6.4,0
2022-04-14,6.4,6.4,6.4,6.4,0
2022-04-15,5.5,5.5,5.5,5.5,100
2022-04-18,5.5,5.5,5.5,5.5,0
2022-04-19,5.5,5.5,5.5,5.5,0
2022-04-20,5.5,5.5,5.5,5.5,0
2022-04-21,5.5,5.5,5.5,5.5,0
2022-04-22,5.5,5.5,5.5,5.5,200
2022-04-25,5.5,5.5,5.5,5.5,0
2022-04-26,5.5,5.5,5.5,5.5,0
2022-04-27,5.5,5.5,5.5,5.5,0
2022-04-28,5.5,5.5,5.5,5.5,0
2022-04-29,5.5,5.5,5.5,5.5,0
2022-05-04,5.5,5.5,5.5,5.5,0
2022-05-05,5.5,5.5,5.5,5.5,0
2022-05-06,6.3,6.3,6.3,6.3,100
2022-05-09,6.3,6.3,6.3,6.3,0
2022-05-10,6.3,6.3,6.3,6.3,0
2022-05-11,6.3,6.3,6.3,6.3,0
2022-05-12,6.3,6.3,6.3,6.3,0
2022-05-13,6.3,6.3,6.3,6.3,0
2022-05-16,6.3,6.3,6.3,6.3,0
2022-05-17,6.3,6.3,6.3,6.3,0
2022-05-18,6.3,6.3,6.3,6.3,0
2022-05-19,6.3,6.3,6.3,6.3,0
2022-05-20,6.3,6.3,6.3,6.3,0
2022-05-23,6.3,6.3,6.3,6.3,0
2022-05-24,6.3,6.3,6.3,6.3,0
2022-05-25,6.3,6.3,6.3,6.3,0
2022-05-26,6.3,6.3,6.3,6.3,0
2022-05-27,6.3,6.3,6.3,6.3,0
2022-05-30,6.3,6.3,6.3,6.3,0
2022-05-31,6.3,6.3,6.3,6.3,0
2022-06-01,6.3,6.3,6.3,6.3,0
2022-06-02,6.3,6.3,6.3,6.3,0
2022-06-03,6.3,6.3,6.3,6.3,0
2022-06-06,6.3,6.3,6.3,6.3,0
2022-06-07,6.3,6.3,6.3,6.3,0
2022-06-08,6.3,6.3,6.3,6.3,0
2022-06-09,6.3,6.3,6.3,6.3,0
2022-06-10,6.6,6.6,6.6,6.6,100
2022-06-13,6.6,6.6,6.6,6.6,0
2022-06-14,6.6,6.6,6.6,6.6,0
2022-06-15,6.6,6.6,6.6,6.6,0
2022-06-16,6.6,6.6,6.6,6.6,0
2022-06-17,6.6,6.6,6.6,6.6,0
2022-06-20,6.6,6.6,6.6,6.6,0
2022-06-21,6.6,6.6,6.6,6.6,0
2022-06-22,6.6,6.6,6.6,6.6,0
2022-06-23,6.6,6.6,6.6,6.6,0
2022-06-24,6.6,6.6,6.6,6.6,0
2022-06-27,6.6,6.6,6.6,6.6,0
2022-06-28,6.6,6.6,6.6,6.6,0
2022-06-29,6.6,6.6,6.6,6.6,0
2022-06-30,6.6,6.6,6.6,6.6,0
2022-07-01,6.6,6.6,6.6,6.6,0
2022-07-04,6.6,6.6,6.6,6.6,0
2022-07-05,6.6,6.6,6.6,6.6,0
2022-07-06,6.6,6.6,6.6,6.6,0
2022-07-07,6.6,6.6,6.6,6.6,0
2022-07-08,6.6,6.6,6.6,6.6,0
2022-07-11,6.6,6.6,6.6,6.6,0
2022-07-12,6.6,6.6,6.6,6.6,0
2022-07-13,6.6,6.6,6.6,6.6,0
2022-07-14,6.6,6.6,6.6,6.6,0
2022-07-15,6.6,6.6,6.6,6.6,0
2022-07-18,6.6,6.6,6.6,6.6,0
2022-07-19,6.6,6.6,6.6,6.6,0
2022-07-20,6.6,6.6,6.6,6.6,0
2022-07-21,6.6,6.6,6.6,6.6,0
2022-07-22,6.6,6.6,6.6,6.6,0
2022-07-25,6.6,6.6,6.6,6.6,0
2022-07-26,6.6,6.6,6.6,6.6,0
2022-07-27,6.6,6.6,6.6,6.6,0
2022-07-28,6.6,6.6,6.6,6.6,0
2022-07-29,6.6,6.6,6.6,6.6,0
2022-08-01,6.6,6.6,6.6,6.6,0
2022-08-02,6.6,6.6,6.6,6.6,0
2022-08-03,6.6,6.6,6.6,6.6,0
2022-08-04,6.6,6.6,6.6,6.6,0
2022-08-05,7.5,7.5,7.5,7.5,100
2022-08-08,7.5,7.5,7.5,7.5,0
2022-08-09,7.5,7.5,7.5,7.5,0
2022-08-10,7.5,7.5,7.5,7.5,0
2022-08-11,7.5,7.5,7.5,7.5,0
2022-08-12,7.5,7.5,7.5,7.5,0
2022-08-15,7.5,7.5,7.5,7.5,0
2022-08-16,7.5,7.5,7.5,7.5,0
2022-08-17,7.5,7.5,7.5,7.5,0
2022-08-18,7.5,7.5,7.5,7.5,0
2022-08-19,8.6,8.6,8.6,8.6,100
2022-08-22,8.6,8.6,8.6,8.6,0
2022-08-23,8.6,8.6,8.6,8.6,0
2022-08-24,8.6,8.6,8.6,8.6,0
2022-08-25,8.6,8.6,8.6,8.6,0
2022-08-26,8.6,8.6,8.6,8.6,0
2022-08-29,8.6,8.6,8.6,8.6,0
2022-08-30,8.6,8.6,8.6,8.6,0
2022-08-31,8.6,8.6,8.6,8.6,0
2022-09-05,8.6,8.6,8.6,8.6,0
2022-09-06,8.6,8.6,8.6,8.6,0
2022-09-07,8.6,8.6,8.6,8.6,0
2022-09-08,8.6,8.6,8.6,8.6,0
2022-09-09,8.6,8.6,8.6,8.6,0
2022-09-12,8.6,8.6,8.6,8.6,0
2022-09-13,8.6,8.6,8.6,8.6,0
2022-09-14,8.6,8.6,8.6,8.6,0
2022-09-15,8.6,8.6,8.6,8.6,0
2022-09-16,8.6,8.6,8.6,8.6,0
2022-09-19,8.6,8.6,8.6,8.6,0
2022-09-20,8.6,8.6,8.6,8.6,0
2022-09-21,8.6,8.6,8.6,8.6,0
2022-09-22,8.6,8.6,8.6,8.6,0
2022-09-23,8.6,8.6,8.6,8.6,0
2022-09-26,8.6,8.6,8.6,8.6,0
2022-09-27,8.6,8.6,8.6,8.6,0
2022-09-28,8.6,8.6,8.6,8.6,0
2022-09-29,8.6,8.6,8.6,8.6,0
2022-09-30,8.6,8.6,8.6,8.6,0
2022-10-03,8.6,8.6,8.6,8.6,0
2022-10-04,8.6,8.6,8.6,8.6,0
2022-10-05,8.6,8.6,8.6,8.6,0
2022-10-06,8.6,8.6,8.6,8.6,0
2022-10-07,8.6,8.6,8.6,8.6,0
2022-10-10,8.6,8.6,8.6,8.6,0
2022-10-11,8.6,8.6,8.6,8.6,0
2022-10-12,8.6,8.6,8.6,8.6,0
2022-10-13,8.6,8.6,8.6,8.6,0
2022-10-14,8.6,8.6,8.6,8.6,0
2022-10-17,8.6,8.6,8.6,8.6,0
2022-10-18,8.6,8.6,8.6,8.6,0
2022-10-19,8.6,8.6,8.6,8.6,0
2022-10-20,8.6,8.6,8.6,8.6,0
2022-10-21,8.6,8.6,8.6,8.6,0
2022-10-24,8.6,8.6,8.6,8.6,0
2022-10-25,8.6,8.6,8.6,8.6,0
2022-10-26,8.6,8.6,8.6,8.6,0
2022-10-27,8.6,8.6,8.6,8.6,0
2022-10-28,8.6,8.6,8.6,8.6,0
2022-10-31,8.6,8.6,8.6,8.6,0
2022-11-01,8.6,8.6,8.6,8.6,0
2022-11-02,8.6,8.6,8.6,8.6,0
2022-11-03,8.6,8.6,8.6,8.6,0
2022-11-04,8.6,8.6,8.6,8.6,0
2022-11-07,8.6,8.6,8.6,8.6,0
2022-11-08,8.6,8.6,8.6,8.6,0
2022-11-09,8.6,8.6,8.6,8.6,0
2022-11-10,8.6,8.6,8.6,8.6,0
2022-11-11,8.6,8.6,8.6,8.6,0
2022-11-14,8.6,8.6,8.6,8.6,0
2022-11-15,8.6,8.6,8.6,8.6,0
2022-11-16,8.6,8.6,8.6,8.6,0
2022-11-17,8.6,8.6,8.6,8.6,0
2022-11-18,8.6,8.6,8.6,8.6,0
2022-11-21,8.6,8.6,8.6,8.6,0
2022-11-22,8.6,8.6,8.6,8.6,0
2022-11-23,8.6,8.6,8.6,8.6,0
2022-11-24,8.6,8.6,8.6,8.6,0
2022-11-25,8.6,8.6,8.6,8.6,0
2022-11-28,8.6,8.6,8.6,8.6,0
2022-11-29,8.6,8.6,8.6,8.6,0
2022-11-30,8.6,8.6,8.6,8.6,0
2022-12-01,8.6,8.6,8.6,8.6,0
2022-12-02,8.6,8.6,8.6,8.6,0
2022-12-05,8.6,8.6,8.6,8.6,0
2022-12-06,8.6,8.6,8.6,8.6,0
2022-12-07,8.6,8.6,8.6,8.6,0
2022-12-08,8.6,8.6,8.6,8.6,0
2022-12-09,8.6,8.6,8.6,8.6,0
2022-12-12,8.6,8.6,8.6,8.6,0
2022-12-13,8.6,8.6,8.6,8.6,0
2022-12-14,8.6,8.6,8.6,8.6,0
2022-12-15,8.6,8.6,8.6,8.6,0
2022-12-16,8.6,8.6,8.6,8.6,0
2022-12-19,8.6,8.6,8.6,8.6,0
2022-12-20,8.6,8.6,8.6,8.6,0
2022-12-21,8.6,8.6,8.6,8.6,0
2022-12-22,8.6,8.6,8.6,8.6,0
2022-12-23,8.6,8.6,8.6,8.6,0
2022-12-26,8.6,8.6,8.6,8.6,0
2022-12-27,8.6,8.6,8.6,8.6,0
2022-12-28,8.6,8.6,8.6,8.6,0
2022-12-29,8.6,8.6,8.6,8.6,0
2022-12-30,8.6,8.6,8.6,8.6,0
2023-01-03,8.6,8.6,8.6,8.6,0
2023-01-04,8.6,8.6,8.6,8.6,0
2023-01-05,8.6,8.6,8.6,8.6,0
2023-01-06,8.6,8.6,8.6,8.6,0
2023-01-09,8.6,8.6,8.6,8.6,0
2023-01-10,8.6,8.6,8.6,8.6,0
2023-01-11,8.6,8.6,8.6,8.6,0
2023-01-12,8.6,8.6,8.6,8.6,0
2023-01-13,8.6,8.6,8.6,8.6,0
2023-01-16,8.6,8.6,8.6,8.6,0
2023-01-17,8.6,8.6,8.6,8.6,0
2023-01-18,8.6,8.6,8.6,8.6,0
2023-01-19,8.6,8.6,8.6,8.6,0
2023-01-27,8.6,8.6,8.6,8.6,0
2023-01-30,8.6,8.6,8.6,8.6,0
2023-01-31,8.6,8.6,8.6,8.6,0
2023-02-01,8.6,8.6,8.6,8.6,0
2023-02-02,8.6,8.6,8.6,8.6,0
2023-02-03,8.6,8.6,8.6,8.6,0
2023-02-06,8.6,8.6,8.6,8.6,0
2023-02-07,8.6,8.6,8.6,8.6,0
2023-02-08,8.6,8.6,8.6,8.6,0
2023-02-09,8.6,8.6,8.6,8.6,0
2023-02-10,8.6,8.6,8.6,8.6,0
2023-02-13,8.6,8.6,8.6,8.6,0
2023-02-14,8.6,8.6,8.6,8.6,0
2023-02-15,8.6,8.6,8.6,8.6,0
2023-02-16,8.6,8.6,8.6,8.6,0
2023-02-17,8.6,8.6,8.6,8.6,0
2023-02-20,8.6,8.6,8.6,8.6,0
2023-02-21,8.6,8.6,8.6,8.6,0
2023-02-22,8.6,8.6,8.6,8.6,0
2023-02-23,8.6,8.6,8.6,8.6,0
2023-02-24,8.6,8.6,8.6,8.6,0
2023-02-27,8.6,8.6,8.6,8.6,0
2023-02-28,8.6,8.6,8.6,8.6,0
2023-03-01,8.6,8.6,8.6,8.6,0
2023-03-02,8.6,8.6,8.6,8.6,0
2023-03-03,8.6,8.6,8.6,8.6,0
2023-03-06,8.6,8.6,8.6,8.6,0
2023-03-07,8.6,8.6,8.6,8.6,0
2023-03-08,8.6,8.6,8.6,8.6,0
2023-03-09,8.6,8.6,8.6,8.6,0
2023-03-10,8.6,8.6,8.6,8.6,0
2023-03-13,8.6,8.6,8.6,8.6,0
2023-03-14,8.6,8.6,8.6,8.6,0
2023-03-15,8.6,8.6,8.6,8.6,0
2023-03-16,8.6,8.6,8.6,8.6,0
2023-03-17,8.6,8.6,8.6,8.6,0
2023-03-20,8.6,8.6,8.6,8.6,0
2023-03-21,8.6,8.6,8.6,8.6,0
2023-03-22,8.6,8.6,8.6,8.6,0
2023-03-23,8.6,8.6,8.6,8.6,0
2023-03-24,8.6,8.6,8.6,8.6,0
2023-03-27,8.6,8.6,8.6,8.6,0
2023-03-28,8.6,8.6,8.6,8.6,0
2023-03-29,8.6,8.6,8.6,8.6,0
2023-03-30,8.6,8.6,8.6,8.6,0
2023-03-31,8.6,8.6,8.6,8.6,0
2023-04-03,8.6,8.6,8.6,8.6,0
2023-04-04,8.6,8.6,8.6,8.6,0
2023-04-05,8.6,8.6,8.6,8.6,0
2023-04-06,8.6,8.6,8.6,8.6,0
2023-04-07,8.6,8.6,8.6,8.6,0
2023-04-10,8.6,8.6,8.6,8.6,0
2023-04-11,8.6,8.6,8.6,8.6,0
2023-04-12,8.6,8.6,8.6,8.6,0
2023-04-13,8.6,8.6,8.6,8.6,0
2023-04-14,8.6,8.6,8.6,8.6,0
2023-04-17,8.6,8.6,8.6,8.6,0
2023-04-18,8.6,8.6,8.6,8.6,0
2023-04-19,8.6,8.6,8.6,8.6,0
2023-04-20,8.6,8.6,8.6,8.6,0
2023-04-21,8.6,8.6,8.6,8.6,0
2023-04-24,8.6,8.6,8.6,8.6,0
2023-04-25,8.6,8.6,8.6,8.6,0
2023-04-26,8.6,8.6,8.6,8.6,0
2023-04-27,8.6,8.6,8.6,8.6,0
2023-04-28,8.6,8.6,8.6,8.6,0
2023-05-04,8.6,8.6,8.6,8.6,0
2023-05-05,8.6,8.6,8.6,8.6,0
2023-05-08,8.6,8.6,8.6,8.6,0
2023-05-09,8.6,8.6,8.6,8.6,0
2023-05-10,8.6,8.6,8.6,8.6,0
2023-05-11,8.6,8.6,8.6,8.6,0
2023-05-12,8.6,8.6,8.6,8.6,0
2023-05-15,8.6,8.6,8.6,8.6,0
2023-05-16,8.6,8.6,8.6,8.6,0
2023-05-17,8.6,8.6,8.6,8.6,0
2023-05-18,8.6,8.6,8.6,8.6,0
2023-05-19,8.6,8.6,8.6,8.6,0
2023-05-22,8.6,8.6,8.6,8.6,0
2023-05-23,8.6,8.6,8.6,8.6,0
2023-05-24,8.6,8.6,8.6,8.6,0
2023-05-25,8.6,8.6,8.6,8.6,0
2023-05-26,8.6,8.6,8.6,8.6,0
2023-05-29,8.6,8.6,8.6,8.6,0
2023-05-30,8.6,8.6,8.6,8.6,0
2023-05-31,8.6,8.6,8.6,8.6,0
2023-06-01,8.6,8.6,8.6,8.6,0
2023-06-02,8.6,8.6,8.6,8.6,0
2023-06-05,8.6,8.6,8.6,8.6,0
2023-06-06,8.6,8.6,8.6,8.6,0
2023-06-07,8.6,8.6,8.6,8.6,0
2023-06-08,8.6,8.6,8.6,8.6,0
2023-06-09,8.6,8.6,8.6,8.6,0
2023-06-12,8.6,8.6,8.6,8.6,0
2023-06-13,8.6,8.6,8.6,8.6,0
2023-06-14,8.6,8.6,8.6,8.6,0
2023-06-15,8.6,8.6,8.6,8.6,0
2023-06-16,8.6,8.6,8.6,8.6,0
2023-06-19,8.6,8.6,8.6,8.6,0
2023-06-20,8.6,8.6,8.6,8.6,0
2023-06-21,8.6,8.6,8.6,8.6,0
2023-06-22,8.6,8.6,8.6,8.6,0
2023-06-23,8.6,8.6,8.6,8.6,0
2023-06-26,8.6,8.6,8.6,8.6,0
2023-06-27,8.6,8.6,8.6,8.6,0
2023-06-28,8.6,8.6,8.6,8.6,0
2023-06-29,8.6,8.6,8.6,8.6,0
2023-06-30,8.6,8.6,8.6,8.6,0
2023-07-03,8.6,8.6,8.6,8.6,0
2023-07-04,8.6,8.6,8.6,8.6,0
2023-07-05,8.6,8.6,8.6,8.6,0
2023-07-06,8.6,8.6,8.6,8.6,0
2023-07-07,8.6,8.6,8.6,8.6,0
2023-07-10,8.6,8.6,8.6,8.6,0
2023-07-11,8.6,8.6,8.6,8.6,0
2023-07-12,8.6,8.6,8.6,8.6,0
2023-07-13,8.6,8.6,8.6,8.6,0
2023-07-14,8.6,8.6,8.6,8.6,0
2023-07-17,8.6,8.6,8.6,8.6,0
2023-07-18,8.6,8.6,8.6,8.6,0
2023-07-19,8.6,8.6,8.6,8.6,0
2023-07-20,8.6,8.6,8.6,8.6,0
2023-07-21,8.6,8.6,8.6,8.6,0
2023-07-24,8.6,8.6,8.6,8.6,0
2023-07-25,8.6,8.6,8.6,8.6,0
2023-07-26,8.6,8.6,8.6,8.6,0
2023-07-27,8.6,8.6,8.6,8.6,0
2023-07-28,8.6,8.6,8.6,8.6,0
2023-07-31,8.6,8.6,8.6,8.6,0
2023-08-01,8.6,8.6,8.6,8.6,0
2023-08-02,8.6,8.6,8.6,8.6,0
2023-08-03,8.6,8.6,8.6,8.6,0
2023-08-04,8.6,8.6,8.6,8.6,0
2023-08-07,8.6,8.6,8.6,8.6,0
2023-08-08,8.6,8.6,8.6,8.6,0
2023-08-09,8.6,8.6,8.6,8.6,0
2023-08-10,8.6,8.6,8.6,8.6,0
2023-08-11,8.6,8.6,8.6,8.6,0
2023-08-14,8.6,8.6,8.6,8.6,0
2023-08-15,8.6,8.6,8.6,8.6,0
2023-08-16,8.6,8.6,8.6,8.6,0
2023-08-17,8.6,8.6,8.6,8.6,0
2023-08-18,8.6,8.6,8.6,8.6,0
2023-08-21,8.6,8.6,8.6,8.6,0
2023-08-22,8.6,8.6,8.6,8.6,0
2023-08-23,8.6,8.6,8.6,8.6,0
2023-08-24,8.6,8.6,8.6,8.6,0
2023-08-25,8.6,8.6,8.6,8.6,0
2023-08-28,8.6,8.6,8.6,8.6,0
2023-08-29,8.6,8.6,8.6,8.6,0
2023-08-30,8.6,8.6,8.6,8.6,0
2023-08-31,8.6,8.6,8.6,8.6,0
2023-09-05,8.6,8.6,8.6,8.6,0
2023-09-06,8.6,8.6,8.6,8.6,0
2023-09-07,8.6,8.6,8.6,8.6,0
2023-09-08,8.6,8.6,8.6,8.6,0
2023-09-11,8.6,8.6,8.6,8.6,0
2023-09-12,8.6,8.6,8.6,8.6,0
2023-09-13,8.6,8.6,8.6,8.6,0
2023-09-14,8.6,8.6,8.6,8.6,0
2023-09-15,8.6,8.6,8.6,8.6,0
2023-09-18,8.6,8.6,8.6,8.6,0
2023-09-19,8.6,8.6,8.6,8.6,0
2023-09-20,8.6,8.6,8.6,8.6,0
2023-09-21,8.6,8.6,8.6,8.6,0
2023-09-22,5.2,5.2,5.2,5.2,200
2023-09-25,5.2,5.2,5.2,5.2,0
2023-09-26,5.2,5.2,5.2,5.2,0
2023-09-27,5.2,5.2,5.2,5.2,0
2023-09-28,5.2,5.2,5.2,5.2,0
2023-09-29,4.5,4.5,4.5,4.5,200
2023-10-02,4.5,4.5,4.5,4.5,0
2023-10-03,4.5,4.5,4.5,4.5,0
2023-10-04,4.5,4.5,4.5,4.5,0
2023-10-05,4.5,4.5,4.5,4.5,0
2023-10-06,3.9,3.9,3.9,3.9,100
2023-10-09,3.9,3.9,3.9,3.9,0
2023-10-10,3.9,3.9,3.9,3.9,0
2023-10-11,3.9,3.9,3.9,3.9,0
2023-10-12,3.9,3.9,3.9,3.9,0
2023-10-13,3.4,3.4,3.4,3.4,100
2023-10-16,3.4,3.4,3.4,3.4,0
2023-10-17,3.4,3.4,3.4,3.4,0
2023-10-18,3.4,3.4,3.4,3.4,0
2023-10-19,3.4,3.4,3.4,3.4,0
2023-10-20,2.9,2.9,2.9,2.9,100
2023-10-23,2.9,2.9,2.9,2.9,0
2023-10-24,2.9,2.9,2.9,2.9,0
2023-10-25,2.9,2.9,2.9,2.9,0
2023-10-26,2.9,2.9,2.9,2.9,0
2023-10-27,2.5,2.5,2.5,2.5,100
2023-10-30,2.5,2.5,2.5,2.5,0
2023-10-31,2.5,2.5,2.5,2.5,0
2023-11-01,2.5,2.5,2.5,2.5,0
2023-11-02,2.5,2.5,2.5,2.5,0
2023-11-03,2.2,2.5,2.2,2.5,200
2023-11-06,2.4,2.4,2.4,2.4,0
2023-11-07,2.4,2.4,2.4,2.4,0
2023-11-08,2.4,2.4,2.4,2.4,0
2023-11-09,2.4,2.4,2.4,2.4,0
2023-11-10,2.1,2.1,2.1,2.1,1000
2023-11-13,2.1,2.1,2.1,2.1,0
2023-11-14,2.1,2.1,2.1,2.1,0
2023-11-15,2.1,2.1,2.1,2.1,0
2023-11-16,2.1,2.1,2.1,2.1,0
2023-11-17,1.8,1.8,1.8,1.8,600
2023-11-20,1.8,1.8,1.8,1.8,0
2023-11-21,1.8,1.8,1.8,1.8,0
2023-11-22,1.8,1.8,1.8,1.8,0
2023-11-23,1.8,1.8,1.8,1.8,0
2023-11-24,1.6,1.6,1.6,1.6,200
2023-11-27,1.6,1.6,1.6,1.6,0
2023-11-28,1.6,1.6,1.6,1.6,0
2023-11-29,1.6,1.6,1.6,1.6,0
2023-11-30,1.6,1.6,1.6,1.6,0
2023-12-01,1.4,1.4,1.4,1.4,100
2023-12-04,1.4,1.4,1.4,1.4,0
2023-12-05,1.4,1.4,1.4,1.4,0
2023-12-06,1.4,1.4,1.4,1.4,0
2023-12-07,1.4,1.4,1.4,1.4,0
2023-12-08,1.3,1.5,1.3,1.5,300
2023-12-11,1.4,1.4,1.4,1.4,0
2023-12-12,1.4,1.4,1.4,1.4,0
2023-12-13,1.4,1.4,1.4,1.4,0
2023-12-14,1.4,1.4,1.4,1.4,0
2023-12-15,1.2,1.6,1.2,1.6,342200
2023-12-18,1.5,1.5,1.5,1.5,0
2023-12-19,1.5,1.5,1.5,1.5,0
2023-12-20,1.5,1.5,1.5,1.5,0
2023-12-21,1.5,1.5,1.5,1.5,0
2023-12-22,1.7,1.7,1.7,1.7,100
2023-12-25,1.7,1.7,1.7,1.7,0
2023-12-26,1.7,1.7,1.7,1.7,0
2023-12-27,1.7,1.7,1.7,1.7,0
2023-12-28,1.7,1.7,1.7,1.7,0
2023-12-29,1.9,1.9,1.9,1.9,100
2024-01-02,1.9,1.9,1.9,1.9,0
2024-01-03,1.9,1.9,1.9,1.9,0
2024-01-04,1.9,1.9,1.9,1.9,0
2024-01-05,2.1,2.1,2.1,2.1,100
2024-01-08,2.1,2.1,2.1,2.1,0
2024-01-09,2.1,2.1,2.1,2.1,0
2024-01-10,2.1,2.1,2.1,2.1,0
2024-01-11,2.1,2.1,2.1,2.1,0
2024-01-12,2.4,2.4,2.4,2.4,100
2024-01-15,2.4,2.4,2.4,2.4,0
2024-01-16,2.4,2.4,2.4,2.4,0
2024-01-17,2.4,2.4,2.4,2.4,0
2024-01-18,2.4,2.4,2.4,2.4,0
2024-01-19,2.7,2.7,2.7,2.7,100
2024-01-22,2.7,2.7,2.7,2.7,0
2024-01-23,2.7,2.7,2.7,2.7,0
2024-01-24,2.7,2.7,2.7,2.7,0
2024-01-25,2.7,2.7,2.7,2.7,0
2024-01-26,3.1,3.1,3.1,3.1,100
2024-01-29,3.1,3.1,3.1,3.1,0
2024-01-30,3.1,3.1,3.1,3.1,0
2024-01-31,3.1,3.1,3.1,3.1,0
2024-02-01,3.1,3.1,3.1,3.1,0
2024-02-02,3.5,3.5,3.5,3.5,100
2024-02-05,3.5,3.5,3.5,3.5,0
2024-02-06,3.5,3.5,3.5,3.5,0
2024-02-07,3.5,3.5,3.5,3.5,0
2024-02-15,3.5,3.5,3.5,3.5,0
2024-02-16,4.0,4.0,4.0,4.0,100
2024-02-19,4.0,4.0,4.0,4.0,0
2024-02-20,4.0,4.0,4.0,4.0,0
2024-02-21,4.0,4.0,4.0,4.0,0
2024-02-22,4.0,4.0,4.0,4.0,0
2024-02-23,4.6,4.6,4.6,4.6,7100
2024-02-26,4.6,4.6,4.6,4.6,0
2024-02-27,4.6,4.6,4.6,4.6,0
2024-02-28,4.6,4.6,4.6,4.6,0
2024-02-29,4.6,4.6,4.6,4.6,0
2024-03-01,5.2,5.2,5.2,5.2,100
2024-03-04,5.2,5.2,5.2,5.2,0
2024-03-05,5.2,5.2,5.2,5.2,0
2024-03-06,5.2,5.2,5.2,5.2,0
2024-03-07,5.2,5.2,5.2,5.2,0
2024-03-08,5.9,5.9,5.9,5.9,500
2024-03-11,5.9,5.9,5.9,5.9,0
2024-03-12,5.9,5.9,5.9,5.9,0
2024-03-13,5.9,5.9,5.9,5.9,0
2024-03-14,5.9,5.9,5.9,5.9,0
2024-03-15,6.7,6.7,6.7,6.7,200
2024-03-18,6.7,6.7,6.7,6.7,0
2024-03-19,6.7,6.7,6.7,6.7,0
2024-03-20,6.7,6.7,6.7,6.7,0
2024-03-21,6.7,6.7,6.7,6.7,0
2024-03-22,7.7,7.7,7.7,7.7,29400
2024-03-25,7.7,7.7,7.7,7.7,0
2024-03-26,7.7,7.7,7.7,7.7,0
2024-03-27,7.7,7.7,7.7,7.7,0
2024-03-28,7.7,7.7,7.7,7.7,0
2024-03-29,8.8,8.8,8.8,8.8,211000
2024-04-01,8.8,8.8,8.8,8.8,0
2024-04-02,8.8,8.8,8.8,8.8,0
2024-04-03,8.8,8.8,8.8,8.8,0
2024-04-04,8.8,8.8,8.8,8.8,0
2024-04-05,10.1,10.1,10.1,10.1,500
2024-04-08,10.1,10.1,10.1,10.1,0
2024-04-09,10.1,10.1,10.1,10.1,0
2024-04-10,10.1,10.1,10.1,10.1,0
2024-04-11,10.1,10.1,10.1,10.1,0
2024-04-12,9.0,11.0,9.0,11.0,20000
2024-04-15,9.1,9.1,9.1,9.1,0
2024-04-16,9.1,9.1,9.1,9.1,0
2024-04-17,9.1,9.1,9.1,9.1,0
2024-04-19,8.0,8.0,8.0,8.0,100
2024-04-22,8.0,8.0,8.0,8.0,0
2024-04-23,8.0,8.0,8.0,8.0,0
2024-04-24,8.0,8.0,8.0,8.0,0
2024-04-25,8.0,8.0,8.0,8.0,0
2024-04-26,8.0,8.0,8.0,8.0,0
2024-05-02,8.0,8.0,8.0,8.0,0
2024-05-03,9.2,9.2,9.2,9.2,3200
2024-05-06,9.2,9.2,9.2,9.2,0
2024-05-07,9.2,9.2,9.2,9.2,0
2024-05-08,9.2,9.2,9.2,9.2,0
2024-05-09,9.2,9.2,9.2,9.2,0
2024-05-10,9.2,9.2,9.2,9.2,0
2024-05-13,9.2,9.2,9.2,9.2,0
2024-05-14,9.2,9.2,9.2,9.2,0
2024-05-15,9.2,9.2,9.2,9.2,0
2024-05-16,9.2,9.2,9.2,9.2,0
2024-05-17,9.2,9.2,9.2,9.2,0
2024-05-20,9.2,9.2,9.2,9.2,0
2024-05-21,9.2,9.2,9.2,9.2,0
2024-05-22,9.2,9.2,9.2,9.2,0
2024-05-23,9.2,9.2,9.2,9.2,0
2024-05-24,10.5,10.5,10.5,10.5,500
2024-05-27,10.5,10.5,10.5,10.5,0
2024-05-28,10.5,10.5,10.5,10.5,0
2024-05-29,10.5,10.5,10.5,10.5,0
2024-05-30,10.5,10.5,10.5,10.5,0
2024-05-31,12.0,12.0,12.0,12.0,1000
2024-06-03,12.0,12.0,12.0,12.0,0
2024-06-04,12.0,12.0,12.0,12.0,0
2024-06-05,12.0,12.0,12.0,12.0,0
2024-06-06,12.0,12.0,12.0,12.0,0
2024-06-07,12.0,12.0,12.0,12.0,0
2024-06-10,12.0,12.0,12.0,12.0,0
2024-06-11,12.0,12.0,12.0,12.0,0
2024-06-12,12.0,12.0,12.0,12.0,0
2024-06-13,12.0,12.0,12.0,12.0,0
2024-06-14,12.0,12.0,12.0,12.0,0
2024-06-17,12.0,12.0,12.0,12.0,0
2024-06-18,12.0,12.0,12.0,12.0,0
2024-06-19,12.0,12.0,12.0,12.0,0
2024-06-20,12.0,12.0,12.0,12.0,0
2024-06-21,12.0,12.0,12.0,12.0,0
2024-06-24,12.0,12.0,12.0,12.0,0
2024-06-25,12.0,12.0,12.0,12.0,0
2024-06-26,12.0,12.0,12.0,12.0,0
2024-06-27,12.0,12.0,12.0,12.0,0
2024-06-28,12.0,12.0,12.0,12.0,0
2024-07-01,12.0,12.0,12.0,12.0,0
2024-07-02,12.0,12.0,12.0,12.0,0
2024-07-03,12.0,12.0,12.0,12.0,0
2024-07-04,12.0,12.0,12.0,12.0,0
2024-07-05,12.0,12.0,12.0,12.0,0
2024-07-08,12.0,12.0,12.0,12.0,0
2024-07-09,12.0,12.0,12.0,12.0,0
2024-07-10,12.0,12.0,12.0,12.0,0
2024-07-11,12.0,12.0,12.0,12.0,0
2024-07-12,13.8,13.8,13.8,13.8,100
2024-07-15,13.8,13.8,13.8,13.8,0
2024-07-16,13.8,13.8,13.8,13.8,0
2024-07-17,13.8,13.8,13.8,13.8,0
2024-07-18,13.8,13.8,13.8,13.8,0
2024-07-19,13.8,13.8,13.8,13.8,0
2024-07-22,13.8,13.8,13.8,13.8,0
2024-07-23,13.8,13.8,13.8,13.8,0
2024-07-24,13.8,13.8,13.8,13.8,0
2024-07-25,13.8,13.8,13.8,13.8,0
2024-07-26,11.8,11.8,11.8,11.8,108000
2024-08-09,10.1,10.1,10.1,10.1,100
2024-08-16,8.6,8.6,8.6,8.6,300
2024-08-23,7.4,7.4,7.4,7.4,19200
2025-03-07,10.3,10.3,10.3,10.3,100
2025-03-28,8.8,8.8,8.8,8.8,500
2025-04-11,7.5,7.5,7.5,7.5,300
2025-04-25,6.4,6.4,6.4,6.4,200
2025-05-09,5.5,5.5,5.5,5.5,10600
2025-05-16,4.7,5.6,4.7,5.6,8500
2025-05-23,4.7,5.3,4.7,5.3,300
2025-05-30,4.9,4.9,4.9,4.9,100
2025-06-06,5.0,5.0,5.0,5.0,400
2025-06-20,5.6,5.6,5.6,5.6,9200
2025-08-15,5.6,5.6,5.6,5.6,100
