time,open,high,low,close,volume
2015-03-09,10.05,10.31,10.05,10.31,3000
2015-03-10,10.31,10.31,10.31,10.31,0
2015-03-11,10.31,10.31,10.31,10.31,0
2015-03-12,10.22,10.31,10.22,10.31,1400
2015-03-13,10.05,10.05,10.05,10.05,1000
2015-03-16,10.05,10.05,9.96,9.96,1200
2015-03-17,9.96,9.96,9.96,9.96,0
2015-03-18,10.22,10.22,10.22,10.22,1000
2015-03-19,10.22,10.22,10.22,10.22,0
2015-03-20,10.31,10.31,10.31,10.31,1000
2015-03-23,10.05,10.05,10.05,10.05,1000
2015-03-24,10.05,10.05,10.05,10.05,0
2015-03-25,10.22,10.22,10.22,10.22,500
2015-03-26,10.31,10.31,10.31,10.31,1200
2015-03-27,10.4,10.4,10.4,10.4,1000
2015-03-30,10.05,10.05,10.05,10.05,1500
2015-03-31,10.14,10.14,10.14,10.05,2000
2015-04-01,10.14,10.14,10.14,10.14,0
2015-04-02,10.22,10.22,10.22,10.22,1600
2015-04-03,10.22,10.22,10.22,10.22,0
2015-04-06,10.05,10.05,10.05,10.05,2000
2015-04-07,10.22,10.22,10.22,10.22,1000
2015-04-08,10.22,10.22,10.22,10.22,0
2015-04-09,10.31,10.31,10.31,10.31,2000
2015-04-10,10.31,10.31,10.31,10.31,0
2015-04-13,10.31,10.31,10.31,10.31,0
2015-04-14,10.14,10.14,10.14,10.14,2000
2015-04-15,10.14,10.14,10.14,10.14,0
2015-04-16,10.22,10.22,10.22,10.22,2000
2015-04-17,10.31,10.31,10.31,10.31,1500
2015-04-20,10.31,10.31,10.31,10.31,0
2015-04-21,10.14,10.14,10.14,10.14,1500
2015-04-22,10.22,10.22,10.22,10.22,1500
2015-04-23,10.22,10.22,10.22,10.22,0
2015-04-24,10.31,10.31,10.31,10.31,1500
2015-04-27,10.31,10.31,10.31,10.31,0
2015-05-04,10.22,10.22,10.22,10.22,2000
2015-05-05,10.4,10.4,10.4,10.4,2000
2015-05-06,10.4,10.4,10.4,10.4,0
2015-05-07,10.4,10.4,10.4,10.4,0
2015-05-08,10.31,10.31,10.31,10.31,1500
2015-05-11,10.31,10.31,10.31,10.31,0
2015-05-12,10.22,10.22,10.22,10.22,2000
2015-05-13,10.22,10.22,10.22,10.22,0
2015-05-14,10.22,10.22,10.22,10.22,0
2015-05-15,10.31,10.31,10.31,10.31,2000
2015-05-18,10.22,10.22,10.22,10.22,1500
2015-05-19,10.31,10.31,10.31,10.31,1500
2015-05-20,10.22,10.22,10.22,10.22,2000
2015-05-21,10.22,10.22,10.22,10.22,0
2015-05-22,10.22,10.22,10.22,10.22,0
2015-05-25,10.31,10.31,10.31,10.31,2000
2015-05-26,10.4,10.4,10.4,10.4,1500
2015-05-27,10.31,10.31,10.31,10.31,1500
2015-05-28,10.31,10.31,10.31,10.31,0
2015-05-29,10.31,10.31,10.31,10.31,0
2015-06-01,10.22,10.22,10.22,10.22,1500
2015-06-02,10.14,10.14,10.14,10.14,1500
2015-06-03,10.22,10.22,10.22,10.22,2000
2015-06-04,10.31,10.31,10.31,10.31,1500
2015-06-05,10.31,10.31,10.31,10.31,0
2015-06-08,10.4,10.4,10.4,10.4,3000
2015-06-09,10.22,10.22,10.22,10.22,4000
2015-06-10,10.22,10.22,10.22,10.22,0
2015-06-11,10.31,10.31,10.31,10.31,1500
2015-06-12,10.31,10.31,10.31,10.31,0
2015-06-15,10.31,10.57,10.14,10.4,2000
2015-06-16,10.31,10.49,10.31,10.49,600
2015-06-17,10.31,10.4,10.14,10.31,1100
2015-06-18,10.31,10.4,10.05,10.4,1400
2015-06-19,10.4,11.27,10.14,10.57,20800
2015-06-22,10.75,11.62,10.75,10.83,41400
2015-06-23,10.75,10.83,10.57,10.75,6300
2015-06-24,10.83,10.83,10.31,10.83,18800
2015-06-25,10.75,10.92,10.66,10.66,9400
2015-06-26,10.75,10.75,10.57,10.66,3900
2015-06-29,10.66,10.75,10.57,10.66,3200
2015-06-30,10.75,11.01,10.75,11.01,29100
2015-07-01,11.01,11.01,10.92,10.92,2600
2015-07-02,10.92,11.1,10.49,11.1,23300
2015-07-03,10.83,10.92,10.83,10.92,2400
2015-07-06,10.92,11.01,10.83,10.92,7600
2015-07-07,10.83,10.92,10.49,10.75,10600
2015-07-08,10.66,10.92,10.57,10.92,5100
2015-07-09,10.66,10.66,10.57,10.66,3800
2015-07-10,10.66,10.75,10.57,10.66,2700
2015-07-13,10.66,10.75,10.57,10.66,3600
2015-07-14,10.49,10.49,10.4,10.4,2200
2015-07-15,10.4,10.4,10.22,10.22,1500
2015-07-16,10.22,10.31,10.22,10.31,1700
2015-07-17,9.96,10.22,9.96,10.22,1000
2015-07-20,9.96,9.96,9.87,9.87,700
2015-07-21,9.96,10.14,9.96,10.14,900
2015-07-22,10.14,10.14,10.05,10.05,800
2015-07-23,10.14,10.75,10.14,10.75,6900
2015-07-24,10.57,11.36,10.57,11.18,9500
2015-07-27,10.92,12.15,10.75,11.36,9100
2015-07-28,11.01,11.01,9.61,10.49,31300
2015-07-29,9.7,9.7,9.26,9.52,12400
2015-07-30,9.44,10.92,9.17,9.79,6800
2015-07-31,9.79,10.05,9.79,10.05,3200
2015-08-03,9.79,9.96,9.79,9.96,2200
2015-08-04,9.79,10.05,9.7,9.87,4100
2015-08-05,9.87,9.87,9.87,9.87,0
2015-08-06,10.05,10.14,10.05,10.14,12500
2015-08-07,9.96,10.57,9.96,10.49,23300
2015-08-10,10.31,10.49,10.31,10.31,23000
2015-08-11,10.4,10.75,10.14,10.31,23900
2015-08-12,10.31,10.57,9.26,10.22,47900
2015-08-13,10.05,11.62,9.44,10.22,27000
2015-08-14,10.14,10.4,9.52,10.22,31000
2015-08-17,9.79,10.31,9.44,10.14,52700
2015-08-18,10.14,10.4,9.87,10.22,34200
2015-08-19,10.14,10.57,9.61,10.31,37600
2015-08-20,10.31,11.45,10.05,10.22,19000
2015-08-21,10.57,10.57,10.22,10.4,9800
2015-08-24,10.31,10.31,9.26,10.14,41100
2015-08-25,10.22,10.31,9.96,10.31,34100
2015-09-01,10.31,12.76,10.31,11.18,54200
2015-09-03,11.18,11.36,10.92,11.36,22000
2015-09-04,11.36,11.62,11.36,11.45,25000
2015-09-07,11.45,11.45,10.31,11.18,58300
2015-09-08,11.18,11.18,10.66,11.1,38800
2015-09-09,11.1,11.1,10.4,10.83,43900
2015-09-10,10.83,11.36,9.79,9.79,55800
2015-09-11,9.79,10.05,9.7,9.7,94500
2015-09-14,9.7,10.14,9.7,10.05,56400
2015-09-15,10.14,10.4,10.05,10.05,61400
2015-09-16,10.05,10.14,9.7,9.7,61200
2015-09-17,9.61,9.87,9.44,9.87,44400
2015-09-18,9.87,10.05,9.7,9.87,35500
2015-09-21,9.17,9.87,9.17,9.87,51800
2015-09-22,9.79,9.79,9.61,9.7,29000
2015-09-23,9.7,9.87,9.52,9.79,65500
2015-09-24,9.79,9.96,9.7,9.96,72400
2015-09-25,9.96,10.14,9.87,9.96,116600
2015-09-28,9.96,10.05,9.79,9.87,105500
2015-09-29,9.87,9.96,9.7,9.87,86300
2015-09-30,9.87,10.4,9.7,10.22,370800
2015-10-01,10.22,10.4,10.14,10.14,156580
2015-10-02,10.14,10.4,9.96,10.22,305100
2015-10-05,10.22,10.4,10.05,10.14,892090
2015-10-06,11.1,11.1,10.14,10.49,348120
2015-10-07,10.4,10.4,9.52,9.87,246530
2015-10-08,9.61,10.05,9.52,9.7,270500
2015-10-09,9.61,9.7,9.35,9.35,156740
2015-10-12,9.61,9.7,9.26,9.44,257400
2015-10-13,9.46,9.56,9.19,9.19,216200
2015-10-14,9.19,9.65,8.64,8.64,151610
2015-10-15,8.91,8.91,8.64,8.82,94710
2015-10-16,8.82,8.91,8.64,8.82,94100
2015-10-19,8.73,8.73,8.36,8.36,141810
2015-10-20,8.36,8.55,8.09,8.18,145900
2015-10-21,8.18,8.36,7.99,8.36,167450
2015-10-22,8.36,8.36,8.18,8.36,154300
2015-10-23,8.36,8.45,8.27,8.45,109200
2015-10-26,8.36,8.45,8.27,8.27,180700
2015-10-27,8.27,8.36,8.18,8.27,130900
2015-10-28,8.36,8.36,8.27,8.36,92000
2015-10-29,8.36,8.36,8.27,8.36,135100
2015-10-30,8.36,8.45,8.27,8.36,135700
2015-11-02,8.36,8.64,8.36,8.64,146900
2015-11-03,8.55,8.73,8.55,8.55,105800
2015-11-04,8.55,8.73,8.45,8.45,114800
2015-11-05,8.45,8.64,8.45,8.55,123800
2015-11-06,8.55,8.64,8.36,8.55,129500
2015-11-09,8.55,8.64,8.45,8.55,114400
2015-11-10,8.55,8.91,8.55,8.82,303600
2015-11-11,8.73,9.1,8.64,8.64,88400
2015-11-12,8.64,8.82,8.64,8.73,106600
2015-11-13,8.73,8.82,8.73,8.73,77900
2015-11-16,8.64,8.91,8.36,8.82,234000
2015-11-17,8.82,8.91,8.82,8.91,67800
2015-11-18,8.91,9.46,8.91,9.28,282700
2015-11-19,9.28,9.28,9.1,9.19,37200
2015-11-20,9.19,9.74,9.19,9.56,132700
2015-11-23,9.56,10.02,9.56,10.02,166400
2015-11-24,10.02,10.38,9.83,10.02,91100
2015-11-25,10.02,10.02,9.46,9.83,70500
2015-11-26,9.83,9.92,9.65,9.74,68300
2015-11-27,9.65,9.74,9.28,9.74,42700
2015-11-30,9.65,10.11,9.65,9.92,215400
2015-12-01,9.28,10.02,9.28,9.92,104800
2015-12-02,10.02,10.02,9.46,9.92,54600
2015-12-03,9.65,10.02,9.56,10.02,17000
2015-12-04,9.83,9.83,9.46,9.74,17100
2015-12-07,9.92,9.92,9.56,9.74,82900
2015-12-08,9.56,9.74,9.56,9.74,6400
2015-12-09,9.92,10.02,9.74,9.83,58100
2015-12-10,9.56,9.74,9.56,9.74,6700
2015-12-11,9.65,9.92,9.65,9.92,10700
2015-12-14,9.74,9.74,9.56,9.56,31600
2015-12-15,9.65,9.65,9.65,9.65,100
2015-12-16,9.92,9.92,9.56,9.74,16300
2015-12-17,9.65,9.65,9.46,9.46,31000
2015-12-18,9.74,9.74,9.37,9.37,16600
2015-12-21,9.46,9.56,9.28,9.56,3100
2015-12-22,9.28,9.28,9.28,9.28,1000
2015-12-23,9.28,9.28,9.1,9.28,31800
2015-12-24,9.37,9.37,9.01,9.28,31900
2015-12-25,9.1,9.19,9.1,9.19,30000
2015-12-28,9.28,9.28,9.28,9.28,400
2015-12-29,9.28,9.28,9.28,9.28,0
2015-12-30,9.28,9.28,9.28,9.28,0
2015-12-31,9.19,9.65,8.73,8.73,37100
2016-01-04,9.1,9.37,9.1,9.37,500
2016-01-05,9.37,9.37,9.37,9.37,0
2016-01-06,9.46,9.46,8.73,8.73,1200
2016-01-07,9.37,9.37,8.27,9.19,6400
2016-01-08,8.27,9.1,8.27,9.1,8000
2016-01-11,8.82,8.82,8.82,8.82,100
2016-01-12,9.28,9.28,7.99,8.64,47300
2016-01-13,8.64,8.64,8.64,8.64,0
2016-01-14,9.1,9.1,8.64,8.64,8500
2016-01-15,9.1,9.1,8.09,8.64,8600
2016-01-18,7.81,7.9,7.81,7.9,10700
2016-01-19,8.36,8.36,7.17,7.17,10700
2016-01-20,7.72,7.81,6.52,7.81,195900
2016-01-21,7.35,8.55,7.35,8.27,10800
2016-01-22,8.73,8.73,7.81,8.64,21200
2016-01-25,8.27,8.45,7.81,7.81,71600
2016-01-26,7.81,7.81,7.17,7.63,92700
2016-01-27,7.63,8.09,7.63,7.99,24000
2016-01-28,7.9,7.9,7.72,7.72,44200
2016-01-29,7.81,7.9,7.35,7.9,63700
2016-02-01,7.9,8.09,7.9,8.09,41400
2016-02-02,7.99,8.27,7.9,8.27,55300
2016-02-03,8.45,8.64,7.63,7.63,5900
2016-02-04,8.09,8.18,7.44,8.18,30800
2016-02-05,8.27,8.36,8.27,8.36,6800
2016-02-15,8.55,9.1,7.9,8.45,28200
2016-02-16,8.45,8.45,8.27,8.45,44900
2016-02-17,8.45,8.45,8.45,8.45,1100
2016-02-18,8.45,8.45,8.18,8.27,78200
2016-02-19,8.27,8.27,8.27,8.27,1200
2016-02-22,8.27,8.27,7.53,7.53,3200
2016-02-23,7.81,8.18,7.81,8.18,11100
2016-02-24,7.81,8.45,7.81,8.36,10100
2016-02-25,7.9,8.27,7.81,7.81,10300
2016-02-26,7.81,7.81,7.81,7.81,700
2016-02-29,7.9,7.9,7.44,7.44,24500
2016-03-01,7.72,7.81,7.53,7.81,7900
2016-03-02,7.81,8.18,7.53,8.18,5000
2016-03-03,8.18,8.18,8.18,8.18,0
2016-03-04,7.9,7.9,7.9,7.9,10000
2016-03-07,7.9,7.9,7.9,7.9,0
2016-03-08,7.9,7.9,7.44,7.9,11000
2016-03-09,8.09,8.09,8.09,8.09,100
2016-03-10,7.72,7.72,7.72,7.72,1300
2016-03-11,8.09,8.27,7.63,7.63,56300
2016-03-14,7.63,7.99,7.63,7.9,30400
2016-03-15,7.9,7.99,7.72,7.99,2400
2016-03-16,7.99,7.99,7.81,7.81,21600
2016-03-17,7.63,7.9,7.63,7.63,52300
2016-03-18,7.81,7.81,7.63,7.63,13100
2016-03-21,7.63,7.63,7.63,7.63,5000
2016-03-22,7.63,7.63,7.63,7.63,0
2016-03-23,7.53,7.53,7.35,7.53,53700
2016-03-24,8.18,8.18,7.53,7.9,45500
2016-03-25,7.53,7.9,7.53,7.9,4000
2016-03-28,7.81,7.81,7.81,7.81,6000
2016-03-29,7.44,7.44,7.44,7.44,100
2016-03-30,7.35,7.44,7.35,7.35,55200
2016-03-31,7.53,8.09,7.44,7.63,27100
2016-04-01,7.53,7.53,7.53,7.53,17200
2016-04-04,7.81,7.81,7.53,7.53,5900
2016-04-05,7.63,7.63,7.53,7.53,50400
2016-04-06,7.53,7.63,7.44,7.44,68400
2016-04-07,7.63,7.63,7.63,7.63,48000
2016-04-08,7.35,7.44,7.35,7.44,50600
2016-04-11,7.44,7.63,7.44,7.53,101700
2016-04-12,7.53,7.63,7.53,7.53,108000
2016-04-13,7.72,7.72,7.35,7.35,60100
2016-04-14,7.44,7.44,7.35,7.35,71600
2016-04-15,7.44,7.53,7.44,7.53,30900
2016-04-19,7.35,7.53,7.35,7.44,19000
2016-04-20,7.35,7.35,7.26,7.35,1800
2016-04-21,7.35,7.35,7.08,7.35,4100
2016-04-22,7.35,7.35,6.89,7.26,25600
2016-04-25,7.26,7.53,7.17,7.53,15500
2016-04-26,7.53,7.53,7.17,7.35,32600
2016-04-27,7.08,7.08,7.08,7.08,500
2016-04-28,7.44,7.44,7.08,7.08,25000
2016-04-29,7.35,7.35,6.43,6.43,27200
2016-05-04,6.89,6.89,6.43,6.71,61700
2016-05-05,6.62,6.62,6.16,6.16,13500
2016-05-06,6.43,6.43,5.61,6.16,138700
2016-05-09,6.06,6.52,5.97,6.34,9400
2016-05-10,6.43,6.43,5.79,6.06,63000
2016-05-11,5.88,6.06,5.88,6.06,4600
2016-05-12,5.97,6.25,5.88,6.25,98800
2016-05-13,5.97,5.97,5.97,5.97,11600
2016-05-16,5.97,6.06,5.88,5.88,58400
2016-05-17,6.16,6.25,6.06,6.25,91500
2016-05-18,6.25,6.25,5.88,6.06,100700
2016-05-19,5.97,6.62,5.97,6.62,119100
2016-05-20,6.71,7.26,6.43,7.26,234600
2016-05-23,7.35,7.9,7.35,7.9,121900
2016-05-24,8.27,8.36,7.72,7.9,96700
2016-05-25,7.9,8.09,7.17,7.17,121900
2016-05-26,6.89,7.17,6.62,6.8,315800
2016-05-27,6.43,7.08,6.43,7.08,190200
2016-05-30,7.08,7.17,6.89,7.17,175900
2016-05-31,7.08,7.26,6.89,7.08,195400
2016-06-01,7.17,7.35,6.89,7.35,288000
2016-06-02,7.44,7.53,7.08,7.53,210500
2016-06-03,7.53,7.72,7.35,7.63,233000
2016-06-06,7.72,7.72,7.44,7.72,312600
2016-06-07,7.72,7.81,7.35,7.44,260200
2016-06-08,7.44,7.63,7.26,7.26,351200
2016-06-09,7.26,7.72,6.98,7.35,499800
2016-06-10,7.26,7.26,7.17,7.17,199500
2016-06-13,7.26,7.26,6.89,6.89,231300
2016-06-14,6.98,7.17,6.89,6.98,503100
2016-06-15,6.89,6.98,6.71,6.98,26500
2016-06-16,6.98,6.98,6.8,6.8,129100
2016-06-17,6.8,7.35,6.43,7.08,309700
2016-06-20,6.98,7.08,6.89,6.98,250100
2016-06-21,6.89,7.08,6.62,6.98,11700
2016-06-22,6.98,6.98,6.62,6.89,301800
2016-06-23,6.8,6.89,6.71,6.8,211600
2016-06-24,6.8,6.8,6.16,6.8,82300
2016-06-27,6.62,6.62,6.52,6.62,5500
2016-06-28,6.71,6.8,6.71,6.71,15200
2016-06-29,6.8,6.8,6.43,6.71,16300
2016-06-30,6.71,6.8,6.43,6.71,45000
2016-07-01,6.71,6.8,6.62,6.8,13300
2016-07-04,6.71,6.71,6.62,6.62,34600
2016-07-05,6.71,6.89,6.62,6.89,48700
2016-07-06,6.98,6.98,6.62,6.89,35200
2016-07-07,6.98,7.26,6.71,6.8,191900
2016-07-08,6.89,6.89,6.71,6.71,24700
2016-07-11,6.62,6.62,6.52,6.62,7500
2016-07-12,6.43,6.71,6.43,6.71,1600
2016-07-13,6.62,7.35,6.62,6.98,310600
2016-07-14,6.8,6.8,6.71,6.71,6500
2016-07-15,6.8,6.89,6.8,6.8,10200
2016-07-18,6.8,6.89,6.8,6.8,52700
2016-07-19,6.8,6.8,6.8,6.8,13400
2016-07-20,6.8,6.8,6.8,6.8,48700
2016-07-21,6.8,6.89,6.43,6.62,112700
2016-07-22,6.62,6.71,6.52,6.71,3800
2016-07-25,6.71,6.8,6.71,6.8,29300
2016-07-26,6.62,6.71,6.62,6.71,55300
2016-07-27,6.71,6.71,6.52,6.71,255100
2016-07-28,6.34,6.71,6.34,6.71,38100
2016-07-29,6.43,6.8,6.43,6.52,32600
2016-08-01,6.52,6.98,6.52,6.98,41200
2016-08-02,6.8,6.89,6.62,6.62,49200
2016-08-03,6.8,6.8,6.43,6.8,14600
2016-08-04,6.8,6.8,6.43,6.8,65940
2016-08-05,6.71,6.71,6.43,6.71,35000
2016-08-08,6.71,6.89,6.71,6.89,21100
2016-08-09,6.8,6.89,6.8,6.8,25500
2016-08-10,6.8,6.8,6.62,6.8,32000
2016-08-11,6.8,6.89,6.8,6.89,8800
2016-08-12,6.8,6.8,6.62,6.62,62800
2016-08-15,6.52,6.62,6.52,6.62,29800
2016-08-16,6.62,6.62,6.62,6.62,0
2016-08-17,6.62,6.71,6.62,6.71,255800
2016-08-18,6.62,6.89,6.43,6.71,129200
2016-08-19,6.52,6.8,6.52,6.71,186560
2016-08-22,6.8,6.8,6.52,6.62,22200
2016-08-23,6.34,6.71,6.25,6.43,39100
2016-08-24,6.62,6.62,6.16,6.25,60300
2016-08-25,6.06,6.52,6.06,6.52,44300
2016-08-26,6.52,6.8,6.43,6.8,80800
2016-08-29,6.25,6.98,6.16,6.8,103800
2016-08-30,6.8,6.8,6.62,6.71,130400
2016-08-31,6.52,6.8,6.52,6.8,23900
2016-09-01,6.89,6.89,6.71,6.8,15400
2016-09-05,6.71,6.8,6.16,6.8,123300
2016-09-06,6.43,6.8,6.16,6.71,102040
2016-09-07,6.71,6.71,6.52,6.62,64500
2016-09-08,6.71,6.71,6.52,6.62,63500
2016-09-09,6.43,6.43,6.34,6.43,22200
2016-09-12,6.43,6.52,6.43,6.52,283300
2016-09-13,6.52,6.62,6.52,6.62,1100
2016-09-14,6.52,6.52,6.34,6.43,2400
2016-09-15,6.43,6.43,6.16,6.25,171300
2016-09-16,6.43,6.43,5.97,6.34,42300
2016-09-19,6.34,6.43,5.79,6.25,61900
2016-09-20,6.16,6.16,6.06,6.06,17600
2016-09-21,6.06,6.06,5.97,6.06,2700
2016-09-22,5.97,5.97,5.51,5.97,44500
2016-09-23,5.97,5.97,5.88,5.88,60400
2016-09-26,5.51,5.97,5.42,5.97,124400
2016-09-27,5.88,5.97,5.88,5.97,106600
2016-09-28,5.97,6.06,5.79,5.97,100800
2016-09-29,5.97,6.06,5.88,6.06,94400
2016-09-30,6.06,6.16,5.97,6.06,120300
2016-10-03,5.97,6.16,5.88,6.16,106700
2016-10-04,6.06,6.25,5.88,6.25,59900
2016-10-05,6.25,6.43,6.16,6.25,86000
2016-10-06,6.16,6.25,5.88,6.25,127700
2016-10-07,6.16,6.16,5.88,6.06,115800
2016-10-10,5.97,6.06,5.61,5.61,102700
2016-10-11,5.61,5.61,5.05,5.05,227540
2016-10-12,5.05,5.05,4.59,4.59,89300
2016-10-13,4.14,4.14,4.14,4.14,24000
2016-10-14,3.77,3.77,3.77,3.77,21800
2016-10-17,3.4,3.4,3.4,3.4,10500
2016-10-18,3.12,3.68,3.12,3.68,2124700
2016-10-19,4.04,4.04,4.04,4.04,279840
2016-10-20,4.23,4.41,4.14,4.41,704700
2016-10-21,4.04,4.04,4.04,4.04,133900
2016-10-24,3.68,3.86,3.68,3.68,881400
2016-10-25,3.49,3.58,3.31,3.31,550520
2016-10-26,3.31,3.31,3.12,3.31,143900
2016-10-27,3.22,3.22,3.12,3.22,90000
2016-10-28,3.22,3.22,3.03,3.22,251140
2016-10-31,3.12,3.31,3.12,3.22,246000
2016-11-01,3.22,3.49,3.22,3.49,296200
2016-11-02,3.58,3.77,3.58,3.58,284800
2016-11-03,3.58,3.77,3.49,3.68,315800
2016-11-04,3.68,3.95,3.58,3.86,295420
2016-11-07,3.95,4.04,3.77,3.95,288840
2016-11-08,3.95,3.95,3.77,3.86,296900
2016-11-09,3.86,3.86,3.49,3.68,432500
2016-11-10,3.68,3.77,3.58,3.68,182200
2016-11-11,3.58,3.58,3.49,3.49,158800
2016-11-14,3.58,3.58,3.49,3.58,48900
2016-11-15,3.68,3.68,3.58,3.68,40000
2016-11-16,3.68,3.68,3.49,3.68,133500
2016-11-17,3.58,3.68,3.58,3.58,74600
2016-11-18,3.49,3.68,3.49,3.68,19100
2016-11-21,3.58,3.68,3.58,3.68,43700
2016-11-22,3.58,3.58,3.49,3.58,56900
2016-11-23,3.58,3.58,3.49,3.49,26100
2016-11-24,3.49,3.58,3.49,3.58,93600
2016-11-25,3.49,3.58,3.49,3.58,31100
2016-11-28,3.4,3.4,3.31,3.4,145000
2016-11-29,3.4,3.4,3.22,3.31,68300
2016-11-30,3.22,3.4,3.22,3.4,23700
2016-12-01,3.4,3.49,3.31,3.4,50500
2016-12-02,3.4,3.68,3.4,3.68,144300
2016-12-05,3.68,3.77,3.68,3.68,133700
2016-12-06,3.77,3.77,3.68,3.77,89620
2016-12-07,3.68,3.68,3.49,3.49,57500
2016-12-08,3.58,3.58,3.49,3.58,47900
2016-12-09,3.49,3.58,3.49,3.58,56800
2016-12-12,3.49,3.49,3.4,3.49,25300
2016-12-13,3.4,3.4,3.4,3.4,22800
2016-12-14,3.4,3.49,3.4,3.4,67100
2016-12-15,3.6,3.6,3.4,3.4,19900
2016-12-16,3.4,3.5,3.4,3.5,89700
2016-12-19,3.5,3.5,3.3,3.4,51800
2016-12-20,3.4,3.5,3.3,3.5,8400
2016-12-21,3.4,3.5,3.4,3.5,16000
2016-12-22,3.4,3.5,3.4,3.4,17600
2016-12-23,3.4,3.5,3.4,3.5,13820
2016-12-26,3.4,3.5,3.4,3.5,10400
2016-12-27,3.4,3.4,3.3,3.4,100000
2016-12-28,3.4,3.4,3.3,3.4,16600
2016-12-29,3.4,3.4,3.3,3.4,12500
2016-12-30,3.3,3.3,3.1,3.3,47500
2017-01-03,3.2,3.3,3.1,3.3,51100
2017-01-04,3.2,3.3,3.2,3.3,7900
2017-01-05,3.3,3.3,3.2,3.3,10600
2017-01-06,3.1,3.3,3.1,3.3,10300
2017-01-09,3.2,3.3,3.2,3.3,21000
2017-01-10,3.2,3.3,3.2,3.3,1000
2017-01-11,3.2,3.3,3.2,3.3,10000
2017-01-12,3.2,3.3,3.2,3.3,9200
2017-01-13,3.3,3.3,3.1,3.1,33800
2017-01-16,3.1,3.2,3.1,3.2,14200
2017-01-17,3.2,3.2,3.0,3.1,19400
2017-01-18,3.0,3.1,2.8,3.0,91000
2017-01-19,2.8,3.0,2.7,2.8,96000
2017-01-20,2.6,2.8,2.6,2.7,57600
2017-01-23,2.6,2.8,2.5,2.7,56200
2017-01-24,2.7,2.9,2.7,2.9,32700
2017-01-25,3.1,3.1,2.9,2.9,50400
2017-02-02,2.9,3.1,2.9,3.1,11500
2017-02-03,3.0,3.2,3.0,3.1,39600
2017-02-06,3.1,3.3,3.1,3.1,38400
2017-02-07,3.2,3.2,3.1,3.2,18700
2017-02-08,3.2,3.3,3.2,3.3,9200
2017-02-09,3.3,3.3,3.2,3.3,37730
2017-02-10,3.3,3.4,3.3,3.3,58300
2017-02-13,3.3,3.4,3.2,3.4,66400
2017-02-14,3.4,3.4,3.3,3.4,24980
2017-02-15,3.4,3.4,3.3,3.4,50200
2017-02-16,3.3,3.7,3.3,3.6,139700
2017-02-17,3.5,3.6,3.5,3.6,27000
2017-02-20,3.6,3.7,3.6,3.6,152200
2017-02-21,3.6,3.9,3.6,3.9,232700
2017-02-22,3.8,4.0,3.6,3.9,173200
2017-02-23,3.9,4.1,3.8,3.9,351800
2017-02-24,3.9,3.9,3.7,3.9,207756
2017-02-27,3.8,3.9,3.6,3.7,273700
2017-02-28,3.7,4.0,3.7,4.0,432000
2017-03-01,3.9,3.9,3.8,3.8,89700
2017-03-02,3.8,3.9,3.8,3.9,39400
2017-03-03,3.8,3.9,3.7,3.9,181900
2017-03-06,3.8,3.9,3.8,3.9,26735
2017-03-07,3.8,3.9,3.8,3.9,118020
2017-03-08,3.8,3.8,3.8,3.8,28400
2017-03-09,3.8,3.8,3.8,3.8,3139
2017-03-10,3.7,3.8,3.7,3.7,86500
2017-03-13,3.6,3.7,3.6,3.7,35530
2017-03-14,3.6,3.6,3.5,3.6,187000
2017-03-15,3.5,3.6,3.5,3.6,7100
2017-03-16,3.6,3.6,3.4,3.5,24090
2017-03-17,3.5,3.5,3.4,3.5,52100
2017-03-20,3.6,3.7,3.5,3.5,31140
2017-03-21,3.6,3.6,3.3,3.5,33200
2017-03-22,3.4,3.5,3.4,3.5,14000
2017-03-23,3.4,3.5,3.4,3.5,33510
2017-03-24,3.5,3.5,3.3,3.4,23200
2017-03-27,3.4,3.5,3.4,3.5,8700
2017-03-28,3.4,3.5,3.4,3.4,24001
2017-03-29,3.5,3.6,3.4,3.6,55300
2017-03-30,3.8,3.8,3.6,3.7,24600
2017-03-31,3.6,3.7,3.6,3.7,5100
2017-04-03,3.7,3.7,3.4,3.4,215800
2017-04-04,3.6,3.6,3.3,3.5,26600
2017-04-05,3.4,3.4,3.3,3.4,17400
2017-04-07,3.4,3.4,3.3,3.4,23000
2017-04-10,3.4,3.4,3.4,3.4,29900
2017-04-11,3.4,3.4,3.3,3.4,8700
2017-04-12,3.4,3.4,3.2,3.4,32300
2017-04-13,3.2,3.4,3.2,3.4,6200
2017-04-14,3.3,3.3,3.2,3.2,48800
2017-04-17,3.3,3.3,3.2,3.3,30100
2017-04-18,3.2,3.2,3.2,3.2,32300
2017-04-19,3.2,3.2,3.1,3.2,11000
2017-04-20,3.2,3.2,3.1,3.2,39210
2017-04-21,3.1,3.4,3.1,3.3,116900
2017-04-24,3.3,3.3,3.1,3.2,6000
2017-04-25,3.1,3.2,3.1,3.2,15200
2017-04-26,3.2,3.2,3.1,3.2,24200
2017-04-27,3.1,3.2,3.0,3.2,31200
2017-04-28,3.1,3.2,3.1,3.1,3700
2017-05-03,3.2,3.2,3.2,3.2,3400
2017-05-04,3.2,3.2,3.1,3.2,8200
2017-05-05,3.2,3.2,3.1,3.2,14400
2017-05-08,3.1,3.2,3.1,3.2,58310
2017-05-09,3.1,3.2,3.0,3.2,55800
2017-05-10,3.1,3.2,3.0,3.2,105000
2017-05-11,3.0,3.1,2.9,2.9,291100
2017-05-12,2.9,3.1,2.9,3.0,121719
2017-05-15,3.1,3.1,3.0,3.0,139400
2017-05-16,3.0,3.2,3.0,3.0,158400
2017-05-17,3.0,3.1,3.0,3.1,21400
2017-05-18,3.0,3.1,3.0,3.0,28400
2017-05-19,3.0,3.0,2.9,3.0,86600
2017-05-22,3.0,3.1,2.9,3.1,86100
2017-05-23,3.1,3.1,3.0,3.1,58500
2017-05-24,3.0,3.1,3.0,3.0,53200
2017-05-25,3.0,3.2,3.0,3.1,125400
2017-05-26,3.1,3.2,3.1,3.2,62700
2017-05-29,3.2,3.3,3.1,3.2,10200
2017-05-30,3.1,3.1,3.0,3.0,70900
2017-05-31,3.0,3.1,2.9,3.0,56600
2017-06-01,3.0,3.2,3.0,3.1,59800
2017-06-02,3.2,3.2,3.0,3.0,94800
2017-06-05,3.1,3.1,3.0,3.0,139400
2017-06-06,3.0,3.1,3.0,3.1,74720
2017-06-07,3.1,3.1,3.0,3.1,46300
2017-06-08,3.0,3.0,2.8,2.8,409630
2017-06-09,2.6,2.6,2.6,2.6,170940
2017-06-12,2.5,2.6,2.4,2.5,182700
2017-06-13,2.6,2.7,2.5,2.7,219100
2017-06-14,2.7,2.7,2.6,2.6,86300
2017-06-15,2.7,2.7,2.5,2.5,48700
2017-06-16,2.5,2.6,2.5,2.5,15800
2017-06-19,2.6,2.6,2.5,2.6,217800
2017-06-20,2.6,2.7,2.5,2.5,67300
2017-06-21,2.5,2.6,2.5,2.5,74255
2017-06-22,2.5,2.6,2.4,2.5,88320
2017-06-23,2.5,2.6,2.4,2.6,60550
2017-06-26,2.6,2.6,2.5,2.6,41165
2017-06-27,2.5,2.6,2.5,2.5,84200
2017-06-28,2.3,2.3,2.3,2.3,80800
2017-06-29,2.1,2.1,2.1,2.1,176920
2017-06-30,1.9,2.0,1.9,2.0,647600
2017-07-03,1.9,2.1,1.9,2.0,48300
2017-07-04,2.0,2.0,1.9,1.9,160800
2017-07-05,1.9,2.0,1.9,2.0,101100
2017-07-06,2.0,2.2,2.0,2.2,309900
2017-07-07,2.2,2.2,2.2,2.2,200720
2017-07-10,2.2,2.2,2.0,2.1,55980
2017-07-11,2.1,2.1,2.0,2.0,157800
2017-07-12,1.9,2.1,1.9,2.1,44650
2017-07-13,2.1,2.1,2.0,2.1,35400
2017-07-14,2.1,2.1,2.0,2.1,36905
2017-07-17,2.1,2.1,2.0,2.0,62100
2017-07-18,2.0,2.1,2.0,2.1,79500
2017-07-19,2.1,2.1,2.0,2.1,28220
2017-07-20,2.0,2.0,1.9,1.9,104080
2017-07-28,2.1,2.1,2.0,2.0,163700
2017-07-31,2.0,2.0,2.0,2.0,0
2017-08-01,2.0,2.0,2.0,2.0,0
2017-08-02,2.0,2.0,2.0,2.0,0
2017-08-03,2.0,2.0,2.0,2.0,0
2017-08-04,2.0,2.1,1.8,1.9,297300
2017-08-07,1.9,1.9,1.9,1.9,0
2017-08-08,1.9,1.9,1.9,1.9,0
2017-08-09,1.9,1.9,1.9,1.9,0
2017-08-10,1.9,1.9,1.9,1.9,0
2017-08-11,1.7,1.8,1.7,1.7,189260
2017-08-14,1.7,1.7,1.7,1.7,0
2017-08-15,1.7,1.7,1.7,1.7,0
2017-08-16,1.7,1.7,1.7,1.7,0
2017-08-17,1.7,1.7,1.7,1.7,0
2017-08-18,1.7,1.7,1.7,1.7,40300
2017-08-21,1.7,1.7,1.7,1.7,40300
2017-08-22,1.7,1.7,1.7,1.7,0
2017-08-23,1.7,1.7,1.7,1.7,0
2017-08-24,1.7,1.7,1.7,1.7,0
2017-08-25,1.7,1.7,1.5,1.6,89900
2017-08-28,1.6,1.6,1.6,1.6,0
2017-08-29,1.6,1.6,1.6,1.6,0
2017-08-30,1.6,1.6,1.6,1.6,0
2017-08-31,1.6,1.6,1.6,1.6,0
2017-09-01,1.5,1.6,1.5,1.6,171120
2017-09-05,1.5,1.5,1.5,1.5,0
2017-09-06,1.5,1.5,1.5,1.5,0
2017-09-07,1.5,1.5,1.5,1.5,0
2017-09-08,1.5,1.5,1.4,1.5,117100
2017-09-11,1.5,1.5,1.5,1.5,0
2017-09-12,1.5,1.5,1.5,1.5,0
2017-09-13,1.5,1.5,1.5,1.5,0
2017-09-14,1.5,1.5,1.5,1.5,0
2017-09-15,1.5,1.6,1.5,1.6,36500
2017-09-18,1.5,1.5,1.5,1.5,0
2017-09-19,1.5,1.5,1.5,1.5,0
2017-09-20,1.5,1.5,1.5,1.5,0
2017-09-21,1.5,1.5,1.5,1.5,0
2017-09-22,1.5,1.6,1.5,1.5,35800
2017-09-25,1.5,1.5,1.5,1.5,0
2017-09-26,1.5,1.5,1.5,1.5,0
2017-09-27,1.5,1.5,1.5,1.5,0
2017-09-28,1.5,1.5,1.5,1.5,0
2017-09-29,1.5,1.5,1.5,1.5,36000
2017-10-02,1.5,1.5,1.5,1.5,0
2017-10-03,1.5,1.5,1.5,1.5,0
2017-10-04,1.5,1.5,1.5,1.5,0
2017-10-05,1.5,1.5,1.5,1.5,0
2017-10-06,1.5,1.5,1.4,1.4,4800
2017-10-09,1.4,1.4,1.4,1.4,0
2017-10-10,1.4,1.4,1.4,1.4,0
2017-10-11,1.4,1.4,1.4,1.4,0
2017-10-12,1.4,1.4,1.4,1.4,0
2017-10-13,1.4,1.6,1.4,1.6,281255
2017-10-16,1.6,1.6,1.6,1.6,0
2017-10-17,1.6,1.6,1.6,1.6,0
2017-10-18,1.6,1.6,1.6,1.6,0
2017-10-19,1.6,1.6,1.6,1.6,0
2017-10-20,1.6,1.7,1.6,1.7,97700
2017-10-23,1.6,1.6,1.6,1.6,0
2017-10-24,1.6,1.6,1.6,1.6,0
2017-10-25,1.6,1.6,1.6,1.6,0
2017-10-26,1.6,1.6,1.6,1.6,0
2017-10-27,1.6,1.6,1.6,1.6,14410
2017-10-30,1.6,1.6,1.6,1.6,0
2017-10-31,1.6,1.6,1.6,1.6,0
2017-11-01,1.6,1.6,1.6,1.6,0
2017-11-02,1.6,1.6,1.6,1.6,0
2017-11-03,1.6,1.6,1.5,1.5,40900
2017-11-06,1.5,1.5,1.5,1.5,0
2017-11-07,1.5,1.5,1.5,1.5,0
2017-11-08,1.5,1.5,1.5,1.5,0
2017-11-09,1.5,1.5,1.5,1.5,0
2017-11-10,1.4,1.4,1.4,1.4,43155
2017-11-13,1.4,1.4,1.4,1.4,0
2017-11-14,1.4,1.4,1.4,1.4,0
2017-11-15,1.4,1.4,1.4,1.4,0
2017-11-16,1.4,1.4,1.4,1.4,0
2017-11-17,1.2,1.6,1.2,1.6,90900
2017-11-20,1.6,1.6,1.6,1.6,0
2017-11-21,1.6,1.6,1.6,1.6,0
2017-11-22,1.6,1.6,1.6,1.6,0
2017-11-23,1.6,1.6,1.6,1.6,0
2017-11-24,1.6,1.6,1.4,1.4,239100
2017-11-27,1.5,1.5,1.5,1.5,0
2017-11-28,1.5,1.5,1.5,1.5,0
2017-11-29,1.5,1.5,1.5,1.5,0
2017-11-30,1.5,1.5,1.5,1.5,0
2017-12-01,1.4,1.5,1.3,1.5,90300
2017-12-04,1.3,1.3,1.3,1.3,0
2017-12-05,1.3,1.3,1.3,1.3,0
2017-12-06,1.3,1.3,1.3,1.3,0
2017-12-07,1.3,1.3,1.3,1.3,0
2017-12-08,1.3,1.4,1.3,1.4,25100
2017-12-11,1.3,1.3,1.3,1.3,0
2017-12-12,1.3,1.3,1.3,1.3,0
2017-12-13,1.3,1.3,1.3,1.3,0
2017-12-14,1.3,1.3,1.3,1.3,0
2017-12-15,1.4,1.4,1.3,1.4,10135
2017-12-18,1.4,1.4,1.4,1.4,0
2017-12-19,1.4,1.4,1.4,1.4,0
2017-12-20,1.4,1.4,1.4,1.4,0
2017-12-21,1.4,1.4,1.4,1.4,0
2017-12-22,1.5,1.5,1.5,1.5,400
2017-12-25,1.5,1.5,1.5,1.5,0
2017-12-26,1.5,1.5,1.5,1.5,0
2017-12-27,1.5,1.5,1.5,1.5,0
2017-12-28,1.5,1.5,1.5,1.5,0
2017-12-29,1.5,1.5,1.5,1.5,46400
2018-01-02,1.5,1.5,1.5,1.5,0
2018-01-03,1.5,1.5,1.5,1.5,0
2018-01-04,1.5,1.5,1.5,1.5,0
2018-01-05,1.5,1.7,1.5,1.7,129200
2018-01-08,1.6,1.6,1.6,1.6,0
2018-01-09,1.6,1.6,1.6,1.6,0
2018-01-10,1.6,1.6,1.6,1.6,0
2018-01-11,1.6,1.6,1.6,1.6,0
2018-01-12,1.6,1.6,1.6,1.6,60000
2018-01-15,1.6,1.6,1.6,1.6,0
2018-01-16,1.6,1.6,1.6,1.6,0
2018-01-17,1.6,1.6,1.6,1.6,0
2018-01-18,1.6,1.6,1.6,1.6,0
2018-01-19,1.6,1.7,1.6,1.6,61500
2018-01-22,1.6,1.6,1.6,1.6,0
2018-01-23,1.6,1.6,1.6,1.6,0
2018-01-24,1.6,1.6,1.6,1.6,0
2018-01-25,1.6,1.6,1.6,1.6,0
2018-01-26,1.6,1.7,1.5,1.7,83300
2018-01-29,1.7,1.7,1.7,1.7,0
2018-01-30,1.7,1.7,1.7,1.7,0
2018-01-31,1.7,1.7,1.7,1.7,0
2018-02-01,1.7,1.7,1.7,1.7,0
2018-02-02,1.7,1.7,1.7,1.7,100
2018-02-05,1.7,1.7,1.7,1.7,0
2018-02-06,1.7,1.7,1.7,1.7,0
2018-02-07,1.7,1.7,1.7,1.7,0
2018-02-08,1.7,1.7,1.7,1.7,0
2018-02-09,1.7,1.7,1.5,1.5,3300
2018-02-12,1.6,1.6,1.6,1.6,0
2018-02-13,1.6,1.6,1.6,1.6,0
2018-02-21,1.6,1.6,1.6,1.6,0
2018-02-22,1.6,1.6,1.6,1.6,0
2018-02-23,1.6,1.6,1.6,1.5,10
2018-02-26,1.6,1.6,1.6,1.6,0
2018-02-27,1.6,1.6,1.6,1.6,0
2018-02-28,1.6,1.6,1.6,1.6,0
2018-03-01,1.6,1.6,1.6,1.6,0
2018-03-02,1.6,1.7,1.4,1.7,4500
2018-03-05,1.6,1.6,1.6,1.6,0
2018-03-06,1.6,1.6,1.6,1.6,0
2018-03-07,1.6,1.6,1.6,1.6,0
2018-03-08,1.6,1.6,1.6,1.6,0
2018-03-09,1.6,1.6,1.6,1.6,0
2018-03-12,1.6,1.6,1.6,1.6,0
2018-03-13,1.6,1.6,1.6,1.6,0
2018-03-14,1.6,1.6,1.6,1.6,0
2018-03-15,1.6,1.6,1.6,1.6,0
2018-03-16,1.6,1.6,1.5,1.5,6100
2018-03-19,1.5,1.5,1.5,1.5,0
2018-03-20,1.5,1.5,1.5,1.5,0
2018-03-21,1.5,1.5,1.5,1.5,0
2018-03-22,1.5,1.5,1.5,1.5,0
2018-03-23,1.5,1.6,1.5,1.6,400
2018-03-26,1.6,1.6,1.6,1.6,0
2018-03-27,1.6,1.6,1.6,1.6,0
2018-03-28,1.6,1.6,1.6,1.6,0
2018-03-29,1.6,1.6,1.6,1.6,0
2018-03-30,1.5,1.5,1.5,1.5,1900
2018-04-02,1.5,1.5,1.5,1.5,0
2018-04-03,1.5,1.5,1.5,1.5,0
2018-04-04,1.5,1.5,1.5,1.5,0
2018-04-05,1.5,1.5,1.5,1.5,0
2018-04-06,1.5,1.6,1.5,1.5,2200
2018-04-09,1.5,1.5,1.5,1.5,0
2018-04-10,1.5,1.5,1.5,1.5,0
2018-04-11,1.5,1.5,1.5,1.5,0
2018-04-12,1.5,1.5,1.5,1.5,0
2018-04-13,1.6,1.6,1.5,1.5,1300
2018-04-16,1.5,1.5,1.5,1.5,0
2018-04-17,1.5,1.5,1.4,1.5,19400
2018-04-18,1.5,1.5,1.4,1.4,7300
2018-04-19,1.5,1.5,1.5,1.5,3000
2018-04-20,1.5,1.5,1.5,1.5,800
2018-04-23,1.5,1.5,1.5,1.5,100
2018-04-24,1.6,1.6,1.6,1.6,100
2018-04-26,1.6,1.6,1.6,1.6,0
2018-04-27,1.6,1.6,1.6,1.6,0
2018-05-02,1.5,1.5,1.4,1.4,1700
2018-05-03,1.5,1.5,1.5,1.5,0
2018-05-04,1.5,1.5,1.4,1.4,3310
2018-05-07,1.4,1.4,1.4,1.4,10100
2018-05-08,1.4,1.5,1.2,1.5,7105
2018-05-09,1.5,1.5,1.5,1.5,8200
2018-05-10,1.5,1.5,1.5,1.5,0
2018-05-11,1.4,1.4,1.4,1.4,200
2018-05-14,1.4,1.4,1.4,1.4,0
2018-05-15,1.5,1.5,1.5,1.5,400
2018-05-16,1.5,1.5,1.5,1.5,0
2018-05-17,1.5,1.5,1.5,1.5,0
2018-05-18,1.4,1.6,1.3,1.3,130400
2018-05-21,1.3,1.3,1.3,1.3,200
2018-05-22,1.3,1.3,1.3,1.3,0
2018-05-23,1.3,1.3,1.3,1.3,0
2018-05-24,1.2,1.3,1.2,1.3,20300
2018-05-25,1.1,1.1,1.1,1.1,20800
2018-05-28,1.0,1.0,1.0,1.0,15000
2018-05-29,1.0,1.0,1.0,1.0,100
2018-05-30,1.0,1.0,1.0,1.0,0
2018-05-31,1.0,1.1,1.0,1.1,600
2018-06-01,1.2,1.2,1.1,1.1,700
2018-06-04,1.1,1.1,1.1,1.1,800
2018-06-05,1.1,1.1,1.1,1.1,15
2018-06-06,1.1,1.1,1.1,1.1,0
2018-06-07,1.1,1.1,1.1,1.1,10
2018-06-08,1.0,1.1,1.0,1.0,32800
2018-06-11,1.0,1.0,1.0,1.0,600
2018-06-12,1.0,1.1,1.0,1.1,600
2018-06-13,1.0,1.0,1.0,1.0,100
2018-06-14,1.0,1.1,1.0,1.1,1100
2018-06-15,1.0,1.1,1.0,1.1,1300
2018-06-18,1.1,1.1,1.1,1.1,0
2018-06-19,1.1,1.1,1.1,1.1,0
2018-06-20,1.0,1.0,1.0,1.0,24710
2018-06-21,1.0,1.0,1.0,1.0,0
2018-06-22,1.0,1.0,1.0,1.0,0
2018-06-25,1.0,1.0,1.0,1.0,0
2018-06-26,1.1,1.1,1.1,1.1,320
2018-06-27,1.1,1.2,1.1,1.2,38035
2018-06-28,1.1,1.1,1.0,1.0,2500
2018-06-29,1.1,1.1,1.1,1.1,100
2018-07-02,1.1,1.1,1.1,1.1,0
2018-07-03,1.0,1.0,1.0,1.0,2000
2018-07-04,1.1,1.1,1.0,1.1,1100
2018-07-05,1.0,1.0,1.0,1.0,2500
2018-07-06,1.1,1.1,1.1,1.1,100
2018-07-09,1.1,1.1,1.0,1.1,300
2018-07-10,1.0,1.0,1.0,1.0,6700
2018-07-11,1.0,1.0,1.0,1.0,3400
2018-07-12,1.0,1.0,1.0,1.0,0
2018-07-13,1.0,1.0,1.0,1.0,1420
2018-07-16,1.0,1.0,1.0,1.0,0
2018-07-17,1.1,1.1,1.1,1.1,100
2018-07-18,1.1,1.1,1.1,1.1,0
2018-07-19,1.1,1.1,1.1,1.1,100
2018-07-20,1.0,1.1,1.0,1.1,4100
2018-07-23,1.1,1.1,1.1,1.1,100
2018-07-24,1.0,1.0,1.0,1.0,2000
2018-07-25,1.0,1.0,1.0,1.0,7200
2018-07-26,1.0,1.0,1.0,1.0,800
2018-07-27,1.0,1.0,0.9,1.0,1210
2018-07-30,1.0,1.0,1.0,1.0,0
2018-07-31,1.0,1.0,1.0,1.0,10
2018-08-01,1.0,1.0,1.0,1.0,200
2018-08-02,1.0,1.0,1.0,1.0,0
2018-08-03,0.9,1.0,0.9,1.0,910
2018-08-06,1.1,1.1,0.9,0.9,435
2018-08-07,1.0,1.0,0.9,0.9,2600
2018-08-08,0.9,0.9,0.9,0.9,1100
2018-08-09,0.9,0.9,0.9,0.9,400
2018-08-10,1.0,1.0,1.0,1.0,100
2018-08-13,0.9,0.9,0.9,0.9,73600
2018-08-14,1.0,1.0,0.9,0.9,800
2018-08-15,0.9,0.9,0.8,0.8,200
2018-08-16,0.8,0.8,0.8,0.8,25300
2018-08-17,0.7,0.7,0.7,0.7,36510
2018-08-20,0.8,0.8,0.8,0.8,100
2018-08-21,0.8,0.8,0.8,0.8,0
2018-08-22,0.8,0.8,0.7,0.7,1300
2018-08-23,0.8,0.8,0.8,0.8,0
2018-08-24,0.8,0.8,0.8,0.8,6900
2018-08-27,0.8,0.8,0.7,0.7,6910
2018-08-28,0.8,0.8,0.8,0.8,100
2018-08-29,0.7,0.8,0.7,0.7,900
2018-08-30,0.8,0.8,0.8,0.8,110
2018-08-31,0.8,0.8,0.7,0.8,107100
2018-09-04,0.8,0.8,0.8,0.8,24400
2018-09-05,0.8,0.9,0.7,0.8,209500
2018-09-06,0.8,0.9,0.8,0.9,10800
2018-09-07,0.9,0.9,0.9,0.9,100
2018-09-10,0.9,0.9,0.8,0.9,5600
2018-09-11,0.8,0.9,0.8,0.9,5300
2018-09-12,0.9,0.9,0.9,0.9,42200
2018-09-13,0.9,0.9,0.9,0.9,32400
2018-09-14,0.9,0.9,0.9,0.9,9400
2018-09-17,0.9,0.9,0.9,0.9,200
2018-09-18,0.8,0.8,0.8,0.8,9100
2018-09-19,0.8,0.9,0.7,0.9,181500
2018-09-20,0.9,0.9,0.7,0.8,132300
2018-09-21,0.7,0.7,0.7,0.7,384100
2018-09-24,0.8,0.8,0.8,0.8,1400
2018-09-25,0.8,0.8,0.8,0.8,330
2018-09-26,0.7,0.8,0.7,0.7,15200
2018-09-27,0.8,0.8,0.8,0.8,10300
2018-09-28,0.8,0.8,0.7,0.8,54730
2018-10-01,0.7,0.8,0.7,0.7,5300
2018-10-02,0.7,0.7,0.6,0.7,29400
2018-10-03,0.7,0.8,0.7,0.7,21100
2018-10-04,0.7,0.8,0.7,0.8,1400
2018-10-05,0.7,0.8,0.7,0.8,2800
2018-10-08,0.8,0.8,0.8,0.8,0
2018-10-09,0.7,0.7,0.7,0.7,76700
2018-10-10,0.7,0.8,0.7,0.8,500
2018-10-11,0.7,0.7,0.7,0.7,24300
2018-10-12,0.7,0.7,0.7,0.7,29725
2018-10-15,0.7,0.7,0.7,0.7,52900
2018-10-16,0.7,0.7,0.7,0.7,4365
2018-10-17,0.8,0.8,0.7,0.8,28410
2018-10-18,0.7,0.7,0.7,0.7,75100
2018-10-19,0.7,0.8,0.7,0.7,25300
2018-10-22,0.7,0.7,0.7,0.7,1700
2018-10-23,0.7,0.7,0.6,0.6,19100
2018-10-24,0.6,0.6,0.6,0.6,33300
2018-10-25,0.6,0.6,0.5,0.6,31100
2018-10-26,0.5,0.6,0.5,0.6,37000
2018-10-29,0.7,0.7,0.7,0.7,100
2018-10-30,0.6,0.6,0.6,0.6,8800
2018-10-31,0.6,0.6,0.6,0.6,31455
2018-11-01,0.6,0.6,0.6,0.6,11500
2018-11-02,0.6,0.6,0.6,0.6,2340
2018-11-05,0.7,0.7,0.7,0.7,10100
2018-11-06,0.7,0.7,0.7,0.7,0
2018-11-07,0.7,0.7,0.7,0.7,0
2018-11-08,0.7,0.7,0.7,0.7,8700
2018-11-09,0.7,0.7,0.7,0.7,2500
2018-11-12,0.7,0.7,0.7,0.7,100
2018-11-13,0.6,0.7,0.6,0.7,16820
2018-11-14,0.6,0.6,0.6,0.6,27100
2018-11-15,0.7,0.7,0.6,0.6,700
2018-11-16,0.5,0.6,0.5,0.6,24200
2018-11-19,0.6,0.6,0.5,0.5,38000
2018-11-20,0.6,0.6,0.6,0.6,21040
2018-11-21,0.7,0.7,0.7,0.7,400
2018-11-22,0.7,0.7,0.7,0.7,100
2018-11-23,0.6,0.6,0.6,0.6,200
2018-11-26,0.6,0.6,0.6,0.6,100
2018-11-27,0.7,0.7,0.7,0.7,100
2018-11-28,0.6,0.7,0.6,0.7,36901
2018-11-29,0.7,0.7,0.6,0.6,9900
2018-11-30,0.6,0.7,0.6,0.7,10210
2018-12-03,0.6,0.7,0.6,0.6,18400
2018-12-04,0.6,0.6,0.6,0.6,14406
2018-12-05,0.6,0.7,0.6,0.7,300
2018-12-06,0.6,0.7,0.6,0.6,63700
2018-12-07,0.7,0.7,0.7,0.7,200
2018-12-10,0.7,0.7,0.6,0.6,2800
2018-12-11,0.6,0.6,0.6,0.6,38600
2018-12-12,0.6,0.7,0.6,0.7,14200
2018-12-13,0.7,0.7,0.7,0.7,100
2018-12-14,0.6,0.7,0.6,0.7,18000
2018-12-17,0.6,0.7,0.6,0.7,400
2018-12-18,0.7,0.7,0.6,0.7,2200
2018-12-19,0.7,0.8,0.7,0.8,116500
2018-12-20,0.7,0.7,0.7,0.7,101100
2018-12-21,0.7,0.7,0.7,0.7,37900
2018-12-24,0.7,0.7,0.7,0.7,0
2018-12-25,0.7,0.7,0.7,0.7,0
2018-12-26,0.7,0.7,0.7,0.7,40700
2018-12-27,0.7,0.7,0.7,0.7,100
2018-12-28,0.7,0.7,0.7,0.7,100
2019-01-02,0.6,0.7,0.6,0.7,1000
2019-01-03,0.6,0.6,0.6,0.6,15900
2019-01-04,0.7,0.7,0.6,0.6,40900
2019-01-07,0.6,0.6,0.6,0.6,10000
2019-01-08,0.7,0.7,0.7,0.7,5200
2019-01-09,0.6,0.6,0.6,0.6,110
2019-01-10,0.5,0.7,0.5,0.7,300
2019-01-11,0.6,0.6,0.6,0.6,400
2019-01-14,0.6,0.6,0.5,0.5,100200
2019-01-15,0.5,0.5,0.5,0.5,10610
2019-01-16,0.4,0.5,0.4,0.5,51400
2019-01-17,0.5,0.5,0.5,0.5,65300
2019-01-18,0.5,0.5,0.5,0.5,8200
2019-01-21,0.5,0.6,0.5,0.6,6200
2019-01-22,0.5,0.5,0.5,0.5,9000
2019-01-23,0.5,0.5,0.5,0.5,6000
2019-01-24,0.5,0.5,0.5,0.5,600
2019-01-25,0.6,0.6,0.4,0.4,600
2019-01-28,0.4,0.4,0.4,0.4,0
2019-01-29,0.5,0.5,0.5,0.5,26000
2019-01-30,0.5,0.5,0.5,0.5,2930
2019-01-31,0.5,0.5,0.5,0.5,33400
2019-02-01,0.5,0.5,0.5,0.5,19100
2019-02-11,0.5,0.6,0.5,0.6,30400
2019-02-12,0.6,0.7,0.5,0.7,38100
2019-02-13,0.6,0.7,0.6,0.7,46300
2019-02-14,0.7,0.7,0.7,0.7,11000
2019-02-15,0.6,0.6,0.6,0.6,32000
2019-02-18,0.6,0.6,0.5,0.5,98000
2019-02-19,0.5,0.6,0.5,0.6,34500
2019-02-20,0.6,0.6,0.6,0.6,9000
2019-02-21,0.6,0.6,0.5,0.5,56000
2019-02-22,0.5,0.5,0.4,0.5,59300
2019-02-25,0.5,0.5,0.5,0.5,13030
2019-02-26,0.5,0.5,0.5,0.5,2600
2019-02-27,0.5,0.5,0.5,0.5,4526
2019-02-28,0.4,0.5,0.4,0.5,3100
2019-03-01,0.5,0.5,0.5,0.5,33300
2019-03-04,0.5,0.5,0.5,0.5,89500
2019-03-05,0.5,0.6,0.5,0.6,87400
2019-03-06,0.5,0.6,0.5,0.6,144110
2019-03-07,0.7,0.7,0.7,0.7,410096
2019-03-08,0.8,0.8,0.7,0.7,215900
2019-03-11,0.8,0.8,0.7,0.7,118810
2019-03-12,0.6,0.7,0.6,0.7,170500
2019-03-13,0.6,0.7,0.6,0.7,14250
2019-03-14,0.6,0.7,0.6,0.6,18200
2019-03-15,0.6,0.7,0.6,0.6,68300
2019-03-18,0.6,0.7,0.6,0.7,43600
2019-03-19,0.7,0.7,0.6,0.6,36500
2019-03-20,0.6,0.6,0.6,0.6,5000
2019-03-21,0.6,0.6,0.6,0.6,15700
2019-03-22,0.6,0.6,0.6,0.6,19700
2019-03-25,0.6,0.6,0.6,0.6,15100
2019-03-26,0.5,0.6,0.5,0.6,600
2019-03-27,0.5,0.6,0.5,0.6,42000
2019-03-28,0.6,0.6,0.6,0.6,100
2019-03-29,0.6,0.6,0.6,0.6,10300
2019-04-01,0.6,0.6,0.5,0.6,756900
2019-04-02,0.5,0.6,0.5,0.6,14520
2019-04-03,0.6,0.6,0.5,0.6,1500
2019-04-04,0.5,0.6,0.5,0.6,33110
2019-04-05,0.6,0.6,0.5,0.6,209660
2019-04-08,0.5,0.5,0.5,0.5,21000
2019-04-09,0.5,0.5,0.5,0.5,10118
2019-04-10,0.5,0.5,0.5,0.5,23400
2019-04-11,0.5,0.5,0.5,0.5,63000
2019-04-12,0.5,0.5,0.5,0.5,34400
2019-04-16,0.5,0.6,0.5,0.6,12660
2019-04-17,0.6,0.6,0.5,0.6,45600
2019-04-18,0.5,0.6,0.5,0.5,12418
2019-04-19,0.5,0.6,0.5,0.5,44722
2019-04-22,0.5,0.6,0.5,0.6,508830
2019-04-23,0.7,0.7,0.6,0.7,73960
2019-04-24,0.6,0.7,0.6,0.7,117590
2019-04-25,0.6,0.6,0.6,0.6,58910
2019-04-26,0.6,0.7,0.5,0.7,149700
2019-05-02,0.6,0.6,0.6,0.6,58550
2019-05-03,0.6,0.6,0.5,0.6,96300
2019-05-06,0.5,0.6,0.5,0.6,4410
2019-05-07,0.6,0.6,0.5,0.6,24800
2019-05-08,0.6,0.6,0.6,0.6,64510
2019-05-09,0.5,0.6,0.5,0.6,430
2019-05-10,0.5,0.5,0.5,0.5,59514
2019-05-13,0.6,0.6,0.5,0.5,95600
2019-05-14,0.5,0.6,0.5,0.6,6191
2019-05-15,0.5,0.5,0.5,0.5,10510
2019-05-16,0.5,0.5,0.5,0.5,35600
2019-05-17,0.6,0.6,0.6,0.6,5625
2019-05-20,0.5,0.6,0.5,0.6,904
2019-05-21,0.6,0.6,0.6,0.6,0
2019-05-22,0.6,0.6,0.6,0.6,0
2019-05-23,0.6,0.6,0.6,0.6,0
2019-05-24,0.6,0.6,0.6,0.6,0
2019-05-27,0.6,0.6,0.6,0.6,0
2019-05-28,0.6,0.6,0.6,0.6,0
2019-05-29,0.6,0.6,0.6,0.6,0
2019-05-30,0.6,0.6,0.6,0.6,0
2019-05-31,0.5,0.5,0.5,0.5,14900
2019-06-03,0.5,0.5,0.5,0.5,0
2019-06-04,0.5,0.5,0.5,0.5,0
2019-06-05,0.5,0.5,0.5,0.5,0
2019-06-06,0.5,0.5,0.5,0.5,0
2019-06-07,0.4,0.5,0.4,0.4,183514
2019-06-10,0.4,0.4,0.4,0.4,0
2019-06-11,0.4,0.4,0.4,0.4,0
2019-06-12,0.4,0.4,0.4,0.4,0
2019-06-13,0.4,0.4,0.4,0.4,0
2019-06-14,0.4,0.4,0.3,0.4,96880
2019-06-17,0.4,0.4,0.4,0.4,0
2019-06-18,0.4,0.4,0.4,0.4,0
2019-06-19,0.4,0.4,0.4,0.4,0
2019-06-20,0.4,0.4,0.4,0.4,0
2019-06-21,0.3,0.4,0.3,0.3,42100
2019-06-24,0.3,0.3,0.3,0.3,0
2019-06-25,0.3,0.3,0.3,0.3,0
2019-06-26,0.3,0.3,0.3,0.3,0
2019-06-27,0.3,0.3,0.3,0.3,0
2019-06-28,0.4,0.4,0.3,0.3,204300
2019-07-01,0.3,0.3,0.3,0.3,0
2019-07-02,0.3,0.3,0.3,0.3,0
2019-07-03,0.3,0.3,0.3,0.3,0
2019-07-04,0.3,0.3,0.3,0.3,0
2019-07-05,0.3,0.4,0.3,0.4,322500
2019-07-08,0.4,0.4,0.4,0.4,0
2019-07-09,0.4,0.4,0.4,0.4,0
2019-07-10,0.4,0.4,0.4,0.4,0
2019-07-11,0.4,0.4,0.4,0.4,0
2019-07-12,0.5,0.5,0.4,0.5,11200
2019-07-15,0.5,0.5,0.5,0.5,0
2019-07-16,0.5,0.5,0.5,0.5,0
2019-07-17,0.5,0.5,0.5,0.5,0
2019-07-18,0.5,0.5,0.5,0.5,0
2019-07-19,0.4,0.4,0.4,0.4,35700
2019-07-22,0.4,0.4,0.4,0.4,0
2019-07-23,0.4,0.4,0.4,0.4,0
2019-07-24,0.4,0.4,0.4,0.4,0
2019-07-25,0.4,0.4,0.4,0.4,0
2019-07-26,0.4,0.4,0.3,0.4,363413
2019-07-29,0.3,0.4,0.4,0.4,0
2019-07-30,0.3,0.4,0.4,0.4,0
2019-07-31,0.3,0.4,0.4,0.4,0
2019-08-01,0.3,0.4,0.4,0.4,0
2019-08-02,0.3,0.3,0.3,0.3,10600
2019-08-05,0.3,0.3,0.3,0.3,0
2019-08-06,0.3,0.3,0.3,0.3,0
2019-08-07,0.3,0.3,0.3,0.3,0
2019-08-08,0.3,0.3,0.3,0.3,0
2019-08-09,0.3,0.4,0.3,0.3,20410
2019-08-12,0.3,0.3,0.3,0.3,0
2019-08-13,0.3,0.3,0.3,0.3,0
2019-08-14,0.3,0.3,0.3,0.3,0
2019-08-15,0.3,0.3,0.3,0.3,0
2019-08-16,0.4,0.4,0.4,0.4,200
2019-08-19,0.4,0.4,0.4,0.4,0
2019-08-20,0.4,0.4,0.4,0.4,0
2019-08-21,0.4,0.4,0.4,0.4,0
2019-08-22,0.4,0.4,0.4,0.4,0
2019-08-23,0.4,0.4,0.3,0.3,2100
2019-08-26,0.3,0.3,0.3,0.3,0
2019-08-27,0.3,0.3,0.3,0.3,0
2019-08-28,0.3,0.3,0.3,0.3,0
2019-08-29,0.3,0.3,0.3,0.3,0
2019-08-30,0.3,0.3,0.3,0.3,218211
2019-09-03,0.3,0.3,0.3,0.3,0
2019-09-04,0.3,0.3,0.3,0.3,0
2019-09-05,0.3,0.3,0.3,0.3,0
2019-09-06,0.4,0.4,0.4,0.4,100
2019-09-09,0.4,0.4,0.4,0.4,0
2019-09-10,0.4,0.4,0.4,0.4,0
2019-09-11,0.4,0.4,0.4,0.4,0
2019-09-12,0.4,0.4,0.4,0.4,0
2019-09-13,0.4,0.4,0.4,0.4,0
2019-09-16,0.4,0.4,0.4,0.4,0
2019-09-17,0.4,0.4,0.4,0.4,0
2019-09-18,0.4,0.4,0.4,0.4,0
2019-09-19,0.4,0.4,0.4,0.4,0
2019-09-20,0.3,0.4,0.3,0.4,9200
2019-09-23,0.4,0.4,0.4,0.4,0
2019-09-24,0.4,0.4,0.4,0.4,0
2019-09-25,0.4,0.4,0.4,0.4,0
2019-09-26,0.4,0.4,0.4,0.4,0
2019-09-27,0.4,0.4,0.3,0.3,67400
2019-09-30,0.3,0.3,0.3,0.3,0
2019-10-01,0.3,0.3,0.3,0.3,0
2019-10-02,0.3,0.3,0.3,0.3,0
2019-10-03,0.3,0.3,0.3,0.3,0
2019-10-04,0.3,0.3,0.3,0.3,29800
2019-10-07,0.3,0.3,0.3,0.3,0
2019-10-08,0.3,0.3,0.3,0.3,0
2019-10-09,0.3,0.3,0.3,0.3,0
2019-10-10,0.3,0.3,0.3,0.3,0
2019-10-11,0.3,0.3,0.3,0.3,600
2019-10-14,0.3,0.3,0.3,0.3,0
2019-10-15,0.3,0.3,0.3,0.3,0
2019-10-16,0.3,0.3,0.3,0.3,0
2019-10-17,0.3,0.3,0.3,0.3,0
2019-10-18,0.4,0.4,0.4,0.4,400
2019-10-21,0.4,0.4,0.4,0.4,0
2019-10-22,0.4,0.4,0.4,0.4,0
2019-10-23,0.4,0.4,0.4,0.4,0
2019-10-24,0.4,0.4,0.4,0.4,0
2019-10-25,0.3,0.4,0.3,0.4,63600
2019-10-28,0.3,0.4,0.4,0.4,0
2019-10-29,0.3,0.4,0.4,0.4,0
2019-10-30,0.3,0.4,0.4,0.4,0
2019-10-31,0.3,0.3,0.3,0.3,0
2019-11-01,0.4,0.4,0.4,0.4,200
2019-11-04,0.4,0.4,0.4,0.4,0
2019-11-05,0.4,0.4,0.4,0.4,0
2019-11-06,0.4,0.4,0.4,0.4,0
2019-11-07,0.4,0.4,0.4,0.4,0
2019-11-08,0.3,0.3,0.3,0.3,120100
2019-11-11,0.3,0.3,0.3,0.3,0
2019-11-12,0.3,0.3,0.3,0.3,0
2019-11-13,0.3,0.3,0.3,0.3,0
2019-11-14,0.3,0.3,0.3,0.3,0
2019-11-15,0.3,0.3,0.3,0.3,124700
2019-11-18,0.3,0.3,0.3,0.3,0
2019-11-19,0.3,0.3,0.3,0.3,0
2019-11-20,0.3,0.3,0.3,0.3,0
2019-11-21,0.3,0.3,0.3,0.3,0
2019-11-22,0.3,0.3,0.3,0.3,10500
2019-11-25,0.3,0.3,0.3,0.3,0
2019-11-26,0.3,0.3,0.3,0.3,0
2019-11-27,0.3,0.3,0.3,0.3,0
2019-11-28,0.3,0.3,0.3,0.3,0
2019-11-29,0.3,0.3,0.3,0.3,94700
2019-12-02,0.3,0.3,0.3,0.3,0
2019-12-03,0.3,0.3,0.3,0.3,0
2019-12-04,0.3,0.3,0.3,0.3,0
2019-12-05,0.3,0.3,0.3,0.3,0
2019-12-06,0.3,0.3,0.3,0.3,3300
2019-12-09,0.3,0.3,0.3,0.3,0
2019-12-10,0.3,0.3,0.3,0.3,0
2019-12-11,0.3,0.3,0.3,0.3,0
2019-12-12,0.3,0.3,0.3,0.3,0
2019-12-13,0.4,0.4,0.3,0.4,300
2019-12-16,0.4,0.4,0.4,0.4,0
2019-12-17,0.4,0.4,0.4,0.4,0
2019-12-18,0.4,0.4,0.4,0.4,0
2019-12-19,0.4,0.4,0.4,0.4,0
2019-12-20,0.3,0.3,0.3,0.3,21400
2019-12-23,0.3,0.3,0.3,0.3,0
2019-12-24,0.3,0.3,0.3,0.3,0
2019-12-25,0.3,0.3,0.3,0.3,0
2019-12-26,0.3,0.3,0.3,0.3,0
2019-12-27,0.3,0.3,0.3,0.3,0
2019-12-30,0.3,0.3,0.3,0.3,0
2019-12-31,0.3,0.3,0.3,0.3,0
2020-01-02,0.3,0.3,0.3,0.3,0
2020-01-03,0.4,0.4,0.2,0.2,1200
2020-01-06,0.2,0.2,0.2,0.2,0
2020-01-07,0.2,0.2,0.2,0.2,0
2020-01-08,0.2,0.2,0.2,0.2,0
2020-01-09,0.2,0.2,0.2,0.2,0
2020-01-10,0.2,0.3,0.2,0.3,2400
2020-01-13,0.3,0.3,0.3,0.3,0
2020-01-14,0.3,0.3,0.3,0.3,0
2020-01-15,0.3,0.3,0.3,0.3,0
2020-01-16,0.3,0.3,0.3,0.3,0
2020-01-17,0.4,0.4,0.3,0.3,2100
2020-01-20,0.3,0.3,0.3,0.3,0
2020-01-21,0.3,0.3,0.3,0.3,0
2020-01-22,0.3,0.3,0.3,0.3,0
2020-01-30,0.3,0.3,0.3,0.3,0
2020-01-31,0.2,0.2,0.2,0.2,205700
2020-02-03,0.2,0.2,0.2,0.2,0
2020-02-04,0.2,0.2,0.2,0.2,0
2020-02-05,0.2,0.2,0.2,0.2,0
2020-02-06,0.2,0.2,0.2,0.2,0
2020-02-07,0.3,0.3,0.3,0.3,100
2020-02-10,0.3,0.3,0.3,0.3,0
2020-02-11,0.3,0.3,0.3,0.3,0
2020-02-12,0.3,0.3,0.3,0.3,0
2020-02-13,0.3,0.3,0.3,0.3,0
2020-02-14,0.2,0.3,0.2,0.3,4400
2020-02-17,0.2,0.3,0.3,0.3,0
2020-02-18,0.2,0.3,0.3,0.3,0
2020-02-19,0.2,0.3,0.3,0.3,0
2020-02-20,0.2,0.3,0.3,0.3,0
2020-02-21,0.3,0.3,0.2,0.3,613
2020-02-24,0.3,0.3,0.3,0.3,0
2020-02-25,0.3,0.3,0.3,0.3,0
2020-02-26,0.3,0.3,0.3,0.3,0
2020-02-27,0.3,0.3,0.3,0.3,0
2020-02-28,0.3,0.3,0.2,0.3,110000
2020-03-02,0.2,0.3,0.3,0.3,0
2020-03-03,0.2,0.3,0.3,0.3,0
2020-03-04,0.2,0.3,0.3,0.3,0
2020-03-05,0.2,0.3,0.3,0.3,0
2020-03-06,0.2,0.2,0.2,0.2,104810
2020-03-09,0.2,0.2,0.2,0.2,0
2020-03-10,0.2,0.2,0.2,0.2,0
2020-03-11,0.2,0.2,0.2,0.2,0
2020-03-12,0.2,0.2,0.2,0.2,0
2020-03-13,0.2,0.2,0.1,0.2,53600
2020-03-16,0.2,0.2,0.2,0.2,0
2020-03-17,0.2,0.2,0.2,0.2,0
2020-03-18,0.2,0.2,0.2,0.2,0
2020-03-19,0.2,0.2,0.2,0.2,0
2020-03-20,0.2,0.2,0.2,0.2,120600
2020-03-23,0.2,0.2,0.2,0.2,0
2020-03-24,0.2,0.2,0.2,0.2,0
2020-03-25,0.2,0.2,0.2,0.2,0
2020-03-26,0.2,0.2,0.2,0.2,0
2020-03-27,0.2,0.2,0.1,0.2,20800
2020-03-30,0.2,0.2,0.2,0.2,0
2020-03-31,0.2,0.2,0.2,0.2,0
2020-04-01,0.2,0.2,0.2,0.2,0
2020-04-03,0.2,0.2,0.2,0.2,16200
2020-04-06,0.2,0.2,0.2,0.2,0
2020-04-07,0.2,0.2,0.2,0.2,0
2020-04-08,0.2,0.2,0.2,0.2,0
2020-04-09,0.2,0.2,0.2,0.2,0
2020-04-10,0.2,0.2,0.2,0.2,10000
2020-04-13,0.2,0.2,0.2,0.2,0
2020-04-14,0.2,0.2,0.2,0.2,0
2020-04-15,0.2,0.2,0.2,0.2,0
2020-04-16,0.2,0.2,0.2,0.2,0
2020-04-17,0.2,0.3,0.2,0.3,6200
2020-04-20,0.2,0.3,0.3,0.3,0
2020-04-21,0.2,0.3,0.3,0.3,0
2020-04-22,0.2,0.3,0.3,0.3,0
2020-04-23,0.2,0.3,0.3,0.3,0
2020-04-24,0.2,0.2,0.2,0.2,12300
2020-04-27,0.2,0.2,0.2,0.2,0
2020-04-28,0.2,0.2,0.2,0.2,0
2020-04-29,0.2,0.2,0.2,0.2,0
2020-05-04,0.2,0.2,0.2,0.2,0
2020-05-05,0.2,0.2,0.2,0.2,0
2020-05-06,0.2,0.2,0.2,0.2,0
2020-05-07,0.2,0.2,0.2,0.2,0
2020-05-08,0.2,0.2,0.2,0.2,1200
2020-05-11,0.2,0.2,0.2,0.2,0
2020-05-12,0.2,0.2,0.2,0.2,0
2020-05-13,0.2,0.2,0.2,0.2,0
2020-05-14,0.2,0.2,0.2,0.2,0
2020-05-15,0.2,0.2,0.2,0.2,66201
2020-05-18,0.2,0.2,0.2,0.2,0
2020-05-19,0.2,0.2,0.2,0.2,0
2020-05-20,0.2,0.2,0.2,0.2,0
2020-05-21,0.2,0.2,0.2,0.2,0
2020-05-22,0.2,0.2,0.1,0.1,16401
2020-05-25,0.2,0.1,0.1,0.1,0
2020-05-26,0.2,0.1,0.1,0.1,0
2020-05-27,0.2,0.1,0.1,0.1,0
2020-05-28,0.2,0.1,0.1,0.1,0
2020-05-29,0.2,0.2,0.2,0.1,10
2020-06-01,0.2,0.1,0.1,0.1,0
2020-06-02,0.2,0.1,0.1,0.1,0
2020-06-03,0.2,0.1,0.1,0.1,0
2020-06-04,0.2,0.1,0.1,0.1,0
2020-06-05,0.2,0.3,0.1,0.3,130010
2020-06-08,0.2,0.3,0.3,0.3,0
2020-06-09,0.2,0.3,0.3,0.3,0
2020-06-10,0.2,0.3,0.3,0.3,0
2020-06-11,0.2,0.3,0.3,0.3,0
2020-06-12,0.2,0.3,0.2,0.3,57611
2020-06-15,0.2,0.3,0.3,0.3,0
2020-06-16,0.2,0.3,0.3,0.3,0
2020-06-17,0.2,0.3,0.3,0.3,0
2020-06-18,0.2,0.3,0.3,0.3,0
2020-06-19,0.2,0.3,0.2,0.3,13211
2020-06-22,0.2,0.3,0.3,0.3,0
2020-06-23,0.2,0.3,0.3,0.3,0
2020-06-24,0.2,0.3,0.3,0.3,0
2020-06-25,0.2,0.3,0.3,0.3,0
2020-06-26,0.2,0.2,0.2,0.2,11100
2020-06-29,0.2,0.2,0.2,0.2,0
2020-06-30,0.2,0.2,0.2,0.2,0
2020-07-01,0.2,0.2,0.2,0.2,0
2020-07-02,0.2,0.2,0.2,0.2,0
2020-07-03,0.3,0.3,0.2,0.3,700
2020-07-06,0.3,0.3,0.3,0.3,0
2020-07-07,0.3,0.3,0.3,0.3,0
2020-07-08,0.3,0.3,0.3,0.3,0
2020-07-09,0.3,0.3,0.3,0.3,0
2020-07-10,0.3,0.3,0.3,0.3,4000
2020-07-13,0.3,0.3,0.3,0.3,0
2020-07-14,0.3,0.3,0.3,0.3,0
2020-07-15,0.3,0.3,0.3,0.3,0
2020-07-16,0.3,0.3,0.3,0.3,0
2020-07-17,0.3,0.3,0.3,0.3,400
2020-07-20,0.3,0.3,0.3,0.3,0
2020-07-21,0.3,0.3,0.3,0.3,0
2020-07-22,0.3,0.3,0.3,0.3,0
2020-07-23,0.3,0.3,0.3,0.3,0
2020-07-24,0.2,0.3,0.2,0.2,150200
2020-07-27,0.2,0.2,0.2,0.2,0
2020-07-28,0.2,0.2,0.2,0.2,0
2020-07-29,0.2,0.2,0.2,0.2,0
2020-07-30,0.2,0.2,0.2,0.2,0
2020-07-31,0.3,0.3,0.3,0.3,130
2020-08-03,0.3,0.3,0.3,0.3,0
2020-08-04,0.3,0.3,0.3,0.3,0
2020-08-05,0.3,0.3,0.3,0.3,0
2020-08-06,0.3,0.3,0.3,0.3,0
2020-08-07,0.3,0.3,0.3,0.3,0
2020-08-10,0.3,0.3,0.3,0.3,0
2020-08-11,0.3,0.3,0.3,0.3,0
2020-08-12,0.3,0.3,0.3,0.3,0
2020-08-13,0.3,0.3,0.3,0.3,0
2020-08-14,0.2,0.2,0.2,0.2,51500
2020-08-17,0.2,0.2,0.2,0.2,0
2020-08-18,0.2,0.2,0.2,0.2,0
2020-08-19,0.2,0.2,0.2,0.2,0
2020-08-20,0.2,0.2,0.2,0.2,0
2020-08-21,0.2,0.2,0.2,0.2,50000
2020-08-24,0.2,0.2,0.2,0.2,0
2020-08-25,0.2,0.2,0.2,0.2,0
2020-08-26,0.2,0.2,0.2,0.2,0
2020-08-27,0.2,0.2,0.2,0.2,0
2020-08-28,0.3,0.3,0.3,0.3,8100
2020-08-31,0.3,0.3,0.3,0.3,0
2020-09-01,0.3,0.3,0.3,0.3,0
2020-09-03,0.3,0.3,0.3,0.3,0
2020-09-04,0.2,0.3,0.2,0.2,95801
2020-09-07,0.2,0.2,0.2,0.2,0
2020-09-08,0.2,0.2,0.2,0.2,0
2020-09-09,0.2,0.2,0.2,0.2,0
2020-09-10,0.2,0.2,0.2,0.2,0
2020-09-11,0.2,0.2,0.2,0.2,56400
2020-09-14,0.2,0.2,0.2,0.2,0
2020-09-15,0.2,0.2,0.2,0.2,0
2020-09-16,0.2,0.2,0.2,0.2,0
2020-09-17,0.2,0.2,0.2,0.2,0
2020-09-18,0.3,0.3,0.2,0.3,87000
2020-09-21,0.3,0.3,0.3,0.3,0
2020-09-22,0.3,0.3,0.3,0.3,0
2020-09-23,0.3,0.3,0.3,0.3,0
2020-09-24,0.3,0.3,0.3,0.3,0
2020-09-25,0.2,0.2,0.2,0.2,13000
2020-09-28,0.2,0.2,0.2,0.2,0
2020-09-29,0.2,0.2,0.2,0.2,0
2020-09-30,0.2,0.2,0.2,0.2,0
2020-10-01,0.2,0.2,0.2,0.2,0
2020-10-02,0.3,0.3,0.3,0.3,378525
2020-10-05,0.3,0.3,0.3,0.3,0
2020-10-06,0.3,0.3,0.3,0.3,0
2020-10-07,0.3,0.3,0.3,0.3,0
2020-10-08,0.3,0.3,0.3,0.3,0
2020-10-09,0.3,0.3,0.3,0.3,13800
2020-10-12,0.3,0.3,0.3,0.3,0
2020-10-13,0.3,0.3,0.3,0.3,0
2020-10-14,0.3,0.3,0.3,0.3,0
2020-10-15,0.3,0.3,0.3,0.3,0
2020-10-16,0.2,0.3,0.2,0.3,9000
2020-10-19,0.26,0.26,0.26,0.26,0
2020-10-20,0.26,0.26,0.26,0.26,0
2020-10-21,0.3,0.3,0.3,0.3,0
2020-10-22,0.3,0.3,0.3,0.3,0
2020-10-23,0.3,0.3,0.3,0.3,35500
2020-10-26,0.3,0.3,0.3,0.3,0
2020-10-27,0.3,0.3,0.3,0.3,0
2020-10-28,0.3,0.3,0.3,0.3,0
2020-10-29,0.3,0.3,0.3,0.3,0
2020-10-30,0.3,0.3,0.3,0.3,51100
2020-11-02,0.3,0.3,0.3,0.3,0
2020-11-03,0.3,0.3,0.3,0.3,0
2020-11-04,0.3,0.3,0.3,0.3,0
2020-11-05,0.3,0.3,0.3,0.3,0
2020-11-06,0.2,0.2,0.2,0.2,5400
2020-11-09,0.2,0.2,0.2,0.2,0
2020-11-10,0.2,0.2,0.2,0.2,0
2020-11-11,0.2,0.2,0.2,0.2,0
2020-11-12,0.2,0.2,0.2,0.2,0
2020-11-13,0.2,0.3,0.2,0.3,19800
2020-11-16,0.3,0.3,0.3,0.3,0
2020-11-17,0.3,0.3,0.3,0.3,0
2020-11-18,0.3,0.3,0.3,0.3,0
2020-11-19,0.3,0.3,0.3,0.3,0
2020-11-20,0.2,0.3,0.2,0.3,29800
2020-11-23,0.2,0.3,0.3,0.3,0
2020-11-24,0.2,0.3,0.3,0.3,0
2020-11-25,0.2,0.3,0.3,0.3,0
2020-11-26,0.2,0.3,0.3,0.3,0
2020-11-27,0.3,0.3,0.2,0.2,97400
2020-11-30,0.2,0.2,0.2,0.2,0
2020-12-01,0.2,0.2,0.2,0.2,0
2020-12-02,0.2,0.2,0.2,0.2,0
2020-12-03,0.2,0.2,0.2,0.2,0
2020-12-04,0.3,0.3,0.3,0.3,1900
2020-12-07,0.3,0.3,0.3,0.3,0
2020-12-08,0.3,0.3,0.3,0.3,0
2020-12-09,0.3,0.3,0.3,0.3,0
2020-12-10,0.3,0.3,0.3,0.3,0
2020-12-11,0.2,0.3,0.2,0.3,25200
2020-12-14,0.2,0.3,0.3,0.3,0
2020-12-15,0.2,0.3,0.3,0.3,0
2020-12-16,0.2,0.3,0.3,0.3,0
2020-12-17,0.2,0.3,0.3,0.3,0
2020-12-18,0.3,0.3,0.3,0.3,14500
2020-12-21,0.3,0.3,0.3,0.3,0
2020-12-22,0.3,0.3,0.3,0.3,0
2020-12-23,0.3,0.3,0.3,0.3,0
2020-12-24,0.3,0.3,0.3,0.3,0
2020-12-25,0.3,0.3,0.3,0.3,103317
2020-12-28,0.3,0.3,0.3,0.3,0
2020-12-29,0.3,0.3,0.3,0.3,0
2020-12-30,0.3,0.3,0.3,0.3,0
2020-12-31,0.3,0.3,0.3,0.3,0
2021-01-04,0.3,0.3,0.3,0.3,0
2021-01-05,0.3,0.3,0.3,0.3,0
2021-01-06,0.3,0.3,0.3,0.3,0
2021-01-07,0.3,0.3,0.3,0.3,0
2021-01-08,0.3,0.4,0.3,0.4,203900
2021-01-11,0.3,0.4,0.4,0.4,0
2021-01-12,0.3,0.4,0.4,0.4,0
2021-01-13,0.3,0.4,0.4,0.4,0
2021-01-14,0.3,0.4,0.4,0.4,0
2021-01-15,0.4,0.4,0.4,0.4,440900
2021-01-18,0.4,0.4,0.4,0.4,0
2021-01-19,0.4,0.4,0.4,0.4,0
2021-01-20,0.4,0.4,0.4,0.4,0
2021-01-21,0.4,0.4,0.4,0.4,0
2021-01-22,0.4,0.5,0.4,0.5,385600
2021-01-25,0.5,0.5,0.5,0.5,0
2021-01-26,0.5,0.5,0.5,0.5,0
2021-01-27,0.5,0.5,0.5,0.5,0
2021-01-28,0.5,0.5,0.5,0.5,0
2021-01-29,0.4,0.5,0.4,0.5,171500
2021-02-01,0.4,0.5,0.5,0.5,0
2021-02-02,0.4,0.5,0.5,0.5,0
2021-02-03,0.4,0.5,0.5,0.5,0
2021-02-04,0.4,0.5,0.5,0.5,0
2021-02-05,0.4,0.5,0.3,0.5,79100
2021-02-08,0.4,0.5,0.5,0.5,0
2021-02-09,0.4,0.5,0.5,0.5,0
2021-02-17,0.4,0.4,0.4,0.4,0
2021-02-18,0.4,0.5,0.5,0.5,0
2021-02-19,0.4,0.5,0.3,0.4,136400
2021-02-22,0.4,0.4,0.4,0.4,0
2021-02-23,0.4,0.4,0.4,0.4,0
2021-02-24,0.4,0.4,0.4,0.4,0
2021-02-25,0.4,0.4,0.4,0.4,0
2021-02-26,0.4,0.5,0.4,0.4,43727
2021-03-01,0.4,0.4,0.4,0.4,0
2021-03-02,0.4,0.4,0.4,0.4,0
2021-03-03,0.4,0.4,0.4,0.4,0
2021-03-04,0.4,0.4,0.4,0.4,0
2021-03-05,0.4,0.5,0.4,0.5,79461
2021-03-08,0.4,0.5,0.5,0.5,0
2021-03-09,0.4,0.5,0.5,0.5,0
2021-03-10,0.4,0.5,0.5,0.5,0
2021-03-11,0.4,0.5,0.5,0.5,0
2021-03-12,0.4,0.5,0.4,0.5,42815
2021-03-15,0.5,0.5,0.5,0.5,0
2021-03-16,0.5,0.5,0.5,0.5,0
2021-03-17,0.5,0.5,0.5,0.5,0
2021-03-18,0.5,0.5,0.5,0.5,0
2021-03-19,0.4,0.5,0.4,0.5,210515
2021-03-22,0.4,0.5,0.5,0.5,0
2021-03-23,0.4,0.5,0.5,0.5,0
2021-03-24,0.4,0.5,0.5,0.5,0
2021-03-25,0.4,0.5,0.5,0.5,0
2021-03-26,0.4,0.5,0.4,0.5,107788
2021-03-29,0.4,0.5,0.5,0.5,0
2021-03-30,0.4,0.5,0.5,0.5,0
2021-03-31,0.4,0.5,0.5,0.5,0
2021-04-01,0.4,0.5,0.5,0.5,0
2021-04-02,0.4,0.5,0.4,0.5,426845
2021-04-05,0.5,0.5,0.5,0.5,0
2021-04-06,0.5,0.5,0.5,0.5,0
2021-04-07,0.5,0.5,0.5,0.5,0
2021-04-08,0.5,0.5,0.5,0.5,0
2021-04-09,0.6,0.6,0.6,0.6,93748
2021-04-12,0.6,0.6,0.6,0.6,0
2021-04-13,0.6,0.6,0.6,0.6,0
2021-04-14,0.6,0.6,0.6,0.6,0
2021-04-15,0.6,0.6,0.6,0.6,0
2021-04-16,0.7,0.7,0.7,0.7,1226523
2021-04-19,0.7,0.7,0.7,0.7,0
2021-04-20,0.7,0.7,0.7,0.7,0
2021-04-22,0.7,0.7,0.7,0.7,0
2021-04-23,0.8,0.8,0.7,0.8,811200
2021-04-26,0.8,0.8,0.8,0.8,0
2021-04-27,0.8,0.8,0.8,0.8,0
2021-04-28,0.8,0.8,0.8,0.8,0
2021-04-29,0.8,0.8,0.8,0.8,0
2021-05-04,0.8,0.8,0.8,0.8,0
2021-05-05,0.8,0.8,0.8,0.8,0
2021-05-06,0.8,0.8,0.8,0.8,0
2021-05-07,0.9,0.9,0.8,0.9,467100
2021-05-10,0.9,0.9,0.9,0.9,0
2021-05-11,0.9,0.9,0.9,0.9,0
2021-05-12,0.9,0.9,0.9,0.9,0
2021-05-13,0.9,0.9,0.9,0.9,0
2021-05-14,1.0,1.0,0.9,1.0,198200
2021-05-17,1.0,1.0,1.0,1.0,0
2021-05-18,1.0,1.0,1.0,1.0,0
2021-05-19,1.0,1.0,1.0,1.0,0
2021-05-20,1.0,1.0,1.0,1.0,0
2021-05-21,1.1,1.1,1.0,1.1,673210
2021-05-24,1.1,1.1,1.1,1.1,0
2021-05-25,1.1,1.1,1.1,1.1,0
2021-05-26,1.1,1.1,1.1,1.1,0
2021-05-27,1.1,1.1,1.1,1.1,0
2021-05-28,1.1,1.1,1.0,1.0,114000
2021-05-31,1.0,1.0,1.0,1.0,0
2021-06-01,1.0,1.0,1.0,1.0,0
2021-06-02,1.0,1.0,1.0,1.0,0
2021-06-03,1.0,1.0,1.0,1.0,0
2021-06-04,0.9,0.9,0.9,0.9,65200
2021-06-07,0.9,0.9,0.9,0.9,0
2021-06-08,0.9,0.9,0.9,0.9,0
2021-06-09,0.9,0.9,0.9,0.9,0
2021-06-10,0.9,0.9,0.9,0.9,0
2021-06-11,0.8,0.8,0.8,0.8,117349
2021-06-14,0.8,0.8,0.8,0.8,0
2021-06-15,0.8,0.8,0.8,0.8,0
2021-06-16,0.8,0.8,0.8,0.8,0
2021-06-17,0.8,0.8,0.8,0.8,0
2021-06-18,0.7,0.9,0.7,0.8,504600
2021-06-21,0.7,0.8,0.8,0.8,0
2021-06-22,0.7,0.8,0.8,0.8,0
2021-06-23,0.7,0.8,0.8,0.8,0
2021-06-24,0.7,0.8,0.8,0.8,0
2021-06-25,0.8,0.8,0.7,0.8,201694
2021-06-28,0.8,0.8,0.8,0.8,0
2021-06-29,0.8,0.8,0.8,0.8,0
2021-06-30,0.8,0.8,0.8,0.8,0
2021-07-01,0.8,0.8,0.8,0.8,0
2021-07-02,0.9,0.9,0.9,0.9,337200
2021-07-05,0.9,0.9,0.9,0.9,0
2021-07-06,0.9,0.9,0.9,0.9,0
2021-07-07,0.9,0.9,0.9,0.9,0
2021-07-08,0.9,0.9,0.9,0.9,0
2021-07-09,1.0,1.0,0.8,0.9,826510
2021-07-12,0.9,0.9,0.9,0.9,0
2021-07-13,0.9,0.9,0.9,0.9,0
2021-07-14,0.9,0.9,0.9,0.9,0
2021-07-15,0.9,0.9,0.9,0.9,0
2021-07-16,0.9,1.0,0.8,0.9,364200
2021-07-19,0.8,0.9,0.9,0.9,0
2021-07-20,0.8,0.9,0.9,0.9,0
2021-07-21,0.8,0.9,0.9,0.9,0
2021-07-22,0.8,0.9,0.9,0.9,0
2021-07-23,0.8,0.9,0.7,0.8,129400
2021-07-26,0.7,0.8,0.8,0.8,0
2021-07-27,0.7,0.8,0.8,0.8,0
2021-07-28,0.7,0.8,0.8,0.8,0
2021-07-29,0.7,0.8,0.8,0.8,0
2021-07-30,0.7,0.8,0.7,0.8,127600
2021-08-02,0.8,0.8,0.8,0.8,0
2021-08-03,0.8,0.8,0.8,0.8,0
2021-08-04,0.8,0.8,0.8,0.8,0
2021-08-05,0.8,0.8,0.8,0.8,0
2021-08-06,0.9,0.9,0.8,0.9,147000
2021-08-09,0.9,0.9,0.9,0.9,0
2021-08-10,0.9,0.9,0.9,0.9,0
2021-08-11,0.9,0.9,0.9,0.9,0
2021-08-12,0.9,0.9,0.9,0.9,0
2021-08-13,0.9,1.0,0.8,0.9,164400
2021-08-16,0.9,0.9,0.9,0.9,0
2021-08-17,0.9,0.9,0.9,0.9,0
2021-08-18,0.9,0.9,0.9,0.9,0
2021-08-19,0.9,0.9,0.9,0.9,0
2021-08-20,0.9,0.9,0.8,0.9,121900
2021-08-23,0.8,0.9,0.9,0.9,0
2021-08-24,0.8,0.9,0.9,0.9,0
2021-08-25,0.8,0.9,0.9,0.9,0
2021-08-26,0.8,0.9,0.9,0.9,0
2021-08-27,0.9,0.9,0.8,0.9,323100
2021-08-30,0.9,0.9,0.9,0.9,0
2021-08-31,0.9,0.9,0.9,0.9,0
2021-09-01,0.9,0.9,0.9,0.9,0
2021-09-06,0.9,0.9,0.9,0.9,0
2021-09-07,0.9,0.9,0.9,0.9,0
2021-09-08,0.9,0.9,0.9,0.9,0
2021-09-09,0.9,0.9,0.9,0.9,0
2021-09-10,0.9,1.0,0.8,0.9,147200
2021-09-13,0.9,0.9,0.9,0.9,0
2021-09-14,0.9,0.9,0.9,0.9,0
2021-09-15,0.9,0.9,0.9,0.9,0
2021-09-16,0.9,0.9,0.9,0.9,0
2021-09-17,0.9,1.0,0.9,1.0,584487
2021-09-20,1.0,1.0,1.0,1.0,0
2021-09-21,1.0,1.0,1.0,1.0,0
2021-09-22,1.0,1.0,1.0,1.0,0
2021-09-23,1.0,1.0,1.0,1.0,0
2021-09-24,1.1,1.1,1.0,1.1,581500
2021-09-27,1.1,1.1,1.1,1.1,0
2021-09-28,1.1,1.1,1.1,1.1,0
2021-09-29,1.1,1.1,1.1,1.1,0
2021-09-30,1.1,1.1,1.1,1.1,0
2021-10-01,1.2,1.2,1.1,1.2,276000
2021-10-04,1.2,1.2,1.2,1.2,0
2021-10-05,1.2,1.2,1.2,1.2,0
2021-10-06,1.2,1.2,1.2,1.2,0
2021-10-07,1.2,1.2,1.2,1.2,0
2021-10-08,1.3,1.3,1.2,1.3,502800
2021-10-11,1.3,1.3,1.3,1.3,0
2021-10-12,1.3,1.3,1.3,1.3,0
2021-10-13,1.3,1.3,1.3,1.3,0
2021-10-14,1.3,1.3,1.3,1.3,0
2021-10-15,1.4,1.4,1.4,1.4,160600
2021-10-18,1.4,1.4,1.4,1.4,0
2021-10-19,1.4,1.4,1.4,1.4,0
2021-10-20,1.4,1.4,1.4,1.4,0
2021-10-21,1.4,1.4,1.4,1.4,0
2021-10-22,1.6,1.6,1.6,1.6,381810
2021-10-25,1.6,1.6,1.6,1.6,0
2021-10-26,1.6,1.6,1.6,1.6,0
2021-10-27,1.6,1.6,1.6,1.6,0
2021-10-28,1.6,1.6,1.6,1.6,0
2021-10-29,1.8,1.8,1.8,1.8,21300
2021-11-01,1.8,1.8,1.8,1.8,0
2021-11-02,1.8,1.8,1.8,1.8,0
2021-11-03,1.8,1.8,1.8,1.8,0
2021-11-04,1.8,1.8,1.8,1.8,0
2021-11-05,2.0,2.0,1.9,2.0,1351339
2021-11-08,2.0,2.0,2.0,2.0,0
2021-11-09,2.0,2.0,2.0,2.0,0
2021-11-10,2.0,2.0,2.0,2.0,0
2021-11-11,2.0,2.0,2.0,2.0,0
2021-11-12,2.3,2.3,2.3,2.3,572830
2021-11-15,2.3,2.3,2.3,2.3,0
2021-11-16,2.3,2.3,2.3,2.3,0
2021-11-17,2.3,2.3,2.3,2.3,0
2021-11-18,2.3,2.3,2.3,2.3,0
2021-11-19,2.6,2.6,2.5,2.6,963340
2021-11-22,2.6,2.6,2.6,2.6,0
2021-11-23,2.6,2.6,2.6,2.6,0
2021-11-24,2.6,2.6,2.6,2.6,0
2021-11-25,2.6,2.6,2.6,2.6,0
2021-11-26,2.9,2.9,2.3,2.4,966501
2021-11-29,2.5,2.5,2.5,2.5,0
2021-11-30,2.5,2.5,2.5,2.5,0
2021-12-01,2.5,2.5,2.5,2.5,0
2021-12-02,2.5,2.5,2.5,2.5,0
2021-12-03,2.5,2.6,2.3,2.5,670463
2021-12-06,2.4,2.4,2.4,2.4,0
2021-12-07,2.4,2.4,2.4,2.4,0
2021-12-08,2.4,2.4,2.4,2.4,0
2021-12-09,2.4,2.4,2.4,2.4,0
2021-12-10,2.5,2.5,2.1,2.2,719952
2021-12-13,2.2,2.2,2.2,2.2,0
2021-12-14,2.2,2.2,2.2,2.2,0
2021-12-15,2.2,2.2,2.2,2.2,0
2021-12-16,2.2,2.2,2.2,2.2,0
2021-12-17,2.2,2.3,1.9,2.0,624273
2021-12-20,2.0,2.0,2.0,2.0,0
2021-12-21,2.0,2.0,2.0,2.0,0
2021-12-22,2.0,2.0,2.0,2.0,0
2021-12-23,2.0,2.0,2.0,2.0,0
2021-12-24,1.9,1.9,1.7,1.8,273110
2021-12-27,1.8,1.8,1.8,1.8,0
2021-12-28,1.8,1.8,1.8,1.8,0
2021-12-29,1.8,1.8,1.8,1.8,0
2021-12-30,1.8,1.8,1.8,1.8,0
2021-12-31,1.7,2.0,1.7,2.0,364300
2022-01-04,2.0,2.0,2.0,2.0,0
2022-01-05,2.0,2.0,2.0,2.0,0
2022-01-06,2.0,2.0,2.0,2.0,0
2022-01-07,2.3,2.3,2.2,2.3,492110
2022-01-10,2.3,2.3,2.3,2.3,0
2022-01-11,2.3,2.3,2.3,2.3,0
2022-01-12,2.3,2.3,2.3,2.3,0
2022-01-13,2.3,2.3,2.3,2.3,0
2022-01-14,2.3,2.3,2.0,2.1,264510
2022-01-17,2.0,2.0,2.0,2.0,0
2022-01-18,2.0,2.0,2.0,2.0,0
2022-01-19,2.0,2.0,2.0,2.0,0
2022-01-20,2.0,2.0,2.0,2.0,0
2022-01-21,2.0,2.1,1.9,2.0,108000
2022-01-24,2.0,2.0,2.0,2.0,0
2022-01-25,2.0,2.0,2.0,2.0,0
2022-01-26,2.0,2.0,2.0,2.0,0
2022-01-27,2.0,2.0,2.0,2.0,0
2022-01-28,1.7,2.0,1.7,1.8,126600
2022-02-07,1.8,1.8,1.8,1.8,0
2022-02-08,1.8,1.8,1.8,1.8,0
2022-02-09,1.8,1.8,1.8,1.8,0
2022-02-10,1.8,1.8,1.8,1.8,0
2022-02-11,1.8,2.0,1.8,2.0,269000
2022-02-14,2.0,2.0,2.0,2.0,0
2022-02-15,2.0,2.0,2.0,2.0,0
2022-02-16,2.0,2.0,2.0,2.0,0
2022-02-17,2.0,2.0,2.0,2.0,0
2022-02-18,2.0,2.1,1.8,2.0,114600
2022-02-21,1.9,1.9,1.9,1.9,0
2022-02-22,1.9,1.9,1.9,1.9,0
2022-02-23,1.9,1.9,1.9,1.9,0
2022-02-24,1.9,1.9,1.9,1.9,0
2022-02-25,1.9,2.0,1.9,2.0,142200
2022-02-28,1.9,1.9,1.9,1.9,0
2022-03-01,1.9,1.9,1.9,1.9,0
2022-03-02,1.9,1.9,1.9,1.9,0
2022-03-03,1.9,1.9,1.9,1.9,0
2022-03-04,2.0,2.0,1.8,1.9,210800
2022-03-07,1.8,1.8,1.8,1.8,0
2022-03-08,1.8,1.8,1.8,1.8,0
2022-03-09,1.8,1.8,1.8,1.8,0
2022-03-10,1.8,1.8,1.8,1.8,0
2022-03-11,1.8,1.9,1.7,1.8,170500
2022-03-14,1.8,1.8,1.8,1.8,0
2022-03-15,1.8,1.8,1.8,1.8,0
2022-03-16,1.8,1.8,1.8,1.8,0
2022-03-17,1.8,1.8,1.8,1.8,0
2022-03-18,1.8,1.9,1.7,1.8,290300
2022-03-21,1.7,1.7,1.7,1.7,0
2022-03-22,1.7,1.7,1.7,1.7,0
2022-03-23,1.7,1.7,1.7,1.7,0
2022-03-24,1.7,1.7,1.7,1.7,0
2022-03-25,1.8,1.9,1.7,1.9,417100
2022-03-28,1.9,1.9,1.9,1.9,0
2022-03-29,1.9,1.9,1.9,1.9,0
2022-03-30,1.9,1.9,1.9,1.9,0
2022-03-31,1.9,1.9,1.9,1.9,0
2022-04-01,2.0,2.1,1.8,1.9,390600
2022-04-04,1.9,1.9,1.9,1.9,0
2022-04-05,1.9,1.9,1.9,1.9,0
2022-04-06,1.9,1.9,1.9,1.9,0
2022-04-07,1.9,1.9,1.9,1.9,0
2022-04-08,1.8,1.9,1.7,1.8,144000
2022-04-12,1.8,1.8,1.8,1.8,0
2022-04-13,1.8,1.8,1.8,1.8,0
2022-04-14,1.8,1.8,1.8,1.8,0
2022-04-15,1.7,1.8,1.6,1.7,99100
2022-04-18,1.6,1.6,1.6,1.6,0
2022-04-19,1.6,1.6,1.6,1.6,0
2022-04-20,1.6,1.6,1.6,1.6,0
2022-04-21,1.6,1.6,1.6,1.6,0
2022-04-22,1.4,1.5,1.4,1.4,209000
2022-04-25,1.4,1.4,1.4,1.4,0
2022-04-26,1.4,1.4,1.4,1.4,0
2022-04-27,1.4,1.4,1.4,1.4,0
2022-04-28,1.4,1.4,1.4,1.4,0
2022-04-29,1.5,1.6,1.4,1.6,205400
2022-05-04,1.6,1.6,1.6,1.6,0
2022-05-05,1.6,1.6,1.6,1.6,0
2022-05-06,1.7,1.7,1.5,1.7,111000
2022-05-09,1.6,1.6,1.6,1.6,0
2022-05-10,1.6,1.6,1.6,1.6,0
2022-05-11,1.6,1.6,1.6,1.6,0
2022-05-12,1.6,1.6,1.6,1.6,0
2022-05-13,1.4,1.5,1.4,1.4,118000
2022-05-16,1.4,1.4,1.4,1.4,0
2022-05-17,1.4,1.4,1.4,1.4,0
2022-05-18,1.4,1.4,1.4,1.4,0
2022-05-19,1.4,1.4,1.4,1.4,0
2022-05-20,1.6,1.6,1.3,1.5,131800
2022-05-23,1.4,1.4,1.4,1.4,0
2022-05-24,1.4,1.4,1.4,1.4,0
2022-05-25,1.4,1.4,1.4,1.4,0
2022-05-26,1.4,1.4,1.4,1.4,0
2022-05-27,1.5,1.5,1.3,1.4,33200
2022-05-30,1.4,1.4,1.4,1.4,0
2022-05-31,1.4,1.4,1.4,1.4,0
2022-06-01,1.4,1.4,1.4,1.4,0
2022-06-02,1.4,1.4,1.4,1.4,0
2022-06-03,1.3,1.4,1.3,1.3,41700
2022-06-06,1.3,1.3,1.3,1.3,0
2022-06-07,1.3,1.3,1.3,1.3,0
2022-06-08,1.3,1.3,1.3,1.3,0
2022-06-09,1.3,1.3,1.3,1.3,0
2022-06-10,1.3,1.3,1.2,1.2,152400
2022-06-13,1.2,1.2,1.2,1.2,0
2022-06-14,1.2,1.2,1.2,1.2,0
2022-06-15,1.2,1.2,1.2,1.2,0
2022-06-16,1.2,1.2,1.2,1.2,0
2022-06-17,1.1,1.1,1.1,1.1,31800
2022-06-20,1.1,1.1,1.1,1.1,0
2022-06-21,1.1,1.1,1.1,1.1,0
2022-06-22,1.1,1.1,1.1,1.1,0
2022-06-23,1.1,1.1,1.1,1.1,0
2022-06-24,1.0,1.1,1.0,1.0,193100
2022-06-27,1.0,1.0,1.0,1.0,0
2022-06-28,1.0,1.0,1.0,1.0,0
2022-06-29,1.0,1.0,1.0,1.0,0
2022-06-30,1.0,1.0,1.0,1.0,0
2022-07-01,0.9,0.9,0.9,0.9,85400
2022-07-04,0.9,0.9,0.9,0.9,0
2022-07-05,0.9,0.9,0.9,0.9,0
2022-07-06,0.9,0.9,0.9,0.9,0
2022-07-07,0.9,0.9,0.9,0.9,0
2022-07-08,0.8,1.0,0.8,1.0,56000
2022-07-11,0.9,0.9,0.9,0.9,0
2022-07-12,0.9,0.9,0.9,0.9,0
2022-07-13,0.9,0.9,0.9,0.9,0
2022-07-14,0.9,0.9,0.9,0.9,0
2022-07-15,1.0,1.0,0.9,1.0,79700
2022-07-18,1.0,1.0,1.0,1.0,0
2022-07-19,1.0,1.0,1.0,1.0,0
2022-07-20,1.0,1.0,1.0,1.0,0
2022-07-21,1.0,1.0,1.0,1.0,0
2022-07-22,1.0,1.1,1.0,1.1,117500
2022-07-25,1.1,1.1,1.1,1.1,0
2022-07-26,1.1,1.1,1.1,1.1,0
2022-07-27,1.1,1.1,1.1,1.1,0
2022-07-28,1.1,1.1,1.1,1.1,0
2022-07-29,1.2,1.2,1.2,1.2,31700
2022-08-01,1.2,1.2,1.2,1.2,0
2022-08-02,1.2,1.2,1.2,1.2,0
2022-08-03,1.2,1.2,1.2,1.2,0
2022-08-04,1.2,1.2,1.2,1.2,0
2022-08-05,1.3,1.3,1.3,1.3,14700
2022-08-08,1.3,1.3,1.3,1.3,0
2022-08-09,1.3,1.3,1.3,1.3,0
2022-08-10,1.3,1.3,1.3,1.3,0
2022-08-11,1.3,1.3,1.3,1.3,0
2022-08-12,1.4,1.4,1.3,1.4,152100
2022-08-15,1.4,1.4,1.4,1.4,0
2022-08-16,1.4,1.4,1.4,1.4,0
2022-08-17,1.4,1.4,1.4,1.4,0
2022-08-18,1.4,1.4,1.4,1.4,0
2022-08-19,1.5,1.5,1.2,1.4,71700
2022-08-22,1.4,1.4,1.4,1.4,0
2022-08-23,1.4,1.4,1.4,1.4,0
2022-08-24,1.4,1.4,1.4,1.4,0
2022-08-25,1.4,1.4,1.4,1.4,0
2022-08-26,1.5,1.5,1.2,1.4,38100
2022-08-29,1.2,1.2,1.2,1.2,0
2022-08-30,1.2,1.2,1.2,1.2,0
2022-08-31,1.2,1.2,1.2,1.2,0
2022-09-05,1.2,1.2,1.2,1.2,0
2022-09-06,1.2,1.2,1.2,1.2,0
2022-09-07,1.2,1.2,1.2,1.2,0
2022-09-08,1.2,1.2,1.2,1.2,0
2022-09-09,1.1,1.2,1.1,1.2,52800
2022-09-12,1.1,1.1,1.1,1.1,0
2022-09-13,1.1,1.1,1.1,1.1,0
2022-09-14,1.1,1.1,1.1,1.1,0
2022-09-15,1.1,1.1,1.1,1.1,0
2022-09-16,1.1,1.1,1.0,1.1,88100
2022-09-19,1.0,1.0,1.0,1.0,0
2022-09-20,1.0,1.0,1.0,1.0,0
2022-09-21,1.0,1.0,1.0,1.0,0
2022-09-22,1.0,1.0,1.0,1.0,0
2022-09-23,1.0,1.1,1.0,1.0,49100
2022-09-26,1.0,1.0,1.0,1.0,0
2022-09-27,1.0,1.0,1.0,1.0,0
2022-09-28,1.0,1.0,1.0,1.0,0
2022-09-29,1.0,1.0,1.0,1.0,0
2022-09-30,0.9,1.0,0.9,0.9,50500
2022-10-03,0.9,0.9,0.9,0.9,0
2022-10-04,0.9,0.9,0.9,0.9,0
2022-10-05,0.9,0.9,0.9,0.9,0
2022-10-06,0.9,0.9,0.9,0.9,0
2022-10-07,0.8,0.8,0.8,0.8,96300
2022-10-10,0.8,0.8,0.8,0.8,0
2022-10-11,0.8,0.8,0.8,0.8,0
2022-10-12,0.8,0.8,0.8,0.8,0
2022-10-13,0.8,0.8,0.8,0.8,0
2022-10-14,0.8,0.9,0.8,0.9,20985
2022-10-17,0.9,0.9,0.9,0.9,0
2022-10-18,0.9,0.9,0.9,0.9,0
2022-10-19,0.9,0.9,0.9,0.9,0
2022-10-20,0.9,0.9,0.9,0.9,0
2022-10-21,1.0,1.0,0.8,0.8,22810
2022-10-24,0.8,0.8,0.8,0.8,0
2022-10-25,0.8,0.8,0.8,0.8,0
2022-10-26,0.8,0.8,0.8,0.8,0
2022-10-27,0.8,0.8,0.8,0.8,0
2022-10-28,0.9,0.9,0.8,0.9,26000
2022-10-31,0.9,0.9,0.9,0.9,0
2022-11-01,0.9,0.9,0.9,0.9,0
2022-11-02,0.9,0.9,0.9,0.9,0
2022-11-03,0.9,0.9,0.9,0.9,0
2022-11-04,0.9,0.9,0.8,0.8,30400
2022-11-07,0.8,0.8,0.8,0.8,0
2022-11-08,0.8,0.8,0.8,0.8,0
2022-11-09,0.8,0.8,0.8,0.8,0
2022-11-10,0.8,0.8,0.8,0.8,0
2022-11-11,0.7,0.8,0.7,0.8,55200
2022-11-14,0.7,0.7,0.7,0.7,0
2022-11-15,0.7,0.7,0.7,0.7,0
2022-11-16,0.7,0.7,0.7,0.7,0
2022-11-17,0.7,0.7,0.7,0.7,0
2022-11-18,0.7,0.8,0.7,0.8,36500
2022-11-21,0.7,0.7,0.7,0.7,0
2022-11-22,0.7,0.7,0.7,0.7,0
2022-11-23,0.7,0.7,0.7,0.7,0
2022-11-24,0.7,0.7,0.7,0.7,0
2022-11-25,0.7,0.8,0.7,0.7,36400
2022-11-28,0.7,0.7,0.7,0.7,0
2022-11-29,0.7,0.7,0.7,0.7,0
2022-11-30,0.7,0.7,0.7,0.7,0
2022-12-01,0.7,0.7,0.7,0.7,0
2022-12-02,0.8,0.8,0.7,0.8,124700
2022-12-05,0.8,0.8,0.8,0.8,0
2022-12-06,0.8,0.8,0.8,0.8,0
2022-12-07,0.8,0.8,0.8,0.8,0
2022-12-08,0.8,0.8,0.8,0.8,0
2022-12-09,0.9,0.9,0.8,0.9,15500
2022-12-12,0.8,0.8,0.8,0.8,0
2022-12-13,0.8,0.8,0.8,0.8,0
2022-12-14,0.8,0.8,0.8,0.8,0
2022-12-15,0.8,0.8,0.8,0.8,0
2022-12-16,0.9,0.9,0.8,0.9,9500
2022-12-19,0.9,0.9,0.9,0.9,0
2022-12-20,0.9,0.9,0.9,0.9,0
2022-12-21,0.9,0.9,0.9,0.9,0
2022-12-22,0.9,0.9,0.9,0.9,0
2022-12-23,0.9,0.9,0.8,0.8,22400
2022-12-26,0.8,0.8,0.8,0.8,0
2022-12-27,0.8,0.8,0.8,0.8,0
2022-12-28,0.8,0.8,0.8,0.8,0
2022-12-29,0.8,0.8,0.8,0.8,0
2022-12-30,0.9,0.9,0.8,0.9,5500
2023-01-03,0.8,0.8,0.8,0.8,0
2023-01-04,0.8,0.8,0.8,0.8,0
2023-01-05,0.8,0.8,0.8,0.8,0
2023-01-06,0.9,0.9,0.8,0.9,4700
2023-01-09,0.9,0.9,0.9,0.9,0
2023-01-10,0.9,0.9,0.9,0.9,0
2023-01-11,0.9,0.9,0.9,0.9,0
2023-01-12,0.9,0.9,0.9,0.9,0
2023-01-13,0.8,0.9,0.8,0.8,27400
2023-01-16,0.8,0.8,0.8,0.8,0
2023-01-17,0.8,0.8,0.8,0.8,0
2023-01-18,0.8,0.8,0.8,0.8,0
2023-01-19,0.8,0.8,0.8,0.8,0
2023-01-27,0.9,0.9,0.9,0.9,14600
2023-01-30,0.9,0.9,0.9,0.9,0
2023-01-31,0.9,0.9,0.9,0.9,0
2023-02-01,0.9,0.9,0.9,0.9,0
2023-02-02,0.9,0.9,0.9,0.9,0
2023-02-03,0.8,1.0,0.8,0.8,20400
2023-02-06,0.8,0.8,0.8,0.8,0
2023-02-07,0.8,0.8,0.8,0.8,0
2023-02-08,0.8,0.8,0.8,0.8,0
2023-02-09,0.8,0.8,0.8,0.8,0
2023-02-10,0.8,0.9,0.7,0.7,10500
2023-02-13,0.8,0.8,0.8,0.8,0
2023-02-14,0.8,0.8,0.8,0.8,0
2023-02-15,0.8,0.8,0.8,0.8,0
2023-02-16,0.8,0.8,0.8,0.8,0
2023-02-17,0.8,0.8,0.7,0.7,14800
2023-02-20,0.7,0.7,0.7,0.7,0
2023-02-21,0.7,0.7,0.7,0.7,0
2023-02-22,0.7,0.7,0.7,0.7,0
2023-02-23,0.7,0.7,0.7,0.7,0
2023-02-24,0.8,0.8,0.7,0.8,44957
2023-02-27,0.8,0.8,0.8,0.8,0
2023-02-28,0.8,0.8,0.8,0.8,0
2023-03-01,0.8,0.8,0.8,0.8,0
2023-03-02,0.8,0.8,0.8,0.8,0
2023-03-03,0.9,0.9,0.7,0.7,21900
2023-03-06,0.7,0.7,0.7,0.7,0
2023-03-07,0.7,0.7,0.7,0.7,0
2023-03-08,0.7,0.7,0.7,0.7,0
2023-03-09,0.7,0.7,0.7,0.7,0
2023-03-10,0.7,0.7,0.6,0.7,61457
2023-03-13,0.6,0.6,0.6,0.6,0
2023-03-14,0.6,0.6,0.6,0.6,0
2023-03-15,0.6,0.6,0.6,0.6,0
2023-03-16,0.6,0.6,0.6,0.6,0
2023-03-17,0.7,0.7,0.6,0.7,15000
2023-03-20,0.7,0.7,0.7,0.7,0
2023-03-21,0.7,0.7,0.7,0.7,0
2023-03-22,0.7,0.7,0.7,0.7,0
2023-03-23,0.7,0.7,0.7,0.7,0
2023-03-24,0.7,0.7,0.6,0.7,23000
2023-03-27,0.6,0.6,0.6,0.6,0
2023-03-28,0.6,0.6,0.6,0.6,0
2023-03-29,0.6,0.6,0.6,0.6,0
2023-03-30,0.6,0.6,0.6,0.6,0
2023-03-31,0.6,0.7,0.5,0.6,85700
2023-04-03,0.5,0.5,0.5,0.5,0
2023-04-04,0.5,0.5,0.5,0.5,0
2023-04-05,0.5,0.5,0.5,0.5,0
2023-04-06,0.5,0.5,0.5,0.5,0
2023-04-07,0.6,0.6,0.5,0.6,27800
2023-04-10,0.6,0.6,0.6,0.6,0
2023-04-11,0.6,0.6,0.6,0.6,0
2023-04-12,0.6,0.6,0.6,0.6,0
2023-04-13,0.6,0.6,0.6,0.6,0
2023-04-14,0.5,0.6,0.5,0.6,38718
2023-04-17,0.5,0.5,0.5,0.5,0
2023-04-18,0.5,0.5,0.5,0.5,0
2023-04-19,0.5,0.5,0.5,0.5,0
2023-04-20,0.5,0.5,0.5,0.5,0
2023-04-21,0.5,0.6,0.5,0.6,41600
2023-04-24,0.6,0.6,0.6,0.6,0
2023-04-25,0.6,0.6,0.6,0.6,0
2023-04-26,0.6,0.6,0.6,0.6,0
2023-04-27,0.6,0.6,0.6,0.6,0
2023-04-28,0.6,0.6,0.5,0.6,11720
2023-05-04,0.6,0.6,0.6,0.6,0
2023-05-05,0.6,0.6,0.5,0.6,2755
2023-05-08,0.6,0.6,0.6,0.6,0
2023-05-09,0.6,0.6,0.6,0.6,0
2023-05-10,0.6,0.6,0.6,0.6,0
2023-05-11,0.6,0.6,0.6,0.6,0
2023-05-12,0.5,0.7,0.5,0.7,23200
2023-05-15,0.6,0.6,0.6,0.6,0
2023-05-16,0.6,0.6,0.6,0.6,0
2023-05-17,0.6,0.6,0.6,0.6,0
2023-05-18,0.6,0.6,0.6,0.6,0
2023-05-19,0.6,0.7,0.6,0.7,22500
2023-05-22,0.6,0.6,0.6,0.6,0
2023-05-23,0.6,0.6,0.6,0.6,0
2023-05-24,0.6,0.6,0.6,0.6,0
2023-05-25,0.6,0.6,0.6,0.6,0
2023-05-26,0.6,0.7,0.5,0.7,16125
2023-05-29,0.7,0.7,0.7,0.7,0
2023-05-30,0.7,0.7,0.7,0.7,0
2023-05-31,0.7,0.7,0.7,0.7,0
2023-06-01,0.7,0.7,0.7,0.7,0
2023-06-02,0.8,0.8,0.7,0.8,75700
2023-06-05,0.8,0.8,0.8,0.8,0
2023-06-06,0.8,0.8,0.8,0.8,0
2023-06-07,0.8,0.8,0.8,0.8,0
2023-06-08,0.8,0.8,0.8,0.8,0
2023-06-09,0.9,0.9,0.8,0.9,115500
2023-06-12,0.9,0.9,0.9,0.9,0
2023-06-13,0.9,0.9,0.9,0.9,0
2023-06-14,0.9,0.9,0.9,0.9,0
2023-06-15,0.9,0.9,0.9,0.9,0
2023-06-16,1.0,1.0,0.9,1.0,71000
2023-06-19,1.0,1.0,1.0,1.0,0
2023-06-20,1.0,1.0,1.0,1.0,0
2023-06-21,1.0,1.0,1.0,1.0,0
2023-06-22,1.0,1.0,1.0,1.0,0
2023-06-23,1.1,1.1,0.9,1.0,36300
2023-06-26,0.9,0.9,0.9,0.9,0
2023-06-27,0.9,0.9,0.9,0.9,0
2023-06-28,0.9,0.9,0.9,0.9,0
2023-06-29,0.9,0.9,0.9,0.9,0
2023-06-30,0.9,1.0,0.9,0.9,58500
2023-07-03,0.9,0.9,0.9,0.9,0
2023-07-04,0.9,0.9,0.9,0.9,0
2023-07-05,0.9,0.9,0.9,0.9,0
2023-07-06,0.9,0.9,0.9,0.9,0
2023-07-07,0.9,0.9,0.8,0.9,45100
2023-07-10,0.8,0.8,0.8,0.8,0
2023-07-11,0.8,0.8,0.8,0.8,0
2023-07-12,0.8,0.8,0.8,0.8,0
2023-07-13,0.8,0.8,0.8,0.8,0
2023-07-14,0.9,0.9,0.8,0.9,16400
2023-07-17,0.9,0.9,0.9,0.9,0
2023-07-18,0.9,0.9,0.9,0.9,0
2023-07-19,0.9,0.9,0.9,0.9,0
2023-07-20,0.9,0.9,0.9,0.9,0
2023-07-21,0.8,0.9,0.8,0.9,20800
2023-07-24,0.8,0.8,0.8,0.8,0
2023-07-25,0.8,0.8,0.8,0.8,0
2023-07-26,0.8,0.8,0.8,0.8,0
2023-07-27,0.8,0.8,0.8,0.8,0
2023-07-28,0.9,0.9,0.7,0.9,45500
2023-07-31,0.8,0.8,0.8,0.8,0
2023-08-01,0.8,0.8,0.8,0.8,0
2023-08-02,0.8,0.8,0.8,0.8,0
2023-08-03,0.8,0.8,0.8,0.8,0
2023-08-04,0.9,0.9,0.8,0.9,12510
2023-08-07,0.8,0.8,0.8,0.8,0
2023-08-08,0.8,0.8,0.8,0.8,0
2023-08-09,0.8,0.8,0.8,0.8,0
2023-08-10,0.8,0.8,0.8,0.8,0
2023-08-11,0.9,0.9,0.7,0.8,118602
2023-08-14,0.7,0.7,0.7,0.7,0
2023-08-15,0.7,0.7,0.7,0.7,0
2023-08-16,0.7,0.7,0.7,0.7,0
2023-08-17,0.7,0.7,0.7,0.7,0
2023-08-18,0.8,0.8,0.7,0.7,19600
2023-08-21,0.7,0.7,0.7,0.7,0
2023-08-22,0.7,0.7,0.7,0.7,0
2023-08-23,0.7,0.7,0.7,0.7,0
2023-08-24,0.7,0.7,0.7,0.7,0
2023-08-25,0.8,0.8,0.6,0.7,28400
2023-08-28,0.7,0.7,0.7,0.7,0
2023-08-29,0.7,0.7,0.7,0.7,0
2023-08-30,0.7,0.7,0.7,0.7,0
2023-08-31,0.7,0.7,0.7,0.7,0
2023-09-05,0.7,0.7,0.7,0.7,0
2023-09-06,0.7,0.7,0.7,0.7,0
2023-09-07,0.7,0.7,0.7,0.7,0
2023-09-08,0.8,0.8,0.7,0.7,43000
2023-09-11,0.7,0.7,0.7,0.7,0
2023-09-12,0.7,0.7,0.7,0.7,0
2023-09-13,0.7,0.7,0.7,0.7,0
2023-09-14,0.7,0.7,0.7,0.7,0
2023-09-15,0.8,0.8,0.7,0.7,8402
2023-09-18,0.7,0.7,0.7,0.7,0
2023-09-19,0.7,0.7,0.7,0.7,0
2023-09-20,0.7,0.7,0.7,0.7,0
2023-09-21,0.7,0.7,0.7,0.7,0
2023-09-22,0.8,0.8,0.6,0.7,29100
2023-09-25,0.6,0.6,0.6,0.6,0
2023-09-26,0.6,0.6,0.6,0.6,0
2023-09-27,0.6,0.6,0.6,0.6,0
2023-09-28,0.6,0.6,0.6,0.6,0
2023-09-29,0.7,0.7,0.6,0.6,13900
2023-10-02,0.6,0.6,0.6,0.6,0
2023-10-03,0.6,0.6,0.6,0.6,0
2023-10-04,0.6,0.6,0.6,0.6,0
2023-10-05,0.6,0.6,0.6,0.6,0
2023-10-06,0.7,0.7,0.5,0.6,23950
2023-10-09,0.6,0.6,0.6,0.6,0
2023-10-10,0.6,0.6,0.6,0.6,0
2023-10-11,0.6,0.6,0.6,0.6,0
2023-10-12,0.6,0.6,0.6,0.6,0
2023-10-13,0.7,0.7,0.5,0.6,23019
2023-10-16,0.6,0.6,0.6,0.6,0
2023-10-17,0.6,0.6,0.6,0.6,0
2023-10-18,0.6,0.6,0.6,0.6,0
2023-10-19,0.6,0.6,0.6,0.6,0
2023-10-20,0.6,0.6,0.5,0.5,17300
2023-10-23,0.5,0.5,0.5,0.5,0
2023-10-24,0.5,0.5,0.5,0.5,0
2023-10-25,0.5,0.5,0.5,0.5,0
2023-10-26,0.5,0.5,0.5,0.5,0
2023-10-27,0.5,0.6,0.5,0.6,11650
2023-10-30,0.5,0.5,0.5,0.5,0
2023-10-31,0.5,0.5,0.5,0.5,0
2023-11-01,0.5,0.5,0.5,0.5,0
2023-11-02,0.5,0.5,0.5,0.5,0
2023-11-03,0.6,0.6,0.5,0.6,46000
2023-11-06,0.6,0.6,0.6,0.6,0
2023-11-07,0.6,0.6,0.6,0.6,0
2023-11-08,0.6,0.6,0.6,0.6,0
2023-11-09,0.6,0.6,0.6,0.6,0
2023-11-10,0.7,0.7,0.6,0.7,10208
2023-11-13,0.6,0.6,0.6,0.6,0
2023-11-14,0.6,0.6,0.6,0.6,0
2023-11-15,0.6,0.6,0.6,0.6,0
2023-11-16,0.6,0.6,0.6,0.6,0
2023-11-17,0.7,0.7,0.6,0.7,9800
2023-11-20,0.6,0.6,0.6,0.6,0
2023-11-21,0.6,0.6,0.6,0.6,0
2023-11-22,0.6,0.6,0.6,0.6,0
2023-11-23,0.6,0.6,0.6,0.6,0
2023-11-24,0.6,0.7,0.6,0.7,13400
2023-11-27,0.6,0.6,0.6,0.6,0
2023-11-28,0.6,0.6,0.6,0.6,0
2023-11-29,0.6,0.6,0.6,0.6,0
2023-11-30,0.6,0.6,0.6,0.6,0
2023-12-01,0.7,0.7,0.5,0.6,7600
2023-12-04,0.6,0.6,0.6,0.6,0
2023-12-05,0.6,0.6,0.6,0.6,0
2023-12-06,0.6,0.6,0.6,0.6,0
2023-12-07,0.6,0.6,0.6,0.6,0
2023-12-08,0.6,0.6,0.5,0.6,7900
2023-12-11,0.6,0.6,0.6,0.6,0
2023-12-12,0.6,0.6,0.6,0.6,0
2023-12-13,0.6,0.6,0.6,0.6,0
2023-12-14,0.6,0.6,0.6,0.6,0
2023-12-15,0.6,0.7,0.5,0.6,24200
2023-12-18,0.5,0.5,0.5,0.5,0
2023-12-19,0.5,0.5,0.5,0.5,0
2023-12-20,0.5,0.5,0.5,0.5,0
2023-12-21,0.5,0.5,0.5,0.5,0
2023-12-22,0.6,0.6,0.5,0.5,2400
2023-12-25,0.6,0.6,0.6,0.6,0
2023-12-26,0.6,0.6,0.6,0.6,0
2023-12-27,0.6,0.6,0.6,0.6,0
2023-12-28,0.6,0.6,0.6,0.6,0
2023-12-29,0.6,0.7,0.5,0.7,44500
2024-01-02,0.6,0.6,0.6,0.6,0
2024-01-03,0.6,0.6,0.6,0.6,0
2024-01-04,0.6,0.6,0.6,0.6,0
2024-01-05,0.6,0.7,0.6,0.7,7700
2024-01-08,0.6,0.6,0.6,0.6,0
2024-01-09,0.6,0.6,0.6,0.6,0
2024-01-10,0.6,0.6,0.6,0.6,0
2024-01-11,0.6,0.6,0.6,0.6,0
2024-01-12,0.7,0.7,0.6,0.7,15100
2024-01-15,0.7,0.7,0.7,0.7,0
2024-01-16,0.7,0.7,0.7,0.7,0
2024-01-17,0.7,0.7,0.7,0.7,0
2024-01-18,0.7,0.7,0.7,0.7,0
2024-01-19,0.8,0.8,0.6,0.6,14400
2024-01-22,0.7,0.7,0.7,0.7,0
2024-01-23,0.7,0.7,0.7,0.7,0
2024-01-24,0.7,0.7,0.7,0.7,0
2024-01-25,0.7,0.7,0.7,0.7,0
2024-01-26,0.7,0.7,0.7,0.7,800
2024-01-29,0.7,0.7,0.7,0.7,0
2024-01-30,0.7,0.7,0.7,0.7,0
2024-01-31,0.7,0.7,0.7,0.7,0
2024-02-01,0.7,0.7,0.7,0.7,0
2024-02-02,0.7,0.7,0.7,0.7,9600
2024-02-05,0.7,0.7,0.7,0.7,0
2024-02-06,0.7,0.7,0.7,0.7,0
2024-02-07,0.7,0.7,0.7,0.7,0
2024-02-15,0.7,0.7,0.7,0.7,0
2024-02-16,0.8,0.8,0.6,0.8,14500
2024-02-19,0.6,0.6,0.6,0.6,0
2024-02-20,0.6,0.6,0.6,0.6,0
2024-02-21,0.6,0.6,0.6,0.6,0
2024-02-22,0.6,0.6,0.6,0.6,0
2024-02-23,0.7,0.7,0.7,0.7,28200
2024-02-26,0.7,0.7,0.7,0.7,0
2024-02-27,0.7,0.7,0.7,0.7,0
2024-02-28,0.7,0.7,0.7,0.7,0
2024-02-29,0.7,0.7,0.7,0.7,0
2024-03-01,0.8,0.8,0.7,0.8,5400
2024-03-04,0.7,0.7,0.7,0.7,0
2024-03-05,0.7,0.7,0.7,0.7,0
2024-03-06,0.7,0.7,0.7,0.7,0
2024-03-07,0.7,0.7,0.7,0.7,0
2024-03-08,0.8,0.8,0.6,0.6,85600
2024-03-11,0.6,0.6,0.6,0.6,0
2024-03-12,0.6,0.6,0.6,0.6,0
2024-03-13,0.6,0.6,0.6,0.6,0
2024-03-14,0.6,0.6,0.6,0.6,0
2024-03-15,0.6,0.6,0.5,0.6,114800
2024-03-18,0.5,0.5,0.5,0.5,0
2024-03-19,0.5,0.5,0.5,0.5,0
2024-03-20,0.5,0.5,0.5,0.5,0
2024-03-21,0.5,0.5,0.5,0.5,0
2024-03-22,0.5,0.6,0.5,0.6,7800
2024-03-25,0.5,0.5,0.5,0.5,0
2024-03-26,0.5,0.5,0.5,0.5,0
2024-03-27,0.5,0.5,0.5,0.5,0
2024-03-28,0.5,0.5,0.5,0.5,0
2024-03-29,0.6,0.6,0.5,0.6,30300
2024-04-01,0.6,0.6,0.6,0.6,0
2024-04-02,0.6,0.6,0.6,0.6,0
2024-04-03,0.6,0.6,0.6,0.6,0
2024-04-04,0.6,0.6,0.6,0.6,0
2024-04-05,0.7,0.7,0.6,0.6,17500
2024-04-08,0.6,0.6,0.6,0.6,0
2024-04-09,0.6,0.6,0.6,0.6,0
2024-04-10,0.6,0.6,0.6,0.6,0
2024-04-11,0.6,0.6,0.6,0.6,0
2024-04-12,0.6,0.6,0.5,0.5,157800
2024-04-15,0.5,0.5,0.5,0.5,0
2024-04-16,0.5,0.5,0.5,0.5,0
2024-04-17,0.5,0.5,0.5,0.5,0
2024-04-19,0.6,0.6,0.5,0.6,41400
2024-04-22,0.5,0.5,0.5,0.5,0
2024-04-23,0.5,0.5,0.5,0.5,0
2024-04-24,0.5,0.5,0.5,0.5,0
2024-04-25,0.5,0.5,0.5,0.5,0
2024-04-26,0.6,0.6,0.5,0.5,60500
2024-05-02,0.5,0.5,0.5,0.5,0
2024-05-03,0.6,0.6,0.4,0.6,881000
2024-05-06,0.4,0.4,0.4,0.4,0
2024-05-07,0.4,0.4,0.4,0.4,0
2024-05-08,0.4,0.4,0.4,0.4,0
2024-05-09,0.4,0.4,0.4,0.4,0
2024-05-10,0.4,0.5,0.4,0.5,185394
2024-05-13,0.4,0.4,0.4,0.4,0
2024-05-14,0.4,0.4,0.4,0.4,0
2024-05-15,0.4,0.4,0.4,0.4,0
2024-05-16,0.4,0.4,0.4,0.4,0
2024-05-17,0.4,0.5,0.4,0.5,318566
2024-05-20,0.5,0.5,0.5,0.5,0
2024-05-21,0.5,0.5,0.5,0.5,0
2024-05-22,0.5,0.5,0.5,0.5,0
2024-05-23,0.5,0.5,0.5,0.5,0
2024-05-24,0.4,0.5,0.4,0.5,95100
2024-05-27,0.5,0.5,0.5,0.5,0
2024-05-28,0.5,0.5,0.5,0.5,0
2024-05-29,0.5,0.5,0.5,0.5,0
2024-05-30,0.5,0.5,0.5,0.5,0
2024-05-31,0.5,0.6,0.4,0.5,381900
2024-06-03,0.5,0.5,0.5,0.5,0
2024-06-04,0.5,0.5,0.5,0.5,0
2024-06-05,0.5,0.5,0.5,0.5,0
2024-06-06,0.5,0.5,0.5,0.5,0
2024-06-07,0.6,0.6,0.6,0.6,308195
2024-06-10,0.6,0.6,0.6,0.6,0
2024-06-11,0.6,0.6,0.6,0.6,0
2024-06-12,0.6,0.6,0.6,0.6,0
2024-06-13,0.6,0.6,0.6,0.6,0
2024-06-14,0.7,0.7,0.6,0.7,334657
2024-06-17,0.6,0.6,0.6,0.6,0
2024-06-18,0.6,0.6,0.6,0.6,0
2024-06-19,0.6,0.6,0.6,0.6,0
2024-06-20,0.6,0.6,0.6,0.6,0
2024-06-21,0.6,0.6,0.5,0.6,33900
2024-06-24,0.5,0.5,0.5,0.5,0
2024-06-25,0.5,0.5,0.5,0.5,0
2024-06-26,0.5,0.5,0.5,0.5,0
2024-06-27,0.5,0.5,0.5,0.5,0
2024-06-28,0.6,0.6,0.5,0.6,85000
2024-07-01,0.6,0.6,0.6,0.6,0
2024-07-02,0.6,0.6,0.6,0.6,0
2024-07-03,0.6,0.6,0.6,0.6,0
2024-07-04,0.6,0.6,0.6,0.6,0
2024-07-05,0.5,0.6,0.5,0.6,10000
2024-07-08,0.5,0.5,0.5,0.5,0
2024-07-09,0.5,0.5,0.5,0.5,0
2024-07-10,0.5,0.5,0.5,0.5,0
2024-07-11,0.5,0.5,0.5,0.5,0
2024-07-12,0.5,0.6,0.5,0.6,10900
2024-07-15,0.6,0.6,0.6,0.6,0
2024-07-16,0.6,0.6,0.6,0.6,0
2024-07-17,0.6,0.6,0.6,0.6,0
2024-07-18,0.6,0.6,0.6,0.6,0
2024-07-19,0.6,0.6,0.5,0.6,65600
2024-07-22,0.5,0.5,0.5,0.5,0
2024-07-23,0.5,0.5,0.5,0.5,0
2024-07-24,0.5,0.5,0.5,0.5,0
2024-07-25,0.5,0.5,0.5,0.5,0
2024-07-26,0.5,0.5,0.4,0.5,8300
2024-08-02,0.5,0.5,0.4,0.5,126500
2024-08-09,0.5,0.6,0.5,0.6,27300
2024-08-16,0.6,0.6,0.5,0.6,41600
2024-08-23,0.5,0.6,0.5,0.6,34400
2024-08-30,0.5,0.6,0.5,0.6,26800
2024-09-06,0.5,0.6,0.5,0.6,10600
2024-09-13,0.6,0.6,0.5,0.5,84700
2024-09-20,0.5,0.6,0.4,0.5,81000
2024-09-27,0.5,0.5,0.4,0.5,67600
2024-10-04,0.5,0.5,0.4,0.5,42500
2024-10-11,0.5,0.6,0.4,0.6,169000
2024-10-18,0.5,0.6,0.5,0.6,12300
2024-10-25,0.6,0.6,0.5,0.5,40700
2024-11-01,0.5,0.6,0.5,0.5,33100
2024-11-08,0.5,0.6,0.5,0.6,10500
2024-11-15,0.5,0.6,0.5,0.6,17000
2024-11-22,0.6,0.6,0.5,0.6,300
2024-11-29,0.6,0.6,0.5,0.6,13000
2024-12-06,0.6,0.6,0.5,0.5,38400
2024-12-13,0.6,0.6,0.5,0.5,16000
2024-12-20,0.6,0.6,0.4,0.6,9000
2024-12-27,0.6,0.6,0.5,0.6,11200
2025-01-03,0.5,0.6,0.5,0.6,5700
2025-01-10,0.4,0.6,0.4,0.6,7900
2025-01-17,0.5,0.6,0.5,0.5,9000
2025-01-24,0.6,0.6,0.6,0.6,9600
2025-02-07,0.5,0.6,0.5,0.6,15500
2025-02-14,0.6,0.7,0.6,0.7,117500
2025-02-21,0.6,0.7,0.6,0.6,59900
2025-02-28,0.5,0.7,0.5,0.7,78400
2025-03-07,0.7,0.7,0.6,0.6,15900
2025-03-14,0.6,0.6,0.5,0.6,13800
2025-03-21,0.6,0.6,0.5,0.6,145400
2025-03-28,0.6,0.6,0.5,0.5,4400
2025-04-04,0.5,0.6,0.4,0.5,40100
2025-04-11,0.5,0.6,0.5,0.6,42500
2025-04-18,0.5,0.6,0.5,0.6,14000
2025-04-25,0.6,0.6,0.5,0.5,31200
2025-05-09,0.4,0.6,0.4,0.6,19400
2025-05-16,0.6,0.6,0.5,0.6,4200
2025-05-23,0.6,0.6,0.5,0.6,13300
2025-05-30,0.6,0.6,0.5,0.5,245400
2025-06-06,0.5,0.5,0.4,0.5,76200
2025-06-13,0.5,0.5,0.4,0.5,73600
2025-06-20,0.5,0.6,0.5,0.6,79700
2025-06-27,0.5,0.6,0.5,0.6,64100
2025-07-04,0.6,0.6,0.4,0.6,82400
2025-07-11,0.6,0.6,0.5,0.6,23400
2025-07-18,0.6,0.7,0.5,0.7,267400
2025-07-25,0.7,0.7,0.5,0.5,139300
2025-08-01,0.6,0.6,0.5,0.6,12000
2025-08-08,0.6,0.7,0.5,0.7,420000
2025-08-15,0.7,0.7,0.6,0.7,26200
2025-08-22,0.6,0.7,0.6,0.6,28100
2025-08-29,0.7,0.7,0.6,0.7,14200
2025-09-05,0.6,0.7,0.5,0.7,76700
2025-09-12,0.6,0.7,0.6,0.6,176600
2025-09-19,0.6,0.7,0.6,0.7,38500
2025-09-26,0.6,0.8,0.6,0.7,314000
2025-10-03,0.7,0.7,0.7,0.7,3600
2025-10-17,0.6,0.7,0.6,0.7,61600
