time,open,high,low,close,volume
2016-06-30,7.78,0.0,0.0,0.0,0
2016-07-01,7.78,0.0,0.0,0.0,0
2016-07-04,7.78,0.0,0.0,0.0,0
2016-07-05,7.78,0.0,0.0,0.0,0
2016-07-06,7.78,0.0,0.0,0.0,0
2016-07-07,7.78,0.0,0.0,0.0,0
2016-07-08,7.78,0.0,0.0,0.0,0
2016-07-11,7.78,0.0,0.0,0.0,0
2016-07-12,7.78,0.0,0.0,0.0,0
2016-07-13,7.78,0.0,0.0,0.0,0
2016-07-14,7.78,0.0,0.0,0.0,0
2016-07-15,7.78,0.0,0.0,0.0,0
2016-07-18,7.78,0.0,0.0,0.0,0
2016-07-19,7.78,0.0,0.0,0.0,0
2016-07-20,7.78,0.0,0.0,0.0,0
2016-07-21,7.78,0.0,0.0,0.0,0
2016-07-22,7.78,0.0,0.0,0.0,0
2016-07-25,7.78,0.0,0.0,0.0,0
2016-07-26,7.78,0.0,0.0,0.0,0
2016-07-27,7.78,0.0,0.0,0.0,0
2016-07-28,7.78,0.0,0.0,0.0,0
2016-07-29,7.78,0.0,0.0,0.0,0
2016-08-01,7.78,0.0,0.0,0.0,0
2016-08-02,7.78,0.0,0.0,0.0,0
2016-08-03,7.78,0.0,0.0,0.0,0
2016-08-04,7.78,0.0,0.0,0.0,0
2016-08-05,7.78,0.0,0.0,0.0,0
2016-08-08,7.78,0.0,0.0,0.0,0
2016-08-09,7.78,0.0,0.0,0.0,0
2016-08-10,7.78,0.0,0.0,0.0,0
2016-08-11,7.78,0.0,0.0,0.0,0
2016-08-12,7.78,0.0,0.0,0.0,0
2016-08-15,7.78,0.0,0.0,0.0,0
2016-08-16,7.78,0.0,0.0,0.0,0
2016-08-17,7.78,0.0,0.0,0.0,0
2016-08-18,7.78,0.0,0.0,0.0,0
2016-08-19,7.78,0.0,0.0,0.0,0
2016-08-22,7.78,0.0,0.0,0.0,0
2016-08-23,7.78,0.0,0.0,0.0,0
2016-08-24,7.78,0.0,0.0,0.0,0
2016-08-25,7.78,0.0,0.0,0.0,0
2016-08-26,7.78,0.0,0.0,0.0,0
2016-08-29,7.78,0.0,0.0,0.0,0
2016-08-30,7.78,0.0,0.0,0.0,0
2016-08-31,7.78,0.0,0.0,0.0,0
2016-09-01,7.78,0.0,0.0,0.0,0
2016-09-05,7.78,0.0,0.0,0.0,0
2016-09-06,7.78,0.0,0.0,0.0,0
2016-09-07,7.78,0.0,0.0,0.0,0
2016-09-08,7.78,0.0,0.0,0.0,0
2016-09-09,7.78,0.0,0.0,0.0,0
2016-09-12,7.78,0.0,0.0,0.0,0
2016-09-13,7.78,0.0,0.0,0.0,0
2016-09-14,7.78,0.0,0.0,0.0,0
2016-09-15,7.78,0.0,0.0,0.0,0
2016-09-16,7.93,7.93,7.93,7.93,15900
2016-09-19,7.93,7.93,7.93,7.93,0
2016-09-20,7.93,7.93,7.93,7.93,0
2016-09-21,7.93,7.93,7.93,7.93,0
2016-09-22,7.93,7.93,7.93,7.93,0
2016-09-23,7.93,7.93,7.93,7.93,0
2016-09-26,7.93,7.93,7.93,7.93,0
2016-09-27,7.93,7.93,7.93,7.93,0
2016-09-28,7.93,7.93,7.93,7.93,0
2016-09-29,7.93,7.93,7.93,7.93,0
2016-09-30,7.93,7.93,7.93,7.93,0
2016-10-03,7.93,7.93,7.93,7.93,0
2016-10-04,7.93,7.93,7.93,7.93,0
2016-10-05,7.93,7.93,7.93,7.93,0
2016-10-06,7.93,7.93,7.93,7.93,0
2016-10-07,7.93,7.93,7.93,7.93,0
2016-10-10,7.93,7.93,7.93,7.93,0
2016-10-11,7.93,7.93,7.93,7.93,0
2016-10-12,7.93,7.93,7.93,7.93,0
2016-10-13,7.93,7.93,7.93,7.93,0
2016-10-14,7.93,7.93,7.93,7.93,0
2016-10-17,7.93,7.93,7.93,7.93,0
2016-10-18,7.93,7.93,7.93,7.93,0
2016-10-19,7.93,7.93,7.93,7.93,0
2016-10-20,7.93,7.93,7.93,7.93,0
2016-10-21,7.93,7.93,7.93,7.93,0
2016-10-24,7.93,7.93,7.93,7.93,0
2016-10-25,7.93,7.93,7.93,7.93,0
2016-10-26,7.93,7.93,7.93,7.93,0
2016-10-27,7.93,7.93,7.93,7.93,0
2016-10-28,7.93,7.93,7.93,7.93,0
2016-10-31,7.93,7.93,7.93,7.93,0
2016-11-01,7.93,7.93,7.93,7.93,0
2016-11-02,7.93,7.93,7.93,7.93,0
2016-11-03,8.16,8.16,8.16,8.16,1000
2016-11-04,8.16,8.16,8.16,8.16,0
2016-11-07,8.16,8.16,8.16,8.16,0
2016-11-08,8.16,8.16,8.16,8.16,0
2016-11-09,8.16,8.16,8.16,8.16,0
2016-11-10,8.16,8.16,8.16,8.16,0
2016-11-11,8.16,8.16,8.16,8.16,0
2016-11-14,8.16,8.16,8.16,8.16,0
2016-11-15,8.16,8.16,8.16,8.16,0
2016-11-16,8.16,8.16,8.16,8.16,0
2016-11-17,8.16,8.16,8.16,8.16,0
2016-11-18,8.16,8.16,8.16,8.16,0
2016-11-21,8.16,8.16,8.16,8.16,0
2016-11-22,8.16,8.16,8.16,8.16,0
2016-11-23,8.16,8.16,8.16,8.16,0
2016-11-24,8.16,8.16,8.16,8.16,0
2016-11-25,8.16,8.16,8.16,8.16,0
2016-11-28,8.16,8.16,8.16,8.16,0
2016-11-29,8.16,8.16,8.16,8.16,0
2016-11-30,8.16,8.16,8.16,8.16,0
2016-12-01,8.16,8.16,8.16,8.16,0
2016-12-02,8.16,8.16,8.16,8.16,0
2016-12-05,8.16,8.16,8.16,8.16,0
2016-12-06,8.16,8.16,8.16,8.16,0
2016-12-07,8.16,8.16,8.16,8.16,0
2016-12-08,8.16,8.16,8.16,8.16,0
2016-12-09,8.16,8.16,8.16,8.16,0
2016-12-12,8.16,8.16,8.16,8.16,0
2016-12-13,8.16,8.16,8.16,8.16,0
2016-12-14,8.16,8.16,8.16,8.16,0
2016-12-15,8.16,8.16,8.16,8.16,0
2016-12-16,8.16,8.16,8.16,8.16,0
2016-12-19,8.16,8.16,8.16,8.16,0
2016-12-20,8.16,8.16,8.16,8.16,3200
2016-12-21,8.16,8.16,8.16,8.16,0
2016-12-22,8.16,8.16,8.16,8.16,0
2016-12-23,8.16,8.16,8.16,8.16,0
2016-12-26,8.16,8.16,8.16,8.16,0
2016-12-27,8.16,8.16,8.16,8.16,0
2016-12-28,8.16,8.16,8.16,8.16,0
2016-12-29,8.16,8.16,8.16,8.16,0
2016-12-30,8.16,8.16,8.16,8.16,0
2017-01-03,8.16,8.16,8.16,8.16,0
2017-01-04,8.16,8.16,8.16,8.16,0
2017-01-05,8.16,8.16,8.16,8.16,0
2017-01-06,8.16,8.16,8.16,8.16,0
2017-01-09,8.16,8.16,8.16,8.16,0
2017-01-10,8.16,8.16,8.16,8.16,0
2017-01-11,8.16,8.16,8.16,8.16,0
2017-01-12,8.16,8.16,8.16,8.16,0
2017-01-13,8.16,8.16,8.16,8.16,0
2017-01-16,8.16,8.16,8.16,8.16,0
2017-01-17,8.16,8.16,8.16,8.16,0
2017-01-18,8.16,8.16,8.16,8.16,0
2017-01-19,8.16,8.16,8.16,8.16,0
2017-01-20,8.16,8.16,8.16,8.16,0
2017-01-23,8.16,8.16,8.16,8.16,0
2017-01-24,8.16,8.16,8.16,8.16,0
2017-01-25,8.16,8.16,8.16,8.16,0
2017-02-02,8.16,8.16,8.16,8.16,0
2017-02-03,8.16,8.16,8.16,8.16,0
2017-02-06,8.16,8.16,8.16,8.16,0
2017-02-07,8.16,8.16,8.16,8.16,0
2017-02-08,8.16,8.16,8.16,8.16,0
2017-02-09,8.16,8.16,8.16,8.16,0
2017-02-10,8.16,8.16,8.16,8.16,0
2017-02-13,8.16,8.16,8.16,8.16,0
2017-02-14,8.16,8.16,8.16,8.16,0
2017-02-15,8.16,8.16,8.16,8.16,0
2017-02-16,8.16,8.16,8.16,8.16,0
2017-02-17,8.16,8.16,8.16,8.16,0
2017-02-20,8.16,8.16,8.16,8.16,0
2017-02-21,8.16,8.16,8.16,8.16,0
2017-02-22,8.16,8.16,8.16,8.16,0
2017-02-23,8.16,8.16,8.16,8.16,0
2017-02-24,8.16,8.16,8.16,8.16,0
2017-02-27,8.16,8.16,8.16,8.16,0
2017-02-28,8.16,8.16,8.16,8.16,0
2017-03-01,8.16,8.16,8.16,8.16,0
2017-03-02,8.16,8.16,8.16,8.16,0
2017-03-03,8.16,8.16,8.16,8.16,0
2017-03-06,8.16,8.16,8.16,8.16,0
2017-03-07,8.16,8.16,8.16,8.16,0
2017-03-08,8.16,8.16,8.16,8.16,0
2017-03-09,8.16,8.16,8.16,8.16,0
2017-03-10,8.16,8.16,8.16,8.16,0
2017-03-13,8.16,8.16,8.16,8.16,0
2017-03-14,8.16,8.16,8.16,8.16,0
2017-03-15,8.16,8.16,8.16,8.16,0
2017-03-16,8.16,8.16,8.16,8.16,0
2017-03-17,8.16,8.16,8.16,8.16,0
2017-03-20,8.16,8.16,8.16,8.16,0
2017-03-21,8.16,8.16,8.16,8.16,0
2017-03-22,8.16,8.16,8.16,8.16,0
2017-03-23,8.16,8.16,8.16,8.16,0
2017-03-24,8.16,8.16,8.16,8.16,0
2017-03-27,8.16,8.16,8.16,8.16,0
2017-03-28,8.16,8.16,8.16,8.16,0
2017-03-29,8.16,8.16,8.16,8.16,0
2017-03-30,8.16,8.16,8.16,8.16,0
2017-03-31,8.16,8.16,8.16,8.16,0
2017-04-03,8.16,8.16,8.16,8.16,0
2017-04-04,8.16,8.16,8.16,8.16,0
2017-04-05,8.16,8.16,8.16,8.16,0
2017-04-07,8.16,8.16,8.16,8.16,0
2017-04-10,8.16,8.16,8.16,8.16,0
2017-04-11,8.16,8.16,8.16,8.16,0
2017-04-12,8.16,8.16,8.16,8.16,0
2017-04-13,8.16,8.16,8.16,8.16,0
2017-04-14,8.16,8.16,8.16,8.16,0
2017-04-17,8.16,8.16,8.16,8.16,0
2017-04-18,8.16,8.16,8.16,8.16,0
2017-04-19,8.16,8.16,8.16,8.16,0
2017-04-20,8.16,8.16,8.16,8.16,0
2017-04-21,8.16,8.16,8.16,8.16,0
2017-04-24,8.16,8.16,8.16,8.16,0
2017-04-25,8.16,8.16,8.16,8.16,0
2017-04-26,8.16,8.16,8.16,8.16,0
2017-04-27,8.16,8.16,8.16,8.16,0
2017-04-28,8.16,8.16,8.16,8.16,0
2017-05-03,8.16,8.16,8.16,8.16,0
2017-05-04,8.16,8.16,8.16,8.16,0
2017-05-05,8.16,8.16,8.16,8.16,0
2017-05-08,8.16,8.16,8.16,8.16,0
2017-05-09,8.16,8.16,8.16,8.16,0
2017-05-10,8.16,8.16,8.16,8.16,0
2017-05-11,8.16,8.16,8.16,8.16,0
2017-05-12,8.16,8.16,8.16,8.16,0
2017-05-15,8.16,8.16,8.16,8.16,0
2017-05-16,8.16,8.16,8.16,8.16,0
2017-05-17,8.16,8.16,8.16,8.16,0
2017-05-18,8.16,8.16,8.16,8.16,0
2017-05-19,8.16,8.16,8.16,8.16,0
2017-05-22,8.16,8.16,8.16,8.16,0
2017-05-23,8.16,8.16,8.16,8.16,0
2017-05-24,8.18,8.18,8.18,8.18,0
2017-05-25,8.18,8.18,8.18,8.18,0
2017-05-26,8.18,8.18,8.18,8.18,0
2017-05-29,8.18,8.18,8.18,8.18,0
2017-05-30,8.18,8.18,8.18,8.18,0
2017-05-31,8.18,8.18,8.18,8.18,0
2017-06-01,8.18,8.18,8.18,8.18,0
2017-06-02,8.18,8.18,8.18,8.18,0
2017-06-05,8.18,8.18,8.18,8.18,0
2017-06-06,8.18,8.18,8.18,8.18,0
2017-06-07,8.16,8.16,8.16,8.16,0
2017-06-08,8.26,8.26,8.26,8.26,13000
2017-06-09,8.26,8.26,8.26,8.26,0
2017-06-12,8.26,8.26,8.26,8.26,0
2017-06-13,8.26,8.26,8.26,8.26,0
2017-06-14,8.26,8.26,8.26,8.26,0
2017-06-15,8.26,8.26,8.26,8.26,0
2017-06-16,8.26,8.26,8.26,8.26,0
2017-06-19,8.26,8.26,8.26,8.26,0
2017-06-20,8.26,8.26,8.26,8.26,0
2017-06-21,8.26,8.26,8.26,8.26,0
2017-06-22,8.26,8.26,8.26,8.26,0
2017-06-23,8.26,8.26,8.26,8.26,0
2017-06-26,8.26,8.26,8.26,8.26,0
2017-06-27,8.26,8.26,8.26,8.26,0
2017-06-28,8.26,8.26,8.26,8.26,0
2017-06-29,8.26,8.26,8.26,8.26,0
2017-06-30,8.26,8.26,8.26,8.26,0
2017-07-03,8.26,8.26,8.26,8.26,0
2017-07-04,8.26,8.26,8.26,8.26,0
2017-07-05,8.26,8.26,8.26,8.26,0
2017-07-06,8.26,8.26,8.26,8.26,0
2017-07-07,8.26,8.26,8.26,8.26,0
2017-07-10,8.26,8.26,8.26,8.26,0
2017-07-11,8.26,8.26,8.26,8.26,0
2017-07-12,8.26,8.26,8.26,8.26,0
2017-07-13,8.26,8.26,8.26,8.26,0
2017-07-14,8.26,8.26,8.26,8.26,0
2017-07-17,8.26,8.26,8.26,8.26,0
2017-07-18,8.26,8.26,8.26,8.26,0
2017-07-19,8.26,8.26,8.26,8.26,0
2017-07-20,8.26,8.26,8.26,8.26,0
2017-07-21,8.26,8.26,8.26,8.26,0
2017-07-24,8.26,8.26,8.26,8.26,0
2017-07-25,8.26,8.26,8.26,8.26,0
2017-07-26,8.26,8.26,8.26,8.26,0
2017-07-27,8.26,8.26,8.26,8.26,0
2017-07-28,8.26,8.26,8.26,8.26,0
2017-07-31,8.26,8.26,8.26,8.26,0
2017-08-01,8.26,8.26,8.26,8.26,0
2017-08-02,8.26,8.26,8.26,8.26,0
2017-08-03,8.26,8.26,8.26,8.26,0
2017-08-04,8.26,8.26,8.26,8.26,0
2017-08-07,8.26,8.26,8.26,8.26,0
2017-08-08,8.26,8.26,8.26,8.26,0
2017-08-09,8.26,8.26,8.26,8.26,0
2017-08-10,8.26,8.26,8.26,8.26,0
2017-08-11,8.26,8.26,8.26,8.26,0
2017-08-14,8.18,8.18,8.18,8.18,61600
2017-08-15,8.18,8.18,8.18,8.18,0
2017-08-16,8.18,8.18,8.18,8.18,0
2017-08-17,8.18,8.18,8.18,8.18,0
2017-08-18,8.18,8.18,8.18,8.18,0
2017-08-21,8.18,8.18,8.18,8.18,0
2017-08-22,8.18,8.18,8.18,8.18,0
2017-08-23,8.18,8.18,8.18,8.18,0
2017-08-24,8.18,8.18,8.18,8.18,0
2017-08-25,8.18,8.18,8.18,8.18,0
2017-08-28,8.18,8.18,8.18,8.18,0
2017-08-29,8.18,8.18,8.18,8.18,0
2017-08-30,8.18,8.18,8.18,8.18,0
2017-08-31,8.18,8.18,8.18,8.18,23600
2017-09-01,8.18,8.18,8.18,8.18,3900
2017-09-05,8.18,8.18,8.18,8.18,300
2017-09-06,8.18,8.18,8.18,8.18,0
2017-09-07,8.18,8.18,8.18,8.18,10000
2017-09-08,8.18,8.18,8.18,8.18,0
2017-09-11,8.18,8.18,8.18,8.18,0
2017-09-12,8.18,8.18,8.18,8.18,0
2017-09-13,8.18,8.18,8.18,8.18,0
2017-09-14,8.18,8.18,8.18,8.18,0
2017-09-15,8.18,8.18,8.18,8.18,0
2017-09-18,8.18,8.18,8.18,8.18,0
2017-09-19,8.18,8.18,8.18,8.18,0
2017-09-20,8.18,8.18,8.18,8.18,0
2017-09-21,8.18,8.18,8.18,8.18,25800
2017-09-22,8.18,8.18,8.18,8.18,13200
2017-09-25,8.18,8.18,8.18,8.18,0
2017-09-26,8.18,8.18,8.18,8.18,0
2017-09-27,8.18,8.18,8.18,8.18,0
2017-09-28,8.18,8.18,8.18,8.18,0
2017-09-29,8.18,8.18,8.18,8.18,0
2017-10-02,8.18,8.18,8.18,8.18,0
2017-10-03,8.18,8.18,8.18,8.18,0
2017-10-04,8.18,8.18,8.18,8.18,0
2017-10-05,8.18,8.18,8.18,8.18,0
2017-10-06,8.18,8.18,8.18,8.18,0
2017-10-09,8.18,8.18,8.18,8.18,0
2017-10-10,8.18,8.18,8.18,8.18,0
2017-10-11,8.18,8.18,8.18,8.18,0
2017-10-12,8.18,8.18,8.18,8.18,0
2017-10-13,8.18,8.18,8.18,8.18,0
2017-10-16,8.18,8.18,8.18,8.18,0
2017-10-17,8.18,8.18,8.18,8.18,0
2017-10-18,8.18,8.18,8.18,8.18,0
2017-10-19,8.18,8.18,8.18,8.18,0
2017-10-20,8.18,8.18,8.18,8.18,0
2017-10-23,8.18,8.18,8.18,8.18,0
2017-10-24,8.18,8.18,8.18,8.18,0
2017-10-25,8.18,8.18,8.18,8.18,0
2017-10-26,8.18,8.18,8.18,8.18,0
2017-10-27,8.18,8.18,8.18,8.18,0
2017-10-30,8.18,8.18,8.18,8.18,0
2017-10-31,8.18,8.18,8.18,8.18,0
2017-11-01,8.18,8.18,8.18,8.18,0
2017-11-02,8.18,8.18,8.18,8.18,0
2017-11-03,8.18,8.18,8.18,8.18,0
2017-11-06,8.18,8.18,8.18,8.18,0
2017-11-07,8.18,8.18,8.18,8.18,0
2017-11-08,8.18,8.18,8.18,8.18,0
2017-11-09,8.18,8.18,8.18,8.18,0
2017-11-10,8.18,8.18,8.18,8.18,0
2017-11-13,8.18,8.18,8.18,8.18,0
2017-11-14,8.18,8.18,8.18,8.18,0
2017-11-15,8.18,8.18,8.18,8.18,0
2017-11-16,8.18,8.18,8.18,8.18,0
2017-11-17,8.18,8.18,8.18,8.18,0
2017-11-20,8.18,8.18,8.18,8.18,0
2017-11-21,8.18,8.18,8.18,8.18,0
2017-11-22,8.18,8.18,8.18,8.18,0
2017-11-23,8.18,8.18,8.18,8.18,0
2017-11-24,8.18,8.18,8.18,8.18,0
2017-11-27,8.18,8.18,8.18,8.18,0
2017-11-28,8.18,8.18,8.18,8.18,0
2017-11-29,8.18,8.18,8.18,8.18,0
2017-11-30,8.18,8.18,8.18,8.18,0
2017-12-01,8.18,8.18,8.18,8.18,0
2017-12-04,8.18,8.18,8.18,8.18,0
2017-12-05,8.18,8.18,8.18,8.18,0
2017-12-06,8.18,8.18,8.18,8.18,0
2017-12-07,8.18,8.18,8.18,8.18,0
2017-12-08,5.51,5.51,5.51,5.51,1300
2017-12-11,5.51,5.51,5.51,5.51,0
2017-12-12,5.51,5.51,5.51,5.51,0
2017-12-13,5.51,5.51,5.51,5.51,0
2017-12-14,5.51,5.51,5.51,5.51,0
2017-12-15,5.51,5.51,5.51,5.51,0
2017-12-18,5.51,5.51,5.51,5.51,0
2017-12-19,5.51,5.51,5.51,5.51,0
2017-12-20,5.51,5.51,5.51,5.51,0
2017-12-21,5.51,5.51,5.51,5.51,0
2017-12-22,5.51,5.51,5.51,5.51,0
2017-12-25,5.51,5.51,5.51,5.51,0
2017-12-26,5.51,5.51,5.51,5.51,0
2017-12-27,5.51,5.51,5.51,5.51,0
2017-12-28,5.51,5.51,5.51,5.51,0
2017-12-29,5.51,5.51,5.51,5.51,0
2018-01-02,5.51,5.51,5.51,5.51,0
2018-01-03,5.51,5.51,5.51,5.51,0
2018-01-04,5.51,5.51,5.51,5.51,0
2018-01-05,5.51,5.51,5.51,5.51,0
2018-01-08,5.51,5.51,5.51,5.51,0
2018-01-09,5.51,5.51,5.51,5.51,0
2018-01-10,5.51,5.51,5.51,5.51,0
2018-01-11,5.51,5.51,5.51,5.51,0
2018-01-12,5.51,5.51,5.51,5.51,0
2018-01-15,5.51,5.51,5.51,5.51,0
2018-01-16,5.51,5.51,5.51,5.51,0
2018-01-17,5.51,5.51,5.51,5.51,0
2018-01-18,5.51,5.51,5.51,5.51,0
2018-01-19,5.51,5.51,5.51,5.51,0
2018-01-22,5.51,5.51,5.51,5.51,0
2018-01-23,5.51,5.51,5.51,5.51,0
2018-01-24,5.51,5.51,5.51,5.51,0
2018-01-25,5.51,5.51,5.51,5.51,0
2018-01-26,5.51,5.51,5.51,5.51,0
2018-01-29,4.72,4.72,4.72,4.72,700
2018-01-30,4.72,4.72,4.72,4.72,0
2018-01-31,4.72,4.72,4.72,4.72,0
2018-02-01,4.72,4.72,4.72,4.72,0
2018-02-02,4.72,4.72,4.72,4.72,0
2018-02-05,4.72,4.72,4.72,4.72,0
2018-02-06,4.72,4.72,4.72,4.72,0
2018-02-07,4.72,4.72,4.72,4.72,0
2018-02-08,4.72,4.72,4.72,4.72,0
2018-02-09,4.72,4.72,4.72,4.72,0
2018-02-12,4.72,4.72,4.72,4.72,0
2018-02-13,4.72,4.72,4.72,4.72,0
2018-02-21,4.72,4.72,4.72,4.72,0
2018-02-22,4.72,4.72,4.72,4.72,0
2018-02-23,4.72,4.72,4.72,4.72,0
2018-02-26,4.72,4.72,4.72,4.72,0
2018-02-27,4.72,4.72,4.72,4.72,0
2018-02-28,4.72,4.72,4.72,4.72,0
2018-03-01,4.72,4.72,4.72,4.72,0
2018-03-02,4.72,4.72,4.72,4.72,0
2018-03-05,4.72,4.72,4.72,4.72,0
2018-03-06,4.72,4.72,4.72,4.72,0
2018-03-07,4.72,4.72,4.72,4.72,0
2018-03-08,4.72,4.72,4.72,4.72,0
2018-03-09,4.72,4.72,4.72,4.72,0
2018-03-12,4.72,4.72,4.72,4.72,0
2018-03-13,4.72,4.72,4.72,4.72,0
2018-03-14,4.72,4.72,4.72,4.72,0
2018-03-15,4.72,4.72,4.72,4.72,0
2018-03-16,4.72,4.72,4.72,4.72,0
2018-03-19,4.72,4.72,4.72,4.72,0
2018-03-20,4.72,4.72,4.72,4.72,0
2018-03-21,4.72,4.72,4.72,4.72,0
2018-03-22,4.72,4.72,4.72,4.72,0
2018-03-23,4.72,4.72,4.72,4.72,0
2018-03-26,4.72,4.72,4.72,4.72,0
2018-03-27,4.72,4.72,4.72,4.72,0
2018-03-28,4.72,4.72,4.72,4.72,0
2018-03-29,4.72,4.72,4.72,4.72,0
2018-03-30,4.72,4.72,4.72,4.72,0
2018-04-02,4.72,4.72,4.72,4.72,0
2018-04-03,4.72,4.72,4.72,4.72,0
2018-04-04,4.72,4.72,4.72,4.72,0
2018-04-05,4.72,4.72,4.72,4.72,0
2018-04-06,4.72,4.72,4.72,4.72,0
2018-04-09,4.72,4.72,4.72,4.72,0
2018-04-10,4.72,4.72,4.72,4.72,0
2018-04-11,4.72,4.72,4.72,4.72,0
2018-04-12,4.72,4.72,4.72,4.72,0
2018-04-13,4.72,4.72,4.72,4.72,0
2018-04-16,4.72,4.72,4.72,4.72,0
2018-04-17,4.72,4.72,4.72,4.72,0
2018-04-18,4.72,4.72,4.72,4.72,0
2018-04-19,4.72,4.72,4.72,4.72,0
2018-04-20,4.72,4.72,4.72,4.72,0
2018-04-23,4.72,4.72,4.72,4.72,0
2018-04-24,4.72,4.72,4.72,4.72,0
2018-04-26,4.72,4.72,4.72,4.72,0
2018-04-27,4.72,4.72,4.72,4.72,0
2018-05-02,4.72,4.72,4.72,4.72,0
2018-05-03,4.72,4.72,4.72,4.72,0
2018-05-04,4.72,4.72,4.72,4.72,0
2018-05-07,4.72,4.72,4.72,4.72,0
2018-05-08,4.72,4.72,4.72,4.72,0
2018-05-09,4.72,4.72,4.72,4.72,0
2018-05-10,4.72,4.72,4.72,4.72,0
2018-05-11,4.72,4.72,4.72,4.72,0
2018-05-14,4.72,4.72,4.72,4.72,0
2018-05-15,4.72,4.72,4.72,4.72,0
2018-05-16,4.72,4.72,4.72,4.72,0
2018-05-17,4.72,4.72,4.72,4.72,0
2018-05-18,4.72,4.72,4.72,4.72,0
2018-05-21,4.72,4.72,4.72,4.72,0
2018-05-22,4.72,4.72,4.72,4.72,0
2018-05-23,4.72,4.72,4.72,4.72,0
2018-05-24,4.72,4.72,4.72,4.72,0
2018-05-25,4.72,4.72,4.72,4.72,0
2018-05-28,4.72,4.72,4.72,4.72,0
2018-05-29,4.7,4.7,4.7,4.7,0
2018-05-30,4.7,4.7,4.7,4.7,0
2018-05-31,4.7,4.7,4.7,4.7,0
2018-06-01,4.7,4.7,4.7,4.7,0
2018-06-04,4.7,4.7,4.7,4.7,0
2018-06-05,4.7,4.7,4.7,4.7,0
2018-06-06,4.7,4.7,4.7,4.7,0
2018-06-07,4.7,4.7,4.7,4.7,0
2018-06-08,4.7,4.7,4.7,4.7,0
2018-06-11,4.7,4.7,4.7,4.7,0
2018-06-12,4.7,4.7,4.7,4.7,0
2018-06-13,4.7,4.7,4.7,4.7,0
2018-06-14,4.7,4.7,4.7,4.7,0
2018-06-15,4.7,4.7,4.7,4.7,0
2018-06-18,4.7,4.7,4.7,4.7,0
2018-06-19,4.7,4.7,4.7,4.7,0
2018-06-20,4.7,4.7,4.7,4.7,0
2018-06-21,4.7,4.7,4.7,4.7,0
2018-06-22,4.7,4.7,4.7,4.7,0
2018-06-25,4.7,4.7,4.7,4.7,0
2018-06-26,4.87,4.87,4.87,4.87,1500
2018-06-27,4.87,4.87,4.87,4.87,0
2018-06-28,4.87,4.87,4.87,4.87,0
2018-06-29,4.87,4.87,4.87,4.87,0
2018-07-02,4.87,4.87,4.87,4.87,0
2018-07-03,4.87,4.87,4.87,4.87,0
2018-07-04,4.87,4.87,4.87,4.87,0
2018-07-05,4.87,4.87,4.87,4.87,0
2018-07-06,4.87,4.87,4.87,4.87,0
2018-07-09,4.87,4.87,4.87,4.87,0
2018-07-10,4.87,4.87,4.87,4.87,0
2018-07-11,4.87,4.87,4.87,4.87,0
2018-07-12,4.87,4.87,4.87,4.87,0
2018-07-13,4.87,4.87,4.87,4.87,0
2018-07-16,4.87,4.87,4.87,4.87,0
2018-07-17,4.87,4.87,4.87,4.87,0
2018-07-18,4.87,4.87,4.87,4.87,0
2018-07-19,4.87,4.87,4.87,4.87,0
2018-07-20,4.87,4.87,4.87,4.87,0
2018-07-23,4.87,4.87,4.87,4.87,0
2018-07-24,4.87,4.87,4.87,4.87,0
2018-07-25,4.87,4.87,4.87,4.87,0
2018-07-26,4.87,4.87,4.87,4.87,0
2018-07-27,4.87,4.87,4.87,4.87,0
2018-07-30,4.87,4.87,4.87,4.87,0
2018-07-31,4.87,4.87,4.87,4.87,0
2018-08-01,4.87,4.87,4.87,4.87,0
2018-08-02,4.87,4.87,4.87,4.87,0
2018-08-03,4.87,4.87,4.87,4.87,0
2018-08-06,4.87,4.87,4.87,4.87,0
2018-08-07,4.87,4.87,4.87,4.87,0
2018-08-08,4.87,4.87,4.87,4.87,0
2018-08-09,4.87,4.87,4.87,4.87,0
2018-08-10,4.87,4.87,4.87,4.87,0
2018-08-13,4.87,4.87,4.87,4.87,0
2018-08-14,4.87,4.87,4.87,4.87,0
2018-08-15,4.87,4.87,4.87,4.87,0
2018-08-16,4.87,4.87,4.87,4.87,0
2018-08-17,4.87,4.87,4.87,4.87,0
2018-08-20,4.87,4.87,4.87,4.87,0
2018-08-21,4.87,4.87,4.87,4.87,0
2018-08-22,4.87,4.87,4.87,4.87,0
2018-08-23,4.87,4.87,4.87,4.87,0
2018-08-24,4.87,4.87,4.87,4.87,0
2018-08-27,4.87,4.87,4.87,4.87,0
2018-08-28,4.87,4.87,4.87,4.87,0
2018-08-29,4.87,4.87,4.87,4.87,0
2018-08-30,4.87,4.87,4.87,4.87,0
2018-08-31,4.87,4.87,4.87,4.87,0
2018-09-04,4.87,4.87,4.87,4.87,0
2018-09-05,4.87,4.87,4.87,4.87,0
2018-09-06,4.87,4.87,4.87,4.87,500
2018-09-07,4.87,4.87,4.87,4.87,0
2018-09-10,4.87,4.87,4.87,4.87,0
2018-09-11,4.87,4.87,4.87,4.87,0
2018-09-12,4.87,4.87,4.87,4.87,0
2018-09-13,4.87,4.87,4.87,4.87,0
2018-09-14,4.87,4.87,4.87,4.87,0
2018-09-17,4.87,4.87,4.87,4.87,0
2018-09-18,4.87,4.87,4.87,4.87,0
2018-09-19,4.87,4.87,4.87,4.87,0
2018-09-20,4.87,4.87,4.87,4.87,0
2018-09-21,4.87,4.87,4.87,4.87,0
2018-09-24,4.87,4.87,4.87,4.87,0
2018-09-25,4.87,4.87,4.87,4.87,0
2018-09-26,4.87,4.87,4.87,4.87,0
2018-09-27,4.87,4.87,4.87,4.87,0
2018-09-28,4.87,4.87,4.87,4.87,0
2018-10-01,4.87,4.87,4.87,4.87,0
2018-10-02,4.87,4.87,4.87,4.87,0
2018-10-03,4.87,4.87,4.87,4.87,0
2018-10-04,4.87,4.87,4.14,4.14,6400
2018-10-05,4.46,4.46,4.46,4.46,0
2018-10-08,4.46,4.46,4.46,4.46,0
2018-10-09,4.46,4.46,4.46,4.46,0
2018-10-10,4.46,4.46,4.46,4.46,0
2018-10-11,4.46,4.46,4.46,4.46,0
2018-10-12,4.46,4.46,4.46,4.46,0
2018-10-15,4.46,4.46,4.46,4.46,0
2018-10-16,4.46,4.46,4.46,4.46,0
2018-10-17,4.46,4.46,4.46,4.46,0
2018-10-18,4.46,4.46,4.46,4.46,0
2018-10-19,4.46,4.46,4.46,4.46,0
2018-10-22,4.46,4.46,4.46,4.46,0
2018-10-23,4.46,4.46,4.46,4.46,0
2018-10-24,4.46,4.46,4.46,4.46,0
2018-10-25,4.46,4.46,4.46,4.46,1400
2018-10-26,4.46,4.46,4.46,4.46,0
2018-10-29,4.46,4.46,4.46,4.46,0
2018-10-30,4.46,4.46,4.46,4.46,0
2018-10-31,4.46,4.46,4.46,4.46,0
2018-11-01,4.46,4.46,4.46,4.46,0
2018-11-02,4.46,4.46,4.46,4.46,0
2018-11-05,4.46,4.46,4.46,4.46,0
2018-11-06,4.46,4.46,4.46,4.46,0
2018-11-07,4.46,4.46,4.46,4.46,0
2018-11-08,4.46,4.46,4.46,4.46,0
2018-11-09,4.46,4.46,4.46,4.46,0
2018-11-12,4.46,4.46,4.46,4.46,0
2018-11-13,4.46,4.46,4.46,4.46,0
2018-11-14,4.46,4.46,4.46,4.46,0
2018-11-15,4.46,4.46,4.46,4.46,0
2018-11-16,4.46,4.46,4.46,4.46,0
2018-11-19,4.46,4.46,4.46,4.46,0
2018-11-20,4.46,4.46,4.46,4.46,0
2018-11-21,4.46,4.46,4.46,4.46,0
2018-11-22,4.46,4.46,4.46,4.46,0
2018-11-23,4.46,4.46,4.46,4.46,0
2018-11-26,4.46,4.46,4.46,4.46,0
2018-11-27,4.46,4.46,4.46,4.46,0
2018-11-28,4.46,4.46,4.46,4.46,0
2018-11-29,4.46,4.46,4.46,4.46,0
2018-11-30,4.46,4.46,4.46,4.46,0
2018-12-03,4.46,4.46,4.46,4.46,0
2018-12-04,4.46,4.46,4.46,4.46,0
2018-12-05,4.46,4.46,4.46,4.46,0
2018-12-06,4.46,4.46,4.46,4.46,0
2018-12-07,4.46,4.46,4.46,4.46,0
2018-12-10,4.46,4.46,4.46,4.46,0
2018-12-11,4.46,4.46,4.46,4.46,0
2018-12-12,4.46,4.46,4.46,4.46,0
2018-12-13,4.46,4.46,4.46,4.46,0
2018-12-14,4.46,4.46,4.46,4.46,0
2018-12-17,4.46,4.46,4.46,4.46,0
2018-12-18,4.46,4.46,4.46,4.46,0
2018-12-19,4.46,4.46,4.46,4.46,0
2018-12-20,4.46,4.46,4.46,4.46,0
2018-12-21,4.46,4.46,4.46,4.46,0
2018-12-24,4.46,4.46,4.46,4.46,0
2018-12-25,4.46,4.46,4.46,4.46,0
2018-12-26,4.46,4.46,4.46,4.46,0
2018-12-27,4.46,4.46,4.46,4.46,0
2018-12-28,4.46,4.46,4.46,4.46,0
2019-01-02,4.46,4.46,4.46,4.46,0
2019-01-03,4.46,4.46,4.46,4.46,0
2019-01-04,4.46,4.46,4.46,4.46,0
2019-01-07,4.46,4.46,4.46,4.46,0
2019-01-08,4.46,4.46,4.46,4.46,0
2019-01-09,4.46,4.46,4.46,4.46,0
2019-01-10,4.46,4.46,4.46,4.46,0
2019-01-11,4.46,4.46,4.46,4.46,0
2019-01-14,4.46,4.46,4.46,4.46,0
2019-01-15,4.46,4.46,4.46,4.46,0
2019-01-16,4.46,4.46,4.46,4.46,0
2019-01-17,4.46,4.46,4.46,4.46,0
2019-01-18,4.46,4.46,4.46,4.46,0
2019-01-21,4.46,4.46,4.46,4.46,0
2019-01-22,4.46,4.46,4.46,4.46,0
2019-01-23,4.46,4.46,4.46,4.46,0
2019-01-24,4.46,4.46,4.46,4.46,0
2019-01-25,4.46,4.46,4.46,4.46,0
2019-01-28,4.46,4.46,4.46,4.46,0
2019-01-29,4.46,4.46,4.46,4.46,0
2019-01-30,4.46,4.46,4.46,4.46,0
2019-01-31,4.46,4.46,4.46,4.46,0
2019-02-01,4.46,4.46,4.46,4.46,0
2019-02-11,4.46,4.46,4.46,4.46,0
2019-02-12,4.46,4.46,4.46,4.46,0
2019-02-13,4.46,4.46,4.46,4.46,0
2019-02-14,4.46,4.46,4.46,4.46,0
2019-02-15,4.46,4.46,4.46,4.46,0
2019-02-18,4.46,4.46,4.46,4.46,0
2019-02-19,4.46,4.46,4.46,4.46,0
2019-02-20,4.46,4.46,4.46,4.46,0
2019-02-21,4.46,4.46,4.46,4.46,0
2019-02-22,4.46,4.46,4.46,4.46,0
2019-02-25,4.46,4.46,4.46,4.46,0
2019-02-26,4.46,4.46,4.46,4.46,0
2019-02-27,4.46,4.46,4.46,4.46,0
2019-02-28,4.46,4.46,4.46,4.46,0
2019-03-01,4.46,4.46,4.46,4.46,0
2019-03-04,4.46,4.46,4.46,4.46,0
2019-03-05,4.46,4.46,4.46,4.46,0
2019-03-06,4.46,4.46,4.46,4.46,0
2019-03-07,4.46,4.46,4.46,4.46,0
2019-03-08,4.46,4.46,4.46,4.46,0
2019-03-11,4.46,4.46,4.46,4.46,0
2019-03-12,4.46,4.46,4.46,4.46,0
2019-03-13,4.46,4.46,4.46,4.46,0
2019-03-14,4.46,4.46,4.46,4.46,0
2019-03-15,4.46,4.46,4.46,4.46,0
2019-03-18,4.46,4.46,4.46,4.46,0
2019-03-19,4.46,4.46,4.46,4.46,0
2019-03-20,4.46,4.46,4.46,4.46,0
2019-03-21,4.46,4.46,4.46,4.46,0
2019-03-22,4.46,4.46,4.46,4.46,0
2019-03-25,4.46,4.46,4.46,4.46,0
2019-03-26,4.46,4.46,4.46,4.46,0
2019-03-27,4.46,4.46,4.46,4.46,0
2019-03-28,4.46,4.46,4.46,4.46,0
2019-03-29,4.46,4.46,4.46,4.46,0
2019-04-01,4.46,4.46,4.46,4.46,0
2019-04-02,4.46,4.46,4.46,4.46,0
2019-04-03,4.46,4.46,4.46,4.46,0
2019-04-04,4.46,4.46,4.46,4.46,0
2019-04-05,4.46,4.46,4.46,4.46,0
2019-04-08,4.46,4.46,4.46,4.46,0
2019-04-09,4.46,4.46,4.46,4.46,0
2019-04-10,4.46,4.46,4.46,4.46,0
2019-04-11,4.46,4.46,4.46,4.46,0
2019-04-12,4.46,4.46,4.46,4.46,0
2019-04-16,4.46,4.46,4.46,4.46,0
2019-04-17,4.46,4.46,4.46,4.46,0
2019-04-18,4.46,4.46,4.46,4.46,0
2019-04-19,4.46,4.46,4.46,4.46,0
2019-04-22,4.46,4.46,4.46,4.46,0
2019-04-23,4.46,4.46,4.46,4.46,0
2019-04-24,4.46,4.46,4.46,4.46,0
2019-04-25,4.46,4.46,4.46,4.46,0
2019-04-26,4.46,4.46,4.46,4.46,0
2019-05-02,4.46,4.46,4.46,4.46,0
2019-05-03,4.46,4.46,4.46,4.46,0
2019-05-06,4.46,4.46,4.46,4.46,0
2019-05-07,4.46,4.46,4.46,4.46,0
2019-05-08,4.46,4.46,4.46,4.46,0
2019-05-09,4.46,4.46,4.46,4.46,0
2019-05-10,4.46,4.46,4.46,4.46,0
2019-05-13,4.46,4.46,4.46,4.46,0
2019-05-14,4.46,4.46,4.46,4.46,0
2019-05-15,4.46,4.46,4.46,4.46,0
2019-05-16,4.46,4.46,4.46,4.46,0
2019-05-17,4.46,4.46,4.46,4.46,0
2019-05-20,4.46,4.46,4.46,4.46,0
2019-05-21,4.46,4.46,4.46,4.46,0
2019-05-22,4.46,4.46,4.46,4.46,0
2019-05-23,4.46,4.46,4.46,4.46,0
2019-05-24,4.46,4.46,4.46,4.46,0
2019-05-27,4.46,4.46,4.46,4.46,0
2019-05-28,4.46,4.46,4.46,4.46,0
2019-05-29,4.46,4.46,4.46,4.46,0
2019-05-30,4.46,4.46,4.46,4.46,0
2019-05-31,4.46,4.46,4.46,4.46,0
2019-06-03,4.46,4.46,4.46,4.46,0
2019-06-04,4.46,4.46,4.46,4.46,0
2019-06-05,4.46,4.46,4.46,4.46,0
2019-06-06,4.46,4.46,4.46,4.46,0
2019-06-07,4.46,4.46,4.46,4.46,0
2019-06-10,4.46,4.46,4.46,4.46,0
2019-06-11,4.42,4.59,4.59,4.59,0
2019-06-12,4.42,4.59,4.59,4.59,0
2019-06-13,4.42,4.59,4.59,4.59,0
2019-06-14,4.42,4.59,4.59,4.59,0
2019-06-17,4.42,4.59,4.59,4.59,0
2019-06-18,4.42,4.59,4.59,4.59,0
2019-06-19,4.42,4.59,4.59,4.59,0
2019-06-20,4.42,4.42,4.42,4.42,0
2019-06-21,4.42,4.42,4.42,4.42,0
2019-06-24,4.42,4.59,4.59,4.59,0
2019-06-25,4.42,4.59,4.59,4.59,0
2019-06-26,4.42,4.59,4.59,4.59,0
2019-06-27,4.42,4.59,4.59,4.59,0
2019-06-28,4.42,4.59,4.59,4.59,0
2019-07-01,4.42,4.59,4.59,4.59,0
2019-07-02,4.42,4.59,4.59,4.59,0
2019-07-03,4.42,4.59,4.59,4.59,0
2019-07-04,4.42,4.42,4.42,4.42,0
2019-07-05,4.42,4.59,4.59,4.59,0
2019-07-08,4.42,4.59,4.59,4.59,0
2019-07-09,4.42,4.59,4.59,4.59,0
2019-07-10,4.42,4.59,4.59,4.59,0
2019-07-11,4.42,4.59,4.59,4.59,0
2019-07-12,4.42,4.59,4.59,4.59,0
2019-07-15,4.42,4.59,4.59,4.59,0
2019-07-16,4.42,4.59,4.59,4.59,0
2019-07-17,4.42,4.59,4.59,4.59,0
2019-07-18,4.42,4.59,4.59,4.59,0
2019-07-19,4.42,4.59,4.59,4.59,0
2019-07-22,4.42,4.59,4.59,4.59,0
2019-07-23,4.42,4.59,4.59,4.59,0
2019-07-24,4.42,4.59,4.59,4.59,0
2019-07-25,4.42,4.59,4.59,4.59,0
2019-07-26,4.42,4.59,4.59,4.59,0
2019-07-29,4.42,4.59,4.59,4.59,0
2019-07-30,4.42,4.59,4.59,4.59,0
2019-07-31,4.42,4.59,4.59,4.59,0
2019-08-01,4.42,4.59,4.59,4.59,0
2019-08-02,4.42,4.59,4.59,4.59,0
2019-08-05,4.42,4.59,4.59,4.59,0
2019-08-06,4.42,4.59,4.59,4.59,0
2019-08-07,4.42,4.59,4.59,4.59,0
2019-08-08,4.42,4.59,4.59,4.59,0
2019-08-09,4.42,4.59,4.59,4.59,0
2019-08-12,4.42,4.59,4.59,4.59,0
2019-08-13,4.42,4.59,4.59,4.59,0
2019-08-14,4.42,4.59,4.59,4.59,0
2019-08-15,4.42,4.59,4.59,4.59,0
2019-08-16,4.42,4.59,4.59,4.59,0
2019-08-19,4.42,4.59,4.59,4.59,0
2019-08-20,4.42,4.59,4.59,4.59,0
2019-08-21,4.42,4.59,4.59,4.59,0
2019-08-22,4.42,4.59,4.59,4.59,0
2019-08-23,4.42,4.59,4.59,4.59,0
2019-08-26,4.42,4.59,4.59,4.59,0
2019-08-27,4.42,4.59,4.59,4.59,0
2019-08-28,4.42,4.59,4.59,4.59,0
2019-08-29,4.42,4.59,4.59,4.59,0
2019-08-30,4.42,4.59,4.59,4.59,0
2019-09-03,4.42,4.59,4.59,4.59,0
2019-09-04,4.42,4.59,4.59,4.59,0
2019-09-05,4.42,4.59,4.59,4.59,0
2019-09-06,4.42,4.59,4.59,4.59,0
2019-09-09,4.42,4.59,4.59,4.59,0
2019-09-10,4.42,4.59,4.59,4.59,0
2019-09-11,4.42,4.59,4.59,4.59,0
2019-09-12,4.42,4.59,4.59,4.59,0
2019-09-13,4.42,4.59,4.59,4.59,0
2019-09-16,4.42,4.59,4.59,4.59,0
2019-09-17,4.42,4.59,4.59,4.59,0
2019-09-18,4.42,4.59,4.59,4.59,0
2019-09-19,4.42,4.59,4.59,4.59,0
2019-09-20,4.42,4.59,4.59,4.59,0
2019-09-23,4.42,4.59,4.59,4.59,0
2019-09-24,4.42,4.59,4.59,4.59,0
2019-09-25,4.42,4.59,4.59,4.59,0
2019-09-26,4.42,4.59,4.59,4.59,0
2019-09-27,4.42,4.59,4.59,4.59,0
2019-09-30,4.42,4.59,4.59,4.59,0
2019-10-01,4.42,4.59,4.59,4.59,0
2019-10-02,4.42,4.59,4.59,4.59,0
2019-10-03,4.42,4.59,4.59,4.59,0
2019-10-04,4.42,4.59,4.59,4.59,0
2019-10-07,4.42,4.59,4.59,4.59,0
2019-10-08,4.42,4.59,4.59,4.59,0
2019-10-09,4.42,4.59,4.59,4.59,0
2019-10-10,4.42,4.59,4.59,4.59,0
2019-10-11,4.42,4.59,4.59,4.59,0
2019-10-14,4.42,4.59,4.59,4.59,0
2019-10-15,4.42,4.42,4.42,4.42,0
2019-10-16,4.42,4.59,4.59,4.59,0
2019-10-17,4.42,4.59,4.59,4.59,0
2019-10-18,4.42,4.59,4.59,4.59,0
2019-10-21,4.42,4.59,4.59,4.59,0
2019-10-22,4.42,4.59,4.59,4.59,0
2019-10-23,4.42,4.59,4.59,4.59,0
2019-10-24,4.42,4.59,4.59,4.59,0
2019-10-25,4.42,4.59,4.59,4.59,0
2019-10-28,4.42,4.59,4.59,4.59,0
2019-10-29,4.42,4.59,4.59,4.59,0
2019-10-30,4.42,4.59,4.59,4.59,0
2019-10-31,4.42,4.42,4.42,4.42,0
2019-11-01,4.42,4.59,4.59,4.59,0
2019-11-04,4.42,4.59,4.59,4.59,0
2019-11-05,4.42,4.59,4.59,4.59,0
2019-11-06,4.42,4.59,4.59,4.59,0
2019-11-07,4.42,4.59,4.59,4.59,0
2019-11-08,4.42,4.59,4.59,4.59,0
2019-11-11,4.42,4.59,4.59,4.59,0
2019-11-12,4.42,4.59,4.59,4.59,0
2019-11-13,4.42,4.59,4.59,4.59,0
2019-11-14,4.42,4.59,4.59,4.59,0
2019-11-15,4.42,4.59,4.59,4.59,0
2019-11-18,4.42,4.59,4.59,4.59,0
2019-11-19,4.42,4.59,4.59,4.59,0
2019-11-20,4.42,4.59,4.59,4.59,0
2019-11-21,4.42,4.59,4.59,4.59,0
2019-11-22,4.42,4.42,4.42,4.42,0
2019-11-25,4.42,4.59,4.59,4.59,0
2019-11-26,4.42,4.59,4.59,4.59,0
2019-11-27,4.42,4.59,4.59,4.59,0
2019-11-28,4.42,4.59,4.59,4.59,0
2019-11-29,4.42,4.59,4.59,4.59,0
2019-12-02,4.42,4.42,4.42,4.42,0
2019-12-03,4.42,4.59,4.59,4.59,0
2019-12-04,4.42,4.59,4.59,4.59,0
2019-12-05,4.42,4.59,4.59,4.59,0
2019-12-06,4.42,4.59,4.59,4.59,0
2019-12-09,4.42,4.59,4.59,4.59,0
2019-12-10,4.42,4.59,4.59,4.59,0
2019-12-11,4.42,4.59,4.59,4.59,0
2019-12-12,4.42,4.59,4.59,4.59,0
2019-12-13,4.42,4.59,4.59,4.59,0
2019-12-16,4.42,4.59,4.59,4.59,0
2019-12-17,4.42,4.59,4.59,4.59,0
2019-12-18,4.42,4.59,4.59,4.59,0
2019-12-19,4.42,4.59,4.59,4.59,0
2019-12-20,4.42,4.59,4.59,4.59,0
2019-12-23,4.42,4.59,4.59,4.59,0
2019-12-24,4.42,4.59,4.59,4.59,0
2019-12-25,4.42,4.59,4.59,4.59,0
2019-12-26,4.42,4.59,4.59,4.59,0
2019-12-27,4.42,4.59,4.59,4.59,0
2019-12-30,4.42,4.59,4.59,4.59,0
2019-12-31,4.42,4.59,4.59,4.59,0
2020-01-02,4.42,4.59,4.59,4.59,0
2020-01-03,4.42,4.59,4.59,4.59,0
2020-01-06,4.42,4.59,4.59,4.59,0
2020-01-07,4.42,4.59,4.59,4.59,0
2020-01-08,4.42,4.59,4.59,4.59,0
2020-01-09,4.42,4.59,4.59,4.59,0
2020-01-10,4.42,4.59,4.59,4.59,0
2020-01-13,4.42,4.59,4.59,4.59,0
2020-01-14,4.42,4.59,4.59,4.59,0
2020-01-15,4.42,4.59,4.59,4.59,0
2020-01-16,4.42,4.59,4.59,4.59,0
2020-01-17,4.42,4.59,4.59,4.59,0
2020-01-20,4.42,4.59,4.59,4.59,0
2020-01-21,4.42,4.59,4.59,4.59,0
2020-01-22,4.42,4.59,4.59,4.59,0
2020-01-30,4.42,4.59,4.59,4.59,0
2020-01-31,4.42,4.59,4.59,4.59,0
2020-02-03,4.42,4.59,4.59,4.59,0
2020-02-04,4.42,4.59,4.59,4.59,0
2020-02-05,4.42,4.59,4.59,4.59,0
2020-02-06,4.42,4.59,4.59,4.59,0
2020-02-07,4.42,4.59,4.59,4.59,0
2020-02-10,4.42,4.59,4.59,4.59,0
2020-02-11,4.42,4.59,4.59,4.59,0
2020-02-12,4.42,4.59,4.59,4.59,0
2020-02-13,4.42,4.59,4.59,4.59,0
2020-02-14,4.42,4.59,4.59,4.59,0
2020-02-17,4.42,4.59,4.59,4.59,0
2020-02-18,4.42,4.59,4.59,4.59,0
2020-02-19,4.42,4.59,4.59,4.59,0
2020-02-20,4.42,4.59,4.59,4.59,0
2020-02-21,4.42,4.59,4.59,4.59,0
2020-02-24,4.42,4.59,4.59,4.59,0
2020-02-25,4.42,4.59,4.59,4.59,0
2020-02-26,4.42,4.59,4.59,4.59,0
2020-02-27,4.42,4.59,4.59,4.59,0
2020-02-28,4.42,4.59,4.59,4.59,0
2020-03-02,4.42,4.59,4.59,4.59,0
2020-03-03,4.42,4.59,4.59,4.59,0
2020-03-04,4.42,4.59,4.59,4.59,0
2020-03-05,4.42,4.59,4.59,4.59,0
2020-03-06,4.42,4.59,4.59,4.59,0
2020-03-09,4.42,4.59,4.59,4.59,0
2020-03-10,4.42,4.59,4.59,4.59,0
2020-03-11,4.42,4.59,4.59,4.59,0
2020-03-12,4.42,4.59,4.59,4.59,0
2020-03-13,4.42,4.59,4.59,4.59,0
2020-03-16,4.42,4.59,4.59,4.59,0
2020-03-17,4.42,4.59,4.59,4.59,0
2020-03-18,4.42,4.59,4.59,4.59,0
2020-03-19,4.42,4.59,4.59,4.59,0
2020-03-20,4.42,4.59,4.59,4.59,0
2020-03-23,4.42,4.59,4.59,4.59,0
2020-03-24,4.42,4.59,4.59,4.59,0
2020-03-25,4.42,4.59,4.59,4.59,0
2020-03-26,4.42,4.59,4.59,4.59,0
2020-03-27,4.42,4.59,4.59,4.59,0
2020-03-30,4.42,4.59,4.59,4.59,0
2020-03-31,4.42,4.59,4.59,4.59,0
2020-04-01,4.42,4.59,4.59,4.59,0
2020-04-03,4.42,4.59,4.59,4.59,0
2020-04-06,4.42,4.59,4.59,4.59,0
2020-04-07,4.42,4.59,4.59,4.59,0
2020-04-08,4.42,4.59,4.59,4.59,0
2020-04-09,4.42,4.59,4.59,4.59,0
2020-04-10,4.42,4.59,4.59,4.59,0
2020-04-13,4.42,4.59,4.59,4.59,0
2020-04-14,4.42,4.59,4.59,4.59,0
2020-04-15,4.42,4.59,4.59,4.59,0
2020-04-16,4.42,4.59,4.59,4.59,0
2020-04-17,4.42,4.59,4.59,4.59,0
2020-04-20,4.42,4.59,4.59,4.59,0
2020-04-21,4.42,4.59,4.59,4.59,0
2020-04-22,4.42,4.59,4.59,4.59,0
2020-04-23,4.42,4.59,4.59,4.59,0
2020-04-24,4.42,4.59,4.59,4.59,0
2020-04-27,4.42,4.59,4.59,4.59,0
2020-04-28,4.42,4.59,4.59,4.59,0
2020-04-29,4.42,4.59,4.59,4.59,0
2020-05-04,4.42,4.59,4.59,4.59,0
2020-05-05,4.42,4.59,4.59,4.59,0
2020-05-06,4.42,4.59,4.59,4.59,0
2020-05-07,4.42,4.59,4.59,4.59,0
2020-05-08,4.42,4.59,4.59,4.59,0
2020-05-11,4.42,4.59,4.59,4.59,0
2020-05-12,4.42,4.59,4.59,4.59,0
2020-05-13,4.42,4.59,4.59,4.59,0
2020-05-14,4.42,4.59,4.59,4.59,0
2020-05-15,4.42,4.59,4.59,4.59,0
2020-05-18,4.42,4.59,4.59,4.59,0
2020-05-19,4.42,4.59,4.59,4.59,0
2020-05-20,4.42,4.59,4.59,4.59,0
2020-05-21,4.42,4.59,4.59,4.59,0
2020-05-22,4.42,4.59,4.59,4.59,0
2020-05-25,4.42,4.59,4.59,4.59,0
2020-05-26,4.42,4.59,4.59,4.59,0
2020-05-27,4.42,4.59,4.59,4.59,0
2020-05-28,4.42,4.59,4.59,4.59,0
2020-05-29,4.42,4.59,4.59,4.59,0
2020-06-01,4.42,4.59,4.59,4.59,0
2020-06-02,4.42,4.59,4.59,4.59,0
2020-06-03,4.42,4.59,4.59,4.59,0
2020-06-04,4.42,4.59,4.59,4.59,0
2020-06-05,4.42,4.59,4.59,4.59,0
2020-06-08,4.42,4.59,4.59,4.59,0
2020-06-09,4.42,4.59,4.59,4.59,0
2020-06-10,4.42,4.59,4.59,4.59,0
2020-06-11,4.42,4.59,4.59,4.59,0
2020-06-12,4.42,4.59,4.59,4.59,0
2020-06-15,4.42,4.59,4.59,4.59,0
2020-06-16,4.42,4.59,4.59,4.59,0
2020-06-17,4.42,4.59,4.59,4.59,0
2020-06-18,4.42,4.59,4.59,4.59,0
2020-06-19,4.42,4.59,4.59,4.59,0
2020-06-22,4.42,4.59,4.59,4.59,0
2020-06-23,4.42,4.59,4.59,4.59,0
2020-06-24,4.42,4.59,4.59,4.59,0
2020-06-25,4.42,4.59,4.59,4.59,0
2020-06-26,4.42,4.59,4.59,4.59,0
2020-06-29,4.42,4.59,4.59,4.59,0
2020-06-30,4.42,4.59,4.59,4.59,0
2020-07-01,4.42,4.59,4.59,4.59,0
2020-07-02,4.42,4.59,4.59,4.59,0
2020-07-03,4.42,4.59,4.59,4.59,0
2020-07-06,4.42,4.59,4.59,4.59,0
2020-07-07,4.42,4.59,4.59,4.59,0
2020-07-08,4.42,4.59,4.59,4.59,0
2020-07-09,4.42,4.59,4.59,4.59,0
2020-07-10,4.42,4.59,4.59,4.59,0
2020-07-13,4.42,4.59,4.59,4.59,0
2020-07-14,4.42,4.59,4.59,4.59,0
2020-07-15,4.42,4.59,4.59,4.59,0
2020-07-16,4.42,4.59,4.59,4.59,0
2020-07-17,4.42,4.59,4.59,4.59,0
2020-07-20,4.42,4.59,4.59,4.59,0
2020-07-21,4.42,4.42,4.42,4.42,0
2020-07-22,4.42,4.59,4.59,4.59,0
2020-07-23,4.42,4.59,4.59,4.59,0
2020-07-24,4.42,4.59,4.59,4.59,0
2020-07-27,4.42,4.59,4.59,4.59,0
2020-07-28,4.42,4.59,4.59,4.59,0
2020-07-29,4.42,4.59,4.59,4.59,0
2020-07-30,4.42,4.59,4.59,4.59,0
2020-07-31,4.42,4.59,4.59,4.59,0
2020-08-03,4.42,4.59,4.59,4.59,0
2020-08-04,4.42,4.59,4.59,4.59,0
2020-08-05,4.42,4.42,4.42,4.42,600
2020-08-06,4.42,4.42,4.42,4.42,0
2020-08-07,4.42,4.42,4.42,4.42,1200
2020-08-10,4.42,4.42,4.42,4.42,0
2020-08-11,4.42,4.42,4.42,4.42,0
2020-08-12,4.42,4.42,4.42,4.42,0
2020-08-13,4.42,4.42,4.42,4.42,0
2020-08-14,4.42,4.42,4.42,4.42,0
2020-08-17,4.42,4.42,4.42,4.42,0
2020-08-18,4.42,4.42,4.42,4.42,0
2020-08-19,4.42,4.42,4.42,4.42,0
2020-08-20,4.42,4.42,4.42,4.42,0
2020-08-21,4.42,4.42,4.42,4.42,0
2020-08-24,4.42,4.42,4.42,4.42,0
2020-08-25,4.42,4.42,4.42,4.42,0
2020-08-26,4.42,4.42,4.42,4.42,0
2020-08-27,4.42,4.42,4.42,4.42,0
2020-08-28,4.42,4.42,4.42,4.42,0
2020-08-31,4.42,4.42,4.42,4.42,0
2020-09-01,4.42,4.42,4.42,4.42,0
2020-09-03,4.42,4.42,4.42,4.42,0
2020-09-04,4.42,4.42,4.42,4.42,0
2020-09-07,4.42,4.42,4.42,4.42,0
2020-09-08,4.42,4.42,4.42,4.42,0
2020-09-09,4.42,4.42,4.42,4.42,0
2020-09-10,4.42,4.42,4.42,4.42,0
2020-09-11,4.42,4.42,4.42,4.42,0
2020-09-14,4.42,4.42,4.42,4.42,0
2020-09-15,4.42,4.42,4.42,4.42,0
2020-09-16,4.42,4.42,4.42,4.42,0
2020-09-17,4.42,4.42,4.42,4.42,0
2020-09-18,4.42,4.42,4.42,4.42,0
2020-09-21,4.42,4.42,4.42,4.42,0
2020-09-22,4.42,4.42,4.42,4.42,0
2020-09-23,4.42,4.42,4.42,4.42,0
2020-09-24,4.42,4.42,4.42,4.42,0
2020-09-25,4.42,4.42,4.42,4.42,0
2020-09-28,4.42,4.42,4.42,4.42,0
2020-09-29,4.42,4.42,4.42,4.42,0
2020-09-30,4.42,4.42,4.42,4.42,0
2020-10-01,4.42,4.42,4.42,4.42,0
2020-10-02,4.42,4.42,4.42,4.42,0
2020-10-05,4.42,4.42,4.42,4.42,0
2020-10-06,4.42,4.42,4.42,4.42,0
2020-10-07,4.42,4.42,4.42,4.42,0
2020-10-08,4.42,4.42,4.42,4.42,0
2020-10-09,4.42,4.42,4.42,4.42,0
2020-10-12,4.42,4.42,4.42,4.42,0
2020-10-13,4.42,4.42,4.42,4.42,0
2020-10-14,4.42,4.42,4.42,4.42,0
2020-10-15,4.42,4.42,4.42,4.42,0
2020-10-16,4.42,4.42,4.42,4.42,0
2020-10-19,4.42,4.42,4.42,4.42,0
2020-10-20,4.42,4.42,4.42,4.42,0
2020-10-21,4.42,4.42,4.42,4.42,0
2020-10-22,4.42,4.42,4.42,4.42,0
2020-10-23,4.42,4.42,4.42,4.42,0
2020-10-26,4.42,4.42,4.42,4.42,0
2020-10-27,4.42,4.42,4.42,4.42,0
2020-10-28,4.42,4.42,4.42,4.42,0
2020-10-29,4.42,4.42,4.42,4.42,0
2020-10-30,4.42,4.42,4.42,4.42,0
2020-11-02,4.42,4.42,4.42,4.42,0
2020-11-03,4.42,4.42,4.42,4.42,0
2020-11-04,4.42,4.42,4.42,4.42,0
2020-11-05,4.42,4.42,4.42,4.42,0
2020-11-06,4.42,4.42,4.42,4.42,0
2020-11-09,4.42,4.42,4.42,4.42,0
2020-11-10,4.42,4.42,4.42,4.42,0
2020-11-11,4.42,4.42,4.42,4.42,0
2020-11-12,4.42,4.42,4.42,4.42,0
2020-11-13,4.42,4.42,4.42,4.42,0
2020-11-16,4.42,4.42,4.42,4.42,0
2020-11-17,4.42,4.42,4.42,4.42,0
2020-11-18,4.42,4.42,4.42,4.42,0
2020-11-19,4.42,4.42,4.42,4.42,0
2020-11-20,4.42,4.42,4.42,4.42,0
2020-11-23,4.42,4.42,4.42,4.42,0
2020-11-24,4.42,4.42,4.42,4.42,0
2020-11-25,4.42,4.42,4.42,4.42,0
2020-11-26,4.42,4.42,4.42,4.42,0
2020-11-27,4.42,4.42,4.42,4.42,0
2020-11-30,4.42,4.42,4.42,4.42,0
2020-12-01,4.42,4.42,4.42,4.42,0
2020-12-02,4.42,4.42,4.42,4.42,0
2020-12-03,4.42,4.42,4.42,4.42,0
2020-12-04,4.42,4.42,4.42,4.42,0
2020-12-07,4.42,4.42,4.42,4.42,0
2020-12-08,4.42,4.42,4.42,4.42,0
2020-12-09,4.42,4.42,4.42,4.42,0
2020-12-10,4.42,4.42,4.42,4.42,0
2020-12-11,4.42,4.42,4.42,4.42,0
2020-12-14,4.42,4.42,4.42,4.42,0
2020-12-15,4.42,4.42,4.42,4.42,0
2020-12-16,4.42,4.42,4.42,4.42,0
2020-12-17,4.42,4.42,4.42,4.42,0
2020-12-18,4.42,4.42,4.42,4.42,0
2020-12-21,4.42,4.42,4.42,4.42,0
2020-12-22,4.42,4.42,4.42,4.42,0
2020-12-23,4.42,4.42,4.42,4.42,0
2020-12-24,4.42,4.42,4.42,4.42,0
2020-12-25,4.42,4.42,4.42,4.42,0
2020-12-28,4.42,4.42,4.42,4.42,0
2020-12-29,4.42,4.42,4.42,4.42,0
2020-12-30,4.42,4.42,4.42,4.42,0
2020-12-31,4.42,4.42,4.42,4.42,0
2021-01-04,4.42,4.42,4.42,4.42,0
2021-01-05,4.42,4.42,4.42,4.42,0
2021-01-06,4.42,4.42,4.42,4.42,0
2021-01-07,4.42,4.42,4.42,4.42,0
2021-01-08,4.42,4.42,4.42,4.42,0
2021-01-11,4.42,4.42,4.42,4.42,0
2021-01-12,4.42,4.42,4.42,4.42,0
2021-01-13,4.42,4.42,4.42,4.42,0
2021-01-14,4.42,4.42,4.42,4.42,0
2021-01-15,4.42,4.42,4.42,4.42,0
2021-01-18,4.42,4.42,4.42,4.42,0
2021-01-19,4.42,4.42,4.42,4.42,0
2021-01-20,4.42,4.42,4.42,4.42,0
2021-01-21,4.42,4.42,4.42,4.42,0
2021-01-22,4.42,4.42,4.42,4.42,0
2021-01-25,4.42,4.42,4.42,4.42,0
2021-01-26,4.42,4.42,4.42,4.42,0
2021-01-27,4.42,4.42,4.42,4.42,0
2021-01-28,4.42,4.42,4.42,4.42,0
2021-01-29,4.42,4.42,4.42,4.42,0
2021-02-01,4.42,4.42,4.42,4.42,0
2021-02-02,4.42,4.42,4.42,4.42,0
2021-02-03,4.42,4.42,4.42,4.42,0
2021-02-04,4.42,4.42,4.42,4.42,0
2021-02-05,4.42,4.42,4.42,4.42,0
2021-02-08,4.42,4.42,4.42,4.42,0
2021-02-09,4.42,4.42,4.42,4.42,0
2021-02-17,4.42,4.42,4.42,4.42,0
2021-02-18,4.42,4.42,4.42,4.42,0
2021-02-19,4.42,4.42,4.42,4.42,0
2021-02-22,4.42,4.42,4.42,4.42,0
2021-02-23,4.42,4.42,4.42,4.42,0
2021-02-24,4.42,4.42,4.42,4.42,0
2021-02-25,4.42,4.42,4.42,4.42,0
2021-02-26,4.42,4.42,4.42,4.42,0
2021-03-01,4.42,4.42,4.42,4.42,0
2021-03-02,4.42,4.42,4.42,4.42,0
2021-03-03,4.42,4.42,4.42,4.42,0
2021-03-04,4.42,4.42,4.42,4.42,0
2021-03-05,4.42,4.42,4.42,4.42,0
2021-03-08,4.42,4.42,4.42,4.42,0
2021-03-09,4.42,4.42,4.42,4.42,0
2021-03-10,4.42,4.42,4.42,4.42,0
2021-03-11,4.42,4.42,4.42,4.42,0
2021-03-12,4.42,4.42,4.42,4.42,0
2021-03-15,4.42,4.42,4.42,4.42,0
2021-03-16,4.42,4.42,4.42,4.42,0
2021-03-17,4.42,4.42,4.42,4.42,0
2021-03-18,4.42,4.42,4.42,4.42,0
2021-03-19,4.42,4.42,4.42,4.42,0
2021-03-22,4.42,4.42,4.42,4.42,0
2021-03-23,4.42,4.42,4.42,4.42,0
2021-03-24,4.42,4.42,4.42,4.42,0
2021-03-25,4.42,4.42,4.42,4.42,0
2021-03-26,4.42,4.42,4.42,4.42,0
2021-03-29,4.42,4.42,4.42,4.42,0
2021-03-30,4.42,4.42,4.42,4.42,0
2021-03-31,4.42,4.42,4.42,4.42,0
2021-04-01,4.42,4.42,4.42,4.42,0
2021-04-02,4.42,4.42,4.42,4.42,0
2021-04-05,4.42,4.42,4.42,4.42,0
2021-04-06,4.42,4.42,4.42,4.42,0
2021-04-07,4.42,4.42,4.42,4.42,0
2021-04-08,4.42,4.42,4.42,4.42,0
2021-04-09,4.42,4.42,4.42,4.42,0
2021-04-12,4.42,4.42,4.42,4.42,0
2021-04-13,4.42,4.42,4.42,4.42,0
2021-04-14,4.42,4.42,4.42,4.42,0
2021-04-15,4.42,4.42,4.42,4.42,0
2021-04-16,4.42,4.42,4.42,4.42,0
2021-04-19,4.42,4.42,4.42,4.42,0
2021-04-20,4.42,4.42,4.42,4.42,0
2021-04-22,4.42,4.42,4.42,4.42,0
2021-04-23,4.42,4.42,4.42,4.42,0
2021-04-26,4.42,4.42,4.42,4.42,0
2021-04-27,4.42,4.42,4.42,4.42,0
2021-04-28,4.42,4.42,4.42,4.42,0
2021-04-29,4.42,4.42,4.42,4.42,0
2021-05-04,4.42,4.42,4.42,4.42,0
2021-05-05,4.42,4.42,4.42,4.42,0
2021-05-06,4.42,4.42,4.42,4.42,0
2021-05-07,4.42,4.42,4.42,4.42,0
2021-05-10,4.42,4.42,4.42,4.42,0
2021-05-11,4.42,4.42,4.42,4.42,0
2021-05-12,4.42,4.42,4.42,4.42,0
2021-05-13,4.42,4.42,4.42,4.42,0
2021-05-14,4.42,4.42,4.42,4.42,0
2021-05-17,4.42,4.42,4.42,4.42,0
2021-05-18,4.42,4.42,4.42,4.42,0
2021-05-19,4.42,4.42,4.42,4.42,0
2021-05-20,4.42,4.42,4.42,4.42,0
2021-05-21,4.42,4.42,4.42,4.42,0
2021-05-24,4.42,4.42,4.42,4.42,0
2021-05-25,4.42,4.42,4.42,4.42,0
2021-05-26,4.42,4.42,4.42,4.42,0
2021-05-27,4.42,4.42,4.42,4.42,0
2021-05-28,4.42,4.42,4.42,4.42,0
2021-05-31,4.42,4.42,4.42,4.42,0
2021-06-01,4.42,4.42,4.42,4.42,0
2021-06-02,4.42,4.42,4.42,4.42,0
2021-06-03,4.42,4.42,4.42,4.42,0
2021-06-04,4.42,4.42,4.42,4.42,0
2021-06-07,4.42,4.42,4.42,4.42,0
2021-06-08,4.42,4.42,4.42,4.42,0
2021-06-09,4.42,4.42,4.42,4.42,0
2021-06-10,4.42,4.42,4.42,4.42,0
2021-06-11,4.42,4.42,4.42,4.42,0
2021-06-14,4.42,4.42,4.42,4.42,0
2021-06-15,4.42,4.42,4.42,4.42,0
2021-06-16,4.42,4.42,4.42,4.42,0
2021-06-17,4.42,4.42,4.42,4.42,0
2021-06-18,4.42,4.42,4.42,4.42,0
2021-06-21,4.42,4.42,4.42,4.42,0
2021-06-22,4.42,4.42,4.42,4.42,0
2021-06-23,4.42,4.42,4.42,4.42,0
2021-06-24,4.42,4.42,4.42,4.42,0
2021-06-25,4.42,4.42,4.42,4.42,0
2021-06-28,4.42,4.42,4.42,4.42,0
2021-06-29,4.42,4.42,4.42,4.42,0
2021-06-30,4.42,4.42,4.42,4.42,0
2021-07-01,4.42,4.42,4.42,4.42,0
2021-07-02,4.42,4.42,4.42,4.42,0
2021-07-05,4.42,4.42,4.42,4.42,0
2021-07-06,4.42,4.42,4.42,4.42,0
2021-07-07,4.42,4.42,4.42,4.42,0
2021-07-08,4.42,4.42,4.42,4.42,0
2021-07-09,4.42,4.42,4.42,4.42,0
2021-07-12,4.42,4.42,4.42,4.42,0
2021-07-13,4.42,4.42,4.42,4.42,1200
2021-07-14,4.42,4.42,4.42,4.42,0
2021-07-15,4.42,4.42,4.42,4.42,0
2021-07-16,4.42,4.42,4.42,4.42,0
2021-07-19,4.42,4.42,4.42,4.42,0
2021-07-20,4.42,4.42,4.42,4.42,0
2021-07-21,4.42,4.42,4.42,4.42,0
2021-07-22,4.42,4.88,4.88,4.88,0
2021-07-23,4.42,4.88,4.88,4.88,0
2021-07-26,4.42,4.88,4.88,4.88,0
2021-07-27,4.42,4.88,4.88,4.88,0
2021-07-28,4.42,4.88,4.88,4.88,0
2021-07-29,4.42,4.88,4.88,4.88,0
2021-07-30,4.42,4.88,4.88,4.88,0
2021-08-02,4.42,4.42,4.42,4.42,0
2021-08-03,4.42,4.88,4.88,4.88,0
2021-08-04,4.42,4.88,4.88,4.88,0
2021-08-05,4.42,4.88,4.88,4.88,0
2021-08-06,4.42,4.88,4.88,4.88,0
2021-08-09,4.42,4.88,4.88,4.88,0
2021-08-10,4.42,4.88,4.88,4.88,0
2021-08-11,4.42,4.88,4.88,4.88,0
2021-08-12,4.42,4.88,4.88,4.88,0
2021-08-13,4.42,4.88,4.88,4.88,0
2021-08-16,4.42,4.88,4.88,4.88,0
2021-08-17,4.42,4.88,4.88,4.88,0
2021-08-18,4.42,4.88,4.88,4.88,0
2021-08-19,4.42,4.88,4.88,4.88,0
2021-08-20,4.42,4.42,4.42,4.42,0
2021-08-23,4.42,4.88,4.88,4.88,0
2021-08-24,4.42,4.88,4.88,4.88,0
2021-08-25,4.42,4.88,4.88,4.88,0
2021-08-26,4.42,4.88,4.88,4.88,0
2021-08-27,4.42,4.42,4.42,4.42,0
2021-08-30,4.42,4.42,4.42,4.42,0
2021-08-31,4.42,4.42,4.42,4.42,0
2021-09-01,4.42,4.42,4.42,4.42,0
2021-09-06,4.42,4.88,4.88,4.88,0
2021-09-07,4.42,4.88,4.88,4.88,0
2021-09-08,4.42,4.42,4.42,4.42,0
2021-09-09,4.42,4.42,4.42,4.42,0
2021-09-10,4.42,4.42,4.42,4.42,0
2021-09-13,4.42,4.42,4.42,4.42,0
2021-09-14,4.42,4.42,4.42,4.42,0
2021-09-15,4.42,4.42,4.42,4.42,0
2021-09-16,4.42,4.42,4.42,4.42,0
2021-09-17,4.42,4.42,4.42,4.42,0
2021-09-20,4.42,4.42,4.42,4.42,0
2021-09-21,4.42,4.42,4.42,4.42,0
2021-09-22,4.42,4.42,4.42,4.42,0
2021-09-23,4.42,4.42,4.42,4.42,0
2021-09-24,4.42,4.42,4.42,4.42,0
2021-09-27,4.42,4.42,4.42,4.42,0
2021-09-28,4.42,4.42,4.42,4.42,0
2021-09-29,4.42,4.42,4.42,4.42,0
2021-09-30,4.42,4.42,4.42,4.42,0
2021-10-01,4.42,4.42,4.42,4.42,0
2021-10-04,4.42,4.42,4.42,4.42,0
2021-10-05,4.42,4.42,4.42,4.42,0
2021-10-06,4.42,4.42,4.42,4.42,0
2021-10-07,4.42,4.42,4.42,4.42,0
2021-10-08,4.88,4.88,4.88,4.88,200
2021-10-11,4.88,4.88,4.88,4.88,0
2021-10-12,4.88,4.88,4.88,4.88,0
2021-10-13,4.88,4.88,4.88,4.88,0
2021-10-14,4.88,4.88,4.88,4.88,0
2021-10-15,4.88,4.88,4.88,4.88,0
2021-10-18,4.88,4.88,4.88,4.88,0
2021-10-19,4.88,4.88,4.88,4.88,0
2021-10-20,4.88,4.88,4.88,4.88,0
2021-10-21,4.88,4.88,4.88,4.88,0
2021-10-22,4.88,4.88,4.88,4.88,0
2021-10-25,4.88,4.88,4.88,4.88,0
2021-10-26,4.88,4.88,4.88,4.88,2500
2021-10-27,4.88,4.88,4.88,4.88,0
2021-10-28,4.88,4.88,4.88,4.88,0
2021-10-29,4.88,4.88,4.88,4.88,0
2021-11-01,4.88,4.88,4.88,4.88,0
2021-11-02,4.88,4.88,4.88,4.88,0
2021-11-03,4.88,4.88,4.88,4.88,0
2021-11-04,4.88,4.88,4.88,4.88,0
2021-11-05,4.88,4.88,4.88,4.88,0
2021-11-08,4.88,4.88,4.88,4.88,0
2021-11-09,4.88,4.88,4.88,4.88,0
2021-11-10,4.88,4.88,4.88,4.88,0
2021-11-11,4.88,4.88,4.88,4.88,0
2021-11-12,4.88,4.88,4.88,4.88,0
2021-11-15,4.88,4.88,4.88,4.88,0
2021-11-16,4.88,4.88,4.88,4.88,0
2021-11-17,4.88,4.88,4.88,4.88,0
2021-11-18,4.88,4.88,4.88,4.88,0
2021-11-19,4.88,4.88,4.88,4.88,0
2021-11-22,4.88,4.88,4.88,4.88,0
2021-11-23,4.88,4.88,4.88,4.88,0
2021-11-24,4.88,4.88,4.88,4.88,0
2021-11-25,4.88,4.88,4.88,4.88,0
2021-11-26,4.88,4.88,4.88,4.88,0
2021-11-29,4.88,4.88,4.88,4.88,0
2021-11-30,4.88,4.88,4.88,4.88,0
2021-12-01,4.88,4.88,4.88,4.88,0
2021-12-02,4.88,4.88,4.88,4.88,0
2021-12-03,4.88,4.88,4.88,4.88,0
2021-12-06,4.88,4.88,4.88,4.88,0
2021-12-07,4.88,4.88,4.88,4.88,0
2021-12-08,4.88,4.88,4.88,4.88,0
2021-12-09,4.88,4.88,4.88,4.88,0
2021-12-10,4.88,4.88,4.88,4.88,0
2021-12-13,4.88,4.88,4.88,4.88,0
2021-12-14,4.88,4.88,4.88,4.88,0
2021-12-15,4.88,4.88,4.88,4.88,0
2021-12-16,4.88,4.88,4.88,4.88,0
2021-12-17,4.88,4.88,4.88,4.88,0
2021-12-20,4.88,4.88,4.88,4.88,0
2021-12-21,4.88,4.88,4.88,4.88,0
2021-12-22,4.88,4.88,4.88,4.88,0
2021-12-23,4.88,4.88,4.88,4.88,0
2021-12-24,4.88,4.88,4.88,4.88,0
2021-12-27,4.88,4.88,4.88,4.88,0
2021-12-28,4.88,4.88,4.88,4.88,0
2021-12-29,4.88,4.88,4.88,4.88,0
2021-12-30,4.88,4.88,4.88,4.88,0
2021-12-31,4.88,4.88,4.88,4.88,0
2022-01-04,4.88,4.88,4.88,4.88,0
2022-01-05,4.88,4.88,4.88,4.88,0
2022-01-06,4.88,4.88,4.88,4.88,0
2022-01-07,4.88,4.88,4.88,4.88,0
2022-01-10,4.88,4.88,4.88,4.88,0
2022-01-11,4.88,4.88,4.88,4.88,0
2022-01-12,4.88,4.88,4.88,4.88,0
2022-01-13,4.88,4.88,4.88,4.88,0
2022-01-14,4.88,4.88,4.88,4.88,0
2022-01-17,4.88,4.88,4.88,4.88,0
2022-01-18,4.88,4.88,4.88,4.88,0
2022-01-19,4.88,4.88,4.88,4.88,0
2022-01-20,4.88,4.88,4.88,4.88,0
2022-01-21,4.88,4.88,4.88,4.88,0
2022-01-24,4.88,4.88,4.88,4.88,0
2022-01-25,4.88,4.88,4.88,4.88,0
2022-01-26,4.88,4.88,4.88,4.88,0
2022-01-27,4.88,4.88,4.88,4.88,0
2022-01-28,4.88,4.88,4.88,4.88,0
2022-02-07,4.88,4.88,4.88,4.88,0
2022-02-08,4.88,4.88,4.88,4.88,0
2022-02-09,4.88,4.88,4.88,4.88,0
2022-02-10,4.88,4.88,4.88,4.88,0
2022-02-11,4.88,4.88,4.88,4.88,0
2022-02-14,4.88,4.88,4.88,4.88,0
2022-02-15,4.88,4.88,4.88,4.88,0
2022-02-16,4.88,4.88,4.88,4.88,0
2022-02-17,4.88,4.88,4.88,4.88,0
2022-02-18,4.88,4.88,4.88,4.88,0
2022-02-21,4.88,4.88,4.88,4.88,0
2022-02-22,4.88,4.88,4.88,4.88,0
2022-02-23,4.88,4.88,4.88,4.88,0
2022-02-24,4.88,4.88,4.88,4.88,0
2022-02-25,4.88,4.88,4.88,4.88,0
2022-02-28,4.88,4.88,4.88,4.88,0
2022-03-01,4.88,4.88,4.88,4.88,0
2022-03-02,4.88,4.88,4.88,4.88,0
2022-03-03,4.88,4.88,4.88,4.88,0
2022-03-04,4.88,4.88,4.88,4.88,0
2022-03-07,4.88,4.88,4.88,4.88,0
2022-03-08,4.88,4.88,4.88,4.88,0
2022-03-09,4.88,4.88,4.88,4.88,0
2022-03-10,4.88,4.88,4.88,4.88,0
2022-03-11,4.88,4.88,4.88,4.88,0
2022-03-14,4.88,4.88,4.88,4.88,0
2022-03-15,4.88,4.88,4.88,4.88,0
2022-03-16,4.88,4.88,4.88,4.88,0
2022-03-17,4.88,4.88,4.88,4.88,0
2022-03-18,4.88,4.88,4.88,4.88,0
2022-03-21,4.88,4.88,4.88,4.88,0
2022-03-22,4.88,4.88,4.88,4.88,0
2022-03-23,4.88,4.88,4.88,4.88,0
2022-03-24,4.88,4.88,4.88,4.88,0
2022-03-25,4.88,4.88,4.88,4.88,0
2022-03-28,4.88,4.88,4.88,4.88,0
2022-03-29,4.88,4.88,4.88,4.88,0
2022-03-30,4.88,4.88,4.88,4.88,0
2022-03-31,4.88,4.88,4.88,4.88,0
2022-04-01,4.88,4.88,4.88,4.88,0
2022-04-04,4.88,4.88,4.88,4.88,0
2022-04-05,4.88,4.88,4.88,4.88,0
2022-04-06,4.88,4.88,4.88,4.88,0
2022-04-07,4.88,4.88,4.88,4.88,0
2022-04-08,4.88,4.88,4.88,4.88,0
2022-04-12,4.88,4.88,4.88,4.88,0
2022-04-13,4.88,4.88,4.88,4.88,0
2022-04-14,4.88,4.88,4.88,4.88,0
2022-04-15,4.88,4.88,4.88,4.88,0
2022-04-18,4.88,4.88,4.88,4.88,0
2022-04-19,4.88,4.88,4.88,4.88,0
2022-04-20,4.88,4.88,4.88,4.88,0
2022-04-21,4.88,4.88,4.88,4.88,0
2022-04-22,4.88,4.88,4.88,4.88,0
2022-04-25,4.88,4.88,4.88,4.88,0
2022-04-26,4.88,4.88,4.88,4.88,0
2022-04-27,4.88,4.88,4.88,4.88,0
2022-04-28,4.88,4.88,4.88,4.88,0
2022-04-29,4.88,4.88,4.88,4.88,0
2022-05-04,4.88,4.88,4.88,4.88,0
2022-05-05,4.88,4.88,4.88,4.88,0
2022-05-06,4.88,4.88,4.88,4.88,0
2022-05-09,4.88,4.88,4.88,4.88,0
2022-05-10,4.88,4.88,4.88,4.88,0
2022-05-11,4.88,4.88,4.88,4.88,0
2022-05-12,4.88,4.88,4.88,4.88,0
2022-05-13,4.88,4.88,4.88,4.88,0
2022-05-16,4.88,4.88,4.88,4.88,0
2022-05-17,4.88,4.88,4.88,4.88,0
2022-05-18,4.88,4.88,4.88,4.88,0
2022-05-19,4.88,4.88,4.88,4.88,0
2022-05-20,6.81,6.81,6.63,6.81,1000
2022-05-23,6.81,6.81,6.81,6.81,0
2022-05-24,6.81,6.81,6.81,6.81,0
2022-05-25,6.81,6.81,6.81,6.81,0
2022-05-26,7.83,7.83,7.83,7.83,100
2022-05-27,7.83,7.83,7.83,7.83,0
2022-05-30,7.83,7.83,7.83,7.83,0
2022-05-31,7.83,7.83,7.83,7.83,0
2022-06-01,7.83,7.83,7.83,7.83,0
2022-06-02,7.83,7.83,7.83,7.83,0
2022-06-03,7.83,7.83,7.83,7.83,0
2022-06-06,7.83,7.83,7.83,7.83,0
2022-06-07,8.93,8.93,7.83,7.83,400
2022-06-08,8.29,8.29,8.29,8.29,0
2022-06-09,8.29,8.29,8.29,8.29,0
2022-06-10,9.48,9.48,9.48,9.48,100
2022-06-13,9.48,9.48,9.48,9.48,0
2022-06-14,9.48,9.48,9.48,9.48,0
2022-06-15,9.48,9.48,9.48,9.48,0
2022-06-16,9.48,9.48,9.48,9.48,0
2022-06-17,9.48,9.48,9.48,9.48,0
2022-06-20,10.13,10.13,10.13,10.13,300
2022-06-21,10.13,10.13,10.13,10.13,0
2022-06-22,10.13,10.13,10.13,10.13,0
2022-06-23,10.13,10.13,10.13,10.13,0
2022-06-24,10.13,10.13,10.13,10.13,0
2022-06-27,10.13,10.13,10.13,10.13,0
2022-06-28,10.13,10.13,10.13,10.13,0
2022-06-29,10.13,10.13,10.13,10.13,0
2022-06-30,10.13,10.13,10.13,10.13,0
2022-07-01,10.13,10.13,10.13,10.13,0
2022-07-04,10.13,10.13,10.13,10.13,0
2022-07-05,10.13,10.13,10.13,10.13,0
2022-07-06,10.13,10.13,10.13,10.13,0
2022-07-07,10.13,10.13,10.13,10.13,0
2022-07-08,10.13,10.13,10.13,10.13,0
2022-07-11,10.13,10.13,10.13,10.13,0
2022-07-12,10.13,10.13,10.13,10.13,0
2022-07-13,10.13,10.13,10.13,10.13,0
2022-07-14,10.13,10.13,10.13,10.13,0
2022-07-15,10.13,10.13,10.13,10.13,700
2022-07-18,10.13,10.13,10.13,10.13,0
2022-07-19,10.13,10.13,10.13,10.13,0
2022-07-20,11.6,11.6,11.6,11.6,100
2022-07-21,11.62,11.62,11.62,11.62,0
2022-07-22,11.62,11.62,11.62,11.62,0
2022-07-25,11.62,11.62,11.62,11.62,0
2022-07-26,11.62,11.62,11.62,11.62,0
2022-07-27,11.62,11.62,11.62,11.62,0
2022-07-28,11.62,11.62,11.62,11.62,0
2022-07-29,11.62,11.62,11.62,11.62,0
2022-08-01,11.62,11.62,11.62,11.62,0
2022-08-02,13.29,13.29,13.29,13.29,100
2022-08-03,13.29,13.29,13.29,13.29,0
2022-08-04,13.29,13.29,13.29,13.29,0
2022-08-05,13.29,13.29,13.29,13.29,0
2022-08-08,13.29,13.29,13.29,13.29,0
2022-08-09,13.29,13.29,13.29,13.29,0
2022-08-10,13.29,13.29,13.29,13.29,0
2022-08-11,13.29,13.29,13.29,13.29,0
2022-08-12,13.29,13.29,13.29,13.29,0
2022-08-15,13.29,13.29,13.29,13.29,0
2022-08-16,13.29,13.29,13.29,13.29,0
2022-08-17,13.29,13.29,13.29,13.29,0
2022-08-18,13.29,13.29,13.29,13.29,200
2022-08-19,13.29,13.29,13.29,13.29,0
2022-08-22,13.29,13.29,13.29,13.29,0
2022-08-23,13.29,13.29,13.29,13.29,6
2022-08-24,13.29,13.29,13.29,13.29,0
2022-08-25,13.29,13.29,13.29,13.29,0
2022-08-26,13.29,13.29,13.29,13.29,0
2022-08-29,13.29,13.29,13.29,13.29,5
2022-08-30,13.29,13.29,13.29,13.29,0
2022-08-31,13.29,13.29,13.29,13.29,0
2022-09-05,13.29,13.29,13.29,13.29,0
2022-09-06,13.29,13.29,13.29,13.29,0
2022-09-07,13.29,13.29,13.29,13.29,0
2022-09-08,13.29,13.29,13.29,13.29,0
2022-09-09,13.29,13.29,13.29,13.29,0
2022-09-12,13.29,13.29,13.29,13.29,1
2022-09-13,13.29,13.29,13.29,13.29,0
2022-09-14,13.29,13.29,13.29,13.29,0
2022-09-15,13.29,13.29,13.29,13.29,0
2022-09-16,13.29,13.29,13.29,13.29,0
2022-09-19,13.29,13.29,13.29,13.29,0
2022-09-20,13.29,13.29,13.29,13.29,0
2022-09-21,13.29,13.29,13.29,13.29,0
2022-09-22,15.15,15.15,15.15,15.15,500
2022-09-23,15.15,15.15,15.15,15.15,0
2022-09-26,15.15,15.15,15.15,15.15,0
2022-09-27,15.15,15.15,15.15,15.15,0
2022-09-28,15.15,15.15,15.15,15.15,0
2022-09-29,15.15,15.15,15.15,15.15,0
2022-09-30,15.15,15.15,15.15,15.15,0
2022-10-03,15.15,15.15,15.15,15.15,0
2022-10-04,15.15,15.15,15.15,15.15,0
2022-10-05,15.15,15.15,15.15,15.15,0
2022-10-06,15.15,15.15,15.15,15.15,0
2022-10-07,15.15,15.15,15.15,15.15,0
2022-10-10,15.15,15.15,15.15,15.15,0
2022-10-11,15.15,15.15,15.15,15.15,0
2022-10-12,15.15,15.15,15.15,15.15,0
2022-10-13,15.15,15.15,15.15,15.15,0
2022-10-14,15.15,15.15,15.15,15.15,0
2022-10-17,15.15,15.15,15.15,15.15,0
2022-10-18,15.15,15.15,15.15,15.15,0
2022-10-19,15.15,15.15,15.15,15.15,0
2022-10-20,15.15,15.15,15.15,15.15,0
2022-10-21,15.15,15.15,15.15,15.15,0
2022-10-24,15.15,15.15,15.15,15.15,0
2022-10-25,15.15,15.15,15.15,15.15,0
2022-10-26,15.15,15.15,15.15,15.15,1
2022-10-27,15.15,15.15,15.15,15.15,0
2022-10-28,15.15,15.15,15.15,15.15,0
2022-10-31,15.15,15.15,15.15,15.15,0
2022-11-01,15.15,15.15,15.15,15.15,0
2022-11-02,15.15,15.15,15.15,15.15,0
2022-11-03,15.15,15.15,15.15,15.15,0
2022-11-04,15.15,15.15,15.15,15.15,0
2022-11-07,15.15,15.15,15.15,15.15,0
2022-11-08,15.15,15.15,15.15,15.15,0
2022-11-09,15.15,15.15,15.15,15.15,0
2022-11-10,15.15,15.15,15.15,15.15,0
2022-11-11,15.15,15.15,15.15,15.15,0
2022-11-14,15.15,15.15,15.15,15.15,0
2022-11-15,15.15,15.15,15.15,15.15,0
2022-11-16,15.15,15.15,15.15,15.15,0
2022-11-17,15.15,15.15,15.15,15.15,0
2022-11-18,15.15,15.15,15.15,15.15,0
2022-11-21,15.15,15.15,15.15,15.15,0
2022-11-22,15.15,15.15,15.15,15.15,0
2022-11-23,15.15,15.15,15.15,15.15,0
2022-11-24,15.15,15.15,15.15,15.15,0
2022-11-25,15.15,15.15,15.15,15.15,0
2022-11-28,15.15,15.15,15.15,15.15,0
2022-11-29,15.15,15.15,15.15,15.15,0
2022-11-30,15.15,15.15,15.15,15.15,0
2022-12-01,15.15,15.15,15.15,15.15,0
2022-12-02,15.15,15.15,15.15,15.15,0
2022-12-05,15.15,15.15,15.15,15.15,0
2022-12-06,15.15,15.15,15.15,15.15,0
2022-12-07,15.15,15.15,15.15,15.15,0
2022-12-08,15.15,15.15,15.15,15.15,0
2022-12-09,15.15,15.15,15.15,15.15,0
2022-12-12,15.15,15.15,15.15,15.15,0
2022-12-13,15.15,15.15,15.15,15.15,0
2022-12-14,15.15,15.15,15.15,15.15,0
2022-12-15,15.15,15.15,15.15,15.15,0
2022-12-16,15.15,15.15,15.15,15.15,0
2022-12-19,15.15,15.15,15.15,15.15,0
2022-12-20,15.15,15.15,15.15,15.15,0
2022-12-21,15.15,15.15,15.15,15.15,0
2022-12-22,15.15,15.15,15.15,15.15,0
2022-12-23,15.15,15.15,15.15,15.15,0
2022-12-26,15.15,15.15,15.15,15.15,0
2022-12-27,15.15,15.15,15.15,15.15,0
2022-12-28,15.15,15.15,15.15,15.15,0
2022-12-29,15.15,15.15,15.15,15.15,0
2022-12-30,15.15,15.15,15.15,15.15,0
2023-01-03,15.15,15.15,15.15,15.15,0
2023-01-04,15.15,15.15,15.15,15.15,0
2023-01-05,15.15,15.15,15.15,15.15,0
2023-01-06,15.15,15.15,15.15,15.15,0
2023-01-09,15.15,15.15,15.15,15.15,0
2023-01-10,15.15,15.15,15.15,15.15,0
2023-01-11,15.15,15.15,15.15,15.15,0
2023-01-12,15.15,15.15,15.15,15.15,0
2023-01-13,15.15,15.15,15.15,15.15,0
2023-01-16,15.15,15.15,15.15,15.15,0
2023-01-17,15.15,15.15,15.15,15.15,0
2023-01-18,15.15,15.15,15.15,15.15,0
2023-01-19,15.15,15.15,15.15,15.15,0
2023-01-27,15.15,15.15,15.15,15.15,0
2023-01-30,15.15,15.15,15.15,15.15,0
2023-01-31,15.15,15.15,15.15,15.15,0
2023-02-01,15.15,15.15,15.15,15.15,0
2023-02-02,15.15,15.15,15.15,15.15,0
2023-02-03,15.15,15.15,15.15,15.15,0
2023-02-06,15.15,15.15,15.15,15.15,0
2023-02-07,15.15,15.15,15.15,15.15,0
2023-02-08,15.15,15.15,15.15,15.15,0
2023-02-09,15.15,15.15,15.15,15.15,0
2023-02-10,15.15,15.15,15.15,15.15,0
2023-02-13,15.15,15.15,15.15,15.15,0
2023-02-14,15.15,15.15,15.15,15.15,0
2023-02-15,15.15,15.15,15.15,15.15,0
2023-02-16,15.15,15.15,15.15,15.15,0
2023-02-17,15.15,15.15,15.15,15.15,0
2023-02-20,15.15,15.15,15.15,15.15,0
2023-02-21,15.15,15.15,15.15,15.15,0
2023-02-22,15.15,15.15,15.15,15.15,0
2023-02-23,15.15,15.15,15.15,15.15,0
2023-02-24,15.15,15.15,15.15,15.15,0
2023-02-27,21.19,21.19,21.19,21.19,200
2023-02-28,21.19,21.19,21.19,21.19,0
2023-03-01,21.19,21.19,21.19,21.19,0
2023-03-02,21.19,21.19,21.19,21.19,0
2023-03-03,21.19,21.19,21.19,21.19,0
2023-03-06,21.19,21.19,21.19,21.19,0
2023-03-07,21.19,21.19,21.19,21.19,0
2023-03-08,21.19,21.19,21.19,21.19,0
2023-03-09,21.19,21.19,21.19,21.19,0
2023-03-10,21.19,21.19,21.19,21.19,0
2023-03-13,21.19,21.19,21.19,21.19,0
2023-03-14,21.19,21.19,21.19,21.19,0
2023-03-15,21.19,21.19,21.19,21.19,0
2023-03-16,21.19,21.19,21.19,21.19,0
2023-03-17,21.19,21.19,21.19,21.19,0
2023-03-20,21.19,21.19,21.19,21.19,0
2023-03-21,21.19,21.19,21.19,21.19,0
2023-03-22,21.19,21.19,21.19,21.19,0
2023-03-23,21.19,21.19,21.19,21.19,0
2023-03-24,21.19,21.19,21.19,21.19,0
2023-03-27,21.19,21.19,21.19,21.19,0
2023-03-28,21.19,21.19,21.19,21.19,0
2023-03-29,21.19,21.19,21.19,21.19,0
2023-03-30,21.19,21.19,21.19,21.19,0
2023-03-31,21.19,21.19,21.19,21.19,0
2023-04-03,21.19,21.19,21.19,21.19,0
2023-04-04,21.19,21.19,21.19,21.19,0
2023-04-05,21.19,21.19,21.19,21.19,0
2023-04-06,21.19,21.19,21.19,21.19,0
2023-04-07,29.65,29.65,12.73,12.73,200
2023-04-10,21.19,21.19,21.19,21.19,0
2023-04-11,21.19,21.19,21.19,21.19,0
2023-04-12,21.19,21.19,21.19,21.19,0
2023-04-13,21.19,21.19,21.19,21.19,0
2023-04-14,21.19,21.19,21.19,21.19,0
2023-04-17,21.19,21.19,21.19,21.19,0
2023-04-18,21.19,21.19,21.19,21.19,0
2023-04-19,21.19,21.19,21.19,21.19,0
2023-04-20,21.19,21.19,21.19,21.19,0
2023-04-21,21.19,21.19,21.19,21.19,0
2023-04-24,21.19,21.19,21.19,21.19,0
2023-04-25,21.19,21.19,21.19,21.19,0
2023-04-26,21.19,21.19,21.19,21.19,0
2023-04-27,21.19,21.19,21.19,21.19,0
2023-04-28,21.19,21.19,21.19,21.19,0
2023-05-04,21.19,21.19,21.19,21.19,0
2023-05-05,21.19,21.19,21.19,21.19,0
2023-05-08,21.19,21.19,21.19,21.19,0
2023-05-09,21.19,21.19,21.19,21.19,0
2023-05-10,21.19,21.19,21.19,21.19,0
2023-05-11,21.19,21.19,21.19,21.19,0
2023-05-12,21.19,21.19,21.19,21.19,0
2023-05-15,21.19,21.19,21.19,21.19,0
2023-05-16,21.19,21.19,21.19,21.19,0
2023-05-17,21.19,21.19,21.19,21.19,0
2023-05-18,21.19,21.19,21.19,21.19,0
2023-05-19,21.19,21.19,21.19,21.19,0
2023-05-22,21.19,21.19,21.19,21.19,0
2023-05-23,21.19,21.19,21.19,21.19,0
2023-05-24,21.19,21.19,21.19,21.19,0
2023-05-25,21.19,21.19,21.19,21.19,0
2023-05-26,21.19,21.19,21.19,21.19,0
2023-05-29,21.19,21.19,21.19,21.19,0
2023-05-30,21.19,21.19,21.19,21.19,0
2023-05-31,21.19,21.19,21.19,21.19,800
2023-06-01,21.19,21.19,21.19,21.19,0
2023-06-02,21.19,21.19,21.19,21.19,0
2023-06-05,21.19,21.19,21.19,21.19,0
2023-06-06,21.19,21.19,21.19,21.19,0
2023-06-07,21.19,21.19,21.19,21.19,0
2023-06-08,21.19,21.19,21.19,21.19,0
2023-06-09,21.19,21.19,21.19,21.19,0
2023-06-12,21.19,21.19,21.19,21.19,0
2023-06-13,21.19,21.19,21.19,21.19,0
2023-06-14,21.19,21.19,21.19,21.19,0
2023-06-15,21.19,21.19,21.19,21.19,0
2023-06-16,21.19,21.19,21.19,21.19,0
2023-06-19,21.19,21.19,21.19,21.19,0
2023-06-20,21.19,21.19,21.19,21.19,0
2023-06-21,21.19,21.19,21.19,21.19,0
2023-06-22,21.19,21.19,21.19,21.19,0
2023-06-23,21.19,21.19,21.19,21.19,0
2023-06-26,21.19,21.19,21.19,21.19,0
2023-06-27,21.19,21.19,21.19,21.19,0
2023-06-28,21.19,21.19,21.19,21.19,0
2023-06-29,21.19,21.19,21.19,21.19,0
2023-06-30,21.19,21.19,21.19,21.19,0
2023-07-03,21.19,21.19,21.19,21.19,0
2023-07-04,21.19,21.19,21.19,21.19,0
2023-07-05,21.19,21.19,21.19,21.19,0
2023-07-06,21.19,21.19,21.19,21.19,0
2023-07-07,21.19,21.19,21.19,21.19,0
2023-07-10,21.19,21.19,21.19,21.19,0
2023-07-11,21.19,21.19,21.19,21.19,0
2023-07-12,21.19,21.19,21.19,21.19,0
2023-07-13,21.19,21.19,21.19,21.19,0
2023-07-14,21.19,21.19,21.19,21.19,0
2023-07-17,21.19,21.19,21.19,21.19,0
2023-07-18,21.19,21.19,21.19,21.19,0
2023-07-19,21.19,21.19,21.19,21.19,0
2023-07-20,21.19,21.19,21.19,21.19,0
2023-07-21,21.19,21.19,21.19,21.19,0
2023-07-24,21.19,21.19,21.19,21.19,0
2023-07-25,21.19,21.19,21.19,21.19,0
2023-07-26,21.19,21.19,21.19,21.19,0
2023-07-27,21.19,21.19,21.19,21.19,0
2023-07-28,21.24,21.24,21.24,21.24,100
2023-07-31,21.24,21.24,21.24,21.24,0
2023-08-01,21.24,21.24,21.24,21.24,0
2023-08-02,21.24,21.24,21.24,21.24,0
2023-08-03,21.24,21.24,21.24,21.24,0
2023-08-04,21.24,21.24,21.24,21.24,0
2023-08-07,18.07,18.07,18.07,18.07,100
2023-08-08,18.07,18.07,18.07,18.07,0
2023-08-09,18.07,18.07,18.07,18.07,0
2023-08-10,18.07,18.07,18.07,18.07,0
2023-08-11,18.07,18.07,18.07,18.07,0
2023-08-14,18.07,18.07,18.07,18.07,0
2023-08-15,18.07,18.07,18.07,18.07,0
2023-08-16,18.07,18.07,18.07,18.07,0
2023-08-17,15.37,15.37,15.37,15.37,200
2023-08-18,15.37,15.37,15.37,15.37,0
2023-08-21,15.37,15.37,15.37,15.37,0
2023-08-22,15.37,15.37,15.37,15.37,0
2023-08-23,15.37,15.37,15.37,15.37,0
2023-08-24,15.37,15.37,15.37,15.37,0
2023-08-25,15.37,15.37,15.37,15.37,0
2023-08-28,15.37,15.37,15.37,15.37,0
2023-08-29,15.37,15.37,15.37,15.37,0
2023-08-30,15.37,15.37,15.37,15.37,0
2023-08-31,15.37,15.37,15.37,15.37,0
2023-09-05,15.37,15.37,15.37,15.37,0
2023-09-06,15.37,15.37,15.37,15.37,0
2023-09-07,15.37,15.37,15.37,15.37,0
2023-09-08,15.37,15.37,15.37,15.37,0
2023-09-11,15.37,15.37,15.37,15.37,0
2023-09-12,15.37,15.37,15.37,15.37,0
2023-09-13,15.37,15.37,15.37,15.37,0
2023-09-14,15.37,15.37,15.37,15.37,0
2023-09-15,15.37,15.37,15.37,15.37,0
2023-09-18,15.37,15.37,15.37,15.37,0
2023-09-19,15.37,15.37,15.37,15.37,0
2023-09-20,15.37,15.37,15.37,15.37,0
2023-09-21,15.37,15.37,15.37,15.37,0
2023-09-22,15.37,15.37,15.37,15.37,0
2023-09-25,15.37,15.37,15.37,15.37,0
2023-09-26,15.37,15.37,15.37,15.37,0
2023-09-27,15.37,15.37,15.37,15.37,0
2023-09-28,15.37,15.37,15.37,15.37,0
2023-09-29,15.37,15.37,15.37,15.37,0
2023-10-02,15.37,15.37,15.37,15.37,0
2023-10-03,15.37,15.37,15.37,15.37,0
2023-10-04,15.37,15.37,15.37,15.37,0
2023-10-05,15.37,15.37,15.37,15.37,0
2023-10-06,15.37,15.37,15.37,15.37,0
2023-10-09,15.37,15.37,15.37,15.37,0
2023-10-10,15.37,15.37,15.37,15.37,0
2023-10-11,15.37,15.37,15.37,15.37,0
2023-10-12,15.37,15.37,15.37,15.37,0
2023-10-13,15.37,15.37,15.37,15.37,0
2023-10-16,15.37,15.37,15.37,15.37,0
2023-10-17,15.37,15.37,15.37,15.37,0
2023-10-18,15.37,15.37,15.37,15.37,0
2023-10-19,15.37,15.37,15.37,15.37,0
2023-10-20,15.37,15.37,15.37,15.37,0
2023-10-23,15.37,15.37,15.37,15.37,0
2023-10-24,15.37,15.37,15.37,15.37,0
2023-10-25,15.37,15.37,15.37,15.37,0
2023-10-26,15.37,15.37,15.37,15.37,0
2023-10-27,15.37,15.37,15.37,15.37,0
2023-10-30,15.37,15.37,15.37,15.37,0
2023-10-31,15.37,15.37,15.37,15.37,0
2023-11-01,15.37,15.37,15.37,15.37,0
2023-11-02,15.37,15.37,15.37,15.37,0
2023-11-03,15.37,15.37,15.37,15.37,0
2023-11-06,15.37,15.37,15.37,15.37,0
2023-11-07,15.37,15.37,15.37,15.37,0
2023-11-08,15.37,15.37,15.37,15.37,0
2023-11-09,15.37,15.37,15.37,15.37,0
2023-11-10,15.37,15.37,15.37,15.37,0
2023-11-13,15.37,15.37,15.37,15.37,0
2023-11-14,15.37,15.37,15.37,15.37,0
2023-11-15,15.37,15.37,15.37,15.37,0
2023-11-16,15.37,15.37,15.37,15.37,0
2023-11-17,15.37,15.37,15.37,15.37,0
2023-11-20,15.37,15.37,15.37,15.37,0
2023-11-21,15.37,15.37,15.37,15.37,0
2023-11-22,15.37,15.37,15.37,15.37,0
2023-11-23,15.37,15.37,15.37,15.37,0
2023-11-24,15.37,15.37,15.37,15.37,0
2023-11-27,15.37,15.37,15.37,15.37,0
2023-11-28,15.37,15.37,15.37,15.37,0
2023-11-29,15.37,15.37,15.37,15.37,0
2023-11-30,15.37,15.37,15.37,15.37,0
2023-12-01,15.37,15.37,15.37,15.37,0
2023-12-04,15.37,15.37,15.37,15.37,0
2023-12-05,15.37,15.37,15.37,15.37,0
2023-12-06,15.37,15.37,15.37,15.37,0
2023-12-07,15.37,15.37,15.37,15.37,0
2023-12-08,15.37,15.37,15.37,15.37,0
2023-12-11,15.37,15.37,15.37,15.37,0
2023-12-12,15.37,15.37,15.37,15.37,0
2023-12-13,15.37,15.37,15.37,15.37,0
2023-12-14,15.37,15.37,15.37,15.37,0
2023-12-15,15.37,15.37,15.37,15.37,0
2023-12-18,15.37,15.37,15.37,15.37,0
2023-12-19,15.37,15.37,15.37,15.37,0
2023-12-20,15.37,15.37,15.37,15.37,0
2023-12-21,15.37,15.37,15.37,15.37,0
2023-12-22,15.37,15.37,15.37,15.37,0
2023-12-25,15.37,15.37,15.37,15.37,0
2023-12-26,15.37,15.37,15.37,15.37,0
2023-12-27,15.37,15.37,15.37,15.37,0
2023-12-28,15.37,15.37,15.37,15.37,0
2023-12-29,15.37,15.37,15.37,15.37,0
2024-01-02,15.37,15.37,15.37,15.37,0
2024-01-03,15.37,15.37,15.37,15.37,0
2024-01-04,15.37,15.37,15.37,15.37,0
2024-01-05,15.37,15.37,15.37,15.37,0
2024-01-08,15.37,15.37,15.37,15.37,0
2024-01-09,15.37,15.37,15.37,15.37,0
2024-01-10,15.37,15.37,15.37,15.37,0
2024-01-11,15.37,15.37,15.37,15.37,0
2024-01-12,15.37,15.37,15.37,15.37,0
2024-01-15,15.37,15.37,15.37,15.37,0
2024-01-16,15.37,15.37,15.37,15.37,0
2024-01-17,15.37,15.37,15.37,15.37,0
2024-01-18,15.37,15.37,15.37,15.37,0
2024-01-19,15.37,15.37,15.37,15.37,0
2024-01-22,15.37,15.37,15.37,15.37,0
2024-01-23,15.37,15.37,15.37,15.37,0
2024-01-24,15.37,15.37,15.37,15.37,0
2024-01-25,15.37,15.37,15.37,15.37,0
2024-01-26,15.37,15.37,15.37,15.37,0
2024-01-29,15.37,15.37,15.37,15.37,0
2024-01-30,15.37,15.37,15.37,15.37,0
2024-01-31,15.37,15.37,15.37,15.37,0
2024-02-01,15.37,15.37,15.37,15.37,0
2024-02-02,15.37,15.37,15.37,15.37,0
2024-02-05,15.37,15.37,15.37,15.37,0
2024-02-06,15.37,15.37,15.37,15.37,0
2024-02-07,15.37,15.37,15.37,15.37,0
2024-02-15,15.37,15.37,15.37,15.37,0
2024-02-16,15.37,15.37,15.37,15.37,0
2024-02-19,15.37,15.37,15.37,15.37,0
2024-02-20,15.37,15.37,15.37,15.37,0
2024-02-21,15.37,15.37,15.37,15.37,0
2024-02-22,15.37,15.37,15.37,15.37,0
2024-02-23,15.37,15.37,15.37,15.37,0
2024-02-26,15.37,15.37,15.37,15.37,0
2024-02-27,15.37,15.37,15.37,15.37,0
2024-02-28,15.37,15.37,15.37,15.37,0
2024-02-29,15.37,15.37,15.37,15.37,0
2024-03-01,15.37,15.37,15.37,15.37,0
2024-03-04,15.37,15.37,15.37,15.37,0
2024-03-05,15.37,15.37,15.37,15.37,0
2024-03-06,15.37,15.37,15.37,15.37,0
2024-03-07,15.37,15.37,15.37,15.37,0
2024-03-08,15.37,15.37,15.37,15.37,0
2024-03-11,15.37,15.37,15.37,15.37,0
2024-03-12,15.37,15.37,15.37,15.37,0
2024-03-13,15.37,15.37,15.37,15.37,0
2024-03-14,15.37,15.37,15.37,15.37,0
2024-03-15,15.37,15.37,15.37,15.37,0
2024-03-18,15.37,15.37,15.37,15.37,0
2024-03-19,15.37,15.37,15.37,15.37,0
2024-03-20,15.37,15.37,15.37,15.37,0
2024-03-21,15.37,15.37,15.37,15.37,0
2024-03-22,15.37,15.37,15.37,15.37,0
2024-03-25,15.37,15.37,15.37,15.37,0
2024-03-26,15.37,15.37,15.37,15.37,0
2024-03-27,15.37,15.37,15.37,15.37,0
2024-03-28,15.37,15.37,15.37,15.37,0
2024-03-29,15.37,15.37,15.37,15.37,0
2024-04-01,15.37,15.37,15.37,15.37,0
2024-04-02,15.37,15.37,15.37,15.37,0
2024-04-03,15.37,15.37,15.37,15.37,0
2024-04-04,15.37,15.37,15.37,15.37,0
2024-04-05,15.37,15.37,15.37,15.37,0
2024-04-08,15.37,15.37,15.37,15.37,0
2024-04-09,15.37,15.37,15.37,15.37,0
2024-04-10,15.37,15.37,15.37,15.37,0
2024-04-11,15.37,15.37,15.37,15.37,0
2024-04-12,15.37,15.37,15.37,15.37,0
2024-04-15,15.37,15.37,15.37,15.37,0
2024-04-16,15.37,15.37,15.37,15.37,0
2024-04-17,15.37,15.37,15.37,15.37,0
2024-04-19,15.37,15.37,15.37,15.37,0
2024-04-22,15.37,15.37,15.37,15.37,0
2024-04-23,15.37,15.37,15.37,15.37,0
2024-04-24,15.37,15.37,15.37,15.37,0
2024-04-25,15.37,15.37,15.37,15.37,0
2024-04-26,15.37,15.37,15.37,15.37,0
2024-05-02,15.37,15.37,15.37,15.37,0
2024-05-03,15.37,15.37,15.37,15.37,0
2024-05-06,15.37,15.37,15.37,15.37,0
2024-05-07,15.37,15.37,15.37,15.37,0
2024-05-08,15.37,15.37,15.37,15.37,0
2024-05-09,15.37,15.37,15.37,15.37,0
2024-05-10,15.37,15.37,15.37,15.37,0
2024-05-13,15.37,15.37,15.37,15.37,0
2024-05-14,15.37,15.37,15.37,15.37,0
2024-05-15,15.37,15.37,15.37,15.37,0
2024-05-16,15.37,15.37,15.37,15.37,0
2024-05-17,15.37,15.37,15.37,15.37,0
2024-05-20,15.37,15.37,15.37,15.37,0
2024-05-21,15.37,15.37,15.37,15.37,0
2024-05-22,15.37,15.37,15.37,15.37,0
2024-05-23,15.37,15.37,15.37,15.37,0
2024-05-24,15.37,15.37,15.37,15.37,0
2024-05-27,15.37,15.37,15.37,15.37,0
2024-05-28,15.37,15.37,15.37,15.37,0
2024-05-29,15.37,15.37,15.37,15.37,0
2024-05-30,15.37,15.37,15.37,15.37,0
2024-05-31,15.37,15.37,15.37,15.37,600
2024-06-03,15.37,15.37,15.37,15.37,0
2024-06-04,15.37,15.37,15.37,15.37,0
2024-06-05,15.37,15.37,15.37,15.37,0
2024-06-06,15.37,15.37,15.37,15.37,87
2024-06-07,15.37,15.37,15.37,15.37,0
2024-06-10,15.37,15.37,15.37,15.37,0
2024-06-11,15.37,15.37,15.37,15.37,0
2024-06-12,15.37,15.37,15.37,15.37,0
2024-06-13,15.37,15.37,15.37,15.37,0
2024-06-14,15.37,15.37,15.37,15.37,0
2024-06-17,15.37,15.37,15.37,15.37,1
2024-06-18,15.37,15.37,15.37,15.37,0
2024-06-19,13.15,13.15,13.15,13.15,100
2024-06-20,13.15,13.15,13.15,13.15,0
2024-06-21,13.15,13.15,13.15,13.15,0
2024-06-24,13.15,13.15,13.15,13.15,0
2024-06-25,13.15,13.15,13.15,13.15,0
2024-06-26,13.15,13.15,13.15,13.15,1
2024-06-27,13.15,13.15,13.15,13.15,0
2024-06-28,13.15,13.15,13.15,13.15,0
2024-07-01,13.15,13.15,13.15,13.15,0
2024-07-02,13.15,13.15,13.15,13.15,0
2024-07-03,13.15,13.15,13.15,13.15,0
2024-07-04,13.15,13.15,13.15,13.15,0
2024-07-05,13.15,13.15,13.15,13.15,0
2024-07-08,13.15,13.15,13.15,13.15,0
2024-07-09,13.15,13.15,13.15,13.15,0
2024-07-10,13.15,13.15,13.15,13.15,0
2024-07-11,13.15,13.15,13.15,13.15,1
2024-07-12,13.15,13.15,13.15,13.15,0
2024-07-15,13.15,13.15,13.15,13.15,0
2024-07-16,13.15,13.15,13.15,13.15,0
2024-07-17,13.15,13.15,13.15,13.15,0
2024-07-18,13.15,13.15,13.15,13.15,0
2024-07-19,13.15,13.15,13.15,13.15,0
2024-07-22,13.15,13.15,13.15,13.15,0
2024-07-23,13.15,13.15,13.15,13.15,0
2024-07-24,13.15,13.15,13.15,13.15,0
2024-07-25,13.15,13.15,13.15,13.15,0
2024-07-26,13.15,13.15,13.15,13.15,0
2024-07-29,13.15,13.15,13.15,13.15,0
2024-07-30,13.15,13.15,13.15,13.15,0
2024-07-31,13.15,13.15,13.15,13.15,0
2024-08-01,13.15,13.15,13.15,13.15,0
2024-08-02,13.15,13.15,13.15,13.15,0
2024-08-05,13.15,13.15,13.15,13.15,0
2024-08-06,13.15,13.15,13.15,13.15,0
2024-08-07,13.15,13.15,13.15,13.15,0
2024-08-08,13.15,13.15,13.15,13.15,0
2024-08-09,13.15,13.15,13.15,13.15,0
2024-08-12,13.15,13.15,13.15,13.15,0
2024-08-13,13.15,13.15,13.15,13.15,0
2024-08-14,13.15,13.15,13.15,13.15,0
2024-08-15,13.15,13.15,13.15,13.15,0
2024-08-16,13.15,13.15,13.15,13.15,0
2024-08-19,13.15,13.15,13.15,13.15,0
2024-08-20,13.15,13.15,13.15,13.15,0
2024-08-21,13.15,13.15,13.15,13.15,0
2024-08-22,13.15,13.15,13.15,13.15,0
2024-08-23,13.15,13.15,13.15,13.15,0
2024-08-26,13.15,13.15,13.15,13.15,0
2024-08-27,13.15,13.15,13.15,13.15,0
2024-08-28,13.15,13.15,13.15,13.15,0
2024-08-29,13.15,13.15,13.15,13.15,0
2024-08-30,13.15,13.15,13.15,13.15,0
2024-09-04,13.15,13.15,13.15,13.15,0
2024-09-05,13.15,13.15,13.15,13.15,0
2024-09-06,13.15,13.15,13.15,13.15,0
2024-09-09,13.15,13.15,13.15,13.15,0
2024-09-10,13.15,13.15,13.15,13.15,0
2024-09-11,13.15,13.15,13.15,13.15,0
2024-09-12,13.15,13.15,13.15,13.15,0
2024-09-13,13.15,13.15,13.15,13.15,0
2024-09-16,13.15,13.15,13.15,13.15,0
2024-09-17,13.15,13.15,13.15,13.15,0
2024-09-18,13.15,13.15,13.15,13.15,0
2024-09-19,13.15,13.15,13.15,13.15,0
2024-09-20,13.15,13.15,13.15,13.15,0
2024-09-23,13.15,13.15,13.15,13.15,0
2024-09-24,13.15,13.15,13.15,13.15,0
2024-09-25,13.15,13.15,13.15,13.15,0
2024-09-26,13.15,13.15,13.15,13.15,0
2024-09-27,13.15,13.15,13.15,13.15,0
2024-09-30,13.15,13.15,13.15,13.15,0
2024-10-01,13.15,13.15,13.15,13.15,0
2024-10-02,13.15,13.15,13.15,13.15,0
2024-10-03,13.15,13.15,13.15,13.15,0
2024-10-04,13.15,13.15,13.15,13.15,0
2024-10-07,13.15,13.15,13.15,13.15,0
2024-10-08,13.15,13.15,13.15,13.15,0
2024-10-09,13.15,13.15,13.15,13.15,0
2024-10-10,13.15,13.15,13.15,13.15,0
2024-10-11,13.15,13.15,13.15,13.15,0
2024-10-14,13.15,13.15,13.15,13.15,0
2024-10-15,13.15,13.15,13.15,13.15,0
2024-10-16,13.15,13.15,13.15,13.15,0
2024-10-17,13.15,13.15,13.15,13.15,0
2024-10-18,13.15,13.15,13.15,13.15,0
2024-10-21,13.15,13.15,13.15,13.15,0
2024-10-22,18.27,18.27,18.27,18.27,100
2024-10-23,18.27,18.27,18.27,18.27,1
2024-10-24,18.27,18.27,18.27,18.27,0
2024-10-25,18.27,18.27,18.27,18.27,0
2024-10-28,18.27,18.27,18.27,18.27,0
2024-10-29,18.27,18.27,18.27,18.27,0
2024-10-30,18.27,18.27,18.27,18.27,0
2024-10-31,18.27,18.27,18.27,18.27,0
2024-11-01,18.27,18.27,18.27,18.27,0
2024-11-04,18.27,18.27,18.27,18.27,0
2024-11-05,18.27,18.27,18.27,18.27,0
2024-11-06,18.27,18.27,18.27,18.27,0
2024-11-07,18.27,18.27,18.27,18.27,0
2024-11-08,18.27,18.27,18.27,18.27,0
2024-11-11,18.27,18.27,18.27,18.27,0
2024-11-12,18.27,18.27,18.27,18.27,0
2024-11-13,18.27,18.27,18.27,18.27,0
2024-11-14,18.27,18.27,18.27,18.27,0
2024-11-15,18.27,18.27,18.27,18.27,0
2024-11-18,18.27,18.27,18.27,18.27,0
2024-11-19,18.27,18.27,18.27,18.27,0
2024-11-20,18.27,18.27,18.27,18.27,0
2024-11-21,15.56,15.56,15.56,15.56,200
2024-11-22,15.56,15.56,15.56,15.56,0
2024-11-25,15.56,15.56,15.56,15.56,0
2024-11-26,15.56,15.56,15.56,15.56,0
2024-11-27,15.56,15.56,15.56,15.56,0
2024-11-28,15.56,15.56,15.56,15.56,0
2024-11-29,15.56,15.56,15.56,15.56,0
2024-12-02,15.56,15.56,15.56,15.56,0
2024-12-03,15.56,15.56,15.56,15.56,0
2024-12-04,15.56,15.56,15.56,15.56,0
2024-12-05,15.56,15.56,15.56,15.56,0
2024-12-06,15.56,15.56,15.56,15.56,0
2024-12-09,15.56,15.56,15.56,15.56,0
2024-12-10,15.56,15.56,15.56,15.56,0
2024-12-11,15.56,15.56,15.56,15.56,0
2024-12-12,15.56,15.56,15.56,15.56,0
2024-12-13,15.56,15.56,15.56,15.56,0
2024-12-16,15.56,15.56,15.56,15.56,0
2024-12-17,15.56,15.56,15.56,15.56,0
2024-12-18,15.56,15.56,15.56,15.56,0
2024-12-19,15.56,15.56,15.56,15.56,0
2024-12-20,15.56,15.56,15.56,15.56,0
2024-12-23,15.56,15.56,15.56,15.56,0
2024-12-24,15.56,15.56,15.56,15.56,0
2024-12-25,15.56,15.56,15.56,15.56,0
2024-12-26,15.56,15.56,15.56,15.56,0
2024-12-27,15.56,15.56,15.56,15.56,0
2024-12-30,15.56,15.56,15.56,15.56,0
2024-12-31,15.56,15.56,15.56,15.56,0
2025-01-02,15.56,15.56,15.56,15.56,0
2025-01-03,15.56,15.56,15.56,15.56,0
2025-01-06,9.38,9.47,9.38,9.47,5600
2025-01-07,9.47,9.47,9.47,9.47,0
2025-01-08,9.47,9.47,9.47,9.47,0
2025-01-09,9.57,9.57,9.57,9.57,200
2025-01-10,9.57,9.57,9.57,9.57,0
2025-01-13,9.57,9.57,9.57,9.57,0
2025-01-14,8.7,8.7,8.7,8.7,200
2025-01-15,7.54,9.09,7.54,9.09,203
2025-01-16,8.31,8.31,8.31,8.31,0
2025-01-17,8.31,8.31,8.31,8.31,0
2025-01-20,8.31,8.31,8.31,8.31,0
2025-01-21,8.31,8.31,8.31,8.31,0
2025-01-22,8.31,8.31,8.31,8.31,0
2025-01-23,8.31,8.31,8.31,8.31,0
2025-01-24,8.31,8.31,8.31,8.31,0
2025-02-03,8.31,8.31,8.31,8.31,0
2025-02-04,8.31,8.31,8.31,8.31,0
2025-02-05,8.31,8.31,8.31,8.31,0
2025-02-06,8.31,8.31,8.31,8.31,0
2025-02-07,8.31,8.31,8.31,8.31,0
2025-02-10,8.31,8.31,8.31,8.31,0
2025-02-11,8.31,8.31,8.31,8.31,0
2025-02-12,8.31,8.31,8.31,8.31,0
2025-02-13,8.7,8.7,8.7,8.7,200
2025-02-14,8.7,8.7,8.7,8.7,100
2025-02-17,8.7,8.7,8.7,8.7,0
2025-02-18,8.7,8.7,8.7,8.7,0
2025-02-19,8.7,8.7,8.7,8.7,0
2025-02-20,8.7,8.7,8.7,8.7,0
2025-02-21,8.7,8.7,8.7,8.7,0
2025-02-24,8.7,8.7,8.7,8.7,0
2025-02-25,8.7,8.7,8.7,8.7,0
2025-02-26,8.7,8.7,8.7,8.7,0
2025-02-27,8.7,8.7,8.7,8.7,0
2025-02-28,8.7,8.7,8.7,8.7,0
2025-03-03,8.7,8.7,8.7,8.7,0
2025-03-04,8.7,8.7,8.7,8.7,0
2025-03-05,8.7,8.7,8.7,8.7,0
2025-03-06,8.7,8.7,8.7,8.7,0
2025-03-07,8.7,8.7,8.7,8.7,0
2025-03-10,8.7,8.7,8.7,8.7,0
2025-03-11,8.7,8.7,8.7,8.7,0
2025-03-12,8.7,8.7,8.7,8.7,0
2025-03-13,8.7,8.7,8.7,8.7,0
2025-03-14,8.7,8.7,8.7,8.7,0
2025-03-17,8.7,8.7,8.7,8.7,0
2025-03-18,8.7,8.7,8.7,8.7,0
2025-03-19,8.7,8.7,8.7,8.7,0
2025-03-20,8.7,8.7,8.7,8.7,0
2025-03-21,8.7,8.7,8.7,8.7,0
2025-03-24,8.7,8.7,8.7,8.7,0
2025-03-25,8.7,8.7,8.7,8.7,0
2025-03-26,8.7,8.7,8.7,8.7,0
2025-03-27,8.7,8.7,8.7,8.7,0
2025-03-28,8.7,8.7,8.7,8.7,0
2025-03-31,8.7,8.7,8.7,8.7,0
2025-04-01,8.7,8.7,8.7,8.7,0
2025-04-02,8.7,8.7,8.7,8.7,0
2025-04-03,8.7,8.7,8.7,8.7,0
2025-04-04,8.7,8.7,8.7,8.7,0
2025-04-08,8.7,8.7,8.7,8.7,0
2025-04-09,8.7,8.7,8.7,8.7,0
2025-04-10,8.7,8.7,8.7,8.7,0
2025-04-11,8.7,8.7,8.7,8.7,0
2025-04-14,8.7,8.7,8.7,8.7,0
2025-04-15,8.7,8.7,8.7,8.7,0
2025-04-16,8.7,8.7,8.7,8.7,0
2025-04-17,8.7,8.7,8.7,8.7,0
2025-04-18,8.7,8.7,8.7,8.7,0
2025-04-21,8.7,8.7,8.7,8.7,0
2025-04-22,8.7,8.7,8.7,8.7,0
2025-04-23,8.7,8.7,8.7,8.7,0
2025-04-24,8.7,8.7,8.7,8.7,0
2025-04-25,8.7,8.7,8.7,8.7,0
2025-04-28,8.7,8.7,8.7,8.7,0
2025-04-29,8.7,8.7,8.7,8.7,0
2025-05-05,8.7,8.7,8.7,8.7,0
2025-05-06,8.7,8.7,8.7,8.7,0
2025-05-07,8.7,8.7,8.7,8.7,0
2025-05-08,8.7,8.7,8.7,8.7,0
2025-05-09,8.7,8.7,8.7,8.7,0
2025-05-12,8.7,8.7,8.7,8.7,0
2025-05-13,8.7,8.7,8.7,8.7,0
2025-05-14,8.7,8.7,8.7,8.7,0
2025-05-15,8.7,8.7,8.7,8.7,0
2025-05-16,8.7,8.7,8.7,8.7,0
2025-05-19,8.7,8.7,8.7,8.7,0
2025-05-20,8.7,8.7,8.7,8.7,0
2025-05-21,8.7,8.7,8.7,8.7,0
2025-05-22,8.7,8.7,8.7,8.7,0
2025-05-23,8.7,8.7,8.7,8.7,0
2025-05-26,8.7,8.7,8.7,8.7,0
2025-05-27,8.7,8.7,8.7,8.7,0
2025-05-28,8.7,8.7,8.7,8.7,0
2025-05-29,8.7,8.7,8.7,8.7,0
2025-05-30,8.7,8.7,8.7,8.7,0
2025-06-02,8.7,8.7,8.7,8.7,0
2025-06-03,8.7,8.7,8.7,8.7,0
2025-06-04,8.7,8.7,8.7,8.7,0
2025-06-05,8.7,8.7,8.7,8.7,0
2025-06-06,8.7,8.7,8.7,8.7,0
2025-06-09,8.7,8.7,8.7,8.7,0
2025-06-10,8.7,8.7,8.7,8.7,0
2025-06-11,8.7,8.7,8.7,8.7,0
2025-06-12,8.7,8.7,8.7,8.7,0
2025-06-13,8.7,8.7,8.7,8.7,0
2025-06-16,8.7,8.7,8.7,8.7,0
2025-06-17,8.7,8.7,8.7,8.7,0
2025-06-18,8.7,8.7,8.7,8.7,0
2025-06-19,8.7,8.7,8.7,8.7,0
2025-06-20,8.7,8.7,8.7,8.7,0
2025-06-23,8.7,8.7,8.7,8.7,0
2025-06-24,8.7,8.7,8.7,8.7,0
2025-06-25,8.7,8.7,8.7,8.7,0
2025-06-26,8.7,8.7,8.7,8.7,0
2025-06-27,8.7,8.7,8.7,8.7,0
2025-06-30,8.7,8.7,8.7,8.7,0
2025-07-01,8.7,8.7,8.7,8.7,0
2025-07-02,8.7,8.7,8.7,8.7,0
2025-07-03,8.7,8.7,8.7,8.7,0
2025-07-04,8.7,8.7,8.7,8.7,0
2025-07-07,8.7,8.7,8.7,8.7,0
2025-07-08,8.7,8.7,8.7,8.7,0
2025-07-09,8.7,8.7,8.7,8.7,0
2025-07-10,8.7,8.7,8.7,8.7,0
2025-07-11,8.7,8.7,8.7,8.7,0
2025-07-14,8.7,8.7,8.7,8.7,0
2025-07-15,8.7,8.7,8.7,8.7,0
2025-07-16,8.7,8.7,8.7,8.7,0
2025-07-17,8.7,8.7,8.7,8.7,0
2025-07-18,8.7,8.7,8.7,8.7,0
2025-07-21,8.7,8.7,8.7,8.7,0
2025-07-22,8.7,8.7,8.7,8.7,0
2025-07-23,8.7,8.7,8.7,8.7,0
2025-07-24,8.7,8.7,8.7,8.7,0
2025-07-25,8.7,8.7,8.7,8.7,0
2025-07-28,8.7,8.7,8.7,8.7,0
2025-07-29,8.7,8.7,8.7,8.7,0
2025-07-30,8.7,8.7,8.7,8.7,0
2025-07-31,8.7,8.7,8.7,8.7,0
2025-08-01,8.7,8.7,8.7,8.7,0
2025-08-04,8.7,8.7,8.7,8.7,0
2025-08-05,8.7,8.7,8.7,8.7,0
2025-08-06,8.7,8.7,8.7,8.7,0
2025-08-07,8.7,8.7,8.7,8.7,0
2025-08-08,8.7,8.7,8.7,8.7,0
2025-08-11,8.7,8.7,8.7,8.7,0
2025-08-12,8.7,8.7,8.7,8.7,0
2025-08-13,8.7,8.7,8.7,8.7,0
2025-08-14,8.7,8.7,8.7,8.7,0
2025-08-15,8.7,8.7,8.7,8.7,0
2025-08-18,8.7,8.7,8.7,8.7,0
2025-08-19,8.7,8.7,8.7,8.7,0
2025-08-20,8.7,8.7,8.7,8.7,0
2025-08-21,8.7,8.7,8.7,8.7,0
