time,open,high,low,close,volume
2014-09-22,14.18,14.18,11.0,12.55,722400
2014-09-23,12.73,12.73,12.27,12.27,116900
2014-09-24,12.36,13.45,12.18,13.45,473300
2014-09-25,13.64,13.64,12.18,12.27,371600
2014-09-26,12.27,12.91,12.27,12.55,260300
2014-09-29,12.73,12.73,11.82,12.64,350700
2014-09-30,12.73,12.73,12.09,12.27,271500
2014-10-01,12.27,12.64,12.27,12.55,486300
2014-10-02,12.55,12.73,12.45,12.45,399600
2014-10-03,12.45,13.64,12.27,13.64,912600
2014-10-06,13.91,15.0,13.73,14.91,860100
2014-10-07,15.45,16.27,14.91,16.18,565800
2014-10-08,16.09,16.18,14.64,14.64,473200
2014-10-09,14.55,14.55,13.18,13.45,710100
2014-10-10,13.27,13.27,12.45,12.55,188100
2014-10-13,12.73,12.73,12.27,12.27,212900
2014-10-14,12.27,12.73,12.0,12.27,495800
2014-10-15,12.45,12.45,11.82,12.27,305200
2014-10-16,12.27,12.27,11.36,11.73,274700
2014-10-17,11.82,11.91,11.09,11.55,236700
2014-10-20,11.55,11.55,11.18,11.18,181800
2014-10-21,11.36,11.36,10.45,10.45,169700
2014-10-22,10.55,11.36,10.45,10.82,413300
2014-10-23,10.82,10.82,10.27,10.27,222400
2014-10-24,10.36,10.73,10.27,10.27,305200
2014-10-27,10.27,10.36,10.0,10.27,240700
2014-10-28,10.18,10.64,10.18,10.55,341300
2014-10-29,10.45,10.82,10.45,10.73,121600
2014-10-30,10.64,10.73,9.82,10.45,197200
2014-10-31,10.36,10.82,10.36,10.64,164300
2014-11-03,10.45,10.82,10.45,10.73,134600
2014-11-04,10.73,10.73,10.18,10.36,214400
2014-11-05,10.36,10.82,9.91,10.73,437800
2014-11-06,10.82,11.64,10.73,11.0,629000
2014-11-07,11.0,11.27,11.0,11.09,318300
2014-11-10,11.09,11.18,11.0,11.09,313900
2014-11-11,11.09,11.09,10.73,10.73,473700
2014-11-12,10.91,10.91,10.64,10.82,123300
2014-11-13,10.73,10.91,10.64,10.82,125800
2014-11-14,10.82,10.82,10.55,10.73,158000
2014-11-17,10.73,10.82,10.64,10.73,100700
2014-11-18,10.73,10.73,10.55,10.64,332800
2014-11-19,10.64,10.82,10.45,10.64,103800
2014-11-20,10.82,10.82,10.36,10.82,439600
2014-11-21,10.82,10.82,10.45,10.55,162400
2014-11-24,10.45,10.64,10.27,10.45,83300
2014-11-25,10.45,10.64,10.09,10.64,360500
2014-11-26,10.73,10.91,10.45,10.64,238500
2014-11-27,10.64,11.0,10.45,10.82,189000
2014-11-28,10.82,11.18,10.64,10.91,169900
2014-12-01,10.91,11.55,10.64,11.45,694800
2014-12-02,11.64,11.64,11.36,11.64,443600
2014-12-03,11.64,12.73,11.64,12.73,1760600
2014-12-04,13.18,13.18,12.55,12.55,625400
2014-12-05,12.55,12.73,12.09,12.64,538800
2014-12-08,12.64,12.64,12.18,12.36,340200
2014-12-09,12.36,12.36,11.55,11.73,359300
2014-12-10,11.55,12.0,11.36,12.0,348300
2014-12-11,11.82,11.91,11.36,11.64,203700
2014-12-12,11.45,12.18,11.45,12.09,651700
2014-12-15,11.91,12.45,11.91,12.18,379500
2014-12-16,12.09,12.09,11.73,12.0,310100
2014-12-17,12.0,12.09,11.27,11.27,278600
2014-12-18,11.18,11.82,11.18,11.64,169600
2014-12-19,11.64,11.73,11.27,11.36,157500
2014-12-22,11.36,11.64,11.36,11.64,205300
2014-12-23,11.55,11.73,11.55,11.73,175900
2014-12-24,11.64,11.73,11.55,11.73,130000
2014-12-25,11.55,11.64,11.45,11.45,152300
2014-12-26,11.45,11.55,11.27,11.45,136200
2014-12-29,11.36,11.55,11.27,11.45,229400
2014-12-30,11.36,12.09,11.27,12.09,201500
2014-12-31,12.0,13.09,11.91,12.82,511200
2015-01-05,12.55,12.73,12.55,12.55,169600
2015-01-06,12.45,12.64,12.36,12.64,167200
2015-01-07,12.55,12.73,12.55,12.73,201000
2015-01-08,12.64,12.73,12.55,12.64,157300
2015-01-09,12.64,12.64,12.45,12.55,97400
2015-01-12,12.45,12.82,12.18,12.27,267200
2015-01-13,12.09,12.36,12.0,12.36,148700
2015-01-14,12.18,12.18,11.91,11.91,176920
2015-01-15,11.82,12.36,11.45,12.09,677200
2015-01-16,12.0,12.27,11.82,11.91,386000
2015-01-19,11.82,12.45,11.73,12.0,565800
2015-01-20,12.0,12.36,11.73,12.09,742400
2015-01-21,12.09,12.09,11.45,11.82,1020900
2015-01-22,11.73,12.0,11.55,11.91,418200
2015-01-23,11.82,12.18,11.82,12.09,400100
2015-01-26,12.0,12.09,11.55,11.73,749900
2015-01-27,11.91,12.45,11.73,11.91,1600420
2015-01-28,11.82,12.09,11.73,12.0,515400
2015-01-29,12.0,12.0,11.55,11.64,613600
2015-01-30,11.64,11.64,10.91,11.18,1240510
2015-02-02,11.09,11.18,10.36,10.36,330510
2015-02-03,10.36,10.45,10.0,10.0,254500
2015-02-04,10.0,10.09,9.73,9.91,178000
2015-02-05,10.0,10.36,10.0,10.09,284800
2015-02-06,10.18,10.36,10.18,10.27,139500
2015-02-09,10.18,10.45,9.82,9.91,136200
2015-02-10,9.91,10.0,9.82,9.82,75300
2015-02-11,9.82,10.0,9.82,10.0,73310
2015-02-12,10.0,10.09,9.82,9.82,103800
2015-02-13,9.82,10.0,9.82,10.0,84300
2015-02-24,10.18,10.18,10.0,10.09,86700
2015-02-25,10.09,10.27,10.0,10.09,69000
2015-02-26,10.0,10.18,9.91,10.0,152200
2015-02-27,10.0,10.18,9.91,10.09,251900
2015-03-02,10.09,10.09,9.82,10.0,157800
2015-03-03,10.0,10.45,10.0,10.27,648800
2015-03-04,10.36,10.36,10.0,10.27,384900
2015-03-05,10.36,10.45,10.27,10.36,333800
2015-03-06,10.27,10.36,10.09,10.18,235800
2015-03-09,10.18,10.18,9.91,9.91,307600
2015-03-10,9.91,10.0,9.82,10.0,225500
2015-03-11,10.0,10.0,9.82,9.91,254900
2015-03-12,9.91,10.0,9.82,9.91,178700
2015-03-13,9.91,9.91,9.73,9.82,192300
2015-03-16,9.91,9.91,9.64,9.73,187800
2015-03-17,9.82,10.0,9.64,9.73,211900
2015-03-18,9.73,9.73,9.55,9.64,188800
2015-03-19,9.64,9.64,9.45,9.55,145800
2015-03-20,9.64,9.64,9.36,9.55,82900
2015-03-23,9.55,9.64,9.09,9.09,230100
2015-03-24,9.09,9.27,8.91,9.0,335000
2015-03-25,9.09,9.09,8.55,8.82,359600
2015-03-26,8.82,8.82,8.64,8.64,89100
2015-03-27,8.45,8.55,7.82,8.45,636110
2015-03-30,8.45,8.55,8.0,8.27,101800
2015-03-31,8.36,8.55,8.27,8.36,73400
2015-04-01,8.36,8.45,8.0,8.18,82300
2015-04-02,8.27,8.91,8.09,8.91,150810
2015-04-03,8.91,9.09,8.82,9.0,262600
2015-04-06,9.0,9.09,8.82,8.91,212300
2015-04-07,8.91,9.09,8.82,9.09,201500
2015-04-08,9.09,9.18,8.82,9.0,189200
2015-04-09,9.0,9.0,8.73,9.0,605000
2015-04-10,9.0,9.09,8.82,8.91,457700
2015-04-13,9.0,9.09,8.82,9.0,306200
2015-04-14,9.0,9.0,8.82,8.91,199900
2015-04-15,8.91,8.91,8.82,8.91,122100
2015-04-16,8.91,8.91,8.73,8.91,121000
2015-04-17,8.91,8.91,8.82,8.91,89200
2015-04-20,8.91,8.91,8.73,8.82,103800
2015-04-21,8.82,8.82,8.36,8.45,267500
2015-04-22,8.55,8.64,8.36,8.45,120900
2015-04-23,8.45,8.55,8.18,8.27,178600
2015-04-24,8.27,8.36,8.09,8.27,97000
2015-04-27,8.27,8.45,8.18,8.45,419700
2015-05-04,8.55,8.55,7.82,8.18,101500
2015-05-05,8.18,8.27,8.0,8.27,50400
2015-05-06,8.18,8.18,7.91,7.91,32500
2015-05-07,8.0,8.0,7.64,7.91,40500
2015-05-08,8.0,8.36,7.73,8.36,329800
2015-05-11,8.36,8.55,8.27,8.36,432400
2015-05-12,8.36,8.45,8.18,8.18,222800
2015-05-13,8.27,8.27,8.0,8.0,355200
2015-05-14,8.09,8.09,7.82,7.91,266700
2015-05-15,8.0,8.0,7.82,7.82,121500
2015-05-18,7.73,7.73,7.27,7.36,334600
2015-05-19,8.09,8.09,7.27,7.73,293500
2015-05-20,7.73,8.0,7.64,7.82,211100
2015-05-21,8.09,8.09,7.73,7.73,196800
2015-05-22,7.73,7.73,7.55,7.73,278300
2015-05-25,7.73,7.82,7.55,7.82,113900
2015-05-26,7.82,7.91,7.64,7.82,113900
2015-05-27,7.91,7.91,7.64,7.82,332900
2015-05-28,7.82,8.09,7.64,8.0,445600
2015-05-29,8.09,8.55,8.0,8.09,567000
2015-06-01,8.18,8.27,8.09,8.18,113500
2015-06-02,8.18,8.18,7.82,7.82,177400
2015-06-03,7.82,7.91,7.55,7.64,211200
2015-06-04,7.73,7.91,7.64,7.73,200700
2015-06-05,7.73,7.82,7.55,7.73,303000
2015-06-08,7.73,8.0,7.73,7.82,313100
2015-06-09,7.82,8.55,7.73,8.55,1109910
2015-06-10,8.64,8.73,8.27,8.45,394500
2015-06-11,8.55,8.55,8.18,8.18,379100
2015-06-12,8.27,8.27,7.82,7.82,374750
2015-06-15,7.91,8.36,7.91,8.09,422100
2015-06-16,8.09,8.18,7.73,7.82,171000
2015-06-17,7.82,7.91,7.64,7.82,163000
2015-06-18,7.82,7.82,7.64,7.82,175200
2015-06-19,7.82,7.82,7.73,7.73,140200
2015-06-22,7.82,7.82,7.55,7.73,180300
2015-06-23,7.82,7.82,7.45,7.64,105600
2015-06-24,7.73,7.73,7.45,7.64,171900
2015-06-25,7.64,7.64,7.45,7.45,114800
2015-06-26,7.55,7.55,7.27,7.36,154200
2015-06-29,7.45,7.55,7.18,7.55,317300
2015-06-30,7.55,7.55,7.27,7.36,157900
2015-07-01,7.45,7.45,7.18,7.27,168400
2015-07-02,7.36,7.55,7.18,7.55,191100
2015-07-03,7.55,7.64,7.36,7.45,65200
2015-07-06,7.36,7.55,7.27,7.45,110000
2015-07-07,7.45,7.45,7.27,7.36,246600
2015-07-08,7.45,7.45,7.18,7.27,311200
2015-07-09,7.27,7.27,7.0,7.27,197950
2015-07-10,7.27,7.36,7.09,7.18,350400
2015-07-13,7.27,7.27,7.09,7.27,157100
2015-07-14,7.27,7.27,7.09,7.27,259200
2015-07-15,7.27,7.27,7.0,7.18,131300
2015-07-16,7.18,7.18,6.91,7.18,202100
2015-07-17,6.91,7.18,6.91,7.18,140300
2015-07-20,7.18,7.18,6.91,6.91,85200
2015-07-21,7.09,7.18,7.0,7.18,186900
2015-07-22,7.09,7.18,7.0,7.09,100200
2015-07-23,7.09,7.09,7.0,7.09,101500
2015-07-24,7.09,7.09,6.91,7.09,79900
2015-07-27,7.09,7.09,6.91,7.09,86000
2015-07-28,7.09,7.09,6.82,7.0,76400
2015-07-29,7.0,7.0,6.73,7.0,151900
2015-07-30,7.0,7.09,6.82,7.0,120600
2015-07-31,7.0,7.27,7.0,7.09,228200
2015-08-03,7.09,7.18,6.91,7.18,111000
2015-08-04,7.18,7.27,7.09,7.18,141800
2015-08-05,7.6,7.6,7.3,7.6,151200
2015-08-06,7.6,7.6,7.4,7.5,80600
2015-08-07,7.5,7.5,7.3,7.4,73300
2015-08-10,7.4,7.5,7.1,7.5,203400
2015-08-11,7.5,7.5,7.2,7.3,92000
2015-08-12,7.3,7.4,6.8,7.3,349400
2015-08-13,7.1,7.3,6.9,7.3,405400
2015-08-14,7.0,7.2,7.0,7.2,165500
2015-08-17,7.2,7.3,6.8,7.1,394700
2015-08-18,7.1,7.3,7.1,7.1,228400
2015-08-19,7.1,7.1,6.9,7.1,265500
2015-08-20,7.1,7.1,6.8,7.1,203700
2015-08-21,7.1,7.5,6.6,7.5,296100
2015-08-24,7.4,7.4,6.8,7.0,158200
2015-08-25,6.9,7.3,6.8,7.3,154900
2015-08-26,7.3,7.3,7.2,7.3,72500
2015-08-27,7.2,7.3,7.1,7.2,73000
2015-08-28,7.2,7.2,7.0,7.1,68400
2015-08-31,7.2,7.2,7.0,7.1,45100
2015-09-01,7.1,7.1,6.8,7.0,224600
2015-09-03,7.0,7.0,6.8,7.0,159800
2015-09-04,7.0,7.3,6.8,7.3,193600
2015-09-07,7.2,7.2,7.0,7.1,154000
2015-09-08,7.1,7.3,7.0,7.2,126300
2015-09-09,7.0,7.3,7.0,7.2,189600
2015-09-10,7.2,7.2,6.9,7.1,109500
2015-09-11,7.1,7.1,6.9,7.1,207900
2015-09-14,7.1,7.2,6.9,7.1,183100
2015-09-15,7.1,7.1,6.9,7.0,122770
2015-09-16,7.0,7.0,6.9,7.0,177390
2015-09-17,7.0,7.0,6.9,7.0,85250
2015-09-18,7.0,7.1,6.9,7.0,598250
2015-09-21,7.0,7.1,6.9,7.1,507700
2015-09-22,7.1,7.1,6.9,7.0,309930
2015-09-23,7.0,7.0,6.8,6.9,153100
2015-09-24,6.9,7.1,6.8,6.9,240820
2015-09-25,7.0,7.0,6.5,6.5,115700
2015-09-28,6.5,6.8,6.5,6.7,283800
2015-09-29,6.8,6.8,6.6,6.8,231400
2015-09-30,6.8,6.8,6.6,6.8,271800
2015-10-01,6.6,6.8,6.6,6.8,135500
2015-10-02,6.7,6.8,6.7,6.8,218700
2015-10-05,6.8,6.8,6.6,6.8,238700
2015-10-06,6.7,6.8,6.7,6.8,251740
2015-10-07,6.7,6.8,6.6,6.7,419300
2015-10-08,6.7,6.7,6.6,6.7,425400
2015-10-09,6.7,6.9,6.6,6.7,229900
2015-10-12,6.7,6.7,6.6,6.7,155900
2015-10-13,6.7,6.7,6.6,6.7,298000
2015-10-14,6.6,7.3,6.6,7.2,566300
2015-10-15,7.4,7.9,7.1,7.9,602110
2015-10-16,8.6,8.6,8.0,8.4,862900
2015-10-19,8.2,8.2,7.8,7.8,512420
2015-10-20,7.8,7.8,7.4,7.4,311240
2015-10-21,7.4,7.6,7.3,7.3,252900
2015-10-22,7.3,7.6,7.3,7.5,584600
2015-10-23,7.2,7.6,7.2,7.5,610900
2015-10-26,7.5,7.8,7.5,7.6,579920
2015-10-27,7.6,7.6,7.4,7.4,374000
2015-10-28,7.4,7.5,7.4,7.4,345300
2015-10-29,7.4,7.5,7.3,7.4,477400
2015-10-30,7.4,7.5,7.4,7.5,442100
2015-11-02,7.5,7.5,7.3,7.3,601300
2015-11-03,7.3,7.7,7.3,7.7,683800
2015-11-04,7.7,7.8,7.6,7.6,406640
2015-11-05,7.6,7.8,7.5,7.7,476500
2015-11-06,7.7,7.8,7.5,7.6,442200
2015-11-09,7.5,7.8,7.5,7.7,388800
2015-11-10,7.6,7.7,7.5,7.6,317400
2015-11-11,7.6,8.1,7.6,8.1,765900
2015-11-12,8.1,8.1,7.8,8.0,813500
2015-11-13,8.0,8.0,7.9,8.0,840008
2015-11-16,8.0,8.2,7.9,8.1,861100
2015-11-17,8.0,8.3,8.0,8.0,928900
2015-11-18,8.0,8.1,7.9,8.1,693000
2015-11-19,8.0,8.1,7.9,8.1,324200
2015-11-20,8.0,8.0,7.8,7.9,766720
2015-11-23,7.8,8.0,7.8,7.9,410300
2015-11-24,7.9,8.0,7.6,8.0,566700
2015-11-25,7.9,8.1,7.8,8.1,404700
2015-11-26,8.0,8.4,8.0,8.4,620300
2015-11-27,8.5,8.8,8.4,8.4,784550
2015-11-30,8.3,8.5,8.2,8.4,1020310
2015-12-01,8.3,8.5,8.3,8.3,382950
2015-12-02,8.2,8.4,8.2,8.4,514700
2015-12-03,8.3,8.4,8.2,8.3,621110
2015-12-04,8.2,8.4,8.1,8.3,374900
2015-12-07,8.2,8.3,8.1,8.3,406600
2015-12-08,8.2,9.0,8.1,9.0,749100
2015-12-09,8.9,9.0,8.6,8.8,528600
2015-12-10,8.7,8.9,8.6,8.6,381400
2015-12-11,8.6,8.7,8.5,8.7,278200
2015-12-14,8.7,8.7,8.5,8.6,270300
2015-12-15,8.5,8.9,8.5,8.7,456310
2015-12-16,8.6,8.9,8.6,8.9,544940
2015-12-17,8.8,8.9,8.7,8.7,339850
2015-12-18,8.6,8.8,8.6,8.6,174400
2015-12-21,8.4,8.7,8.4,8.5,423700
2015-12-22,8.5,8.6,8.5,8.5,291900
2015-12-23,8.5,8.6,8.5,8.5,268500
2015-12-24,8.3,8.6,8.3,8.5,172900
2015-12-25,8.5,8.9,8.4,8.9,419500
2015-12-28,8.9,9.2,8.7,9.2,458450
2015-12-29,9.1,9.4,9.0,9.3,188810
2015-12-30,9.2,9.4,9.2,9.4,205300
2015-12-31,9.3,9.4,9.0,9.4,157710
2016-01-04,9.5,10.0,9.3,9.8,299100
2016-01-05,9.6,9.8,9.6,9.8,247970
2016-01-06,9.7,9.9,9.7,9.9,249938
2016-01-07,9.8,9.8,9.4,9.7,333820
2016-01-08,9.6,9.8,9.5,9.7,136700
2016-01-11,9.5,10.1,9.5,10.1,437650
2016-01-12,10.0,10.3,10.0,10.1,422810
2016-01-13,10.1,10.4,10.1,10.4,481622
2016-01-14,10.4,10.5,10.1,10.4,572708
2016-01-15,10.3,10.5,10.2,10.2,277900
2016-01-18,10.1,10.2,9.8,10.2,534500
2016-01-19,10.0,10.3,10.0,10.3,587210
2016-01-20,10.1,10.4,10.1,10.2,463000
2016-01-21,10.1,10.3,10.1,10.3,589500
2016-01-22,10.3,10.4,10.2,10.4,217100
2016-01-25,10.4,11.3,10.4,11.3,689260
2016-01-26,11.2,11.2,10.8,11.0,281400
2016-01-27,10.9,11.2,10.9,11.1,900000
2016-01-28,10.9,11.1,10.8,11.0,1329413
2016-01-29,11.0,11.1,10.9,11.0,1114200
2016-02-01,11.0,11.0,10.9,10.9,209300
2016-02-02,10.8,11.0,10.8,10.9,206800
2016-02-03,10.8,11.0,10.8,11.0,243200
2016-02-04,10.9,11.1,10.9,11.0,214610
2016-02-05,10.9,11.1,10.9,11.1,215800
2016-02-15,11.2,11.2,10.9,11.2,170900
2016-02-16,11.1,11.3,11.1,11.2,401110
2016-02-17,11.1,11.2,10.9,10.9,457207
2016-02-18,11.0,11.0,10.5,10.9,786600
2016-02-19,10.8,10.8,10.6,10.6,248300
2016-02-22,10.6,10.6,9.6,9.9,672000
2016-02-23,9.9,10.8,9.6,10.8,1101560
2016-02-24,10.6,11.1,10.6,11.0,763000
2016-02-25,11.0,11.0,10.7,10.9,633700
2016-02-26,10.8,11.4,10.7,11.4,568180
2016-02-29,11.3,11.4,11.2,11.3,236100
2016-03-01,11.2,11.5,11.2,11.3,288600
2016-03-02,11.2,11.4,11.2,11.4,294330
2016-03-03,11.3,11.4,11.1,11.3,248400
2016-03-04,11.2,11.4,11.2,11.4,231900
2016-03-07,11.4,11.7,11.3,11.6,472000
2016-03-08,11.7,11.7,11.4,11.6,490010
2016-03-09,11.5,11.9,11.4,11.8,522910
2016-03-10,11.7,11.9,11.7,11.8,123840
2016-03-11,11.7,11.9,11.6,11.8,280750
2016-03-14,11.7,12.2,11.6,12.2,473990
2016-03-15,12.1,12.2,12.0,12.2,257480
2016-03-16,12.1,12.4,12.1,12.3,302000
2016-03-17,12.2,12.4,12.1,12.3,343870
2016-03-18,12.2,12.3,12.2,12.2,449642
2016-03-21,12.1,13.1,12.1,13.0,654350
2016-03-22,13.0,13.2,12.9,13.2,356200
2016-03-23,13.3,13.4,13.0,13.3,605702
2016-03-24,13.3,13.3,13.1,13.3,347600
2016-03-25,13.2,13.2,13.0,13.1,434400
2016-03-28,13.0,13.3,13.0,13.3,658780
2016-03-29,13.2,13.4,13.1,13.3,959520
2016-03-30,13.2,13.5,13.2,13.4,872100
2016-03-31,13.3,13.3,13.2,13.2,234200
2016-04-01,13.2,13.3,13.1,13.2,210246
2016-04-04,13.1,13.2,13.0,13.0,298700
2016-04-05,13.0,13.0,13.0,13.0,241700
2016-04-06,13.0,13.1,13.0,13.0,301300
2016-04-07,12.9,13.1,12.9,13.0,220900
2016-04-08,13.0,13.1,12.8,13.0,211700
2016-04-11,12.9,13.4,12.9,13.4,461740
2016-04-12,13.4,13.4,13.2,13.2,265600
2016-04-13,13.1,13.2,13.0,13.0,492100
2016-04-14,13.0,13.2,12.9,13.2,263300
2016-04-15,13.1,13.2,13.0,13.1,202414
2016-04-19,13.1,13.2,12.9,13.2,464966
2016-04-20,13.0,13.1,13.0,13.1,226100
2016-04-21,13.0,13.8,13.0,13.8,680300
2016-04-22,13.8,14.1,13.7,14.1,525800
2016-04-25,15.5,15.5,13.8,14.1,257100
2016-04-26,13.9,14.0,13.9,13.9,298834
2016-04-27,13.8,13.9,13.7,13.9,492000
2016-04-28,13.9,14.1,13.8,13.9,598200
2016-04-29,13.9,14.0,13.9,13.9,233100
2016-05-04,14.2,14.2,13.9,14.0,521830
2016-05-05,13.9,14.5,13.9,14.5,757700
2016-05-06,14.5,15.0,14.4,14.9,597316
2016-05-09,14.9,15.0,14.8,14.8,549200
2016-05-10,14.8,14.8,14.7,14.7,221450
2016-05-11,14.7,14.8,14.7,14.8,184415
2016-05-12,14.8,15.2,14.8,15.2,699010
2016-05-13,15.1,15.3,15.0,15.1,400130
2016-05-16,15.0,15.2,15.0,15.1,493110
2016-05-17,15.1,15.2,15.0,15.2,346520
2016-05-18,15.2,15.3,15.1,15.2,239600
2016-05-19,15.1,15.2,15.0,15.2,267300
2016-05-20,15.2,15.2,15.1,15.1,231600
2016-05-23,15.1,15.1,15.0,15.0,213700
2016-05-24,15.0,15.0,14.7,14.9,223200
2016-05-25,15.0,15.0,14.9,14.9,443300
2016-05-26,14.9,15.0,14.7,14.9,348000
2016-05-27,14.9,14.9,14.8,14.9,235320
2016-05-30,14.9,15.0,14.8,15.0,637900
2016-05-31,15.0,15.5,14.9,15.5,856120
2016-06-01,15.5,15.5,15.3,15.4,336200
2016-06-02,15.4,15.4,15.2,15.4,332864
2016-06-03,15.3,15.5,15.2,15.4,409050
2016-06-06,15.3,15.4,15.0,15.3,794100
2016-06-07,15.3,15.4,15.2,15.2,546090
2016-06-08,15.2,15.3,15.0,15.3,635900
2016-06-09,15.2,15.3,15.1,15.3,343000
2016-06-10,15.2,15.3,15.1,15.2,295510
2016-06-13,15.2,15.2,15.0,15.2,378300
2016-06-14,15.1,15.2,15.0,15.0,524600
2016-06-15,14.9,15.3,14.9,15.3,322400
2016-06-16,15.3,15.3,15.1,15.3,505600
2016-06-17,15.2,15.2,14.9,15.1,323600
2016-06-20,15.1,15.1,13.8,14.2,855800
2016-06-21,14.2,14.6,14.0,14.6,467540
2016-06-22,14.5,15.0,14.3,14.9,294206
2016-06-23,14.8,15.2,14.8,15.2,262950
2016-06-24,15.1,15.1,14.0,15.1,242320
2016-06-27,15.0,15.4,14.8,15.4,610900
2016-06-28,15.2,16.9,15.2,16.9,1276170
2016-06-29,16.9,17.2,16.7,16.8,1040400
2016-06-30,16.8,16.9,16.6,16.9,400820
2016-07-01,16.7,17.2,16.7,17.2,385126
2016-07-04,17.1,17.3,17.0,17.3,287800
2016-07-05,17.2,17.3,17.1,17.2,956900
2016-07-06,17.1,17.5,17.0,17.5,803900
2016-07-07,17.4,19.2,17.3,19.2,1245666
2016-07-08,19.1,20.0,19.1,20.0,459800
2016-07-11,20.0,20.2,19.9,20.1,440344
2016-07-12,20.0,20.3,19.8,20.3,363500
2016-07-13,20.2,20.9,20.1,20.9,608200
2016-07-14,20.9,21.0,20.7,20.7,468500
2016-07-15,20.7,20.9,20.7,20.9,340200
2016-07-18,20.8,21.5,20.7,21.5,453300
2016-07-19,21.5,21.9,21.5,21.6,582100
2016-07-20,21.6,21.9,21.6,21.9,354510
2016-07-21,21.9,22.3,21.9,22.3,323920
2016-07-22,22.3,22.4,22.1,22.3,524800
2016-07-25,22.2,22.5,22.2,22.5,562790
2016-07-26,22.5,22.5,22.3,22.3,424400
2016-07-27,22.2,22.4,22.1,22.3,479400
2016-07-28,22.2,22.4,22.1,22.4,938320
2016-07-29,22.3,22.4,22.2,22.4,554190
2016-08-01,22.3,22.4,22.2,22.4,306300
2016-08-02,22.3,22.3,22.2,22.3,496100
2016-08-03,22.2,22.4,22.2,22.2,624500
2016-08-04,22.2,22.4,22.1,22.2,448620
2016-08-05,22.9,22.9,22.0,22.2,735500
2016-08-08,22.2,22.3,22.1,22.3,430300
2016-08-09,22.2,22.4,22.2,22.2,535800
2016-08-10,22.3,22.4,22.1,22.3,1123100
2016-08-11,22.4,22.7,22.3,22.7,1183400
2016-08-12,22.7,22.8,22.5,22.7,1005900
2016-08-15,22.6,22.8,22.2,22.6,928400
2016-08-16,22.6,22.7,22.3,22.4,831900
2016-08-17,22.4,22.5,22.2,22.2,201400
2016-08-18,22.2,22.3,22.1,22.2,494500
2016-08-19,22.2,22.8,22.2,22.5,575300
2016-08-22,22.4,23.0,22.4,22.9,1047800
2016-08-23,22.8,22.8,22.6,22.8,264060
2016-08-24,22.7,22.8,22.7,22.8,100910
2016-08-25,22.7,23.0,22.5,22.5,623000
2016-08-26,22.6,22.7,22.4,22.6,181035
2016-08-29,22.5,22.6,22.3,22.4,834900
2016-08-30,22.4,22.7,22.4,22.6,257000
2016-08-31,22.6,22.6,22.3,22.5,237520
2016-09-01,22.4,22.5,22.3,22.4,494200
2016-09-05,22.4,22.4,22.0,22.1,83200
2016-09-06,22.0,22.2,22.0,22.0,465080
2016-09-07,22.2,22.2,21.9,22.0,505100
2016-09-08,21.9,22.0,21.6,22.0,157000
2016-09-09,22.0,22.0,21.5,21.9,212300
2016-09-12,22.8,22.8,21.8,21.9,392700
2016-09-13,22.0,22.1,21.9,22.1,176200
2016-09-14,22.1,22.1,21.7,22.0,318109
2016-09-15,22.0,22.0,21.7,22.0,443300
2016-09-16,22.0,22.0,21.5,21.9,354200
2016-09-19,21.8,21.9,21.8,21.8,362700
2016-09-20,21.9,21.9,21.6,21.8,343296
2016-09-21,21.9,21.9,21.6,21.8,408004
2016-09-22,22.0,22.0,21.5,21.8,203300
2016-09-23,21.7,21.7,21.5,21.5,283700
2016-09-26,21.6,21.6,21.1,21.4,133040
2016-09-27,21.4,21.6,21.2,21.4,63233
2016-09-28,21.3,21.3,20.9,21.2,50400
2016-09-29,21.1,21.1,19.1,19.1,15200
2016-09-30,17.2,17.2,17.2,17.2,100
2016-10-03,15.5,15.5,15.5,15.5,160
2016-10-04,14.0,14.0,14.0,14.0,700
2016-10-05,12.6,12.6,12.6,12.6,100
2016-10-06,11.4,11.4,11.4,11.4,4200
2016-10-07,10.3,10.3,10.3,10.3,100
2016-10-10,9.3,9.3,9.3,9.3,500
2016-10-11,8.4,8.4,8.4,8.4,110
2016-10-12,7.6,7.6,7.6,7.6,100
2016-10-13,6.9,6.9,6.9,6.9,120
2016-10-14,6.3,6.3,6.3,6.3,420
2016-10-17,5.7,5.7,5.7,5.7,700
2016-10-18,5.2,5.2,5.2,5.2,1330
2016-10-19,4.7,4.7,4.7,4.7,9500
2016-10-20,4.3,4.3,4.3,4.3,1285572
2016-10-21,3.9,3.9,3.9,3.9,802000
2016-10-24,3.6,3.6,3.6,3.6,118400
2016-10-25,3.3,3.3,3.3,3.3,1340300
2016-10-26,3.0,3.0,3.0,3.0,232108
2016-10-27,2.7,2.7,2.7,2.7,1119762
2016-10-28,2.6,2.9,2.5,2.9,2592700
2016-10-31,3.1,3.1,3.0,3.1,458240
2016-11-01,3.3,3.4,3.0,3.1,1873310
2016-11-02,2.8,3.0,2.8,2.8,1145200
2016-11-03,2.7,2.8,2.6,2.6,988100
2016-11-04,2.6,2.8,2.5,2.5,381220
2016-11-07,2.6,2.7,2.5,2.6,458700
2016-11-08,2.6,2.8,2.6,2.8,378000
2016-11-09,2.9,2.9,2.6,2.8,606100
2016-11-10,2.8,2.9,2.7,2.8,263000
2016-11-11,2.8,2.8,2.6,2.7,185400
2016-11-14,2.8,2.8,2.5,2.7,225300
2016-11-15,2.7,2.7,2.6,2.7,116450
2016-11-16,2.7,2.7,2.6,2.7,142600
2016-11-17,2.7,2.7,2.6,2.7,58700
2016-11-18,2.7,2.7,2.5,2.5,321400
2016-11-21,2.5,2.6,2.4,2.5,161100
2016-11-22,2.6,2.6,2.5,2.5,95400
2016-11-23,2.6,2.6,2.5,2.6,258300
2016-11-24,2.6,2.6,2.5,2.5,71800
2016-11-25,2.6,2.6,2.5,2.6,158300
2016-11-28,2.6,2.6,2.5,2.5,265500
2016-11-29,2.5,2.6,2.4,2.4,178700
2016-11-30,2.5,2.5,2.4,2.5,117800
2016-12-01,2.5,2.6,2.4,2.5,170450
2016-12-02,2.6,2.6,2.5,2.5,211500
2016-12-05,2.5,2.6,2.4,2.4,84500
2016-12-06,2.4,2.6,2.4,2.6,211200
2016-12-07,2.6,2.7,2.5,2.5,354900
2016-12-08,2.6,2.7,2.6,2.6,239650
2016-12-09,2.6,2.6,2.5,2.5,245900
2016-12-12,2.5,2.6,2.5,2.5,121760
2016-12-13,2.5,2.6,2.5,2.6,303490
2016-12-14,2.6,2.6,2.5,2.6,79000
2016-12-15,2.6,2.6,2.5,2.5,46610
2016-12-16,2.5,2.5,2.5,2.5,270050
2016-12-19,2.5,2.6,2.5,2.5,158300
2016-12-20,2.5,2.6,2.5,2.6,221300
2016-12-21,2.6,2.6,2.4,2.6,358750
2016-12-22,2.6,2.6,2.4,2.5,53200
2016-12-23,2.5,2.5,2.4,2.5,73700
2016-12-26,2.4,2.4,2.3,2.3,61100
2016-12-27,2.4,2.4,2.2,2.2,143300
2016-12-28,2.1,2.3,2.1,2.3,86200
2016-12-29,2.3,2.3,2.2,2.3,30400
2016-12-30,2.2,2.3,2.2,2.2,28300
2017-01-03,2.2,2.3,2.2,2.2,14800
2017-01-04,2.3,2.3,2.1,2.1,294610
2017-01-05,2.1,2.2,2.0,2.1,111100
2017-01-06,2.2,2.2,2.1,2.2,28700
2017-01-09,2.2,2.3,2.2,2.2,77200
2017-01-10,2.2,2.2,2.0,2.1,101110
2017-01-11,2.1,2.2,2.1,2.1,32200
2017-01-12,2.1,2.1,2.0,2.0,27130
2017-01-13,2.0,2.2,2.0,2.2,151300
2017-01-16,2.2,2.3,2.1,2.1,155000
2017-01-17,2.0,2.1,2.0,2.0,83700
2017-01-18,2.0,2.0,2.0,2.0,17300
2017-01-19,2.0,2.1,2.0,2.1,36600
2017-01-20,2.0,2.0,1.9,1.9,41300
2017-01-23,2.0,2.0,1.9,2.0,42600
2017-01-24,2.0,2.1,2.0,2.1,32300
2017-01-25,2.1,2.2,2.1,2.1,78900
2017-02-02,2.1,2.2,2.0,2.2,65310
2017-02-03,2.1,2.2,2.0,2.2,118300
2017-02-06,2.1,2.2,2.1,2.2,98050
2017-02-07,2.2,2.2,2.1,2.2,200800
2017-02-08,2.2,2.2,2.1,2.2,69540
2017-02-09,2.1,2.4,2.1,2.4,263000
2017-02-10,2.5,2.6,2.5,2.6,344000
2017-02-13,2.7,2.8,2.6,2.7,318050
2017-02-14,2.7,2.8,2.6,2.7,507900
2017-02-15,2.7,2.9,2.7,2.9,410400
2017-02-16,3.0,3.1,3.0,3.1,358750
2017-02-17,3.2,3.4,3.2,3.4,1267737
2017-02-20,3.7,3.7,3.7,3.7,363610
2017-02-21,3.9,4.0,3.9,4.0,99060
2017-02-22,4.1,4.4,3.6,3.6,524237
2017-02-23,3.5,3.5,3.3,3.3,94110
2017-02-24,3.0,3.0,3.0,3.0,204720
2017-02-27,2.9,3.3,2.7,3.3,1205900
2017-02-28,3.4,3.6,3.4,3.5,307930
2017-03-01,3.5,3.5,3.2,3.2,430170
2017-03-02,3.0,3.3,2.9,3.2,394000
2017-03-03,3.2,3.3,3.0,3.3,233400
2017-03-06,3.2,3.3,3.0,3.1,344800
2017-03-07,2.9,3.2,2.9,3.2,157480
2017-03-08,3.1,3.1,3.0,3.0,115400
2017-03-09,3.1,3.1,2.9,3.0,280800
2017-03-10,2.9,3.1,2.9,3.0,222200
2017-03-13,3.0,3.0,2.9,2.9,326720
2017-03-14,2.9,3.0,2.8,2.9,401500
2017-03-15,2.9,3.0,2.8,3.0,72820
2017-03-16,2.9,3.0,2.8,2.8,307070
2017-03-17,2.8,2.9,2.8,2.8,231500
2017-03-20,2.9,3.0,2.8,2.9,363910
2017-03-21,2.9,2.9,2.8,2.9,942030
2017-03-22,2.9,2.9,2.8,2.9,147910
2017-03-23,2.8,2.8,2.7,2.8,244470
2017-03-24,2.8,2.9,2.8,2.8,175610
2017-03-27,2.8,2.8,2.7,2.7,184720
2017-03-28,2.7,2.8,2.5,2.6,295210
2017-03-29,2.7,2.8,2.6,2.8,350100
2017-03-30,2.8,2.9,2.7,2.7,196400
2017-03-31,2.7,2.8,2.6,2.6,132100
2017-04-03,2.7,2.7,2.6,2.7,116400
2017-04-04,2.7,2.7,2.6,2.6,147200
2017-04-05,2.6,2.7,2.6,2.7,132500
2017-04-07,2.6,2.7,2.6,2.6,43510
2017-04-10,2.7,2.7,2.6,2.6,228200
2017-04-11,2.6,2.6,2.5,2.5,135100
2017-04-12,2.5,2.6,2.4,2.6,300300
2017-04-13,2.6,2.6,2.5,2.6,69600
2017-04-14,2.5,2.6,2.5,2.6,184400
2017-04-17,2.6,2.6,2.5,2.5,75500
2017-04-18,2.4,2.5,2.4,2.4,68900
2017-04-19,2.4,2.6,2.4,2.6,156400
2017-04-20,2.5,2.6,2.5,2.5,89700
2017-04-21,2.5,2.6,2.4,2.5,43377
2017-04-24,2.6,2.6,2.5,2.5,105500
2017-04-25,2.5,2.6,2.5,2.5,89200
2017-04-26,2.5,2.6,2.5,2.6,5100
2017-04-27,2.6,2.6,2.5,2.6,10900
2017-04-28,2.6,2.6,2.5,2.5,135600
2017-05-03,2.5,2.6,2.5,2.5,46755
2017-05-04,2.5,2.6,2.4,2.5,92670
2017-05-05,2.4,2.6,2.4,2.6,132100
2017-05-08,2.6,2.6,2.5,2.5,88000
2017-05-09,2.5,2.6,2.5,2.6,25725
2017-05-10,2.6,2.7,2.5,2.6,283708
2017-05-11,2.6,2.8,2.6,2.8,128175
2017-05-12,2.7,3.0,2.7,2.9,752551
2017-05-15,2.9,3.1,2.9,3.1,561408
2017-05-16,3.4,3.4,3.2,3.2,558300
2017-05-17,3.2,3.2,2.9,3.1,514230
2017-05-18,3.1,3.1,2.8,2.8,229425
2017-05-19,2.8,3.0,2.8,3.0,225100
2017-05-22,3.0,3.1,2.9,2.9,250031
2017-05-23,2.9,3.1,2.9,3.1,489425
2017-05-24,3.1,3.2,3.0,3.0,486400
2017-05-25,3.0,3.2,3.0,3.0,267710
2017-05-26,3.0,3.2,3.0,3.1,335900
2017-05-29,3.1,3.2,2.9,3.1,473915
2017-05-30,3.2,3.2,2.9,3.0,201700
2017-05-31,3.0,3.1,2.9,3.0,255605
2017-06-01,3.0,3.1,2.9,3.1,283600
2017-06-02,3.0,3.2,2.9,3.1,391000
2017-06-05,3.1,3.4,3.1,3.4,988590
2017-06-06,3.4,3.7,3.4,3.7,1317910
2017-06-07,3.8,4.0,3.6,3.7,1290200
2017-06-08,3.7,4.0,3.5,4.0,1999560
2017-06-09,4.1,4.4,4.1,4.3,1921157
2017-06-12,4.3,4.3,3.9,3.9,881999
2017-06-13,3.6,3.7,3.6,3.6,1449431
2017-06-14,3.5,3.5,3.3,3.5,1732189
2017-06-15,3.5,3.8,3.4,3.8,703950
2017-06-16,3.8,3.8,3.6,3.6,889970
2017-06-19,3.6,3.7,3.5,3.5,847676
2017-06-20,3.6,3.7,3.5,3.5,289425
2017-06-21,3.6,3.6,3.3,3.4,837248
2017-06-22,3.4,3.6,3.4,3.5,540821
2017-06-23,3.5,3.5,3.3,3.3,413240
2017-06-26,3.3,3.5,3.3,3.5,359959
2017-06-27,3.5,3.6,3.4,3.5,244000
2017-06-28,3.5,3.5,3.4,3.4,261110
2017-06-29,3.4,3.5,3.4,3.4,167760
2017-06-30,3.5,3.5,3.3,3.5,211706
2017-07-03,3.4,3.7,3.4,3.7,905133
2017-07-04,3.7,3.7,3.5,3.6,237346
2017-07-05,3.6,3.7,3.5,3.7,248100
2017-07-06,3.8,3.9,3.6,3.8,1221053
2017-07-07,3.8,3.8,3.6,3.7,524626
2017-07-10,3.7,3.7,3.5,3.5,417770
2017-07-11,3.4,3.6,3.4,3.6,283510
2017-07-12,3.6,3.6,3.4,3.6,310100
2017-07-13,3.5,3.6,3.4,3.5,248913
2017-07-14,3.5,3.6,3.5,3.5,236220
2017-07-17,3.5,3.6,3.5,3.6,175900
2017-07-18,3.5,3.6,3.4,3.5,385353
2017-07-19,3.5,3.6,3.5,3.6,438963
2017-07-20,3.6,3.7,3.5,3.6,626220
2017-07-21,3.6,3.6,3.5,3.6,156573
2017-07-24,3.5,3.6,3.4,3.4,280930
2017-07-25,3.4,3.5,3.3,3.5,368100
2017-07-26,3.5,3.6,3.4,3.5,256110
2017-07-27,3.5,3.8,3.4,3.8,2124172
2017-07-28,4.1,4.1,3.7,3.7,817353
2017-07-31,3.8,4.0,3.7,4.0,2568500
2017-08-01,3.7,3.8,3.6,3.6,1628483
2017-08-02,3.5,3.7,3.4,3.7,425300
2017-08-03,3.5,3.7,3.4,3.5,1018300
2017-08-04,3.5,3.6,3.5,3.5,697015
2017-08-07,3.5,3.7,3.4,3.7,749900
2017-08-08,3.6,3.7,3.5,3.5,1018250
2017-08-09,3.5,3.7,3.5,3.5,1386500
2017-08-10,3.6,3.6,3.4,3.5,695500
2017-08-11,3.5,3.5,3.4,3.4,116603
2017-08-14,3.4,3.5,3.3,3.4,855600
2017-08-15,3.4,3.6,3.4,3.4,701470
2017-08-16,3.5,3.6,3.4,3.6,712053
2017-08-17,3.6,3.6,3.4,3.4,618200
2017-08-18,3.4,3.5,3.3,3.4,509500
2017-08-21,3.4,3.5,3.4,3.5,236400
2017-08-22,3.4,3.5,3.3,3.4,599601
2017-08-23,3.4,3.5,3.3,3.4,427409
2017-08-24,3.4,3.5,3.3,3.4,179600
2017-08-25,3.4,3.4,3.2,3.4,560401
2017-08-28,3.3,3.4,3.3,3.3,165910
2017-08-29,3.4,3.4,3.2,3.2,477900
2017-08-30,3.3,3.3,3.2,3.3,260400
2017-08-31,3.3,3.3,3.1,3.2,372970
2017-09-01,3.2,3.2,3.1,3.2,187900
2017-09-05,3.2,3.2,3.0,3.1,362570
2017-09-06,3.1,3.1,3.0,3.1,357750
2017-09-07,3.1,3.2,3.0,3.1,174210
2017-09-08,3.1,3.2,3.1,3.1,374437
2017-09-11,3.0,3.0,2.8,2.9,1026990
2017-09-12,3.0,3.0,2.7,2.7,1022700
2017-09-13,2.7,2.9,2.7,2.9,489700
2017-09-14,2.9,3.1,2.9,3.1,1274130
2017-09-15,3.1,3.1,2.9,2.9,258600
2017-09-18,3.0,3.0,2.9,2.9,246150
2017-09-19,3.0,3.1,2.9,3.0,538800
2017-09-20,3.1,3.1,3.0,3.0,265900
2017-09-21,3.0,3.0,2.9,2.9,162500
2017-09-22,2.9,3.0,2.9,2.9,542840
2017-09-25,2.9,3.0,2.8,2.9,242400
2017-09-26,2.9,3.0,2.8,3.0,285560
2017-09-27,2.9,3.0,2.8,2.9,249740
2017-09-28,2.9,2.9,2.8,2.9,85300
2017-09-29,2.8,3.0,2.8,2.9,191300
2017-10-02,3.0,3.0,2.8,2.9,204000
2017-10-03,2.9,2.9,2.8,2.8,228700
2017-10-04,2.8,2.9,2.8,2.8,115300
2017-10-05,2.8,2.9,2.8,2.8,163200
2017-10-06,2.9,2.9,2.8,2.9,94960
2017-10-09,2.9,2.9,2.8,2.8,78500
2017-10-10,2.8,2.9,2.7,2.8,126010
2017-10-11,2.7,2.9,2.7,2.7,314000
2017-10-12,2.7,2.8,2.7,2.7,103200
2017-10-13,2.7,2.8,2.6,2.7,163310
2017-10-16,2.7,2.8,2.6,2.7,67150
2017-10-17,2.8,2.8,2.6,2.8,147000
2017-10-18,2.8,2.8,2.7,2.7,113915
2017-10-19,2.7,2.8,2.6,2.6,248170
2017-10-20,2.7,2.7,2.6,2.6,85180
2017-10-23,2.7,2.7,2.5,2.6,172100
2017-10-24,2.6,2.6,2.4,2.5,145040
2017-10-25,2.5,2.6,2.4,2.6,132326
2017-10-26,2.5,2.6,2.4,2.4,96100
2017-10-27,2.3,2.5,2.3,2.5,195420
2017-10-30,2.4,2.4,2.3,2.3,557345
2017-10-31,2.3,2.4,2.2,2.3,124000
2017-11-01,2.3,2.3,2.1,2.1,331000
2017-11-02,2.2,2.2,2.0,2.1,142000
2017-11-03,2.1,2.1,2.0,2.0,170010
2017-11-06,2.1,2.2,2.1,2.2,139435
2017-11-07,2.2,2.3,2.2,2.2,101410
2017-11-08,2.2,2.2,2.1,2.1,89100
2017-11-09,2.2,2.3,2.0,2.0,482800
2017-11-10,2.0,2.1,1.8,2.0,585300
2017-11-13,2.0,2.1,2.0,2.1,129080
2017-11-14,2.0,2.0,1.9,1.9,447550
2017-11-15,1.8,1.9,1.8,1.8,824590
2017-11-16,1.8,1.9,1.7,1.9,355665
2017-11-17,1.9,2.0,1.9,1.9,327800
2017-11-20,1.9,2.0,1.9,2.0,303720
2017-11-21,2.0,2.1,1.9,2.1,292100
2017-11-22,2.0,2.1,2.0,2.0,119500
2017-11-23,2.0,2.0,1.9,2.0,29100
2017-11-24,2.0,2.0,1.9,2.0,118000
2017-11-27,2.0,2.1,1.9,2.0,147200
2017-11-28,2.0,2.1,1.9,2.1,462300
2017-11-29,2.0,2.1,2.0,2.0,154600
2017-11-30,2.0,2.0,1.9,2.0,35800
2017-12-01,2.0,2.0,1.9,2.0,35700
2017-12-04,2.0,2.1,2.0,2.1,200700
2017-12-05,2.0,2.1,1.9,2.0,160300
2017-12-06,2.0,2.0,1.9,2.0,172890
2017-12-07,2.0,2.0,1.9,1.9,189300
2017-12-08,1.9,2.0,1.9,2.0,134200
2017-12-11,2.0,2.0,1.9,2.0,263100
2017-12-12,1.9,2.0,1.8,1.9,103400
2017-12-13,1.9,1.9,1.8,1.9,49580
2017-12-14,1.8,2.0,1.8,1.9,155900
2017-12-15,1.8,1.9,1.8,1.9,163500
2017-12-18,1.9,1.9,1.8,1.8,225600
2017-12-19,1.8,1.9,1.8,1.8,168200
2017-12-20,1.9,1.9,1.8,1.8,30800
2017-12-21,1.8,1.9,1.8,1.9,311410
2017-12-22,2.0,2.0,2.0,2.0,77000
2017-12-25,2.1,2.2,2.1,2.2,734860
2017-12-26,2.3,2.4,2.1,2.2,166410
2017-12-27,2.1,2.2,2.0,2.1,193100
2017-12-28,2.0,2.1,1.9,2.0,230151
2017-12-29,2.0,2.1,1.9,2.1,59500
2018-01-02,2.1,2.1,2.0,2.0,109544
2018-01-03,2.0,2.0,1.9,1.9,91700
2018-01-04,1.9,2.0,1.9,1.9,58300
2018-01-05,1.9,2.0,1.9,1.9,117300
2018-01-08,1.9,2.0,1.8,1.9,33800
2018-01-09,1.9,2.0,1.8,1.9,199220
2018-01-10,1.9,2.0,1.9,2.0,128600
2018-01-11,1.9,2.0,1.8,1.9,1085110
2018-01-12,1.9,1.9,1.8,1.8,265800
2018-01-15,1.8,1.8,1.8,1.8,0
2018-01-16,1.8,1.8,1.8,1.8,0
2018-01-17,1.8,1.8,1.8,1.8,0
2018-01-18,1.8,1.8,1.8,1.8,0
2018-01-19,1.7,1.7,1.7,1.7,8700
2018-01-22,1.7,1.7,1.7,1.7,0
2018-01-23,1.7,1.7,1.7,1.7,0
2018-01-24,1.7,1.7,1.7,1.7,0
2018-01-25,1.7,1.7,1.7,1.7,0
2018-01-26,1.6,1.6,1.6,1.6,27700
2018-01-29,1.6,1.6,1.6,1.6,0
2018-01-30,1.6,1.6,1.6,1.6,0
2018-01-31,1.6,1.6,1.6,1.6,0
2018-02-01,1.6,1.6,1.6,1.6,0
2018-02-02,1.5,1.5,1.5,1.5,22600
2018-02-05,1.5,1.5,1.5,1.5,0
2018-02-06,1.5,1.5,1.5,1.5,0
2018-02-07,1.5,1.5,1.5,1.5,0
2018-02-08,1.5,1.5,1.5,1.5,0
2018-02-09,1.4,1.4,1.4,1.4,43520
2018-02-12,1.4,1.4,1.4,1.4,0
2018-02-13,1.4,1.4,1.4,1.4,0
2018-02-21,1.4,1.4,1.4,1.4,0
2018-02-22,1.4,1.4,1.4,1.4,0
2018-02-23,1.3,1.3,1.3,1.3,40800
2018-02-26,1.3,1.3,1.3,1.3,0
2018-02-27,1.3,1.3,1.3,1.3,0
2018-02-28,1.3,1.3,1.3,1.3,0
2018-03-01,1.3,1.3,1.3,1.3,0
2018-03-02,1.2,1.2,1.2,1.2,192800
2018-03-05,1.2,1.2,1.2,1.2,0
2018-03-06,1.2,1.2,1.2,1.2,0
2018-03-07,1.2,1.2,1.2,1.2,0
2018-03-08,1.2,1.2,1.2,1.2,0
2018-03-09,1.1,1.3,1.1,1.1,751870
2018-03-12,1.1,1.1,1.1,1.1,0
2018-03-13,1.1,1.1,1.1,1.1,0
2018-03-14,1.1,1.1,1.1,1.1,0
2018-03-15,1.1,1.1,1.1,1.1,0
2018-03-16,1.1,1.2,1.0,1.1,672600
2018-03-19,1.1,1.1,1.1,1.1,0
2018-03-20,1.1,1.1,1.1,1.1,0
2018-03-21,1.1,1.1,1.1,1.1,0
2018-03-22,1.1,1.1,1.1,1.1,0
2018-03-23,1.1,1.2,1.0,1.0,426060
2018-03-26,1.0,1.0,1.0,1.0,0
2018-03-27,1.0,1.0,1.0,1.0,0
2018-03-28,1.0,1.0,1.0,1.0,0
2018-03-29,1.0,1.0,1.0,1.0,0
2018-03-30,1.0,1.0,0.9,0.9,368500
2018-04-02,0.9,0.9,0.9,0.9,0
2018-04-03,0.9,0.9,0.9,0.9,0
2018-04-04,0.9,0.9,0.9,0.9,0
2018-04-05,0.9,0.9,0.9,0.9,0
2018-04-06,0.9,1.0,0.8,0.9,249630
2018-04-09,0.9,0.9,0.9,0.9,0
2018-04-10,0.9,0.9,0.9,0.9,0
2018-04-11,0.9,0.9,0.9,0.9,0
2018-04-12,0.9,0.9,0.9,0.9,0
2018-04-13,0.9,1.0,0.8,0.9,228750
2018-04-16,0.9,0.9,0.9,0.9,0
2018-04-17,0.9,0.9,0.9,0.9,0
2018-04-18,0.9,0.9,0.9,0.9,0
2018-04-19,0.9,0.9,0.9,0.9,0
2018-04-20,0.9,0.9,0.8,0.9,175900
2018-04-23,0.9,0.9,0.9,0.9,0
2018-04-24,0.9,0.9,0.9,0.9,0
2018-04-26,0.9,0.9,0.9,0.9,0
2018-04-27,0.9,0.9,0.8,0.8,118000
2018-05-02,0.8,0.8,0.8,0.8,0
2018-05-03,0.8,0.8,0.8,0.8,0
2018-05-04,0.7,0.8,0.7,0.7,354750
2018-05-07,0.7,0.7,0.7,0.7,0
2018-05-08,0.7,0.7,0.7,0.7,0
2018-05-09,0.7,0.7,0.7,0.7,0
2018-05-10,0.7,0.7,0.7,0.7,0
2018-05-11,0.6,0.8,0.6,0.7,3642800
2018-05-14,0.7,0.7,0.7,0.7,0
2018-05-15,0.7,0.7,0.7,0.7,0
2018-05-16,0.7,0.7,0.7,0.7,0
2018-05-17,0.7,0.7,0.7,0.7,0
2018-05-18,0.6,0.8,0.6,0.7,771300
2018-05-21,0.7,0.7,0.7,0.7,0
2018-05-22,0.7,0.7,0.7,0.7,0
2018-05-23,0.7,0.7,0.7,0.7,0
2018-05-24,0.7,0.7,0.7,0.7,0
2018-05-25,0.7,0.8,0.6,0.6,461300
2018-05-28,0.6,0.6,0.6,0.6,0
2018-05-29,0.6,0.6,0.6,0.6,0
2018-05-30,0.6,0.6,0.6,0.6,0
2018-05-31,0.6,0.6,0.6,0.6,0
2018-06-01,0.7,0.7,0.7,0.7,450300
2018-06-04,0.7,0.7,0.7,0.7,0
2018-06-05,0.7,0.7,0.7,0.7,0
2018-06-06,0.7,0.7,0.7,0.7,0
2018-06-07,0.7,0.7,0.7,0.7,0
2018-06-08,0.8,0.8,0.8,0.8,120800
2018-06-11,0.8,0.8,0.8,0.8,0
2018-06-12,0.8,0.8,0.8,0.8,0
2018-06-13,0.8,0.8,0.8,0.8,0
2018-06-14,0.8,0.8,0.8,0.8,0
2018-06-15,0.9,0.9,0.9,0.9,426664
2018-06-18,0.9,0.9,0.9,0.9,0
2018-06-19,0.9,0.9,0.9,0.9,0
2018-06-20,0.9,0.9,0.9,0.9,0
2018-06-21,0.9,0.9,0.9,0.9,0
2018-06-22,0.9,1.0,0.8,0.9,579100
2018-06-25,0.9,0.9,0.9,0.9,0
2018-06-26,0.9,0.9,0.9,0.9,0
2018-06-27,0.9,0.9,0.9,0.9,0
2018-06-28,0.9,0.9,0.9,0.9,0
2018-06-29,0.9,0.9,0.8,0.9,124722
2018-07-02,0.9,0.9,0.9,0.9,0
2018-07-03,0.9,0.9,0.9,0.9,0
2018-07-04,0.9,0.9,0.9,0.9,0
2018-07-05,0.9,0.9,0.9,0.9,0
2018-07-06,0.9,0.9,0.8,0.8,439110
2018-07-09,0.8,0.8,0.8,0.8,0
2018-07-10,0.8,0.8,0.8,0.8,0
2018-07-11,0.8,0.8,0.8,0.8,0
2018-07-12,0.8,0.8,0.8,0.8,0
2018-07-13,0.9,0.9,0.7,0.8,61937
2018-07-16,0.8,0.8,0.8,0.8,0
2018-07-17,0.8,0.8,0.8,0.8,0
2018-07-18,0.8,0.8,0.8,0.8,0
2018-07-19,0.8,0.8,0.8,0.8,0
2018-07-20,0.8,0.9,0.8,0.9,184620
2018-07-23,0.9,0.9,0.9,0.9,0
2018-07-24,0.9,0.9,0.9,0.9,0
2018-07-25,0.9,0.9,0.9,0.9,0
2018-07-26,0.9,0.9,0.9,0.9,0
2018-07-27,0.9,0.9,0.8,0.8,96070
2018-07-30,0.8,0.8,0.8,0.8,0
2018-07-31,0.8,0.8,0.8,0.8,0
2018-08-01,0.8,0.8,0.8,0.8,0
2018-08-02,0.8,0.8,0.8,0.8,0
2018-08-03,0.8,0.9,0.8,0.8,125477
2018-08-06,0.8,0.8,0.8,0.8,0
2018-08-07,0.8,0.8,0.8,0.8,0
2018-08-08,0.8,0.8,0.8,0.8,0
2018-08-09,0.8,0.8,0.8,0.8,0
2018-08-10,0.8,0.9,0.7,0.8,271605
2018-08-13,0.8,0.8,0.8,0.8,0
2018-08-14,0.8,0.8,0.8,0.8,0
2018-08-15,0.8,0.8,0.8,0.8,0
2018-08-16,0.8,0.8,0.8,0.8,0
2018-08-17,0.9,0.9,0.8,0.9,163100
2018-08-20,0.9,0.9,0.9,0.9,0
2018-08-21,0.9,0.9,0.9,0.9,0
2018-08-22,0.9,0.9,0.9,0.9,0
2018-08-23,0.9,0.9,0.9,0.9,0
2018-08-24,0.9,0.9,0.8,0.8,204708
2018-08-27,0.8,0.8,0.8,0.8,0
2018-08-28,0.8,0.8,0.8,0.8,0
2018-08-29,0.8,0.8,0.8,0.8,0
2018-08-30,0.8,0.8,0.8,0.8,0
2018-08-31,0.9,0.9,0.7,0.8,173100
2018-09-04,0.8,0.8,0.8,0.8,0
2018-09-05,0.8,0.8,0.8,0.8,0
2018-09-06,0.8,0.8,0.8,0.8,0
2018-09-07,0.8,0.9,0.8,0.9,408500
2018-09-10,0.9,0.9,0.9,0.9,0
2018-09-11,0.9,0.9,0.9,0.9,0
2018-09-12,0.9,0.9,0.9,0.9,0
2018-09-13,1.0,1.0,1.0,1.0,20600
2018-09-14,1.1,1.1,1.1,1.1,19212
2018-09-17,1.2,1.2,1.2,1.2,11340
2018-09-18,1.3,1.3,1.3,1.3,31300
2018-09-19,1.4,1.4,1.2,1.4,2265648
2018-09-20,1.5,1.5,1.4,1.5,583220
2018-09-21,1.5,1.6,1.4,1.4,678120
2018-09-24,1.3,1.4,1.3,1.3,420008
2018-09-25,1.2,1.4,1.2,1.4,436100
2018-09-26,1.4,1.5,1.3,1.5,363833
2018-09-27,1.5,1.5,1.4,1.5,123420
2018-09-28,1.4,1.5,1.4,1.4,305800
2018-10-01,1.3,1.4,1.3,1.4,370633
2018-10-02,1.4,1.4,1.3,1.4,183100
2018-10-03,1.4,1.4,1.3,1.3,216100
2018-10-04,1.2,1.3,1.2,1.2,487335
2018-10-05,1.3,1.3,1.2,1.3,198540
2018-10-08,1.3,1.4,1.2,1.3,232400
2018-10-09,1.4,1.4,1.2,1.2,126400
2018-10-10,1.2,1.3,1.2,1.3,364840
2018-10-11,1.2,1.3,1.2,1.2,620300
2018-10-12,1.1,1.2,1.1,1.2,378200
2018-10-15,1.2,1.2,1.1,1.1,180200
2018-10-16,1.2,1.2,1.2,1.2,272800
2018-10-17,1.3,1.3,1.2,1.3,1303902
2018-10-18,1.4,1.4,1.2,1.4,661600
2018-10-19,1.3,1.4,1.3,1.3,282600
2018-10-22,1.2,1.3,1.2,1.2,657510
2018-10-23,1.1,1.3,1.1,1.2,682370
2018-10-24,1.1,1.2,1.1,1.1,158500
2018-10-25,1.1,1.1,1.0,1.1,163600
2018-10-26,1.1,1.2,1.1,1.1,171400
2018-10-29,1.1,1.2,1.0,1.0,284200
2018-10-30,1.0,1.1,0.9,0.9,526210
2018-10-31,1.0,1.0,1.0,1.0,368913
2018-11-01,1.1,1.1,1.0,1.1,347400
2018-11-02,1.1,1.2,1.1,1.1,145070
2018-11-05,1.1,1.2,1.0,1.1,95645
2018-11-06,1.1,1.2,1.0,1.2,282300
2018-11-07,1.2,1.2,1.1,1.2,198783
2018-11-08,1.1,1.2,1.1,1.1,183600
2018-11-09,1.1,1.2,1.0,1.1,175200
2018-11-12,1.0,1.2,1.0,1.1,124400
2018-11-13,1.1,1.2,1.1,1.2,93400
2018-11-14,1.2,1.2,1.1,1.1,267400
2018-11-15,1.1,1.2,1.0,1.0,259400
2018-11-16,1.0,1.1,1.0,1.1,253402
2018-11-19,1.2,1.2,1.1,1.1,59612
2018-11-20,1.1,1.2,1.1,1.1,252000
2018-11-21,1.1,1.2,1.1,1.2,157342
2018-11-22,1.1,1.2,1.1,1.2,213510
2018-11-23,1.2,1.2,1.1,1.1,146924
2018-11-26,1.0,1.1,1.0,1.1,119000
2018-11-27,1.0,1.1,1.0,1.0,51700
2018-11-28,1.1,1.1,1.0,1.1,43700
2018-11-29,1.0,1.1,1.0,1.1,190830
2018-11-30,1.0,1.1,1.0,1.0,98882
2018-12-03,1.0,1.1,1.0,1.1,163710
2018-12-04,1.0,1.1,1.0,1.0,58700
2018-12-05,1.1,1.1,1.0,1.1,12300
2018-12-06,1.1,1.1,1.0,1.0,225200
2018-12-07,1.1,1.1,1.0,1.1,18700
2018-12-10,1.1,1.1,1.0,1.0,134000
2018-12-11,1.1,1.1,1.0,1.0,32200
2018-12-12,1.0,1.1,0.9,1.1,79500
2018-12-13,1.1,1.1,1.0,1.0,103800
2018-12-14,1.0,1.0,0.9,1.0,149900
2018-12-17,1.0,1.0,0.9,0.9,318010
2018-12-18,0.9,1.0,0.9,0.9,211354
2018-12-19,0.9,1.0,0.9,0.9,157600
2018-12-20,0.9,1.0,0.8,1.0,140410
2018-12-21,1.0,1.0,0.9,0.9,551710
2018-12-24,0.9,1.0,0.9,0.9,24610
2018-12-25,0.9,1.0,0.8,0.9,186800
2018-12-26,0.9,1.0,0.8,0.9,147500
2018-12-27,0.9,1.0,0.8,0.9,85910
2018-12-28,0.9,1.0,0.9,0.9,139100
2019-01-02,1.0,1.0,0.8,0.8,28900
2019-01-03,0.9,0.9,0.8,0.9,88310
2019-01-04,0.9,0.9,0.8,0.8,34800
2019-01-07,0.9,0.9,0.9,0.9,15300
2019-01-08,0.8,0.9,0.8,0.8,29400
2019-01-09,0.8,0.9,0.7,0.7,326400
2019-01-10,0.8,0.8,0.7,0.8,65740
2019-01-11,0.9,0.9,0.8,0.8,301600
2019-01-14,0.8,0.9,0.7,0.8,128800
2019-01-15,0.8,0.9,0.7,0.8,103500
2019-01-16,0.8,0.9,0.7,0.9,27200
2019-01-17,0.9,0.9,0.8,0.8,37400
2019-01-18,0.8,0.8,0.7,0.8,73800
2019-01-21,0.8,0.9,0.7,0.8,64006
2019-01-22,0.7,0.9,0.7,0.8,143400
2019-01-23,0.7,0.8,0.7,0.8,30220
2019-01-24,0.7,0.9,0.7,0.8,21500
2019-01-25,0.8,0.9,0.7,0.8,56100
2019-01-28,0.7,0.9,0.7,0.8,16400
2019-01-29,0.7,0.8,0.7,0.7,42000
2019-01-30,0.7,0.8,0.7,0.8,9210
2019-01-31,0.7,0.8,0.7,0.7,309700
2019-02-01,0.7,0.8,0.6,0.7,124000
2019-02-11,0.8,0.8,0.7,0.7,15600
2019-02-12,0.8,0.8,0.7,0.8,32300
2019-02-13,0.8,0.8,0.7,0.7,12900
2019-02-14,0.8,0.8,0.6,0.8,614804
2019-02-15,0.8,0.8,0.7,0.7,6800
2019-02-18,0.7,0.8,0.7,0.7,416700
2019-02-19,0.7,0.7,0.6,0.7,149900
2019-02-20,0.7,0.8,0.6,0.7,122944
2019-02-21,0.7,0.7,0.6,0.7,70510
2019-02-22,0.7,0.7,0.6,0.7,53100
2019-02-25,0.7,0.8,0.6,0.8,258600
2019-02-26,0.7,0.8,0.7,0.7,496600
2019-02-27,0.7,0.8,0.6,0.8,865000
2019-02-28,0.8,0.8,0.7,0.7,160000
2019-03-01,0.8,0.8,0.7,0.7,18800
2019-03-04,0.7,0.8,0.7,0.7,195200
2019-03-05,0.7,0.8,0.7,0.7,146800
2019-03-06,0.7,0.8,0.7,0.7,241300
2019-03-07,0.8,0.8,0.8,0.8,525910
2019-03-08,0.9,0.9,0.8,0.8,292700
2019-03-11,0.8,0.9,0.7,0.8,258600
2019-03-12,0.9,0.9,0.7,0.8,307201
2019-03-13,0.8,0.8,0.7,0.8,48800
2019-03-14,0.7,0.9,0.7,0.8,259500
2019-03-15,0.8,0.9,0.7,0.8,129700
2019-03-18,0.8,0.9,0.8,0.9,256800
2019-03-19,0.9,0.9,0.8,0.8,234700
2019-03-20,0.8,0.9,0.7,0.9,233800
2019-03-21,0.8,0.9,0.8,0.8,97600
2019-03-22,0.8,0.9,0.8,0.8,123320
2019-03-25,0.8,0.8,0.7,0.8,62800
2019-03-26,0.8,0.8,0.7,0.7,66741
2019-03-27,0.8,0.8,0.7,0.8,44500
2019-03-28,0.8,0.8,0.7,0.8,105800
2019-03-29,0.8,0.9,0.8,0.8,296110
2019-04-01,0.8,0.9,0.7,0.8,288030
2019-04-02,0.8,0.9,0.7,0.8,294900
2019-04-03,0.8,0.8,0.7,0.7,1398800
2019-04-04,0.7,0.8,0.6,0.7,1704130
2019-04-05,0.7,0.8,0.7,0.7,618700
2019-04-08,0.7,0.8,0.7,0.7,603300
2019-04-09,0.7,0.8,0.7,0.7,132144
2019-04-10,0.8,0.8,0.7,0.8,339100
2019-04-11,0.8,0.8,0.7,0.7,189300
2019-04-12,0.7,0.8,0.7,0.8,491030
2019-04-16,0.8,0.8,0.7,0.7,284200
2019-04-17,0.7,0.8,0.7,0.7,295700
2019-04-18,0.7,0.8,0.7,0.8,1249800
2019-04-19,0.9,0.9,0.8,0.9,1100128
2019-04-22,1.0,1.0,0.9,1.0,1276600
2019-04-23,1.1,1.1,1.1,1.1,762106
2019-04-24,1.2,1.2,1.2,1.2,74210
2019-04-25,1.3,1.3,1.1,1.1,4882880
2019-04-26,1.1,1.2,1.0,1.2,2019900
2019-05-02,1.3,1.3,1.3,1.3,2077759
2019-05-03,1.4,1.4,1.2,1.2,2236375
2019-05-06,1.2,1.2,1.1,1.1,1693452
2019-05-07,1.1,1.2,1.0,1.1,685644
2019-05-08,1.1,1.1,1.0,1.0,279788
2019-05-09,1.0,1.1,0.9,0.9,1605100
2019-05-10,1.0,1.0,0.9,0.9,696700
2019-05-13,1.0,1.0,0.9,0.9,159800
2019-05-14,0.9,1.0,0.9,0.9,271310
2019-05-15,1.0,1.0,0.9,1.0,637310
2019-05-16,1.0,1.1,1.0,1.0,222825
2019-05-17,1.1,1.1,1.0,1.0,334900
2019-05-20,1.0,1.1,1.0,1.0,79350
2019-05-21,1.1,1.1,0.9,1.0,562890
2019-05-22,1.0,1.1,0.9,1.0,324416
2019-05-23,1.0,1.0,0.9,0.9,653100
2019-05-24,0.9,1.0,0.9,0.9,227700
2019-05-27,0.9,1.0,0.9,1.0,343114
2019-05-28,0.9,1.0,0.9,1.0,418700
2019-05-29,1.0,1.0,0.9,0.9,317900
2019-05-30,1.0,1.0,0.9,1.0,855616
2019-05-31,1.0,1.1,1.0,1.0,193500
2019-06-03,1.1,1.1,0.9,1.0,130100
2019-06-04,1.0,1.1,0.9,1.0,70506
2019-06-05,1.0,1.0,0.9,0.9,72710
2019-06-06,0.9,1.0,0.9,1.0,157100
2019-06-07,1.0,1.0,0.9,0.9,987200
2019-06-10,0.9,1.0,0.9,0.9,19700
2019-06-11,0.9,1.0,0.9,1.0,89400
2019-06-12,0.9,1.0,0.9,0.9,270400
2019-06-13,1.0,1.0,0.9,0.9,783610
2019-06-14,0.9,1.0,0.9,0.9,90400
2019-06-17,1.0,1.0,0.9,0.9,508000
2019-06-18,0.9,1.0,0.9,0.9,32200
2019-06-19,0.9,1.0,0.9,0.9,89100
2019-06-20,1.0,1.0,0.9,1.0,94300
2019-06-21,1.0,1.0,0.9,0.9,83700
2019-06-24,0.9,1.0,0.9,1.0,851900
2019-06-25,1.1,1.1,1.0,1.1,665960
2019-06-26,1.1,1.2,1.1,1.2,1891800
2019-06-27,1.2,1.2,1.1,1.1,934320
2019-06-28,1.1,1.2,1.0,1.1,367860
2019-07-01,1.2,1.2,1.1,1.2,1482238
2019-07-02,1.3,1.3,1.2,1.2,699950
2019-07-03,1.2,1.3,1.1,1.2,450890
2019-07-04,1.2,1.2,1.1,1.1,403900
2019-07-05,1.1,1.2,1.0,1.2,476500
2019-07-08,1.1,1.2,1.1,1.1,442500
2019-07-09,1.1,1.2,1.0,1.2,362200
2019-07-10,1.2,1.2,1.1,1.1,570400
2019-07-11,1.2,1.2,1.0,1.1,270700
2019-07-12,1.1,1.1,1.0,1.1,96600
2019-07-15,1.1,1.1,1.0,1.1,153810
2019-07-16,1.0,1.2,1.0,1.1,96515
2019-07-17,1.1,1.1,1.0,1.0,64400
2019-07-18,1.1,1.1,1.0,1.1,80500
2019-07-19,1.0,1.1,1.0,1.0,261490
2019-07-22,1.0,1.1,1.0,1.0,75000
2019-07-23,1.0,1.1,1.0,1.1,367100
2019-07-24,1.1,1.1,1.0,1.0,67390
2019-07-25,1.1,1.1,0.9,1.0,490343
2019-07-26,1.0,1.1,1.0,1.1,76450
2019-07-29,1.0,1.1,1.0,1.0,40516
2019-07-30,1.0,1.1,1.0,1.0,147300
2019-07-31,1.0,1.1,0.9,1.0,447600
2019-08-01,1.0,1.1,0.9,1.0,261600
2019-08-02,1.0,1.1,1.0,1.0,161700
2019-08-05,1.0,1.1,0.9,1.0,191800
2019-08-06,0.9,1.1,0.9,1.1,987600
2019-08-07,1.1,1.2,1.1,1.2,1051010
2019-08-08,1.2,1.3,1.1,1.1,129500
2019-08-09,1.1,1.2,1.0,1.1,467900
2019-08-12,1.1,1.2,1.0,1.0,476610
2019-08-13,1.1,1.1,1.0,1.1,190800
2019-08-14,1.0,1.1,1.0,1.1,310100
2019-08-15,1.0,1.1,1.0,1.1,399900
2019-08-16,1.0,1.1,1.0,1.1,351610
2019-08-19,1.1,1.2,1.0,1.1,409600
2019-08-20,1.1,1.2,1.1,1.1,62200
2019-08-21,1.1,1.2,1.1,1.2,107150
2019-08-22,1.1,1.2,1.1,1.1,485900
2019-08-23,1.1,1.2,1.0,1.1,713000
2019-08-26,1.1,1.2,1.1,1.2,703620
2019-08-27,1.2,1.2,1.1,1.2,405500
2019-08-28,1.1,1.3,1.1,1.2,1195546
2019-08-29,1.3,1.3,1.2,1.3,124700
2019-08-30,1.3,1.4,1.2,1.3,732205
2019-09-03,1.2,1.3,1.2,1.2,839900
2019-09-04,1.2,1.3,1.2,1.3,196900
2019-09-05,1.3,1.3,1.2,1.3,166100
2019-09-06,1.2,1.3,1.2,1.2,1440900
2019-09-09,1.2,1.3,1.1,1.2,184900
2019-09-10,1.3,1.3,1.1,1.1,58205
2019-09-11,1.1,1.2,1.1,1.2,20000
2019-09-12,1.2,1.2,1.1,1.2,294000
2019-09-13,1.2,1.3,1.1,1.2,134200
2019-09-16,1.1,1.3,1.1,1.3,231820
2019-09-17,1.3,1.3,1.2,1.2,333500
2019-09-18,1.1,1.2,1.1,1.2,102400
2019-09-19,1.2,1.2,1.2,1.2,46220
2019-09-20,1.2,1.2,1.1,1.1,35290
2019-09-23,1.1,1.2,1.1,1.2,197806
2019-09-24,1.2,1.2,1.1,1.2,82900
2019-09-25,1.2,1.2,1.1,1.1,122900
2019-09-26,1.2,1.2,1.1,1.1,40100
2019-09-27,1.2,1.2,1.1,1.1,513000
2019-09-30,1.2,1.2,1.1,1.2,137100
2019-10-01,1.1,1.3,1.1,1.2,920800
2019-10-02,1.2,1.2,1.1,1.1,111700
2019-10-03,1.1,1.2,1.1,1.1,141601
2019-10-04,1.1,1.2,1.1,1.1,491100
2019-10-07,1.1,1.2,1.1,1.1,141600
2019-10-08,1.2,1.2,1.1,1.2,151100
2019-10-09,1.1,1.2,1.1,1.1,371510
2019-10-10,1.0,1.1,1.0,1.1,166100
2019-10-11,1.1,1.1,1.0,1.1,399100
2019-10-14,1.0,1.1,1.0,1.1,269200
2019-10-15,1.1,1.1,1.0,1.1,387900
2019-10-16,1.1,1.1,1.0,1.0,1224900
2019-10-17,1.1,1.1,0.9,1.0,435900
2019-10-18,1.0,1.1,0.9,1.0,179600
2019-10-21,1.0,1.0,0.9,0.9,34700
2019-10-22,0.9,1.0,0.9,1.0,585800
2019-10-23,1.0,1.1,0.9,1.0,65000
2019-10-24,1.0,1.1,0.9,1.0,213900
2019-10-25,1.0,1.1,1.0,1.1,292400
2019-10-28,1.0,1.1,1.0,1.0,214000
2019-10-29,1.0,1.1,1.0,1.0,54500
2019-10-30,0.9,1.0,0.9,1.0,401000
2019-10-31,0.9,1.0,0.9,0.9,188900
2019-11-01,1.0,1.0,0.9,0.9,118120
2019-11-04,0.9,1.0,0.8,0.9,373300
2019-11-05,0.9,1.0,0.9,0.9,82800
2019-11-06,1.0,1.0,0.9,0.9,45300
2019-11-07,1.0,1.0,0.9,0.9,32100
2019-11-08,0.9,1.0,0.9,0.9,107200
2019-11-11,1.0,1.0,1.0,1.0,1197900
2019-11-12,1.1,1.1,1.0,1.0,283300
2019-11-13,1.1,1.1,1.0,1.0,321100
2019-11-14,1.0,1.1,1.0,1.0,593500
2019-11-15,1.0,1.1,1.0,1.0,429370
2019-11-18,1.0,1.1,1.0,1.0,281700
2019-11-19,1.0,1.1,0.9,1.0,335000
2019-11-20,1.1,1.1,1.0,1.0,45000
2019-11-21,0.9,1.0,0.9,1.0,14000
2019-11-22,0.9,1.0,0.9,1.0,14128
2019-11-25,0.9,1.1,0.9,1.0,257130
2019-11-26,0.9,1.0,0.9,1.0,40529
2019-11-27,1.0,1.0,0.9,1.0,141821
2019-11-28,1.1,1.1,0.9,1.0,125030
2019-11-29,1.0,1.0,0.9,1.0,239225
2019-12-02,1.0,1.0,0.9,1.0,20122
2019-12-03,1.0,1.0,0.9,0.9,238305
2019-12-04,1.0,1.0,0.8,0.9,564727
2019-12-05,1.0,1.0,0.9,0.9,12000
2019-12-06,1.0,1.0,0.9,0.9,49600
2019-12-09,1.0,1.0,0.9,1.0,166327
2019-12-10,1.0,1.0,0.9,0.9,105300
2019-12-11,1.0,1.0,0.9,1.0,236800
2019-12-12,0.9,1.0,0.9,0.9,192000
2019-12-13,0.9,1.0,0.9,0.9,503500
2019-12-16,0.8,1.0,0.8,1.0,79800
2019-12-17,1.0,1.1,1.0,1.0,630710
2019-12-18,0.9,1.1,0.9,1.0,420120
2019-12-19,0.9,1.0,0.9,1.0,31700
2019-12-20,0.9,1.0,0.9,0.9,34210
2019-12-23,0.9,1.0,0.9,1.0,93101
2019-12-24,1.0,1.0,0.9,1.0,135300
2019-12-25,1.0,1.0,0.9,0.9,517204
2019-12-26,1.0,1.0,0.9,0.9,140700
2019-12-27,0.9,1.0,0.9,0.9,40702
2019-12-30,0.9,1.0,0.8,0.9,498510
2019-12-31,0.9,0.9,0.8,0.9,164800
2020-01-02,0.8,0.9,0.8,0.9,13000
2020-01-03,0.8,0.9,0.8,0.9,32900
2020-01-06,0.8,0.9,0.8,0.9,8100
2020-01-07,0.9,0.9,0.8,0.9,384302
2020-01-08,0.9,0.9,0.8,0.8,82500
2020-01-09,0.9,0.9,0.8,0.8,230400
2020-01-10,0.8,0.9,0.8,0.8,812800
2020-01-13,0.8,0.9,0.7,0.8,157901
2020-01-14,0.8,0.9,0.7,0.8,308000
2020-01-15,0.8,0.9,0.8,0.8,102500
2020-01-16,0.9,0.9,0.8,0.8,29700
2020-01-17,0.9,0.9,0.8,0.8,57700
2020-01-20,0.8,0.8,0.7,0.8,133700
2020-01-21,0.8,0.8,0.7,0.8,38300
2020-01-22,0.8,0.9,0.7,0.9,734200
2020-01-30,0.9,0.9,0.8,0.8,144100
2020-01-31,0.8,0.8,0.7,0.7,293300
2020-02-03,0.8,0.8,0.6,0.8,356800
2020-02-04,0.8,0.8,0.7,0.7,21000
2020-02-05,0.7,0.8,0.7,0.7,147200
2020-02-06,0.8,0.8,0.7,0.7,40100
2020-02-07,0.8,0.8,0.7,0.8,57310
2020-02-10,0.8,0.8,0.7,0.7,124000
2020-02-11,0.8,0.8,0.7,0.8,81300
2020-02-12,0.8,0.8,0.7,0.7,57900
2020-02-13,0.7,0.8,0.7,0.7,77700
2020-02-14,0.8,0.8,0.7,0.8,324200
2020-02-17,0.8,0.8,0.7,0.7,41700
2020-02-18,0.7,0.8,0.7,0.7,28480
2020-02-19,0.8,0.8,0.7,0.8,41700
2020-02-20,0.7,0.8,0.7,0.8,43103
2020-02-21,0.7,0.8,0.7,0.7,61321
2020-02-24,0.8,0.8,0.7,0.7,455430
2020-02-25,0.6,0.8,0.6,0.7,77100
2020-02-26,0.7,0.8,0.7,0.7,70420
2020-02-27,0.8,0.8,0.7,0.7,122300
2020-02-28,0.8,0.8,0.6,0.7,155902
2020-03-02,0.7,0.8,0.7,0.7,147400
2020-03-03,0.7,0.8,0.7,0.7,117300
2020-03-04,0.8,0.8,0.7,0.8,688200
2020-03-05,0.8,0.9,0.8,0.9,379800
2020-03-06,0.9,0.9,0.8,0.9,155600
2020-03-09,0.8,0.8,0.8,0.8,413600
2020-03-10,0.7,0.8,0.7,0.8,521900
2020-03-11,0.8,0.8,0.7,0.7,63403
2020-03-12,0.7,0.8,0.7,0.7,695400
2020-03-13,0.7,0.7,0.6,0.6,432100
2020-03-16,0.7,0.7,0.6,0.7,101800
2020-03-17,0.7,0.8,0.6,0.7,448300
2020-03-18,0.8,0.8,0.7,0.7,281400
2020-03-19,0.7,0.8,0.7,0.7,327903
2020-03-20,0.7,0.7,0.6,0.7,40500
2020-03-23,0.6,0.7,0.6,0.6,297705
2020-03-24,0.6,0.7,0.6,0.7,144120
2020-03-25,0.6,0.7,0.6,0.7,21500
2020-03-26,0.7,0.7,0.6,0.6,27758
2020-03-27,0.7,0.7,0.5,0.6,666084
2020-03-30,0.6,0.6,0.5,0.5,121200
2020-03-31,0.5,0.6,0.5,0.6,793100
2020-04-01,0.6,0.6,0.6,0.6,104900
2020-04-03,0.6,0.6,0.6,0.6,1096600
2020-04-06,0.6,0.7,0.5,0.6,814600
2020-04-07,0.6,0.7,0.6,0.7,548000
2020-04-08,0.7,0.8,0.6,0.7,1020300
2020-04-09,0.7,0.8,0.7,0.7,45700
2020-04-10,0.8,0.8,0.6,0.7,97100
2020-04-13,0.7,0.8,0.7,0.7,420800
2020-04-14,0.7,0.8,0.6,0.7,438600
2020-04-15,0.7,0.8,0.7,0.8,224400
2020-04-16,0.7,0.8,0.7,0.8,98890
2020-04-17,0.8,0.8,0.7,0.7,353900
2020-04-20,0.7,0.7,0.6,0.7,898500
2020-04-21,0.7,0.8,0.6,0.7,275810
2020-04-22,0.7,0.8,0.6,0.6,245500
2020-04-23,0.6,0.7,0.6,0.7,555400
2020-04-24,0.8,0.8,0.7,0.8,130480
2020-04-27,0.8,0.8,0.7,0.7,101400
2020-04-28,0.7,0.8,0.7,0.7,60900
2020-04-29,0.8,0.8,0.7,0.7,382600
2020-05-04,0.8,0.8,0.6,0.6,194200
2020-05-05,0.7,0.7,0.6,0.7,78250
2020-05-06,0.6,0.7,0.6,0.6,200709
2020-05-07,0.6,0.7,0.6,0.6,148000
2020-05-08,0.7,0.7,0.7,0.7,98100
2020-05-11,0.7,0.7,0.6,0.7,282138
2020-05-12,0.7,0.7,0.6,0.7,282200
2020-05-13,0.7,0.8,0.7,0.7,163601
2020-05-14,0.7,0.7,0.6,0.7,102130
2020-05-15,0.7,0.8,0.6,0.7,187200
2020-05-18,0.6,0.7,0.6,0.6,30900
2020-05-19,0.7,0.7,0.6,0.7,44028
2020-05-20,0.7,0.8,0.7,0.7,316110
2020-05-21,0.7,0.8,0.6,0.7,98800
2020-05-22,0.7,0.8,0.7,0.7,18846
2020-05-25,0.6,0.8,0.6,0.7,115812
2020-05-26,0.7,0.8,0.6,0.7,87700
2020-05-27,0.8,0.8,0.6,0.8,146110
2020-05-28,0.8,0.8,0.7,0.7,19348
2020-05-29,0.7,0.7,0.7,0.7,47800
2020-06-01,0.8,0.8,0.7,0.8,36220
2020-06-02,0.7,0.8,0.7,0.8,169530
2020-06-03,0.8,0.8,0.7,0.8,28915
2020-06-04,0.8,0.8,0.7,0.7,78100
2020-06-05,0.8,0.8,0.7,0.7,18510
2020-06-08,0.7,0.8,0.7,0.8,711700
2020-06-09,0.8,0.9,0.8,0.9,824415
2020-06-10,1.0,1.0,0.9,1.0,2568436
2020-06-11,1.0,1.1,0.9,1.0,2796342
2020-06-12,0.9,1.0,0.9,0.9,617585
2020-06-15,0.9,1.0,0.8,0.9,1611510
2020-06-16,0.9,1.0,0.8,1.0,1037520
2020-06-17,1.0,1.0,0.9,0.9,636150
2020-06-18,0.9,0.9,0.8,0.9,2464400
2020-06-19,0.9,1.0,0.8,0.9,591300
2020-06-22,0.9,1.0,0.8,0.8,231032
2020-06-23,0.8,0.9,0.8,0.9,262318
2020-06-24,0.8,0.9,0.8,0.9,473100
2020-06-25,0.9,0.9,0.8,0.8,320860
2020-06-26,0.9,0.9,0.8,0.8,343277
2020-06-29,0.9,0.9,0.7,0.8,482390
2020-06-30,0.7,0.9,0.7,0.8,320980
2020-07-01,0.8,0.9,0.7,0.8,249820
2020-07-02,0.8,0.9,0.7,0.8,203650
2020-07-03,0.7,0.8,0.7,0.7,244010
2020-07-06,0.7,0.8,0.7,0.8,168330
2020-07-07,0.8,0.9,0.7,0.7,178750
2020-07-08,0.7,0.8,0.7,0.8,42108
2020-07-09,0.8,0.8,0.7,0.8,262100
2020-07-10,0.8,0.8,0.7,0.8,271710
2020-07-13,0.8,0.9,0.7,0.8,123600
2020-07-14,0.8,0.9,0.7,0.8,167255
2020-07-15,0.7,0.9,0.7,0.8,129710
2020-07-16,0.8,0.8,0.8,0.8,166310
2020-07-17,0.7,0.9,0.7,0.8,402408
2020-07-20,0.8,0.9,0.7,0.8,130200
2020-07-21,0.8,0.8,0.7,0.8,14920
2020-07-22,0.8,0.8,0.7,0.8,72620
2020-07-23,0.7,0.8,0.7,0.7,311100
2020-07-24,0.7,0.8,0.7,0.7,121520
2020-07-27,0.7,0.7,0.6,0.7,942600
2020-07-28,0.7,0.7,0.6,0.6,297930
2020-07-29,0.6,0.7,0.6,0.7,126650
2020-07-30,0.7,0.7,0.6,0.6,171100
2020-07-31,0.7,0.7,0.6,0.6,291800
2020-08-03,0.7,0.7,0.6,0.7,260500
2020-08-04,0.7,0.7,0.6,0.7,153600
2020-08-05,0.7,0.7,0.6,0.6,92800
2020-08-06,0.6,0.7,0.6,0.6,125600
2020-08-07,0.6,0.7,0.6,0.7,61730
2020-08-10,0.7,0.7,0.6,0.6,59900
2020-08-11,0.6,0.7,0.6,0.7,83100
2020-08-12,0.7,0.7,0.6,0.7,97060
2020-08-13,0.7,0.7,0.6,0.7,243351
2020-08-14,0.6,0.7,0.6,0.7,79600
2020-08-17,0.7,0.7,0.6,0.6,140700
2020-08-18,0.6,0.7,0.6,0.7,93211
2020-08-19,0.7,0.8,0.6,0.8,1120404
2020-08-20,0.8,0.9,0.7,0.7,786656
2020-08-21,0.8,0.8,0.7,0.8,28600
2020-08-24,0.7,0.8,0.7,0.7,589210
2020-08-25,0.8,0.8,0.7,0.8,556929
2020-08-26,0.8,0.9,0.7,0.8,124640
2020-08-27,0.7,0.8,0.7,0.7,235047
2020-08-28,0.7,0.8,0.7,0.8,176000
2020-08-31,0.8,0.8,0.7,0.8,24000
2020-09-01,0.8,0.9,0.7,0.9,2495670
2020-09-03,1.0,1.0,0.8,1.0,995597
2020-09-04,1.0,1.0,0.9,0.9,365934
2020-09-07,0.9,1.0,0.8,1.0,476700
2020-09-08,1.0,1.0,0.9,0.9,491560
2020-09-09,0.9,1.0,0.8,1.0,868202
2020-09-10,0.9,1.1,0.9,1.1,1199120
2020-09-11,1.1,1.2,1.0,1.2,1795350
2020-09-14,1.3,1.3,1.3,1.3,1650460
2020-09-15,1.4,1.4,1.2,1.4,2248922
2020-09-16,1.4,1.4,1.3,1.4,801730
2020-09-17,1.4,1.4,1.3,1.3,1288720
2020-09-18,1.2,1.3,1.2,1.3,1430370
2020-09-21,1.2,1.3,1.2,1.2,738894
2020-09-22,1.1,1.2,1.1,1.1,719620
2020-09-23,1.0,1.2,1.0,1.2,867950
2020-09-24,1.3,1.3,1.2,1.3,367180
2020-09-25,1.3,1.4,1.2,1.4,344340
2020-09-28,1.4,1.4,1.3,1.4,361770
2020-09-29,1.3,1.5,1.3,1.4,697808
2020-09-30,1.4,1.4,1.3,1.3,376612
2020-10-01,1.4,1.4,1.3,1.3,91260
2020-10-02,1.3,1.4,1.3,1.4,65420
2020-10-05,1.3,1.5,1.3,1.3,486200
2020-10-06,1.3,1.4,1.2,1.4,1514000
2020-10-07,1.5,1.5,1.3,1.3,1720000
2020-10-08,1.3,1.4,1.2,1.3,1817200
2020-10-09,1.3,1.3,1.2,1.2,436700
2020-10-12,1.2,1.3,1.1,1.2,255400
2020-10-13,1.2,1.3,1.1,1.1,391100
2020-10-14,1.2,1.2,1.1,1.2,143800
2020-10-15,1.2,1.2,1.1,1.2,124800
2020-10-16,1.2,1.2,1.1,1.1,122900
2020-10-19,1.2,1.2,1.1,1.2,112700
2020-10-20,1.1,1.2,1.1,1.2,84900
2020-10-21,1.2,1.2,1.1,1.1,43900
2020-10-22,1.1,1.2,1.0,1.1,156800
2020-10-23,1.1,1.1,1.0,1.1,121100
2020-10-26,1.0,1.1,1.0,1.1,71600
2020-10-27,1.0,1.1,1.0,1.1,29000
2020-10-28,1.0,1.1,1.0,1.0,163200
2020-10-29,1.1,1.1,1.0,1.0,60000
2020-10-30,1.1,1.1,1.0,1.0,40900
2020-11-02,1.0,1.1,1.0,1.0,117200
2020-11-03,1.1,1.1,1.0,1.1,42900
2020-11-04,1.1,1.1,1.0,1.0,63100
2020-11-05,1.1,1.1,1.0,1.0,75000
2020-11-06,1.1,1.1,1.0,1.0,61300
2020-11-09,1.0,1.1,1.0,1.1,114300
2020-11-10,1.1,1.1,1.0,1.1,111000
2020-11-11,1.1,1.1,1.0,1.0,55100
2020-11-12,1.0,1.1,1.0,1.0,75800
2020-11-13,1.1,1.1,1.0,1.1,150600
2020-11-16,1.1,1.1,1.0,1.1,59900
2020-11-17,1.1,1.1,1.0,1.1,144200
2020-11-18,1.1,1.1,1.0,1.1,92900
2020-11-19,1.0,1.1,1.0,1.0,26300
2020-11-20,1.1,1.1,1.0,1.1,91700
2020-11-23,1.1,1.2,1.0,1.2,751900
2020-11-24,1.2,1.3,1.1,1.3,794700
2020-11-25,1.3,1.4,1.3,1.3,339700
2020-11-26,1.2,1.3,1.2,1.3,186600
2020-11-27,1.3,1.4,1.2,1.3,861100
2020-11-30,1.4,1.4,1.3,1.3,352100
2020-12-01,1.3,1.4,1.2,1.4,714200
2020-12-02,1.4,1.5,1.3,1.3,727900
2020-12-03,1.4,1.4,1.3,1.4,463700
2020-12-04,1.4,1.5,1.3,1.4,643900
2020-12-07,1.5,1.5,1.3,1.5,183400
2020-12-08,1.5,1.6,1.4,1.5,549900
2020-12-09,1.5,1.6,1.4,1.4,203700
2020-12-10,1.5,1.5,1.3,1.5,245700
2020-12-11,1.4,1.5,1.4,1.5,985501
2020-12-14,1.5,1.6,1.4,1.6,381726
2020-12-15,1.6,1.7,1.6,1.7,1105629
2020-12-16,1.8,1.8,1.7,1.8,545623
2020-12-17,1.8,1.9,1.8,1.9,1947210
2020-12-18,2.0,2.0,2.0,2.0,318920
2020-12-21,2.2,2.2,2.2,2.2,2406588
2020-12-22,2.4,2.4,2.4,2.4,383970
2020-12-23,2.6,2.6,2.6,2.6,784090
2020-12-24,2.8,2.8,2.5,2.8,4299570
2020-12-25,3.0,3.0,3.0,3.0,147170
2020-12-28,3.3,3.3,3.2,3.3,1748208
2020-12-29,3.5,3.6,3.5,3.6,1985606
2020-12-30,3.9,3.9,3.3,3.6,2585223
2020-12-31,3.5,3.8,3.4,3.6,1711850
2021-01-04,3.6,3.9,3.6,3.9,1275820
2021-01-05,4.2,4.2,4.1,4.2,541310
2021-01-06,4.6,4.6,4.4,4.6,2518458
2021-01-07,5.0,5.0,4.8,5.0,1677240
2021-01-08,5.5,5.5,5.3,5.5,3670886
2021-01-11,5.9,6.0,5.0,5.5,2453360
2021-01-12,5.5,5.5,5.0,5.0,1343716
2021-01-13,4.5,5.5,4.5,5.5,4109830
2021-01-14,6.0,6.0,5.3,5.3,1511686
2021-01-15,5.3,5.6,4.8,5.3,1901531
2021-01-18,5.3,5.5,5.0,5.2,2136031
2021-01-19,5.2,5.3,4.7,4.8,2905069
2021-01-20,4.7,5.2,4.6,5.2,2229330
2021-01-21,5.3,5.7,5.3,5.7,660885
2021-01-22,6.2,6.2,6.2,6.2,1029707
2021-01-25,6.8,6.8,6.5,6.8,3728690
2021-01-26,7.4,7.4,6.3,6.8,2919930
2021-01-27,6.8,7.0,6.3,6.5,930407
2021-01-28,6.5,6.5,5.9,5.9,1122859
2021-01-29,5.4,6.2,5.4,5.8,1372501
2021-02-01,6.3,6.3,6.0,6.3,1608000
2021-02-02,6.5,6.9,6.2,6.9,1576740
2021-02-03,7.0,7.5,6.9,7.5,3135020
2021-02-04,7.7,7.8,6.9,6.9,1471800
2021-02-05,7.0,7.0,6.4,6.9,1823820
2021-02-08,6.9,6.9,6.5,6.5,1604200
2021-02-09,6.6,6.8,6.0,6.0,1008609
2021-02-17,6.1,6.6,6.0,6.6,1131960
2021-02-18,6.6,6.8,6.5,6.7,607270
2021-02-19,6.7,6.7,6.4,6.6,729334
2021-02-22,6.7,7.1,6.4,7.1,1316922
2021-02-23,7.1,7.8,6.8,6.9,1164900
2021-02-24,6.9,6.9,6.5,6.7,731020
2021-02-25,6.7,6.9,6.5,6.7,467950
2021-02-26,6.6,6.9,6.6,6.9,692325
2021-03-01,6.9,7.3,6.9,7.1,1933620
2021-03-02,7.3,7.3,6.9,7.1,1009100
2021-03-03,7.1,7.1,6.7,6.7,1068081
2021-03-04,6.7,6.8,6.4,6.6,1633729
2021-03-05,6.6,7.0,6.4,7.0,651540
2021-03-08,6.8,7.0,6.8,6.8,810650
2021-03-09,6.8,6.8,6.6,6.7,956903
2021-03-10,6.7,6.8,6.5,6.7,651500
2021-03-11,6.7,6.8,6.5,6.6,1188111
2021-03-12,6.7,6.8,6.5,6.7,1424972
2021-03-15,6.8,7.0,6.7,7.0,1783800
2021-03-16,7.1,7.7,7.1,7.7,3583524
2021-03-17,8.2,8.4,8.0,8.4,1069590
2021-03-18,9.2,9.2,8.2,8.5,3904023
2021-03-19,8.4,8.8,7.7,8.6,1626904
2021-03-22,8.6,9.3,8.6,8.9,1272740
2021-03-23,8.9,9.0,8.4,8.4,1574805
2021-03-24,8.4,8.4,7.8,8.3,1331985
2021-03-25,8.1,8.2,7.8,7.9,1940330
2021-03-26,7.8,8.5,7.7,8.2,1749100
2021-03-29,8.2,8.5,8.2,8.3,1008109
2021-03-30,8.3,8.4,8.1,8.3,723500
2021-03-31,8.3,8.3,8.0,8.2,957332
2021-04-01,8.2,9.0,8.2,8.6,2123960
2021-04-02,8.8,8.8,8.5,8.7,1531500
2021-04-05,8.8,9.5,8.8,9.5,3604120
2021-04-06,9.5,9.9,9.3,9.5,1153864
2021-04-07,9.5,9.6,9.1,9.3,1178205
2021-04-08,9.3,9.8,9.1,9.6,1741229
2021-04-09,9.7,10.4,9.6,10.3,4400581
2021-04-12,10.3,11.3,10.3,11.2,2626180
2021-04-13,11.2,11.7,10.7,10.7,2626180
2021-04-14,10.5,11.2,10.1,11.0,2669361
2021-04-15,11.0,11.2,10.6,10.8,1869817
2021-04-16,10.8,10.8,10.0,10.5,2492838
2021-04-19,10.5,10.7,10.0,10.1,2609719
2021-04-20,10.1,10.5,10.1,10.1,1145106
2021-04-22,10.1,10.2,9.2,9.3,1843550
2021-04-23,9.3,9.6,8.7,9.5,2090300
2021-04-26,9.6,9.9,8.8,8.8,1389200
2021-04-27,8.8,9.3,8.7,9.1,968730
2021-04-28,9.2,9.6,9.2,9.4,1170600
2021-04-29,9.5,9.5,9.1,9.2,631900
2021-05-04,9.0,9.0,8.4,8.7,1005015
2021-05-05,8.8,9.2,8.8,9.0,440710
2021-05-06,9.0,9.0,8.6,8.6,915505
2021-05-07,8.6,8.8,8.0,8.1,1180300
2021-05-10,8.1,8.9,7.9,8.9,1321195
2021-05-11,9.5,9.7,9.3,9.3,1068475
2021-05-12,9.0,9.5,8.9,9.3,579700
2021-05-13,9.3,9.9,9.3,9.4,1056847
2021-05-14,9.4,9.6,9.0,9.2,1222041
2021-05-17,9.0,9.3,8.8,9.0,920618
2021-05-18,9.1,9.3,8.7,9.0,819807
2021-05-19,8.9,9.1,8.8,9.0,582773
2021-05-20,9.0,9.0,8.6,8.6,840268
2021-05-21,8.6,9.0,8.3,8.6,905544
2021-05-24,8.8,9.1,8.5,8.7,712940
2021-05-25,8.7,8.7,8.5,8.5,833753
2021-05-26,8.5,8.5,8.2,8.3,893900
2021-05-27,8.5,8.5,7.9,8.0,1884920
2021-05-28,8.1,8.7,8.1,8.3,1157508
2021-05-31,8.3,8.3,8.0,8.1,954750
2021-06-01,8.1,8.3,7.9,8.1,933926
2021-06-02,8.1,8.1,7.8,8.0,1260110
2021-06-03,8.0,8.4,8.0,8.3,1386604
2021-06-04,8.3,8.5,8.0,8.2,1066390
2021-06-07,8.2,8.2,7.9,8.0,1056326
2021-06-08,8.0,8.2,7.9,7.9,1386720
2021-06-09,7.9,8.0,7.8,7.9,662320
2021-06-10,7.9,8.0,7.2,7.6,1445655
2021-06-11,7.6,7.6,6.9,7.2,4137809
2021-06-14,7.1,7.9,6.6,6.9,3767446
2021-06-15,6.9,7.5,6.4,7.5,3720379
2021-06-16,7.5,7.9,7.2,7.4,1396628
2021-06-17,7.4,7.4,7.0,7.2,961900
2021-06-18,7.2,7.3,7.0,7.0,1340013
2021-06-21,7.0,7.1,6.9,7.0,1189559
2021-06-22,7.0,7.6,7.0,7.4,2524629
2021-06-23,7.4,7.5,7.1,7.2,992188
2021-06-24,7.2,7.3,7.0,7.1,537806
2021-06-25,7.1,7.2,6.9,7.0,1238073
2021-06-28,7.0,7.2,7.0,7.1,968023
2021-06-29,7.1,7.3,7.0,7.1,1701352
2021-06-30,7.1,7.1,6.8,6.8,1571650
2021-07-01,6.8,6.8,6.6,6.7,1763600
2021-07-02,6.7,6.9,6.5,6.5,1416482
2021-07-05,6.5,7.1,6.2,7.1,4891022
2021-07-06,7.5,7.8,7.3,7.8,4426361
2021-07-07,7.7,8.5,7.3,8.5,5367536
2021-07-08,9.0,9.3,8.5,9.3,5306945
2021-07-09,9.5,9.6,8.8,8.8,3004195
2021-07-12,8.8,9.0,8.0,8.0,3836874
2021-07-13,8.0,8.8,8.0,8.8,2699490
2021-07-14,8.8,9.4,8.7,9.0,2330794
2021-07-15,9.0,9.2,8.7,8.9,1351288
2021-07-16,8.9,8.9,8.5,8.6,1572277
2021-07-19,8.6,8.6,7.8,8.3,2441269
2021-07-20,8.3,9.1,8.2,9.1,2973419
2021-07-21,9.2,9.6,9.0,9.1,1475385
2021-07-22,9.1,9.4,8.9,9.1,1529820
2021-07-23,9.1,9.1,8.5,8.6,1648206
2021-07-26,8.6,8.9,8.2,8.5,1209060
2021-07-27,8.5,8.9,8.5,8.7,868542
2021-07-28,8.7,9.0,8.5,8.5,819730
2021-07-29,8.5,8.7,8.5,8.5,768255
2021-07-30,8.6,8.7,8.5,8.5,760177
2021-08-02,8.5,9.2,8.5,9.0,2131320
2021-08-03,9.0,9.1,8.7,8.7,1131900
2021-08-04,8.7,9.0,8.6,8.9,1137521
2021-08-05,8.9,9.0,8.7,8.8,959003
2021-08-06,8.8,8.9,8.7,8.8,1148900
2021-08-09,8.8,9.6,8.7,9.4,4461878
2021-08-10,9.4,10.2,9.3,10.2,4185084
2021-08-11,10.2,10.6,10.0,10.2,2241509
2021-08-12,10.0,10.6,9.7,10.0,3771950
2021-08-13,10.1,10.2,9.3,9.7,3989767
2021-08-16,9.7,10.3,9.6,10.0,2259911
2021-08-17,10.0,10.2,9.7,9.8,2042810
2021-08-18,10.0,10.7,9.8,10.7,5558720
2021-08-19,11.7,11.7,11.7,11.7,1172199
2021-08-20,12.8,12.8,12.0,12.8,9466961
2021-08-23,13.0,14.0,12.6,14.0,4416373
2021-08-24,14.7,15.0,12.6,12.6,4297985
2021-08-25,12.6,12.6,11.5,11.7,4726402
2021-08-26,11.7,12.8,11.6,12.8,716616
2021-08-27,13.9,14.0,13.4,14.0,5075126
2021-08-30,14.2,15.4,14.1,15.1,5176463
2021-08-31,16.4,16.5,15.2,15.6,4217550
2021-09-01,15.6,17.1,14.8,17.1,5287051
2021-09-06,18.8,18.8,18.0,18.8,859242
2021-09-07,20.6,20.6,19.0,20.6,7062664
2021-09-08,22.0,22.0,19.5,20.0,5616965
2021-09-09,21.0,22.0,19.7,22.0,2507645
2021-09-10,24.2,24.2,22.1,24.2,3406575
2021-09-13,26.0,26.6,24.2,26.6,5691042
2021-09-14,28.9,29.2,27.5,29.2,4137243
2021-09-15,32.0,32.1,30.0,31.0,3012319
2021-09-16,32.8,34.1,27.9,27.9,8862335
2021-09-17,27.9,28.0,25.2,28.0,10718524
2021-09-20,28.4,30.8,27.5,30.8,2906698
2021-09-21,33.8,33.8,29.1,30.0,2704144
2021-09-22,29.8,31.2,27.0,27.0,5387706
2021-09-23,29.5,29.5,24.3,24.3,5039120
2021-09-24,21.9,23.0,21.9,21.9,3486212
2021-09-27,19.8,19.8,19.8,19.8,149885
2021-09-28,17.9,17.9,17.9,17.9,155595
2021-09-29,16.2,17.8,16.2,16.2,8575959
2021-09-30,16.2,17.8,14.8,17.8,3418420
2021-10-01,19.0,19.0,16.1,16.1,3586817
2021-10-04,15.0,15.2,14.5,14.5,3772802
2021-10-05,13.2,15.9,13.1,15.9,7885397
2021-10-06,16.8,16.8,15.0,16.2,1877381
2021-10-07,16.1,16.1,14.6,14.6,2169786
2021-10-08,14.6,14.6,13.2,13.2,5116913
2021-10-11,13.2,13.8,11.9,12.3,3645803
2021-10-12,12.3,13.5,12.1,13.5,2634489
2021-10-13,13.4,14.8,13.4,14.8,3490231
2021-10-14,15.0,16.2,14.8,16.2,2489019
2021-10-15,17.8,17.8,15.0,16.4,6838510
2021-10-18,15.8,16.2,14.9,15.5,3414434
2021-10-19,15.4,16.2,15.1,15.8,1454421
2021-10-20,15.7,16.1,15.4,15.8,2762397
2021-10-21,15.8,17.3,15.8,17.3,4622051
2021-10-22,18.0,19.0,17.8,18.2,4095338
2021-10-25,18.2,19.9,17.5,18.8,4516992
2021-10-26,19.0,19.6,18.6,18.8,2562620
2021-10-27,18.8,19.1,17.1,18.0,4188721
2021-10-28,18.0,18.0,16.8,17.0,3579839
2021-10-29,16.9,17.4,15.8,16.0,4678823
2021-11-01,16.0,17.2,16.0,16.8,1862080
2021-11-02,16.8,17.5,16.0,16.6,3586341
2021-11-03,16.8,16.9,15.3,15.3,5013685
2021-11-04,15.3,16.0,15.1,15.6,1926600
2021-11-05,15.6,15.9,15.3,15.5,1704487
2021-11-08,15.5,15.6,14.9,15.0,3396182
2021-11-09,15.0,15.5,14.9,15.0,1769260
2021-11-10,15.0,15.5,15.0,15.1,1523277
2021-11-11,15.1,15.3,14.2,14.2,4972382
2021-11-12,14.5,15.5,13.8,15.3,3761062
2021-11-15,15.3,15.5,14.8,14.9,2130383
2021-11-16,14.9,15.0,14.2,14.4,2042667
2021-11-17,14.4,15.7,14.2,15.0,3529066
2021-11-18,15.0,15.5,15.0,15.3,2734512
2021-11-19,15.3,16.4,15.1,15.9,5197887
2021-11-22,15.9,16.4,14.6,14.8,2818861
2021-11-23,14.8,15.2,14.5,15.0,1419167
2021-11-24,15.0,15.9,15.0,15.3,1793040
2021-11-25,15.3,15.8,15.0,15.2,2400271
2021-11-26,15.2,15.5,14.9,15.1,2030805
2021-11-29,15.1,15.2,14.0,15.0,2759344
2021-11-30,15.0,15.4,14.8,14.8,2283189
2021-12-01,14.8,15.2,14.5,14.9,1282790
2021-12-02,15.0,15.0,14.6,14.6,1784553
2021-12-03,14.6,14.8,14.0,14.1,2465378
2021-12-06,14.1,15.2,13.5,14.2,3995710
2021-12-07,14.2,14.8,14.2,14.6,1051317
2021-12-08,14.6,14.6,14.2,14.2,724189
2021-12-09,14.2,14.4,14.0,14.2,1168479
2021-12-10,14.2,14.3,14.0,14.0,1190872
2021-12-13,14.0,14.1,13.6,13.9,1412598
2021-12-14,13.8,14.7,13.8,14.0,1374248
2021-12-15,14.0,14.2,13.9,14.0,886298
2021-12-16,14.0,14.1,13.7,13.9,1609193
2021-12-17,14.0,14.0,13.6,13.8,2170324
2021-12-20,13.8,13.9,13.2,13.3,1905837
2021-12-21,13.3,13.5,12.7,12.8,2682070
2021-12-22,12.8,14.0,12.8,14.0,1743417
2021-12-23,15.0,15.4,14.0,14.6,3108729
2021-12-24,14.6,14.6,13.7,13.9,1409472
2021-12-27,13.9,13.9,13.3,13.5,1403323
2021-12-28,13.3,13.7,13.1,13.5,1561803
2021-12-29,13.5,14.2,13.4,13.8,1871338
2021-12-30,14.0,14.6,13.8,13.9,1442107
2021-12-31,13.9,14.0,13.5,13.5,1154550
2022-01-04,13.5,14.0,13.4,13.5,1015745
2022-01-05,14.0,14.0,13.4,13.6,1315197
2022-01-06,13.4,13.8,13.4,13.4,1619230
2022-01-07,13.4,13.6,13.2,13.4,1674283
2022-01-10,13.4,13.5,13.1,13.2,1970090
2022-01-11,13.0,13.4,12.9,13.0,1144600
2022-01-12,13.0,13.0,12.0,12.5,1465859
2022-01-13,12.5,12.6,11.3,11.3,2601752
2022-01-14,11.0,11.0,10.2,10.5,2411764
2022-01-17,10.4,11.0,9.5,9.5,1898181
2022-01-18,9.5,9.5,8.6,8.6,1257810
2022-01-19,8.6,8.6,7.8,7.9,3259000
2022-01-20,7.9,8.6,7.8,8.6,486164
2022-01-21,9.4,9.4,9.4,9.4,220611
2022-01-24,10.3,10.3,9.8,10.3,3961280
2022-01-25,10.9,11.2,9.5,10.3,2106676
2022-01-26,10.3,10.5,9.4,9.4,850564
2022-01-27,9.4,9.4,8.6,9.0,1598100
2022-01-28,9.0,9.6,8.7,9.5,788141
2022-02-07,9.6,10.4,9.6,10.4,1079338
2022-02-08,10.5,10.8,10.1,10.1,1522910
2022-02-09,10.1,10.2,9.8,10.1,928464
2022-02-10,10.1,10.4,9.9,10.2,838643
2022-02-11,10.4,11.1,10.2,10.6,1382019
2022-02-14,10.7,10.7,10.2,10.2,614761
2022-02-15,10.2,10.3,10.0,10.3,449206
2022-02-16,10.8,10.8,10.1,10.3,997758
2022-02-17,10.3,10.4,10.1,10.3,540724
2022-02-18,10.4,11.3,10.1,11.3,3887213
2022-02-21,12.4,12.4,11.3,12.4,2216051
2022-02-22,13.0,13.6,12.5,12.9,5022272
2022-02-23,12.9,13.1,12.3,12.8,2325296
2022-02-24,12.7,12.7,11.6,12.1,3514877
2022-02-25,12.0,13.3,12.0,13.3,2883499
2022-02-28,13.3,14.6,13.3,13.7,3626261
2022-03-01,13.5,13.7,13.1,13.3,2511090
2022-03-02,13.3,14.0,12.9,13.5,2688124
2022-03-03,13.6,14.8,13.1,14.4,4847513
2022-03-04,14.4,15.2,14.1,14.8,3775293
2022-03-07,15.0,15.5,14.5,14.9,2765649
2022-03-08,14.9,15.1,13.8,13.9,3380959
2022-03-09,13.9,14.6,13.5,14.2,3163505
2022-03-10,14.2,15.6,14.2,15.6,3771105
2022-03-11,16.3,17.1,14.7,15.1,8949128
2022-03-14,15.1,15.9,13.9,14.4,3065890
2022-03-15,14.1,14.5,13.6,13.9,2360628
2022-03-16,13.9,15.2,13.9,15.1,3146524
2022-03-17,15.2,15.9,14.5,14.5,2225880
2022-03-18,14.5,14.8,14.3,14.4,1796248
2022-03-21,14.4,15.3,14.3,14.8,2332369
2022-03-22,15.4,15.6,14.6,14.9,3275800
2022-03-23,14.9,15.6,14.6,14.6,3203549
2022-03-24,14.6,14.6,14.2,14.4,2468692
2022-03-25,14.4,14.6,14.3,14.5,1779323
2022-03-28,14.5,14.5,13.1,13.4,3947140
2022-03-29,13.4,14.2,13.4,14.2,1114092
2022-03-30,14.2,14.2,12.8,12.8,4723680
2022-03-31,12.8,13.0,12.1,12.1,3130180
2022-04-01,12.1,12.8,10.9,12.7,3356580
2022-04-04,12.7,13.3,12.7,12.9,1128595
2022-04-05,12.9,12.9,12.5,12.5,877505
2022-04-06,12.5,12.5,11.5,11.9,2179897
2022-04-07,11.9,12.0,11.3,11.5,1300807
2022-04-08,11.4,11.7,11.1,11.2,1278822
2022-04-12,11.1,11.5,10.1,10.1,2249112
2022-04-13,10.0,10.8,9.2,10.6,1484381
2022-04-14,10.6,11.2,10.6,10.8,781422
2022-04-15,10.9,10.9,10.0,10.2,973740
2022-04-18,10.2,10.3,9.2,9.2,3071244
2022-04-19,9.2,9.2,8.3,8.3,2119162
2022-04-20,8.2,8.2,7.5,7.5,2441888
2022-04-21,6.8,6.8,6.8,6.8,72456
2022-04-22,6.2,6.2,6.2,6.2,330176
2022-04-25,5.6,6.2,5.6,5.6,4959000
2022-04-26,6.1,6.1,5.1,5.9,2099519
2022-04-27,6.1,6.4,5.7,6.4,1723637
2022-04-28,6.5,7.0,6.4,7.0,3232955
2022-04-29,7.0,7.7,7.0,7.7,2040511
2022-05-04,7.9,8.3,7.0,7.0,2820410
2022-05-05,7.0,7.3,6.6,7.0,1610200
2022-05-06,7.0,7.0,6.3,6.5,1088400
2022-05-09,6.5,6.8,5.9,5.9,1669500
2022-05-10,5.9,6.4,5.5,6.4,1456881
2022-05-11,6.6,7.0,6.5,6.8,1034690
2022-05-12,6.8,6.9,6.2,6.2,1213759
2022-05-13,6.2,6.4,5.6,5.9,1234500
2022-05-16,5.9,6.4,5.7,6.2,1227430
2022-05-17,6.2,6.7,6.0,6.5,982672
2022-05-18,6.6,6.7,6.2,6.2,1236549
2022-05-19,6.2,6.3,5.8,6.2,675846
2022-05-20,6.2,6.7,6.0,6.3,1183060
2022-05-23,6.3,6.5,6.1,6.2,596003
2022-05-24,6.2,6.3,6.0,6.2,531310
2022-05-25,6.2,6.5,6.0,6.2,1326139
2022-05-26,6.2,6.3,6.0,6.1,1077203
2022-05-27,6.1,6.3,6.1,6.2,602930
2022-05-30,6.2,6.4,6.0,6.2,1363371
2022-05-31,6.2,6.4,6.1,6.2,912920
2022-06-01,6.2,6.3,6.0,6.1,670340
2022-06-02,6.1,6.1,5.6,5.9,1707920
2022-06-03,5.9,5.9,5.4,5.4,2884260
2022-06-06,5.2,5.4,4.9,4.9,2641242
2022-06-07,4.8,4.8,4.5,4.5,1121230
2022-06-08,4.1,4.9,4.1,4.6,2330239
2022-06-09,4.6,4.8,4.5,4.5,649500
2022-06-10,4.5,4.5,4.2,4.2,908810
2022-06-13,4.1,4.2,3.8,3.8,1602243
2022-06-14,3.6,3.9,3.5,3.6,1239615
2022-06-15,3.6,3.7,3.3,3.3,1552200
2022-06-16,3.3,3.4,3.0,3.0,1376155
2022-06-17,3.0,3.0,2.7,2.7,1992020
2022-06-20,2.6,2.9,2.5,2.9,739382
2022-06-21,3.1,3.1,3.0,3.1,551900
2022-06-22,3.4,3.4,3.3,3.4,520009
2022-06-23,3.7,3.7,3.2,3.5,2656902
2022-06-24,3.6,3.8,3.4,3.8,1630300
2022-06-27,3.8,4.1,3.6,4.1,1592678
2022-06-28,4.2,4.5,4.2,4.5,1502554
2022-06-29,4.8,4.9,4.5,4.9,2327365
2022-06-30,5.1,5.2,4.5,4.5,3597570
2022-07-01,4.3,4.7,4.1,4.4,2363304
2022-07-04,4.4,4.8,4.3,4.8,1328517
2022-07-05,4.9,5.1,4.6,4.7,1804477
2022-07-06,4.7,4.9,4.4,4.7,1364577
2022-07-07,4.6,4.8,4.5,4.6,712376
2022-07-08,4.6,5.0,4.6,4.7,900811
2022-07-11,4.7,4.7,4.3,4.4,1557390
2022-07-12,4.5,4.6,4.4,4.6,794952
2022-07-13,4.6,4.6,4.3,4.4,1148976
2022-07-14,4.3,4.5,4.2,4.3,701452
2022-07-15,4.4,4.5,4.3,4.3,597935
2022-07-18,4.3,4.5,4.3,4.3,744835
2022-07-19,4.3,4.4,4.2,4.2,652745
2022-07-20,4.2,4.4,4.2,4.3,699900
2022-07-21,4.4,4.4,4.2,4.3,520400
2022-07-22,4.3,4.4,4.2,4.3,861929
2022-07-25,4.3,4.3,4.1,4.3,485252
2022-07-26,4.3,4.3,4.1,4.1,733840
2022-07-27,4.2,4.2,3.9,4.0,397344
2022-07-28,4.1,4.2,4.0,4.0,511601
2022-07-29,4.0,4.2,4.0,4.0,518925
2022-08-01,4.1,4.1,3.9,4.0,832349
2022-08-02,4.0,4.4,3.9,4.4,1857783
2022-08-03,4.4,4.8,4.4,4.6,1794463
2022-08-04,4.6,4.9,4.5,4.8,1900646
2022-08-05,4.7,5.1,4.6,4.9,3122933
2022-08-08,4.9,5.0,4.6,4.8,1351649
2022-08-09,4.8,5.2,4.6,5.2,3364517
2022-08-10,5.2,5.7,5.2,5.7,3578221
2022-08-11,5.7,6.2,5.4,5.8,4724463
2022-08-12,5.8,5.9,5.4,5.7,2226160
2022-08-15,5.7,6.2,5.6,5.9,1771414
2022-08-16,5.9,6.0,5.5,5.6,1972027
2022-08-17,5.6,5.8,5.3,5.3,1861412
2022-08-18,5.3,5.3,4.9,5.3,1818325
2022-08-19,5.3,5.7,5.1,5.5,1275472
2022-08-22,5.5,5.5,5.2,5.3,843325
2022-08-23,5.4,5.5,5.1,5.5,1277050
2022-08-24,5.4,5.6,5.3,5.3,745974
2022-08-25,5.3,5.4,5.2,5.3,799811
2022-08-26,5.3,5.4,5.1,5.1,845623
2022-08-29,5.1,5.1,4.7,4.8,1761541
2022-08-30,4.9,5.2,4.9,5.2,956424
2022-08-31,5.5,5.6,5.2,5.3,1892134
2022-09-05,5.3,5.4,5.0,5.0,1124500
2022-09-06,5.0,5.2,4.9,4.9,731579
2022-09-07,4.9,5.3,4.8,5.0,1580232
2022-09-08,5.0,5.3,4.9,5.0,834811
2022-09-09,5.1,5.1,4.7,4.8,1420700
2022-09-12,4.8,5.1,4.8,5.0,525799
2022-09-13,5.0,5.1,4.8,5.0,569519
2022-09-14,4.9,5.0,4.8,4.9,590991
2022-09-15,4.9,5.1,4.9,5.0,725256
2022-09-16,5.0,5.1,4.8,4.9,911455
2022-09-19,4.9,4.9,4.5,4.5,1054524
2022-09-20,4.5,4.5,4.1,4.1,1788244
2022-09-21,3.7,3.8,3.7,3.7,491611
2022-09-22,3.4,3.4,3.4,3.4,241476
2022-09-23,3.1,3.7,3.1,3.7,3425862
2022-09-26,3.8,4.0,3.5,3.8,1388417
2022-09-27,3.8,3.9,3.5,3.5,1643860
2022-09-28,3.3,3.4,3.2,3.2,1888424
2022-09-29,3.3,3.5,3.1,3.2,1065469
2022-09-30,3.1,3.2,2.9,3.2,1219398
2022-10-03,3.2,3.2,2.9,2.9,1343071
2022-10-04,2.9,3.1,2.8,2.9,631855
2022-10-05,3.0,3.1,2.9,3.1,1193020
2022-10-06,3.2,3.3,2.9,3.0,771846
2022-10-07,2.9,3.0,2.7,2.7,1460341
2022-10-10,2.6,2.9,2.5,2.9,847892
2022-10-11,2.9,3.0,2.7,2.7,1026852
2022-10-12,2.6,2.8,2.5,2.5,1473936
2022-10-13,2.5,2.6,2.3,2.3,1814955
2022-10-14,2.3,2.5,2.3,2.4,640112
2022-10-17,2.4,2.5,2.3,2.5,747966
2022-10-18,2.5,2.7,2.5,2.7,849460
2022-10-19,2.7,2.7,2.5,2.5,645163
2022-10-20,2.5,2.6,2.4,2.4,787374
2022-10-21,2.4,2.5,2.2,2.2,1064052
2022-10-24,2.3,2.3,2.0,2.0,857167
2022-10-25,2.2,2.2,1.8,2.1,782660
2022-10-26,2.1,2.2,1.9,2.0,499246
2022-10-27,2.0,2.2,1.9,2.2,593682
2022-10-28,2.2,2.3,2.1,2.2,666312
2022-10-31,2.1,2.2,2.0,2.0,407039
2022-11-01,2.0,2.1,1.9,2.0,559667
2022-11-02,2.0,2.2,2.0,2.2,1955096
2022-11-03,2.3,2.3,2.1,2.2,343369
2022-11-04,2.2,2.2,2.0,2.0,1391957
2022-11-07,2.0,2.1,1.8,1.8,1016472
2022-11-08,1.8,1.9,1.8,1.9,591200
2022-11-09,1.9,2.0,1.9,2.0,735613
2022-11-10,2.0,2.0,1.8,1.9,818226
2022-11-11,1.8,2.0,1.8,1.8,525909
2022-11-14,1.8,1.8,1.7,1.7,437140
2022-11-15,1.6,1.7,1.6,1.6,279827
2022-11-16,1.5,1.7,1.5,1.7,1120984
2022-11-17,1.8,1.8,1.7,1.8,819010
2022-11-18,1.9,1.9,1.7,1.8,1484244
2022-11-21,1.8,1.9,1.7,1.9,804724
2022-11-22,1.8,2.0,1.8,2.0,2234551
2022-11-23,2.0,2.1,1.9,1.9,973636
2022-11-24,1.9,2.0,1.8,1.8,1309793
2022-11-25,1.8,1.9,1.8,1.8,345777
2022-11-28,1.8,1.9,1.8,1.9,1384787
2022-11-29,2.0,2.0,1.9,2.0,1432445
2022-11-30,2.1,2.2,2.1,2.2,1518857
2022-12-01,2.4,2.4,2.3,2.4,1734638
2022-12-02,2.4,2.6,2.3,2.6,2877059
2022-12-05,2.7,2.8,2.6,2.8,1632995
2022-12-06,3.0,3.0,2.8,2.8,4220600
2022-12-07,2.7,2.9,2.6,2.6,2885908
2022-12-08,2.5,2.8,2.5,2.7,1371214
2022-12-09,2.7,2.8,2.5,2.6,1590758
2022-12-12,2.7,2.7,2.4,2.4,1574597
2022-12-13,2.2,2.5,2.2,2.4,1335499
2022-12-14,2.4,2.6,2.4,2.6,1037455
2022-12-15,2.5,2.7,2.5,2.5,1011413
2022-12-16,2.6,2.6,2.4,2.5,1393221
2022-12-19,2.5,2.6,2.4,2.4,1106270
2022-12-20,2.4,2.5,2.2,2.3,1389692
2022-12-21,2.3,2.4,2.1,2.2,1349659
2022-12-22,2.2,2.3,2.0,2.1,574194
2022-12-23,2.1,2.2,2.0,2.1,321317
2022-12-26,2.1,2.2,1.9,1.9,745343
2022-12-27,1.8,2.0,1.8,2.0,532708
2022-12-28,2.1,2.2,2.0,2.2,615773
2022-12-29,2.2,2.3,2.1,2.1,606405
2022-12-30,2.1,2.2,2.0,2.1,473079
2023-01-03,2.0,2.3,2.0,2.3,702868
2023-01-04,2.3,2.4,2.2,2.2,399608
2023-01-05,2.2,2.3,2.1,2.1,435909
2023-01-06,2.1,2.2,2.0,2.1,653696
2023-01-09,2.1,2.2,2.0,2.1,235500
2023-01-10,1.9,2.1,1.9,2.1,433605
2023-01-11,2.1,2.2,2.0,2.1,527925
2023-01-12,2.1,2.2,2.0,2.1,384491
2023-01-13,2.1,2.2,2.0,2.0,297081
2023-01-16,2.1,2.1,2.0,2.1,261723
2023-01-17,2.1,2.2,2.0,2.1,419791
2023-01-18,2.1,2.2,2.0,2.1,406653
2023-01-19,2.1,2.2,2.1,2.2,554160
2023-01-27,2.2,2.3,2.1,2.1,630076
2023-01-30,2.1,2.3,2.1,2.3,1159000
2023-01-31,2.5,2.5,2.4,2.5,2283944
2023-02-01,2.5,2.6,2.3,2.3,2019271
2023-02-02,2.3,2.3,2.1,2.1,644452
2023-02-03,2.1,2.3,2.1,2.3,484578
2023-02-06,2.3,2.3,2.2,2.2,696125
2023-02-07,2.2,2.3,2.1,2.2,369207
2023-02-08,2.2,2.3,2.1,2.3,364189
2023-02-09,2.2,2.3,2.1,2.2,463351
2023-02-10,2.2,2.3,2.1,2.1,358242
2023-02-13,2.1,2.1,2.0,2.0,527890
2023-02-14,2.0,2.1,2.0,2.0,193773
2023-02-15,2.0,2.2,2.0,2.1,662469
2023-02-16,2.2,2.2,2.0,2.1,453582
2023-02-17,2.1,2.2,2.0,2.2,608503
2023-02-20,2.2,2.4,2.2,2.3,1912964
2023-02-21,2.4,2.4,2.2,2.2,952412
2023-02-22,2.2,2.3,2.1,2.2,724128
2023-02-23,2.2,2.2,2.1,2.2,531203
2023-02-24,2.1,2.2,2.1,2.1,444959
2023-02-27,2.1,2.2,2.1,2.1,525002
2023-02-28,2.1,2.2,2.1,2.1,214501
2023-03-01,2.2,2.2,2.0,2.2,408200
2023-03-02,2.2,2.2,2.0,2.1,892143
2023-03-03,2.1,2.2,2.0,2.1,437608
2023-03-06,2.1,2.2,2.1,2.1,414547
2023-03-07,2.1,2.2,2.0,2.0,289580
2023-03-08,2.1,2.1,2.0,2.1,158906
2023-03-09,2.0,2.1,2.0,2.1,182306
2023-03-10,2.0,2.1,2.0,2.0,1123957
2023-03-13,2.0,2.1,2.0,2.1,323900
2023-03-14,2.1,2.1,1.9,2.0,471939
2023-03-15,2.0,2.1,1.9,2.1,511498
2023-03-16,2.1,2.1,2.0,2.0,464886
2023-03-17,2.0,2.1,1.9,2.0,429024
2023-03-20,2.0,2.0,1.9,1.9,313769
2023-03-21,1.9,2.0,1.9,1.9,107210
2023-03-22,2.0,2.0,1.9,1.9,193493
2023-03-23,1.9,2.0,1.8,2.0,576847
2023-03-24,2.0,2.0,1.9,1.9,233080
2023-03-27,1.9,2.0,1.9,2.0,457292
2023-03-28,2.0,2.1,1.9,2.0,768556
2023-03-29,2.0,2.1,1.9,2.1,581014
2023-03-30,2.1,2.1,2.0,2.0,342973
2023-03-31,2.0,2.1,2.0,2.1,419118
2023-04-03,2.1,2.2,2.0,2.1,1299272
2023-04-04,2.1,2.2,2.0,2.1,815878
2023-04-05,2.1,2.2,2.0,2.2,1377839
2023-04-06,2.2,2.3,2.0,2.0,4682454
2023-04-07,2.0,2.0,1.8,2.0,1775801
2023-04-10,2.0,2.0,1.8,1.8,4031179
2023-04-11,1.8,1.8,1.7,1.8,1359856
2023-04-12,1.8,1.9,1.8,1.9,2879308
2023-04-13,1.9,2.0,1.8,1.9,1188473
2023-04-14,1.9,1.9,1.8,1.8,1293320
2023-04-17,1.8,1.9,1.7,1.8,926864
2023-04-18,1.8,1.8,1.7,1.8,829915
2023-04-19,1.8,1.8,1.7,1.8,199047
2023-04-20,1.7,1.8,1.7,1.8,446172
2023-04-21,1.7,1.8,1.7,1.7,4190273
2023-04-24,1.6,1.7,1.6,1.6,1274066
2023-04-25,1.5,1.5,1.5,1.5,451435
2023-04-26,1.4,1.4,1.4,1.4,143813
2023-04-27,1.3,1.3,1.3,1.3,227716
2023-04-28,1.2,1.2,1.2,1.2,223267
2023-05-04,1.1,1.1,1.1,1.1,269046
2023-05-05,1.0,1.0,1.0,1.0,303139
2023-05-08,0.9,1.1,0.9,1.1,6561959
2023-05-09,1.2,1.2,1.1,1.2,1328431
2023-05-10,1.3,1.3,1.1,1.3,6322557
2023-05-11,1.4,1.4,1.2,1.3,4098317
2023-05-12,1.3,1.3,1.2,1.2,2821886
2023-05-15,1.1,1.2,1.1,1.1,5315082
2023-05-16,1.1,1.2,1.1,1.2,1294390
2023-05-17,1.2,1.3,1.1,1.1,3208321
2023-05-31,1.1,1.1,1.1,1.1,0
2023-06-01,1.1,1.1,1.1,1.1,0
2023-06-02,1.3,1.5,1.2,1.5,5264600
2023-06-05,1.5,1.5,1.5,1.5,0
2023-06-06,1.5,1.5,1.5,1.5,0
2023-06-07,1.5,1.5,1.5,1.5,0
2023-06-08,1.5,1.5,1.5,1.5,0
2023-06-09,1.7,1.7,1.4,1.6,8148537
2023-06-12,1.6,1.6,1.6,1.6,0
2023-06-13,1.6,1.6,1.6,1.6,0
2023-06-14,1.6,1.6,1.6,1.6,0
2023-06-15,1.6,1.6,1.6,1.6,0
2023-06-16,1.5,1.5,1.4,1.4,4832699
2023-06-19,1.4,1.4,1.4,1.4,0
2023-06-20,1.4,1.4,1.4,1.4,0
2023-06-21,1.4,1.4,1.4,1.4,0
2023-06-22,1.4,1.4,1.4,1.4,0
2023-06-23,1.3,1.4,1.2,1.2,2739756
2023-06-26,1.3,1.3,1.3,1.3,0
2023-06-27,1.3,1.3,1.3,1.3,0
2023-06-28,1.3,1.3,1.3,1.3,0
2023-06-29,1.3,1.3,1.3,1.3,0
2023-06-30,1.2,1.3,1.2,1.2,1084479
2023-07-03,1.2,1.2,1.2,1.2,0
2023-07-04,1.2,1.2,1.2,1.2,0
2023-07-05,1.2,1.2,1.2,1.2,0
2023-07-06,1.2,1.2,1.2,1.2,0
2023-07-07,1.1,1.2,1.1,1.1,2944110
2023-07-10,1.1,1.1,1.1,1.1,0
2023-07-11,1.1,1.1,1.1,1.1,0
2023-07-12,1.1,1.1,1.1,1.1,0
2023-07-13,1.1,1.1,1.1,1.1,0
2023-07-14,1.1,1.2,1.0,1.1,1489713
2023-07-17,1.1,1.1,1.1,1.1,0
2023-07-18,1.1,1.1,1.1,1.1,0
2023-07-19,1.1,1.1,1.1,1.1,0
2023-07-20,1.1,1.1,1.1,1.1,0
2023-07-21,1.1,1.1,1.0,1.1,2503870
2023-07-24,1.0,1.0,1.0,1.0,0
2023-07-25,1.0,1.0,1.0,1.0,0
2023-07-26,1.0,1.0,1.0,1.0,0
2023-07-27,1.0,1.0,1.0,1.0,0
2023-07-28,1.0,1.1,1.0,1.1,3613130
2023-07-31,1.1,1.1,1.1,1.1,0
2023-08-01,1.1,1.1,1.1,1.1,0
2023-08-02,1.1,1.1,1.1,1.1,0
2023-08-03,1.1,1.1,1.1,1.1,0
2023-08-04,1.1,1.2,1.0,1.2,2161379
2023-08-07,1.1,1.1,1.1,1.1,0
2023-08-08,1.1,1.1,1.1,1.1,0
2023-08-09,1.1,1.1,1.1,1.1,0
2023-08-10,1.1,1.1,1.1,1.1,0
2023-08-11,1.1,1.2,1.0,1.1,1264453
2023-08-14,1.1,1.1,1.1,1.1,0
2023-08-15,1.1,1.1,1.1,1.1,0
2023-08-16,1.1,1.1,1.1,1.1,0
2023-08-17,1.1,1.1,1.1,1.1,0
2023-08-18,1.0,1.1,1.0,1.1,2336925
2023-08-21,1.0,1.0,1.0,1.0,0
2023-08-22,1.0,1.0,1.0,1.0,0
2023-08-23,1.0,1.0,1.0,1.0,0
2023-08-24,1.0,1.0,1.0,1.0,0
2023-08-25,1.0,1.1,1.0,1.1,1111134
2023-08-28,1.0,1.0,1.0,1.0,0
2023-08-29,1.0,1.0,1.0,1.0,0
2023-08-30,1.0,1.0,1.0,1.0,0
2023-08-31,1.0,1.0,1.0,1.0,0
2023-09-05,1.0,1.0,1.0,1.0,0
2023-09-06,1.0,1.0,1.0,1.0,0
2023-09-07,1.0,1.0,1.0,1.0,0
2023-09-08,1.0,1.1,1.0,1.0,1553767
2023-09-11,1.0,1.0,1.0,1.0,0
2023-09-12,1.0,1.0,1.0,1.0,0
2023-09-13,1.0,1.0,1.0,1.0,0
2023-09-14,1.0,1.0,1.0,1.0,0
2023-09-15,1.0,1.0,0.9,1.0,2060571
2023-09-18,0.9,0.9,0.9,0.9,0
2023-09-19,0.9,0.9,0.9,0.9,0
2023-09-20,0.9,0.9,0.9,0.9,0
2023-09-21,0.9,0.9,0.9,0.9,0
2023-09-22,0.9,0.9,0.8,0.9,1693010
2023-09-25,0.9,0.9,0.9,0.9,0
2023-09-26,0.9,0.9,0.9,0.9,0
2023-09-27,0.9,0.9,0.9,0.9,0
2023-09-28,0.9,0.9,0.9,0.9,0
2023-09-29,0.9,0.9,0.8,0.8,638258
2023-10-02,0.9,0.9,0.9,0.9,0
2023-10-03,0.9,0.9,0.9,0.9,0
2023-10-04,0.9,0.9,0.9,0.9,0
2023-10-05,0.9,0.9,0.9,0.9,0
2023-10-06,0.9,1.0,0.8,0.9,1150038
2023-10-09,0.9,0.9,0.9,0.9,0
2023-10-10,0.9,0.9,0.9,0.9,0
2023-10-11,0.9,0.9,0.9,0.9,0
2023-10-12,0.9,0.9,0.9,0.9,0
2023-10-13,1.0,1.0,0.9,1.0,377580
2023-10-16,0.9,0.9,0.9,0.9,0
2023-10-17,0.9,0.9,0.9,0.9,0
2023-10-18,0.9,0.9,0.9,0.9,0
2023-10-19,0.9,0.9,0.9,0.9,0
2023-10-20,0.9,0.9,0.8,0.9,305900
2023-10-23,0.9,0.9,0.9,0.9,0
2023-10-24,0.9,0.9,0.9,0.9,0
2023-10-25,0.9,0.9,0.9,0.9,0
2023-10-26,0.9,0.9,0.9,0.9,0
2023-10-27,0.9,0.9,0.8,0.8,313380
2023-10-30,0.8,0.8,0.8,0.8,0
2023-10-31,0.8,0.8,0.8,0.8,0
2023-11-01,0.8,0.8,0.8,0.8,0
2023-11-02,0.8,0.8,0.8,0.8,0
2023-11-03,0.8,0.9,0.8,0.8,373481
2023-11-06,0.8,0.8,0.8,0.8,0
2023-11-07,0.8,0.8,0.8,0.8,0
2023-11-08,0.8,0.8,0.8,0.8,0
2023-11-09,0.8,0.8,0.8,0.8,0
2023-11-10,0.9,0.9,0.8,0.9,773986
2023-11-13,0.8,0.8,0.8,0.8,0
2023-11-14,0.8,0.8,0.8,0.8,0
2023-11-15,0.8,0.8,0.8,0.8,0
2023-11-16,0.8,0.8,0.8,0.8,0
2023-11-17,0.9,0.9,0.8,0.9,294080
2023-11-20,0.8,0.8,0.8,0.8,0
2023-11-21,0.8,0.8,0.8,0.8,0
2023-11-22,0.8,0.8,0.8,0.8,0
2023-11-23,0.8,0.8,0.8,0.8,0
2023-11-24,0.8,0.9,0.7,0.8,593366
2023-11-27,0.8,0.8,0.8,0.8,0
2023-11-28,0.8,0.8,0.8,0.8,0
2023-11-29,0.8,0.8,0.8,0.8,0
2023-11-30,0.8,0.8,0.8,0.8,0
2023-12-01,0.8,0.8,0.7,0.8,436334
2023-12-04,0.7,0.7,0.7,0.7,0
2023-12-05,0.7,0.7,0.7,0.7,0
2023-12-06,0.7,0.7,0.7,0.7,0
2023-12-07,0.7,0.7,0.7,0.7,0
2023-12-08,0.8,0.8,0.7,0.7,431320
2023-12-11,0.7,0.7,0.7,0.7,0
2023-12-12,0.7,0.7,0.7,0.7,0
2023-12-13,0.7,0.7,0.7,0.7,0
2023-12-14,0.7,0.7,0.7,0.7,0
2023-12-15,0.7,0.8,0.6,0.8,997736
2023-12-18,0.7,0.7,0.7,0.7,0
2023-12-19,0.7,0.7,0.7,0.7,0
2023-12-20,0.7,0.7,0.7,0.7,0
2023-12-21,0.7,0.7,0.7,0.7,0
2023-12-22,0.7,0.7,0.6,0.7,317835
2023-12-25,0.7,0.7,0.7,0.7,0
2023-12-26,0.7,0.7,0.7,0.7,0
2023-12-27,0.7,0.7,0.7,0.7,0
2023-12-28,0.7,0.7,0.7,0.7,0
2023-12-29,0.7,0.7,0.6,0.6,853154
2024-01-02,0.6,0.6,0.6,0.6,0
2024-01-03,0.6,0.6,0.6,0.6,0
2024-01-04,0.6,0.6,0.6,0.6,0
2024-01-05,0.6,0.7,0.6,0.7,494044
2024-01-08,0.7,0.7,0.7,0.7,0
2024-01-09,0.7,0.7,0.7,0.7,0
2024-01-10,0.7,0.7,0.7,0.7,0
2024-01-11,0.7,0.7,0.7,0.7,0
2024-01-12,0.7,0.8,0.6,0.7,462838
2024-01-15,0.7,0.7,0.7,0.7,0
2024-01-16,0.7,0.7,0.7,0.7,0
2024-01-17,0.7,0.7,0.7,0.7,0
2024-01-18,0.7,0.7,0.7,0.7,0
2024-01-19,0.7,0.8,0.7,0.8,233090
2024-01-22,0.8,0.8,0.8,0.8,0
2024-01-23,0.8,0.8,0.8,0.8,0
2024-01-24,0.8,0.8,0.8,0.8,0
2024-01-25,0.8,0.8,0.8,0.8,0
2024-01-26,0.8,0.9,0.7,0.9,844771
2024-01-29,0.8,0.8,0.8,0.8,0
2024-01-30,0.8,0.8,0.8,0.8,0
2024-01-31,0.8,0.8,0.8,0.8,0
2024-02-01,0.8,0.8,0.8,0.8,0
2024-02-02,0.8,0.9,0.8,0.9,474649
2024-02-05,0.8,0.8,0.8,0.8,0
2024-02-06,0.8,0.8,0.8,0.8,0
2024-02-07,0.8,0.8,0.8,0.8,0
2024-02-15,0.8,0.8,0.8,0.8,0
2024-02-16,0.7,0.9,0.7,0.9,170514
2024-02-19,0.8,0.8,0.8,0.8,0
2024-02-20,0.8,0.8,0.8,0.8,0
2024-02-21,0.8,0.8,0.8,0.8,0
2024-02-22,0.8,0.8,0.8,0.8,0
2024-02-23,0.9,0.9,0.8,0.9,1889263
2024-02-26,0.9,0.9,0.9,0.9,0
2024-02-27,0.9,0.9,0.9,0.9,0
2024-02-28,0.9,0.9,0.9,0.9,0
2024-02-29,0.9,0.9,0.9,0.9,0
2024-03-01,1.0,1.0,0.8,1.0,1874406
2024-03-04,1.0,1.0,1.0,1.0,0
2024-03-05,1.0,1.0,1.0,1.0,0
2024-03-06,1.0,1.0,1.0,1.0,0
2024-03-07,1.0,1.0,1.0,1.0,0
2024-03-08,1.0,1.0,0.9,0.9,1443103
2024-03-11,0.9,0.9,0.9,0.9,0
2024-03-12,0.9,0.9,0.9,0.9,0
2024-03-13,0.9,0.9,0.9,0.9,0
2024-03-14,0.9,0.9,0.9,0.9,0
2024-03-15,0.9,0.9,0.8,0.9,916200
2024-03-18,0.8,0.8,0.8,0.8,0
2024-03-19,0.8,0.8,0.8,0.8,0
2024-03-20,0.8,0.8,0.8,0.8,0
2024-03-21,0.8,0.8,0.8,0.8,0
2024-03-22,0.8,0.9,0.8,0.9,420988
2024-03-25,0.8,0.8,0.8,0.8,0
2024-03-26,0.8,0.8,0.8,0.8,0
2024-03-27,0.8,0.8,0.8,0.8,0
2024-03-28,0.8,0.8,0.8,0.8,0
2024-03-29,0.8,0.9,0.8,0.8,621036
2024-04-01,0.8,0.8,0.8,0.8,0
2024-04-02,0.8,0.8,0.8,0.8,0
2024-04-03,0.8,0.8,0.8,0.8,0
2024-04-04,0.8,0.8,0.8,0.8,0
2024-04-05,0.8,0.8,0.7,0.8,400851
2024-04-08,0.8,0.8,0.8,0.8,0
2024-04-09,0.8,0.8,0.8,0.8,0
2024-04-10,0.8,0.8,0.8,0.8,0
2024-04-11,0.8,0.8,0.8,0.8,0
2024-04-12,0.8,0.8,0.7,0.8,461350
2024-04-15,0.8,0.8,0.8,0.8,0
2024-04-16,0.8,0.8,0.8,0.8,0
2024-04-17,0.8,0.8,0.8,0.8,0
2024-04-19,0.7,0.9,0.7,0.9,1506471
2024-04-22,0.7,0.7,0.7,0.7,0
2024-04-23,0.7,0.7,0.7,0.7,0
2024-04-24,0.7,0.7,0.7,0.7,0
2024-04-25,0.7,0.7,0.7,0.7,0
2024-04-26,0.7,0.8,0.7,0.8,243852
2024-05-02,0.7,0.7,0.7,0.7,0
2024-05-03,0.7,0.8,0.7,0.8,735130
2024-05-06,0.8,0.8,0.8,0.8,0
2024-05-07,0.8,0.8,0.8,0.8,0
2024-05-08,0.8,0.8,0.8,0.8,0
2024-05-09,0.8,0.8,0.8,0.8,0
2024-05-10,0.8,0.9,0.8,0.9,326665
2024-05-13,0.8,0.8,0.8,0.8,0
2024-05-14,0.8,0.8,0.8,0.8,0
2024-05-15,0.8,0.8,0.8,0.8,0
2024-05-16,0.8,0.8,0.8,0.8,0
2024-05-17,0.8,0.9,0.8,0.9,661710
2024-05-20,0.9,0.9,0.9,0.9,0
2024-05-21,0.9,0.9,0.9,0.9,0
2024-05-22,0.9,0.9,0.9,0.9,0
2024-05-23,0.9,0.9,0.9,0.9,0
2024-05-24,0.9,1.0,0.8,0.8,383505
2024-05-27,0.8,0.8,0.8,0.8,0
2024-05-28,0.8,0.8,0.8,0.8,0
2024-05-29,0.8,0.8,0.8,0.8,0
2024-05-30,0.8,0.8,0.8,0.8,0
2024-05-31,0.8,0.9,0.8,0.9,519598
2024-06-03,0.9,0.9,0.9,0.9,0
2024-06-04,0.9,0.9,0.9,0.9,0
2024-06-05,0.9,0.9,0.9,0.9,0
2024-06-06,0.9,0.9,0.9,0.9,0
2024-06-07,0.9,1.0,0.8,0.9,844286
2024-06-10,0.9,0.9,0.9,0.9,0
2024-06-11,0.9,0.9,0.9,0.9,0
2024-06-12,0.9,0.9,0.9,0.9,0
2024-06-13,0.9,0.9,0.9,0.9,0
2024-06-14,0.9,1.0,0.8,1.0,792333
2024-06-17,0.9,0.9,0.9,0.9,0
2024-06-18,0.9,0.9,0.9,0.9,0
2024-06-19,0.9,0.9,0.9,0.9,0
2024-06-20,0.9,0.9,0.9,0.9,0
2024-06-21,0.9,1.0,0.8,0.9,777520
2024-06-24,0.9,0.9,0.9,0.9,0
2024-06-25,0.9,0.9,0.9,0.9,0
2024-06-26,0.9,0.9,0.9,0.9,0
2024-06-27,0.9,0.9,0.9,0.9,0
2024-06-28,0.9,0.9,0.8,0.9,267853
2024-07-01,0.8,0.8,0.8,0.8,0
2024-07-02,0.8,0.8,0.8,0.8,0
2024-07-03,0.8,0.8,0.8,0.8,0
2024-07-04,0.8,0.8,0.8,0.8,0
2024-07-05,0.8,0.9,0.7,0.9,528219
2024-07-08,0.8,0.8,0.8,0.8,0
2024-07-09,0.8,0.8,0.8,0.8,0
2024-07-10,0.8,0.8,0.8,0.8,0
2024-07-11,0.8,0.8,0.8,0.8,0
2024-07-12,0.8,0.9,0.8,0.9,201150
2024-07-15,0.8,0.8,0.8,0.8,0
2024-07-16,0.8,0.8,0.8,0.8,0
2024-07-17,0.8,0.8,0.8,0.8,0
2024-07-18,0.8,0.8,0.8,0.8,0
2024-07-19,0.9,0.9,0.8,0.8,207153
2024-07-22,0.8,0.8,0.8,0.8,0
2024-07-23,0.8,0.8,0.8,0.8,0
2024-07-24,0.8,0.8,0.8,0.8,0
2024-07-25,0.8,0.8,0.8,0.8,0
2024-07-26,0.8,0.9,0.8,0.8,333800
2024-08-02,0.8,0.9,0.7,0.9,317500
2024-08-09,0.8,0.8,0.7,0.8,87300
2024-08-16,0.8,0.9,0.7,0.8,311400
2024-08-23,0.8,0.8,0.7,0.8,101000
2024-08-30,0.8,0.8,0.7,0.7,70500
2024-09-06,0.7,0.8,0.7,0.7,78100
2024-09-13,0.8,0.8,0.7,0.8,242600
2024-09-20,0.7,0.8,0.7,0.8,649700
2024-09-27,0.8,0.9,0.7,0.9,634500
2024-10-04,0.8,0.8,0.7,0.8,140900
2024-10-11,0.8,0.8,0.7,0.8,195200
2024-10-18,0.7,0.8,0.7,0.8,32800
2024-10-25,0.8,0.8,0.7,0.8,217700
2024-11-01,0.7,0.8,0.7,0.7,123500
2024-11-08,0.7,0.8,0.7,0.7,225900
2024-11-15,0.7,0.7,0.6,0.7,211200
2024-11-22,0.7,0.7,0.6,0.6,228900
2024-11-29,0.7,0.7,0.6,0.6,57100
2024-12-06,0.7,0.7,0.6,0.7,326100
2024-12-13,0.7,0.7,0.6,0.7,188600
2024-12-20,0.6,0.7,0.6,0.6,460500
2024-12-27,0.6,0.7,0.6,0.7,536200
2025-01-03,0.6,0.8,0.6,0.7,322100
2025-01-10,0.6,0.7,0.6,0.7,63000
2025-01-17,0.7,0.7,0.6,0.6,58100
2025-01-24,0.6,0.7,0.6,0.7,58800
2025-02-07,0.7,0.8,0.7,0.8,710700
2025-02-14,0.8,0.9,0.7,0.8,576800
2025-02-21,0.8,0.8,0.7,0.8,344000
2025-02-28,0.8,0.8,0.7,0.7,91600
2025-03-07,0.7,0.8,0.7,0.8,114300
2025-03-14,0.7,0.8,0.7,0.8,171300
2025-03-21,0.7,0.8,0.6,0.8,255700
2025-03-28,0.7,0.8,0.6,0.6,802900
2025-04-04,0.6,0.7,0.6,0.6,291100
2025-04-11,0.7,0.7,0.6,0.7,469800
2025-04-18,0.6,0.7,0.6,0.7,62800
2025-04-25,0.6,0.7,0.6,0.7,89500
2025-05-09,0.6,0.7,0.6,0.6,264800
2025-05-16,0.6,0.7,0.6,0.7,922200
2025-05-23,0.7,0.8,0.6,0.7,236300
2025-05-30,0.7,0.8,0.6,0.7,253100
2025-06-06,0.8,0.8,0.7,0.7,127900
2025-06-13,0.7,0.7,0.6,0.7,82300
2025-06-20,0.7,0.8,0.7,0.7,260100
2025-06-27,0.7,0.8,0.7,0.7,142100
2025-07-04,0.7,0.7,0.6,0.7,557300
2025-07-11,0.7,0.8,0.7,0.8,2086700
2025-07-18,0.9,0.9,0.7,0.9,1495800
2025-07-25,0.9,1.0,0.8,0.9,1155300
2025-08-01,0.9,1.0,0.8,0.9,707200
2025-08-08,0.9,0.9,0.8,0.9,726300
2025-08-15,0.9,1.0,0.8,0.8,1541100
2025-08-22,0.9,0.9,0.8,0.9,1071000
2025-08-29,0.8,0.8,0.7,0.8,298600
2025-09-05,0.8,0.8,0.7,0.8,221900
2025-09-12,0.8,0.8,0.7,0.8,1063900
2025-09-19,0.7,0.8,0.7,0.8,279900
2025-09-26,0.7,0.8,0.7,0.8,521300
2025-10-03,0.8,0.8,0.7,0.7,203600
2025-10-10,0.7,0.8,0.7,0.8,170700
2025-10-17,0.7,0.8,0.7,0.8,357800
