time,open,high,low,close,volume
2022-06-17,9.07,9.07,9.07,9.07,1500
2022-06-20,10.43,10.43,10.43,10.43,5700
2022-06-21,11.96,11.96,11.96,11.96,19600
2022-06-22,13.73,13.73,13.73,13.73,11200
2022-06-23,15.73,15.73,15.26,15.32,193900
2022-06-24,15.32,16.14,15.32,15.79,168500
2022-06-27,15.79,16.14,15.5,15.73,146900
2022-06-28,15.73,15.73,15.32,15.61,78900
2022-06-29,15.61,15.61,15.44,15.44,104100
2022-06-30,15.44,15.97,15.44,15.67,127200
2022-07-01,15.67,15.85,15.56,15.79,118200
2022-07-04,15.79,15.97,15.73,15.91,111000
2022-07-05,15.91,16.2,15.5,15.73,139600
2022-07-06,15.73,15.79,15.61,15.73,40000
2022-07-07,15.73,15.79,15.61,15.79,92800
2022-07-08,15.79,15.85,15.73,15.79,49900
2022-07-11,15.79,15.91,15.79,15.91,44200
2022-07-12,15.91,16.2,15.67,16.2,302800
2022-07-13,16.2,16.2,15.85,16.03,170500
2022-07-14,16.03,16.2,16.03,16.2,69600
2022-07-15,16.2,16.5,16.03,16.26,104400
2022-07-18,16.26,16.26,15.97,16.09,84500
2022-07-19,16.09,16.2,16.09,16.14,62900
2022-07-20,15.91,16.26,15.85,16.03,100900
2022-07-21,16.03,16.26,15.85,16.14,70300
2022-07-22,16.14,16.2,16.03,16.14,90300
2022-07-25,16.14,16.26,16.03,16.26,149700
2022-07-26,16.26,16.26,16.09,16.2,95500
2022-07-27,16.2,16.2,15.91,16.2,54700
2022-07-28,16.2,16.62,15.97,16.62,112500
2022-07-29,16.62,16.73,16.56,16.56,49900
2022-08-01,16.56,16.79,16.14,16.79,71100
2022-08-02,16.79,16.85,16.5,16.67,48200
2022-08-03,16.67,16.97,16.56,16.97,56100
2022-08-04,16.97,17.09,16.79,16.91,39100
2022-08-05,16.91,17.03,16.62,16.67,44000
2022-08-08,16.67,16.67,16.26,16.44,70300
2022-08-09,16.44,16.5,16.26,16.5,51900
2022-08-10,16.5,16.73,16.2,16.73,45900
2022-08-11,16.73,16.79,16.56,16.56,43600
2022-08-12,16.56,16.91,16.56,16.62,60300
2022-08-15,16.62,16.62,16.44,16.5,33300
2022-08-16,16.5,16.85,16.26,16.79,57900
2022-08-17,16.79,17.03,16.67,17.03,37500
2022-08-18,17.03,17.21,16.97,17.15,35600
2022-08-19,17.15,17.15,16.79,16.91,50500
2022-08-22,16.91,17.26,16.91,17.09,69900
2022-08-23,17.09,17.09,16.91,16.97,28600
2022-08-24,16.97,17.15,16.73,17.15,53200
2022-08-25,17.15,17.32,17.09,17.32,29900
2022-08-26,17.32,17.38,17.15,17.15,37900
2022-08-29,17.15,17.32,17.03,17.09,52500
2022-08-30,17.09,17.15,16.97,17.15,35500
2022-08-31,17.15,17.15,16.85,16.91,43600
2022-09-05,16.91,16.91,16.62,16.79,64700
2022-09-06,16.79,16.85,16.73,16.79,32200
2022-09-07,16.79,17.15,16.79,16.97,50400
2022-09-08,16.97,16.97,16.85,16.91,36500
2022-09-09,16.91,16.91,16.79,16.85,45400
2022-09-12,16.85,17.03,16.85,16.91,42700
2022-09-13,16.91,16.91,16.79,16.85,30200
2022-09-14,16.85,16.85,16.73,16.79,43900
2022-09-15,16.79,16.85,16.73,16.79,54100
2022-09-16,16.79,16.79,16.67,16.73,29800
2022-09-19,16.73,16.73,16.5,16.67,38200
2022-09-20,16.67,16.73,16.56,16.56,58700
2022-09-21,16.56,16.56,16.44,16.5,27800
2022-09-22,16.83,17.51,16.5,17.51,57800
2022-09-23,17.51,17.76,17.51,17.76,34000
2022-09-26,17.76,18.27,17.68,18.27,96800
2022-09-27,18.27,18.94,18.27,18.94,38700
2022-09-28,18.94,18.94,18.69,18.94,37800
2022-09-29,18.94,19.11,18.94,19.02,50200
2022-09-30,19.02,19.02,18.43,18.94,36200
2022-10-03,18.94,18.94,18.52,18.85,30200
2022-10-04,18.85,18.94,18.69,18.77,49700
2022-10-05,18.77,18.94,18.69,18.85,29800
2022-10-06,18.85,19.11,18.85,18.94,41700
2022-10-07,18.94,18.94,18.77,18.85,28100
2022-10-10,18.85,18.85,18.69,18.85,49300
2022-10-11,18.85,18.85,18.43,18.77,33000
2022-10-12,18.77,18.77,18.43,18.6,41000
2022-10-13,18.6,18.94,18.18,18.94,30200
2022-10-14,18.94,18.94,18.52,18.6,20800
2022-10-17,18.6,18.6,18.35,18.52,18800
2022-10-18,18.52,18.52,18.27,18.43,31200
2022-10-19,18.43,18.69,18.18,18.43,29700
2022-10-20,18.43,18.43,18.27,18.35,28400
2022-10-21,18.35,18.35,18.18,18.35,23500
2022-10-24,18.35,18.35,18.1,18.27,47500
2022-10-25,18.27,18.35,17.76,18.35,50700
2022-10-26,18.35,18.35,18.1,18.27,12000
2022-10-27,18.27,18.35,18.18,18.27,15300
2022-10-28,18.27,18.27,18.01,18.18,15600
2022-10-31,18.18,18.18,17.84,18.01,24000
2022-11-01,18.01,18.52,18.01,18.01,18400
2022-11-02,18.01,18.1,17.93,18.01,17000
2022-11-03,18.01,18.18,17.84,17.93,16800
2022-11-04,17.93,18.1,17.68,17.93,20200
2022-11-07,17.93,17.93,17.51,17.84,20200
2022-11-08,17.84,17.84,17.51,17.59,21700
2022-11-09,17.59,17.68,17.51,17.59,31600
2022-11-10,17.59,18.1,17.59,17.76,24100
2022-11-11,17.76,17.76,17.26,17.34,28800
2022-11-14,17.34,17.51,17.34,17.42,27400
2022-11-15,17.42,17.51,17.26,17.42,24800
2022-11-16,17.42,17.51,17.34,17.51,33100
2022-11-17,17.51,17.59,17.42,17.42,26400
2022-11-18,17.42,17.59,17.42,17.59,13000
2022-11-21,17.59,17.59,17.34,17.51,29000
2022-11-22,17.51,17.51,17.34,17.42,17200
2022-11-23,17.42,17.42,17.26,17.34,29300
2022-11-24,17.34,17.34,17.17,17.34,25000
2022-11-25,17.34,17.68,17.09,17.68,13900
2022-11-28,17.68,17.76,17.51,17.59,18300
2022-11-29,17.59,17.68,17.59,17.68,21800
2022-11-30,17.68,17.93,17.68,17.93,17700
2022-12-01,17.93,18.01,17.76,17.84,12400
2022-12-02,17.84,17.93,17.68,17.84,20300
2022-12-05,17.84,17.84,17.68,17.76,17400
2022-12-06,17.76,17.76,17.59,17.68,178100
2022-12-07,17.68,17.68,17.51,17.59,15800
2022-12-08,17.59,18.1,17.59,18.1,15700
2022-12-09,18.1,18.1,17.93,18.01,19800
2022-12-12,18.01,18.01,17.93,18.01,16500
2022-12-13,18.01,18.18,17.84,18.18,30100
2022-12-14,18.18,18.18,18.01,18.1,16400
2022-12-15,18.1,18.1,18.01,18.1,17100
2022-12-16,18.1,18.18,18.01,18.18,11100
2022-12-19,18.18,18.35,18.1,18.27,32500
2022-12-20,18.27,18.35,18.18,18.27,32100
2022-12-21,18.27,18.27,18.1,18.18,138800
2022-12-22,18.18,18.18,17.68,18.1,137500
2022-12-23,18.1,18.1,17.84,17.93,10600
2022-12-26,17.93,18.1,17.93,18.1,13500
2022-12-27,18.1,18.27,18.1,18.27,22700
2022-12-28,18.27,18.27,18.18,18.18,9400
2022-12-29,18.18,18.18,18.01,18.1,14900
2022-12-30,18.1,18.1,17.26,17.93,3614
2023-01-03,17.84,17.93,17.76,17.84,13100
2023-01-04,17.84,17.84,17.59,17.76,110900
2023-01-05,17.76,17.76,17.34,17.51,6800
2023-01-06,17.51,17.51,17.17,17.26,10300
2023-01-09,17.26,17.26,16.75,16.83,2900
2023-01-10,16.83,17.09,16.5,17.09,7300
2023-01-11,17.09,17.09,16.75,16.83,16551
2023-01-12,16.83,16.83,16.58,16.67,4900
2023-01-13,16.67,16.75,16.67,16.75,17000
2023-01-16,16.75,16.75,16.5,16.58,4500
2023-01-17,16.58,16.58,16.33,16.41,19100
2023-01-18,16.41,16.41,15.99,16.25,13800
2023-01-19,16.25,16.33,16.25,16.33,1900
2023-01-27,16.33,16.58,16.33,16.58,4100
2023-01-30,16.58,16.67,16.5,16.58,17700
2023-01-31,16.58,16.67,16.33,16.41,10600
2023-02-01,16.41,16.41,16.25,16.33,4502
2023-02-02,16.33,16.41,16.25,16.41,18300
2023-02-03,16.41,16.5,16.41,16.5,3200
2023-02-06,16.5,16.5,16.33,16.5,10100
2023-02-07,16.5,16.5,16.08,16.16,6400
2023-02-08,16.16,16.16,15.91,15.99,2400
2023-02-09,15.99,16.33,15.82,16.33,11800
2023-02-10,16.33,16.33,16.16,16.25,15600
2023-02-13,16.25,16.33,16.08,16.33,2900
2023-02-14,16.33,16.33,16.16,16.33,10500
2023-02-15,16.33,16.58,16.25,16.58,13700
2023-02-16,16.58,16.58,16.33,16.41,5300
2023-02-17,16.41,16.41,16.25,16.25,11100
2023-02-20,16.25,16.33,15.99,16.33,5400
2023-02-21,16.33,16.5,16.25,16.33,15100
2023-02-22,16.33,16.41,16.08,16.33,9800
2023-02-23,16.33,16.33,16.25,16.25,2500
2023-02-24,16.25,16.25,16.08,16.25,8600
2023-02-27,16.25,16.25,15.99,16.16,1800
2023-02-28,15.99,16.08,15.99,16.08,1700
2023-03-01,16.08,16.08,15.91,15.99,2200
2023-03-02,15.99,15.99,15.82,15.91,2600
2023-03-03,15.91,15.91,15.57,15.66,5600
2023-03-06,15.66,15.66,15.32,15.32,5000
2023-03-07,15.32,15.57,15.32,15.4,1700
2023-03-08,15.4,15.4,15.15,15.15,1100
2023-03-09,15.15,15.4,15.15,15.4,1300
2023-03-10,15.4,15.4,15.32,15.32,800
2023-03-13,15.32,15.4,15.24,15.24,1700
2023-03-14,15.24,15.24,15.24,15.24,500
2023-03-15,15.24,15.24,14.98,15.24,806
2023-03-16,15.24,15.24,15.15,15.15,2200
2023-03-17,15.15,15.15,15.15,15.15,600
2023-03-20,15.24,15.32,14.98,15.07,2056
2023-03-21,15.07,15.07,15.07,15.07,544
2023-03-22,15.07,15.07,14.48,14.73,1900
2023-03-23,14.73,15.07,14.73,15.07,400
2023-03-24,15.07,15.07,14.14,14.65,800
2023-03-27,14.65,14.65,14.65,14.65,200
2023-03-28,14.65,14.65,14.31,14.65,200200
2023-03-29,14.39,14.56,14.39,14.56,300
2023-03-30,14.56,14.56,14.56,14.56,400
2023-03-31,14.56,14.65,14.06,14.48,400
2023-04-03,14.48,14.56,14.31,14.56,200200
2023-04-04,14.56,14.56,14.56,14.56,200
2023-04-05,14.56,14.56,14.56,14.56,500
2023-04-06,14.48,14.48,14.48,14.48,800
2023-04-07,14.48,14.48,14.39,14.39,1700
2023-04-10,14.65,14.65,14.39,14.48,500
2023-04-11,14.48,14.56,13.89,14.39,3200
2023-04-12,14.39,14.48,14.14,14.39,3600
2023-04-13,14.48,14.48,13.89,14.48,600
2023-04-14,14.48,14.48,13.89,14.48,900
2023-04-17,14.56,14.56,13.97,14.56,1300
2023-04-18,14.56,14.56,13.47,14.48,1300
2023-04-19,14.48,14.48,13.64,14.31,1000
2023-04-20,14.31,14.31,13.89,14.31,121500
2023-04-21,14.31,14.31,13.89,14.23,359503
2023-04-24,14.23,14.23,13.89,14.23,600
2023-04-25,14.23,14.23,13.47,13.8,3503
2023-04-26,13.8,13.8,13.13,13.64,2000
2023-04-27,13.64,13.89,13.64,13.89,2100
2023-04-28,13.89,13.89,13.05,13.55,2800
2023-05-04,13.38,13.64,12.63,13.64,2500
2023-05-05,13.64,13.8,12.71,13.8,1300
2023-05-08,13.8,13.8,12.79,13.38,1500
2023-05-09,13.38,13.64,13.38,13.64,2601
2023-05-10,13.64,13.64,13.64,13.64,300
2023-05-11,13.64,13.72,13.64,13.72,600
2023-05-12,13.38,13.72,12.71,13.72,3300
2023-05-15,13.72,13.72,12.63,13.72,500
2023-05-16,13.72,13.8,13.64,13.64,1100
2023-05-17,13.55,13.55,13.55,13.55,2800
2023-05-18,13.47,13.47,12.63,13.38,5400
2023-05-19,13.3,13.3,13.22,13.22,1300
2023-05-22,13.22,13.3,13.22,13.3,1000
2023-05-23,13.3,13.47,13.3,13.3,5110
2023-05-24,13.3,13.38,13.3,13.38,3000
2023-05-25,13.38,13.38,13.22,13.22,1200
2023-05-26,13.22,13.22,13.22,13.22,4400
2023-05-29,13.22,13.64,13.22,13.64,12805
2023-05-30,13.64,13.97,13.64,13.97,8000
2023-05-31,13.97,13.97,13.47,13.8,5300
2023-06-01,13.8,13.89,13.05,13.89,3100
2023-06-02,13.89,13.89,13.72,13.8,7300
2023-06-05,13.8,13.8,13.8,13.8,600
2023-06-06,13.8,13.89,13.8,13.8,1900
2023-06-07,13.89,13.89,13.72,13.72,700
2023-06-08,13.72,13.8,13.64,13.8,2600
2023-06-09,13.8,13.8,13.8,13.8,1600
2023-06-12,13.8,14.31,13.64,14.31,7600
2023-06-26,13.64,17.59,13.55,16.16,498700
2023-06-27,16.16,16.25,15.57,15.57,256800
2023-06-28,15.57,15.57,14.14,14.14,260700
2023-06-29,14.14,14.14,12.79,13.22,408100
2023-06-30,13.22,13.55,13.22,13.47,60503
2023-07-03,13.47,13.55,12.12,12.88,87005
2023-07-04,12.88,12.96,12.46,12.88,56503
2023-07-05,12.88,13.05,12.29,12.54,24500
2023-07-06,12.54,12.54,11.95,12.04,73100
2023-07-07,12.04,12.21,11.87,12.21,63700
2023-07-10,12.21,12.29,11.95,12.29,33100
2023-07-11,12.29,12.37,12.12,12.21,37533
2023-07-12,12.21,12.21,12.04,12.12,25500
2023-07-13,12.12,12.21,11.95,12.12,26500
2023-07-14,12.12,12.12,11.95,11.95,15815
2023-07-17,11.95,12.12,11.95,11.95,53300
2023-07-18,11.95,12.12,11.78,12.04,58300
2023-07-19,12.04,12.04,11.95,11.95,32800
2023-07-20,11.95,11.95,11.78,11.87,49800
2023-07-21,11.87,11.95,11.87,11.95,19300
2023-07-24,11.95,12.04,11.62,11.87,64500
2023-07-25,11.87,11.95,11.62,11.87,32650
2023-07-26,11.87,12.12,11.87,12.12,69725
2023-07-27,12.12,12.21,12.04,12.12,21648
2023-07-28,12.12,12.21,11.7,12.04,69400
2023-07-31,12.04,12.37,11.95,12.29,23501
2023-08-01,12.29,12.63,12.29,12.46,55525
2023-08-02,12.46,12.54,12.29,12.29,42600
2023-08-03,12.29,12.37,12.04,12.37,68000
2023-08-04,12.37,12.37,12.29,12.29,20300
2023-08-07,12.29,12.37,12.29,12.29,49300
2023-08-08,12.21,12.37,11.95,12.21,33200
2023-08-09,12.21,12.37,12.21,12.29,48305
2023-08-10,12.29,12.46,12.29,12.46,31100
2023-08-11,12.46,12.54,12.37,12.37,52700
2023-08-14,12.37,12.63,12.04,12.54,47300
2023-08-15,12.54,12.54,12.29,12.29,43800
2023-08-16,12.29,12.37,12.04,12.04,20800
2023-08-17,12.04,12.37,12.04,12.21,18800
2023-08-18,12.29,12.29,11.7,11.95,40205
2023-08-21,11.95,12.12,11.78,12.12,83900
2023-08-22,12.12,12.21,11.95,12.21,14100
2023-08-23,12.21,12.29,12.21,12.21,15900
2023-08-24,12.21,12.46,12.21,12.37,86100
2023-08-25,12.37,12.79,12.37,12.54,20300
2023-08-28,12.54,12.79,12.54,12.79,41400
2023-08-29,12.79,12.88,12.54,12.54,13200
2023-08-30,12.54,12.71,12.37,12.37,16400
2023-08-31,12.37,12.63,12.37,12.46,12100
2023-09-05,12.46,12.54,12.21,12.46,16000
2023-09-06,12.46,12.54,12.04,12.04,22600
2023-09-07,12.21,13.22,12.21,13.05,202900
2023-09-08,13.05,13.47,13.05,13.22,100710
2023-09-11,13.22,13.3,12.29,12.46,71200
2023-09-12,12.46,12.46,11.78,12.21,96710
2023-09-13,12.29,12.46,11.78,12.21,59100
2023-09-14,12.21,12.29,11.62,11.87,100200
2023-09-15,11.95,12.04,11.87,11.95,18100
2023-09-18,11.95,12.12,11.53,11.62,30200
2023-09-19,11.7,11.7,11.36,11.62,33900
2023-09-20,11.62,11.78,11.36,11.45,35600
2023-09-21,11.45,11.7,11.28,11.28,30800
2023-09-22,11.28,11.36,10.86,10.94,33569
2023-09-25,10.94,10.94,10.35,10.35,32700
2023-09-26,10.35,10.44,9.85,10.18,59800
2023-09-27,10.18,10.27,10.02,10.27,22800
2023-09-28,10.27,10.27,9.93,10.27,25900
2023-09-29,10.27,10.44,10.18,10.35,18200
2023-10-02,10.35,10.44,10.27,10.35,19400
2023-10-03,10.35,10.35,10.18,10.18,16800
2023-10-04,10.18,10.27,10.02,10.1,51800
2023-10-05,10.1,10.18,10.02,10.02,15800
2023-10-06,10.02,10.1,9.76,10.1,17300
2023-10-09,10.1,10.35,10.1,10.35,37700
2023-10-10,10.35,10.52,10.27,10.52,38524
2023-10-11,10.52,10.77,10.52,10.61,28200
2023-10-12,10.61,10.61,10.44,10.61,22200
2023-10-13,10.61,10.69,10.61,10.69,22700
2023-10-16,10.69,10.77,10.69,10.69,20600
2023-10-17,10.69,10.77,10.52,10.61,17500
2023-10-18,10.61,10.61,10.27,10.52,20400
2023-10-19,10.52,10.61,9.93,10.1,17100
2023-10-20,10.1,10.18,10.1,10.18,18800
2023-10-23,10.27,10.77,10.18,10.27,63425
2023-10-24,10.27,10.35,10.27,10.35,23101
2023-10-25,10.35,10.52,10.35,10.44,28500
2023-10-26,10.44,10.44,9.85,9.93,18900
2023-10-27,9.93,10.02,9.85,9.93,20300
2023-10-30,9.85,9.93,9.76,9.85,24200
2023-10-31,9.85,9.93,9.68,9.76,20701
2023-11-01,9.76,9.76,9.34,9.43,58500
2023-11-02,9.43,9.68,9.34,9.68,25330
2023-11-03,9.68,9.76,9.26,9.26,31500
2023-11-06,9.26,9.43,9.26,9.43,57200
2023-11-07,9.43,9.6,9.34,9.51,34100
2023-11-08,9.51,9.6,9.17,9.51,58400
2023-11-09,9.51,9.85,9.51,9.51,25000
2023-11-10,9.51,9.51,9.26,9.34,25400
2023-11-13,9.34,9.51,9.26,9.26,28920
2023-11-14,9.26,9.68,9.26,9.6,46910
2023-11-15,9.6,9.85,9.26,9.6,36500
2023-11-16,9.6,9.6,9.34,9.43,32500
2023-11-17,9.43,9.51,9.26,9.26,50410
2023-11-20,9.26,9.26,9.09,9.26,32800
2023-11-21,9.26,9.43,9.17,9.43,58200
2023-11-22,9.43,9.43,9.26,9.34,19513
2023-11-23,9.34,9.34,9.09,9.26,36500
2023-11-24,9.26,9.51,9.01,9.09,34600
2023-11-27,9.09,9.26,9.01,9.17,65809
2023-11-28,9.17,9.17,8.75,9.17,80500
2023-11-29,9.17,9.34,9.09,9.26,48200
2023-11-30,9.26,9.43,9.09,9.09,41200
2023-12-01,9.09,9.43,9.09,9.34,50800
2023-12-04,9.34,9.51,9.09,9.51,57800
2023-12-05,9.51,9.51,9.26,9.34,67600
2023-12-06,9.26,9.43,8.92,9.26,50700
2023-12-07,9.17,9.26,9.01,9.26,38900
2023-12-08,9.26,9.51,9.09,9.34,83600
2023-12-11,9.34,9.51,9.09,9.43,47000
2023-12-12,9.43,9.43,8.84,9.09,63600
2023-12-13,9.17,9.34,9.09,9.17,32300
2023-12-14,9.17,9.43,8.92,9.01,50100
2023-12-15,9.01,9.34,8.75,9.26,65500
2023-12-18,9.26,9.34,9.09,9.09,36100
2023-12-19,9.09,9.17,8.67,8.92,54100
2023-12-20,8.84,9.26,8.67,9.26,52500
2023-12-21,9.26,9.26,8.84,9.01,45900
2023-12-22,9.01,9.09,8.75,9.09,32700
2023-12-25,9.09,9.26,9.01,9.26,34200
2023-12-26,9.26,9.26,8.67,8.92,74500
2023-12-27,8.92,9.09,8.67,9.09,34700
2023-12-28,9.09,9.17,9.01,9.09,76600
2023-12-29,9.09,9.17,9.09,9.09,19300
2024-01-02,9.09,9.26,8.75,8.92,39500
2024-01-03,8.84,9.26,8.75,9.26,25090
2024-01-04,9.26,9.26,8.75,9.09,44400
2024-01-05,9.01,9.09,8.67,8.92,37100
2024-01-08,8.84,9.17,8.59,9.01,42520
2024-01-09,9.01,9.09,8.75,9.01,39100
2024-01-10,9.01,9.17,8.84,9.09,52500
2024-01-11,9.09,9.17,8.84,8.84,21400
2024-01-12,8.84,8.92,8.5,8.92,33200
2024-01-15,8.92,8.92,8.59,8.92,62300
2024-01-16,9.01,9.01,8.84,8.84,18400
2024-01-17,8.92,9.01,8.67,8.75,66000
2024-01-18,8.75,8.84,8.75,8.75,34600
2024-01-19,8.75,9.01,8.5,9.01,70100
2024-01-22,9.01,9.01,8.67,8.84,51411
2024-01-23,8.84,9.01,8.59,8.84,70200
2024-01-24,8.84,9.01,8.75,9.01,44900
2024-01-25,9.01,9.09,8.84,8.84,70400
2024-01-26,8.84,9.01,8.84,8.92,60600
2024-01-29,8.92,8.92,8.67,8.75,66500
2024-01-30,8.75,8.84,8.5,8.84,72200
2024-01-31,8.84,8.92,8.75,8.84,30500
2024-02-01,8.84,8.92,8.75,8.92,31000
2024-02-02,8.92,8.92,8.75,8.92,35700
2024-02-05,8.92,8.92,8.75,8.92,22600
2024-02-06,8.92,8.92,8.84,8.84,32000
2024-02-07,8.84,8.92,8.75,8.92,19100
2024-02-15,8.92,9.01,8.67,9.01,40200
2024-02-16,9.01,9.01,8.75,8.84,73500
2024-02-19,8.84,9.17,8.59,9.01,81400
2024-02-20,9.01,9.01,8.84,8.92,21509
2024-02-21,8.92,8.92,8.75,8.75,40000
2024-02-22,8.75,8.92,8.59,8.84,75100
2024-02-23,8.84,8.92,8.59,8.84,44200
2024-02-26,8.84,8.84,8.75,8.84,48100
2024-02-27,8.84,9.01,8.59,8.67,46820
2024-02-28,8.67,8.92,8.5,8.92,70109
2024-02-29,8.92,8.92,8.75,8.75,21600
2024-03-01,8.75,8.84,8.5,8.75,46300
2024-03-04,8.75,8.92,8.75,8.84,83600
2024-03-05,8.84,8.92,8.5,8.67,89300
2024-03-06,8.67,8.75,8.67,8.67,42300
2024-03-07,8.59,8.84,8.5,8.84,81000
2024-03-08,8.84,8.92,8.59,8.75,153200
2024-03-11,8.75,8.84,8.5,8.75,103000
2024-03-12,8.75,8.75,8.59,8.67,51400
2024-03-13,8.67,8.84,8.67,8.75,63200
2024-03-14,8.84,8.84,8.67,8.75,80900
2024-03-15,8.75,8.92,8.5,8.92,151600
2024-03-18,8.92,8.92,8.67,8.84,52100
2024-03-19,8.84,8.84,8.59,8.84,151900
2024-03-20,8.84,8.84,8.67,8.75,336900
2024-03-21,8.75,8.84,8.67,8.84,325145
2024-03-22,8.84,8.84,8.67,8.84,331100
2024-03-25,8.84,8.84,8.67,8.75,86445
2024-03-26,8.75,8.84,8.59,8.84,140700
2024-03-27,8.84,8.84,8.67,8.75,117800
2024-03-28,8.75,8.84,8.42,8.42,106200
2024-03-29,8.67,9.01,8.67,8.92,173511
2024-04-01,8.84,9.01,8.75,8.84,67900
2024-04-02,8.75,8.84,8.75,8.75,66500
2024-04-03,8.75,8.92,8.67,8.84,101600
2024-04-04,8.84,8.92,8.75,8.92,78001
2024-04-05,8.92,8.92,8.75,8.84,64600
2024-04-08,8.84,9.01,8.67,8.84,64400
2024-04-09,8.84,8.84,8.67,8.84,78900
2024-04-10,8.84,8.92,8.67,8.84,65400
2024-04-11,8.59,8.84,8.59,8.84,120800
2024-04-12,8.84,8.84,8.59,8.75,60205
2024-04-15,8.75,8.75,8.59,8.75,165610
2024-04-16,8.67,8.84,8.59,8.75,172000
2024-04-17,8.75,8.92,8.5,8.92,75101
2024-04-19,8.92,9.01,8.75,8.84,65300
2024-04-22,8.84,8.92,8.75,8.92,122600
2024-04-23,8.92,8.92,8.67,8.84,60800
2024-04-24,8.84,9.09,8.75,8.75,61900
2024-04-25,8.75,8.92,8.67,8.84,139503
2024-04-26,8.84,9.09,8.84,8.92,185600
2024-05-02,8.92,8.92,8.75,8.92,59400
2024-05-03,8.92,9.26,8.92,9.01,87748
2024-05-06,9.01,9.01,8.75,8.92,120812
2024-05-07,8.92,9.26,8.75,9.26,243202
2024-05-08,9.26,9.76,9.26,9.68,238600
2024-05-09,9.68,10.02,9.51,9.93,300406
2024-05-10,9.93,10.18,9.6,9.93,222200
2024-05-13,9.93,10.1,9.6,9.68,398655
2024-05-14,9.68,9.76,9.6,9.76,224600
2024-05-15,9.76,9.85,9.68,9.85,252600
2024-05-16,9.85,10.1,9.76,9.93,286100
2024-05-17,9.93,10.1,9.85,10.1,286768
2024-05-20,10.1,10.1,9.93,10.02,111401
2024-05-21,10.02,10.02,9.85,9.93,108200
2024-05-22,9.85,10.1,9.76,9.93,137501
2024-05-23,9.93,10.02,9.6,9.85,115100
2024-05-24,9.85,10.02,9.68,9.93,98100
2024-05-27,9.93,9.93,9.76,9.93,242100
2024-05-28,9.93,10.1,9.68,10.1,254000
2024-05-29,10.1,10.1,9.93,10.1,162600
2024-05-30,10.1,10.18,9.85,10.18,235700
2024-05-31,10.18,10.52,10.18,10.44,293800
2024-06-03,10.44,10.69,10.35,10.61,329400
2024-06-04,10.61,10.69,10.27,10.44,278000
2024-06-05,10.44,10.52,10.18,10.35,354100
2024-06-06,10.27,10.69,10.18,10.69,436101
2024-06-07,10.61,10.77,10.44,10.61,641856
2024-06-10,10.61,10.69,10.52,10.69,134200
2024-06-11,10.69,10.77,10.52,10.61,173100
2024-06-12,10.61,10.69,10.52,10.61,268313
2024-06-13,10.61,10.69,10.52,10.61,203969
2024-06-14,10.61,10.61,10.18,10.35,235763
2024-06-17,10.93,10.93,10.46,10.56,258700
2024-06-18,10.56,10.74,10.56,10.65,291601
2024-06-19,10.65,10.83,10.56,10.74,284500
2024-06-20,10.74,10.74,10.65,10.74,343967
2024-06-21,10.74,10.74,10.56,10.65,332733
2024-06-24,10.74,10.83,10.46,10.56,384300
2024-06-25,10.56,10.74,10.46,10.74,490700
2024-06-26,10.74,10.74,10.65,10.74,186700
2024-06-27,10.74,10.74,10.65,10.65,196203
2024-06-28,10.65,10.74,10.56,10.74,128000
2024-07-01,10.74,10.74,10.46,10.74,138500
2024-07-02,10.74,10.74,10.37,10.65,201600
2024-07-03,10.65,10.74,10.56,10.65,119800
2024-07-04,10.65,10.74,10.56,10.74,102100
2024-07-05,10.74,10.83,10.56,10.74,130820
2024-07-08,10.74,10.93,10.74,10.93,181410
2024-07-09,10.93,11.02,10.56,10.65,111700
2024-07-10,10.74,10.74,10.65,10.65,128400
2024-07-11,10.65,10.74,10.56,10.74,96200
2024-07-12,10.74,10.74,10.46,10.74,135900
2024-07-15,10.74,10.74,10.46,10.65,103900
2024-07-16,10.74,10.74,10.56,10.65,72000
2024-07-17,10.65,10.74,10.37,10.65,109000
2024-07-18,10.74,10.74,10.56,10.65,121000
2024-07-19,10.65,10.65,10.46,10.65,236100
2024-07-22,10.65,10.65,10.46,10.56,240800
2024-07-23,10.65,10.65,10.37,10.56,220900
2024-07-24,10.56,10.56,10.37,10.56,198800
2024-07-25,10.56,10.65,10.18,10.56,356200
2024-07-26,10.56,10.65,10.37,10.56,374102
2024-07-29,10.65,10.65,10.37,10.65,283700
2024-07-30,10.65,10.65,10.37,10.56,108000
2024-07-31,10.56,10.65,10.28,10.37,137300
2024-08-01,10.37,10.46,10.0,10.28,208800
2024-08-02,10.28,10.37,9.91,10.37,128102
2024-08-05,10.37,10.46,9.72,9.91,327400
2024-08-06,9.91,10.18,8.98,9.91,103001
2024-08-07,9.91,10.09,9.26,9.91,176100
2024-08-08,9.91,10.0,9.26,9.91,99216
2024-08-09,9.81,10.0,8.98,9.81,391650
2024-08-12,9.81,10.18,9.44,10.18,377114
2024-08-13,10.18,10.37,10.0,10.18,102422
2024-08-14,10.18,10.46,10.09,10.28,99905
2024-08-15,10.28,10.37,10.18,10.37,87200
2024-08-16,10.37,10.46,10.28,10.46,107061
2024-08-19,10.46,10.46,9.72,10.37,128909
2024-08-20,10.37,10.56,10.28,10.56,453100
2024-08-21,10.56,10.65,10.46,10.65,268971
2024-08-22,10.65,10.65,10.46,10.65,247300
2024-08-23,10.65,10.74,10.46,10.65,247344
2024-08-26,10.65,10.74,10.56,10.74,559012
2024-08-27,10.74,10.74,10.56,10.65,187560
2024-08-28,10.65,10.74,10.56,10.56,258400
2024-08-29,10.46,10.56,10.46,10.56,191145
2024-08-30,10.46,10.56,10.37,10.56,169135
2024-09-04,10.56,10.65,10.46,10.56,134700
2024-09-05,10.56,10.65,10.37,10.46,145600
2024-09-06,10.46,10.65,10.46,10.65,126268
2024-09-09,10.65,10.83,10.46,10.83,216016
2024-09-10,10.83,11.11,10.83,11.11,315900
2024-09-11,11.02,11.2,10.93,11.2,145404
2024-09-12,11.2,11.3,11.02,11.11,226609
2024-09-13,11.11,11.2,10.93,11.11,162216
2024-09-16,11.11,11.2,10.93,10.93,93608
2024-09-17,10.93,11.02,10.93,11.02,166300
2024-09-18,11.02,11.11,10.74,11.11,159662
2024-09-19,11.11,11.3,11.02,11.3,104101
2024-09-20,11.3,11.39,11.2,11.3,91910
2024-09-23,11.3,11.39,11.2,11.39,109500
2024-09-24,11.39,11.48,11.2,11.3,143291
2024-09-25,11.3,11.39,11.02,11.2,138577
2024-09-26,11.2,11.3,10.93,11.2,90210
2024-09-27,11.11,11.2,10.93,11.02,196875
2024-09-30,11.02,11.11,10.93,11.02,221800
2024-10-01,11.02,11.11,10.93,11.02,299300
2024-10-02,10.93,11.11,10.93,11.11,322600
2024-10-03,11.11,11.2,11.02,11.11,295812
2024-10-04,11.11,11.2,11.02,11.2,196700
2024-10-07,11.2,11.3,11.2,11.3,109885
2024-10-08,11.3,11.39,11.2,11.3,117357
2024-10-09,11.3,11.57,11.3,11.57,149163
2024-10-10,11.57,11.76,11.48,11.67,244405
2024-10-11,11.67,11.76,11.57,11.67,159325
2024-10-14,11.57,11.67,11.48,11.57,296039
2024-10-15,11.48,11.57,11.39,11.57,112907
2024-10-16,11.67,11.67,11.48,11.57,125020
2024-10-17,11.48,11.57,11.39,11.48,180025
2024-10-18,11.48,11.67,11.48,11.67,151601
2024-10-21,11.57,11.67,11.48,11.57,97700
2024-10-22,11.48,11.67,11.48,11.48,238500
2024-10-23,11.57,11.67,11.39,11.67,282800
2024-10-24,11.67,11.85,11.57,11.85,162239
2024-10-25,11.85,12.04,11.76,11.94,189000
2024-10-28,11.94,12.13,11.76,11.94,147000
2024-10-29,12.04,12.04,11.76,11.85,214583
2024-10-30,11.85,11.94,11.67,11.76,340000
2024-10-31,11.76,11.85,11.57,11.76,320936
2024-11-01,11.76,11.94,11.57,11.76,238710
2024-11-04,11.76,11.85,11.57,11.67,100700
2024-11-05,11.67,11.85,11.57,11.76,135500
2024-11-06,11.76,12.04,11.76,11.85,163000
2024-11-07,11.85,11.94,11.76,11.76,137410
2024-11-08,11.85,11.94,11.67,11.76,96510
2024-11-11,11.76,11.85,11.57,11.76,125600
2024-11-12,11.76,11.85,11.48,11.57,94350
2024-11-13,11.57,11.67,11.48,11.57,91929
2024-11-14,11.67,11.67,11.48,11.67,111900
2024-11-15,11.57,11.76,11.57,11.76,91200
2024-11-18,11.76,11.85,11.67,11.85,162410
2024-11-19,11.85,11.94,11.76,11.85,109301
2024-11-20,11.94,11.94,11.76,11.94,130800
2024-11-21,11.85,11.94,11.76,11.94,151900
2024-11-22,11.94,11.94,11.76,11.94,90339
2024-11-25,11.85,11.94,11.85,11.85,106300
2024-11-26,11.85,11.85,11.57,11.76,208500
2024-11-27,11.76,11.94,11.76,11.85,84807
2024-11-28,11.94,11.94,11.76,11.85,100900
2024-11-29,11.76,11.85,11.67,11.85,136600
2024-12-02,11.85,11.94,11.76,11.76,187002
2024-12-03,11.76,11.85,11.57,11.76,89800
2024-12-04,11.85,12.13,11.76,12.13,250600
2024-12-05,12.13,12.22,11.94,12.22,211600
2024-12-06,12.22,12.31,12.13,12.31,103330
2024-12-09,12.22,12.22,12.04,12.22,90300
2024-12-10,12.22,12.41,12.13,12.31,140300
2024-12-11,12.31,12.41,12.22,12.31,236100
2024-12-12,12.31,12.31,12.13,12.31,98200
2024-12-13,12.22,12.31,12.22,12.22,108902
2024-12-16,12.22,12.31,12.04,12.22,140900
2024-12-17,12.22,12.41,12.04,12.31,266500
2024-12-18,12.41,12.41,12.13,12.41,92800
2024-12-19,12.31,12.5,12.22,12.31,222500
2024-12-20,12.41,12.5,12.31,12.41,97451
2024-12-23,12.31,12.59,12.22,12.5,116100
2024-12-24,12.59,12.59,12.31,12.41,173400
2024-12-25,12.41,12.5,11.94,12.31,238008
2024-12-26,12.22,12.41,12.04,12.41,319600
2024-12-27,12.31,12.5,12.31,12.41,133100
2024-12-30,12.41,12.5,12.31,12.41,286900
2024-12-31,12.31,12.41,12.22,12.31,83702
2025-01-02,12.31,12.41,12.22,12.31,174500
2025-01-03,12.31,12.41,12.22,12.22,140700
2025-01-06,12.22,12.31,12.04,12.22,83800
2025-01-07,12.22,12.22,12.04,12.04,131700
2025-01-08,12.04,12.04,11.85,11.94,77500
2025-01-09,11.94,12.04,11.76,11.94,91601
2025-01-10,11.94,12.04,11.85,11.94,120700
2025-01-13,11.85,12.04,11.85,11.94,158004
2025-01-14,11.94,11.94,11.67,11.94,223700
2025-01-15,12.04,12.22,11.85,11.94,136200
2025-01-16,11.94,12.13,11.85,11.94,71400
2025-01-17,12.04,12.04,11.76,12.04,103300
2025-01-20,11.94,12.04,11.57,12.04,166019
2025-01-21,12.04,12.04,11.85,11.94,210862
2025-01-22,11.85,11.94,11.67,11.94,205800
2025-01-23,11.94,11.94,11.76,11.94,111500
2025-01-24,11.85,11.85,11.67,11.67,32300
2025-02-03,11.57,11.94,11.48,11.94,135600
2025-02-04,11.85,12.04,11.76,11.85,132900
2025-02-05,11.94,12.04,11.76,11.85,101900
2025-02-06,11.76,11.94,11.76,11.76,84400
2025-02-07,11.76,11.85,11.67,11.76,68025
2025-02-10,11.76,11.85,11.48,11.67,115600
2025-02-11,11.67,11.85,11.67,11.76,111600
2025-02-12,11.76,11.76,11.67,11.76,118391
2025-02-13,11.67,11.76,11.67,11.67,139500
2025-02-14,11.67,11.76,11.57,11.67,95710
2025-02-17,11.67,11.76,11.57,11.67,136903
2025-02-18,11.67,11.67,11.57,11.67,128600
2025-02-19,11.57,11.67,11.48,11.67,147580
2025-02-20,11.57,11.76,11.57,11.67,176400
2025-02-21,11.67,11.85,11.57,11.57,161600
2025-02-24,11.67,11.85,11.57,11.67,237400
2025-02-25,11.76,11.76,11.57,11.67,187200
2025-02-26,11.67,11.76,11.57,11.76,184200
2025-02-27,11.76,11.85,11.57,11.85,223000
2025-02-28,11.76,11.85,11.67,11.85,379730
2025-03-03,11.76,11.85,11.57,11.76,233900
2025-03-04,11.76,11.76,11.48,11.57,211200
2025-03-05,11.67,11.67,11.39,11.57,162670
2025-03-06,11.57,11.76,11.48,11.57,193500
2025-03-07,11.76,11.76,11.48,11.57,35700
2025-03-10,11.67,11.67,11.48,11.57,45100
2025-03-11,11.57,11.67,11.3,11.67,64830
2025-03-12,11.67,11.76,11.57,11.67,55400
2025-03-13,11.67,11.76,11.57,11.57,96400
2025-03-14,11.57,11.67,11.48,11.57,58401
2025-03-17,11.57,11.67,11.57,11.67,124900
2025-03-18,11.67,11.76,11.57,11.76,84100
2025-03-19,11.76,11.76,11.57,11.67,148100
2025-03-20,11.67,12.04,11.67,11.94,109933
2025-03-21,11.94,12.04,11.76,11.94,112800
2025-03-24,11.85,11.94,11.76,11.76,100701
2025-03-25,11.76,11.85,11.67,11.85,48832
2025-03-26,11.85,11.94,11.76,11.76,67206
2025-03-27,11.76,11.85,11.48,11.85,62903
2025-03-28,11.76,11.76,11.48,11.76,103932
2025-03-31,11.76,11.76,10.65,11.57,88601
2025-04-01,11.57,11.85,11.57,11.85,150401
2025-04-02,11.85,12.13,11.76,11.85,80602
2025-04-03,11.76,11.94,11.11,11.57,72732
2025-04-04,11.57,11.57,11.39,11.57,55200
2025-04-08,11.57,11.85,10.74,11.57,176204
2025-04-09,11.48,11.76,11.39,11.67,87200
2025-04-10,11.67,12.22,11.67,12.13,222800
2025-04-11,12.13,12.5,12.04,12.31,213215
2025-04-14,12.22,12.68,12.22,12.31,120307
2025-04-15,12.31,12.5,12.04,12.22,112100
2025-04-16,12.22,12.22,11.76,11.94,75810
2025-04-17,11.85,12.04,11.48,11.94,122607
2025-04-18,11.94,12.13,11.76,11.94,84400
2025-04-21,11.85,11.94,11.67,11.85,127710
2025-04-22,11.76,12.04,11.48,11.67,263600
2025-04-23,11.76,11.94,11.67,11.94,223100
2025-04-24,11.85,12.13,11.85,12.13,333405
2025-04-25,12.04,12.31,11.76,12.13,356800
2025-04-28,12.13,12.22,11.76,12.13,92500
2025-04-29,12.13,12.41,12.04,12.13,57000
2025-05-05,12.13,12.13,11.94,12.13,64700
2025-05-06,12.13,12.31,12.04,12.22,133500
2025-05-07,12.13,12.31,11.85,12.22,109500
2025-05-08,12.22,12.41,12.13,12.41,334700
2025-05-09,11.57,12.5,11.57,12.31,156001
2025-05-12,12.31,12.68,12.31,12.41,278825
2025-05-13,12.41,12.59,12.13,12.31,397201
2025-05-14,12.31,12.31,12.31,12.31,163688
2025-05-15,12.22,12.31,12.04,12.31,214600
2025-05-16,12.31,12.31,12.13,12.22,103301
2025-05-19,12.13,12.31,12.04,12.22,196500
2025-05-20,12.22,12.5,12.22,12.41,149000
2025-05-21,12.41,12.5,12.31,12.41,140500
2025-05-22,12.41,12.68,12.22,12.41,192600
2025-05-23,12.5,12.5,12.22,12.31,114900
2025-05-26,12.31,12.41,11.94,12.31,248311
2025-05-27,12.31,12.5,12.13,12.31,355200
2025-05-28,12.31,12.41,12.04,12.22,257920
2025-05-29,12.22,12.31,12.04,12.13,277200
2025-05-30,12.13,12.22,11.85,12.04,219100
2025-06-02,12.04,12.13,11.85,12.04,254940
2025-06-03,12.04,12.13,11.85,11.94,178300
2025-06-04,11.94,12.04,11.76,11.94,407950
2025-06-05,11.94,12.04,11.76,12.04,220700
2025-06-06,12.04,12.22,11.94,12.13,460900
2025-06-09,12.04,12.13,11.94,12.13,229500
2025-06-10,12.04,12.22,11.94,12.13,312550
2025-06-11,12.04,12.13,11.94,12.04,229200
2025-06-12,12.04,12.04,11.85,12.04,184300
2025-06-13,12.13,12.5,11.67,11.94,149610
2025-06-16,11.94,12.5,11.85,12.5,131600
2025-06-17,12.7,12.7,12.4,12.7,255629
2025-06-18,12.8,12.9,12.6,12.8,168000
2025-06-19,12.7,12.8,12.7,12.8,210400
2025-06-20,12.7,13.0,12.7,13.0,280170
2025-06-23,12.9,13.4,12.9,13.3,234756
2025-06-24,13.3,13.5,13.2,13.5,263532
2025-06-25,13.5,13.7,13.2,13.4,214700
2025-06-26,13.3,13.6,13.2,13.3,222542
2025-06-27,13.2,13.4,13.2,13.4,209100
2025-06-30,13.3,13.4,13.0,13.2,341400
2025-07-01,13.2,13.3,12.9,13.2,376500
2025-07-02,13.1,13.3,13.0,13.3,216600
2025-07-03,13.3,13.4,13.1,13.2,245200
2025-07-04,13.2,13.3,13.0,13.3,251300
2025-07-07,13.3,13.5,13.2,13.4,197600
2025-07-08,13.2,13.6,13.2,13.5,182100
2025-07-09,13.5,13.7,13.4,13.7,243600
2025-07-10,13.7,13.9,13.6,13.7,249800
2025-07-11,13.7,13.8,13.5,13.6,159600
2025-07-14,13.6,13.7,13.2,13.3,226800
2025-07-15,13.2,13.3,13.0,13.2,210700
2025-07-16,13.1,13.3,13.1,13.3,191600
2025-07-17,13.3,13.5,13.2,13.5,195800
2025-07-18,13.4,13.5,13.2,13.4,140300
2025-07-21,13.4,13.5,13.2,13.3,239500
2025-07-22,13.3,13.4,13.1,13.2,177100
2025-07-23,13.2,13.4,13.1,13.4,152700
2025-07-24,13.4,13.5,13.3,13.4,134000
2025-07-25,13.3,13.5,13.3,13.5,117600
2025-07-28,13.5,13.7,13.3,13.7,299800
2025-07-29,13.7,13.8,13.5,13.6,336300
2025-07-30,13.6,13.6,13.4,13.6,273400
2025-07-31,13.5,14.0,13.5,14.0,195900
2025-08-01,14.0,14.1,13.8,14.0,151800
2025-08-04,14.1,14.2,14.0,14.0,157800
2025-08-05,14.0,14.0,13.6,13.8,212600
2025-08-06,13.8,14.1,13.8,14.1,253700
2025-08-07,14.1,14.2,13.9,14.1,172400
2025-08-08,14.0,14.3,13.9,13.9,272100
2025-08-11,13.8,14.0,13.7,13.9,313100
2025-08-12,13.9,14.1,13.8,13.9,207200
2025-08-13,14.0,14.0,13.6,13.9,155100
2025-08-14,13.9,14.1,13.9,14.0,207800
2025-08-15,14.0,14.1,13.7,13.9,139400
2025-08-18,13.9,14.0,13.6,13.9,196400
2025-08-19,13.8,14.0,13.6,13.8,204400
2025-08-20,13.8,13.9,13.7,13.8,199800
2025-08-21,13.7,14.0,13.7,14.0,193300
2025-08-22,14.0,14.0,13.7,13.8,189200
2025-08-25,13.8,13.9,13.8,13.9,180000
2025-08-26,13.9,14.1,13.8,14.1,222700
2025-08-27,14.1,14.3,14.0,14.3,322500
2025-08-28,14.3,14.6,14.3,14.4,225100
2025-08-29,14.4,14.5,14.0,14.2,164600
2025-09-03,14.2,14.3,14.0,14.2,287300
2025-09-04,14.2,14.3,13.9,14.1,158900
2025-09-05,14.1,14.2,13.9,14.1,302500
2025-09-08,14.0,14.1,13.9,14.1,176600
2025-09-09,14.1,14.2,14.0,14.1,252100
2025-09-10,14.0,14.3,14.0,14.0,250500
2025-09-11,14.0,14.3,14.0,14.1,162900
2025-09-12,14.1,14.2,14.0,14.2,205900
2025-09-15,14.2,14.3,14.0,14.2,228200
2025-09-16,14.2,14.3,14.1,14.2,250600
2025-09-17,14.1,14.2,14.1,14.2,197600
2025-09-18,14.1,14.5,14.1,14.3,194600
2025-09-19,14.3,14.4,14.1,14.3,180200
2025-09-22,14.3,14.4,14.0,14.2,327000
2025-09-23,14.2,14.3,14.0,14.3,193100
2025-09-24,14.2,14.3,14.0,14.1,221700
2025-09-25,14.1,14.2,13.9,14.0,217800
2025-09-26,14.0,14.1,13.7,13.9,129700
2025-09-29,13.9,14.0,13.6,13.7,159900
2025-09-30,13.7,13.7,13.5,13.6,146400
2025-10-01,13.6,13.7,13.4,13.5,176400
2025-10-02,13.5,13.6,13.2,13.4,127500
2025-10-03,13.4,13.5,13.2,13.4,135600
2025-10-06,13.4,13.7,13.4,13.7,283300
2025-10-07,13.6,13.8,13.6,13.7,248600
2025-10-08,13.7,13.8,13.7,13.8,234700
2025-10-09,13.8,13.9,13.7,13.8,216400
2025-10-10,13.7,13.8,13.6,13.8,209900
2025-10-13,13.7,13.9,13.7,13.7,263500
2025-10-14,13.7,13.8,13.6,13.7,315100
2025-10-15,13.7,13.7,13.6,13.7,310200
2025-10-16,13.7,13.7,13.6,13.6,205100
2025-10-17,13.7,13.7,13.5,13.6,179800
2025-10-20,13.6,13.8,13.6,13.8,208000
2025-10-21,13.8,13.9,13.7,13.9,253600
