time,open,high,low,close,volume
2015-03-11,10.5,10.5,10.5,10.5,161000
2015-03-12,11.51,11.51,11.44,11.51,1322200
2015-03-13,12.65,12.65,11.91,12.65,421200
2015-03-16,12.65,13.87,11.78,13.87,1362100
2015-03-17,13.26,15.08,13.26,14.34,1117000
2015-03-18,14.13,14.13,13.73,13.8,841900
2015-03-19,13.66,13.87,13.53,13.87,1106400
2015-03-20,13.93,14.0,13.66,13.87,1206800
2015-03-23,13.8,13.93,13.46,13.8,1049400
2015-03-24,13.73,13.87,13.19,13.19,894300
2015-03-25,13.19,13.73,13.19,13.53,860100
2015-03-26,13.46,13.73,13.13,13.13,817200
2015-03-27,13.39,13.39,12.99,13.13,552700
2015-03-30,13.13,13.13,11.85,12.72,512300
2015-03-31,12.65,12.79,12.59,12.79,820400
2015-04-01,12.79,14.07,12.79,14.07,1045700
2015-04-02,14.74,15.41,14.2,15.21,951200
2015-04-03,14.61,15.41,14.34,14.34,1079200
2015-04-06,14.0,14.34,13.46,13.46,985000
2015-04-07,14.67,14.67,13.13,13.53,504100
2015-04-08,13.46,13.46,12.52,13.06,444800
2015-04-09,12.79,13.46,12.45,13.39,1345500
2015-04-10,13.39,13.39,12.79,13.33,457200
2015-04-13,13.46,14.61,12.79,14.61,674000
2015-04-14,14.34,15.55,13.46,15.35,669600
2015-04-15,15.14,15.48,14.13,14.34,591400
2015-04-16,14.4,14.4,13.66,14.34,517700
2015-04-17,15.48,15.75,14.13,15.68,676000
2015-04-20,14.94,15.62,14.74,15.28,214500
2015-04-21,15.21,15.48,14.81,15.28,625900
2015-04-22,15.28,16.76,15.01,16.76,879300
2015-04-23,16.76,18.38,16.76,18.38,923000
2015-04-24,16.83,20.19,16.83,20.19,109300
2015-04-27,20.39,20.46,19.86,19.92,115300
2015-05-04,19.99,20.06,17.97,19.18,203000
2015-05-05,18.44,18.44,17.3,18.11,381200
2015-05-06,17.7,17.97,16.36,17.77,230200
2015-05-07,17.3,17.84,16.02,17.84,415300
2015-05-08,17.84,17.97,16.09,17.77,248600
2015-05-11,16.02,17.77,16.02,16.15,300700
2015-05-12,15.82,16.02,14.54,15.75,415100
2015-05-13,16.76,16.89,14.34,16.49,250600
2015-05-14,15.08,16.02,14.88,15.35,514600
2015-05-15,15.01,15.01,13.87,14.47,258300
2015-05-18,14.2,14.2,13.06,13.06,459600
2015-05-19,13.46,14.13,12.92,13.33,156700
2015-05-20,13.73,13.8,13.13,13.13,185500
2015-05-21,13.26,13.6,12.92,13.33,241000
2015-05-22,13.46,13.46,12.38,12.79,224100
2015-05-25,12.38,13.13,12.38,13.06,145500
2015-05-26,12.45,13.33,12.38,12.99,245800
2015-05-27,12.99,12.99,12.05,12.79,363300
2015-05-28,12.52,12.52,11.51,12.38,473300
2015-05-29,12.05,12.45,11.24,12.45,352800
2015-06-01,11.85,12.12,11.24,12.12,254500
2015-06-02,11.78,11.98,10.9,11.98,232900
2015-06-03,11.64,11.71,10.84,10.84,231900
2015-06-04,11.31,11.78,11.24,11.71,151800
2015-06-05,11.78,11.78,11.31,11.31,225200
2015-06-08,11.17,11.91,11.17,11.85,432400
2015-06-09,11.71,11.91,11.24,11.91,432200
2015-06-10,11.31,11.91,11.24,11.24,1077600
2015-06-11,11.64,11.64,11.38,11.58,282300
2015-06-12,11.64,11.78,11.44,11.78,381600
2015-06-15,11.71,12.92,11.71,12.92,729700
2015-06-16,13.46,13.46,12.12,12.86,351100
2015-06-17,12.52,12.65,11.58,12.25,622800
2015-06-18,12.12,12.12,11.04,11.04,314000
2015-06-19,10.77,10.84,9.96,10.1,532800
2015-06-22,10.1,10.23,9.63,10.23,108000
2015-06-23,10.3,10.57,10.1,10.23,94300
2015-06-24,10.3,10.3,10.1,10.3,287400
2015-06-25,10.3,10.3,9.96,10.03,102000
2015-06-26,10.1,10.1,9.36,9.36,219200
2015-06-29,9.36,10.16,8.75,10.16,287300
2015-06-30,10.3,10.57,10.23,10.37,205500
2015-07-01,10.37,10.63,10.37,10.63,186800
2015-07-02,10.57,11.04,10.23,10.63,428900
2015-07-03,10.57,10.77,10.23,10.63,254800
2015-07-06,10.5,10.77,10.43,10.7,211500
2015-07-07,10.63,10.7,10.37,10.57,253700
2015-07-08,10.57,11.11,10.37,10.9,294400
2015-07-09,10.84,11.44,10.77,11.38,336700
2015-07-10,11.51,11.78,11.31,11.71,445400
2015-07-13,11.78,11.85,11.11,11.24,114000
2015-07-14,11.24,11.31,10.37,10.5,121700
2015-07-15,10.43,10.77,10.1,10.63,216600
2015-07-16,10.7,10.77,10.37,10.7,173800
2015-07-17,10.77,11.11,10.3,10.7,227200
2015-07-20,10.7,10.77,10.23,10.63,154900
2015-07-21,10.63,10.9,10.43,10.63,163200
2015-07-22,10.7,10.97,10.23,10.3,257400
2015-07-23,10.23,10.77,10.23,10.57,264600
2015-07-24,10.37,10.7,10.37,10.63,173400
2015-07-27,10.63,10.97,10.5,10.97,300100
2015-07-28,10.84,10.84,10.5,10.77,133400
2015-07-29,10.77,11.44,10.63,11.17,317600
2015-07-30,11.17,11.91,11.17,11.58,267100
2015-07-31,11.58,12.25,11.04,11.31,309700
2015-08-03,11.38,11.58,10.9,11.31,255500
2015-08-04,11.31,11.31,11.11,11.17,203000
2015-08-05,11.17,11.17,10.5,10.5,296400
2015-08-06,10.5,10.77,10.37,10.5,342300
2015-08-07,10.5,10.77,10.37,10.63,248200
2015-08-10,10.84,11.11,10.16,10.7,207300
2015-08-11,10.7,10.84,10.3,10.3,382700
2015-08-12,10.3,10.77,10.03,10.23,240100
2015-08-13,10.16,10.57,10.03,10.23,504200
2015-08-14,10.23,10.77,10.23,10.77,360100
2015-08-17,10.77,10.97,10.3,10.63,263200
2015-08-18,10.57,10.7,10.37,10.43,243800
2015-08-19,10.5,10.5,9.89,10.3,252100
2015-08-20,10.3,10.37,10.16,10.23,173600
2015-08-21,10.16,10.3,10.1,10.1,155000
2015-08-24,10.1,10.1,9.09,9.96,308900
2015-08-25,9.83,10.03,9.02,9.89,214400
2015-08-26,9.89,10.57,9.83,10.1,289300
2015-08-27,10.1,10.63,9.42,10.37,379400
2015-08-28,10.37,10.5,9.96,10.43,235200
2015-08-31,10.43,10.63,9.89,10.16,253900
2015-09-01,10.16,10.3,9.89,10.23,220500
2015-09-03,10.03,10.43,9.96,10.23,344300
2015-09-04,10.1,10.37,9.96,10.23,333800
2015-09-07,10.23,10.23,9.96,9.96,231100
2015-09-08,9.96,10.77,9.96,10.23,262500
2015-09-09,10.16,10.23,9.83,9.96,343500
2015-09-10,10.03,10.1,9.76,10.03,248700
2015-09-11,10.03,10.23,9.56,9.69,451200
2015-09-14,9.69,9.83,9.22,9.83,400500
2015-09-15,9.83,9.96,9.22,9.76,409200
2015-09-16,9.69,9.89,9.36,9.83,366400
2015-09-17,9.83,9.96,9.42,9.89,359900
2015-09-18,9.83,10.1,9.63,9.96,424400
2015-09-21,9.89,10.16,9.69,9.96,299100
2015-09-22,9.89,10.03,9.76,9.96,421000
2015-09-23,9.96,10.03,9.76,10.03,278300
2015-09-24,9.96,10.16,9.83,10.16,479900
2015-09-25,10.1,10.43,9.96,10.23,390800
2015-09-28,10.16,10.37,9.96,10.3,371200
2015-09-29,10.1,10.43,9.96,10.43,373400
2015-09-30,10.43,10.57,10.16,10.57,362300
2015-10-01,10.43,11.44,10.23,11.24,392800
2015-10-02,11.17,12.12,11.11,11.91,310500
2015-10-05,11.91,11.98,10.9,11.51,571100
2015-10-06,11.58,11.78,11.17,11.31,439500
2015-10-07,11.31,11.31,10.7,11.17,269100
2015-10-08,12.0,12.0,10.71,11.24,398200
2015-10-09,11.24,11.47,10.93,11.31,274400
2015-10-12,11.31,11.54,11.24,11.47,475500
2015-10-13,11.54,11.77,11.24,11.47,246700
2015-10-14,11.54,11.62,11.31,11.62,422900
2015-10-15,11.69,11.85,11.39,11.77,387400
2015-10-16,11.77,12.0,11.54,11.77,344200
2015-10-19,11.85,11.85,11.47,11.77,349200
2015-10-20,11.77,11.77,11.47,11.62,274500
2015-10-21,11.62,11.69,11.39,11.54,213300
2015-10-22,11.62,11.69,11.24,11.47,336300
2015-10-23,11.39,11.69,11.39,11.54,302300
2015-10-26,11.62,11.77,11.54,11.69,312500
2015-10-27,11.69,11.92,11.62,11.85,252900
2015-10-28,11.92,12.07,11.77,12.07,367100
2015-10-29,12.07,12.23,11.92,12.07,359600
2015-10-30,12.0,12.53,11.92,12.53,363600
2015-11-02,12.53,12.61,12.3,12.45,285100
2015-11-03,12.38,12.53,12.07,12.45,382700
2015-11-04,12.38,12.76,12.38,12.45,369400
2015-11-05,12.38,12.61,12.3,12.45,225300
2015-11-06,12.45,13.06,12.38,12.98,1146000
2015-11-09,12.98,12.98,12.68,12.83,450600
2015-11-10,12.83,12.98,12.53,12.76,407400
2015-11-11,12.76,12.76,12.53,12.68,249900
2015-11-12,12.68,13.29,12.53,13.06,371900
2015-11-13,13.06,13.21,12.76,13.06,384500
2015-11-16,13.06,13.29,12.83,13.14,400800
2015-11-17,13.14,13.21,12.91,13.14,239000
2015-11-18,13.06,13.52,12.98,13.44,660000
2015-11-19,13.44,13.67,12.76,13.06,768800
2015-11-20,13.06,13.29,12.76,12.98,376700
2015-11-23,13.06,13.21,12.83,12.91,246300
2015-11-24,12.83,12.98,12.61,12.83,249100
2015-11-25,12.76,12.98,12.61,12.83,296400
2015-11-26,12.83,12.91,12.68,12.68,256700
2015-11-27,12.68,12.83,12.61,12.68,199100
2015-11-30,12.68,12.98,12.61,12.76,284900
2015-12-01,12.76,13.14,12.76,12.91,333000
2015-12-02,12.91,13.06,12.83,12.91,300900
2015-12-03,12.91,12.91,12.68,12.91,397900
2015-12-04,12.91,12.98,12.68,12.91,275100
2015-12-07,12.83,12.83,12.68,12.76,226000
2015-12-08,12.76,12.91,12.61,12.83,277300
2015-12-09,12.91,12.91,12.76,12.76,226000
2015-12-10,12.68,12.83,12.61,12.76,259000
2015-12-11,12.76,12.83,12.68,12.83,228300
2015-12-14,12.76,12.83,12.76,12.76,125600
2015-12-15,12.76,12.83,12.53,12.76,778400
2015-12-16,12.83,12.91,12.45,12.83,724100
2015-12-17,12.91,12.98,12.61,12.91,833100
2015-12-18,12.83,12.83,12.61,12.76,815200
2015-12-21,12.76,12.76,12.45,12.76,329900
2015-12-22,12.76,12.83,12.45,12.61,446300
2015-12-23,12.53,12.76,12.45,12.53,207200
2015-12-24,12.53,12.61,12.38,12.53,385200
2015-12-25,12.53,12.61,12.3,12.53,290000
2015-12-28,12.53,12.53,12.45,12.45,335800
2015-12-29,12.45,12.83,12.38,12.53,297300
2015-12-30,12.45,12.61,12.45,12.61,454000
2015-12-31,12.45,12.45,11.39,12.38,473310
2016-01-04,12.3,12.38,11.85,12.38,652400
2016-01-05,12.23,12.3,11.85,12.3,439000
2016-01-06,12.3,12.38,12.0,12.23,343240
2016-01-07,12.15,12.3,11.54,12.3,578900
2016-01-08,12.23,12.23,11.69,12.23,491200
2016-01-11,12.23,12.38,12.0,12.15,474600
2016-01-12,12.23,12.3,11.92,12.15,670140
2016-01-13,12.23,12.3,11.77,12.07,544500
2016-01-14,12.07,12.07,11.39,11.92,909100
2016-01-15,11.92,12.0,11.85,12.0,442500
2016-01-18,12.07,12.07,11.54,12.0,829900
2016-01-19,12.0,12.07,11.47,11.92,598240
2016-01-20,11.92,12.0,11.69,11.92,341700
2016-01-21,11.85,11.92,11.47,11.92,318000
2016-01-22,11.92,11.92,11.62,11.92,282240
2016-01-25,11.92,11.92,10.78,11.77,633820
2016-01-26,11.69,12.0,11.24,11.69,291600
2016-01-27,11.69,12.83,11.31,12.38,517500
2016-01-28,12.07,12.23,11.54,11.85,327600
2016-01-29,11.85,12.38,11.69,12.3,335300
2016-02-01,12.3,12.3,12.07,12.15,254400
2016-02-02,12.07,12.83,11.85,12.61,428700
2016-02-03,12.61,12.68,12.23,12.53,260200
2016-02-04,12.45,12.91,12.23,12.83,368500
2016-02-05,12.83,13.06,12.68,13.06,206800
2016-02-15,12.98,12.98,12.76,12.98,275300
2016-02-16,12.91,13.06,12.91,12.98,290800
2016-02-17,13.06,13.29,12.91,13.06,269010
2016-02-18,12.98,13.29,12.83,13.14,240800
2016-02-19,13.14,13.21,13.06,13.21,311700
2016-02-22,13.21,14.43,13.14,14.43,790800
2016-02-23,14.43,15.87,13.29,13.44,1002140
2016-02-24,13.52,13.59,13.29,13.36,399400
2016-02-25,13.36,13.59,13.21,13.29,413700
2016-02-26,13.29,13.67,13.14,13.14,350900
2016-02-29,13.14,13.36,13.14,13.29,525700
2016-03-01,13.29,13.67,13.29,13.36,480100
2016-03-02,13.36,13.59,13.36,13.44,335000
2016-03-03,13.52,13.74,13.44,13.52,235200
2016-03-04,13.52,13.82,13.44,13.59,305200
2016-03-07,13.52,14.12,13.52,13.74,407900
2016-03-08,13.67,13.82,12.38,13.67,1063100
2016-03-09,13.59,13.82,13.29,13.29,430500
2016-03-10,13.36,14.58,13.36,14.58,817300
2016-03-11,14.58,14.58,13.14,14.05,726460
2016-03-14,14.12,14.35,13.29,13.52,697400
2016-03-15,13.52,13.82,12.23,13.29,952900
2016-03-16,13.29,13.67,12.98,13.29,358800
2016-03-17,13.29,13.29,12.68,13.06,364300
2016-03-18,13.06,13.06,11.77,12.07,788800
2016-03-21,12.23,12.3,10.93,11.77,657700
2016-03-22,11.69,11.85,11.54,11.77,266000
2016-03-23,11.39,11.69,11.31,11.62,349000
2016-03-24,11.01,11.85,11.01,11.62,419700
2016-03-25,11.47,11.69,11.39,11.62,334500
2016-03-28,10.48,11.62,10.48,11.62,333800
2016-03-29,10.48,11.77,10.48,11.62,374700
2016-03-30,10.48,12.0,10.48,12.0,341000
2016-03-31,11.85,12.23,11.62,12.23,378000
2016-04-01,12.15,12.23,11.47,11.92,356300
2016-04-04,11.85,12.3,11.69,12.0,545300
2016-04-05,11.92,12.61,11.85,12.23,612600
2016-04-06,12.07,12.61,12.0,12.15,589300
2016-04-07,12.07,12.45,12.07,12.15,312100
2016-04-08,12.0,12.38,12.0,12.23,387800
2016-04-11,12.15,12.91,12.15,12.91,596500
2016-04-12,12.76,12.76,12.53,12.68,281700
2016-04-13,12.68,12.83,12.61,12.76,440600
2016-04-14,12.76,13.06,12.76,12.83,316400
2016-04-15,12.83,13.44,12.76,13.21,416900
2016-04-19,13.21,13.21,12.76,13.06,311600
2016-04-20,12.98,13.29,12.98,12.98,278400
2016-04-21,12.98,13.14,12.98,13.06,315800
2016-04-22,13.06,14.35,13.06,14.28,635300
2016-04-25,14.28,14.35,13.44,13.9,404500
2016-04-26,13.74,14.05,13.67,14.05,276900
2016-04-27,13.97,14.12,13.74,14.05,281100
2016-04-28,14.05,14.96,13.97,14.58,574900
2016-04-29,14.5,14.81,14.43,14.66,279000
2016-05-04,14.58,14.81,14.43,14.73,233700
2016-05-05,14.66,14.96,14.66,14.73,290700
2016-05-06,14.73,15.19,14.66,15.11,325900
2016-05-09,15.03,15.19,14.88,14.96,298200
2016-05-10,14.88,15.26,14.73,15.26,345600
2016-05-11,15.11,15.79,15.03,15.72,303000
2016-05-12,15.64,16.48,15.57,15.64,445800
2016-05-13,15.64,15.72,15.41,15.57,285400
2016-05-16,15.49,15.79,15.41,15.49,338200
2016-05-17,15.41,16.63,15.41,16.4,602700
2016-05-18,16.33,16.78,16.17,16.17,499300
2016-05-19,16.1,16.17,15.87,16.02,260800
2016-05-20,16.02,16.25,15.95,16.02,265400
2016-05-23,15.95,16.4,15.95,16.02,398600
2016-05-24,16.02,16.33,16.02,16.02,255900
2016-05-25,16.02,16.55,15.49,15.87,743000
2016-05-26,15.87,16.17,15.34,15.64,392500
2016-05-27,15.64,15.79,15.26,15.49,430600
2016-05-30,15.41,15.49,14.58,14.73,470400
2016-05-31,14.73,14.96,14.73,14.81,323500
2016-06-01,14.81,15.26,14.73,14.88,328700
2016-06-02,14.81,15.03,14.81,14.96,337800
2016-06-03,14.96,15.26,14.96,15.03,328700
2016-06-06,15.11,15.34,14.88,15.11,322300
2016-06-07,15.19,15.41,14.96,14.96,381000
2016-06-08,15.03,15.26,14.73,15.03,503500
2016-06-09,15.03,16.02,15.03,15.79,425700
2016-06-10,15.64,15.95,15.41,15.95,270100
2016-06-13,15.95,15.95,15.41,15.57,313600
2016-06-14,15.49,15.95,15.34,15.95,281400
2016-06-15,15.87,16.33,15.72,16.33,244300
2016-06-16,16.33,16.4,15.26,16.1,466000
2016-06-17,16.02,16.33,15.95,16.33,274000
2016-06-20,16.25,16.55,15.72,15.95,587800
2016-06-21,16.02,16.1,14.35,14.35,540400
2016-06-22,14.28,14.66,14.12,14.5,217900
2016-06-23,14.5,14.58,14.43,14.58,329500
2016-06-24,14.58,14.73,14.2,14.35,304600
2016-06-27,14.28,14.73,14.2,14.73,252200
2016-06-28,14.66,14.96,14.58,14.88,250400
2016-06-29,14.88,14.88,14.66,14.73,278800
2016-06-30,15.11,15.11,14.66,14.81,228000
2016-07-01,14.73,15.72,14.73,15.41,310800
2016-07-04,15.26,15.87,15.26,15.72,253700
2016-07-05,15.72,16.17,15.72,16.17,356810
2016-07-06,16.17,16.25,14.58,14.58,584200
2016-07-07,14.58,14.58,14.12,14.28,422710
2016-07-08,14.12,14.73,14.05,14.28,239700
2016-07-11,14.28,14.66,14.12,14.43,220700
2016-07-12,14.35,14.73,14.12,14.66,415100
2016-07-13,14.66,14.96,14.43,14.43,368200
2016-07-14,14.43,14.81,14.35,14.66,342100
2016-07-15,14.58,14.88,14.58,14.81,404800
2016-07-18,14.81,14.88,14.58,14.73,213000
2016-07-19,14.73,14.88,14.2,14.43,405500
2016-07-20,14.35,14.58,14.12,14.28,329510
2016-07-21,14.2,14.5,14.05,14.43,253300
2016-07-22,14.35,14.43,14.2,14.35,289700
2016-07-25,14.28,14.28,13.9,14.2,500400
2016-07-26,14.2,14.28,12.83,14.28,638900
2016-07-27,16.46,16.56,16.37,16.56,389210
2016-07-28,16.66,17.25,16.66,17.25,407900
2016-07-29,17.25,17.25,16.96,17.15,142700
2016-08-01,17.15,17.55,16.76,17.15,377400
2016-08-02,17.06,17.35,16.86,17.25,345600
2016-08-03,17.15,17.25,16.96,17.06,443400
2016-08-04,17.06,17.35,17.06,17.15,245400
2016-08-05,17.15,17.15,16.76,17.06,393600
2016-08-08,17.06,17.06,16.56,16.96,436300
2016-08-09,16.96,17.06,16.56,16.96,303000
2016-08-10,16.96,16.96,16.27,16.86,368701
2016-08-11,16.56,16.76,16.37,16.76,297300
2016-08-12,16.76,17.55,16.66,16.86,387400
2016-08-15,16.66,16.66,16.37,16.66,311600
2016-08-16,16.66,16.76,16.46,16.66,344100
2016-08-17,16.66,16.76,16.27,16.66,318500
2016-08-18,16.66,16.76,16.27,16.76,325000
2016-08-19,16.66,16.76,16.56,16.66,359900
2016-08-22,16.76,16.76,16.27,16.56,341200
2016-08-23,16.56,16.66,16.27,16.56,243400
2016-08-24,16.56,16.56,15.77,16.46,682100
2016-08-25,16.37,16.56,16.17,16.46,350600
2016-08-26,16.46,16.46,16.27,16.37,155500
2016-08-29,16.37,16.46,16.27,16.46,289200
2016-08-30,16.46,16.46,16.17,16.37,459000
2016-08-31,16.27,16.46,16.07,16.27,457800
2016-09-01,16.27,16.27,15.77,16.17,813900
2016-09-05,16.17,17.25,16.07,17.25,694300
2016-09-06,17.25,17.65,15.77,16.76,271700
2016-09-07,16.76,16.96,16.27,16.96,294100
2016-09-08,16.96,17.15,16.66,17.06,394600
2016-09-09,17.06,17.15,16.66,17.15,346300
2016-09-12,17.15,17.35,16.86,17.15,274700
2016-09-13,17.15,17.15,16.86,16.86,310500
2016-09-14,16.96,17.15,16.76,17.06,397800
2016-09-15,17.15,17.25,16.76,17.06,1319100
2016-09-16,17.06,17.35,16.76,16.96,306800
2016-09-19,16.86,17.15,16.76,16.76,609900
2016-09-20,16.76,16.76,16.56,16.76,413100
2016-09-21,16.76,16.96,16.56,16.76,377100
2016-09-22,16.66,16.86,16.56,16.86,297900
2016-09-23,16.86,16.96,16.56,16.86,1043100
2016-09-26,16.86,16.96,16.66,16.96,390200
2016-09-27,16.96,16.96,16.66,16.96,663900
2016-09-28,16.86,16.86,16.56,16.66,395600
2016-09-29,16.66,16.96,16.56,16.66,445300
2016-09-30,16.66,16.86,16.56,16.76,997600
2016-10-03,16.76,16.86,16.37,16.76,383800
2016-10-04,16.76,16.76,16.46,16.76,444100
2016-10-05,16.66,16.66,16.07,16.17,288700
2016-10-06,14.59,15.97,14.59,14.59,850170
2016-10-07,13.21,15.18,13.21,15.18,921600
2016-10-10,13.7,15.77,13.7,13.7,521705
2016-10-11,12.42,14.1,12.42,13.9,1158004
2016-10-12,13.9,14.3,12.52,14.3,950500
2016-10-13,14.2,14.59,14.0,14.59,353300
2016-10-14,14.59,14.59,13.21,13.21,301500
2016-10-17,11.9,11.9,11.9,11.9,185903
2016-10-18,10.8,10.8,10.8,10.8,30800
2016-10-19,9.8,9.8,9.8,9.8,21400
2016-10-20,8.9,8.9,8.9,8.9,254700
2016-10-21,8.1,8.1,8.1,8.1,208600
2016-10-24,7.3,7.3,7.3,7.3,718600
2016-10-25,6.6,7.5,6.6,7.5,905062
2016-10-26,6.8,7.6,6.8,7.6,1527800
2016-10-27,6.9,6.9,6.9,6.9,337000
2016-10-28,6.3,6.3,6.3,6.3,185000
2016-10-31,5.7,5.7,5.7,5.7,6320
2016-11-01,5.2,5.2,5.2,5.2,87700
2016-11-02,4.7,5.7,4.7,5.7,2230400
2016-11-03,5.2,5.6,5.2,5.5,1327200
2016-11-04,5.2,5.5,5.0,5.5,1416750
2016-11-07,5.0,5.6,5.0,5.0,1439700
2016-11-08,4.6,4.9,4.5,4.9,1908100
2016-11-09,4.7,5.0,4.5,4.8,1162800
2016-11-10,4.8,4.8,4.4,4.6,1528500
2016-11-11,4.6,4.6,4.2,4.6,1512500
2016-11-14,4.5,4.5,4.2,4.4,1063400
2016-11-15,4.3,4.3,4.0,4.3,1178300
2016-11-16,4.2,4.3,3.9,4.2,1887092
2016-11-17,4.1,4.1,3.8,3.8,738300
2016-11-18,3.9,4.1,3.5,4.0,930100
2016-11-21,4.0,4.0,3.6,3.7,543200
2016-11-22,3.5,3.6,3.4,3.4,719800
2016-11-23,3.1,3.3,3.1,3.2,1156600
2016-11-24,2.9,3.3,2.9,3.3,180110
2016-11-25,3.5,3.6,3.5,3.6,1979065
2016-11-28,3.9,3.9,3.9,3.9,2089800
2016-11-29,4.2,4.2,4.2,4.2,1777300
2016-11-30,4.6,4.6,3.8,4.6,1468755
2016-12-01,4.9,5.0,4.8,5.0,1319560
2016-12-02,5.0,5.4,4.6,4.6,831600
2016-12-05,4.3,4.6,4.2,4.2,827400
2016-12-06,4.2,4.6,3.8,3.8,1564852
2016-12-07,3.8,4.0,3.5,4.0,502070
2016-12-08,4.0,4.1,3.9,4.0,148200
2016-12-09,4.0,4.0,3.6,3.9,1242400
2016-12-12,3.9,3.9,3.6,3.7,648900
2016-12-13,3.7,3.8,3.4,3.6,551600
2016-12-14,3.6,3.6,3.3,3.6,1109700
2016-12-15,3.6,3.6,3.3,3.6,516910
2016-12-16,3.6,3.6,3.3,3.5,1010600
2016-12-19,3.5,3.5,3.3,3.5,416442
2016-12-20,3.5,3.5,3.3,3.4,412800
2016-12-21,3.4,3.4,3.2,3.4,397109
2016-12-22,3.4,3.5,3.2,3.4,468500
2016-12-23,3.4,3.4,3.1,3.3,766000
2016-12-26,3.3,3.3,3.2,3.3,302500
2016-12-27,3.2,3.3,3.0,3.1,1373400
2016-12-28,3.1,3.2,2.9,3.2,170700
2016-12-29,3.2,3.2,3.1,3.2,432300
2016-12-30,3.1,3.2,3.0,3.0,667600
2017-01-03,3.1,3.1,3.0,3.1,325023
2017-01-04,3.1,3.1,2.9,3.1,515700
2017-01-05,3.0,3.1,3.0,3.0,341300
2017-01-06,3.0,3.0,2.9,3.0,567031
2017-01-09,3.0,3.0,2.8,2.9,504600
2017-01-10,2.9,3.0,2.7,3.0,1219800
2017-01-11,3.0,3.3,2.8,3.0,899600
2017-01-12,2.9,2.9,2.7,2.9,812546
2017-01-13,2.8,2.9,2.7,2.7,1306000
2017-01-16,2.7,2.7,2.5,2.7,604200
2017-01-17,2.6,2.7,2.5,2.6,828100
2017-01-18,2.6,2.6,2.4,2.4,755000
2017-01-19,2.4,2.4,2.2,2.3,910300
2017-01-20,2.3,2.3,2.1,2.2,487300
2017-01-23,2.2,2.4,2.2,2.4,310900
2017-01-24,2.4,2.5,2.3,2.5,269630
2017-01-25,2.4,2.6,2.4,2.5,175400
2017-02-02,2.5,2.6,2.4,2.6,84405
2017-02-03,2.6,2.6,2.5,2.6,188400
2017-02-06,2.6,2.8,2.6,2.8,327500
2017-02-07,2.9,3.0,2.9,3.0,96400
2017-02-08,3.3,3.3,3.3,3.3,329700
2017-02-09,3.6,3.6,3.6,3.6,516350
2017-02-10,3.9,3.9,3.4,3.5,1788529
2017-02-13,3.5,3.6,3.3,3.5,478616
2017-02-14,3.5,3.8,3.5,3.8,1202075
2017-02-15,3.9,4.1,3.9,4.1,491587
2017-02-16,4.5,4.5,4.1,4.2,1171872
2017-02-17,4.2,4.4,4.1,4.4,1157000
2017-02-20,4.5,4.5,4.3,4.5,811435
2017-02-21,4.5,4.5,4.3,4.4,977040
2017-02-22,4.3,4.4,4.0,4.3,1940159
2017-02-23,4.3,4.3,4.1,4.3,355572
2017-02-24,4.3,4.3,4.1,4.3,555300
2017-02-27,4.3,4.4,4.2,4.4,905700
2017-02-28,4.4,4.4,4.0,4.4,1752340
2017-03-01,4.4,4.4,4.0,4.3,2155193
2017-03-02,4.3,4.7,4.3,4.7,1132750
2017-03-03,5.1,5.1,4.3,4.7,1578800
2017-03-06,4.3,4.6,4.3,4.5,2020356
2017-03-07,4.5,4.5,4.3,4.5,311600
2017-03-08,4.4,4.6,4.3,4.6,1136200
2017-03-09,4.5,4.5,4.3,4.4,862045
2017-03-10,4.4,4.4,4.2,4.3,213400
2017-03-13,4.3,4.4,4.2,4.4,460600
2017-03-14,4.4,4.4,4.1,4.3,1448100
2017-03-15,4.2,4.3,4.1,4.3,344700
2017-03-16,4.2,4.3,4.0,4.3,488300
2017-03-17,4.2,4.2,4.1,4.2,779400
2017-03-20,4.2,4.2,3.9,4.1,709711
2017-03-21,4.1,4.1,3.9,3.9,575519
2017-03-22,3.9,4.1,3.9,4.0,255700
2017-03-23,4.0,4.1,3.9,4.0,634346
2017-03-24,4.0,4.0,3.8,3.9,555400
2017-03-27,3.9,3.9,3.6,3.7,1486300
2017-03-28,3.7,3.8,3.7,3.8,191101
2017-03-29,3.8,3.9,3.7,3.9,242519
2017-03-30,3.9,3.9,3.8,3.9,297200
2017-03-31,3.8,3.9,3.7,3.8,682600
2017-04-03,3.8,4.0,3.8,3.9,293700
2017-04-04,3.9,3.9,3.8,3.8,517319
2017-04-05,3.8,3.9,3.8,3.9,303100
2017-04-07,3.9,3.9,3.7,3.8,419800
2017-04-10,3.8,3.9,3.8,3.9,230923
2017-04-11,3.9,3.9,3.8,3.9,288000
2017-04-12,3.9,3.9,3.7,3.9,812700
2017-04-13,3.9,3.9,3.7,3.8,172100
2017-04-14,3.8,3.9,3.7,3.9,513540
2017-04-17,3.9,3.9,3.7,3.8,729000
2017-04-18,3.8,3.8,3.7,3.7,298733
2017-04-19,3.7,3.8,3.6,3.7,228525
2017-04-20,3.7,3.7,3.5,3.6,936000
2017-04-21,3.6,3.6,3.4,3.4,800129
2017-04-24,3.4,3.5,3.3,3.5,181336
2017-04-25,3.5,3.5,3.3,3.3,996040
2017-04-26,3.4,3.4,3.1,3.3,1420800
2017-04-27,3.3,3.3,3.1,3.3,342200
2017-04-28,3.2,3.3,3.1,3.3,469200
2017-05-03,3.1,3.3,3.0,3.1,1377820
2017-05-04,3.1,3.1,3.0,3.0,175100
2017-05-05,3.0,3.3,3.0,3.3,365400
2017-05-08,3.3,3.3,3.2,3.3,449500
2017-05-09,3.3,3.3,3.2,3.2,167010
2017-05-10,3.2,3.3,3.1,3.3,177010
2017-05-11,3.2,3.3,3.2,3.3,182700
2017-05-12,3.3,3.3,3.2,3.2,234900
2017-05-15,3.2,3.3,3.1,3.3,231400
2017-05-16,3.3,3.4,3.2,3.3,181119
2017-05-17,3.3,3.3,3.2,3.2,74300
2017-05-18,3.2,3.3,3.2,3.3,191200
2017-05-19,3.2,3.3,3.1,3.3,413600
2017-05-22,3.2,3.4,3.2,3.3,532500
2017-05-23,3.3,3.4,3.3,3.3,185300
2017-05-24,3.3,3.4,3.2,3.4,1214700
2017-05-25,3.4,3.7,3.4,3.7,1127349
2017-05-26,3.7,3.9,3.7,3.8,786440
2017-05-29,3.7,3.8,3.6,3.6,887416
2017-05-30,3.5,3.6,3.4,3.4,621200
2017-05-31,3.4,3.5,3.4,3.4,300700
2017-06-01,3.5,3.5,3.3,3.5,300100
2017-06-02,3.4,3.5,3.4,3.4,332500
2017-06-05,3.3,3.5,3.3,3.4,161810
2017-06-06,3.4,3.5,3.3,3.4,300300
2017-06-07,3.4,3.6,3.4,3.5,420500
2017-06-08,3.5,3.5,3.4,3.5,169900
2017-06-09,3.5,3.6,3.4,3.5,282000
2017-06-12,3.5,3.6,3.5,3.5,540030
2017-06-13,3.5,3.6,3.4,3.4,191100
2017-06-14,3.4,3.5,3.4,3.5,149800
2017-06-15,3.4,3.5,3.3,3.4,150900
2017-06-16,3.4,3.5,3.4,3.4,98100
2017-06-19,3.4,3.5,3.3,3.5,180000
2017-06-20,3.5,3.5,3.3,3.4,107100
2017-06-21,3.3,3.4,3.2,3.4,256800
2017-06-22,3.3,3.4,3.3,3.4,239132
2017-06-23,3.4,3.5,3.4,3.4,221750
2017-06-26,3.4,3.4,3.3,3.4,45910
2017-06-27,3.4,3.4,3.3,3.4,69625
2017-06-28,3.4,3.4,3.2,3.3,268500
2017-06-29,3.3,3.3,3.2,3.3,231200
2017-06-30,3.3,3.3,3.2,3.2,134000
2017-07-03,3.2,3.4,3.2,3.4,166400
2017-07-04,3.3,3.4,3.3,3.3,70610
2017-07-05,3.4,3.4,3.3,3.4,88600
2017-07-06,3.4,3.5,3.4,3.4,339755
2017-07-07,3.5,3.7,3.5,3.7,1527609
2017-07-10,3.8,3.9,3.5,3.6,418120
2017-07-11,3.5,3.6,3.4,3.5,109050
2017-07-12,3.4,3.6,3.4,3.5,512001
2017-07-13,3.5,3.6,3.5,3.5,335700
2017-07-14,3.6,3.6,3.5,3.5,127940
2017-07-17,3.5,3.6,3.4,3.5,466100
2017-07-18,3.5,3.5,3.4,3.5,153900
2017-07-19,3.5,3.7,3.4,3.6,487602
2017-07-20,3.5,3.7,3.5,3.6,538808
2017-07-21,3.6,3.6,3.5,3.5,320305
2017-07-24,3.4,3.4,3.3,3.3,313100
2017-07-25,3.3,3.6,3.3,3.6,596450
2017-07-26,3.9,3.9,3.7,3.8,721550
2017-07-27,3.8,3.8,3.6,3.8,613701
2017-07-28,3.7,3.8,3.6,3.7,370200
2017-07-31,3.7,3.9,3.6,3.8,554800
2017-08-01,3.8,3.8,3.7,3.7,409117
2017-08-02,3.7,3.7,3.6,3.6,243500
2017-08-03,3.6,3.8,3.5,3.8,505900
2017-08-04,3.8,3.8,3.6,3.7,283917
2017-08-07,3.8,3.8,3.6,3.7,431600
2017-08-08,3.7,3.8,3.6,3.8,550300
2017-08-09,3.8,4.1,3.8,4.1,2126895
2017-08-10,4.0,4.1,3.8,3.9,762900
2017-08-11,3.9,3.9,3.7,3.7,302700
2017-08-14,3.7,3.8,3.6,3.7,625655
2017-08-15,3.7,3.7,3.5,3.7,481500
2017-08-16,3.6,3.7,3.5,3.7,132600
2017-08-17,3.6,3.7,3.5,3.5,181200
2017-08-18,3.5,3.5,3.4,3.5,331200
2017-08-21,3.5,3.5,3.4,3.5,316800
2017-08-22,3.4,3.5,3.4,3.4,141800
2017-08-23,3.4,3.4,3.2,3.4,542100
2017-08-24,3.3,3.4,3.3,3.3,290300
2017-08-25,3.3,3.3,3.1,3.2,663500
2017-08-28,3.2,3.4,3.2,3.4,372900
2017-08-29,3.4,3.4,3.2,3.3,174150
2017-08-30,3.3,3.3,3.2,3.3,175700
2017-08-31,3.3,3.4,3.2,3.2,95300
2017-09-01,3.2,3.3,3.2,3.2,211640
2017-09-05,3.2,3.3,3.2,3.2,230800
2017-09-06,3.2,3.3,3.1,3.3,88200
2017-09-07,3.3,3.3,3.2,3.3,629740
2017-09-08,3.3,3.3,3.2,3.2,137700
2017-09-11,3.2,3.2,3.1,3.1,389700
2017-09-12,3.1,3.2,3.1,3.2,154000
2017-09-13,3.2,3.2,3.1,3.2,90000
2017-09-14,3.1,3.2,3.1,3.2,94630
2017-09-15,3.2,3.2,3.1,3.2,73300
2017-09-18,3.2,3.2,3.1,3.2,185200
2017-09-19,3.2,3.2,3.1,3.1,411820
2017-09-20,3.2,3.3,3.2,3.2,424600
2017-09-21,3.3,3.3,3.2,3.3,304000
2017-09-22,3.2,3.3,3.1,3.2,287600
2017-09-25,3.2,3.2,3.1,3.1,264300
2017-09-26,3.1,3.2,3.1,3.2,161300
2017-09-27,3.2,3.2,3.0,3.1,157400
2017-09-28,3.1,3.1,3.0,3.1,100900
2017-09-29,3.1,3.1,3.0,3.0,47200
2017-10-02,3.1,3.1,3.0,3.1,112100
2017-10-03,3.0,3.0,2.9,2.9,203200
2017-10-04,2.9,3.0,2.8,3.0,153100
2017-10-05,3.0,3.0,2.8,2.9,251000
2017-10-06,2.8,2.9,2.7,2.8,607200
2017-10-09,2.8,2.9,2.7,2.8,136110
2017-10-10,2.8,2.9,2.7,2.9,77200
2017-10-11,2.8,2.9,2.7,2.8,132400
2017-10-12,2.8,2.8,2.6,2.6,578000
2017-10-13,2.6,2.8,2.6,2.7,256510
2017-10-16,2.7,2.7,2.5,2.7,179000
2017-10-17,2.6,2.7,2.5,2.6,121610
2017-10-18,2.7,2.7,2.6,2.6,87200
2017-10-19,2.6,2.7,2.6,2.6,83760
2017-10-20,2.6,2.7,2.5,2.7,88100
2017-10-23,2.6,2.6,2.5,2.6,452900
2017-10-24,2.6,2.6,2.4,2.5,175900
2017-10-25,2.6,2.6,2.4,2.5,17700
2017-10-26,2.4,2.5,2.4,2.5,155410
2017-10-27,2.4,2.5,2.4,2.5,76810
2017-10-30,2.4,2.5,2.4,2.4,77900
2017-10-31,2.4,2.6,2.3,2.5,513430
2017-11-01,2.4,2.5,2.4,2.4,140400
2017-11-02,2.4,2.5,2.2,2.4,209100
2017-11-03,2.4,2.4,2.2,2.4,109522
2017-11-06,2.3,2.5,2.3,2.4,58900
2017-11-07,2.4,2.5,2.3,2.4,40600
2017-11-08,2.4,2.5,2.3,2.4,94700
2017-11-09,2.4,2.4,2.3,2.3,313800
2017-11-10,2.3,2.4,2.3,2.3,53200
2017-11-13,2.3,2.5,2.3,2.4,205910
2017-11-14,2.3,2.4,2.3,2.3,100000
2017-11-15,2.3,2.4,2.2,2.3,68200
2017-11-16,2.4,2.4,2.3,2.3,28300
2017-11-17,2.4,2.4,2.3,2.4,12720
2017-11-20,2.3,2.4,2.3,2.3,93800
2017-11-21,2.3,2.4,2.3,2.3,298500
2017-11-22,2.4,2.4,2.3,2.3,14800
2017-11-23,2.4,2.4,2.2,2.3,108700
2017-11-24,2.3,2.4,2.3,2.3,152900
2017-11-27,2.3,2.5,2.3,2.4,329400
2017-11-28,2.4,2.5,2.4,2.4,237572
2017-11-29,2.5,2.5,2.4,2.5,73000
2017-11-30,2.4,2.5,2.3,2.3,632300
2017-12-01,2.3,2.5,2.3,2.4,263230
2017-12-04,2.4,2.5,2.4,2.5,38400
2017-12-05,2.4,2.5,2.3,2.4,205800
2017-12-06,2.4,2.4,2.3,2.3,49400
2017-12-07,2.4,2.4,2.3,2.4,91200
2017-12-08,2.4,2.4,2.3,2.3,10600
2017-12-11,2.4,2.4,2.3,2.3,186100
2017-12-12,2.2,2.4,2.1,2.3,114300
2017-12-13,2.3,2.4,2.2,2.3,122200
2017-12-14,2.3,2.4,2.3,2.4,330300
2017-12-15,2.4,2.4,2.2,2.4,316200
2017-12-18,2.3,2.4,2.2,2.3,187410
2017-12-19,2.3,2.3,2.2,2.2,52900
2017-12-20,2.3,2.3,2.2,2.2,42730
2017-12-21,2.2,2.3,2.1,2.2,144600
2017-12-22,2.2,2.3,2.2,2.2,20801
2017-12-25,2.2,2.3,2.1,2.2,46400
2017-12-26,2.1,2.3,2.1,2.2,27600
2017-12-27,2.2,2.3,2.1,2.2,79400
2017-12-28,2.3,2.3,2.1,2.2,30300
2017-12-29,2.2,2.2,2.1,2.2,58717
2018-01-02,2.2,2.3,2.1,2.2,86700
2018-01-03,2.2,2.2,2.1,2.2,116910
2018-01-04,2.2,2.2,2.1,2.2,108050
2018-01-05,2.1,2.3,2.1,2.2,177850
2018-01-08,2.3,2.3,2.2,2.2,70800
2018-01-09,2.3,2.3,2.1,2.2,143118
2018-01-10,2.3,2.3,2.1,2.3,80600
2018-01-11,2.2,2.3,2.2,2.2,39200
2018-01-12,2.3,2.3,2.1,2.2,299900
2018-01-15,2.2,2.2,2.1,2.2,48400
2018-01-16,2.2,2.3,2.1,2.2,87000
2018-01-17,2.2,2.3,2.1,2.1,317000
2018-01-18,2.2,2.2,2.1,2.2,31400
2018-01-19,2.2,2.2,2.1,2.2,148500
2018-01-22,2.2,2.2,2.1,2.1,142100
2018-01-23,2.1,2.2,2.0,2.2,170800
2018-01-24,2.2,2.2,2.1,2.1,92900
2018-01-25,2.1,2.1,2.0,2.1,361500
2018-01-26,2.0,2.1,1.9,2.0,195800
2018-01-29,2.0,2.0,1.8,1.9,360450
2018-01-30,1.9,1.9,1.8,1.8,236000
2018-01-31,1.9,1.9,1.7,1.9,67900
2018-02-01,1.9,1.9,1.8,1.8,46540
2018-02-02,1.9,1.9,1.7,1.8,148670
2018-02-05,1.9,1.9,1.7,1.7,189300
2018-02-06,1.7,1.7,1.6,1.6,166100
2018-02-07,1.6,1.7,1.5,1.6,282600
2018-02-08,1.6,1.6,1.5,1.5,72100
2018-02-09,1.6,1.6,1.5,1.6,174810
2018-02-12,1.7,1.7,1.6,1.7,65100
2018-02-13,1.7,1.8,1.6,1.7,102100
2018-02-21,1.6,1.8,1.6,1.8,22200
2018-02-22,1.8,1.8,1.7,1.8,8300
2018-02-23,1.8,1.8,1.7,1.8,83900
2018-02-26,1.8,1.8,1.7,1.7,18200
2018-02-27,1.7,1.8,1.7,1.7,91900
2018-02-28,1.7,1.8,1.6,1.7,368100
2018-03-01,1.7,1.7,1.6,1.7,248110
2018-03-02,1.7,1.7,1.6,1.7,264447
2018-03-05,1.6,1.7,1.6,1.7,93200
2018-03-06,1.6,1.7,1.6,1.6,114400
2018-03-07,1.6,1.7,1.5,1.6,56600
2018-03-08,1.7,1.7,1.5,1.6,146500
2018-03-09,1.6,1.7,1.6,1.6,63600
2018-03-12,1.6,1.7,1.6,1.7,501210
2018-03-13,1.7,1.8,1.7,1.8,507000
2018-03-14,1.9,1.9,1.9,1.9,113200
2018-03-15,2.0,2.0,1.8,1.9,348700
2018-03-16,1.9,1.9,1.8,1.8,169140
2018-03-19,1.8,1.8,1.7,1.7,354200
2018-03-20,1.8,1.8,1.6,1.7,374047
2018-03-21,1.7,1.7,1.6,1.7,108400
2018-03-22,1.8,1.8,1.6,1.7,75040
2018-03-23,1.6,1.7,1.6,1.6,219700
2018-03-26,1.7,1.7,1.6,1.6,197800
2018-03-27,1.7,1.7,1.6,1.6,15410
2018-03-28,1.7,1.7,1.6,1.7,5100
2018-03-29,1.6,1.7,1.6,1.7,4278
2018-03-30,1.7,1.7,1.6,1.6,65500
2018-04-02,1.6,1.7,1.6,1.6,137800
2018-04-03,1.7,1.7,1.6,1.6,106500
2018-04-04,1.7,1.7,1.6,1.7,57800
2018-04-05,1.6,1.7,1.6,1.6,181400
2018-04-06,1.6,1.7,1.6,1.6,68600
2018-04-09,1.6,1.7,1.6,1.6,31200
2018-04-10,1.7,1.7,1.6,1.6,41600
2018-04-11,1.6,1.6,1.5,1.6,46400
2018-04-12,1.6,1.6,1.5,1.5,59600
2018-04-13,1.6,1.6,1.5,1.5,87600
2018-04-16,1.6,1.6,1.5,1.6,11601
2018-04-17,1.6,1.6,1.5,1.6,51600
2018-04-18,1.6,1.6,1.5,1.6,26000
2018-04-19,1.6,1.6,1.5,1.5,19520
2018-04-20,1.5,1.6,1.5,1.6,29100
2018-04-23,1.5,1.6,1.5,1.5,318500
2018-04-24,1.5,1.5,1.4,1.4,93900
2018-04-26,1.5,1.5,1.4,1.4,129300
2018-04-27,1.4,1.4,1.3,1.4,405000
2018-05-02,1.4,1.5,1.3,1.5,174350
2018-05-03,1.5,1.5,1.4,1.4,88500
2018-05-04,1.3,1.4,1.3,1.3,4200
2018-05-07,1.4,1.4,1.3,1.4,26500
2018-05-08,1.4,1.4,1.3,1.3,108200
2018-05-09,1.4,1.4,1.3,1.3,79400
2018-05-10,1.4,1.4,1.4,1.4,91000
2018-05-11,1.4,1.4,1.3,1.4,231800
2018-05-14,1.4,1.4,1.3,1.3,43000
2018-05-15,1.3,1.4,1.2,1.3,60700
2018-05-16,1.4,1.4,1.3,1.3,67200
2018-05-17,1.4,1.4,1.4,1.4,291210
2018-05-18,1.5,1.5,1.3,1.5,83900
2018-05-21,1.5,1.5,1.4,1.4,134570
2018-05-22,1.5,1.5,1.3,1.3,137700
2018-05-23,1.4,1.4,1.3,1.4,112400
2018-05-24,1.5,1.5,1.3,1.4,82630
2018-05-25,1.3,1.4,1.3,1.4,78600
2018-05-28,1.4,1.4,1.3,1.3,133000
2018-05-29,1.3,1.4,1.2,1.4,50100
2018-05-30,1.4,1.4,1.3,1.3,27800
2018-05-31,1.4,1.4,1.3,1.3,16200
2018-06-01,1.4,1.4,1.3,1.4,55500
2018-06-04,1.4,1.4,1.3,1.4,25430
2018-06-05,1.4,1.4,1.4,1.4,11300
2018-06-06,1.3,1.4,1.3,1.3,21100
2018-06-07,1.3,1.4,1.3,1.4,68700
2018-06-08,1.4,1.4,1.4,1.4,76800
2018-06-11,1.3,1.4,1.3,1.4,121800
2018-06-12,1.4,1.4,1.3,1.3,48209
2018-06-13,1.3,1.4,1.3,1.4,365400
2018-06-14,1.4,1.5,1.4,1.5,299400
2018-06-15,1.6,1.6,1.4,1.6,285900
2018-06-18,1.6,1.6,1.5,1.5,31600
2018-06-19,1.4,1.5,1.4,1.4,73300
2018-06-20,1.4,1.5,1.3,1.4,125700
2018-06-21,1.4,1.5,1.3,1.4,257500
2018-06-22,1.3,1.4,1.3,1.4,8300
2018-06-25,1.3,1.4,1.3,1.3,16100
2018-06-26,1.3,1.4,1.3,1.3,53800
2018-06-27,1.3,1.4,1.3,1.3,222500
2018-06-28,1.3,1.4,1.2,1.3,20200
2018-06-29,1.3,1.4,1.3,1.3,304400
2018-07-02,1.3,1.4,1.3,1.3,139900
2018-07-03,1.4,1.4,1.2,1.2,153700
2018-07-04,1.3,1.3,1.1,1.1,109200
2018-07-05,1.2,1.2,1.1,1.2,165500
2018-07-06,1.2,1.3,1.1,1.3,33800
2018-07-09,1.3,1.3,1.2,1.2,37200
2018-07-10,1.2,1.3,1.1,1.2,42600
2018-07-11,1.3,1.3,1.1,1.2,82300
2018-07-12,1.2,1.3,1.1,1.3,24900
2018-07-13,1.3,1.3,1.2,1.3,9000
2018-07-16,1.3,1.3,1.2,1.2,34700
2018-07-17,1.2,1.3,1.2,1.2,8800
2018-07-18,1.3,1.3,1.2,1.2,18100
2018-07-19,1.3,1.3,1.2,1.3,5700
2018-07-20,1.3,1.3,1.3,1.3,500
2018-07-23,1.3,1.3,1.2,1.3,9000
2018-07-24,1.2,1.3,1.2,1.2,75000
2018-07-25,1.3,1.3,1.1,1.3,9000
2018-07-26,1.3,1.3,1.2,1.3,22600
2018-07-27,1.3,1.3,1.2,1.2,12100
2018-07-30,1.2,1.3,1.1,1.2,40800
2018-07-31,1.3,1.3,1.2,1.2,8000
2018-08-01,1.3,1.3,1.2,1.2,16000
2018-08-02,1.1,1.3,1.1,1.2,11900
2018-08-03,1.3,1.3,1.2,1.2,500
2018-08-06,1.3,1.3,1.1,1.2,21200
2018-08-07,1.2,1.3,1.2,1.2,46500
2018-08-08,1.2,1.3,1.2,1.2,12800
2018-08-09,1.1,1.3,1.1,1.2,26900
2018-08-10,1.2,1.3,1.1,1.2,9000
2018-08-13,1.1,1.2,1.1,1.1,75100
2018-08-14,1.1,1.2,1.1,1.1,19000
2018-08-15,1.2,1.2,1.0,1.1,236000
2018-08-16,1.2,1.2,1.0,1.1,58700
2018-08-17,1.1,1.1,1.0,1.1,25200
2018-08-20,1.1,1.1,1.0,1.1,145600
2018-08-21,1.1,1.1,1.0,1.0,148600
2018-08-22,1.1,1.1,1.0,1.1,116300
2018-08-23,1.1,1.2,1.1,1.2,75900
2018-08-24,1.1,1.2,1.1,1.1,14000
2018-08-27,1.1,1.2,1.0,1.0,50600
2018-08-28,1.1,1.1,1.0,1.0,31000
2018-08-29,1.1,1.1,1.1,1.1,97700
2018-08-30,1.2,1.2,1.0,1.2,94000
2018-08-31,1.2,1.2,1.1,1.1,16700
2018-09-04,1.1,1.2,1.0,1.0,64100
2018-09-05,1.1,1.1,1.0,1.0,24800
2018-09-06,1.1,1.1,1.0,1.1,178900
2018-09-07,1.1,1.2,1.0,1.1,72100
2018-09-10,1.1,1.1,1.0,1.1,45800
2018-09-11,1.1,1.2,1.0,1.1,142500
2018-09-12,1.1,1.2,1.1,1.2,259600
2018-09-13,1.3,1.3,1.2,1.2,171400
2018-09-14,1.2,1.2,1.1,1.2,17600
2018-09-17,1.2,1.2,1.1,1.2,165200
2018-09-18,1.2,1.3,1.2,1.3,158800
2018-09-19,1.3,1.3,1.2,1.2,104700
2018-09-20,1.2,1.3,1.2,1.3,28100
2018-09-21,1.3,1.3,1.2,1.3,133800
2018-09-24,1.3,1.3,1.2,1.2,15000
2018-09-25,1.2,1.3,1.1,1.3,29400
2018-09-26,1.3,1.3,1.2,1.2,65500
2018-09-27,1.2,1.3,1.1,1.3,108300
2018-09-28,1.3,1.3,1.2,1.3,43700
2018-10-01,1.3,1.3,1.2,1.2,211600
2018-10-02,1.3,1.3,1.2,1.3,45500
2018-10-03,1.2,1.3,1.2,1.2,49300
2018-10-04,1.3,1.3,1.2,1.2,73600
2018-10-05,1.3,1.3,1.2,1.3,33400
2018-10-08,1.3,1.3,1.2,1.2,30600
2018-10-09,1.3,1.3,1.1,1.2,63100
2018-10-10,1.3,1.3,1.2,1.3,55100
2018-10-11,1.2,1.3,1.2,1.2,158300
2018-10-12,1.2,1.2,1.1,1.2,56400
2018-10-15,1.2,1.2,1.1,1.2,308200
2018-10-16,1.2,1.2,1.1,1.1,225700
2018-10-17,1.1,1.2,1.0,1.1,17700
2018-10-18,1.1,1.1,1.0,1.0,854400
2018-10-19,1.0,1.1,1.0,1.1,29900
2018-10-22,1.1,1.1,1.0,1.1,10300
2018-10-23,1.0,1.1,1.0,1.0,88500
2018-10-24,0.9,1.0,0.9,1.0,69300
2018-10-25,0.9,1.0,0.9,1.0,82000
2018-10-26,1.0,1.0,0.9,0.9,33100
2018-10-29,1.0,1.0,0.9,0.9,67200
2018-10-30,1.0,1.0,0.9,0.9,10100
2018-10-31,1.0,1.0,0.9,0.9,94200
2018-11-01,0.9,1.0,0.8,0.8,25300
2018-11-02,0.9,0.9,0.8,0.9,337500
2018-11-05,1.0,1.0,0.8,0.9,25100
2018-11-06,0.9,0.9,0.8,0.9,65500
2018-11-07,0.9,0.9,0.8,0.9,45300
2018-11-08,0.9,1.0,0.8,0.9,62300
2018-11-09,0.9,1.0,0.8,0.9,83200
2018-11-12,0.9,1.0,0.8,0.9,22001
2018-11-13,0.9,1.0,0.8,0.9,28000
2018-11-14,0.8,1.0,0.8,0.9,23700
2018-11-15,1.0,1.0,0.8,0.9,5700
2018-11-16,1.0,1.0,0.9,1.0,4800
2018-11-19,1.0,1.0,0.9,0.9,42734
2018-11-20,0.9,1.0,0.8,0.9,215817
2018-11-21,0.9,0.9,0.8,0.9,41400
2018-11-22,0.8,0.9,0.8,0.8,21300
2018-11-23,0.9,0.9,0.8,0.9,144000
2018-11-26,0.9,0.9,0.9,0.9,13100
2018-11-27,0.8,0.9,0.8,0.9,12400
2018-11-28,0.8,0.9,0.8,0.8,25700
2018-11-29,0.9,0.9,0.8,0.9,19000
2018-11-30,0.9,0.9,0.8,0.8,62700
2018-12-03,0.9,0.9,0.8,0.8,13900
2018-12-04,0.9,0.9,0.8,0.9,76400
2018-12-05,0.8,0.9,0.8,0.8,19700
2018-12-06,0.8,0.9,0.7,0.8,80055
2018-12-07,0.8,0.9,0.8,0.8,7200
2018-12-10,0.8,0.8,0.8,0.8,45000
2018-12-11,0.9,0.9,0.8,0.8,14400
2018-12-12,0.9,0.9,0.8,0.8,21100
2018-12-13,0.8,0.8,0.8,0.8,14800
2018-12-14,0.9,0.9,0.8,0.8,2101
2018-12-17,0.9,0.9,0.7,0.8,5800
2018-12-18,0.7,0.8,0.7,0.8,50200
2018-12-19,0.8,0.8,0.7,0.8,32714
2018-12-20,0.7,0.8,0.7,0.7,202700
2018-12-21,0.7,0.8,0.6,0.6,38300
2018-12-24,0.6,0.7,0.6,0.7,16200
2018-12-25,0.8,0.8,0.6,0.7,11000
2018-12-26,0.8,0.8,0.7,0.7,3900
2018-12-27,0.7,0.8,0.7,0.7,4100
2018-12-28,0.8,0.8,0.6,0.7,10800
2019-01-02,0.6,0.7,0.6,0.7,22900
2019-01-03,0.7,0.7,0.6,0.7,36100
2019-01-04,0.6,0.7,0.6,0.7,3200
2019-01-07,0.6,0.8,0.6,0.7,178163
2019-01-08,0.8,0.8,0.6,0.8,141900
2019-01-09,0.7,0.8,0.7,0.7,109000
2019-01-10,0.8,0.8,0.7,0.7,29139
2019-01-11,0.8,0.8,0.7,0.7,40200
2019-01-14,0.7,0.8,0.7,0.7,13700
2019-01-15,0.7,0.8,0.6,0.6,152380
2019-01-16,0.7,0.7,0.6,0.7,96000
2019-01-17,0.7,0.7,0.6,0.7,14300
2019-01-18,0.7,0.7,0.6,0.6,45600
2019-01-21,0.7,0.7,0.6,0.6,7300
2019-01-22,0.7,0.7,0.6,0.6,34000
2019-01-23,0.6,0.7,0.6,0.7,5500
2019-01-24,0.7,0.7,0.6,0.7,23900
2019-01-25,0.7,0.7,0.6,0.6,8632
2019-01-28,0.6,0.7,0.6,0.7,28121
2019-01-29,0.7,0.7,0.6,0.6,13500
2019-01-30,0.6,0.7,0.6,0.7,29700
2019-01-31,0.6,0.7,0.6,0.7,143400
2019-02-01,0.7,0.7,0.7,0.7,55600
2019-02-11,0.6,0.7,0.6,0.7,23900
2019-02-12,0.6,0.7,0.6,0.7,5100
2019-02-13,0.7,0.7,0.6,0.7,11800
2019-02-14,0.6,0.7,0.6,0.6,88800
2019-02-15,0.7,0.7,0.6,0.7,99200
2019-02-18,0.6,0.7,0.6,0.7,251300
2019-02-19,0.7,0.7,0.6,0.6,52900
2019-02-20,0.7,0.7,0.6,0.6,60600
2019-02-21,0.7,0.7,0.6,0.6,33800
2019-02-22,0.7,0.7,0.6,0.6,31400
2019-02-25,0.7,0.7,0.6,0.6,25000
2019-02-26,0.6,0.7,0.6,0.7,510500
2019-02-27,0.8,0.8,0.8,0.8,40300
2019-02-28,0.9,0.9,0.7,0.8,456325
2019-03-01,0.8,0.9,0.8,0.8,87100
2019-03-04,0.9,0.9,0.8,0.8,450100
2019-03-05,0.8,0.9,0.7,0.9,653000
2019-03-06,0.8,0.9,0.8,0.9,62000
2019-03-07,0.8,1.0,0.8,1.0,417500
2019-03-08,1.0,1.0,0.9,0.9,97515
2019-03-11,0.8,0.9,0.8,0.8,262001
2019-03-12,0.8,0.9,0.7,0.8,39216
2019-03-13,0.8,0.9,0.8,0.8,49100
2019-03-14,0.8,0.9,0.8,0.8,116400
2019-03-15,0.8,0.9,0.8,0.8,117200
2019-03-18,0.8,0.9,0.8,0.8,44300
2019-03-19,0.9,0.9,0.8,0.9,152200
2019-03-20,0.9,0.9,0.8,0.8,38500
2019-03-21,0.9,0.9,0.8,0.8,32116
2019-03-22,0.9,0.9,0.8,0.8,53500
2019-03-25,0.8,0.9,0.7,0.9,339200
2019-03-26,0.9,0.9,0.8,0.8,15000
2019-03-27,0.8,0.9,0.8,0.9,42754
2019-03-28,0.9,0.9,0.8,0.8,84200
2019-03-29,0.9,0.9,0.8,0.8,23500
2019-04-01,0.8,0.9,0.8,0.8,12800
2019-04-02,0.8,0.9,0.8,0.8,76500
2019-04-03,0.8,0.9,0.8,0.8,47700
2019-04-04,0.9,0.9,0.8,0.9,46045
2019-04-05,0.9,0.9,0.8,0.8,66509
2019-04-08,0.9,0.9,0.7,0.8,89610
2019-04-09,0.8,0.8,0.7,0.8,76800
2019-04-10,0.8,0.8,0.7,0.8,81300
2019-04-11,0.8,0.8,0.7,0.8,36800
2019-04-12,0.8,0.8,0.7,0.8,1400
2019-04-16,0.8,0.8,0.7,0.8,34810
2019-04-17,0.7,0.9,0.7,0.8,168900
2019-04-18,0.9,0.9,0.7,0.7,1409100
2019-04-19,0.7,0.8,0.6,0.7,476010
2019-04-22,0.8,0.8,0.7,0.7,806000
2019-04-23,0.7,0.8,0.7,0.8,661400
2019-04-24,0.8,0.9,0.7,0.8,389040
2019-04-25,0.9,0.9,0.7,0.8,358300
2019-04-26,0.7,0.8,0.7,0.8,289100
2019-05-02,0.8,0.8,0.7,0.7,130600
2019-05-03,0.8,0.8,0.7,0.7,230221
2019-05-06,0.8,0.8,0.7,0.8,555129
2019-05-07,0.7,0.8,0.7,0.7,141505
2019-05-08,0.7,0.8,0.7,0.8,181927
2019-05-09,0.8,0.8,0.7,0.8,210600
2019-05-10,0.8,0.8,0.7,0.7,258600
2019-05-13,0.6,0.8,0.6,0.7,355311
2019-05-14,0.7,0.8,0.6,0.7,76300
2019-05-15,0.7,0.8,0.6,0.7,74900
2019-05-16,0.7,0.8,0.7,0.7,40806
2019-05-17,0.7,0.8,0.6,0.6,74710
2019-05-20,0.6,0.7,0.6,0.7,76700
2019-05-21,0.6,0.7,0.6,0.7,249000
2019-05-22,0.7,0.7,0.6,0.7,73200
2019-05-23,0.7,0.7,0.6,0.7,74100
2019-05-24,0.7,0.7,0.6,0.6,150400
2019-05-27,0.7,0.7,0.6,0.6,36200
2019-05-28,0.7,0.7,0.6,0.6,105625
2019-05-29,0.7,0.7,0.6,0.6,133220
2019-05-30,0.6,0.7,0.6,0.7,81200
2019-05-31,0.7,0.7,0.6,0.6,43600
2019-06-03,0.7,0.7,0.5,0.6,314900
2019-06-04,0.6,0.6,0.6,0.6,82805
2019-06-05,0.6,0.7,0.5,0.6,180710
2019-06-06,0.6,0.7,0.6,0.6,83800
2019-06-07,0.6,0.6,0.6,0.6,26010
2019-06-10,0.6,0.6,0.5,0.6,121715
2019-06-11,0.6,0.7,0.5,0.6,43900
2019-06-12,0.6,0.7,0.6,0.6,83400
2019-06-13,0.6,0.7,0.5,0.6,76700
2019-06-14,0.6,0.6,0.5,0.6,63200
2019-06-17,0.6,0.6,0.5,0.6,23700
2019-06-18,0.6,0.6,0.5,0.6,61800
2019-06-19,0.6,0.6,0.5,0.6,44100
2019-06-20,0.5,0.7,0.5,0.6,54208
2019-06-21,0.6,0.7,0.6,0.6,55400
2019-06-24,0.7,0.7,0.6,0.7,62500
2019-06-25,0.7,0.7,0.7,0.7,0
2019-06-26,0.7,0.7,0.7,0.7,0
2019-06-27,0.7,0.7,0.7,0.7,0
2019-06-28,0.6,0.6,0.6,0.6,33700
2019-07-01,0.6,0.6,0.6,0.6,0
2019-07-02,0.6,0.6,0.6,0.6,0
2019-07-03,0.6,0.6,0.6,0.6,0
2019-07-04,0.6,0.6,0.6,0.6,0
2019-07-05,0.5,0.6,0.5,0.5,846615
2019-07-08,0.5,0.5,0.5,0.5,0
2019-07-09,0.5,0.5,0.5,0.5,0
2019-07-10,0.5,0.5,0.5,0.5,0
2019-07-11,0.5,0.5,0.5,0.5,0
2019-07-12,0.5,0.6,0.5,0.6,163700
2019-07-15,0.6,0.6,0.6,0.6,0
2019-07-16,0.6,0.6,0.6,0.6,0
2019-07-17,0.6,0.6,0.6,0.6,0
2019-07-18,0.6,0.6,0.6,0.6,0
2019-07-19,0.6,0.6,0.5,0.5,184800
2019-07-22,0.5,0.5,0.5,0.5,0
2019-07-23,0.5,0.5,0.5,0.5,0
2019-07-24,0.5,0.5,0.5,0.5,0
2019-07-25,0.5,0.5,0.5,0.5,0
2019-07-26,0.6,0.6,0.5,0.5,150910
2019-07-29,0.5,0.5,0.5,0.5,0
2019-07-30,0.5,0.5,0.5,0.5,0
2019-07-31,0.5,0.5,0.5,0.5,0
2019-08-01,0.5,0.5,0.5,0.5,0
2019-08-02,0.5,0.6,0.4,0.4,90500
2019-08-05,0.4,0.4,0.4,0.4,0
2019-08-06,0.4,0.4,0.4,0.4,0
2019-08-07,0.4,0.4,0.4,0.4,0
2019-08-08,0.4,0.4,0.4,0.4,0
2019-08-09,0.5,0.5,0.4,0.4,125800
2019-08-12,0.4,0.4,0.4,0.4,0
2019-08-13,0.4,0.4,0.4,0.4,0
2019-08-14,0.4,0.4,0.4,0.4,0
2019-08-15,0.4,0.4,0.4,0.4,0
2019-08-16,0.5,0.5,0.4,0.5,54700
2019-08-19,0.5,0.5,0.5,0.5,0
2019-08-20,0.5,0.5,0.5,0.5,0
2019-08-21,0.5,0.5,0.5,0.5,0
2019-08-22,0.5,0.5,0.5,0.5,0
2019-08-23,0.4,0.5,0.4,0.5,89500
2019-08-26,0.5,0.5,0.5,0.5,0
2019-08-27,0.5,0.5,0.5,0.5,0
2019-08-28,0.5,0.5,0.5,0.5,0
2019-08-29,0.5,0.5,0.5,0.5,0
2019-08-30,0.5,0.6,0.4,0.6,347334
2019-09-03,0.7,0.7,0.6,0.7,251110
2019-09-04,0.7,0.7,0.6,0.6,120690
2019-09-05,0.7,0.7,0.5,0.6,206900
2019-09-06,0.6,0.6,0.5,0.6,52900
2019-09-09,0.6,0.6,0.5,0.5,31930
2019-09-10,0.5,0.6,0.5,0.6,70900
2019-09-11,0.6,0.6,0.5,0.6,57500
2019-09-12,0.6,0.6,0.5,0.6,57300
2019-09-13,0.6,0.6,0.5,0.5,5200
2019-09-16,0.6,0.6,0.5,0.5,100400
2019-09-17,0.6,0.6,0.5,0.6,47700
2019-09-18,0.6,0.6,0.5,0.5,99900
2019-09-19,0.6,0.6,0.5,0.5,23500
2019-09-20,0.5,0.6,0.5,0.5,15000
2019-09-23,0.5,0.6,0.5,0.6,218000
2019-09-24,0.6,0.6,0.5,0.5,37400
2019-09-25,0.5,0.6,0.5,0.6,2210
2019-09-26,0.5,0.6,0.5,0.5,22100
2019-09-27,0.6,0.6,0.5,0.5,136936
2019-09-30,0.6,0.6,0.5,0.6,300
2019-10-01,0.6,0.6,0.5,0.5,55300
2019-10-02,0.6,0.6,0.5,0.5,92700
2019-10-03,0.5,0.6,0.5,0.6,29400
2019-10-04,0.6,0.6,0.5,0.5,283110
2019-10-07,0.5,0.5,0.4,0.5,101830
2019-10-08,0.4,0.5,0.4,0.4,119200
2019-10-09,0.4,0.5,0.4,0.4,38600
2019-10-10,0.5,0.5,0.4,0.5,93300
2019-10-11,0.5,0.5,0.4,0.4,125000
2019-10-14,0.5,0.5,0.4,0.5,37120
2019-10-15,0.5,0.5,0.5,0.5,57310
2019-10-16,0.5,0.5,0.4,0.5,117944
2019-10-17,0.4,0.5,0.4,0.5,142300
2019-10-18,0.5,0.5,0.4,0.4,199200
2019-10-21,0.5,0.5,0.4,0.5,70706
2019-10-22,0.4,0.5,0.4,0.4,134600
2019-10-23,0.5,0.5,0.4,0.5,92010
2019-10-24,0.5,0.5,0.4,0.5,53900
2019-10-25,0.5,0.5,0.4,0.4,67028
2019-10-28,0.4,0.5,0.4,0.5,73900
2019-10-29,0.5,0.5,0.4,0.5,1000
2019-10-30,0.4,0.5,0.4,0.5,138975
2019-10-31,0.5,0.5,0.4,0.4,73706
2019-11-01,0.5,0.5,0.4,0.4,48700
2019-11-04,0.5,0.5,0.4,0.4,21803
2019-11-05,0.5,0.5,0.4,0.5,93100
2019-11-06,0.4,0.5,0.4,0.4,112618
2019-11-07,0.5,0.5,0.4,0.5,26324
2019-11-08,0.5,0.5,0.4,0.4,16500
2019-11-11,0.5,0.5,0.4,0.4,6500
2019-11-12,0.4,0.4,0.4,0.4,15200
2019-11-13,0.5,0.5,0.4,0.4,47540
2019-11-14,0.4,0.4,0.4,0.4,5100
2019-11-15,0.5,0.5,0.4,0.4,3300
2019-11-18,0.5,0.5,0.4,0.4,4200
2019-11-19,0.5,0.5,0.4,0.5,205500
2019-11-20,0.5,0.5,0.4,0.4,133100
2019-11-21,0.5,0.5,0.4,0.4,21610
2019-11-22,0.5,0.5,0.5,0.5,51200
2019-11-25,0.5,0.5,0.4,0.5,93800
2019-11-26,0.5,0.5,0.4,0.4,8500
2019-11-27,0.5,0.5,0.4,0.4,14100
2019-11-28,0.5,0.5,0.5,0.5,64910
2019-11-29,0.5,0.5,0.4,0.4,21500
2019-12-02,0.4,0.5,0.4,0.4,6300
2019-12-03,0.5,0.5,0.4,0.4,8100
2019-12-04,0.5,0.5,0.4,0.4,76800
2019-12-05,0.5,0.5,0.4,0.5,216400
2019-12-06,0.5,0.5,0.5,0.5,29600
2019-12-09,0.5,0.5,0.4,0.5,26200
2019-12-10,0.5,0.5,0.4,0.4,40610
2019-12-11,0.5,0.5,0.4,0.4,2410
2019-12-12,0.5,0.5,0.4,0.5,28200
2019-12-13,0.5,0.5,0.4,0.4,266535
2019-12-16,0.5,0.5,0.4,0.5,1710
2019-12-17,0.5,0.5,0.4,0.4,75300
2019-12-18,0.5,0.5,0.4,0.4,64300
2019-12-19,0.5,0.5,0.4,0.5,507
2019-12-20,0.5,0.5,0.4,0.4,129600
2019-12-23,0.5,0.5,0.4,0.4,163800
2019-12-24,0.5,0.5,0.4,0.4,152200
2019-12-25,0.5,0.5,0.4,0.4,3500
2019-12-26,0.4,0.5,0.3,0.4,317000
2019-12-27,0.5,0.5,0.3,0.5,61800
2019-12-30,0.4,0.5,0.4,0.4,45400
2019-12-31,0.5,0.5,0.3,0.5,49226
2020-01-02,0.5,0.5,0.4,0.4,10800
2020-01-03,0.5,0.5,0.4,0.4,47500
2020-01-06,0.4,0.5,0.3,0.4,113500
2020-01-07,0.5,0.5,0.3,0.4,151403
2020-01-08,0.5,0.5,0.4,0.4,129200
2020-01-09,0.5,0.5,0.4,0.5,122800
2020-01-10,0.5,0.5,0.4,0.4,15400
2020-01-13,0.5,0.5,0.4,0.4,74400
2020-01-14,0.5,0.5,0.4,0.4,4600
2020-01-15,0.4,0.5,0.4,0.4,73600
2020-01-16,0.5,0.5,0.4,0.4,163500
2020-01-17,0.5,0.5,0.4,0.4,288225
2020-01-20,0.5,0.5,0.5,0.5,552500
2020-01-21,0.5,0.5,0.4,0.4,171700
2020-01-22,0.5,0.5,0.4,0.5,212700
2020-01-30,0.6,0.6,0.4,0.5,159310
2020-01-31,0.4,0.6,0.4,0.5,132900
2020-02-03,0.4,0.5,0.4,0.5,110300
2020-02-04,0.5,0.5,0.4,0.4,42800
2020-02-05,0.4,0.5,0.4,0.5,317300
2020-02-06,0.4,0.6,0.4,0.5,432620
2020-02-07,0.4,0.5,0.4,0.4,189100
2020-02-10,0.4,0.5,0.4,0.4,215100
2020-02-11,0.5,0.5,0.4,0.5,181010
2020-02-12,0.4,0.6,0.4,0.5,84400
2020-02-13,0.4,0.6,0.4,0.5,158500
2020-02-14,0.5,0.6,0.4,0.5,120020
2020-02-17,0.5,0.6,0.5,0.5,42316
2020-02-18,0.5,0.6,0.5,0.5,60600
2020-02-19,0.6,0.6,0.4,0.5,58700
2020-02-20,0.6,0.6,0.5,0.5,82710
2020-02-21,0.5,0.6,0.5,0.5,51900
2020-02-24,0.5,0.6,0.5,0.5,344000
2020-02-25,0.6,0.6,0.5,0.5,5400
2020-02-26,0.5,0.6,0.5,0.5,62200
2020-02-27,0.6,0.6,0.5,0.5,42300
2020-02-28,0.5,0.6,0.5,0.6,59700
2020-03-02,0.5,0.6,0.5,0.5,188300
2020-03-03,0.4,0.5,0.4,0.5,554916
2020-03-04,0.5,0.5,0.5,0.5,113910
2020-03-05,0.5,0.6,0.4,0.5,348410
2020-03-06,0.5,0.5,0.4,0.5,71800
2020-03-09,0.5,0.5,0.4,0.4,176500
2020-03-10,0.4,0.5,0.4,0.5,135800
2020-03-11,0.5,0.5,0.4,0.5,7300
2020-03-12,0.5,0.5,0.4,0.4,446900
2020-03-13,0.5,0.5,0.4,0.5,23200
2020-03-16,0.5,0.5,0.4,0.5,66300
2020-03-17,0.5,0.5,0.5,0.5,22400
2020-03-18,0.5,0.5,0.4,0.4,28000
2020-03-19,0.4,0.5,0.4,0.5,49426
2020-03-20,0.5,0.5,0.5,0.5,20500
2020-03-23,0.5,0.5,0.4,0.4,242930
2020-03-24,0.4,0.5,0.3,0.4,97100
2020-03-25,0.5,0.5,0.4,0.4,18800
2020-03-26,0.5,0.5,0.4,0.5,3336
2020-03-27,0.5,0.5,0.4,0.4,35200
2020-03-30,0.3,0.5,0.3,0.4,143000
2020-03-31,0.3,0.4,0.3,0.3,30500
2020-04-01,0.3,0.4,0.3,0.3,25200
2020-04-03,0.3,0.4,0.3,0.4,15900
2020-04-06,0.4,0.4,0.3,0.3,96500
2020-04-07,0.4,0.4,0.4,0.4,6000
2020-04-08,0.4,0.4,0.3,0.3,11700
2020-04-09,0.4,0.4,0.3,0.4,10500
2020-04-10,0.3,0.4,0.3,0.4,8000
2020-04-13,0.4,0.4,0.3,0.3,204810
2020-04-14,0.3,0.4,0.3,0.4,70700
2020-04-15,0.4,0.4,0.4,0.4,20500
2020-04-16,0.4,0.4,0.3,0.4,207800
2020-04-17,0.4,0.4,0.3,0.4,84130
2020-04-20,0.4,0.4,0.3,0.3,154810
2020-04-21,0.4,0.4,0.3,0.4,249700
2020-04-22,0.4,0.4,0.3,0.4,9166
2020-04-23,0.3,0.4,0.3,0.4,65510
2020-04-24,0.4,0.4,0.3,0.4,14700
2020-04-27,0.4,0.5,0.3,0.4,172210
2020-04-28,0.5,0.5,0.3,0.4,57300
2020-04-29,0.3,0.5,0.3,0.5,29610
2020-05-04,0.4,0.5,0.4,0.4,133700
2020-05-05,0.4,0.4,0.3,0.4,33300
2020-05-06,0.4,0.5,0.3,0.4,196900
2020-05-07,0.3,0.5,0.3,0.4,36510
2020-05-08,0.4,0.4,0.3,0.4,29100
2020-05-11,0.3,0.4,0.3,0.4,61500
2020-05-12,0.4,0.5,0.4,0.4,144700
2020-05-13,0.4,0.4,0.4,0.4,22210
2020-05-14,0.3,0.4,0.3,0.4,2800
2020-05-15,0.3,0.4,0.3,0.4,11400
2020-05-18,0.4,0.4,0.3,0.4,40000
2020-05-19,0.3,0.4,0.3,0.4,9230
2020-05-20,0.3,0.4,0.3,0.4,78400
2020-05-21,0.3,0.4,0.3,0.3,77400
2020-05-22,0.4,0.4,0.4,0.4,6310
2020-05-25,0.3,0.4,0.3,0.4,41900
2020-05-26,0.4,0.4,0.4,0.4,8300
2020-05-27,0.4,0.4,0.3,0.4,20600
2020-05-28,0.3,0.4,0.3,0.3,21200
2020-05-29,0.3,0.4,0.3,0.4,104121
2020-06-01,0.4,0.4,0.3,0.4,90000
2020-06-02,0.4,0.5,0.4,0.4,218300
2020-06-03,0.3,0.4,0.3,0.4,12402
2020-06-04,0.3,0.4,0.3,0.4,25039
2020-06-05,0.3,0.5,0.3,0.4,420000
2020-06-08,0.5,0.5,0.4,0.5,130709
2020-06-09,0.5,0.5,0.4,0.5,235130
2020-06-10,0.5,0.6,0.5,0.6,1073432
2020-06-11,0.7,0.7,0.7,0.7,252820
2020-06-12,0.8,0.8,0.6,0.7,1196300
2020-06-15,0.6,0.7,0.6,0.6,847042
2020-06-16,0.7,0.7,0.6,0.7,774844
2020-06-17,0.8,0.8,0.7,0.8,1589234
2020-06-18,0.9,0.9,0.8,0.9,1286728
2020-06-19,0.9,0.9,0.8,0.8,193590
2020-06-22,0.8,0.9,0.7,0.8,325940
2020-06-23,0.8,0.8,0.7,0.7,822610
2020-06-24,0.6,0.8,0.6,0.6,819060
2020-06-25,0.6,0.7,0.5,0.7,1037940
2020-06-26,0.7,0.7,0.6,0.7,691710
2020-06-29,0.7,0.7,0.6,0.6,486210
2020-06-30,0.6,0.7,0.5,0.7,828600
2020-07-01,0.6,0.7,0.6,0.6,97110
2020-07-02,0.6,0.7,0.5,0.6,497710
2020-07-03,0.6,0.6,0.5,0.6,23101
2020-07-06,0.6,0.7,0.5,0.5,172370
2020-07-07,0.6,0.6,0.6,0.6,219130
2020-07-08,0.7,0.7,0.6,0.6,548700
2020-07-09,0.6,0.7,0.5,0.6,166121
2020-07-10,0.7,0.7,0.6,0.7,112400
2020-07-13,0.7,0.7,0.6,0.7,571410
2020-07-14,0.7,0.7,0.6,0.7,114830
2020-07-15,0.6,0.7,0.6,0.6,272248
2020-07-16,0.7,0.7,0.6,0.6,70910
2020-07-17,0.7,0.7,0.5,0.5,84900
2020-07-20,0.6,0.6,0.5,0.6,84400
2020-07-21,0.6,0.6,0.5,0.6,282100
2020-07-22,0.6,0.6,0.5,0.5,154010
2020-07-23,0.6,0.6,0.5,0.6,124210
2020-07-24,0.6,0.6,0.5,0.5,790550
2020-07-27,0.5,0.6,0.5,0.5,385932
2020-07-28,0.5,0.6,0.5,0.5,29674
2020-07-29,0.6,0.6,0.5,0.5,359500
2020-07-30,0.6,0.6,0.5,0.5,315700
2020-07-31,0.5,0.6,0.5,0.6,87609
2020-08-03,0.5,0.6,0.5,0.5,18300
2020-08-04,0.5,0.6,0.5,0.6,1135800
2020-08-05,0.7,0.7,0.7,0.7,571329
2020-08-06,0.8,0.8,0.6,0.8,694650
2020-08-07,0.7,0.8,0.7,0.7,560112
2020-08-10,0.7,0.7,0.6,0.6,882900
2020-08-11,0.6,0.7,0.6,0.6,382000
2020-08-12,0.6,0.7,0.6,0.6,42900
2020-08-13,0.6,0.7,0.6,0.6,598409
2020-08-14,0.6,0.6,0.5,0.6,381800
2020-08-17,0.6,0.6,0.5,0.5,112500
2020-08-18,0.5,0.6,0.5,0.6,218000
2020-08-19,0.6,0.6,0.5,0.6,211600
2020-08-20,0.6,0.7,0.5,0.6,553520
2020-08-21,0.6,0.7,0.6,0.6,297500
2020-08-24,0.7,0.7,0.6,0.7,253400
2020-08-25,0.7,0.7,0.6,0.6,185200
2020-08-26,0.7,0.7,0.5,0.6,301811
2020-08-27,0.7,0.7,0.5,0.6,119230
2020-08-28,0.6,0.7,0.5,0.6,255420
2020-08-31,0.6,0.7,0.5,0.6,202046
2020-09-01,0.7,0.7,0.5,0.6,111600
2020-09-03,0.6,0.7,0.5,0.5,343300
2020-09-04,0.6,0.6,0.5,0.6,143677
2020-09-07,0.7,0.7,0.6,0.6,76112
2020-09-08,0.7,0.7,0.5,0.6,149700
2020-09-09,0.7,0.7,0.6,0.6,474700
2020-09-10,0.7,0.7,0.6,0.7,1325110
2020-09-11,0.7,0.8,0.6,0.6,894419
2020-09-14,0.6,0.7,0.6,0.7,243431
2020-09-15,0.7,0.8,0.6,0.8,800104
2020-09-16,0.8,0.8,0.7,0.7,527210
2020-09-17,0.7,0.8,0.7,0.7,254570
2020-09-18,0.7,0.8,0.7,0.7,133423
2020-09-21,0.7,0.7,0.6,0.6,152010
2020-09-22,0.7,0.7,0.6,0.7,52240
2020-09-23,0.6,0.7,0.6,0.7,65276
2020-09-24,0.6,0.7,0.6,0.6,57420
2020-09-25,0.7,0.7,0.6,0.7,38730
2020-09-28,0.7,0.7,0.6,0.6,101010
2020-09-29,0.6,0.7,0.6,0.7,463619
2020-09-30,0.7,0.7,0.6,0.6,113019
2020-10-01,0.6,0.7,0.6,0.7,98900
2020-10-02,0.7,0.7,0.6,0.6,115900
2020-10-05,0.6,0.6,0.6,0.6,0
2020-10-06,0.6,0.6,0.6,0.6,0
2020-10-07,0.6,0.6,0.6,0.6,0
2020-10-08,0.6,0.6,0.6,0.6,0
2020-10-09,0.6,0.6,0.5,0.6,1111000
2020-10-12,0.6,0.6,0.6,0.6,0
2020-10-13,0.6,0.6,0.6,0.6,0
2020-10-14,0.6,0.6,0.6,0.6,0
2020-10-15,0.6,0.6,0.6,0.6,0
2020-10-16,0.5,0.6,0.5,0.5,719300
2020-10-19,0.5,0.5,0.5,0.5,0
2020-10-20,0.5,0.5,0.5,0.5,0
2020-10-21,0.5,0.5,0.5,0.5,0
2020-10-22,0.5,0.5,0.5,0.5,0
2020-10-23,0.5,0.6,0.4,0.5,349800
2020-10-26,0.5,0.5,0.5,0.5,0
2020-10-27,0.5,0.5,0.5,0.5,0
2020-10-28,0.5,0.5,0.5,0.5,0
2020-10-29,0.5,0.5,0.5,0.5,0
2020-10-30,0.5,0.6,0.4,0.5,351300
2020-11-02,0.5,0.5,0.5,0.5,0
2020-11-03,0.5,0.5,0.5,0.5,0
2020-11-04,0.5,0.5,0.5,0.5,0
2020-11-05,0.5,0.5,0.5,0.5,0
2020-11-06,0.5,0.5,0.4,0.5,437900
2020-11-09,0.5,0.5,0.5,0.5,0
2020-11-10,0.5,0.5,0.5,0.5,0
2020-11-11,0.5,0.5,0.5,0.5,0
2020-11-12,0.5,0.5,0.5,0.5,0
2020-11-13,0.5,0.5,0.4,0.5,222400
2020-11-16,0.5,0.5,0.5,0.5,0
2020-11-17,0.5,0.5,0.5,0.5,0
2020-11-18,0.5,0.5,0.5,0.5,0
2020-11-19,0.5,0.5,0.5,0.5,0
2020-11-20,0.5,0.5,0.4,0.4,580700
2020-11-23,0.4,0.4,0.4,0.4,0
2020-11-24,0.4,0.4,0.4,0.4,0
2020-11-25,0.4,0.4,0.4,0.4,0
2020-11-26,0.4,0.4,0.4,0.4,0
2020-11-27,0.4,0.5,0.4,0.4,657800
2020-11-30,0.4,0.4,0.4,0.4,0
2020-12-01,0.4,0.4,0.4,0.4,0
2020-12-02,0.4,0.4,0.4,0.4,0
2020-12-03,0.4,0.4,0.4,0.4,0
2020-12-04,0.5,0.5,0.3,0.4,727500
2020-12-07,0.4,0.4,0.4,0.4,0
2020-12-08,0.4,0.4,0.4,0.4,0
2020-12-09,0.4,0.4,0.4,0.4,0
2020-12-10,0.4,0.4,0.4,0.4,0
2020-12-11,0.4,0.5,0.3,0.5,406600
2020-12-14,0.5,0.5,0.5,0.5,0
2020-12-15,0.5,0.5,0.5,0.5,0
2020-12-16,0.5,0.5,0.5,0.5,0
2020-12-17,0.5,0.5,0.5,0.5,0
2020-12-18,0.4,0.6,0.4,0.4,941500
2020-12-21,0.4,0.4,0.4,0.4,0
2020-12-22,0.4,0.4,0.4,0.4,0
2020-12-23,0.4,0.4,0.4,0.4,0
2020-12-24,0.4,0.4,0.4,0.4,0
2020-12-25,0.4,0.5,0.4,0.5,879100
2020-12-28,0.5,0.5,0.5,0.5,0
2020-12-29,0.5,0.5,0.5,0.5,0
2020-12-30,0.5,0.5,0.5,0.5,0
2020-12-31,0.5,0.5,0.5,0.5,0
2021-01-04,0.5,0.5,0.5,0.5,0
2021-01-05,0.5,0.5,0.5,0.5,0
2021-01-06,0.5,0.5,0.5,0.5,0
2021-01-07,0.5,0.5,0.5,0.5,0
2021-01-08,0.5,0.6,0.4,0.5,644600
2021-01-11,0.5,0.5,0.5,0.5,0
2021-01-12,0.5,0.5,0.5,0.5,0
2021-01-13,0.5,0.5,0.5,0.5,0
2021-01-14,0.5,0.5,0.5,0.5,0
2021-01-15,0.5,0.6,0.5,0.6,1588736
2021-01-18,0.6,0.6,0.6,0.6,0
2021-01-19,0.6,0.6,0.6,0.6,0
2021-01-20,0.6,0.6,0.6,0.6,0
2021-01-21,0.6,0.6,0.6,0.6,0
2021-01-22,0.7,0.7,0.7,0.7,711000
2021-01-25,0.7,0.7,0.7,0.7,0
2021-01-26,0.7,0.7,0.7,0.7,0
2021-01-27,0.7,0.7,0.7,0.7,0
2021-01-28,0.7,0.7,0.7,0.7,0
2021-01-29,0.6,0.7,0.6,0.7,783540
2021-02-01,0.7,0.7,0.7,0.7,0
2021-02-02,0.7,0.7,0.7,0.7,0
2021-02-03,0.7,0.7,0.7,0.7,0
2021-02-04,0.7,0.7,0.7,0.7,0
2021-02-05,0.7,0.7,0.6,0.7,220600
2021-02-08,0.7,0.7,0.7,0.7,0
2021-02-09,0.7,0.7,0.7,0.7,0
2021-02-17,0.7,0.7,0.7,0.7,0
2021-02-18,0.7,0.7,0.7,0.7,0
2021-02-19,0.6,0.8,0.6,0.7,183400
2021-02-22,0.7,0.7,0.7,0.7,0
2021-02-23,0.7,0.7,0.7,0.7,0
2021-02-24,0.7,0.7,0.7,0.7,0
2021-02-25,0.7,0.7,0.7,0.7,0
2021-02-26,0.7,0.7,0.6,0.6,1161210
2021-03-01,0.6,0.6,0.6,0.6,0
2021-03-02,0.6,0.6,0.6,0.6,0
2021-03-03,0.6,0.6,0.6,0.6,0
2021-03-04,0.6,0.6,0.6,0.6,0
2021-03-05,0.6,0.7,0.6,0.6,1166916
2021-03-08,0.6,0.6,0.6,0.6,0
2021-03-09,0.6,0.6,0.6,0.6,0
2021-03-10,0.6,0.6,0.6,0.6,0
2021-03-11,0.6,0.6,0.6,0.6,0
2021-03-12,0.7,0.7,0.6,0.6,685700
2021-03-15,0.6,0.6,0.6,0.6,0
2021-03-16,0.6,0.6,0.6,0.6,0
2021-03-17,0.6,0.6,0.6,0.6,0
2021-03-18,0.6,0.6,0.6,0.6,0
2021-03-19,0.6,0.7,0.5,0.6,763001
2021-03-22,0.6,0.6,0.6,0.6,0
2021-03-23,0.6,0.6,0.6,0.6,0
2021-03-24,0.6,0.6,0.6,0.6,0
2021-03-25,0.6,0.6,0.6,0.6,0
2021-03-26,0.6,0.7,0.6,0.6,556416
2021-03-29,0.6,0.6,0.6,0.6,0
2021-03-30,0.6,0.6,0.6,0.6,0
2021-03-31,0.6,0.6,0.6,0.6,0
2021-04-01,0.6,0.6,0.6,0.6,0
2021-04-02,0.6,0.7,0.6,0.7,1311834
2021-04-05,0.7,0.7,0.7,0.7,0
2021-04-06,0.7,0.7,0.7,0.7,0
2021-04-07,0.7,0.7,0.7,0.7,0
2021-04-08,0.7,0.7,0.7,0.7,0
2021-04-09,0.7,0.7,0.7,0.7,0
2021-04-12,0.7,0.7,0.7,0.7,0
2021-04-13,0.7,0.7,0.7,0.7,0
2021-04-14,0.7,0.7,0.7,0.7,0
2021-04-15,0.7,0.7,0.7,0.7,0
2021-04-16,0.7,0.7,0.7,0.7,0
2021-04-19,0.7,0.7,0.7,0.7,0
2021-04-20,0.7,0.7,0.7,0.7,0
2021-04-22,0.7,0.7,0.7,0.7,0
2021-04-23,0.7,0.7,0.7,0.7,0
2021-04-26,0.7,0.7,0.7,0.7,0
2021-04-27,0.7,0.7,0.7,0.7,0
2021-04-28,0.7,0.7,0.7,0.7,0
2021-04-29,0.7,0.7,0.7,0.7,0
2021-05-04,0.7,0.7,0.7,0.7,0
2021-05-05,0.7,0.7,0.7,0.7,0
2021-05-06,0.7,0.7,0.7,0.7,0
2021-05-07,0.7,0.7,0.7,0.7,0
2021-05-10,0.7,0.7,0.7,0.7,0
2021-05-11,0.7,0.7,0.7,0.7,0
2021-05-12,0.7,0.7,0.7,0.7,0
2021-05-13,0.7,0.7,0.7,0.7,0
2021-05-14,0.7,0.7,0.7,0.7,0
2021-05-17,0.7,0.7,0.7,0.7,0
2021-05-18,0.7,0.7,0.7,0.7,0
2021-05-19,0.7,0.7,0.7,0.7,0
2021-05-20,0.7,0.7,0.7,0.7,0
2021-05-21,0.7,0.7,0.7,0.7,0
2021-05-24,0.7,0.7,0.7,0.7,0
2021-05-25,0.7,0.7,0.7,0.7,0
2021-05-26,0.7,0.7,0.7,0.7,0
2021-05-27,0.7,0.7,0.7,0.7,0
2021-05-28,0.7,0.7,0.7,0.7,0
2021-05-31,0.7,0.7,0.7,0.7,0
2021-06-01,0.7,0.7,0.7,0.7,0
2021-06-02,0.7,0.7,0.7,0.7,0
2021-06-03,0.7,0.7,0.7,0.7,0
2021-06-04,0.7,0.7,0.7,0.7,0
2021-06-07,0.7,0.7,0.7,0.7,0
2021-06-08,0.7,0.7,0.7,0.7,0
2021-06-09,0.7,0.7,0.7,0.7,0
2021-06-10,0.7,0.7,0.7,0.7,0
2021-06-11,0.7,0.7,0.7,0.7,0
2021-06-14,0.7,0.7,0.7,0.7,0
2021-06-15,0.7,0.7,0.7,0.7,0
2021-06-16,0.7,0.7,0.7,0.7,0
2021-06-17,0.7,0.7,0.7,0.7,0
2021-06-18,0.7,0.7,0.7,0.7,0
2021-06-21,0.7,0.7,0.7,0.7,0
2021-06-22,0.7,0.7,0.7,0.7,0
2021-06-23,0.7,0.7,0.7,0.7,0
2021-07-02,0.9,0.9,0.9,0.9,714100
2021-07-05,0.9,0.9,0.9,0.9,0
2021-07-06,0.9,0.9,0.9,0.9,0
2021-07-07,0.9,0.9,0.9,0.9,0
2021-07-08,0.9,0.9,0.9,0.9,0
2021-07-09,1.0,1.0,1.0,1.0,91210
2021-07-12,1.0,1.0,1.0,1.0,0
2021-07-13,1.0,1.0,1.0,1.0,0
2021-07-14,1.0,1.0,1.0,1.0,0
2021-07-15,1.0,1.0,1.0,1.0,0
2021-07-16,1.1,1.1,1.1,1.1,992908
2021-07-19,1.1,1.1,1.1,1.1,0
2021-07-20,1.1,1.1,1.1,1.1,0
2021-07-21,1.1,1.1,1.1,1.1,0
2021-07-22,1.1,1.1,1.1,1.1,0
2021-07-23,1.2,1.2,1.2,1.2,328600
2021-07-26,1.2,1.2,1.2,1.2,0
2021-07-27,1.2,1.2,1.2,1.2,0
2021-07-28,1.2,1.2,1.2,1.2,0
2021-07-29,1.2,1.2,1.2,1.2,0
2021-07-30,1.3,1.3,1.3,1.3,190700
2021-08-02,1.3,1.3,1.3,1.3,0
2021-08-03,1.3,1.3,1.3,1.3,0
2021-08-04,1.3,1.3,1.3,1.3,0
2021-08-05,1.3,1.3,1.3,1.3,0
2021-08-06,1.4,1.4,1.4,1.4,222100
2021-08-09,1.4,1.4,1.4,1.4,0
2021-08-10,1.4,1.4,1.4,1.4,0
2021-08-11,1.4,1.4,1.4,1.4,0
2021-08-12,1.4,1.4,1.4,1.4,0
2021-08-13,1.5,1.6,1.5,1.6,694900
2021-08-16,1.6,1.6,1.6,1.6,0
2021-08-17,1.6,1.6,1.6,1.6,0
2021-08-18,1.6,1.6,1.6,1.6,0
2021-08-19,1.6,1.6,1.6,1.6,0
2021-08-20,1.8,1.8,1.5,1.7,5898111
2021-08-23,1.8,1.7,1.7,1.7,0
2021-08-24,1.8,1.7,1.7,1.7,0
2021-08-25,1.8,1.7,1.7,1.7,0
2021-08-26,1.8,1.7,1.7,1.7,0
2021-08-27,1.7,1.7,1.6,1.6,774910
2021-08-30,1.6,1.6,1.6,1.6,0
2021-08-31,1.6,1.6,1.6,1.6,0
2021-09-01,1.6,1.6,1.6,1.6,0
2021-09-06,1.6,1.6,1.6,1.6,0
2021-09-07,1.6,1.6,1.6,1.6,0
2021-09-08,1.6,1.6,1.6,1.6,0
2021-09-09,1.6,1.6,1.6,1.6,0
2021-09-10,1.6,1.8,1.5,1.8,1046945
2021-09-13,1.7,1.7,1.7,1.7,0
2021-09-14,1.7,1.7,1.7,1.7,0
2021-09-15,1.7,1.7,1.7,1.7,0
2021-09-16,1.7,1.7,1.7,1.7,0
2021-09-17,1.9,1.9,1.9,1.9,207210
2021-09-20,1.9,1.9,1.9,1.9,0
2021-09-21,1.9,1.9,1.9,1.9,0
2021-09-22,1.9,1.9,1.9,1.9,0
2021-09-23,1.9,1.9,1.9,1.9,0
2021-09-24,2.1,2.1,2.1,2.1,229710
2021-09-27,2.1,2.1,2.1,2.1,0
2021-09-28,2.1,2.1,2.1,2.1,0
2021-09-29,2.1,2.1,2.1,2.1,0
2021-09-30,2.1,2.1,2.1,2.1,0
2021-10-01,2.4,2.4,2.3,2.4,2508735
2021-10-04,2.4,2.4,2.4,2.4,0
2021-10-05,2.4,2.4,2.4,2.4,0
2021-10-06,2.4,2.4,2.4,2.4,0
2021-10-07,2.4,2.4,2.4,2.4,0
2021-10-08,2.7,2.7,2.5,2.7,2135527
2021-10-11,2.7,2.7,2.7,2.7,0
2021-10-12,2.7,2.7,2.7,2.7,0
2021-10-13,2.7,2.7,2.7,2.7,0
2021-10-14,2.7,2.7,2.7,2.7,0
2021-10-15,3.1,3.1,3.0,3.1,2126200
2021-10-18,3.1,3.1,3.1,3.1,0
2021-10-19,3.1,3.1,3.1,3.1,0
2021-10-20,3.1,3.1,3.1,3.1,0
2021-10-21,3.1,3.1,3.1,3.1,0
2021-10-22,3.4,3.5,3.4,3.5,2638249
2021-10-25,3.5,3.5,3.5,3.5,0
2021-10-26,3.5,3.5,3.5,3.5,0
2021-10-27,3.5,3.5,3.5,3.5,0
2021-10-28,3.5,3.5,3.5,3.5,0
2021-10-29,4.0,4.0,3.5,4.0,1184081
2021-11-01,4.0,4.0,4.0,4.0,0
2021-11-02,4.0,4.0,4.0,4.0,0
2021-11-03,4.0,4.0,4.0,4.0,0
2021-11-04,4.0,4.0,4.0,4.0,0
2021-11-05,4.6,4.6,3.8,4.5,2293115
2021-11-08,4.3,4.3,4.3,4.3,0
2021-11-09,4.3,4.3,4.3,4.3,0
2021-11-10,4.3,4.3,4.3,4.3,0
2021-11-11,4.3,4.3,4.3,4.3,0
2021-11-12,4.5,4.6,3.7,3.9,2596324
2021-11-15,4.0,4.0,4.0,4.0,0
2021-11-16,4.0,4.0,4.0,4.0,0
2021-11-17,4.0,4.0,4.0,4.0,0
2021-11-18,4.0,4.0,4.0,4.0,0
2021-11-19,4.1,4.3,3.5,3.9,2072800
2021-11-22,4.0,4.0,4.0,4.0,0
2021-11-23,4.0,4.0,4.0,4.0,0
2021-11-24,4.0,4.0,4.0,4.0,0
2021-11-25,4.0,4.0,4.0,4.0,0
2021-11-26,4.0,4.1,3.7,3.9,1869255
2021-11-29,3.9,3.9,3.9,3.9,0
2021-11-30,3.9,3.9,3.9,3.9,0
2021-12-01,3.9,3.9,3.9,3.9,0
2021-12-02,3.9,3.9,3.9,3.9,0
2021-12-03,3.9,4.0,3.4,3.5,1905900
2021-12-06,3.6,3.6,3.6,3.6,0
2021-12-07,3.6,3.6,3.6,3.6,0
2021-12-08,3.6,3.6,3.6,3.6,0
2021-12-09,3.6,3.6,3.6,3.6,0
2021-12-10,3.5,3.5,3.1,3.1,949400
2021-12-13,3.1,3.1,3.1,3.1,0
2021-12-14,3.1,3.1,3.1,3.1,0
2021-12-15,3.1,3.1,3.1,3.1,0
2021-12-16,3.1,3.1,3.1,3.1,0
2021-12-17,3.1,3.1,2.7,2.7,1934800
2021-12-20,2.7,2.7,2.7,2.7,0
2021-12-21,2.7,2.7,2.7,2.7,0
2021-12-22,2.7,2.7,2.7,2.7,0
2021-12-23,2.7,2.7,2.7,2.7,0
2021-12-24,2.7,2.7,2.3,2.4,870150
2021-12-27,2.5,2.5,2.5,2.5,0
2021-12-28,2.5,2.5,2.5,2.5,0
2021-12-29,2.5,2.5,2.5,2.5,0
2021-12-30,2.5,2.5,2.5,2.5,0
2021-12-31,2.4,2.8,2.3,2.8,893900
2022-01-04,2.7,2.7,2.7,2.7,0
2022-01-05,2.7,2.7,2.7,2.7,0
2022-01-06,2.7,2.7,2.7,2.7,0
2022-01-07,3.1,3.1,2.9,3.1,399500
2022-01-10,3.1,3.1,3.1,3.1,0
2022-01-11,3.1,3.1,3.1,3.1,0
2022-01-12,3.1,3.1,3.1,3.1,0
2022-01-13,3.1,3.1,3.1,3.1,0
2022-01-14,2.7,3.5,2.7,2.9,1008900
2022-01-17,2.9,2.9,2.9,2.9,0
2022-01-18,2.9,2.9,2.9,2.9,0
2022-01-19,2.9,2.9,2.9,2.9,0
2022-01-20,2.9,2.9,2.9,2.9,0
2022-01-21,3.1,3.3,2.8,3.0,774100
2022-01-24,3.0,3.0,3.0,3.0,0
2022-01-25,3.0,3.0,3.0,3.0,0
2022-01-26,3.0,3.0,3.0,3.0,0
2022-01-27,3.0,3.0,3.0,3.0,0
2022-01-28,3.0,3.0,2.6,2.6,268500
2022-02-07,2.7,2.7,2.7,2.7,0
2022-02-08,2.7,2.7,2.7,2.7,0
2022-02-09,2.7,2.7,2.7,2.7,0
2022-02-10,2.7,2.7,2.7,2.7,0
2022-02-11,2.5,2.8,2.5,2.5,431400
2022-02-14,2.5,2.5,2.5,2.5,0
2022-02-15,2.5,2.5,2.5,2.5,0
2022-02-16,2.5,2.5,2.5,2.5,0
2022-02-17,2.5,2.5,2.5,2.5,0
2022-02-18,2.5,2.7,2.5,2.7,352600
2022-02-21,2.6,2.6,2.6,2.6,0
2022-02-22,2.6,2.6,2.6,2.6,0
2022-02-23,2.6,2.6,2.6,2.6,0
2022-02-24,2.6,2.6,2.6,2.6,0
2022-02-25,2.7,2.7,2.4,2.6,912483
2022-02-28,2.5,2.5,2.5,2.5,0
2022-03-01,2.5,2.5,2.5,2.5,0
2022-03-02,2.5,2.5,2.5,2.5,0
2022-03-03,2.5,2.5,2.5,2.5,0
2022-03-04,2.6,2.6,2.4,2.6,908932
2022-03-07,2.5,2.5,2.5,2.5,0
2022-03-08,2.5,2.5,2.5,2.5,0
2022-03-09,2.5,2.5,2.5,2.5,0
2022-03-10,2.5,2.5,2.5,2.5,0
2022-03-11,2.6,2.7,2.5,2.6,1037801
2022-03-14,2.6,2.6,2.6,2.6,0
2022-03-15,2.6,2.6,2.6,2.6,0
2022-03-16,2.6,2.6,2.6,2.6,0
2022-03-17,2.6,2.6,2.6,2.6,0
2022-03-18,2.6,2.6,2.4,2.5,548599
2022-03-21,2.5,2.5,2.5,2.5,0
2022-03-22,2.5,2.5,2.5,2.5,0
2022-03-23,2.5,2.5,2.5,2.5,0
2022-03-24,2.5,2.5,2.5,2.5,0
2022-03-25,2.5,2.8,2.4,2.7,1320698
2022-03-28,2.6,2.6,2.6,2.6,0
2022-03-29,2.6,2.6,2.6,2.6,0
2022-03-30,2.6,2.6,2.6,2.6,0
2022-03-31,2.6,2.6,2.6,2.6,0
2022-04-01,2.6,2.7,2.5,2.6,341653
2022-04-04,2.5,2.5,2.5,2.5,0
2022-04-05,2.5,2.5,2.5,2.5,0
2022-04-06,2.5,2.5,2.5,2.5,0
2022-04-07,2.5,2.5,2.5,2.5,0
2022-04-08,2.4,2.6,2.3,2.3,175330
2022-04-12,2.4,2.4,2.4,2.4,0
2022-04-13,2.4,2.4,2.4,2.4,0
2022-04-14,2.4,2.4,2.4,2.4,0
2022-04-15,2.4,2.4,2.1,2.1,1005000
2022-04-18,2.1,2.1,2.1,2.1,0
2022-04-19,2.1,2.1,2.1,2.1,0
2022-04-20,2.1,2.1,2.1,2.1,0
2022-04-21,2.1,2.1,2.1,2.1,0
2022-04-22,2.0,2.0,1.8,1.8,1189700
2022-04-25,1.8,1.8,1.8,1.8,0
2022-04-26,1.8,1.8,1.8,1.8,0
2022-04-27,1.8,1.8,1.8,1.8,0
2022-04-28,1.8,1.8,1.8,1.8,0
2022-04-29,2.0,2.0,1.7,2.0,1034600
2022-05-04,1.8,1.8,1.8,1.8,0
2022-05-05,1.8,1.8,1.8,1.8,0
2022-05-06,1.9,2.0,1.8,2.0,424500
2022-05-09,2.0,2.0,2.0,2.0,0
2022-05-10,2.0,2.0,2.0,2.0,0
2022-05-11,2.0,2.0,2.0,2.0,0
2022-05-12,2.0,2.0,2.0,2.0,0
2022-05-13,2.0,2.2,1.9,2.0,308400
2022-05-16,2.0,2.0,2.0,2.0,0
2022-05-17,2.0,2.0,2.0,2.0,0
2022-05-18,2.0,2.0,2.0,2.0,0
2022-05-19,2.0,2.0,2.0,2.0,0
2022-05-20,2.0,2.0,1.8,2.0,338600
2022-05-23,1.9,1.9,1.9,1.9,0
2022-05-24,1.9,1.9,1.9,1.9,0
2022-05-25,1.9,1.9,1.9,1.9,0
2022-05-26,1.9,1.9,1.9,1.9,0
2022-05-27,2.0,2.0,1.7,1.7,747371
2022-05-30,1.7,1.7,1.7,1.7,0
2022-05-31,1.7,1.7,1.7,1.7,0
2022-06-01,1.7,1.7,1.7,1.7,0
2022-06-02,1.7,1.7,1.7,1.7,0
2022-06-03,1.6,1.7,1.5,1.5,573800
2022-06-06,1.5,1.5,1.5,1.5,0
2022-06-07,1.5,1.5,1.5,1.5,0
2022-06-08,1.5,1.5,1.5,1.5,0
2022-06-09,1.5,1.5,1.5,1.5,0
2022-06-10,1.5,1.5,1.3,1.3,403300
2022-06-13,1.3,1.3,1.3,1.3,0
2022-06-14,1.3,1.3,1.3,1.3,0
2022-06-15,1.3,1.3,1.3,1.3,0
2022-06-16,1.3,1.3,1.3,1.3,0
2022-06-17,1.3,1.3,1.2,1.2,171000
2022-06-20,1.2,1.2,1.2,1.2,0
2022-06-21,1.2,1.2,1.2,1.2,0
2022-06-22,1.2,1.2,1.2,1.2,0
2022-06-23,1.2,1.2,1.2,1.2,0
2022-06-24,1.2,1.3,1.1,1.1,410759
2022-06-27,1.1,1.1,1.1,1.1,0
2022-06-28,1.1,1.1,1.1,1.1,0
2022-06-29,1.1,1.1,1.1,1.1,0
2022-06-30,1.1,1.1,1.1,1.1,0
2022-07-01,1.1,1.1,1.0,1.1,296600
2022-07-04,1.0,1.0,1.0,1.0,0
2022-07-05,1.0,1.0,1.0,1.0,0
2022-07-06,1.0,1.0,1.0,1.0,0
2022-07-07,1.0,1.0,1.0,1.0,0
2022-07-08,1.0,1.1,1.0,1.1,172211
2022-07-11,1.1,1.1,1.1,1.1,0
2022-07-12,1.1,1.1,1.1,1.1,0
2022-07-13,1.1,1.1,1.1,1.1,0
2022-07-14,1.1,1.1,1.1,1.1,0
2022-07-15,1.2,1.2,1.2,1.2,108500
2022-07-18,1.2,1.2,1.2,1.2,0
2022-07-19,1.2,1.2,1.2,1.2,0
2022-07-20,1.2,1.2,1.2,1.2,0
2022-07-21,1.2,1.2,1.2,1.2,0
2022-07-22,1.3,1.3,1.3,1.3,60148
2022-07-25,1.3,1.3,1.3,1.3,0
2022-07-26,1.3,1.3,1.3,1.3,0
2022-07-27,1.3,1.3,1.3,1.3,0
2022-07-28,1.3,1.3,1.3,1.3,0
2022-07-29,1.4,1.4,1.4,1.4,3600
2022-08-01,1.4,1.4,1.4,1.4,0
2022-08-02,1.4,1.4,1.4,1.4,0
2022-08-03,1.4,1.4,1.4,1.4,0
2022-08-04,1.4,1.4,1.4,1.4,0
2022-08-05,1.6,1.6,1.6,1.6,1168600
2022-08-08,1.6,1.6,1.6,1.6,0
2022-08-09,1.6,1.6,1.6,1.6,0
2022-08-10,1.6,1.6,1.6,1.6,0
2022-08-11,1.6,1.6,1.6,1.6,0
2022-08-12,1.8,1.8,1.7,1.7,894800
2022-08-15,1.8,1.8,1.8,1.8,0
2022-08-16,1.8,1.8,1.8,1.8,0
2022-08-17,1.8,1.8,1.8,1.8,0
2022-08-18,1.8,1.8,1.8,1.8,0
2022-08-19,1.7,1.7,1.6,1.6,368700
2022-08-22,1.6,1.6,1.6,1.6,0
2022-08-23,1.6,1.6,1.6,1.6,0
2022-08-24,1.6,1.6,1.6,1.6,0
2022-08-25,1.6,1.6,1.6,1.6,0
2022-08-26,1.5,1.5,1.4,1.5,556300
2022-08-29,1.4,1.4,1.4,1.4,0
2022-08-30,1.4,1.4,1.4,1.4,0
2022-08-31,1.4,1.4,1.4,1.4,0
2022-09-05,1.4,1.4,1.4,1.4,0
2022-09-06,1.4,1.4,1.4,1.4,0
2022-09-07,1.4,1.4,1.4,1.4,0
2022-09-08,1.4,1.4,1.4,1.4,0
2022-09-09,1.4,1.5,1.2,1.3,530400
2022-09-12,1.2,1.2,1.2,1.2,0
2022-09-13,1.2,1.2,1.2,1.2,0
2022-09-14,1.2,1.2,1.2,1.2,0
2022-09-15,1.2,1.2,1.2,1.2,0
2022-09-16,1.1,1.3,1.1,1.2,1593411
2022-09-19,1.2,1.2,1.2,1.2,0
2022-09-20,1.2,1.2,1.2,1.2,0
2022-09-21,1.2,1.2,1.2,1.2,0
2022-09-22,1.2,1.2,1.2,1.2,0
2022-09-23,1.2,1.2,1.1,1.2,705611
2022-09-26,1.1,1.1,1.1,1.1,0
2022-09-27,1.1,1.1,1.1,1.1,0
2022-09-28,1.1,1.1,1.1,1.1,0
2022-09-29,1.1,1.1,1.1,1.1,0
2022-09-30,1.1,1.1,1.0,1.1,321932
2022-10-03,1.0,1.0,1.0,1.0,0
2022-10-04,1.0,1.0,1.0,1.0,0
2022-10-05,1.0,1.0,1.0,1.0,0
2022-10-06,1.0,1.0,1.0,1.0,0
2022-10-07,1.0,1.0,0.9,0.9,258178
2022-10-10,0.9,0.9,0.9,0.9,0
2022-10-11,0.9,0.9,0.9,0.9,0
2022-10-12,0.9,0.9,0.9,0.9,0
2022-10-13,0.9,0.9,0.9,0.9,0
2022-10-14,0.9,1.0,0.9,1.0,84900
2022-10-17,1.0,1.0,1.0,1.0,0
2022-10-18,1.0,1.0,1.0,1.0,0
2022-10-19,1.0,1.0,1.0,1.0,0
2022-10-20,1.0,1.0,1.0,1.0,0
2022-10-21,1.0,1.0,0.9,0.9,226600
2022-10-24,0.9,0.9,0.9,0.9,0
2022-10-25,0.9,0.9,0.9,0.9,0
2022-10-26,0.9,0.9,0.9,0.9,0
2022-10-27,0.9,0.9,0.9,0.9,0
2022-10-28,0.9,1.0,0.8,0.9,68816
2022-10-31,0.8,0.8,0.8,0.8,0
2022-11-01,0.8,0.8,0.8,0.8,0
2022-11-02,0.8,0.8,0.8,0.8,0
2022-11-03,0.8,0.8,0.8,0.8,0
2022-11-04,0.9,0.9,0.7,0.8,234000
2022-11-07,0.8,0.8,0.8,0.8,0
2022-11-08,0.8,0.8,0.8,0.8,0
2022-11-09,0.8,0.8,0.8,0.8,0
2022-11-10,0.8,0.8,0.8,0.8,0
2022-11-11,0.7,0.8,0.7,0.7,293200
2022-11-14,0.7,0.7,0.7,0.7,0
2022-11-15,0.7,0.7,0.7,0.7,0
2022-11-16,0.7,0.7,0.7,0.7,0
2022-11-17,0.7,0.7,0.7,0.7,0
2022-11-18,0.8,0.8,0.7,0.8,349801
2022-11-21,0.8,0.8,0.8,0.8,0
2022-11-22,0.8,0.8,0.8,0.8,0
2022-11-23,0.8,0.8,0.8,0.8,0
2022-11-24,0.8,0.8,0.8,0.8,0
2022-11-25,0.8,0.8,0.7,0.8,447008
2022-11-28,0.8,0.8,0.8,0.8,0
2022-11-29,0.8,0.8,0.8,0.8,0
2022-11-30,0.8,0.8,0.8,0.8,0
2022-12-01,0.8,0.8,0.8,0.8,0
2022-12-02,0.9,0.9,0.8,0.9,1633730
2022-12-05,0.9,0.9,0.9,0.9,0
2022-12-06,0.9,0.9,0.9,0.9,0
2022-12-07,0.9,0.9,0.9,0.9,0
2022-12-08,0.9,0.9,0.9,0.9,0
2022-12-09,0.9,0.9,0.8,0.9,368100
2022-12-12,0.8,0.8,0.8,0.8,0
2022-12-13,0.8,0.8,0.8,0.8,0
2022-12-14,0.8,0.8,0.8,0.8,0
2022-12-15,0.8,0.8,0.8,0.8,0
2022-12-16,0.8,0.9,0.7,0.8,503200
2022-12-19,0.8,0.8,0.8,0.8,0
2022-12-20,0.8,0.8,0.8,0.8,0
2022-12-21,0.8,0.8,0.8,0.8,0
2022-12-22,0.8,0.8,0.8,0.8,0
2022-12-23,0.8,0.8,0.7,0.7,253400
2022-12-26,0.7,0.7,0.7,0.7,0
2022-12-27,0.7,0.7,0.7,0.7,0
2022-12-28,0.7,0.7,0.7,0.7,0
2022-12-29,0.7,0.7,0.7,0.7,0
2022-12-30,0.7,0.8,0.7,0.7,132611
2023-01-03,0.7,0.7,0.7,0.7,0
2023-01-04,0.7,0.7,0.7,0.7,0
2023-01-05,0.7,0.7,0.7,0.7,0
2023-01-06,0.7,0.8,0.7,0.8,18400
2023-01-09,0.7,0.7,0.7,0.7,0
2023-01-10,0.7,0.7,0.7,0.7,0
2023-01-11,0.7,0.7,0.7,0.7,0
2023-01-12,0.7,0.7,0.7,0.7,0
2023-01-13,0.8,0.8,0.7,0.7,599111
2023-01-16,0.7,0.7,0.7,0.7,0
2023-01-17,0.7,0.7,0.7,0.7,0
2023-01-18,0.7,0.7,0.7,0.7,0
2023-01-19,0.7,0.7,0.7,0.7,0
2023-01-27,0.8,0.8,0.7,0.8,132036
2023-01-30,0.7,0.7,0.7,0.7,0
2023-01-31,0.7,0.7,0.7,0.7,0
2023-02-01,0.7,0.7,0.7,0.7,0
2023-02-02,0.7,0.7,0.7,0.7,0
2023-02-03,0.8,0.8,0.7,0.8,528400
2023-02-06,0.7,0.7,0.7,0.7,0
2023-02-07,0.7,0.7,0.7,0.7,0
2023-02-08,0.7,0.7,0.7,0.7,0
2023-02-09,0.7,0.7,0.7,0.7,0
2023-02-10,0.7,0.7,0.6,0.7,175800
2023-02-13,0.7,0.7,0.7,0.7,0
2023-02-14,0.7,0.7,0.7,0.7,0
2023-02-15,0.7,0.7,0.7,0.7,0
2023-02-16,0.7,0.7,0.7,0.7,0
2023-02-17,0.7,0.7,0.6,0.7,188600
2023-02-20,0.6,0.6,0.6,0.6,0
2023-02-21,0.6,0.6,0.6,0.6,0
2023-02-22,0.6,0.6,0.6,0.6,0
2023-02-23,0.6,0.6,0.6,0.6,0
2023-02-24,0.7,0.7,0.6,0.7,161400
2023-02-27,0.6,0.6,0.6,0.6,0
2023-02-28,0.6,0.6,0.6,0.6,0
2023-03-01,0.6,0.6,0.6,0.6,0
2023-03-02,0.6,0.6,0.6,0.6,0
2023-03-03,0.7,0.7,0.6,0.6,141064
2023-03-06,0.6,0.6,0.6,0.6,0
2023-03-07,0.6,0.6,0.6,0.6,0
2023-03-08,0.6,0.6,0.6,0.6,0
2023-03-09,0.6,0.6,0.6,0.6,0
2023-03-10,0.6,0.7,0.6,0.6,204833
2023-03-13,0.6,0.6,0.6,0.6,0
2023-03-14,0.6,0.6,0.6,0.6,0
2023-03-15,0.6,0.6,0.6,0.6,0
2023-03-16,0.6,0.6,0.6,0.6,0
2023-03-17,0.6,0.6,0.5,0.6,127635
2023-03-20,0.6,0.6,0.6,0.6,0
2023-03-21,0.6,0.6,0.6,0.6,0
2023-03-22,0.6,0.6,0.6,0.6,0
2023-03-23,0.6,0.6,0.6,0.6,0
2023-03-24,0.5,0.6,0.5,0.6,201966
2023-03-27,0.5,0.5,0.5,0.5,0
2023-03-28,0.5,0.5,0.5,0.5,0
2023-03-29,0.5,0.5,0.5,0.5,0
2023-03-30,0.5,0.5,0.5,0.5,0
2023-03-31,0.5,0.6,0.5,0.6,46428
2023-04-03,0.5,0.5,0.5,0.5,0
2023-04-04,0.5,0.5,0.5,0.5,0
2023-04-05,0.5,0.5,0.5,0.5,0
2023-04-06,0.5,0.5,0.5,0.5,0
2023-04-07,0.5,0.6,0.5,0.6,67205
2023-04-10,0.5,0.5,0.5,0.5,0
2023-04-11,0.5,0.5,0.5,0.5,0
2023-04-12,0.5,0.5,0.5,0.5,0
2023-04-13,0.5,0.5,0.5,0.5,0
2023-04-14,0.6,0.6,0.5,0.6,224505
2023-04-17,0.6,0.6,0.6,0.6,0
2023-04-18,0.6,0.6,0.6,0.6,0
2023-04-19,0.6,0.6,0.6,0.6,0
2023-04-20,0.6,0.6,0.6,0.6,0
2023-04-21,0.6,0.6,0.5,0.6,13433
2023-04-24,0.6,0.6,0.6,0.6,0
2023-04-25,0.6,0.6,0.6,0.6,0
2023-04-26,0.6,0.6,0.6,0.6,0
2023-04-27,0.6,0.6,0.6,0.6,0
2023-04-28,0.6,0.6,0.5,0.5,22866
2023-05-04,0.5,0.5,0.5,0.5,0
2023-05-05,0.5,0.6,0.5,0.6,6991
2023-05-08,0.5,0.5,0.5,0.5,0
2023-05-09,0.5,0.5,0.5,0.5,0
2023-05-10,0.5,0.5,0.5,0.5,0
2023-05-11,0.5,0.5,0.5,0.5,0
2023-05-12,0.6,0.6,0.5,0.6,366700
2023-05-15,0.6,0.6,0.6,0.6,0
2023-05-16,0.6,0.6,0.6,0.6,0
2023-05-17,0.6,0.6,0.6,0.6,0
2023-05-18,0.6,0.6,0.6,0.6,0
2023-05-19,0.6,0.7,0.6,0.6,158175
2023-05-22,0.6,0.6,0.6,0.6,0
2023-05-23,0.6,0.6,0.6,0.6,0
2023-05-24,0.6,0.6,0.6,0.6,0
2023-05-25,0.6,0.6,0.6,0.6,0
2023-05-26,0.7,0.7,0.6,0.7,254630
2023-05-29,0.7,0.7,0.7,0.7,0
2023-05-30,0.7,0.7,0.7,0.7,0
2023-05-31,0.7,0.7,0.7,0.7,0
2023-06-01,0.7,0.7,0.7,0.7,0
2023-06-02,0.7,0.8,0.7,0.8,835491
2023-06-05,0.8,0.8,0.8,0.8,0
2023-06-06,0.8,0.8,0.8,0.8,0
2023-06-07,0.8,0.8,0.8,0.8,0
2023-06-08,0.8,0.8,0.8,0.8,0
2023-06-09,0.8,0.9,0.8,0.9,307664
2023-06-12,0.8,0.8,0.8,0.8,0
2023-06-13,0.8,0.8,0.8,0.8,0
2023-06-14,0.8,0.8,0.8,0.8,0
2023-06-15,0.8,0.8,0.8,0.8,0
2023-06-16,0.9,0.9,0.7,0.8,285623
2023-06-19,0.8,0.8,0.8,0.8,0
2023-06-20,0.8,0.8,0.8,0.8,0
2023-06-21,0.8,0.8,0.8,0.8,0
2023-06-22,0.8,0.8,0.8,0.8,0
2023-06-23,0.8,0.8,0.7,0.7,677041
2023-06-26,0.7,0.7,0.7,0.7,0
2023-06-27,0.7,0.7,0.7,0.7,0
2023-06-28,0.7,0.7,0.7,0.7,0
2023-06-29,0.7,0.7,0.7,0.7,0
2023-06-30,0.7,0.8,0.6,0.6,523400
2023-07-03,0.7,0.7,0.7,0.7,0
2023-07-04,0.7,0.7,0.7,0.7,0
2023-07-05,0.7,0.7,0.7,0.7,0
2023-07-06,0.7,0.7,0.7,0.7,0
2023-07-07,0.7,0.7,0.6,0.7,12500
2023-07-10,0.7,0.7,0.7,0.7,0
2023-07-11,0.7,0.7,0.7,0.7,0
2023-07-12,0.7,0.7,0.7,0.7,0
2023-07-13,0.7,0.7,0.7,0.7,0
2023-07-14,0.7,0.8,0.7,0.7,75901
2023-07-17,0.7,0.7,0.7,0.7,0
2023-07-18,0.7,0.7,0.7,0.7,0
2023-07-19,0.7,0.7,0.7,0.7,0
2023-07-20,0.7,0.7,0.7,0.7,0
2023-07-21,0.7,0.7,0.6,0.7,410100
2023-07-24,0.6,0.6,0.6,0.6,0
2023-07-25,0.6,0.6,0.6,0.6,0
2023-07-26,0.6,0.6,0.6,0.6,0
2023-07-27,0.6,0.6,0.6,0.6,0
2023-07-28,0.7,0.7,0.6,0.7,115556
2023-07-31,0.6,0.6,0.6,0.6,0
2023-08-01,0.6,0.6,0.6,0.6,0
2023-08-02,0.6,0.6,0.6,0.6,0
2023-08-03,0.6,0.6,0.6,0.6,0
2023-08-04,0.6,0.7,0.6,0.7,71447
2023-08-07,0.7,0.7,0.7,0.7,0
2023-08-08,0.7,0.7,0.7,0.7,0
2023-08-09,0.7,0.7,0.7,0.7,0
2023-08-10,0.7,0.7,0.7,0.7,0
2023-08-11,0.7,0.7,0.6,0.7,343631
2023-08-14,0.6,0.6,0.6,0.6,0
2023-08-15,0.6,0.6,0.6,0.6,0
2023-08-16,0.6,0.6,0.6,0.6,0
2023-08-17,0.6,0.6,0.6,0.6,0
2023-08-18,0.7,0.7,0.6,0.6,177522
2023-08-21,0.6,0.6,0.6,0.6,0
2023-08-22,0.6,0.6,0.6,0.6,0
2023-08-23,0.6,0.6,0.6,0.6,0
2023-08-24,0.6,0.6,0.6,0.6,0
2023-08-25,0.6,0.7,0.6,0.6,578600
2023-08-28,0.6,0.6,0.6,0.6,0
2023-08-29,0.6,0.6,0.6,0.6,0
2023-08-30,0.6,0.6,0.6,0.6,0
2023-08-31,0.6,0.6,0.6,0.6,0
2023-09-05,0.6,0.6,0.6,0.6,0
2023-09-06,0.6,0.6,0.6,0.6,0
2023-09-07,0.6,0.6,0.6,0.6,0
2023-09-08,0.6,0.7,0.6,0.6,268610
2023-09-11,0.6,0.6,0.6,0.6,0
2023-09-12,0.6,0.6,0.6,0.6,0
2023-09-13,0.6,0.6,0.6,0.6,0
2023-09-14,0.6,0.6,0.6,0.6,0
2023-09-15,0.6,0.6,0.5,0.6,433866
2023-09-18,0.5,0.5,0.5,0.5,0
2023-09-19,0.5,0.5,0.5,0.5,0
2023-09-20,0.5,0.5,0.5,0.5,0
2023-09-21,0.5,0.5,0.5,0.5,0
2023-09-22,0.5,0.6,0.5,0.5,215533
2023-09-25,0.5,0.5,0.5,0.5,0
2023-09-26,0.5,0.5,0.5,0.5,0
2023-09-27,0.5,0.5,0.5,0.5,0
2023-09-28,0.5,0.5,0.5,0.5,0
2023-09-29,0.5,0.6,0.5,0.6,362226
2023-10-02,0.5,0.5,0.5,0.5,0
2023-10-03,0.5,0.5,0.5,0.5,0
2023-10-04,0.5,0.5,0.5,0.5,0
2023-10-05,0.5,0.5,0.5,0.5,0
2023-10-06,0.5,0.6,0.5,0.5,53100
2023-10-09,0.5,0.5,0.5,0.5,0
2023-10-10,0.5,0.5,0.5,0.5,0
2023-10-11,0.5,0.5,0.5,0.5,0
2023-10-12,0.5,0.5,0.5,0.5,0
2023-10-13,0.5,0.6,0.5,0.6,41033
2023-10-16,0.5,0.5,0.5,0.5,0
2023-10-17,0.5,0.5,0.5,0.5,0
2023-10-18,0.5,0.5,0.5,0.5,0
2023-10-19,0.5,0.5,0.5,0.5,0
2023-10-20,0.5,0.5,0.4,0.5,141178
2023-10-23,0.5,0.5,0.5,0.5,0
2023-10-24,0.5,0.5,0.5,0.5,0
2023-10-25,0.5,0.5,0.5,0.5,0
2023-10-26,0.5,0.5,0.5,0.5,0
2023-10-27,0.5,0.5,0.5,0.5,98222
2023-10-30,0.5,0.5,0.5,0.5,0
2023-10-31,0.5,0.5,0.5,0.5,0
2023-11-01,0.5,0.5,0.5,0.5,0
2023-11-02,0.5,0.5,0.5,0.5,0
2023-11-03,0.5,0.5,0.5,0.5,117500
2023-11-06,0.5,0.5,0.5,0.5,0
2023-11-07,0.5,0.5,0.5,0.5,0
2023-11-08,0.5,0.5,0.5,0.5,0
2023-11-09,0.5,0.5,0.5,0.5,0
2023-11-10,0.5,0.6,0.5,0.6,311210
2023-11-13,0.5,0.5,0.5,0.5,0
2023-11-14,0.5,0.5,0.5,0.5,0
2023-11-15,0.5,0.5,0.5,0.5,0
2023-11-16,0.5,0.5,0.5,0.5,0
2023-11-17,0.6,0.6,0.4,0.6,265206
2023-11-20,0.5,0.5,0.5,0.5,0
2023-11-21,0.5,0.5,0.5,0.5,0
2023-11-22,0.5,0.5,0.5,0.5,0
2023-11-23,0.5,0.5,0.5,0.5,0
2023-11-24,0.5,0.5,0.4,0.5,9000
2023-11-27,0.5,0.5,0.5,0.5,0
2023-11-28,0.5,0.5,0.5,0.5,0
2023-11-29,0.5,0.5,0.5,0.5,0
2023-11-30,0.5,0.5,0.5,0.5,0
2023-12-01,0.5,0.5,0.4,0.5,286100
2023-12-04,0.5,0.5,0.5,0.5,0
2023-12-05,0.5,0.5,0.5,0.5,0
2023-12-06,0.5,0.5,0.5,0.5,0
2023-12-07,0.5,0.5,0.5,0.5,0
2023-12-08,0.4,0.5,0.4,0.5,916450
2023-12-11,0.4,0.4,0.4,0.4,0
2023-12-12,0.4,0.4,0.4,0.4,0
2023-12-13,0.4,0.4,0.4,0.4,0
2023-12-14,0.4,0.4,0.4,0.4,0
2023-12-15,0.4,0.4,0.3,0.4,512906
2023-12-18,0.4,0.4,0.4,0.4,0
2023-12-19,0.4,0.4,0.4,0.4,0
2023-12-20,0.4,0.4,0.4,0.4,0
2023-12-21,0.4,0.4,0.4,0.4,0
2023-12-22,0.4,0.5,0.3,0.4,87288
2023-12-25,0.4,0.4,0.4,0.4,0
2023-12-26,0.4,0.4,0.4,0.4,0
2023-12-27,0.4,0.4,0.4,0.4,0
2023-12-28,0.4,0.4,0.4,0.4,0
2023-12-29,0.4,0.5,0.4,0.5,54800
2024-01-02,0.5,0.5,0.5,0.5,0
2024-01-03,0.5,0.5,0.5,0.5,0
2024-01-04,0.5,0.5,0.5,0.5,0
2024-01-05,0.5,0.5,0.4,0.5,131000
2024-01-08,0.5,0.5,0.5,0.5,0
2024-01-09,0.5,0.5,0.5,0.5,0
2024-01-10,0.5,0.5,0.5,0.5,0
2024-01-11,0.5,0.5,0.5,0.5,0
2024-01-12,0.5,0.5,0.4,0.5,61200
2024-01-15,0.5,0.5,0.5,0.5,0
2024-01-16,0.5,0.5,0.5,0.5,0
2024-01-17,0.5,0.5,0.5,0.5,0
2024-01-18,0.5,0.5,0.5,0.5,0
2024-01-19,0.5,0.5,0.4,0.5,32400
2024-01-22,0.4,0.4,0.4,0.4,0
2024-01-23,0.4,0.4,0.4,0.4,0
2024-01-24,0.4,0.4,0.4,0.4,0
2024-01-25,0.4,0.4,0.4,0.4,0
2024-01-26,0.5,0.5,0.4,0.5,20363
2024-01-29,0.5,0.5,0.5,0.5,0
2024-01-30,0.5,0.5,0.5,0.5,0
2024-01-31,0.5,0.5,0.5,0.5,0
2024-02-01,0.5,0.5,0.5,0.5,0
2024-02-02,0.5,0.5,0.5,0.5,2050
2024-02-05,0.5,0.5,0.5,0.5,0
2024-02-06,0.5,0.5,0.5,0.5,0
2024-02-07,0.5,0.5,0.5,0.5,0
2024-02-15,0.5,0.5,0.5,0.5,0
2024-02-16,0.5,0.5,0.5,0.5,12100
2024-02-19,0.5,0.5,0.5,0.5,0
2024-02-20,0.5,0.5,0.5,0.5,0
2024-02-21,0.5,0.5,0.5,0.5,0
2024-02-22,0.5,0.5,0.5,0.5,0
2024-02-23,0.5,0.5,0.4,0.5,128000
2024-02-26,0.5,0.5,0.5,0.5,0
2024-02-27,0.5,0.5,0.5,0.5,0
2024-02-28,0.5,0.5,0.5,0.5,0
2024-02-29,0.5,0.5,0.5,0.5,0
2024-03-01,0.5,0.5,0.4,0.5,144162
2024-03-04,0.5,0.5,0.5,0.5,0
2024-03-05,0.5,0.5,0.5,0.5,0
2024-03-06,0.5,0.5,0.5,0.5,0
2024-03-07,0.5,0.5,0.5,0.5,0
2024-03-08,0.5,0.5,0.4,0.5,31777
2024-03-11,0.5,0.5,0.5,0.5,0
2024-03-12,0.5,0.5,0.5,0.5,0
2024-03-13,0.5,0.5,0.5,0.5,0
2024-03-14,0.5,0.5,0.5,0.5,0
2024-03-15,0.5,0.5,0.4,0.5,367066
2024-03-18,0.4,0.4,0.4,0.4,0
2024-03-19,0.4,0.4,0.4,0.4,0
2024-03-20,0.4,0.4,0.4,0.4,0
2024-03-21,0.4,0.4,0.4,0.4,0
2024-03-22,0.5,0.5,0.4,0.5,396159
2024-03-25,0.4,0.4,0.4,0.4,0
2024-03-26,0.4,0.4,0.4,0.4,0
2024-03-27,0.4,0.4,0.4,0.4,0
2024-03-28,0.4,0.4,0.4,0.4,0
2024-03-29,0.5,0.5,0.4,0.5,240105
2024-04-01,0.5,0.5,0.5,0.5,0
2024-04-02,0.5,0.5,0.5,0.5,0
2024-04-03,0.5,0.5,0.5,0.5,0
2024-04-04,0.5,0.5,0.5,0.5,0
2024-04-05,0.5,0.5,0.4,0.5,37205
2024-04-08,0.4,0.4,0.4,0.4,0
2024-04-09,0.4,0.4,0.4,0.4,0
2024-04-10,0.4,0.4,0.4,0.4,0
2024-04-11,0.4,0.4,0.4,0.4,0
2024-04-12,0.4,0.5,0.4,0.5,70790
2024-04-15,0.4,0.4,0.4,0.4,0
2024-04-16,0.4,0.4,0.4,0.4,0
2024-04-17,0.4,0.4,0.4,0.4,0
2024-04-19,0.4,0.5,0.4,0.5,2039894
2024-04-22,0.5,0.5,0.5,0.5,0
2024-04-23,0.5,0.5,0.5,0.5,0
2024-04-24,0.5,0.5,0.5,0.5,0
2024-04-25,0.5,0.5,0.5,0.5,0
2024-04-26,0.5,0.5,0.4,0.4,142729
2024-05-02,0.5,0.5,0.5,0.5,0
2024-05-03,0.5,0.5,0.4,0.5,95294
2024-05-06,0.4,0.4,0.4,0.4,0
2024-05-07,0.4,0.4,0.4,0.4,0
2024-05-08,0.4,0.4,0.4,0.4,0
2024-05-09,0.4,0.4,0.4,0.4,0
2024-05-10,0.4,0.5,0.4,0.5,750039
2024-05-13,0.5,0.5,0.5,0.5,0
2024-05-14,0.5,0.5,0.5,0.5,0
2024-05-15,0.5,0.5,0.5,0.5,0
2024-05-16,0.5,0.5,0.5,0.5,0
2024-05-17,0.5,0.6,0.4,0.5,53863
2024-05-20,0.5,0.5,0.5,0.5,0
2024-05-21,0.5,0.5,0.5,0.5,0
2024-05-22,0.5,0.5,0.5,0.5,0
2024-05-23,0.5,0.5,0.5,0.5,0
2024-05-24,0.5,0.5,0.4,0.4,72763
2024-05-27,0.4,0.4,0.4,0.4,0
2024-05-28,0.4,0.4,0.4,0.4,0
2024-05-29,0.4,0.4,0.4,0.4,0
2024-05-30,0.4,0.4,0.4,0.4,0
2024-05-31,0.4,0.4,0.3,0.4,1898248
2024-06-03,0.3,0.3,0.3,0.3,0
2024-06-04,0.3,0.3,0.3,0.3,0
2024-06-05,0.3,0.3,0.3,0.3,0
2024-06-06,0.3,0.3,0.3,0.3,0
2024-06-07,0.3,0.3,0.3,0.3,0
2024-06-10,0.3,0.3,0.3,0.3,0
2024-06-11,0.3,0.3,0.3,0.3,0
2024-06-12,0.3,0.3,0.3,0.3,0
2024-06-13,0.3,0.3,0.3,0.3,0
2024-06-14,0.3,0.3,0.3,0.3,0
2024-06-17,0.3,0.3,0.3,0.3,0
2024-06-18,0.3,0.3,0.3,0.3,0
2024-06-19,0.3,0.3,0.3,0.3,0
2024-06-20,0.3,0.3,0.3,0.3,0
2024-06-21,0.3,0.3,0.3,0.3,0
2024-06-24,0.3,0.3,0.3,0.3,0
2024-06-25,0.3,0.3,0.3,0.3,0
2024-06-26,0.3,0.3,0.3,0.3,0
2024-06-27,0.3,0.3,0.3,0.3,0
2024-06-28,0.3,0.3,0.3,0.3,0
2024-07-01,0.3,0.3,0.3,0.3,0
2024-07-02,0.3,0.3,0.3,0.3,0
2024-07-03,0.3,0.3,0.3,0.3,0
2024-07-04,0.3,0.3,0.3,0.3,0
2024-07-05,0.3,0.3,0.3,0.3,0
2024-07-08,0.3,0.3,0.3,0.3,0
2024-07-09,0.3,0.3,0.3,0.3,0
2024-07-10,0.3,0.3,0.3,0.3,0
2024-07-11,0.3,0.3,0.3,0.3,0
2024-07-12,0.3,0.3,0.3,0.3,0
2024-07-15,0.3,0.3,0.3,0.3,0
2024-07-16,0.3,0.3,0.3,0.3,0
2024-07-17,0.3,0.3,0.3,0.3,0
2024-07-18,0.3,0.3,0.3,0.3,0
2024-07-19,0.3,0.3,0.3,0.3,0
2024-07-22,0.3,0.3,0.3,0.3,0
2024-07-23,0.3,0.3,0.3,0.3,0
2024-07-24,0.3,0.3,0.3,0.3,0
2024-07-25,0.3,0.3,0.3,0.3,0
