time,open,high,low,close,volume
2015-08-12,14.99,14.99,12.82,12.82,95200
2015-08-13,13.31,13.31,12.12,12.26,32500
2015-08-14,12.61,12.75,12.61,12.68,9200
2015-08-17,12.47,12.61,12.26,12.4,15500
2015-08-18,12.4,12.4,12.05,12.05,2500
2015-08-19,11.98,11.98,11.21,11.21,23000
2015-08-20,11.91,11.91,11.21,11.84,22300
2015-08-21,11.35,11.35,11.21,11.21,18800
2015-08-24,11.21,11.21,10.86,10.86,5300
2015-08-25,10.86,11.14,10.51,11.0,22800
2015-08-26,10.86,11.0,10.79,11.0,6700
2015-08-27,10.72,11.84,10.72,11.56,3300
2015-08-28,11.77,11.77,11.21,11.21,6000
2015-08-31,10.79,10.93,10.79,10.93,7200
2015-09-01,10.72,11.14,10.65,10.93,7000
2015-09-03,10.51,10.79,10.51,10.58,8100
2015-09-04,10.79,10.79,10.65,10.65,6000
2015-09-07,11.14,11.63,10.93,11.63,15700
2015-09-08,11.63,11.63,11.21,11.21,6100
2015-09-09,11.28,11.35,11.21,11.35,1700
2015-09-10,11.07,11.42,11.07,11.21,4700
2015-09-11,11.14,11.49,11.07,11.21,11400
2015-09-14,11.14,11.21,11.14,11.21,3500
2015-09-15,10.72,11.07,10.72,11.07,2500
2015-09-16,11.07,11.21,11.07,11.14,3500
2015-09-17,11.21,11.56,11.21,11.56,5000
2015-09-18,11.56,11.56,11.21,11.35,8100
2015-09-21,11.21,11.21,11.14,11.14,9100
2015-09-22,11.49,12.19,11.49,12.12,23400
2015-09-23,13.19,13.19,12.12,12.12,2800
2015-09-24,13.05,13.26,13.05,13.26,17100
2015-09-25,13.26,14.54,13.26,14.54,73600
2015-09-28,15.68,15.97,15.68,15.97,16700
2015-09-29,17.54,17.54,16.4,16.54,99600
2015-09-30,16.89,17.18,16.82,16.97,81400
2015-10-01,16.75,16.97,15.33,15.33,25000
2015-10-02,13.97,15.68,13.97,14.83,9000
2015-10-05,14.68,14.68,13.47,13.47,42000
2015-10-06,13.9,14.76,13.69,14.76,20500
2015-10-07,14.97,15.68,14.61,14.76,16200
2015-10-08,14.26,14.76,14.26,14.61,14700
2015-10-09,14.26,14.68,14.26,14.4,20200
2015-10-12,14.4,14.47,14.33,14.33,12200
2015-10-13,14.33,14.4,14.33,14.33,3800
2015-10-14,14.33,14.61,14.33,14.61,8900
2015-10-15,14.47,14.76,14.26,14.76,11100
2015-10-16,14.47,15.11,14.47,14.83,38300
2015-10-19,14.97,15.33,14.26,15.33,24700
2015-10-20,15.26,16.4,15.26,16.32,33000
2015-10-21,16.32,16.32,15.68,15.75,33200
2015-10-22,15.75,16.04,14.97,15.68,7500
2015-10-23,14.97,15.68,14.97,15.47,21700
2015-10-26,15.33,16.75,15.26,16.25,76000
2015-10-27,16.18,16.97,16.11,16.82,137200
2015-10-28,17.39,17.46,17.04,17.11,181700
2015-10-29,16.75,17.82,16.75,17.61,254000
2015-10-30,17.61,17.89,17.46,17.54,153900
2015-11-02,17.11,17.54,16.89,16.97,154300
2015-11-03,16.97,17.18,16.75,16.97,47800
2015-11-04,16.97,17.11,16.4,16.4,49900
2015-11-05,16.68,17.25,16.4,16.75,32700
2015-11-06,16.75,16.75,16.54,16.68,13200
2015-11-09,16.4,16.75,16.4,16.4,54800
2015-11-10,16.61,16.61,15.97,15.97,20200
2015-11-11,16.75,16.75,15.97,16.25,40600
2015-11-12,16.75,16.75,16.18,16.32,41100
2015-11-13,16.75,17.11,16.68,16.97,18800
2015-11-16,16.47,16.54,16.4,16.4,51400
2015-11-17,16.18,16.4,16.18,16.4,16000
2015-11-18,16.4,16.47,16.32,16.4,45500
2015-11-19,16.4,16.4,16.25,16.4,20900
2015-11-20,16.18,16.75,16.18,16.4,25500
2015-11-23,16.11,16.4,16.11,16.32,25600
2015-11-24,16.18,16.32,16.18,16.25,14100
2015-11-25,16.11,16.25,15.97,16.25,26900
2015-11-26,16.04,16.18,16.04,16.04,17800
2015-11-27,15.83,16.61,15.68,16.04,3700
2015-11-30,15.83,16.04,15.68,16.04,6800
2015-12-01,15.68,15.68,15.68,15.68,4400
2015-12-02,15.75,15.83,15.61,15.83,15200
2015-12-03,16.18,16.18,15.68,15.97,6400
2015-12-04,15.68,15.83,15.4,15.83,23700
2015-12-07,15.61,16.18,15.61,15.68,15100
2015-12-08,14.11,16.11,14.11,16.11,3300
2015-12-09,15.33,16.32,15.33,16.11,9800
2015-12-10,15.47,16.04,15.47,15.68,3600
2015-12-11,15.47,15.68,15.47,15.47,5300
2015-12-14,15.68,15.68,15.4,15.68,2900
2015-12-15,15.4,15.47,15.26,15.33,19300
2015-12-16,15.4,15.68,15.4,15.68,20500
2015-12-17,15.68,15.68,15.4,15.68,9900
2015-12-18,15.11,15.61,15.11,15.4,13500
2015-12-21,15.26,15.61,15.18,15.26,15600
2015-12-22,15.04,15.4,14.97,15.04,8600
2015-12-23,14.47,14.97,14.4,14.76,5400
2015-12-24,14.9,15.26,14.47,15.26,12900
2015-12-25,14.4,15.33,14.4,15.18,2700
2015-12-28,14.61,15.04,14.61,15.04,7400
2015-12-29,14.83,15.11,14.47,15.11,9700
2015-12-30,15.54,15.61,14.61,15.4,8700
2015-12-31,15.33,15.33,14.68,15.04,9400
2016-01-04,14.76,14.76,14.68,14.68,2100
2016-01-05,14.76,14.83,14.61,14.68,7900
2016-01-06,14.61,14.97,14.54,14.97,8800
2016-01-07,14.47,14.9,14.47,14.61,26300
2016-01-08,15.26,15.26,14.61,15.04,30000
2016-01-11,14.76,14.76,14.68,14.68,6000
2016-01-12,14.68,14.97,14.68,14.97,21800
2016-01-13,14.68,14.97,14.68,14.97,11800
2016-01-14,14.76,14.97,14.76,14.97,6300
2016-01-15,14.68,14.97,14.61,14.97,12300
2016-01-18,14.76,14.97,14.68,14.97,17600
2016-01-19,15.11,15.11,14.9,14.97,3500
2016-01-20,14.54,14.97,14.54,14.97,10000
2016-01-21,15.11,15.11,14.83,14.9,4600
2016-01-22,14.9,15.18,14.83,15.18,11800
2016-01-25,16.32,16.32,15.18,16.32,31600
2016-01-26,16.75,16.75,16.04,16.04,18700
2016-01-27,15.04,16.04,15.04,16.04,600
2016-01-28,16.04,16.04,15.04,16.04,2000
2016-01-29,16.11,16.4,15.33,16.4,56200
2016-02-01,16.75,16.75,16.4,16.4,14200
2016-02-02,16.18,16.4,16.04,16.18,6900
2016-02-03,16.4,16.4,15.9,16.25,15000
2016-02-04,16.25,16.4,16.11,16.11,15800
2016-02-05,16.18,16.97,16.11,16.4,15200
2016-02-15,16.11,16.4,16.04,16.4,2500
2016-02-16,16.4,17.11,16.4,17.04,26700
2016-02-17,17.11,17.18,16.97,16.97,15800
2016-02-18,16.97,17.11,16.54,17.04,38500
2016-02-19,16.75,17.11,16.4,16.89,11500
2016-02-22,16.97,16.97,16.82,16.82,7100
2016-02-23,16.54,16.75,16.47,16.75,6500
2016-02-24,16.54,16.68,16.47,16.54,6900
2016-02-25,16.54,16.54,16.18,16.18,95900
2016-02-26,16.04,16.18,16.04,16.18,3600
2016-02-29,16.04,16.04,15.75,15.9,6200
2016-03-01,15.9,16.04,15.9,15.9,37300
2016-03-02,16.04,16.32,16.04,16.32,40300
2016-03-03,16.32,16.32,16.18,16.18,56000
2016-03-04,16.68,16.68,16.18,16.4,94600
2016-03-07,16.32,16.4,16.18,16.18,67000
2016-03-08,16.18,16.4,16.04,16.4,33200
2016-03-09,16.47,16.82,16.4,16.68,57500
2016-03-10,16.75,16.75,16.54,16.54,7800
2016-03-11,16.4,16.54,16.4,16.47,3700
2016-03-14,16.54,16.54,16.25,16.25,17500
2016-03-15,16.32,16.4,16.32,16.4,59800
2016-03-16,16.4,16.4,16.32,16.32,42800
2016-03-17,16.47,16.54,16.4,16.4,57500
2016-03-18,16.47,16.47,16.4,16.4,32300
2016-03-21,16.4,16.4,16.4,16.4,29800
2016-03-22,16.4,16.4,16.32,16.32,11100
2016-03-23,16.32,16.4,16.18,16.4,32500
2016-03-24,16.89,16.89,16.47,16.54,39700
2016-03-25,16.75,16.75,16.4,16.54,15600
2016-03-28,16.4,16.4,16.32,16.4,9600
2016-03-29,16.4,16.4,16.25,16.32,12800
2016-03-30,16.32,16.32,16.18,16.18,15700
2016-03-31,16.18,16.18,16.04,16.11,21100
2016-04-01,16.04,17.61,16.04,16.54,36300
2016-04-04,16.54,16.54,16.32,16.32,8600
2016-04-05,16.32,16.4,16.25,16.25,24200
2016-04-06,16.25,16.32,16.25,16.32,31100
2016-04-07,16.32,16.32,16.32,16.32,2800
2016-04-08,16.25,16.4,16.25,16.25,10900
2016-04-11,16.32,16.32,16.18,16.25,15000
2016-04-12,15.47,16.25,15.47,16.25,3200
2016-04-13,15.75,16.11,15.75,16.11,4700
2016-04-14,15.68,16.11,15.68,16.11,500
2016-04-15,16.11,16.11,16.11,16.11,2000
2016-04-19,15.11,16.4,14.97,16.11,29200
2016-04-20,16.11,16.11,15.97,15.97,7400
2016-04-21,15.97,16.04,15.9,15.9,6100
2016-04-22,15.9,15.9,15.75,15.83,19500
2016-04-25,15.68,15.9,14.97,15.68,11600
2016-04-26,15.33,15.47,14.97,15.47,31400
2016-04-27,15.54,15.9,15.54,15.68,18400
2016-04-28,15.97,15.97,15.47,15.47,4500
2016-04-29,15.33,15.47,15.33,15.33,19400
2016-05-04,15.11,15.11,14.97,14.97,32900
2016-05-05,14.68,14.97,14.68,14.97,46100
2016-05-06,14.97,15.11,14.68,15.11,22100
2016-05-09,15.11,15.11,14.76,14.76,10500
2016-05-10,16.11,16.11,14.97,14.97,1800
2016-05-11,15.04,15.33,15.04,15.33,5000
2016-05-12,15.99,15.99,15.12,15.26,6900
2016-05-13,15.26,15.26,15.12,15.12,2100
2016-05-16,14.6,15.26,13.95,15.19,12800
2016-05-17,15.26,15.33,15.12,15.19,12300
2016-05-18,14.82,15.33,14.82,15.33,10200
2016-05-19,15.04,15.04,15.04,15.04,3000
2016-05-20,15.12,15.26,15.04,15.26,3700
2016-05-23,14.97,15.04,14.97,15.04,5300
2016-05-24,15.12,15.12,15.04,15.04,300
2016-05-25,14.97,14.97,14.9,14.9,6000
2016-05-26,15.12,15.12,14.9,14.97,18400
2016-05-27,14.82,15.7,14.82,14.9,6600
2016-05-30,14.9,14.9,14.68,14.68,18000
2016-05-31,14.75,14.75,14.68,14.68,8100
2016-06-01,14.75,15.99,14.68,14.75,5500
2016-06-02,14.82,15.04,14.82,15.04,2100
2016-06-03,14.9,15.04,14.75,14.82,11900
2016-06-06,14.82,14.82,14.6,14.6,11200
2016-06-07,14.82,14.82,14.6,14.6,11000
2016-06-08,14.6,14.9,14.6,14.6,8600
2016-06-09,14.6,14.68,14.6,14.6,8200
2016-06-10,14.97,15.33,14.97,15.33,6000
2016-06-13,15.33,15.7,15.33,15.7,9400
2016-06-14,14.97,16.07,14.97,16.07,6300
2016-06-15,16.07,16.07,15.33,15.33,7100
2016-06-16,16.07,16.07,15.41,15.41,8900
2016-06-17,15.48,15.77,15.48,15.77,10000
2016-06-20,15.55,15.55,14.68,15.33,14200
2016-06-21,15.19,15.33,15.04,15.33,13200
2016-06-22,15.26,15.26,15.26,15.26,2000
2016-06-23,15.19,15.19,15.04,15.19,3000
2016-06-24,15.19,15.26,14.68,15.26,13300
2016-06-27,15.48,15.48,14.68,14.68,4800
2016-06-28,14.82,14.82,14.82,14.82,300
2016-06-29,14.97,14.97,14.75,14.82,3200
2016-06-30,14.97,14.97,14.6,14.6,28200
2016-07-01,14.82,14.9,14.75,14.75,2400
2016-07-04,14.6,14.82,14.6,14.75,12200
2016-07-05,14.75,14.9,14.75,14.75,2000
2016-07-06,14.75,15.19,14.75,14.9,16900
2016-07-07,15.19,16.36,15.19,16.36,59200
2016-07-08,16.36,16.8,16.36,16.5,20300
2016-07-11,16.5,16.5,16.36,16.5,16300
2016-07-12,15.55,16.5,15.55,15.99,3500
2016-07-13,16.28,16.43,15.92,16.07,10700
2016-07-14,16.07,16.07,16.07,16.07,0
2016-07-15,15.7,16.07,15.7,15.92,8400
2016-07-18,14.97,15.99,14.82,15.99,9000
2016-07-19,15.7,15.99,15.26,15.33,9700
2016-07-20,15.12,15.26,15.12,15.19,1700
2016-07-21,15.33,15.33,15.33,15.33,600
2016-07-22,15.33,15.48,13.8,14.97,30800
2016-07-25,14.9,15.99,14.82,14.82,9800
2016-07-26,14.9,14.9,14.82,14.82,13000
2016-07-27,14.09,15.19,14.09,14.97,6300
2016-07-28,14.82,15.33,14.82,15.33,8200
2016-07-29,15.04,15.33,14.97,15.33,3100
2016-08-01,15.33,15.33,15.19,15.19,14000
2016-08-02,15.26,15.33,15.12,15.12,9900
2016-08-03,15.12,15.12,15.04,15.04,4400
2016-08-04,15.04,15.04,15.04,15.04,2200
2016-08-05,15.04,15.04,14.97,14.97,14600
2016-08-08,15.04,15.19,15.04,15.04,8400
2016-08-09,15.04,15.04,14.97,15.04,24400
2016-08-10,15.04,15.12,15.04,15.04,9800
2016-08-11,14.97,15.04,14.97,15.04,9100
2016-08-12,15.04,15.04,14.97,14.97,5100
2016-08-15,15.12,15.12,14.82,14.82,2600
2016-08-16,14.9,14.9,14.82,14.82,3300
2016-08-17,14.97,14.97,14.9,14.97,11600
2016-08-18,14.9,14.9,14.9,14.9,2400
2016-08-19,14.9,14.97,14.9,14.9,6700
2016-08-22,14.9,16.36,14.9,14.9,4600
2016-08-23,14.9,14.9,14.9,14.9,7100
2016-08-24,14.82,14.9,14.82,14.82,3300
2016-08-25,14.68,14.97,14.68,14.97,400
2016-08-26,14.97,14.97,14.9,14.9,1700
2016-08-29,15.99,15.99,14.82,14.82,500
2016-08-30,14.82,14.82,14.75,14.75,6400
2016-08-31,14.6,14.75,14.6,14.75,10500
2016-09-01,14.75,14.75,14.75,14.75,2000
2016-09-05,14.6,14.68,14.24,14.6,9600
2016-09-06,14.6,14.68,14.6,14.6,9300
2016-09-07,15.92,15.92,14.24,14.24,4000
2016-09-08,15.55,15.55,14.39,14.46,30100
2016-09-09,14.46,14.46,14.46,14.46,500
2016-09-12,14.24,14.24,14.24,14.24,700
2016-09-13,14.17,14.46,14.17,14.46,900
2016-09-14,14.31,14.39,14.24,14.39,3100
2016-09-15,14.17,14.39,14.09,14.09,4700
2016-09-16,13.87,14.09,13.87,14.09,1800
2016-09-19,14.09,14.09,13.87,13.95,2400
2016-09-20,13.8,14.02,13.8,14.02,8700
2016-09-21,13.87,14.02,13.87,13.87,6200
2016-09-22,13.87,13.87,13.51,13.51,13100
2016-09-23,13.51,13.58,13.51,13.58,6000
2016-09-26,13.58,13.66,13.58,13.66,4600
2016-09-27,13.8,13.87,13.73,13.8,9800
2016-09-28,14.53,14.53,13.87,13.87,3600
2016-09-29,13.87,13.87,13.87,13.87,3200
2016-09-30,14.68,14.68,13.66,13.66,3900
2016-10-03,13.58,13.66,13.51,13.51,10800
2016-10-04,13.58,13.58,13.44,13.44,12100
2016-10-05,13.44,13.51,13.29,13.29,11900
2016-10-06,13.29,13.29,13.14,13.22,5800
2016-10-07,13.22,13.22,13.22,13.22,1800
2016-10-10,13.22,13.22,12.93,12.93,1000
2016-10-11,13.14,14.09,13.07,14.09,3700
2016-10-12,14.09,14.09,14.09,14.09,0
2016-10-13,14.09,14.09,14.09,14.09,0
2016-10-14,13.51,13.58,13.51,13.58,900
2016-10-17,13.95,13.95,13.14,13.51,3900
2016-10-18,13.36,13.51,13.14,13.29,2500
2016-10-19,13.22,13.29,13.14,13.14,9900
2016-10-20,13.14,13.14,13.14,13.14,0
2016-10-21,13.22,13.22,13.14,13.14,7100
2016-10-24,13.29,13.29,13.14,13.14,5100
2016-10-25,13.0,13.14,13.0,13.14,1900
2016-10-26,13.14,13.14,13.14,13.14,5800
2016-10-27,13.07,13.07,13.07,13.07,2800
2016-10-28,13.07,13.07,13.07,13.07,1400
2016-10-31,13.0,13.07,12.71,13.07,1100
2016-11-01,12.78,12.78,12.41,12.41,900
2016-11-02,12.41,12.41,12.41,12.41,500
2016-11-03,12.34,12.49,12.34,12.49,300
2016-11-04,12.27,12.41,12.27,12.34,3200
2016-11-07,12.12,12.27,12.05,12.19,3600
2016-11-08,12.12,12.12,11.83,11.83,4900
2016-11-09,11.83,12.05,11.68,12.05,1900
2016-11-10,12.05,12.41,12.05,12.41,4900
2016-11-11,11.83,12.63,11.68,12.63,1100
2016-11-14,11.96,12.93,11.96,12.18,1900
2016-11-15,12.11,12.26,12.11,12.18,5500
2016-11-16,12.26,12.71,12.18,12.71,2800
2016-11-17,12.41,12.78,12.18,12.78,11000
2016-11-18,12.26,12.26,12.03,12.03,6000
2016-11-21,12.11,12.56,11.96,12.56,5500
2016-11-22,12.11,12.18,12.03,12.03,10300
2016-11-23,12.03,12.86,11.96,12.86,4800
2016-11-24,12.86,12.86,12.03,12.11,13100
2016-11-25,12.11,12.26,11.96,11.96,9200
2016-11-28,11.96,11.96,11.96,11.96,2500
2016-11-29,11.96,11.96,11.89,11.96,13400
2016-11-30,11.96,11.96,11.89,11.96,1500
2016-12-01,11.96,12.11,11.81,11.96,6500
2016-12-02,11.96,12.03,11.74,11.96,14700
2016-12-05,11.96,12.18,11.81,12.18,22700
2016-12-06,11.89,12.11,11.59,12.11,6100
2016-12-07,11.89,12.11,11.89,12.11,11400
2016-12-08,12.03,12.11,11.96,11.96,16300
2016-12-09,11.66,12.71,11.06,12.71,8700
2016-12-12,12.03,12.11,11.66,11.74,11800
2016-12-13,11.74,11.96,11.66,11.96,4700
2016-12-14,11.96,11.96,11.96,11.96,0
2016-12-15,11.81,12.33,11.81,12.33,4200
2016-12-16,12.33,12.33,11.96,11.96,6600
2016-12-19,11.89,12.11,11.81,12.11,6400
2016-12-20,11.96,11.96,11.89,11.96,2300
2016-12-21,12.33,12.33,12.33,12.33,2000
2016-12-22,12.33,12.33,12.11,12.18,7400
2016-12-23,11.96,12.93,11.96,12.93,13300
2016-12-26,12.86,12.86,12.56,12.71,7400
2016-12-27,12.86,12.86,12.03,12.78,7700
2016-12-28,12.18,12.18,12.18,12.18,800
2016-12-29,12.18,12.26,12.18,12.26,7900
2016-12-30,12.56,12.71,12.48,12.71,6500
2017-01-03,12.18,12.18,12.11,12.11,2500
2017-01-04,12.18,12.18,12.11,12.11,6400
2017-01-05,12.18,12.26,12.11,12.26,9500
2017-01-06,12.33,12.56,12.33,12.33,11000
2017-01-09,12.33,12.33,12.33,12.33,1000
2017-01-10,12.33,12.33,12.11,12.33,2000
2017-01-11,12.11,12.33,12.11,12.11,10400
2017-01-12,12.11,12.11,12.11,12.11,1500
2017-01-13,12.11,12.11,12.11,12.11,0
2017-01-16,12.11,12.11,12.03,12.03,9500
2017-01-17,12.03,12.03,12.03,12.03,0
2017-01-18,12.03,12.03,11.96,11.96,4000
2017-01-19,12.33,12.33,12.33,12.33,100
2017-01-20,11.96,11.96,11.96,11.96,1500
2017-01-23,11.96,12.33,11.96,11.96,2400
2017-01-24,11.96,11.96,11.96,11.96,0
2017-01-25,11.96,11.96,11.96,11.96,0
2017-02-02,12.26,12.26,12.26,12.26,1000
2017-02-03,12.26,12.26,12.26,12.26,0
2017-02-06,12.26,12.26,11.96,11.96,2300
2017-02-07,12.18,12.18,12.18,12.18,4000
2017-02-08,12.18,12.18,12.18,12.18,0
2017-02-09,12.18,12.18,12.18,12.18,0
2017-02-10,12.26,12.41,12.26,12.33,4000
2017-02-13,12.03,12.03,12.03,12.03,600
2017-02-14,11.96,12.03,11.96,12.03,8300
2017-02-15,11.96,12.03,11.96,12.03,3500
2017-02-16,12.03,12.33,11.96,12.33,21400
2017-02-17,11.96,12.03,11.89,11.89,16100
2017-02-20,11.96,12.11,11.89,12.11,16600
2017-02-21,12.03,12.18,12.03,12.18,17300
2017-02-22,12.18,12.18,12.03,12.03,8000
2017-02-23,12.11,12.11,12.03,12.03,9400
2017-02-24,12.03,12.56,12.03,12.56,31900
2017-02-27,12.56,12.93,12.56,12.93,17400
2017-02-28,12.86,12.86,12.18,12.86,9700
2017-03-01,12.26,12.26,12.11,12.18,2000
2017-03-02,12.71,12.71,12.71,12.71,2000
2017-03-03,12.71,12.71,12.71,12.71,0
2017-03-06,12.56,12.56,12.11,12.11,1300
2017-03-07,12.18,12.18,12.11,12.11,14500
2017-03-08,12.11,12.11,12.11,12.11,6100
2017-03-09,12.11,12.26,12.11,12.11,10400
2017-03-10,12.03,12.18,11.96,12.18,9200
2017-03-13,12.48,12.48,12.26,12.48,15800
2017-03-14,12.33,12.33,12.18,12.18,1200
2017-03-15,12.03,12.11,12.03,12.11,1000
2017-03-16,12.03,12.03,11.96,11.96,4300
2017-03-17,11.96,11.96,11.96,11.96,13900
2017-03-20,12.03,12.03,11.96,11.96,2000
2017-03-21,11.96,12.11,11.89,11.96,10900
2017-03-22,12.03,12.03,11.96,11.96,30600
2017-03-23,11.96,11.96,11.89,11.89,400
2017-03-24,11.89,11.89,11.89,11.89,1500
2017-03-27,11.96,11.96,11.96,11.96,1300
2017-03-28,11.96,11.96,11.74,11.74,6100
2017-03-29,11.66,12.18,11.66,11.81,14000
2017-03-30,11.89,11.89,11.81,11.81,2000
2017-03-31,11.74,11.74,11.74,11.74,1000
2017-04-03,11.74,11.81,11.74,11.74,5900
2017-04-04,11.74,11.74,11.74,11.74,0
2017-04-05,11.74,11.74,11.74,11.74,3900
2017-04-07,11.74,11.74,11.74,11.74,5100
2017-04-10,11.81,11.81,11.74,11.74,8200
2017-04-11,11.96,11.96,11.81,11.81,2400
2017-04-12,11.96,11.96,11.81,11.81,200
2017-04-13,11.81,11.81,11.81,11.81,3000
2017-04-14,11.81,11.81,11.59,11.59,6200
2017-04-17,11.81,11.81,11.66,11.66,2300
2017-04-18,11.66,11.74,11.66,11.74,200
2017-04-19,11.74,11.74,11.66,11.66,11900
2017-04-20,11.66,11.66,11.06,11.66,800
2017-04-21,11.66,11.66,11.66,11.66,0
2017-04-24,11.66,11.66,11.59,11.59,6500
2017-04-25,11.51,11.51,11.44,11.44,8200
2017-04-26,11.36,11.36,11.21,11.36,5500
2017-04-27,11.36,11.44,11.36,11.44,1700
2017-04-28,11.44,11.44,11.36,11.36,2300
2017-05-03,11.44,11.44,11.44,11.44,1700
2017-05-04,11.59,11.66,11.59,11.66,1600
2017-05-05,11.74,11.74,11.74,11.74,100
2017-05-08,11.66,11.66,11.21,11.59,2700
2017-05-09,11.59,11.59,11.59,11.59,300
2017-05-10,11.59,11.59,11.36,11.36,2600
2017-05-11,11.66,11.66,11.66,11.66,1100
2017-05-12,11.44,11.66,11.44,11.66,800
2017-05-15,11.74,11.96,11.74,11.96,20600
2017-05-16,11.96,11.96,11.66,11.96,9400
2017-05-17,11.66,11.66,11.36,11.36,4000
2017-05-18,11.59,11.66,11.59,11.66,4700
2017-05-19,11.74,11.74,11.36,11.36,16700
2017-05-22,11.74,11.74,11.66,11.66,4000
2017-05-23,11.44,11.74,11.36,11.74,2800
2017-05-24,11.44,11.44,11.44,11.44,3700
2017-05-25,11.74,11.97,11.51,11.97,8900
2017-05-26,11.74,11.74,11.74,11.74,10600
2017-05-29,11.74,11.9,11.74,11.74,8600
2017-05-30,11.74,11.74,11.74,11.74,500
2017-05-31,11.67,11.67,11.67,11.67,10600
2017-06-01,11.36,11.67,11.36,11.67,2200
2017-06-02,11.59,11.59,11.51,11.51,3700
2017-06-05,11.36,11.74,11.36,11.74,2800
2017-06-06,11.74,11.74,11.74,11.74,0
2017-06-07,11.74,11.74,11.51,11.51,15700
2017-06-08,11.67,11.67,11.21,11.21,14600
2017-06-09,11.36,11.36,11.21,11.36,17000
2017-06-12,11.36,11.51,11.36,11.51,1700
2017-06-13,11.51,11.51,11.44,11.44,600
2017-06-14,11.51,11.67,11.51,11.51,13100
2017-06-15,11.51,11.74,11.51,11.74,1700
2017-06-16,11.67,11.74,11.67,11.74,900
2017-06-19,11.67,11.67,11.51,11.51,14100
2017-06-20,11.67,11.74,11.67,11.67,2700
2017-06-21,11.36,11.44,11.36,11.36,4100
2017-06-22,11.44,11.44,11.36,11.44,14300
2017-06-23,11.21,11.51,11.21,11.44,24900
2017-06-26,11.51,11.51,11.36,11.36,300
2017-06-27,11.51,11.51,11.44,11.44,4800
2017-06-28,11.28,11.67,11.28,11.67,6000
2017-06-29,11.51,11.9,11.44,11.44,24300
2017-06-30,11.44,11.82,11.44,11.82,4100
2017-07-03,11.44,11.44,11.21,11.44,4400
2017-07-04,11.36,11.51,11.36,11.44,11500
2017-07-05,11.44,11.59,11.44,11.59,12000
2017-07-06,11.36,11.67,11.36,11.67,10900
2017-07-07,11.51,11.59,11.44,11.51,6300
2017-07-10,11.59,11.59,11.59,11.59,100
2017-07-11,11.59,11.82,11.59,11.82,12900
2017-07-12,11.59,11.59,11.51,11.59,2100
2017-07-13,11.51,11.51,11.51,11.51,5500
2017-07-14,11.36,11.59,11.21,11.36,1800
2017-07-17,11.28,11.36,11.28,11.36,1400
2017-07-18,11.28,11.44,11.21,11.44,5500
2017-07-19,11.36,11.36,11.28,11.36,8300
2017-07-20,11.51,11.67,11.13,11.36,11500
2017-07-21,11.36,11.36,11.36,11.36,0
2017-07-24,11.28,11.28,11.21,11.21,19800
2017-07-25,11.21,11.21,11.13,11.13,9300
2017-07-26,11.13,11.21,11.13,11.21,3100
2017-07-27,11.21,11.28,11.21,11.28,7600
2017-07-28,11.28,11.36,11.28,11.36,1400
2017-07-31,11.36,11.36,11.36,11.36,0
2017-08-01,11.21,11.21,10.9,10.98,3900
2017-08-02,11.13,11.13,11.05,11.05,12200
2017-08-03,11.13,11.13,11.13,11.13,6900
2017-08-04,11.13,11.21,11.13,11.21,14800
2017-08-07,11.13,11.21,11.05,11.21,6900
2017-08-08,11.05,11.13,11.05,11.13,1200
2017-08-09,11.13,11.67,11.13,11.13,7300
2017-08-10,11.05,11.05,10.98,11.05,5700
2017-08-11,10.9,10.9,10.9,10.9,800
2017-08-14,10.82,11.36,10.82,11.13,17400
2017-08-15,11.13,11.13,11.13,11.13,0
2017-08-16,11.05,11.05,11.05,11.05,100
2017-08-17,10.9,11.05,10.75,11.05,9300
2017-08-18,10.75,10.98,10.75,10.9,1800
2017-08-21,10.98,10.98,10.9,10.9,2500
2017-08-22,10.9,10.9,10.9,10.9,0
2017-08-23,10.82,10.82,10.82,10.82,200
2017-08-24,10.82,10.9,10.82,10.82,4700
2017-08-25,11.21,11.21,11.21,11.21,2000
2017-08-28,10.9,10.9,10.9,10.9,1000
2017-08-29,10.98,10.98,10.98,10.98,5000
2017-08-30,10.98,10.98,10.98,10.98,0
2017-08-31,10.82,10.82,10.13,10.13,1000
2017-09-01,10.52,10.52,10.52,10.52,100
2017-09-05,10.44,10.52,10.36,10.44,8400
2017-09-06,10.44,10.44,10.21,10.21,6700
2017-09-07,10.36,10.75,10.36,10.75,14400
2017-09-08,10.75,10.75,10.75,10.75,0
2017-09-11,10.52,10.75,10.44,10.44,8700
2017-09-12,10.52,10.75,10.52,10.59,1600
2017-09-13,10.67,10.67,10.44,10.67,6800
2017-09-14,10.67,10.67,10.67,10.67,0
2017-09-15,10.44,10.44,10.36,10.36,5700
2017-09-18,10.28,10.36,10.21,10.36,5200
2017-09-19,10.36,10.44,10.13,10.13,13100
2017-09-20,10.05,10.44,10.05,10.44,3700
2017-09-21,10.21,10.44,10.21,10.36,5800
2017-09-22,10.36,10.36,10.36,10.36,1200
2017-09-25,10.36,10.36,10.21,10.21,6500
2017-09-26,10.13,10.28,10.13,10.21,9700
2017-09-27,10.13,10.21,10.13,10.21,7200
2017-09-28,10.13,11.21,10.13,11.21,12100
2017-09-29,10.44,10.75,10.21,10.75,11100
2017-10-02,9.98,9.98,9.98,9.98,4700
2017-10-03,10.05,10.28,9.98,9.98,3200
2017-10-04,9.9,10.05,9.9,9.98,1800
2017-10-05,10.13,10.13,10.13,10.13,1000
2017-10-06,9.44,10.05,9.44,9.82,8100
2017-10-09,9.82,9.82,9.59,9.82,600
2017-10-10,9.82,9.82,9.82,9.82,0
2017-10-11,9.75,9.75,9.59,9.59,8700
2017-10-12,9.67,9.67,9.67,9.67,6000
2017-10-13,9.67,9.67,9.67,9.67,500
2017-10-16,9.67,9.67,9.67,9.67,0
2017-10-17,9.67,9.67,9.67,9.67,0
2017-10-18,9.52,9.67,9.36,9.36,8000
2017-10-19,9.59,9.59,9.21,9.21,7600
2017-10-20,9.98,9.98,9.59,9.98,8000
2017-10-23,9.75,9.75,9.75,9.75,3000
2017-10-24,9.67,9.67,9.59,9.59,7700
2017-10-25,9.98,9.98,9.98,9.98,1000
2017-10-26,9.98,9.98,9.98,9.98,0
2017-10-27,9.36,9.36,9.21,9.21,1900
2017-10-30,9.36,9.98,9.36,9.98,10100
2017-10-31,9.21,9.52,9.21,9.52,600
2017-11-01,9.52,9.52,9.52,9.52,0
2017-11-02,9.52,9.52,9.52,9.52,0
2017-11-03,9.52,9.52,9.52,9.52,4000
2017-11-06,9.52,9.52,9.52,9.52,0
2017-11-07,9.98,9.98,9.75,9.75,200
2017-11-08,9.9,9.9,9.9,9.9,500
2017-11-09,9.98,9.98,9.98,9.98,1000
2017-11-10,9.67,9.67,9.67,9.67,800
2017-11-13,9.67,9.67,9.67,9.67,3400
2017-11-14,9.67,9.67,9.67,9.67,0
2017-11-15,9.67,9.67,9.67,9.67,0
2017-11-16,9.67,9.67,9.29,9.29,44200
2017-11-17,9.29,9.98,9.29,9.29,101700
2017-11-20,9.82,9.82,9.21,9.29,53000
2017-11-21,9.29,9.44,9.29,9.29,57300
2017-11-22,9.36,9.44,9.36,9.36,35200
2017-11-23,9.29,9.44,9.29,9.36,28500
2017-11-24,9.36,9.44,9.36,9.44,39700
2017-11-27,9.29,9.29,9.21,9.29,8500
2017-11-28,9.21,9.36,9.21,9.36,54400
2017-11-29,9.29,9.59,9.29,9.52,166900
2017-11-30,9.36,9.9,9.29,9.9,105600
2017-12-01,9.67,9.67,9.67,9.67,100
2017-12-04,9.67,9.75,9.52,9.75,62300
2017-12-05,9.98,9.98,9.67,9.9,61000
2017-12-06,9.9,9.98,9.67,9.98,49200
2017-12-07,9.98,10.05,9.82,9.82,21100
2017-12-08,9.82,9.82,9.82,9.82,0
2017-12-11,9.75,9.82,9.59,9.82,28500
2017-12-12,9.36,9.82,9.21,9.82,33800
2017-12-13,9.82,9.82,9.82,9.82,2000
2017-12-14,9.82,9.82,9.82,9.82,0
2017-12-15,9.82,9.82,9.59,9.75,5900
2017-12-18,9.9,9.9,9.67,9.67,3400
2017-12-19,9.9,9.9,9.9,9.9,11900
2017-12-20,9.9,10.36,9.9,10.36,14500
2017-12-21,10.36,10.36,9.82,10.36,4400
2017-12-22,9.67,9.67,9.67,9.67,1900
2017-12-25,9.59,9.98,9.52,9.98,10800
2017-12-26,9.59,9.98,9.52,9.59,3900
2017-12-27,9.9,10.36,9.9,10.28,5600
2017-12-28,9.44,10.21,9.44,10.21,13700
2017-12-29,9.44,10.21,9.44,10.21,11300
2018-01-02,9.67,9.98,9.67,9.98,1200
2018-01-03,9.98,9.98,9.98,9.98,700
2018-01-04,9.98,9.98,9.52,9.9,14100
2018-01-05,9.9,9.9,9.67,9.9,2300
2018-01-08,9.9,10.59,9.59,9.67,8600
2018-01-09,9.67,9.75,9.59,9.75,6900
2018-01-10,9.52,9.52,9.52,9.52,3000
2018-01-11,9.52,9.52,9.44,9.44,2000
2018-01-12,9.44,9.44,9.44,9.44,0
2018-01-15,9.59,9.75,9.36,9.75,7700
2018-01-16,9.36,9.67,9.36,9.44,7000
2018-01-17,9.52,9.52,9.52,9.52,19500
2018-01-18,9.52,9.52,9.52,9.52,6000
2018-01-19,9.52,9.59,9.44,9.59,6600
2018-01-22,9.59,9.82,9.59,9.59,15800
2018-01-23,9.9,9.9,9.82,9.9,14200
2018-01-24,9.9,10.21,9.9,9.98,34100
2018-01-25,9.67,10.05,9.67,9.75,8000
2018-01-26,9.44,9.75,9.44,9.67,35600
2018-01-29,9.82,9.98,9.82,9.98,40000
2018-01-30,9.98,10.05,9.98,9.98,22200
2018-01-31,9.98,9.98,9.98,9.98,25400
2018-02-01,9.98,9.98,9.98,9.98,91700
2018-02-02,10.05,10.13,10.05,10.05,117100
2018-02-05,10.05,10.05,9.75,9.75,58500
2018-02-06,9.59,9.59,9.21,9.59,28300
2018-02-07,9.75,9.75,9.59,9.59,26500
2018-02-08,9.59,9.59,9.59,9.59,0
2018-02-09,8.67,9.52,8.67,9.44,12600
2018-02-12,9.98,10.13,9.67,9.98,75600
2018-02-13,10.21,10.21,10.21,10.21,2000
2018-02-21,10.13,10.13,9.67,9.67,2500
2018-02-22,9.67,9.67,9.67,9.67,0
2018-02-23,9.59,9.59,9.59,9.59,16000
2018-02-26,9.75,9.98,9.75,9.82,21400
2018-02-27,9.67,9.67,9.44,9.52,12400
2018-02-28,9.59,9.98,9.59,9.98,6100
2018-03-01,9.59,10.05,9.59,9.98,5800
2018-03-02,9.98,9.98,9.98,9.98,5000
2018-03-05,9.59,9.98,9.52,9.98,8700
2018-03-06,9.98,9.98,9.9,9.9,1100
2018-03-07,9.98,9.98,9.82,9.82,2800
2018-03-08,9.98,9.98,9.82,9.9,4700
2018-03-09,9.98,9.98,9.98,9.98,10000
2018-03-12,10.05,10.05,10.05,10.05,9800
2018-03-13,9.98,10.05,9.98,10.05,4000
2018-03-14,9.75,10.05,9.67,10.05,18300
2018-03-15,10.05,10.05,10.05,10.05,0
2018-03-16,10.05,10.05,10.05,10.05,0
2018-03-19,10.05,10.05,10.05,10.05,9300
2018-03-20,9.9,9.9,9.9,9.9,1000
2018-03-21,9.75,9.98,9.75,9.98,8200
2018-03-22,9.75,9.98,9.75,9.98,11000
2018-03-23,9.82,9.82,9.82,9.82,700
2018-03-26,9.82,9.82,9.67,9.82,23000
2018-03-27,9.75,9.82,9.75,9.82,5300
2018-03-28,9.67,9.67,9.67,9.67,200
2018-03-29,9.67,9.67,9.67,9.67,9800
2018-03-30,9.82,9.82,9.82,9.82,500
2018-04-02,9.75,9.75,9.67,9.67,4300
2018-04-03,9.52,9.67,9.52,9.67,5500
2018-04-04,9.52,9.59,9.44,9.59,8300
2018-04-05,9.67,9.75,9.67,9.75,3000
2018-04-06,9.67,9.67,9.67,9.67,4500
2018-04-09,9.67,9.75,9.67,9.67,4000
2018-04-10,9.67,9.67,9.44,9.59,17500
2018-04-11,9.59,9.67,9.59,9.59,33100
2018-04-12,9.21,9.67,9.21,9.52,49400
2018-04-13,9.67,9.75,9.67,9.67,2600
2018-04-16,9.59,9.67,9.59,9.67,5200
2018-04-17,9.59,9.59,9.59,9.59,4500
2018-04-18,9.59,9.67,9.29,9.29,2200
2018-04-19,9.59,9.75,9.59,9.75,5000
2018-04-20,9.75,9.75,9.59,9.67,3600
2018-04-23,9.29,9.67,9.29,9.29,1400
2018-04-24,9.59,9.59,9.59,9.59,2800
2018-04-26,9.59,9.59,9.59,9.59,10000
2018-04-27,9.44,9.44,9.44,9.44,1100
2018-05-02,8.83,9.36,8.83,9.36,2000
2018-05-03,9.21,9.21,9.21,9.21,100
2018-05-04,9.21,9.21,9.21,9.21,0
2018-05-07,9.21,9.21,8.75,8.75,5800
2018-05-08,9.13,9.13,9.13,9.13,100
2018-05-09,9.13,9.13,9.13,9.13,0
2018-05-10,8.52,8.52,8.44,8.44,1900
2018-05-11,8.44,8.44,8.44,8.44,0
2018-05-14,8.44,8.44,8.44,8.44,0
2018-05-15,9.06,9.06,9.06,9.06,100
2018-05-16,9.06,9.06,9.06,9.06,2900
2018-05-17,8.52,9.06,8.44,9.06,3400
2018-05-18,8.44,9.13,8.44,9.13,3100
2018-05-21,8.83,8.83,8.83,8.83,2100
2018-05-22,9.06,9.06,9.06,9.06,100
2018-05-23,9.06,9.13,8.9,9.13,4000
2018-05-24,9.21,9.52,9.21,9.52,3000
2018-05-25,9.52,9.52,9.44,9.44,27000
2018-05-28,9.44,9.44,8.83,8.83,8500
2018-05-29,9.59,9.67,9.36,9.44,5600
2018-05-30,9.36,9.36,9.36,9.36,3000
2018-05-31,9.21,9.82,9.21,9.82,6500
2018-06-01,9.75,9.82,9.59,9.75,8300
2018-06-04,9.21,9.75,9.21,9.75,3600
2018-06-05,9.75,9.75,9.75,9.75,0
2018-06-06,9.59,9.9,9.59,9.9,4900
2018-06-07,9.82,9.9,9.82,9.9,6500
2018-06-08,9.9,9.9,9.9,9.9,3000
2018-06-11,9.29,9.75,9.21,9.75,5100
2018-06-12,9.67,9.75,9.36,9.75,9100
2018-06-13,9.59,9.59,9.59,9.59,6600
2018-06-14,9.59,9.59,9.59,9.59,5000
2018-06-15,9.59,9.59,9.44,9.44,10800
2018-06-18,9.9,9.9,9.59,9.59,4200
2018-06-19,9.82,9.9,9.59,9.59,16100
2018-06-20,9.59,9.59,9.59,9.59,0
2018-06-21,9.36,9.36,9.36,9.36,300
2018-06-22,9.82,9.82,9.82,9.82,600
2018-06-25,9.29,9.29,9.29,9.29,300
2018-06-26,9.29,9.29,9.29,9.29,8900
2018-06-27,9.29,9.29,9.29,9.29,0
2018-06-28,9.29,9.29,9.29,9.29,0
2018-06-29,8.98,8.98,8.98,8.98,1000
2018-07-02,8.98,8.98,8.98,8.98,0
2018-07-03,8.98,8.98,8.98,8.98,1600
2018-07-04,8.98,8.98,8.98,8.98,0
2018-07-05,8.98,8.98,8.98,8.98,0
2018-07-06,8.98,8.98,8.98,8.98,0
2018-07-09,8.98,8.98,8.98,8.98,900
2018-07-10,9.06,9.06,9.06,9.06,1800
2018-07-11,9.06,9.06,9.06,9.06,0
2018-07-12,9.06,9.06,9.06,9.06,0
2018-07-13,8.52,8.9,8.52,8.9,1400
2018-07-16,8.9,8.9,8.9,8.9,100
2018-07-17,8.9,8.9,8.9,8.9,0
2018-07-18,8.9,8.9,8.9,8.9,4000
2018-07-19,8.9,8.9,8.9,8.9,300
2018-07-20,8.9,8.9,8.9,8.9,0
2018-07-23,8.9,8.9,8.9,8.9,0
2018-07-24,8.67,8.67,8.67,8.67,100
2018-07-25,8.67,8.83,8.67,8.83,700
2018-07-26,8.83,8.83,8.44,8.44,3800
2018-07-27,8.67,8.67,8.67,8.67,900
2018-07-30,8.92,9.16,8.92,9.16,700
2018-07-31,9.48,9.48,9.48,9.48,2000
2018-08-01,9.48,9.48,9.48,9.48,200
2018-08-02,9.32,9.32,8.84,9.08,6000
2018-08-03,9.08,9.08,9.08,9.08,100
2018-08-06,9.08,9.08,9.08,9.08,0
2018-08-07,8.92,8.92,8.75,8.75,2000
2018-08-08,8.75,8.75,8.75,8.75,0
2018-08-09,8.84,8.84,8.84,8.84,100
2018-08-10,8.84,8.84,8.84,8.84,0
2018-08-13,8.84,9.32,8.84,9.32,2100
2018-08-14,8.92,9.08,8.51,8.51,2700
2018-08-15,8.59,9.0,8.51,8.51,3300
2018-08-16,8.51,8.51,8.51,8.51,0
2018-08-17,9.32,9.32,9.32,9.32,200
2018-08-20,9.32,9.32,9.32,9.32,0
2018-08-21,9.32,9.32,9.32,9.32,0
2018-08-22,8.59,8.92,8.59,8.92,5300
2018-08-23,8.92,8.92,8.92,8.92,0
2018-08-24,9.73,9.73,9.73,9.73,3700
2018-08-27,9.97,9.97,9.73,9.73,1300
2018-08-28,9.73,9.73,9.73,9.73,0
2018-08-29,9.73,9.73,9.73,9.73,0
2018-08-30,9.73,9.73,9.73,9.73,0
2018-08-31,9.73,10.05,9.08,10.05,6100
2018-09-04,10.05,10.05,10.05,10.05,0
2018-09-05,9.73,9.73,9.16,9.16,3700
2018-09-06,8.67,8.67,8.67,8.67,2900
2018-09-07,8.67,8.67,8.67,8.67,800
2018-09-10,8.67,8.67,8.67,8.67,0
2018-09-11,8.67,8.67,8.67,8.67,0
2018-09-12,8.92,8.92,8.92,8.92,500
2018-09-13,8.92,8.92,8.92,8.92,1900
2018-09-14,8.92,8.92,8.92,8.92,3800
2018-09-17,8.92,8.92,8.92,8.92,0
2018-09-18,8.92,8.92,8.92,8.92,600
2018-09-19,8.84,8.84,8.75,8.75,500
2018-09-20,8.75,8.75,8.75,8.75,0
2018-09-21,8.75,8.75,8.75,8.75,0
2018-09-24,8.19,8.27,8.19,8.27,6400
2018-09-25,8.27,8.27,8.27,8.27,100
2018-09-26,8.75,8.84,8.75,8.84,3000
2018-09-27,8.84,8.84,8.84,8.84,1200
2018-09-28,8.84,9.24,8.51,9.24,5200
2018-10-01,8.59,9.24,8.59,9.24,1000
2018-10-02,9.24,9.24,9.24,9.24,0
2018-10-03,8.51,8.92,8.51,8.92,2800
2018-10-04,8.59,8.84,8.51,8.84,4600
2018-10-05,8.92,9.65,8.92,9.65,13200
2018-10-08,10.05,10.54,10.05,10.54,154100
2018-10-09,10.54,11.35,10.21,10.21,14100
2018-10-10,10.21,10.21,10.21,10.21,5100
2018-10-11,9.48,9.48,9.24,9.24,12100
2018-10-12,8.35,9.16,8.35,9.16,28300
2018-10-15,8.75,9.4,8.59,9.4,3200
2018-10-16,9.4,9.4,8.92,8.92,3400
2018-10-17,8.92,9.16,8.51,8.67,8800
2018-10-18,8.67,9.48,8.67,8.75,14300
2018-10-19,8.75,8.75,8.67,8.67,1000
2018-10-22,9.4,9.4,8.75,9.4,2400
2018-10-23,10.13,10.13,9.4,9.4,200
2018-10-24,10.13,10.13,8.67,8.67,1600
2018-10-25,9.16,9.16,8.51,9.08,9900
2018-10-26,9.48,9.48,9.08,9.08,4100
2018-10-29,8.92,9.16,8.92,9.0,4800
2018-10-30,8.92,9.32,8.75,9.32,4000
2018-10-31,9.24,9.24,9.24,9.24,100
2018-11-01,8.51,9.0,8.51,9.0,38100
2018-11-02,9.0,9.0,9.0,9.0,0
2018-11-05,9.0,9.89,9.0,9.89,16500
2018-11-06,9.89,9.89,9.89,9.89,0
2018-11-07,9.89,9.89,9.89,9.89,0
2018-11-08,9.81,10.86,9.81,10.78,84600
2018-11-09,10.13,10.13,10.13,10.13,500
2018-11-12,10.13,10.13,10.05,10.05,3100
2018-11-13,9.16,9.16,9.16,9.16,300
2018-11-14,9.16,9.16,9.16,9.16,0
2018-11-15,8.92,8.92,8.92,8.92,1700
2018-11-16,8.35,9.73,8.35,9.73,29000
2018-11-19,9.73,9.73,9.73,9.73,0
2018-11-20,10.29,10.29,9.73,9.89,400
2018-11-21,10.62,10.62,9.0,9.0,29300
2018-11-22,8.67,8.67,8.67,8.67,600
2018-11-23,8.43,8.43,8.11,8.11,14500
2018-11-26,8.19,8.92,8.19,8.92,30800
2018-11-27,8.92,8.92,8.92,8.92,100
2018-11-28,9.48,9.48,9.48,9.48,100
2018-11-29,9.4,10.05,9.4,10.05,400
2018-11-30,10.05,10.05,10.05,10.05,0
2018-12-03,10.29,10.29,9.32,9.32,36600
2018-12-04,9.32,9.32,9.24,9.24,2900
2018-12-05,8.92,9.73,8.51,9.73,7200
2018-12-06,9.4,9.4,8.84,8.84,2400
2018-12-07,8.84,9.56,8.84,9.56,22400
2018-12-10,9.56,9.56,9.56,9.56,0
2018-12-11,9.4,9.48,9.4,9.4,6900
2018-12-12,8.84,9.48,8.84,9.48,1100
2018-12-13,8.67,8.67,8.67,8.67,300
2018-12-14,8.67,8.67,8.51,8.51,1800
2018-12-17,9.24,9.24,9.24,9.24,3000
2018-12-18,8.67,9.32,8.59,9.32,4600
2018-12-19,9.08,10.13,9.08,10.13,33700
2018-12-20,10.13,10.13,10.13,10.13,0
2018-12-21,9.16,9.16,9.16,9.16,1600
2018-12-24,9.16,9.16,9.16,9.16,0
2018-12-25,8.92,9.65,8.75,8.84,5900
2018-12-26,8.67,8.67,8.67,8.67,200
2018-12-27,9.52,9.52,9.52,9.52,1500
2018-12-28,9.43,10.44,9.43,10.44,6500
2019-01-02,10.44,10.44,10.1,10.1,2500
2019-01-03,10.1,10.1,10.1,10.1,0
2019-01-04,9.26,10.27,9.09,10.27,1400
2019-01-07,10.27,10.27,9.35,9.35,2100
2019-01-08,9.35,9.35,9.35,9.35,0
2019-01-09,9.09,9.09,8.93,8.93,1300
2019-01-10,8.93,8.93,8.93,8.93,0
2019-01-11,9.01,9.26,9.01,9.01,5400
2019-01-14,8.93,8.93,8.93,8.93,3000
2019-01-15,9.52,9.52,9.52,9.52,200
2019-01-16,9.52,9.52,9.52,9.52,0
2019-01-17,9.52,9.52,9.52,9.52,0
2019-01-18,9.26,9.26,8.93,8.93,3500
2019-01-21,8.93,8.93,8.93,8.93,0
2019-01-22,8.93,8.93,8.93,8.93,800
2019-01-23,8.93,9.35,8.84,8.93,3800
2019-01-24,9.35,9.35,9.35,9.35,5000
2019-01-25,9.35,9.35,9.35,9.35,0
2019-01-28,9.09,9.09,9.01,9.01,800
2019-01-29,9.01,9.01,8.67,8.67,6500
2019-01-30,9.09,9.09,9.09,9.09,100
2019-01-31,8.5,8.93,8.5,8.93,1600
2019-02-01,8.93,9.09,8.93,9.09,2900
2019-02-11,8.84,9.18,8.84,9.18,6000
2019-02-12,9.09,9.09,8.93,9.09,6300
2019-02-13,8.93,9.26,8.93,9.26,4400
2019-02-14,9.26,9.26,9.26,9.26,0
2019-02-15,9.26,9.26,9.26,9.26,1500
2019-02-18,9.26,9.26,9.26,9.26,0
2019-02-19,9.26,9.26,9.26,9.26,8500
2019-02-20,9.52,9.52,9.26,9.26,2100
2019-02-21,9.26,9.26,9.26,9.26,0
2019-02-22,9.26,9.26,9.26,9.26,0
2019-02-25,9.26,9.26,9.26,9.26,0
2019-02-26,9.26,9.26,9.26,9.26,0
2019-02-27,8.93,8.93,8.93,8.93,200
2019-02-28,8.93,8.93,8.93,8.93,0
2019-03-01,8.93,9.35,8.93,8.93,3300
2019-03-04,8.93,8.93,8.93,8.93,0
2019-03-05,8.93,8.93,8.93,8.93,0
2019-03-06,9.09,9.09,9.09,9.09,5000
2019-03-07,9.18,9.18,9.18,9.18,100
2019-03-08,9.09,9.09,9.01,9.01,3200
2019-03-11,9.01,9.01,9.01,9.01,0
2019-03-12,9.09,9.09,9.09,9.09,100
2019-03-13,9.09,9.09,9.09,9.09,1000
2019-03-14,9.18,9.52,9.18,9.52,11300
2019-03-15,9.52,9.52,9.52,9.52,0
2019-03-18,9.52,9.52,9.52,9.52,0
2019-03-19,9.26,9.26,9.09,9.09,2200
2019-03-20,9.26,9.43,9.26,9.26,12500
2019-03-21,9.26,9.26,9.26,9.26,0
2019-03-22,9.26,9.26,9.26,9.26,0
2019-03-25,9.26,9.26,9.26,9.26,7500
2019-03-26,9.26,9.26,9.26,9.26,0
2019-03-27,9.26,9.26,9.26,9.26,1500
2019-03-28,9.26,9.26,9.26,9.26,0
2019-03-29,9.26,9.26,9.26,9.26,2900
2019-04-01,9.26,9.26,9.26,9.26,0
2019-04-02,9.26,9.26,9.26,9.26,3200
2019-04-03,9.26,9.26,9.26,9.26,3400
2019-04-04,9.26,9.26,9.26,9.26,3600
2019-04-05,9.26,9.26,9.26,9.26,0
2019-04-08,9.26,9.26,9.26,9.26,5500
2019-04-09,9.26,9.26,9.26,9.26,200
2019-04-10,9.94,9.94,9.94,9.94,100
2019-04-11,9.26,9.26,9.26,9.26,5700
2019-04-12,9.26,9.26,9.26,9.26,0
2019-04-16,9.85,9.85,9.85,9.85,100
2019-04-17,9.68,9.68,9.26,9.26,2200
2019-04-18,9.26,9.26,9.26,9.26,0
2019-04-19,9.26,9.26,9.26,9.26,600
2019-04-22,9.85,9.85,9.26,9.26,1000
2019-04-23,9.26,9.26,9.26,9.26,0
2019-04-24,9.26,9.26,9.26,9.26,0
2019-04-25,9.26,9.26,9.26,9.26,0
2019-04-26,9.26,9.26,9.26,9.26,0
2019-05-02,9.26,9.26,9.26,9.26,2600
2019-05-03,8.84,8.84,8.84,8.84,700
2019-05-06,9.6,9.6,8.5,9.18,6700
2019-05-07,9.26,9.85,9.26,9.26,1200
2019-05-08,9.6,9.6,9.26,9.26,500
2019-05-09,9.26,9.26,9.26,9.26,0
2019-05-10,9.18,9.43,8.59,8.59,3700
2019-05-13,9.09,9.09,9.09,9.09,100
2019-05-14,8.67,8.93,8.67,8.76,6200
2019-05-15,8.76,9.52,8.59,9.18,4400
2019-05-16,9.85,9.85,8.84,9.18,1500
2019-05-17,9.26,9.26,9.26,9.26,100
2019-05-20,9.26,9.26,9.26,9.26,0
2019-05-21,9.18,9.68,9.18,9.68,6500
2019-05-22,9.35,9.35,9.26,9.26,2100
2019-05-23,9.26,9.26,9.26,9.26,1300
2019-05-24,9.01,9.01,8.84,8.84,800
2019-05-27,9.26,9.26,9.26,9.26,6300
2019-05-28,9.26,9.26,9.26,9.26,0
2019-05-29,8.59,9.43,8.59,9.43,900
2019-05-30,9.26,9.26,9.26,9.26,2000
2019-05-31,8.84,9.26,8.67,9.26,1700
2019-06-03,9.09,9.09,8.84,9.09,2900
2019-06-04,8.84,8.84,8.84,8.84,200
2019-06-05,8.84,8.84,8.84,8.84,1400
2019-06-06,8.84,8.84,8.67,8.67,7000
2019-06-07,8.67,8.67,8.67,8.67,0
2019-06-10,8.67,8.84,8.59,8.76,3800
2019-06-11,8.67,8.67,8.67,8.67,1000
2019-06-12,8.84,8.84,8.59,8.59,8400
2019-06-13,8.59,8.76,8.59,8.59,6900
2019-06-14,8.76,8.76,8.76,8.76,1000
2019-06-17,8.76,8.76,8.59,8.59,3200
2019-06-18,8.59,8.59,8.59,8.59,0
2019-06-19,8.59,8.59,8.59,8.59,2000
2019-06-20,8.42,8.59,8.42,8.59,1600
2019-06-21,8.59,8.59,8.59,8.59,2900
2019-06-24,8.59,8.59,8.59,8.59,0
2019-06-25,8.42,8.59,8.42,8.42,7100
2019-06-26,8.59,8.67,8.59,8.67,1700
2019-06-27,8.5,8.5,8.5,8.5,100
2019-06-28,8.5,8.5,8.5,8.5,600
2019-07-01,8.76,8.76,8.59,8.59,700
2019-07-02,8.84,8.84,8.42,8.42,1100
2019-07-03,8.42,8.42,8.42,8.42,0
2019-07-04,8.42,8.42,8.34,8.42,1600
2019-07-05,8.42,8.42,8.34,8.42,5200
2019-07-08,8.5,8.5,8.5,8.5,3300
2019-07-09,8.25,8.42,7.66,7.66,17700
2019-07-10,8.34,8.34,8.34,8.34,1100
2019-07-11,7.66,7.75,7.66,7.75,1000
2019-07-12,7.58,7.92,7.58,7.92,4400
2019-07-15,7.92,8.0,7.92,8.0,1900
2019-07-16,7.92,7.92,7.92,7.92,400
2019-07-17,8.0,8.17,8.0,8.17,1100
2019-07-18,8.0,8.0,7.92,7.92,5200
2019-07-19,7.92,7.92,7.92,7.92,0
2019-07-22,8.08,8.25,8.08,8.25,1600
2019-07-23,8.25,8.25,8.25,8.25,0
2019-07-24,8.25,8.25,8.25,8.25,1000
2019-07-25,8.0,8.08,8.0,8.08,5200
2019-07-26,8.34,8.5,8.34,8.5,4600
2019-07-29,8.5,8.5,8.5,8.5,1500
2019-07-30,8.25,8.25,8.25,8.25,6500
2019-07-31,8.25,8.59,8.25,8.5,9500
2019-08-01,8.5,8.5,8.5,8.5,0
2019-08-02,8.25,8.5,8.25,8.5,200
2019-08-05,8.5,8.5,8.25,8.42,3500
2019-08-06,8.42,8.42,8.42,8.42,2800
2019-08-07,8.5,8.5,8.42,8.5,600
2019-08-08,8.59,9.35,8.59,9.35,29500
2019-08-09,10.27,10.27,9.52,9.85,18100
2019-08-12,9.94,9.94,9.77,9.77,3400
2019-08-13,9.77,9.77,9.09,9.18,8300
2019-08-14,9.18,9.52,8.93,9.01,17700
2019-08-15,9.52,9.52,8.25,8.93,19500
2019-08-16,9.09,9.18,9.09,9.18,13500
2019-08-19,8.84,9.18,8.67,8.84,1100
2019-08-20,9.18,9.18,9.18,9.18,1000
2019-08-21,8.84,8.93,8.84,8.84,2600
2019-08-22,8.93,8.93,8.84,8.84,4900
2019-08-23,8.84,8.93,8.84,8.93,9100
2019-08-26,8.93,8.93,8.59,8.59,900
2019-08-27,8.67,8.84,8.67,8.84,1200
2019-08-28,9.09,9.18,9.09,9.18,500
2019-08-29,8.67,9.43,8.59,9.43,2500
2019-08-30,9.52,10.36,9.52,10.1,60600
2019-09-03,10.1,10.36,9.77,9.85,10400
2019-09-04,9.68,9.85,9.6,9.85,10300
2019-09-05,9.94,9.94,9.85,9.85,910
2019-09-06,9.85,9.85,9.26,9.26,14100
2019-09-09,9.26,9.26,9.26,9.26,10000
2019-09-10,9.26,9.52,9.26,9.52,4110
2019-09-11,9.68,9.68,9.68,9.68,300
2019-09-12,9.68,9.94,9.6,9.94,800
2019-09-13,9.26,9.35,9.26,9.26,20500
2019-09-16,9.35,9.68,9.26,9.26,10410
2019-09-17,9.26,9.35,9.26,9.35,5730
2019-09-18,9.68,9.68,9.68,9.68,130
2019-09-19,9.6,9.6,9.26,9.26,1700
2019-09-20,9.68,9.68,9.26,9.26,4800
2019-09-23,9.35,9.35,9.09,9.09,5100
2019-09-24,9.01,9.01,9.01,9.01,4700
2019-09-25,9.09,9.26,9.09,9.26,1700
2019-09-26,9.26,9.26,9.26,9.26,0
2019-09-27,9.01,9.26,9.01,9.26,1800
2019-09-30,9.26,9.26,9.26,9.26,3100
2019-10-01,9.43,9.43,9.26,9.26,1600
2019-10-02,9.26,9.26,9.26,9.26,0
2019-10-03,9.26,9.26,9.26,9.26,600
2019-10-04,9.09,9.09,9.09,9.09,1600
2019-10-07,9.26,9.43,9.18,9.26,7610
2019-10-08,9.35,9.35,9.26,9.26,2100
2019-10-09,9.18,9.26,9.09,9.26,5600
2019-10-10,9.18,9.26,9.18,9.18,7400
2019-10-11,9.09,9.09,9.09,9.09,100
2019-10-14,9.01,9.01,9.01,9.01,100
2019-10-15,9.26,9.26,9.09,9.09,1300
2019-10-16,9.26,9.26,9.26,9.26,200
2019-10-17,9.01,10.1,8.84,10.1,3300
2019-10-18,9.43,9.6,9.43,9.6,1300
2019-10-21,9.6,9.6,9.35,9.35,500
2019-10-22,9.26,9.26,9.09,9.26,7300
2019-10-23,9.26,9.26,9.26,9.26,0
2019-10-24,9.01,9.01,9.01,9.01,400
2019-10-25,8.93,8.93,8.42,8.67,8700
2019-10-28,8.67,8.84,8.67,8.84,1000
2019-10-29,8.84,8.84,8.84,8.84,2500
2019-10-30,8.76,8.76,8.59,8.67,9300
2019-10-31,8.59,8.84,8.59,8.84,1900
2019-11-01,8.5,8.59,8.42,8.42,5000
2019-11-04,8.5,8.84,8.42,8.84,4400
2019-11-05,8.84,8.84,8.84,8.84,0
2019-11-06,8.42,8.84,8.42,8.84,2100
2019-11-07,8.67,8.84,8.67,8.84,4800
2019-11-08,8.84,8.84,8.59,8.59,700
2019-11-11,8.59,8.59,8.59,8.59,0
2019-11-12,8.59,8.59,8.59,8.59,0
2019-11-13,8.59,8.59,8.59,8.59,0
2019-11-14,8.59,8.59,8.59,8.59,0
2019-11-15,8.59,8.59,8.42,8.42,3000
2019-11-18,8.42,8.42,8.42,8.42,1700
2019-11-19,8.42,8.42,8.42,8.42,3000
2019-11-20,8.42,8.42,8.42,8.42,2200
2019-11-21,8.42,8.42,8.34,8.34,1600
2019-11-22,8.34,8.42,8.25,8.25,2000
2019-11-25,8.25,8.25,8.25,8.25,4800
2019-11-26,8.25,8.25,8.25,8.25,0
2019-11-27,8.25,8.25,8.25,8.25,0
2019-11-28,8.59,8.59,8.25,8.25,200
2019-11-29,8.34,8.34,8.25,8.34,2000
2019-12-02,8.34,8.34,8.34,8.34,20100
2019-12-03,8.42,8.42,8.42,8.42,100
2019-12-04,8.25,8.25,8.25,8.25,1000
2019-12-05,8.42,8.76,8.25,8.67,5300
2019-12-06,8.67,8.67,8.25,8.25,2300
2019-12-09,8.25,8.25,8.25,8.25,0
2019-12-10,8.67,8.67,8.17,8.59,3800
2019-12-11,8.42,8.42,8.42,8.42,1000
2019-12-12,8.42,8.42,8.42,8.42,0
2019-12-13,8.42,8.5,8.08,8.17,4500
2019-12-16,8.42,8.42,8.42,8.42,700
2019-12-17,8.42,8.5,8.42,8.42,300
2019-12-18,8.08,8.42,8.08,8.42,1500
2019-12-19,8.42,8.42,8.42,8.42,0
2019-12-20,8.0,8.42,7.92,8.42,700
2019-12-23,8.25,8.25,8.25,8.25,100
2019-12-24,8.25,8.25,8.25,8.25,0
2019-12-25,8.34,8.6,8.08,8.08,7200
2019-12-26,8.17,8.17,8.08,8.08,500
2019-12-27,8.17,8.51,8.08,8.51,700
2019-12-30,8.51,8.51,8.08,8.08,1700
2019-12-31,7.99,8.34,7.99,8.34,2600
2020-01-02,8.08,8.51,7.99,8.08,1900
2020-01-03,8.08,8.08,8.08,8.08,700
2020-01-06,7.99,7.99,7.99,7.99,1500
2020-01-07,7.91,8.08,7.91,8.08,10700
2020-01-08,7.82,7.82,7.74,7.82,8600
2020-01-09,7.82,7.82,7.74,7.82,5300
2020-01-10,7.82,8.08,7.65,8.08,15900
2020-01-13,7.91,8.08,7.91,8.08,4000
2020-01-14,8.08,8.08,8.08,8.08,200
2020-01-15,8.08,8.08,8.08,8.08,0
2020-01-16,7.82,7.99,7.82,7.99,3100
2020-01-17,7.99,7.99,7.74,7.74,1100
2020-01-20,7.74,7.74,7.74,7.74,0
2020-01-21,7.91,7.99,7.91,7.99,5100
2020-01-22,7.99,7.99,7.99,7.99,5000
2020-01-30,8.17,8.17,8.08,8.17,500
2020-01-31,8.08,8.17,8.08,8.17,300
2020-02-03,8.08,8.17,7.65,8.17,7300
2020-02-04,8.17,8.17,8.17,8.17,20400
2020-02-05,7.82,8.17,7.74,8.17,2000
2020-02-06,8.08,8.17,8.08,8.17,1700
2020-02-07,8.08,8.17,8.08,8.17,1000
2020-02-10,8.17,8.17,8.17,8.17,0
2020-02-11,8.17,8.17,8.17,8.17,0
2020-02-12,8.17,8.17,7.74,8.08,27100
2020-02-13,8.08,8.08,8.08,8.08,17400
2020-02-14,8.08,8.08,8.08,8.08,15800
2020-02-17,8.08,8.08,7.74,7.91,3300
2020-02-18,7.99,7.99,7.99,7.99,110
2020-02-19,7.82,7.82,7.82,7.82,4600
2020-02-20,7.82,7.82,7.74,7.74,11400
2020-02-21,7.82,7.82,7.82,7.82,4200
2020-02-24,7.99,8.08,7.74,8.08,6400
2020-02-25,8.08,8.08,8.08,8.08,0
2020-02-26,7.74,7.99,7.65,7.99,3300
2020-02-27,7.91,7.91,7.91,7.91,100
2020-02-28,7.99,7.99,7.74,7.82,1900
2020-03-02,7.74,7.82,7.74,7.82,3200
2020-03-03,7.82,7.82,7.82,7.82,430
2020-03-04,7.74,7.99,7.74,7.99,300
2020-03-05,7.99,7.99,7.99,7.99,100
2020-03-06,7.82,7.82,7.82,7.82,2100
2020-03-09,7.65,7.65,7.56,7.56,3600
2020-03-10,7.74,7.74,7.56,7.74,3600
2020-03-11,7.74,7.74,7.56,7.56,200
2020-03-12,7.56,7.56,7.39,7.39,1700
2020-03-13,7.31,7.31,7.22,7.31,2200
2020-03-16,7.65,7.65,7.65,7.65,100
2020-03-17,7.05,7.65,7.05,7.56,500
2020-03-18,7.31,7.56,7.31,7.56,8500
2020-03-19,7.31,7.91,6.88,7.91,1118
2020-03-20,7.56,7.56,7.31,7.31,2100
2020-03-23,7.74,7.74,7.13,7.31,4000
2020-03-24,7.74,7.82,7.31,7.82,2000
2020-03-25,7.74,7.74,7.74,7.74,1000
2020-03-26,7.74,7.74,7.74,7.74,200
2020-03-27,7.31,7.31,7.31,7.31,2400
2020-03-30,7.99,7.99,7.99,7.99,300
2020-03-31,7.22,7.82,7.22,7.82,36100
2020-04-01,7.82,7.82,7.31,7.74,8400
2020-04-03,7.74,7.99,7.74,7.99,11610
2020-04-06,7.91,7.91,7.91,7.91,200
2020-04-07,7.48,7.74,7.48,7.74,10700
2020-04-08,7.56,7.74,7.48,7.74,6600
2020-04-09,7.56,7.65,7.56,7.65,11800
2020-04-10,7.48,7.56,7.48,7.48,2402
2020-04-13,7.65,7.65,7.48,7.48,6600
2020-04-14,7.65,7.65,7.48,7.48,17800
2020-04-15,7.48,7.65,7.48,7.48,4700
2020-04-16,7.48,7.65,7.48,7.48,3900
2020-04-17,7.48,7.65,7.39,7.65,20700
2020-04-20,7.65,7.65,7.56,7.56,9800
2020-04-21,7.56,7.56,7.22,7.39,20800
2020-04-22,7.22,7.39,7.22,7.39,1800
2020-04-23,7.22,7.48,7.22,7.48,500
2020-04-24,7.31,7.48,7.31,7.48,600
2020-04-27,7.48,7.48,7.48,7.48,100
2020-04-28,7.48,7.48,7.48,7.48,16900
2020-04-29,7.56,7.65,7.56,7.65,6000
2020-05-04,7.74,7.74,7.65,7.74,6500
2020-05-05,7.65,7.65,7.56,7.56,7300
2020-05-06,7.65,7.65,7.48,7.65,7500
2020-05-07,7.48,7.65,7.48,7.65,900
2020-05-08,7.65,7.65,7.56,7.56,3400
2020-05-11,7.56,7.74,7.56,7.65,3700
2020-05-12,7.65,7.65,7.65,7.65,4900
2020-05-13,7.56,7.56,7.48,7.48,12000
2020-05-14,7.56,7.74,7.56,7.65,7100
2020-05-15,7.74,7.99,7.74,7.99,13700
2020-05-18,7.91,7.91,7.74,7.82,6000
2020-05-19,7.99,7.99,7.91,7.91,13400
2020-05-20,7.74,7.91,7.65,7.91,2430
2020-05-21,7.74,7.91,7.74,7.91,800
2020-05-22,7.99,7.99,7.65,7.91,8800
2020-05-25,7.91,7.99,7.91,7.99,9500
2020-05-26,7.99,8.08,7.99,8.08,3730
2020-05-27,8.08,8.08,7.91,7.91,1900
2020-05-28,7.99,7.99,7.91,7.99,12600
2020-05-29,8.08,8.17,8.08,8.17,22900
2020-06-01,8.17,8.68,8.17,8.6,11200
2020-06-02,8.6,8.77,8.25,8.25,5860
2020-06-03,8.25,8.25,8.25,8.25,400
2020-06-04,8.51,8.51,8.17,8.25,3800
2020-06-05,8.25,8.25,8.08,8.08,3070
2020-06-08,8.25,8.6,8.17,8.51,52800
2020-06-09,8.6,8.6,8.42,8.42,6700
2020-06-10,8.42,8.42,8.42,8.42,3410
2020-06-11,8.42,8.42,8.17,8.17,3500
2020-06-12,8.08,8.51,7.82,8.51,48700
2020-06-15,8.51,8.51,8.51,8.51,0
2020-06-16,8.42,8.42,8.25,8.25,1400
2020-06-17,8.25,8.25,8.25,8.25,10
2020-06-18,8.25,8.25,8.25,8.25,0
2020-06-19,8.25,8.25,8.17,8.25,2200
2020-06-22,8.25,8.25,8.25,8.25,600
2020-06-23,8.17,8.25,7.99,8.25,8230
2020-06-24,8.17,8.25,8.08,8.25,6010
2020-06-25,8.25,8.25,8.25,8.25,2700
2020-06-26,8.08,8.25,8.08,8.25,920
2020-06-29,8.25,8.51,8.17,8.51,7500
2020-06-30,8.08,8.08,8.08,8.08,1000
2020-07-01,8.51,8.51,7.99,7.99,610
2020-07-02,8.08,8.08,8.08,8.08,500
2020-07-03,8.25,8.42,8.17,8.17,1100
2020-07-06,8.17,8.17,8.08,8.08,8420
2020-07-07,8.17,8.17,8.17,8.17,100
2020-07-08,8.17,8.17,8.17,8.17,10
2020-07-09,8.17,8.17,8.17,8.17,100
2020-07-10,8.34,8.51,8.34,8.51,4800
2020-07-13,8.42,8.42,8.42,8.42,11500
2020-07-14,8.42,8.42,8.42,8.42,0
2020-07-15,8.17,8.17,8.17,8.17,3000
2020-07-16,8.25,8.42,8.08,8.08,14500
2020-07-17,8.25,8.25,8.25,8.25,400
2020-07-20,8.34,8.34,7.99,7.99,3600
2020-07-21,8.08,8.08,8.08,8.08,300
2020-07-22,8.17,8.17,8.17,8.17,100
2020-07-23,8.25,8.25,8.25,8.25,5200
2020-07-24,8.25,8.25,8.25,8.25,14200
2020-07-27,8.17,8.25,8.17,8.17,45920
2020-07-28,8.17,8.17,8.17,8.17,9600
2020-07-29,8.17,8.17,8.17,8.17,6900
2020-07-30,8.17,8.17,8.17,8.17,100
2020-07-31,8.34,8.34,8.34,8.34,100
2020-08-03,8.25,8.25,8.25,8.25,4100
2020-08-04,8.34,8.42,8.34,8.34,5301
2020-08-05,8.42,8.42,8.42,8.42,200
2020-08-06,8.51,8.6,8.51,8.6,1500
2020-08-07,8.42,8.42,8.34,8.34,21900
2020-08-10,8.6,8.6,8.25,8.25,3900
2020-08-11,8.34,8.34,8.25,8.25,800
2020-08-12,8.51,8.51,8.34,8.34,2990
2020-08-13,8.34,8.34,8.34,8.34,100
2020-08-14,8.34,8.34,8.34,8.34,510
2020-08-17,8.34,8.34,8.25,8.25,7500
2020-08-18,8.6,9.03,8.6,8.6,17700
2020-08-19,8.6,8.77,8.6,8.6,4700
2020-08-20,8.85,8.85,8.68,8.77,400
2020-08-21,8.77,8.94,8.77,8.94,1700
2020-08-24,8.94,9.2,8.94,9.03,6100
2020-08-25,9.11,9.2,9.11,9.2,4400
2020-08-26,9.2,9.37,9.2,9.37,1700
2020-08-27,9.28,9.28,8.94,8.94,1500
2020-08-28,9.21,9.49,9.21,9.3,6900
2020-08-31,9.49,9.58,9.4,9.49,5200
2020-09-01,9.49,9.58,9.49,9.58,3500
2020-09-03,9.49,9.58,9.4,9.49,19600
2020-09-04,9.49,9.49,9.4,9.49,6400
2020-09-07,9.21,9.49,9.21,9.49,3300
2020-09-08,9.3,9.4,9.3,9.4,5300
2020-09-09,9.21,9.58,9.21,9.49,10300
2020-09-10,9.4,9.67,9.4,9.58,10700
2020-09-11,9.67,9.76,9.67,9.76,1900
2020-09-14,9.58,9.76,9.58,9.76,12800
2020-09-15,9.85,9.85,9.67,9.76,3301
2020-09-16,9.85,9.85,9.76,9.85,38600
2020-09-17,9.85,10.03,9.85,10.03,3300
2020-09-18,9.94,10.03,9.94,10.03,3700
2020-09-21,9.94,10.03,9.85,9.85,1000
2020-09-22,10.13,10.13,9.94,9.94,7800
2020-09-23,9.94,9.94,9.94,9.94,3800
2020-09-24,10.03,10.03,9.85,9.94,900
2020-09-25,10.03,10.13,10.03,10.03,34400
2020-09-28,10.13,10.22,10.13,10.13,8000
2020-09-29,10.13,10.22,10.13,10.13,5800
2020-09-30,10.13,10.13,10.13,10.13,2000
2020-10-01,10.03,10.22,10.03,10.22,6300
2020-10-02,10.03,10.13,10.03,10.03,21328
2020-10-05,10.03,10.13,10.03,10.13,7600
2020-10-06,10.03,10.31,10.03,10.03,8200
2020-10-07,10.03,10.13,9.94,10.13,6800
2020-10-08,10.13,10.22,10.13,10.22,18000
2020-10-09,10.13,10.22,10.03,10.13,5200
2020-10-12,10.13,10.13,10.03,10.03,12900
2020-10-13,10.03,10.22,10.03,10.13,10200
2020-10-14,10.31,10.4,10.13,10.13,2200
2020-10-15,10.22,10.31,10.13,10.31,1700
2020-10-16,10.03,10.22,9.94,10.03,21400
2020-10-19,10.13,10.13,10.03,10.03,5000
2020-10-20,10.03,10.03,10.03,10.03,2000
2020-10-21,10.03,10.31,10.03,10.03,9700
2020-10-22,10.03,10.03,10.03,10.03,4000
2020-10-23,10.03,10.13,10.03,10.13,3000
2020-10-26,10.13,10.13,9.94,9.94,1900
2020-10-27,10.22,10.22,10.22,10.22,100
2020-10-28,10.22,10.22,9.94,10.03,7700
2020-10-29,10.03,10.31,9.94,10.31,5900
2020-10-30,10.22,10.22,10.03,10.22,7000
2020-11-02,10.4,10.86,10.4,10.86,11400
2020-11-03,10.86,11.86,10.86,11.86,59000
2020-11-04,12.22,13.05,11.95,12.77,46100
2020-11-05,12.95,12.95,12.13,12.5,8000
2020-11-06,12.32,12.32,11.49,12.13,10400
2020-11-09,11.59,11.77,11.31,11.49,23400
2020-11-10,11.49,11.77,11.49,11.77,6100
2020-11-11,11.49,11.77,11.49,11.77,1100
2020-11-12,11.68,11.86,11.59,11.77,22200
2020-11-13,11.77,11.77,11.49,11.49,13300
2020-11-16,11.49,11.68,11.31,11.59,8100
2020-11-17,11.59,11.68,11.59,11.68,11500
2020-11-18,11.68,12.04,11.49,12.04,30000
2020-11-19,12.13,12.13,11.86,11.95,16400
2020-11-20,11.95,11.95,11.86,11.86,3800
2020-11-23,11.86,11.86,11.49,11.49,30600
2020-11-24,11.49,11.59,11.4,11.59,11900
2020-11-25,11.68,11.95,11.59,11.95,26100
2020-11-26,11.95,13.14,11.95,13.14,227400
2020-11-27,13.5,13.5,12.77,13.14,38200
2020-11-30,13.14,13.14,12.77,12.86,42200
2020-12-01,12.59,13.14,12.22,13.14,70500
2020-12-02,13.14,14.41,12.95,14.32,74900
2020-12-03,14.32,15.6,14.14,14.23,29200
2020-12-04,13.87,14.14,13.68,13.96,25700
2020-12-07,13.96,13.96,13.41,13.5,45000
2020-12-08,13.5,13.68,13.41,13.59,23600
2020-12-09,13.59,14.14,13.59,13.77,71400
2020-12-10,13.87,14.41,13.77,14.23,130800
2020-12-11,14.41,14.5,14.23,14.23,42361
2020-12-14,14.23,14.78,14.23,14.6,112451
2020-12-15,14.5,14.69,14.23,14.41,62010
2020-12-16,14.41,14.87,14.41,14.6,21320
2020-12-17,14.69,14.87,14.6,14.6,71540
2020-12-18,14.6,14.6,14.41,14.5,24010
2020-12-21,14.5,14.78,14.32,14.32,51710
2020-12-22,14.32,14.96,14.32,14.78,22561
2020-12-23,14.41,14.78,14.41,14.78,28910
2020-12-24,14.78,14.78,13.68,14.78,18590
2020-12-25,14.6,14.96,14.6,14.87,40520
2020-12-28,14.78,14.96,14.69,14.78,34170
2020-12-29,14.69,14.78,14.6,14.78,17320
2020-12-30,14.6,14.78,14.5,14.5,41750
2020-12-31,14.69,14.69,14.5,14.5,12530
2021-01-04,14.6,14.78,14.41,14.69,33810
2021-01-05,14.69,14.87,14.5,14.69,31600
2021-01-06,14.6,15.14,14.6,14.96,40900
2021-01-07,14.96,16.42,14.96,16.24,72510
2021-01-08,16.42,16.42,15.78,15.78,37700
2021-01-11,15.78,15.87,15.42,15.87,50790
2021-01-12,16.06,16.79,15.87,16.79,121300
2021-01-13,17.24,17.33,16.79,16.79,44591
2021-01-14,16.79,16.79,16.42,16.42,31300
2021-01-15,16.42,16.6,16.24,16.42,43020
2021-01-18,16.42,16.97,15.96,15.96,63169
2021-01-19,15.96,16.06,14.5,15.51,39000
2021-01-20,14.6,15.96,14.41,15.42,31400
2021-01-21,15.42,15.78,15.14,15.78,22400
2021-01-22,15.78,15.96,15.51,15.96,22600
2021-01-25,17.33,17.33,15.69,16.33,11200
2021-01-26,16.33,16.33,15.42,15.42,28640
2021-01-27,15.33,15.33,14.69,15.14,23800
2021-01-28,15.05,15.05,13.68,13.77,35800
2021-01-29,13.68,14.5,13.68,14.5,25000
2021-02-01,13.23,14.6,13.14,13.5,11815
2021-02-02,14.05,14.05,13.41,14.05,9500
2021-02-03,14.05,14.6,14.05,14.6,3900
2021-02-04,14.6,14.6,14.14,14.6,6200
2021-02-05,13.68,14.69,13.68,14.69,11109
2021-02-08,14.69,14.69,13.96,14.5,6300
2021-02-09,13.68,14.87,13.14,14.5,5600
2021-02-17,14.6,15.42,14.6,14.78,7200
2021-02-18,15.69,15.69,14.78,14.87,12200
2021-02-19,14.6,14.96,14.6,14.78,26000
2021-02-22,15.33,15.33,14.78,14.78,26510
2021-02-23,15.23,15.23,14.78,15.05,14800
2021-02-24,14.87,15.05,14.78,15.05,14900
2021-02-25,15.05,15.05,14.78,15.05,5200
2021-02-26,14.78,15.05,14.78,14.87,11000
2021-03-01,14.78,15.14,14.78,15.05,25500
2021-03-02,15.05,15.33,14.78,14.96,12500
2021-03-03,14.96,15.05,14.78,15.05,38010
2021-03-04,15.05,15.14,14.96,14.96,29050
2021-03-05,14.96,15.14,14.78,15.05,8400
2021-03-08,15.05,15.23,15.05,15.05,31200
2021-03-09,15.14,16.42,15.05,16.33,241805
2021-03-10,16.42,16.42,15.87,15.96,74000
2021-03-11,16.06,16.33,15.33,15.51,78400
2021-03-12,15.51,15.6,15.14,15.6,31800
2021-03-15,15.6,15.69,15.23,15.51,82303
2021-03-16,15.51,15.96,15.33,15.51,39110
2021-03-17,15.51,15.96,15.42,15.87,48500
2021-03-18,15.87,15.87,15.6,15.69,22300
2021-03-19,15.69,15.69,15.42,15.6,15800
2021-03-22,15.51,15.51,15.33,15.51,24500
2021-03-23,15.51,15.51,15.14,15.23,48200
2021-03-24,15.14,15.51,14.87,15.05,35500
2021-03-25,15.14,15.33,14.96,15.05,15800
2021-03-26,15.05,15.05,14.78,14.96,58800
2021-03-29,15.14,15.33,14.96,15.33,30100
2021-03-30,15.33,15.33,15.23,15.33,16500
2021-03-31,15.33,15.42,15.23,15.33,33500
2021-04-01,15.33,15.33,15.23,15.33,18402
2021-04-02,15.42,15.51,15.14,15.23,20500
2021-04-05,15.23,15.33,15.23,15.23,9610
2021-04-06,15.23,15.23,14.87,15.23,20840
2021-04-07,15.23,15.6,14.87,15.51,157619
2021-04-08,15.51,15.51,15.33,15.33,12000
2021-04-09,15.33,15.51,15.14,15.23,15900
2021-04-12,15.23,15.33,15.14,15.23,96000
2021-04-13,15.23,16.06,15.23,15.6,96000
2021-04-14,15.6,16.24,15.6,16.06,116200
2021-04-15,16.06,17.06,16.06,16.79,144530
2021-04-16,16.79,16.79,15.87,16.42,85800
2021-04-19,16.42,16.97,15.78,16.42,33500
2021-04-20,14.87,16.42,14.78,15.87,40700
2021-04-22,15.96,15.96,14.78,14.78,85300
2021-04-23,14.78,15.23,14.78,15.23,45319
2021-04-26,15.51,15.51,15.05,15.05,44100
2021-04-27,14.87,15.23,14.78,15.23,20100
2021-04-28,15.05,15.33,15.05,15.33,6900
2021-04-29,15.23,15.33,15.14,15.33,12270
2021-05-04,15.33,15.33,14.6,15.14,14210
2021-05-05,15.14,15.42,15.05,15.42,8700
2021-05-06,15.23,15.87,14.69,15.87,62300
2021-05-07,17.42,17.42,15.78,16.06,89110
2021-05-10,15.33,16.06,15.33,15.69,9300
2021-05-11,15.51,16.24,15.51,15.87,96739
2021-05-12,15.51,16.06,15.51,15.96,26910
2021-05-13,15.96,16.24,15.87,15.87,72800
2021-05-14,15.87,15.87,15.51,15.69,28200
2021-05-17,15.51,15.69,15.14,15.69,10159
2021-05-18,15.69,15.69,15.23,15.23,22000
2021-05-19,15.51,15.51,14.87,15.05,41100
2021-05-20,15.51,15.51,14.96,15.05,31200
2021-05-21,15.05,15.33,15.05,15.05,20500
2021-05-24,15.14,15.51,14.96,15.23,21600
2021-05-25,15.42,15.51,15.14,15.33,18400
2021-05-26,15.42,15.42,15.14,15.23,15100
2021-05-27,14.78,15.23,14.78,15.05,27200
2021-05-28,14.78,15.33,14.5,15.05,18600
2021-05-31,15.05,15.14,14.96,15.14,30600
2021-06-01,15.33,15.42,15.33,15.42,34700
2021-06-02,15.42,15.51,15.23,15.42,27300
2021-06-03,15.51,16.06,15.51,16.06,61900
2021-06-04,16.24,16.24,15.69,16.06,29900
2021-06-07,16.42,17.61,16.24,17.61,350015
2021-06-08,17.61,19.34,17.61,19.16,317003
2021-06-09,19.16,19.34,17.52,18.7,85000
2021-06-10,17.79,18.24,17.52,17.61,152000
2021-06-11,17.61,19.16,17.15,19.07,170900
2021-06-14,19.16,19.89,19.07,19.61,211780
2021-06-15,19.61,19.61,18.7,19.52,97800
2021-06-16,19.16,19.25,18.24,18.7,167700
2021-06-17,18.7,19.52,17.88,18.97,99200
2021-06-18,19.16,19.89,19.16,19.89,172510
2021-06-21,20.07,21.8,20.07,21.8,329104
2021-06-22,22.62,23.63,21.99,23.26,232362
2021-06-23,23.26,23.35,21.71,22.08,167210
2021-06-24,22.08,22.08,20.53,20.98,197250
2021-06-25,20.53,21.8,20.43,21.8,120160
2021-06-28,21.89,21.89,20.98,21.71,85952
2021-06-29,21.71,21.71,20.89,20.89,85200
2021-06-30,20.89,21.44,20.71,21.07,54601
2021-07-01,21.07,21.26,20.62,20.89,72207
2021-07-02,20.89,21.8,20.89,21.44,116523
2021-07-05,21.44,21.44,20.53,20.98,88085
2021-07-06,20.89,20.98,19.25,19.61,113636
2021-07-07,19.61,19.61,18.06,18.61,137730
2021-07-08,18.61,18.7,18.24,18.7,52324
2021-07-09,18.79,18.79,18.06,18.24,41100
2021-07-12,17.79,17.97,16.42,16.69,99700
2021-07-13,16.97,17.42,16.69,17.42,37049
2021-07-14,17.88,18.52,17.33,17.7,41320
2021-07-15,17.79,18.06,17.7,17.88,30200
2021-07-16,18.24,18.24,17.88,18.24,44000
2021-07-19,18.52,19.61,17.79,19.16,129700
2021-07-20,19.16,19.16,18.7,19.16,33200
2021-07-21,19.07,19.34,19.07,19.07,26800
2021-07-22,19.07,20.16,19.07,19.52,100022
2021-07-23,19.98,20.07,19.07,19.16,67400
2021-07-26,18.7,20.8,18.7,20.71,398000
2021-07-27,20.98,21.62,20.71,20.98,281056
2021-07-28,20.98,20.98,20.43,20.43,80764
2021-07-29,20.43,20.62,19.98,20.53,147236
2021-07-30,20.53,21.26,20.53,20.8,302020
2021-08-02,21.26,21.99,20.34,21.53,392524
2021-08-03,21.89,23.17,21.53,22.9,503433
2021-08-04,22.9,23.35,22.17,22.35,336097
2021-08-05,22.35,22.44,21.71,22.17,287450
2021-08-06,22.17,23.35,21.71,22.9,463440
2021-08-09,22.99,25.18,22.99,25.18,491409
2021-08-10,26.91,27.64,25.45,27.64,632350
2021-08-11,28.64,30.38,28.64,30.38,1339289
2021-08-12,32.75,33.39,27.37,27.37,927514
2021-08-13,27.28,29.65,24.9,29.19,556132
2021-08-16,29.37,32.02,28.92,29.01,528009
2021-08-17,28.92,28.92,26.91,27.09,334386
2021-08-18,27.18,28.1,25.82,27.09,334530
2021-08-19,27.09,27.09,26.46,26.82,182964
2021-08-20,26.82,27.82,25.54,25.54,417991
2021-08-23,25.63,26.82,25.54,26.64,243845
2021-08-24,26.73,26.73,25.27,25.91,239668
2021-08-25,25.72,26.84,25.53,26.19,99250
2021-08-26,26.19,28.8,26.19,28.8,671850
2021-08-27,28.8,29.82,28.7,29.08,381270
2021-08-30,29.08,29.54,28.42,28.98,339928
2021-08-31,28.89,29.45,28.42,28.8,419244
2021-09-01,28.8,31.31,28.52,30.94,792659
2021-09-06,31.22,32.52,31.03,32.06,584014
2021-09-07,32.06,32.06,30.19,30.75,596144
2021-09-08,29.91,30.75,29.36,29.82,465332
2021-09-09,29.73,30.75,29.36,30.38,223664
2021-09-10,30.38,30.85,29.82,30.66,365313
2021-09-13,31.03,31.31,28.98,30.75,512615
2021-09-14,30.75,31.5,29.63,29.73,237787
2021-09-15,29.82,29.82,28.98,29.36,230390
2021-09-16,29.36,30.29,28.89,29.73,246943
2021-09-17,29.82,30.29,28.89,29.45,213467
2021-09-20,29.36,29.63,27.96,28.42,456454
2021-09-21,28.42,28.42,26.75,27.58,311377
2021-09-22,27.58,28.05,27.12,27.4,199609
2021-09-23,27.4,27.96,27.12,27.12,184426
2021-09-24,27.12,27.21,26.09,26.37,239072
2021-09-27,26.47,27.86,26.37,26.56,174310
2021-09-28,26.56,26.93,26.09,26.93,117410
2021-09-29,26.93,27.49,26.56,27.49,111226
2021-09-30,27.49,28.24,27.4,27.86,106814
2021-10-01,26.56,27.96,25.53,26.93,131151
2021-10-04,26.93,26.93,26.37,26.56,141340
2021-10-05,26.37,26.47,23.95,25.63,265291
2021-10-06,25.63,26.93,25.63,26.65,123220
2021-10-07,27.03,27.68,26.65,27.49,170824
2021-10-08,27.49,29.45,27.49,29.45,641454
2021-10-11,29.45,30.1,28.61,28.61,271598
2021-10-12,28.61,29.08,27.96,28.33,225400
2021-10-13,28.33,29.17,27.96,28.42,183857
2021-10-14,28.42,28.89,28.24,28.61,123239
2021-10-15,28.89,28.89,28.33,28.33,130131
2021-10-18,28.61,29.36,28.14,28.98,392871
2021-10-19,29.08,29.73,28.98,28.98,210619
2021-10-20,28.98,28.98,28.24,28.42,102135
2021-10-21,29.08,29.08,28.24,28.33,90488
2021-10-22,28.24,28.33,27.68,27.86,260038
2021-10-25,27.68,28.33,27.03,27.03,177935
2021-10-26,26.56,28.33,26.37,27.77,226696
2021-10-27,27.96,28.8,27.96,28.33,147571
2021-10-28,28.61,28.98,27.96,28.98,318914
2021-10-29,28.89,29.26,28.33,28.7,240493
2021-11-01,28.7,29.73,28.61,29.08,519673
2021-11-02,29.08,29.36,28.7,28.7,362866
2021-11-03,28.7,29.17,28.05,28.24,320005
2021-11-04,28.24,28.24,27.58,27.77,184695
2021-11-05,27.77,28.42,27.68,28.33,131200
2021-11-08,28.8,30.29,28.24,29.91,662289
2021-11-09,31.03,31.13,30.01,30.57,565124
2021-11-10,30.66,30.75,30.01,30.29,198857
2021-11-11,30.29,30.29,29.26,29.54,296268
2021-11-12,29.54,29.82,28.33,28.7,299219
2021-11-15,28.89,29.82,28.89,29.36,328656
2021-11-16,29.36,31.59,28.89,30.85,887556
2021-11-17,30.94,31.22,30.29,30.38,254902
2021-11-18,30.47,30.47,29.63,29.82,203500
2021-11-19,29.82,29.82,27.03,27.96,594135
2021-11-22,27.96,27.96,26.93,26.93,382111
2021-11-23,26.93,28.05,26.47,27.86,114109
2021-11-24,27.96,28.42,27.77,27.86,141088
2021-11-25,27.96,28.05,27.3,27.49,153648
2021-11-26,27.58,27.77,27.03,27.03,198000
2021-11-29,27.03,27.77,25.91,27.68,121951
2021-11-30,27.77,28.05,27.21,27.4,110600
2021-12-01,27.4,27.4,27.03,27.3,65643
2021-12-02,27.3,27.4,27.12,27.3,95140
2021-12-03,27.49,27.49,26.28,26.47,142913
2021-12-06,26.47,26.93,24.7,24.7,132128
2021-12-07,25.44,26.0,24.6,25.63,85466
2021-12-08,26.56,26.56,25.63,25.63,43814
2021-12-09,26.56,26.56,25.63,26.0,45713
2021-12-10,28.42,28.42,25.81,25.91,65940
2021-12-13,27.03,27.03,25.72,25.91,86600
2021-12-14,25.81,26.0,25.53,26.0,91601
2021-12-15,25.63,27.4,25.63,27.03,195121
2021-12-16,27.49,27.77,26.84,27.03,100600
2021-12-17,27.03,27.03,26.75,26.84,67000
2021-12-20,26.65,26.65,25.91,26.09,125445
2021-12-21,26.09,26.09,25.63,25.91,81049
2021-12-22,26.09,26.56,25.53,25.53,82476
2021-12-23,25.53,25.53,24.42,24.7,177600
2021-12-24,24.7,25.16,24.6,24.88,49821
2021-12-27,24.98,25.25,24.98,25.07,57900
2021-12-28,25.53,25.53,24.98,25.16,89820
2021-12-29,25.16,25.63,24.98,24.98,80430
2021-12-30,25.53,25.53,24.98,24.98,49627
2021-12-31,25.16,25.16,24.88,24.98,68200
2022-01-04,24.98,25.44,24.98,25.07,64903
2022-01-05,25.44,25.44,24.88,24.88,101933
2022-01-06,25.07,25.07,24.51,24.6,119100
2022-01-07,24.42,25.16,24.32,25.16,138740
2022-01-10,25.25,25.35,24.32,24.32,140400
2022-01-11,24.32,24.51,24.04,24.04,79600
2022-01-12,24.23,24.23,23.2,24.04,106303
2022-01-13,24.23,24.32,23.3,23.39,73010
2022-01-14,24.04,24.04,23.3,23.39,35030
2022-01-17,23.39,23.39,21.25,21.25,145438
2022-01-18,21.06,21.25,20.5,20.69,63901
2022-01-19,20.78,21.34,20.6,21.34,36600
2022-01-20,21.53,22.27,20.97,22.27,36139
2022-01-21,22.74,22.74,21.9,22.27,28800
2022-01-24,22.27,22.27,20.5,20.5,55800
2022-01-25,20.5,21.15,20.41,21.15,34000
2022-01-26,21.25,21.81,21.06,21.15,32301
2022-01-27,21.06,21.43,20.6,21.43,35500
2022-01-28,21.43,22.27,21.06,21.99,33800
2022-02-07,21.99,23.95,21.9,23.95,40600
2022-02-08,23.95,25.07,23.67,24.04,78350
2022-02-09,23.58,24.6,23.48,24.23,47900
2022-02-10,24.23,24.23,23.67,23.76,58544
2022-02-11,23.76,24.32,23.76,24.04,44100
2022-02-14,24.04,24.6,23.76,24.51,94400
2022-02-15,24.7,24.98,24.23,24.6,29910
2022-02-16,24.42,24.7,24.23,24.42,23300
2022-02-17,24.23,25.16,24.23,24.6,79881
2022-02-18,24.6,24.88,24.23,24.51,59220
2022-02-21,24.42,24.7,24.23,24.6,68000
2022-02-22,24.51,24.6,23.58,23.76,95765
2022-02-23,23.86,24.32,23.86,24.04,34705
2022-02-24,23.76,23.95,22.46,22.83,118471
2022-02-25,23.2,25.07,22.83,25.07,319282
2022-02-28,25.07,27.3,24.98,25.72,215110
2022-03-01,25.72,25.72,24.98,25.53,68500
2022-03-02,25.25,26.93,24.51,26.28,270200
2022-03-03,26.56,28.42,25.81,28.42,644186
2022-03-04,28.52,30.1,27.68,27.77,393300
2022-03-07,27.77,28.42,26.37,27.77,280055
2022-03-08,27.77,27.77,26.09,26.09,276723
2022-03-09,26.56,27.96,24.7,27.12,281736
2022-03-10,27.3,27.49,26.09,26.28,151391
2022-03-11,26.09,26.37,25.63,25.81,116836
2022-03-14,25.63,26.28,24.88,25.07,114623
2022-03-15,24.7,25.07,24.32,24.88,117000
2022-03-16,24.88,25.35,23.95,25.07,41514
2022-03-17,25.35,25.35,24.23,24.7,54408
2022-03-18,25.07,25.07,24.79,24.88,55733
2022-03-21,25.16,25.53,24.88,25.35,70900
2022-03-22,25.53,25.53,24.88,25.07,89300
2022-03-23,25.07,25.44,25.07,25.16,90930
2022-03-24,25.16,26.09,24.98,25.53,104410
2022-03-25,25.53,25.53,25.16,25.25,75000
2022-03-28,25.25,25.25,24.42,24.6,154887
2022-03-29,24.7,25.16,23.48,24.42,378122
2022-03-30,23.86,25.16,23.86,24.6,144800
2022-03-31,24.23,24.51,24.04,24.23,105200
2022-04-01,23.76,24.04,23.58,23.86,170810
2022-04-04,23.95,24.23,23.95,23.95,100013
2022-04-05,23.95,24.23,23.95,24.23,73700
2022-04-06,24.04,24.14,23.39,23.67,138545
2022-04-07,23.67,23.67,22.92,23.02,190923
2022-04-08,23.02,23.02,22.55,22.65,110812
2022-04-12,22.65,22.83,21.53,21.71,105500
2022-04-13,21.71,22.65,21.43,22.65,102200
2022-04-14,22.65,23.11,21.99,21.99,40300
2022-04-15,21.99,22.74,21.99,22.18,52000
2022-04-18,22.09,22.37,21.43,21.62,55400
2022-04-19,21.43,21.9,21.34,21.34,58300
2022-04-20,21.15,21.15,19.94,20.41,68800
2022-04-21,19.57,20.04,18.45,19.38,94330
2022-04-22,19.38,20.04,19.2,19.29,31300
2022-04-25,19.57,19.57,17.89,17.89,44900
2022-04-26,16.77,18.45,16.77,18.45,47700
2022-04-27,19.1,19.2,18.54,19.2,18900
2022-04-28,19.76,20.32,19.66,20.22,47000
2022-04-29,20.22,20.87,19.94,20.5,28700
2022-05-04,20.6,21.62,20.41,20.97,79000
2022-05-05,20.87,21.25,20.32,20.6,48900
2022-05-06,20.22,21.25,20.04,20.5,23300
2022-05-09,20.5,20.5,18.45,18.45,57900
2022-05-10,18.45,19.01,18.08,19.01,23100
2022-05-11,19.1,19.57,19.01,19.1,13600
2022-05-12,19.1,19.57,17.8,17.89,20000
2022-05-13,18.45,18.54,16.77,17.24,54566
2022-05-16,17.71,17.89,17.24,17.24,8900
2022-05-17,17.33,17.71,16.87,17.71,24500
2022-05-18,17.71,18.17,17.71,17.71,21700
2022-05-19,17.52,18.36,17.52,17.89,21800
2022-05-20,17.89,18.54,17.89,18.17,13000
2022-05-23,18.45,18.54,18.17,18.27,41501
2022-05-24,18.27,18.45,17.71,18.36,22800
2022-05-25,18.36,18.82,18.36,18.64,35800
2022-05-26,18.64,19.01,18.64,18.73,21200
2022-05-27,18.17,19.1,18.17,18.82,10300
2022-05-30,18.82,18.92,18.64,18.73,18500
2022-05-31,18.73,18.73,18.45,18.54,37800
2022-06-01,18.54,19.1,18.27,19.01,29500
2022-06-02,19.01,19.1,18.64,18.64,14900
2022-06-03,18.64,18.92,18.45,18.54,14200
2022-06-06,18.54,19.66,18.54,18.64,80100
2022-06-07,18.82,18.82,18.54,18.64,26100
2022-06-08,18.73,19.1,18.54,18.82,52500
2022-06-09,18.64,18.92,18.64,18.92,11000
2022-06-10,18.92,19.1,18.54,18.54,24315
2022-06-13,18.83,18.83,17.59,17.59,42200
2022-06-14,17.12,17.59,15.88,17.59,16700
2022-06-15,17.69,17.69,16.74,16.83,24900
2022-06-16,17.12,17.59,17.12,17.5,39200
2022-06-17,16.26,16.83,16.17,16.83,19600
2022-06-20,16.83,17.12,16.45,16.45,13400
2022-06-21,16.26,16.93,16.17,16.45,8900
2022-06-22,16.93,17.02,16.26,16.36,13200
2022-06-23,16.36,16.64,16.26,16.64,10412
2022-06-24,17.21,17.21,16.45,16.64,11500
2022-06-27,16.64,16.93,16.55,16.93,14910
2022-06-28,16.93,17.12,16.64,16.93,13900
2022-06-29,16.83,17.12,16.83,17.12,11100
2022-06-30,17.12,17.12,16.83,16.93,22400
2022-07-01,16.64,16.93,16.07,16.93,25523
2022-07-04,16.93,17.12,16.74,16.93,25400
2022-07-05,17.12,17.12,16.83,16.93,50500
2022-07-06,16.83,17.12,16.74,17.12,43035
2022-07-07,16.36,16.74,16.36,16.64,9400
2022-07-08,16.45,16.83,16.36,16.55,14100
2022-07-11,16.93,16.93,16.55,16.64,12526
2022-07-12,16.64,16.93,16.55,16.83,18800
2022-07-13,16.17,17.12,16.17,16.83,27240
2022-07-14,16.74,16.83,16.64,16.83,9600
2022-07-15,16.45,16.93,16.45,16.64,60500
2022-07-18,16.93,16.93,16.64,16.64,21213
2022-07-19,16.64,16.74,16.45,16.74,18400
2022-07-20,16.64,16.93,16.64,16.74,40500
2022-07-21,16.83,16.83,16.74,16.83,6213
2022-07-22,16.83,17.59,16.83,17.5,51597
2022-07-25,17.5,17.5,16.93,17.02,13400
2022-07-26,17.02,17.12,16.83,16.93,15424
2022-07-27,16.93,16.93,16.74,16.83,5600
2022-07-28,16.83,17.21,16.83,17.12,8100
2022-07-29,16.74,17.12,16.74,16.93,7200
2022-08-01,16.74,17.21,16.17,17.21,41600
2022-08-02,17.31,17.31,16.83,17.02,8300
2022-08-03,16.93,17.5,16.93,17.31,26500
2022-08-04,17.5,17.5,17.31,17.4,39200
2022-08-05,17.4,17.59,17.21,17.4,26400
2022-08-08,17.59,17.59,17.21,17.4,36000
2022-08-09,17.4,17.88,17.21,17.78,52303
2022-08-10,17.88,18.35,17.88,18.26,46000
2022-08-11,18.45,18.64,18.07,18.07,28000
2022-08-12,17.88,18.26,17.88,18.26,22600
2022-08-15,18.45,18.45,18.07,18.26,22600
2022-08-16,18.26,18.26,17.88,18.07,21800
2022-08-17,18.07,18.16,17.88,17.88,13800
2022-08-18,17.88,17.88,17.59,17.88,11800
2022-08-19,17.59,17.69,16.74,17.12,125700
2022-08-22,17.02,17.02,15.41,15.6,392600
2022-08-23,14.27,16.64,14.27,16.64,495810
2022-08-24,16.64,16.64,15.69,16.17,86900
2022-08-25,16.07,16.17,15.69,15.88,108504
2022-08-26,15.22,16.17,15.22,16.07,118200
2022-08-29,16.07,16.17,15.6,15.98,116400
2022-08-30,15.79,16.74,15.79,16.26,78300
2022-09-14,16.26,16.55,15.88,15.98,48800
2022-09-15,15.69,15.79,15.69,15.79,30700
2022-09-16,15.6,15.6,15.41,15.5,14605
2022-09-19,15.41,15.5,14.74,14.84,29100
2022-09-20,15.12,15.12,14.65,15.12,6800
2022-09-21,14.74,15.03,14.74,15.03,17600
2022-09-22,14.93,15.88,14.93,15.6,21400
2022-09-23,15.41,15.79,15.41,15.6,14800
2022-09-26,15.6,15.79,15.22,15.22,42500
2022-09-27,14.27,15.6,14.27,15.6,28600
2022-09-28,15.41,15.5,15.41,15.41,23500
2022-09-29,15.41,15.41,14.93,14.93,24700
2022-09-30,14.74,14.84,14.55,14.84,25200
2022-10-03,14.74,14.74,14.27,14.27,9100
2022-10-04,14.46,14.46,14.08,14.08,13000
2022-10-05,14.17,14.46,14.17,14.46,1200
2022-10-06,14.46,14.46,14.08,14.08,17100
2022-10-07,13.88,13.88,12.84,13.12,37400
2022-10-10,13.12,15.03,12.36,13.6,7000
2022-10-11,14.55,14.55,12.93,13.41,13500
2022-10-12,13.22,13.41,13.22,13.22,4100
2022-10-13,13.79,13.79,13.22,13.22,17101
2022-10-14,13.6,13.6,13.41,13.6,33000
2022-10-17,13.41,13.6,13.41,13.6,4200
2022-10-18,13.6,14.74,13.6,14.27,41000
2022-10-19,15.22,15.22,14.46,14.46,900
2022-10-20,14.08,14.08,13.79,13.79,9000
2022-10-21,13.88,14.55,13.88,14.36,42000
2022-10-24,14.27,14.65,14.08,14.27,20200
2022-10-25,14.27,14.46,13.98,14.36,12900
2022-10-26,14.27,14.74,14.27,14.36,20600
2022-10-27,14.74,15.79,14.74,15.79,35600
2022-10-28,15.5,15.6,15.41,15.5,13200
2022-10-31,16.17,16.17,15.5,15.5,48200
2022-11-01,15.41,15.88,15.41,15.88,12600
2022-11-02,15.41,15.98,15.41,15.98,20600
2022-11-03,15.79,15.88,15.69,15.69,43200
2022-11-04,15.69,15.88,15.5,15.5,53227
2022-11-07,15.79,16.55,15.5,15.5,42600
2022-11-08,15.41,15.79,15.41,15.5,11000
2022-11-09,15.79,15.88,15.5,15.5,15900
2022-11-10,15.79,15.79,15.41,15.41,41100
2022-11-11,15.41,15.6,15.41,15.41,9600
2022-11-14,15.31,15.41,15.12,15.12,84300
2022-11-15,15.12,15.6,14.27,14.65,76100
2022-11-16,15.6,15.6,13.31,14.93,13700
2022-11-17,15.31,15.6,15.31,15.6,13900
2022-11-18,15.41,15.88,15.22,15.88,15800
2022-11-21,15.6,15.98,15.31,15.41,19800
2022-11-22,15.41,15.41,15.22,15.41,19700
2022-11-23,15.31,15.31,14.93,14.93,10009
2022-11-24,15.41,15.41,14.84,14.84,12044
2022-11-25,14.74,15.12,14.74,15.03,10500
2022-11-28,15.12,17.02,15.12,17.02,51600
2022-11-29,17.97,17.97,16.55,16.64,13200
2022-11-30,16.74,16.83,16.36,16.83,14004
2022-12-01,17.59,17.59,16.74,16.74,17334
2022-12-02,17.21,17.21,16.93,16.93,3700
2022-12-05,16.17,16.74,15.41,15.6,33500
2022-12-06,16.64,16.64,15.22,15.22,19647
2022-12-07,15.98,15.98,15.22,15.88,2300
2022-12-08,15.98,15.98,14.27,15.6,6400
2022-12-09,15.5,15.5,14.84,15.03,5116
2022-12-12,15.12,16.36,15.12,15.88,25500
2022-12-13,16.45,16.45,15.98,16.07,3700
2022-12-14,16.55,16.55,16.36,16.36,27200
2022-12-15,16.36,16.55,16.07,16.17,14800
2022-12-16,16.07,16.17,15.5,16.17,20900
2022-12-19,16.26,16.26,15.88,16.07,6000
2022-12-20,15.6,16.07,15.5,15.5,5500
2022-12-21,16.07,16.07,15.5,16.07,6500
2022-12-22,15.88,15.88,15.22,15.79,7200
2022-12-23,16.07,16.07,15.22,15.22,5103
2022-12-26,15.22,15.88,15.22,15.22,5600
2022-12-27,15.22,15.69,15.03,15.6,4900
2022-12-28,15.22,15.6,15.22,15.22,8300
2022-12-29,15.88,15.88,14.93,14.93,20300
2022-12-30,15.79,15.79,15.5,15.5,4700
2023-01-03,15.12,16.07,15.03,16.07,17301
2023-01-04,16.07,16.17,15.79,15.79,12400
2023-01-05,16.07,16.07,15.79,15.88,6600
2023-01-06,16.07,16.07,15.22,15.31,9800
2023-01-09,15.98,15.98,14.84,15.31,16300
2023-01-10,15.31,16.07,15.03,16.07,6500
2023-01-11,15.79,15.79,15.22,15.6,3600
2023-01-12,15.5,15.5,15.12,15.31,2300
2023-01-13,15.22,15.22,15.12,15.22,3347
2023-01-16,15.69,15.69,15.22,15.22,8004
2023-01-17,15.41,15.41,15.12,15.41,5803
2023-01-18,15.22,15.41,15.22,15.41,22400
2023-01-19,15.41,16.36,15.41,15.88,11700
2023-01-27,15.88,16.07,15.88,15.98,10500
2023-01-30,15.98,15.98,15.5,15.88,5311
2023-01-31,16.17,16.55,16.07,16.55,27700
2023-02-01,16.64,17.59,16.64,17.12,56500
2023-02-02,16.17,17.02,16.17,16.64,2941
2023-02-03,16.07,16.36,16.07,16.36,5000
2023-02-06,16.64,16.64,16.17,16.36,12200
2023-02-07,17.4,17.4,15.98,16.45,13400
2023-02-08,16.74,16.83,16.64,16.64,19400
2023-02-09,16.74,16.74,16.36,16.36,12200
2023-02-10,16.64,16.74,16.07,16.45,17200
2023-02-13,15.98,15.98,15.79,15.88,3500
2023-02-14,16.26,16.55,16.07,16.55,8401
2023-02-15,16.83,16.83,16.07,16.36,21200
2023-02-16,16.83,16.83,16.17,16.45,23600
2023-02-17,16.17,16.83,15.22,16.55,27200
2023-02-20,16.74,16.83,16.64,16.83,25500
2023-02-21,16.74,16.74,16.45,16.64,6600
2023-02-22,16.36,16.36,16.36,16.36,2400
2023-02-23,16.64,16.64,16.26,16.36,19900
2023-02-24,16.26,16.26,16.17,16.26,6000
2023-02-27,16.55,16.55,16.17,16.17,9500
2023-02-28,16.45,16.45,16.26,16.36,30900
2023-03-01,16.55,16.93,16.45,16.83,54400
2023-03-02,16.36,16.74,16.36,16.64,24500
2023-03-03,16.83,16.93,16.64,16.74,52600
2023-03-06,17.12,17.12,17.02,17.12,700
2023-03-07,17.12,17.12,16.74,16.74,12200
2023-03-08,17.02,17.02,16.64,16.64,4900
2023-03-09,17.02,17.5,16.83,17.31,56620
2023-03-10,17.5,17.5,17.12,17.21,13900
2023-03-13,17.12,17.12,16.55,16.83,10310
2023-03-14,17.21,17.21,16.36,16.64,22110
2023-03-15,16.93,17.02,16.83,17.02,12929
2023-03-16,17.21,17.21,16.64,16.64,7200
2023-03-17,17.02,17.02,16.64,16.64,2800
2023-03-20,16.55,16.74,16.55,16.74,228
2023-03-21,17.31,17.31,16.74,16.74,6000
2023-03-22,16.83,16.83,16.83,16.83,1573
2023-03-23,17.12,17.12,16.93,16.93,8200
2023-03-24,17.02,17.02,16.83,16.83,5310
2023-03-27,16.64,16.74,16.64,16.64,1100
2023-03-28,17.02,17.02,16.64,16.83,8900
2023-03-29,16.83,16.83,16.74,16.74,4300
2023-03-30,16.64,16.93,16.55,16.74,14700
2023-03-31,16.64,16.64,16.64,16.64,1800
2023-04-03,17.02,17.02,16.74,16.83,10100
2023-04-04,16.83,16.93,16.64,16.83,8902
2023-04-05,16.93,16.93,16.74,16.74,9900
2023-04-06,16.64,16.83,16.64,16.74,8239
2023-04-07,16.64,16.64,16.55,16.64,2600
2023-04-10,16.74,17.02,16.45,16.74,8001
2023-04-11,16.93,16.93,16.83,16.83,5411
2023-04-12,16.64,16.64,16.64,16.64,100
2023-04-13,16.45,16.74,16.45,16.55,4700
2023-04-14,16.55,16.93,16.45,16.45,21200
2023-04-17,16.45,16.45,16.17,16.17,6401
2023-04-18,16.93,16.93,16.36,16.36,8011
2023-04-19,16.64,16.93,16.45,16.45,17800
2023-04-20,16.93,16.93,16.36,16.36,6100
2023-04-21,16.93,16.93,16.55,16.55,5900
2023-04-24,16.36,16.36,16.26,16.36,1700
2023-04-25,16.26,16.36,16.17,16.36,6611
2023-04-26,16.17,16.26,16.17,16.26,20302
2023-04-27,16.07,16.17,16.07,16.17,7300
2023-04-28,16.83,16.83,16.26,16.36,11700
2023-05-04,16.36,16.74,16.26,16.55,14200
2023-05-05,16.64,17.4,16.64,17.21,70358
2023-05-08,17.21,17.21,16.93,17.02,21408
2023-05-09,17.21,17.31,17.12,17.12,11500
2023-05-10,17.21,18.45,17.21,18.16,86020
2023-05-11,18.74,20.64,18.74,19.97,90656
2023-05-12,19.88,19.88,18.83,18.83,17201
2023-05-15,19.78,20.64,18.83,18.83,14500
2023-05-16,18.93,19.69,18.64,19.02,25400
2023-05-17,19.59,19.88,18.93,18.93,9869
2023-05-18,19.4,19.4,18.64,19.02,16713
2023-05-19,18.54,19.78,18.54,19.02,10100
2023-05-22,19.02,20.54,19.02,19.59,60800
2023-05-23,19.59,19.88,19.31,19.4,22208
2023-05-24,19.88,19.88,19.12,19.88,3938
2023-05-25,20.45,20.45,19.31,19.4,8000
2023-05-26,19.69,19.69,18.64,19.5,45200
2023-05-29,19.78,19.78,19.02,19.31,44800
2023-05-30,19.02,19.4,19.02,19.4,21710
2023-05-31,19.31,19.59,19.31,19.4,22520
2023-06-01,19.4,19.88,19.02,19.69,14800
2023-06-02,19.4,20.64,19.4,20.45,84520
2023-06-05,20.35,21.21,20.35,21.11,56478
2023-06-06,20.92,22.06,20.92,21.97,121033
2023-06-07,22.16,22.16,21.11,21.78,32640
2023-06-08,21.68,21.87,21.21,21.3,40806
2023-06-09,21.21,21.3,20.92,20.92,9901
2023-06-12,21.11,21.59,21.11,21.21,22700
2023-06-13,21.87,21.97,21.4,21.78,47420
2023-06-14,20.92,22.25,20.92,21.78,7828
2023-06-15,22.06,22.06,21.78,21.87,11506
2023-06-16,22.25,22.25,21.78,21.78,9722
2023-06-19,21.59,21.59,21.4,21.59,17854
2023-06-20,22.63,22.63,21.59,21.87,22100
2023-06-21,21.87,21.97,21.21,21.87,50376
2023-06-22,22.73,22.73,21.87,21.97,20901
2023-06-23,22.16,22.16,21.4,21.4,38512
2023-06-26,21.68,21.78,21.49,21.78,12500
2023-06-27,21.49,22.35,21.49,22.35,60600
2023-06-28,25.11,25.11,21.97,22.16,7400
2023-06-29,21.97,22.73,21.87,22.06,26500
2023-06-30,21.68,22.16,21.68,22.06,16200
2023-07-03,22.16,22.16,21.87,22.06,5700
2023-07-04,21.97,21.97,21.68,21.87,15701
2023-07-05,22.82,22.82,21.87,22.63,48506
2023-07-06,22.63,22.82,22.44,22.44,3433
2023-07-07,21.97,22.63,21.97,22.63,4400
2023-07-10,22.35,22.54,22.06,22.44,21000
2023-07-11,21.87,22.54,21.87,22.54,37117
2023-07-12,22.44,22.73,22.44,22.44,1504
2023-07-13,22.54,23.2,22.54,23.11,31216
2023-07-14,23.78,23.78,22.44,23.11,20900
2023-07-17,22.16,23.01,22.16,22.82,23300
2023-07-18,22.63,23.01,22.63,22.92,13700
2023-07-19,22.92,23.49,22.82,23.49,33600
2023-07-20,23.59,23.78,23.3,23.78,25901
2023-07-21,23.68,23.78,23.68,23.68,6501
2023-07-24,22.63,23.87,22.63,23.78,7750
2023-07-25,24.25,24.54,23.11,23.4,30901
2023-07-26,23.4,23.4,23.4,23.4,30937
2023-07-27,23.4,23.68,23.4,23.49,25507
2023-07-28,23.59,23.78,23.49,23.68,18902
2023-07-31,23.68,23.68,23.3,23.3,19601
2023-08-01,23.68,23.68,23.58,23.68,10900
2023-08-02,23.68,23.68,23.68,23.68,3102
2023-08-03,23.78,23.78,23.2,23.2,8501
2023-08-04,23.0,23.78,22.23,23.68,9703
2023-08-07,23.2,23.29,23.1,23.29,52202
2023-08-08,24.16,24.16,23.0,23.1,13314
2023-08-09,23.2,23.2,23.1,23.1,11410
2023-08-10,23.2,23.2,23.0,23.0,24710
2023-08-11,22.71,22.81,22.71,22.71,1414
2023-08-14,22.71,22.81,22.23,22.71,13411
2023-08-15,23.2,23.2,22.62,22.71,3754
2023-08-16,21.84,23.2,21.75,23.2,2553
2023-08-17,22.71,22.71,22.71,22.71,1333
2023-08-18,22.52,23.2,20.39,22.13,124507
2023-08-21,19.81,22.42,19.81,22.42,10803
2023-08-22,21.65,23.2,21.65,21.65,1500
2023-08-23,21.65,22.42,21.65,22.23,10204
2023-08-24,22.13,22.52,21.46,21.55,3308
2023-08-25,21.65,22.23,21.65,21.75,3400
2023-08-28,21.75,22.71,21.75,22.71,500
2023-08-29,21.94,22.42,21.46,22.42,10614
2023-08-30,21.75,22.33,21.26,22.23,7610
2023-08-31,21.94,22.42,21.75,22.42,8800
2023-09-05,22.42,23.2,22.42,23.1,23610
2023-09-06,23.1,23.2,23.1,23.1,9702
2023-09-07,22.42,23.2,22.42,23.2,11800
2023-09-08,22.52,23.29,22.52,23.1,33889
2023-09-11,23.29,23.78,23.2,23.68,46729
2023-09-12,23.29,23.58,23.29,23.58,8001
2023-09-13,23.39,24.07,23.39,23.58,41189
2023-09-14,23.78,23.97,23.78,23.78,22603
2023-09-15,23.78,23.78,23.2,23.2,15530
2023-09-18,23.49,23.78,23.39,23.68,16314
2023-09-19,23.78,23.78,23.39,23.58,8400
2023-09-20,23.29,23.68,23.29,23.68,7000
2023-09-21,23.97,23.97,23.39,23.49,17900
2023-09-22,22.91,23.0,22.62,22.91,18700
2023-09-25,22.71,22.91,22.71,22.71,46902
2023-09-26,22.71,22.71,22.52,22.71,4307
2023-09-27,22.42,22.52,22.42,22.52,500
2023-09-28,21.94,22.71,21.94,22.52,9200
2023-09-29,22.23,22.23,22.23,22.23,505
2023-10-02,22.23,22.71,22.23,22.71,6202
2023-10-03,22.71,22.81,22.23,22.23,16500
2023-10-04,22.04,22.04,22.04,22.04,200
2023-10-05,22.04,22.52,22.04,22.42,7500
2023-10-06,22.42,22.42,22.42,22.42,1700
2023-10-09,22.23,22.23,22.23,22.23,400
2023-10-10,22.23,22.33,22.23,22.33,6628
2023-10-11,22.33,22.33,22.33,22.33,1650
2023-10-12,22.33,22.52,22.33,22.52,8801
2023-10-13,22.23,22.23,22.23,22.23,700
2023-10-16,22.23,23.2,22.23,23.1,16001
2023-10-17,22.23,22.23,22.23,22.23,4800
2023-10-18,21.36,21.84,21.36,21.84,401
2023-10-19,21.26,21.26,20.39,21.26,3549
2023-10-20,20.88,20.88,19.33,19.91,3400
2023-10-23,20.3,20.59,20.3,20.39,7002
2023-10-24,20.68,20.68,20.49,20.59,9000
2023-10-25,20.78,20.88,20.59,20.88,11100
2023-10-26,20.88,22.23,20.39,20.39,36600
2023-10-27,20.49,21.55,20.49,21.55,5302
2023-10-30,21.55,21.55,21.26,21.26,600
2023-10-31,21.26,21.26,20.49,20.49,17400
2023-11-01,21.17,21.17,20.49,20.49,14700
2023-11-02,21.46,21.46,20.49,21.17,6671
2023-11-03,21.65,21.65,20.59,20.78,13509
2023-11-06,20.3,20.49,20.3,20.39,8805
2023-11-07,20.3,20.39,20.3,20.3,9001
2023-11-08,20.78,21.17,20.49,21.17,4144
2023-11-09,20.59,22.13,20.3,20.78,4025
2023-11-10,20.68,20.68,20.68,20.68,1401
2023-11-13,20.68,20.68,20.68,20.68,0
2023-11-14,20.68,21.65,20.68,20.78,4302
2023-11-15,21.17,21.17,21.07,21.07,1537
2023-11-16,21.07,21.07,20.97,20.97,929
2023-11-17,21.07,21.07,21.07,21.07,2369
2023-11-20,20.78,20.78,20.78,20.78,5003
2023-11-21,21.07,21.07,21.07,21.07,2200
2023-11-22,20.59,20.88,20.59,20.88,7145
2023-11-23,20.3,20.78,20.3,20.59,3706
2023-11-24,20.49,20.49,20.49,20.49,2700
2023-11-27,20.97,20.97,20.88,20.88,500
2023-11-28,20.88,20.88,20.88,20.88,1000
2023-11-29,20.2,20.88,20.1,20.1,18752
2023-11-30,20.3,20.3,20.2,20.2,9800
2023-12-01,20.2,20.3,19.81,20.2,8609
2023-12-04,20.49,20.49,19.81,20.1,12104
2023-12-05,19.81,20.3,19.81,20.1,13352
2023-12-06,20.1,20.49,20.1,20.3,3200
2023-12-07,19.91,20.01,19.81,20.01,7220
2023-12-08,19.62,20.3,19.62,20.1,5311
2023-12-11,19.52,19.91,19.43,19.72,4472
2023-12-12,20.01,20.3,20.01,20.3,5805
2023-12-13,20.3,20.3,19.81,19.81,6400
2023-12-14,20.1,20.1,19.81,19.81,1700
2023-12-15,19.72,20.1,19.43,19.62,7200
2023-12-18,19.81,19.81,19.62,19.62,7158
2023-12-19,19.72,19.81,19.72,19.81,7010
2023-12-20,19.91,20.1,19.81,19.91,3700
2023-12-21,19.91,19.91,19.81,19.81,600
2023-12-22,20.1,20.1,19.81,19.81,8740
2023-12-25,20.01,20.3,19.91,20.3,18000
2023-12-26,20.2,20.2,20.1,20.2,7119
2023-12-27,19.91,20.3,19.91,20.3,1902
2023-12-28,20.3,20.3,20.1,20.2,13500
2023-12-29,20.2,20.2,20.01,20.01,3410
2024-01-02,19.91,20.1,19.91,20.1,3800
2024-01-03,20.1,20.1,20.01,20.01,2700
2024-01-04,19.91,20.2,19.81,20.2,5610
2024-01-05,19.91,19.91,19.91,19.91,1606
2024-01-08,20.2,21.94,20.01,20.49,17305
2024-01-09,20.68,21.36,20.59,21.26,22100
2024-01-10,20.88,21.17,20.59,21.17,5200
2024-01-11,20.68,21.07,20.68,21.07,6900
2024-01-12,20.68,20.68,20.59,20.68,12300
2024-01-15,20.97,21.07,20.68,20.68,4400
2024-01-16,20.68,20.68,20.68,20.68,905
2024-01-17,20.68,21.07,20.59,20.88,6305
2024-01-18,20.88,21.17,20.78,20.88,6435
2024-01-19,21.07,21.07,20.88,20.88,3622
2024-01-22,20.88,21.26,20.88,21.07,14801
2024-01-23,21.07,21.07,20.78,20.78,7100
2024-01-24,20.59,20.68,20.59,20.68,600
2024-01-25,20.78,21.36,20.78,21.36,20705
2024-01-26,21.17,21.55,20.68,21.55,1310
2024-01-29,21.17,21.26,20.88,20.88,6117
2024-01-30,21.07,21.07,20.97,21.07,9900
2024-01-31,21.26,21.26,20.78,20.78,9692
2024-02-01,21.17,21.17,20.97,21.17,1900
2024-02-02,20.97,21.65,20.97,21.55,2618
2024-02-05,21.36,21.75,21.36,21.65,3201
2024-02-06,19.81,22.13,19.81,21.17,5000
2024-02-07,21.07,21.36,20.97,21.36,2506
2024-02-15,21.17,21.75,21.17,21.55,2932
2024-02-16,21.65,22.13,21.65,22.13,6004
2024-02-19,21.07,22.23,21.07,22.04,9700
2024-02-20,22.04,22.04,21.65,22.04,705
2024-02-21,21.75,21.84,21.65,21.65,5825
2024-02-22,21.75,21.75,21.46,21.46,2200
2024-02-23,21.26,21.75,21.26,21.75,2700
2024-02-26,21.46,21.46,21.36,21.46,8700
2024-02-27,21.17,21.65,21.17,21.46,1303
2024-02-28,21.17,21.84,21.17,21.84,16000
2024-02-29,21.75,21.75,21.46,21.65,4300
2024-03-01,21.65,21.65,20.97,21.65,8800
2024-03-04,21.36,22.13,21.26,21.65,6301
2024-03-05,21.55,21.55,21.46,21.55,12000
2024-03-06,21.94,21.94,21.26,21.36,8000
2024-03-07,21.26,21.65,21.26,21.65,3600
2024-03-08,21.65,21.65,21.17,21.36,1400
2024-03-11,21.26,21.26,21.17,21.26,2408
2024-03-12,20.78,21.65,20.78,21.65,13500
2024-03-13,21.07,21.36,21.07,21.36,2200
2024-03-14,21.26,21.65,21.26,21.55,26200
2024-03-15,21.26,21.65,21.26,21.65,2150
2024-03-18,21.55,21.65,21.26,21.26,10610
2024-03-19,21.36,21.55,21.26,21.55,2900
2024-03-20,21.65,21.65,21.46,21.65,26948
2024-03-21,21.65,21.65,21.17,21.55,12100
2024-03-22,21.46,22.13,21.46,22.04,5000
2024-03-25,22.13,22.13,21.75,21.75,24710
2024-03-26,22.13,22.23,21.75,22.04,32015
2024-03-27,21.94,22.04,21.84,22.04,4600
2024-03-28,21.55,21.94,21.46,21.94,5331
2024-03-29,21.55,22.52,21.55,22.04,5620
2024-04-01,22.23,22.23,21.75,21.75,2402
2024-04-02,21.75,21.84,21.55,21.84,2100
2024-04-03,21.65,21.75,21.65,21.65,11820
2024-04-04,21.65,21.65,21.46,21.55,4400
2024-04-05,21.55,21.55,21.26,21.26,9800
2024-04-08,21.26,21.26,21.07,21.26,4000
2024-04-09,21.17,21.17,21.17,21.17,500
2024-04-10,21.07,21.17,21.07,21.17,1400
2024-04-11,21.17,21.17,20.88,20.88,817
2024-04-12,20.97,22.13,20.97,22.13,2500
2024-04-15,22.13,22.13,20.78,20.78,6400
2024-04-16,20.59,20.59,20.59,20.59,4700
2024-04-17,21.07,21.07,18.46,20.39,5800
2024-04-19,20.39,20.39,20.2,20.2,5500
2024-04-22,20.59,20.68,20.49,20.59,9500
2024-04-23,20.59,20.78,19.72,19.81,10210
2024-04-24,20.78,20.78,20.2,20.2,4407
2024-04-25,20.68,21.07,20.39,21.07,15200
2024-04-26,20.39,21.07,20.39,21.07,3700
2024-05-02,20.97,20.97,20.97,20.97,300
2024-05-03,21.94,21.94,21.17,21.55,2106
2024-05-06,20.78,21.55,20.78,21.55,700
2024-05-07,20.88,20.88,20.88,20.88,1200
2024-05-08,21.65,21.65,20.59,20.97,1690
2024-05-09,21.07,21.26,21.07,21.26,2300
2024-05-10,21.17,21.17,20.88,20.88,10100
2024-05-13,21.07,21.17,21.07,21.07,4200
2024-05-14,20.88,21.17,19.81,21.17,1804
2024-05-15,20.78,21.26,20.78,21.17,2118
2024-05-16,20.97,21.26,20.97,21.26,10412
2024-05-17,21.07,21.36,20.97,21.36,14400
2024-05-20,21.07,21.65,21.07,21.26,24100
2024-05-21,21.46,21.84,21.46,21.84,19701
2024-05-22,21.84,22.52,21.75,21.75,95200
2024-05-23,22.04,22.71,21.75,22.04,29302
2024-05-24,21.94,21.94,21.26,21.36,14600
2024-05-27,20.3,21.26,20.3,21.26,45300
2024-05-28,21.17,22.13,21.17,21.36,16200
2024-05-29,21.36,21.94,21.36,21.75,21100
2024-05-30,21.36,21.75,21.36,21.46,13705
2024-05-31,21.55,21.75,21.07,21.17,17800
2024-06-03,21.26,21.55,21.26,21.46,16600
2024-06-04,21.36,21.94,21.26,21.46,18600
2024-06-05,21.65,22.13,21.65,21.75,35000
2024-06-06,21.84,23.78,21.84,23.78,687143
2024-06-07,24.19,25.76,24.09,25.56,242418
2024-06-10,25.56,28.02,25.56,27.14,386150
2024-06-11,27.53,27.73,25.56,25.96,171638
2024-06-12,25.96,26.05,25.07,25.96,189364
2024-06-13,25.96,26.94,25.56,26.15,134000
2024-06-14,26.55,26.74,25.56,25.56,178646
2024-06-17,25.96,27.73,25.96,27.73,190223
2024-06-18,27.33,29.4,27.33,28.71,160671
2024-06-19,29.2,29.4,27.82,28.61,92096
2024-06-20,28.51,29.5,28.41,29.5,281151
2024-06-21,28.91,31.27,28.91,31.07,195514
2024-06-24,31.17,31.17,28.41,28.41,227792
2024-06-25,28.32,29.5,27.92,28.61,137352
2024-06-26,29.0,30.38,28.91,29.69,95583
2024-06-27,29.5,31.17,29.5,30.09,197527
2024-06-28,30.48,30.48,28.91,29.59,152850
2024-07-01,29.79,30.38,27.73,27.82,164450
2024-07-02,28.32,28.51,27.53,27.63,163834
2024-07-03,28.02,28.71,27.53,28.02,127012
2024-07-04,28.22,29.3,28.22,29.0,193170
2024-07-05,28.61,29.99,28.61,29.0,213319
2024-07-08,29.2,30.38,29.0,29.1,192426
2024-07-09,29.3,29.59,28.51,28.51,265746
2024-07-10,28.91,29.79,28.71,28.91,355480
2024-07-11,29.2,29.59,28.81,28.81,145854
2024-07-12,29.0,29.5,29.0,29.5,156839
2024-07-15,29.5,29.5,29.0,29.0,152000
2024-07-16,29.3,29.5,27.92,28.02,249240
2024-07-17,28.32,28.51,25.17,26.45,577637
2024-07-18,26.55,26.55,25.66,26.55,275488
2024-07-19,26.15,27.53,25.76,25.96,168994
2024-07-22,25.86,26.25,25.86,25.86,218011
2024-07-23,26.15,26.45,25.56,25.56,41523
2024-07-24,25.37,26.35,25.27,26.15,300745
2024-07-25,26.45,27.14,26.15,26.64,215033
2024-07-26,26.64,26.94,26.15,26.94,124200
2024-07-29,26.94,27.53,26.55,26.55,109512
2024-07-30,26.64,26.74,26.25,26.35,307449
2024-07-31,26.25,26.64,26.15,26.15,74000
2024-08-01,26.35,26.55,25.27,25.37,228765
2024-08-02,25.37,25.66,24.78,25.66,240577
2024-08-05,25.37,25.56,24.58,24.58,160370
2024-08-06,24.58,25.07,24.58,24.87,41186
2024-08-07,24.97,25.27,24.97,24.97,25834
2024-08-08,26.45,26.45,24.68,25.27,104603
2024-08-09,25.56,25.86,24.78,25.17,57931
2024-08-12,25.17,25.66,25.07,25.66,66100
2024-08-13,25.56,25.96,25.37,25.56,61100
2024-08-14,25.66,25.76,24.78,24.78,55400
2024-08-15,25.07,25.37,24.87,25.37,121575
2024-08-16,25.17,26.25,25.17,26.25,98175
2024-08-19,25.96,27.53,25.96,27.53,130980
2024-08-20,27.53,27.92,26.94,27.23,53601
2024-08-21,27.53,27.92,26.74,27.33,51600
2024-08-22,27.43,29.5,27.33,28.32,548524
2024-08-23,28.51,28.51,27.82,27.82,102303
2024-08-26,27.82,28.02,27.33,27.33,128316
2024-08-27,27.73,28.81,27.23,28.22,176554
2024-08-28,28.32,28.32,27.92,28.12,101704
2024-08-29,28.02,28.12,27.43,27.53,117540
2024-08-30,27.82,27.82,27.23,27.23,84903
2024-09-04,27.33,27.33,26.64,27.04,88500
2024-09-05,27.92,27.92,26.94,26.94,29163
2024-09-06,27.53,27.53,26.74,27.14,51000
2024-09-09,27.04,27.23,26.55,26.64,72016
2024-09-10,26.94,26.94,26.35,26.45,43643
2024-09-11,26.64,26.64,25.96,26.15,55409
2024-09-12,26.45,26.55,26.35,26.35,12200
2024-09-13,26.55,26.55,25.86,26.25,19804
2024-09-16,26.25,27.04,25.86,25.86,26144
2024-09-17,25.86,26.25,25.76,26.05,52421
2024-09-18,25.96,26.35,25.96,26.05,40440
2024-09-19,26.45,26.45,25.86,26.05,24600
2024-09-20,26.05,26.15,25.86,25.86,40600
2024-09-23,25.96,26.15,25.86,25.96,24514
2024-09-24,26.05,26.45,25.86,26.45,22712
2024-09-25,27.14,27.14,25.96,25.96,65614
2024-09-26,26.25,26.45,26.05,26.45,63049
2024-09-27,26.55,26.55,26.15,26.25,60972
2024-09-30,26.25,26.35,26.15,26.25,32485
2024-10-01,26.25,26.45,25.76,26.25,85900
2024-10-02,26.05,26.05,25.76,25.76,45561
2024-10-03,26.05,26.05,25.27,25.66,63220
2024-10-04,25.56,25.86,25.27,25.46,36901
2024-10-07,25.76,26.25,25.76,25.96,31200
2024-10-08,25.66,25.96,25.37,25.86,32007
2024-10-09,25.56,25.56,25.17,25.56,59300
2024-10-10,25.46,25.56,25.07,25.46,38717
2024-10-11,25.86,26.35,25.66,25.96,110220
2024-10-14,25.76,26.05,25.66,26.05,171500
2024-10-15,25.86,26.25,25.76,25.86,18809
2024-10-16,25.86,25.96,25.66,25.76,46416
2024-10-17,25.76,25.76,25.46,25.76,33200
2024-10-18,26.05,27.04,25.96,26.55,177621
2024-10-21,27.04,27.04,26.45,26.45,138447
2024-10-22,26.55,26.64,26.15,26.25,29200
2024-10-23,26.15,26.55,25.86,26.55,58700
2024-10-24,26.35,27.43,26.35,26.84,106751
2024-10-25,27.04,28.22,27.04,27.53,254715
2024-10-28,27.73,28.22,27.33,27.73,46308
2024-10-29,28.02,28.22,27.53,28.02,94543
2024-10-30,28.12,29.0,28.12,28.61,246214
2024-10-31,28.51,28.51,27.82,27.92,109545
2024-11-01,28.02,28.12,27.73,27.73,107527
2024-11-04,27.92,27.92,27.04,27.43,91201
2024-11-05,27.43,27.82,27.43,27.53,16900
2024-11-06,27.33,28.12,27.33,27.53,201324
2024-11-07,27.73,29.0,27.14,28.51,160616
2024-11-08,28.81,30.09,28.81,29.3,661330
2024-11-11,29.89,33.13,29.89,31.46,576384
2024-11-12,31.46,31.66,30.77,30.97,266555
2024-11-13,30.97,33.72,30.68,32.84,508653
2024-11-14,32.54,33.13,31.76,31.86,277667
2024-11-15,32.45,32.45,30.97,31.86,223057
2024-11-18,31.56,36.28,31.56,35.89,747281
2024-11-19,35.4,38.25,34.41,34.9,653185
2024-11-20,35.4,35.4,33.23,34.51,313676
2024-11-21,34.9,35.3,34.31,34.9,243591
2024-11-22,35.2,35.89,34.51,34.9,181695
2024-11-25,34.41,35.79,34.41,34.9,149227
2024-11-26,34.9,35.1,32.74,33.04,431244
2024-11-27,33.04,33.82,32.54,33.23,263128
2024-11-28,33.43,35.1,33.04,34.22,410552
2024-11-29,34.22,35.79,34.22,34.71,314591
2024-12-02,34.9,35.4,33.53,33.92,221211
2024-12-03,33.82,36.18,33.72,35.89,391487
2024-12-04,36.38,37.46,35.3,35.4,357825
2024-12-05,35.4,35.99,34.51,35.3,555843
2024-12-06,35.4,35.89,34.9,35.2,177494
2024-12-09,35.4,36.67,35.4,35.99,281889
2024-12-10,36.08,36.08,35.0,35.2,278668
2024-12-11,35.2,35.89,34.9,35.49,143704
2024-12-12,35.4,38.84,35.4,38.05,605899
2024-12-13,38.05,39.03,37.56,38.05,226944
2024-12-16,37.66,38.34,37.66,37.75,227735
2024-12-17,37.66,37.85,36.77,36.77,537356
2024-12-18,37.07,38.54,36.87,38.25,247464
2024-12-19,38.34,40.8,37.36,39.33,399958
2024-12-20,39.23,40.9,38.84,40.51,345418
2024-12-23,40.51,42.28,40.21,41.79,304898
2024-12-24,41.69,41.69,40.41,40.9,276041
2024-12-25,40.9,41.98,40.41,41.1,198323
2024-12-26,41.2,41.2,40.7,40.7,150738
2024-12-27,41.2,41.69,39.33,39.52,428896
2024-12-30,40.11,41.79,39.33,41.0,195177
2024-12-31,41.79,41.79,40.7,41.1,155434
2025-01-02,41.29,42.97,41.1,42.18,453884
2025-01-03,41.98,42.38,40.51,40.61,290341
2025-01-06,40.61,42.28,40.21,40.31,234736
2025-01-07,40.8,41.29,40.51,41.2,92903
2025-01-08,41.29,42.38,41.1,42.18,316064
2025-01-09,42.18,42.47,41.39,41.88,86878
2025-01-10,41.79,42.08,40.51,41.39,129612
2025-01-13,41.39,41.39,39.82,40.61,243879
2025-01-14,40.21,41.1,40.21,40.9,53804
2025-01-15,41.2,41.69,40.41,41.69,147229
2025-01-16,41.29,44.05,41.29,44.05,774795
2025-01-17,44.05,45.42,43.75,45.23,221497
2025-01-20,44.83,46.7,44.64,46.01,347821
2025-01-21,46.01,47.69,44.74,47.69,355098
2025-01-22,47.19,48.57,46.21,48.47,185580
2025-01-23,54.86,54.86,46.7,48.18,184475
2025-01-24,48.67,50.14,47.49,49.26,632028
2025-02-03,49.16,50.04,47.98,48.57,176639
2025-02-04,48.57,50.04,47.0,49.55,390442
2025-02-05,49.26,52.11,49.16,51.91,643077
2025-02-06,51.91,58.89,51.91,53.68,493021
2025-02-07,53.78,57.03,52.01,53.09,528074
2025-02-10,52.11,53.98,48.18,48.57,726788
2025-02-11,49.45,49.85,47.19,49.85,264447
2025-02-12,49.95,50.44,48.18,48.96,310978
2025-02-13,48.96,50.04,48.08,49.16,477776
2025-02-14,49.26,50.14,47.98,48.08,686147
2025-02-17,48.28,48.77,42.67,42.87,1437890
2025-02-18,44.24,45.42,42.67,44.54,396043
2025-02-19,44.83,46.41,44.44,45.42,327628
2025-02-20,45.42,45.52,44.15,44.34,325772
2025-02-21,44.64,46.11,44.24,45.23,261493
2025-02-24,45.03,45.52,43.95,44.64,298639
2025-02-25,45.13,45.13,42.67,43.65,484315
2025-02-26,43.95,44.74,43.56,43.85,289379
2025-02-27,44.05,44.05,41.88,42.08,578577
2025-02-28,42.08,43.56,40.51,42.08,368950
2025-03-03,41.88,41.88,41.2,41.2,187338
2025-03-04,41.29,41.29,39.33,40.61,457824
2025-03-05,41.1,43.75,40.31,42.97,553369
2025-03-06,43.26,43.75,42.38,43.46,245385
2025-03-07,43.26,43.26,41.88,42.87,235360
2025-03-10,42.77,43.06,41.39,42.28,113684
2025-03-11,42.08,43.26,41.2,42.67,180741
2025-03-12,42.47,44.64,42.47,44.24,409809
2025-03-13,44.05,45.13,43.65,44.24,208600
2025-03-14,44.24,44.24,42.28,42.77,251527
2025-03-17,42.77,43.16,41.69,42.28,119527
2025-03-18,42.08,42.57,41.88,42.28,110894
2025-03-19,42.57,42.97,41.98,42.97,108197
2025-03-20,42.97,44.74,42.87,44.05,320035
2025-03-21,44.24,44.24,43.65,44.24,157916
2025-03-24,44.24,44.24,43.46,43.85,100886
2025-03-25,43.75,43.75,42.67,42.97,141759
2025-03-26,43.16,44.54,42.87,44.15,265770
2025-03-27,44.24,44.24,43.75,43.85,91420
2025-03-28,43.75,44.05,42.77,42.87,166883
2025-03-31,42.28,43.26,40.31,43.26,492776
2025-04-01,41.79,42.77,41.49,41.88,42064
2025-04-02,42.08,42.77,41.49,41.49,63391
2025-04-03,39.82,39.82,35.69,35.69,450816
2025-04-04,31.46,35.69,30.87,34.41,423298
2025-04-08,34.41,37.07,27.43,27.43,671537
2025-04-09,23.89,28.02,23.89,25.76,276474
2025-04-10,29.5,29.5,29.5,29.5,20938
2025-04-11,33.92,33.92,30.38,32.35,513307
2025-04-14,32.94,34.02,32.54,33.33,373835
2025-04-15,33.92,34.02,32.25,32.84,217414
2025-04-16,33.13,33.13,32.05,32.35,242986
2025-04-17,32.05,32.84,30.58,32.54,260702
2025-04-18,32.54,33.72,32.45,33.13,178355
2025-04-21,33.13,33.43,32.45,32.45,94768
2025-04-22,32.45,32.45,27.92,31.27,355904
2025-04-23,31.46,32.84,31.36,32.64,119120
2025-04-24,32.45,33.43,31.95,32.54,100323
2025-04-25,32.64,33.43,32.45,32.84,101400
2025-04-28,32.84,32.84,31.95,32.35,116406
2025-04-29,32.35,34.41,31.86,33.92,337239
2025-05-05,33.23,35.89,33.23,35.79,334500
2025-05-06,35.79,36.38,35.1,35.2,335492
2025-05-07,35.59,35.69,34.81,35.1,186524
2025-05-08,35.0,35.3,34.41,35.0,216822
2025-05-09,34.9,35.3,34.41,34.9,160350
2025-05-12,34.81,36.38,34.51,36.38,180622
2025-05-13,36.67,36.67,35.3,35.4,296543
2025-05-14,35.69,38.34,35.69,37.75,827905
2025-05-15,37.75,38.44,37.36,37.75,275850
2025-05-16,37.85,37.85,36.58,36.77,243319
2025-05-19,36.77,36.77,35.59,35.79,291618
2025-05-20,35.2,37.85,35.2,36.97,338691
2025-05-21,35.49,37.36,35.49,36.38,86916
2025-05-22,36.38,37.36,35.99,36.18,204301
2025-05-23,36.28,36.38,35.4,36.08,143288
2025-05-26,36.08,37.36,34.9,37.07,270926
2025-05-27,37.07,38.93,36.97,38.74,774548
2025-05-28,39.13,39.33,37.66,37.85,326805
2025-05-29,38.34,38.34,37.26,37.56,190531
2025-05-30,37.56,37.66,36.38,36.67,287482
2025-06-02,36.67,37.46,36.48,37.46,165447
2025-06-03,37.85,37.85,37.07,37.26,104254
2025-06-04,37.16,37.36,36.67,36.97,104362
2025-06-05,37.07,37.07,35.99,36.58,212994
2025-06-06,36.48,37.75,36.28,36.58,146714
2025-06-09,36.58,36.67,35.79,35.89,194560
2025-06-10,35.59,36.38,35.59,35.69,104808
2025-06-11,35.69,36.38,35.69,36.08,61024
2025-06-12,36.08,36.67,35.99,36.58,209359
2025-06-13,36.38,37.56,36.08,37.26,411404
2025-06-16,37.36,38.54,37.26,38.15,384088
2025-06-17,38.54,39.03,37.36,37.46,291438
2025-06-18,37.66,37.95,36.77,36.97,251560
2025-06-19,37.36,37.36,36.48,36.48,128952
2025-06-20,36.48,37.07,36.48,36.67,119446
2025-06-23,36.67,37.36,36.28,36.28,168854
2025-06-24,37.26,37.66,36.08,36.28,240207
2025-06-25,36.28,36.67,35.89,36.08,163052
2025-06-26,36.28,36.38,35.99,36.18,116716
2025-06-27,36.18,36.67,36.08,36.48,143575
2025-06-30,36.48,37.16,36.38,36.97,183026
2025-07-01,36.97,37.16,36.28,36.77,157175
2025-07-02,36.77,37.66,36.38,37.66,326687
2025-07-03,37.66,39.03,36.87,37.66,576851
2025-07-04,37.75,37.85,37.26,37.36,179105
2025-07-07,37.66,37.75,36.97,37.16,240464
2025-07-08,37.56,37.66,37.16,37.56,236084
2025-07-09,37.85,38.84,37.66,37.85,370357
2025-07-10,37.95,39.13,37.85,39.13,885709
2025-07-11,39.23,40.51,38.93,39.72,610493
2025-07-14,39.82,40.41,38.34,39.03,450778
2025-07-15,39.03,39.33,38.34,38.34,427432
2025-07-16,38.74,39.23,38.34,38.84,231651
2025-07-17,38.84,39.23,38.34,38.64,335164
2025-07-18,38.84,39.82,38.34,39.33,641857
2025-07-21,39.52,40.8,39.23,39.52,481467
2025-07-22,39.33,40.8,39.33,40.61,541303
2025-07-23,40.61,40.8,39.82,40.31,466606
2025-07-24,40.31,40.41,39.52,40.31,290777
2025-07-25,40.31,40.9,39.82,40.11,605399
2025-07-28,40.41,40.51,39.92,40.11,437628
2025-07-29,40.11,40.41,36.38,37.46,749483
2025-07-30,37.07,37.85,36.77,37.26,520242
2025-07-31,37.26,37.46,35.69,36.67,483973
2025-08-01,36.67,39.23,36.18,37.75,436305
2025-08-04,37.75,37.85,36.87,37.16,153327
2025-08-05,37.26,37.36,36.08,36.87,426454
2025-08-06,36.97,37.26,36.28,37.16,178002
2025-08-07,37.16,37.85,36.87,37.16,153025
2025-08-08,37.66,37.66,36.48,36.97,252860
2025-08-11,36.97,37.16,36.67,36.77,228389
2025-08-12,36.77,38.15,36.67,37.75,384525
2025-08-13,37.75,38.93,37.56,38.34,573285
2025-08-14,38.34,38.84,37.66,37.95,303517
2025-08-15,37.95,38.05,33.92,36.67,402626
2025-08-18,36.77,36.97,36.48,36.77,140526
2025-08-19,36.87,37.36,36.48,36.67,174033
2025-08-20,36.67,36.77,35.4,35.99,270839
2025-08-21,35.89,36.28,35.59,35.69,138892
2025-08-22,35.89,35.89,34.9,35.1,273520
2025-08-25,35.4,36.58,34.81,34.81,90787
2025-08-26,35.1,35.4,34.81,35.4,93123
2025-08-27,35.4,35.89,35.1,35.69,127324
2025-08-28,35.59,35.99,35.59,35.79,66804
2025-08-29,35.89,35.89,35.4,35.59,113660
2025-09-03,35.79,35.79,35.0,35.69,128255
2025-09-04,35.69,35.69,35.4,35.59,85360
2025-09-05,35.49,35.89,35.3,35.4,114994
2025-09-08,35.49,35.59,34.71,34.81,91639
2025-09-09,34.81,34.81,34.02,34.31,109552
2025-09-10,34.22,34.51,33.92,34.31,87303
2025-09-11,34.41,34.41,32.94,33.92,63154
2025-09-12,33.92,34.41,33.92,34.22,33832
2025-09-15,34.51,35.69,34.41,35.2,106927
2025-09-16,35.2,35.69,35.0,35.1,103198
2025-09-17,35.4,35.4,34.81,35.0,52401
2025-09-18,35.2,35.2,34.81,35.1,52114
2025-09-19,35.1,35.2,34.61,34.71,39313
2025-09-22,33.63,34.71,33.63,34.12,36842
2025-09-23,34.71,34.71,34.12,34.61,35422
2025-09-24,34.61,34.61,34.22,34.61,32236
2025-09-25,34.61,35.4,34.41,34.9,59131
2025-09-26,34.9,35.4,34.9,35.1,44068
2025-09-29,35.1,35.3,34.9,35.1,32605
2025-09-30,35.4,35.6,34.5,34.6,42413
2025-10-01,34.5,35.0,33.8,34.7,24600
2025-10-02,34.2,35.0,34.2,34.3,27445
2025-10-03,34.3,34.4,33.8,34.4,31250
2025-10-06,34.4,35.0,34.2,34.7,32819
2025-10-07,35.8,35.8,34.3,34.3,24289
2025-10-08,34.8,34.9,34.0,34.6,38578
2025-10-09,34.9,34.9,34.1,34.2,42675
2025-10-10,34.3,34.4,34.1,34.1,41101
2025-10-13,33.2,34.0,33.0,33.4,58300
2025-10-14,33.7,33.7,33.0,33.0,84100
2025-10-15,33.1,33.2,32.2,32.6,104200
2025-10-16,32.6,33.0,31.8,31.9,99200
2025-10-17,32.1,32.1,31.5,31.5,69100
2025-10-20,31.5,31.5,30.3,30.5,94400
2025-10-21,30.5,30.9,30.4,30.8,49000
