time,open,high,low,close,volume
2014-12-08,10.09,10.09,10.09,10.09,152060
2014-12-09,10.77,10.77,10.32,10.32,319600
2014-12-10,10.44,10.57,10.19,10.42,141420
2014-12-11,10.19,10.21,9.99,10.11,86670
2014-12-12,9.99,10.14,9.96,10.01,155260
2014-12-15,9.93,9.93,9.73,9.73,88190
2014-12-16,9.65,9.65,9.07,9.22,182070
2014-12-17,9.65,9.65,9.09,9.17,123960
2014-12-18,9.17,9.81,9.09,9.68,67820
2014-12-19,9.81,9.81,9.37,9.58,33600
2014-12-22,9.3,9.6,9.3,9.6,26380
2014-12-23,9.58,9.88,9.5,9.88,45010
2014-12-24,9.91,10.39,9.91,10.19,376320
2014-12-25,10.32,10.32,9.88,10.19,33780
2014-12-26,9.73,10.24,9.73,10.11,7330
2014-12-29,9.93,9.93,9.68,9.86,51900
2014-12-30,9.68,10.06,9.17,9.86,7550
2014-12-31,9.76,9.91,9.76,9.78,22310
2015-01-05,9.76,10.01,9.76,9.93,6890
2015-01-06,9.93,9.93,9.76,9.88,16440
2015-01-07,9.73,9.93,9.73,9.83,7360
2015-01-08,9.93,9.93,9.76,9.78,23800
2015-01-09,9.78,9.96,9.78,9.96,51100
2015-01-12,9.96,10.19,9.93,9.99,77160
2015-01-13,10.14,10.14,9.99,10.09,6220
2015-01-14,10.06,10.27,10.06,10.16,145930
2015-01-15,10.19,10.24,10.19,10.21,84720
2015-01-16,10.24,10.24,10.19,10.21,10270
2015-01-19,10.19,10.19,10.16,10.16,32820
2015-01-20,10.11,10.21,10.09,10.16,33980
2015-01-21,10.14,10.19,10.14,10.16,13120
2015-01-22,10.14,10.19,10.11,10.11,9400
2015-01-23,10.16,10.19,10.06,10.16,10870
2015-01-26,10.14,10.16,10.11,10.11,9720
2015-01-27,10.11,10.16,9.96,9.96,63840
2015-01-28,10.06,10.09,9.99,10.09,14630
2015-01-29,10.11,10.11,9.99,10.01,25390
2015-01-30,9.93,10.09,9.93,10.09,3010
2015-02-02,9.93,9.99,9.91,9.99,27470
2015-02-03,9.91,9.96,9.86,9.86,32650
2015-02-04,9.78,9.93,9.78,9.88,7910
2015-02-05,9.81,9.88,9.81,9.86,22840
2015-02-06,9.86,9.86,9.81,9.81,20690
2015-02-09,9.93,9.93,9.68,9.68,83810
2015-02-10,9.68,9.81,9.2,9.81,57240
2015-02-11,9.81,9.88,9.42,9.88,54510
2015-02-12,9.88,9.88,9.5,9.88,20020
2015-02-13,9.76,9.78,9.45,9.53,68010
2015-02-24,9.78,9.78,9.42,9.73,29620
2015-02-25,9.68,9.68,9.45,9.5,24630
2015-02-26,9.5,9.65,9.42,9.65,15850
2015-02-27,9.65,9.65,9.55,9.65,8440
2015-03-02,9.65,9.73,9.58,9.68,20390
2015-03-03,9.65,9.73,9.6,9.73,10930
2015-03-04,9.68,9.68,9.55,9.68,26130
2015-03-05,9.68,9.68,9.55,9.55,11300
2015-03-06,9.65,9.68,9.55,9.68,4800
2015-03-09,9.63,9.68,9.55,9.63,18580
2015-03-10,9.65,9.68,9.58,9.58,8300
2015-03-11,9.6,9.6,9.58,9.58,1520
2015-03-12,9.65,9.65,9.53,9.58,4840
2015-03-13,9.58,9.63,9.58,9.58,3190
2015-03-16,9.55,9.63,9.53,9.63,33520
2015-03-17,9.58,9.6,9.58,9.58,6500
2015-03-18,9.55,9.58,9.53,9.58,21830
2015-03-19,9.55,9.68,9.55,9.65,1020
2015-03-20,9.65,10.16,9.65,9.65,33200
2015-03-23,9.81,10.04,9.6,9.78,6820
2015-03-24,9.7,9.76,9.68,9.76,10650
2015-03-25,9.68,9.68,9.63,9.63,26930
2015-03-26,9.68,9.83,9.68,9.83,15160
2015-03-27,9.73,9.81,9.73,9.78,4260
2015-03-30,9.7,9.76,9.65,9.65,24810
2015-03-31,10.04,10.04,9.68,9.93,40
2015-04-01,9.7,9.93,9.63,9.93,25800
2015-04-02,9.63,9.68,9.6,9.68,12010
2015-04-03,9.68,9.76,9.68,9.73,2120
2015-04-06,9.73,9.73,9.73,9.73,2010
2015-04-07,9.73,9.78,9.65,9.78,30510
2015-04-08,9.93,9.99,9.65,9.65,9590
2015-04-09,9.76,9.76,9.68,9.7,1640
2015-04-10,9.7,9.83,9.65,9.78,18760
2015-04-13,9.68,9.68,9.68,9.68,20620
2015-04-14,9.68,9.81,9.68,9.81,27420
2015-04-15,9.83,9.83,9.68,9.81,7740
2015-04-16,9.78,9.83,9.68,9.78,17300
2015-04-17,9.78,9.88,9.68,9.81,7400
2015-04-20,9.81,9.81,9.73,9.78,14500
2015-04-21,9.78,9.81,9.68,9.81,7300
2015-04-22,9.86,9.86,9.68,9.78,24150
2015-04-23,9.95,9.95,9.62,9.78,9760
2015-04-24,9.17,9.73,9.17,9.67,2740
2015-04-27,9.42,9.62,9.42,9.62,19230
2015-05-04,9.53,9.53,9.15,9.15,28340
2015-05-05,9.2,9.26,9.12,9.17,5340
2015-05-06,9.12,9.39,9.12,9.17,1110
2015-05-07,9.15,9.31,9.15,9.31,4660
2015-05-08,9.15,9.17,9.15,9.17,8020
2015-05-11,9.17,9.23,9.17,9.2,9050
2015-05-12,9.26,9.39,9.26,9.37,2950
2015-05-13,9.37,9.37,9.12,9.12,13150
2015-05-14,9.12,9.12,9.09,9.09,22320
2015-05-15,9.37,9.37,9.12,9.12,360
2015-05-18,9.12,9.12,8.98,8.98,2520
2015-05-19,8.62,9.09,8.62,8.95,17790
2015-05-20,8.95,9.09,8.95,9.09,14690
2015-05-21,8.73,9.12,8.73,9.06,13820
2015-05-22,9.03,9.03,9.01,9.01,5510
2015-05-25,9.12,9.12,8.95,9.09,4740
2015-05-26,8.9,9.09,8.9,9.01,12750
2015-05-27,9.03,9.09,9.03,9.06,16550
2015-05-28,9.06,9.09,9.06,9.06,35050
2015-05-29,9.03,9.09,8.98,9.06,6600
2015-06-01,9.09,9.09,9.03,9.06,12480
2015-06-02,9.06,9.06,9.01,9.06,19420
2015-06-03,9.03,9.06,9.03,9.03,7020
2015-06-04,8.98,9.06,8.98,9.06,25180
2015-06-05,9.01,9.09,8.98,9.09,8270
2015-06-08,9.09,9.15,9.09,9.12,13060
2015-06-09,9.2,9.2,9.12,9.12,4640
2015-06-10,9.01,9.12,8.98,9.12,3320
2015-06-11,9.09,9.12,9.09,9.12,6680
2015-06-12,9.15,9.2,9.12,9.17,16270
2015-06-15,9.26,9.39,9.23,9.39,25880
2015-06-16,9.45,9.45,9.2,9.39,37720
2015-06-17,9.34,9.39,9.34,9.39,12010
2015-06-18,9.39,9.53,9.39,9.53,61010
2015-06-19,9.53,9.73,9.53,9.64,37380
2015-06-22,9.78,9.78,9.64,9.78,22360
2015-06-23,9.7,9.78,9.7,9.78,11760
2015-06-24,9.78,9.78,9.67,9.75,16970
2015-06-25,9.7,9.78,9.7,9.78,9720
2015-06-26,9.67,9.67,9.62,9.62,12390
2015-06-29,9.62,9.67,9.62,9.67,12590
2015-06-30,9.67,9.75,9.64,9.67,25500
2015-07-01,9.67,9.78,9.67,9.67,5910
2015-07-02,9.67,9.67,9.62,9.64,20420
2015-07-03,9.67,9.67,9.67,9.67,1010
2015-07-06,9.73,9.73,9.53,9.7,7570
2015-07-07,9.62,9.67,9.56,9.67,4490
2015-07-08,9.67,9.7,9.62,9.7,28260
2015-07-09,9.64,9.67,9.62,9.67,16170
2015-07-10,9.62,9.64,9.59,9.62,28810
2015-07-13,9.59,9.67,9.59,9.67,55910
2015-07-14,9.62,9.75,9.62,9.75,10750
2015-07-15,9.75,9.95,9.7,9.7,25460
2015-07-16,9.67,9.67,9.56,9.67,12960
2015-07-17,9.67,9.73,9.67,9.73,4580
2015-07-20,9.56,9.56,9.56,9.56,4410
2015-07-21,9.56,9.59,9.56,9.59,8770
2015-07-22,9.59,9.64,9.59,9.64,19510
2015-07-23,9.62,9.67,9.59,9.67,30510
2015-07-24,9.67,10.25,9.67,10.17,87950
2015-07-27,10.22,10.22,9.95,10.17,8100
2015-07-28,9.97,10.17,9.92,10.06,9660
2015-07-29,10.03,10.03,9.81,10.03,12850
2015-07-30,9.95,10.2,9.95,10.2,64300
2015-07-31,10.22,10.28,10.14,10.28,51530
2015-08-03,10.14,10.2,10.06,10.2,25590
2015-08-04,10.2,10.2,10.03,10.2,9610
2015-08-05,10.14,10.36,10.14,10.36,31620
2015-08-06,10.33,10.33,10.22,10.22,13410
2015-08-07,10.22,10.28,10.2,10.28,11020
2015-08-10,10.31,10.31,10.14,10.28,23850
2015-08-11,10.28,10.28,10.22,10.22,7250
2015-08-12,10.22,10.22,10.11,10.11,26630
2015-08-13,10.06,10.2,10.06,10.2,9360
2015-08-14,10.08,10.2,10.06,10.2,22480
2015-08-17,10.08,10.22,10.03,10.06,19510
2015-08-18,10.08,10.17,10.06,10.06,1210
2015-08-19,10.08,10.17,10.06,10.17,11320
2015-08-20,10.11,10.17,10.0,10.17,25760
2015-08-21,10.08,10.22,10.0,10.22,48460
2015-08-24,10.08,10.17,9.95,10.08,17010
2015-08-25,9.95,9.95,9.67,9.86,22500
2015-08-26,9.95,10.06,9.95,10.06,770
2015-08-27,10.17,10.17,10.17,10.17,20
2015-08-28,10.0,10.2,10.0,10.2,20020
2015-08-31,10.17,10.28,10.17,10.22,31240
2015-09-01,10.14,10.22,10.14,10.22,580
2015-09-03,10.14,10.22,10.11,10.22,710
2015-09-04,10.11,10.22,10.11,10.22,110
2015-09-07,10.08,10.08,9.67,9.67,21960
2015-09-08,9.81,10.08,9.81,10.08,1090
2015-09-09,10.0,10.11,9.97,10.08,6030
2015-09-10,10.08,10.22,10.08,10.22,20030
2015-09-11,10.08,10.22,10.08,10.22,2780
2015-09-14,10.08,10.17,9.97,10.17,10090
2015-09-15,10.17,10.2,9.97,9.97,8380
2015-09-16,10.08,10.08,10.08,10.08,900
2015-09-17,10.08,10.14,10.08,10.14,150
2015-09-18,10.06,10.22,10.06,10.22,30010
2015-09-21,10.17,10.22,10.08,10.08,16400
2015-09-22,10.22,10.36,10.22,10.33,30960
2015-09-23,10.33,10.78,10.33,10.67,39540
2015-09-24,10.64,10.69,10.53,10.53,3810
2015-09-25,10.44,11.05,10.44,10.91,45270
2015-09-28,10.91,11.25,10.91,11.11,138090
2015-09-29,11.02,11.19,10.94,11.11,60420
2015-09-30,11.05,11.22,11.05,11.13,61120
2015-10-01,11.19,11.47,11.11,11.38,92650
2015-10-02,11.47,11.77,11.47,11.6,140500
2015-10-05,11.55,11.6,11.36,11.6,130430
2015-10-06,11.6,11.77,11.47,11.74,204680
2015-10-07,11.69,11.88,11.6,11.6,104140
2015-10-08,11.69,11.72,11.52,11.6,43370
2015-10-09,11.6,11.72,11.49,11.52,44870
2015-10-12,11.47,11.6,11.47,11.58,153890
2015-10-13,11.58,11.6,11.49,11.6,28900
2015-10-14,11.49,11.94,11.49,11.94,287080
2015-10-15,11.94,12.38,11.94,12.38,233670
2015-10-16,12.49,12.54,12.32,12.41,88300
2015-10-19,12.41,12.52,12.3,12.49,109890
2015-10-20,12.52,12.52,12.21,12.38,154360
2015-10-21,12.32,12.35,11.96,11.96,120870
2015-10-22,11.99,12.16,11.91,12.1,59300
2015-10-23,12.1,12.16,12.1,12.13,28310
2015-10-26,12.35,12.35,11.96,11.99,53920
2015-10-27,11.99,12.82,11.99,12.79,276610
2015-10-28,12.79,13.48,12.79,13.26,268990
2015-10-29,13.4,13.51,13.1,13.51,141720
2015-10-30,13.29,13.54,13.29,13.35,116710
2015-11-02,13.37,13.4,12.76,12.93,211190
2015-11-03,12.93,13.21,12.79,12.99,51860
2015-11-04,12.88,13.26,12.88,12.96,40160
2015-11-05,13.21,13.48,12.96,13.43,208100
2015-11-06,13.54,13.54,13.21,13.43,46260
2015-11-09,13.43,13.65,13.26,13.59,121210
2015-11-10,13.59,13.59,13.37,13.43,83430
2015-11-11,13.43,13.54,13.43,13.51,73850
2015-11-12,13.51,14.37,13.48,14.37,308880
2015-11-13,14.23,14.64,14.23,14.51,139320
2015-11-16,14.23,14.92,14.23,14.78,117460
2015-11-17,14.64,14.64,14.23,14.23,145540
2015-11-18,14.23,14.64,14.23,14.64,156690
2015-11-19,14.64,14.92,14.37,14.64,140620
2015-11-20,14.64,14.78,14.51,14.51,107450
2015-11-23,14.51,14.64,13.95,14.23,264130
2015-11-24,13.95,14.51,13.81,14.37,131790
2015-11-25,13.95,14.09,13.7,13.81,145130
2015-11-26,13.81,13.95,13.35,13.7,136160
2015-11-27,13.7,13.7,13.35,13.4,118900
2015-11-30,13.29,13.4,12.85,13.29,178740
2015-12-01,13.29,13.68,13.29,13.57,169530
2015-12-02,13.54,14.09,13.54,14.09,180690
2015-12-03,13.95,14.23,13.95,13.95,168430
2015-12-04,13.95,13.95,13.26,13.81,109040
2015-12-07,13.81,14.37,13.81,14.09,192180
2015-12-08,14.09,14.92,13.95,14.78,384630
2015-12-09,14.78,14.78,14.37,14.37,182810
2015-12-10,14.37,14.51,14.23,14.23,114490
2015-12-11,14.23,14.92,14.23,14.64,215550
2015-12-14,14.64,14.78,14.37,14.64,105310
2015-12-15,14.64,15.2,14.51,14.92,269530
2015-12-16,14.78,15.47,14.64,15.47,289850
2015-12-17,15.47,15.61,15.33,15.33,138840
2015-12-18,15.33,15.47,15.06,15.06,98840
2015-12-21,15.2,15.2,14.51,14.64,153690
2015-12-22,14.37,14.64,14.09,14.09,141470
2015-12-23,13.95,14.09,13.48,13.51,269460
2015-12-24,13.48,13.95,13.48,13.79,109790
2015-12-25,13.81,13.95,13.57,13.62,85050
2015-12-28,13.62,14.09,13.62,14.09,230890
2015-12-29,14.09,14.09,13.76,13.81,113480
2015-12-30,13.95,14.37,13.81,14.09,512340
2015-12-31,14.09,14.09,13.79,13.95,339710
2016-01-04,13.81,13.95,13.68,13.95,129440
2016-01-05,13.81,14.23,13.7,14.09,172120
2016-01-06,14.09,14.09,13.81,14.09,288140
2016-01-07,14.09,14.23,13.95,14.23,625270
2016-01-08,14.09,14.92,13.95,14.78,289820
2016-01-11,14.78,14.78,14.23,14.23,112170
2016-01-12,14.23,14.64,14.09,14.64,109830
2016-01-13,14.51,14.78,14.37,14.37,122070
2016-01-14,14.23,14.37,14.09,14.37,230970
2016-01-15,14.37,14.51,14.23,14.23,154060
2016-01-18,14.23,14.23,13.81,14.23,226710
2016-01-19,14.37,14.37,14.09,14.23,45510
2016-01-20,14.09,14.23,14.09,14.23,99500
2016-01-21,14.09,14.23,13.95,14.09,48440
2016-01-22,14.09,14.23,13.95,14.09,68070
2016-01-25,14.09,14.78,14.09,14.64,205790
2016-01-26,14.37,14.64,14.23,14.51,90320
2016-01-27,14.51,15.2,14.51,15.2,165170
2016-01-28,15.2,15.75,15.2,15.33,278080
2016-01-29,15.2,15.61,15.2,15.47,110920
2016-02-01,15.61,15.61,14.92,14.92,69360
2016-02-02,14.92,14.92,14.51,14.78,93480
2016-02-03,14.64,15.2,14.64,15.2,88900
2016-02-04,15.06,15.2,15.06,15.06,19280
2016-02-05,15.06,15.2,14.92,15.2,21840
2016-02-15,15.2,15.2,14.92,15.2,24700
2016-02-16,15.2,15.33,15.06,15.33,44100
2016-02-17,15.47,16.3,15.33,16.3,203290
2016-02-18,16.44,16.44,16.16,16.16,72710
2016-02-19,16.03,16.58,16.03,16.44,116980
2016-02-22,16.44,16.99,16.16,16.85,129780
2016-02-23,16.72,16.99,16.3,16.3,91890
2016-02-24,16.3,16.58,16.3,16.3,114510
2016-02-25,16.44,16.72,16.03,16.03,86630
2016-02-26,16.03,16.44,16.03,16.16,44680
2016-02-29,16.16,16.16,16.03,16.03,30470
2016-03-01,15.89,16.3,15.89,16.03,95600
2016-03-02,16.3,17.13,16.3,17.13,489180
2016-03-03,17.41,17.54,16.99,17.27,60210
2016-03-04,17.27,17.41,16.99,17.27,81270
2016-03-07,17.27,17.96,17.13,17.27,250680
2016-03-08,17.27,18.24,17.13,18.1,186450
2016-03-09,18.1,18.51,17.96,18.51,114180
2016-03-10,18.51,19.34,18.51,19.06,302890
2016-03-11,19.06,20.17,19.06,19.76,377550
2016-03-14,20.03,20.17,19.34,20.17,105500
2016-03-15,19.89,20.03,19.06,19.34,97870
2016-03-16,19.34,19.76,18.79,18.93,104210
2016-03-17,18.93,19.76,18.93,19.62,137840
2016-03-18,19.48,19.89,19.2,19.2,214260
2016-03-21,18.93,19.34,18.93,18.93,125740
2016-03-22,18.93,20.17,18.93,20.17,418850
2016-03-23,20.45,21.14,20.03,20.86,180940
2016-03-24,20.86,21.28,20.58,21.0,83060
2016-03-25,20.72,21.28,20.45,21.28,128150
2016-03-28,20.86,21.55,20.86,21.41,138450
2016-03-29,21.41,21.69,21.28,21.55,101260
2016-03-30,21.84,21.98,21.41,21.84,93370
2016-03-31,21.84,21.84,20.69,20.69,65090
2016-04-01,20.69,20.83,20.26,20.69,103470
2016-04-04,20.4,20.98,20.4,20.4,102190
2016-04-05,20.4,21.26,20.4,21.26,52340
2016-04-06,21.41,21.55,20.98,21.26,45690
2016-04-07,21.26,21.55,21.12,21.26,58840
2016-04-08,20.83,21.26,20.83,20.83,88600
2016-04-11,20.69,20.98,20.69,20.83,58930
2016-04-12,20.69,21.12,20.69,20.98,101070
2016-04-13,20.98,20.98,20.55,20.55,63680
2016-04-14,20.69,20.98,20.55,20.55,67080
2016-04-15,20.69,20.83,20.4,20.4,49880
2016-04-19,20.4,21.55,20.26,21.41,236920
2016-04-20,21.41,21.55,20.98,21.12,134130
2016-04-21,21.12,21.41,21.12,21.41,92240
2016-04-22,21.26,22.41,21.26,21.84,138910
2016-04-25,21.84,21.84,21.12,21.12,139370
2016-04-26,21.12,21.26,20.69,20.69,87660
2016-04-27,20.55,20.98,20.55,20.69,65560
2016-04-28,20.55,20.98,20.55,20.98,42940
2016-04-29,20.69,20.98,20.69,20.83,24990
2016-05-04,20.83,21.41,20.83,20.98,125690
2016-05-05,21.26,21.26,20.83,20.83,58180
2016-05-06,20.83,20.83,20.55,20.69,51560
2016-05-09,20.69,20.69,20.12,20.12,97700
2016-05-10,20.12,20.4,19.68,20.26,123310
2016-05-11,20.55,20.55,19.83,19.83,50040
2016-05-12,19.97,20.26,19.54,19.54,195580
2016-05-13,19.68,19.68,18.97,18.97,114620
2016-05-16,18.97,19.25,18.82,18.82,37200
2016-05-17,18.97,19.54,18.97,19.54,35160
2016-05-18,19.54,19.83,19.4,19.54,31740
2016-05-19,19.54,19.68,19.4,19.4,20540
2016-05-20,19.4,19.54,19.4,19.4,11770
2016-05-23,19.54,19.83,19.54,19.54,49020
2016-05-24,20.4,20.55,19.68,20.26,98910
2016-05-25,20.26,20.69,19.97,20.12,128480
2016-05-26,19.97,20.26,19.54,19.83,20110
2016-05-27,19.68,19.83,19.68,19.83,14280
2016-05-30,19.97,19.97,19.68,19.68,15280
2016-05-31,20.26,20.26,19.83,19.97,27420
2016-06-01,20.12,20.83,20.12,20.69,121660
2016-06-02,20.4,21.12,20.4,20.98,128720
2016-06-03,20.98,21.7,20.98,21.55,211690
2016-06-06,21.55,21.7,20.98,21.26,68410
2016-06-07,21.12,21.41,21.12,21.41,34820
2016-06-08,21.7,21.98,21.41,21.7,92280
2016-06-09,21.84,22.41,21.84,22.27,159200
2016-06-10,22.41,22.56,22.27,22.56,58740
2016-06-13,22.41,23.13,22.41,22.41,301570
2016-06-14,22.41,23.13,22.41,23.13,156350
2016-06-15,23.28,24.57,23.13,24.43,204720
2016-06-16,24.14,25.0,24.14,24.86,61930
2016-06-17,24.71,24.71,24.28,24.57,160120
2016-06-20,24.57,25.14,24.57,25.0,88680
2016-06-21,25.0,25.43,24.86,25.14,144010
2016-06-22,25.29,26.44,25.29,25.86,36020
2016-06-23,26.15,26.58,25.72,26.29,60570
2016-06-24,26.72,26.72,24.57,26.15,172370
2016-06-27,25.29,26.01,25.0,26.01,35020
2016-06-28,25.86,27.3,25.86,27.3,57570
2016-06-29,27.3,28.16,26.44,27.73,210330
2016-06-30,28.16,28.74,27.87,28.31,115810
2016-07-01,28.74,29.02,28.45,28.59,98100
2016-07-04,29.02,29.02,28.31,28.74,51450
2016-07-05,28.74,28.74,27.87,28.45,21200
2016-07-06,28.45,28.59,27.87,28.16,52060
2016-07-07,28.02,29.89,27.87,29.89,202560
2016-07-08,29.89,31.9,29.89,31.04,85780
2016-07-11,31.61,32.18,30.17,30.17,147960
2016-07-12,31.04,31.04,28.74,29.6,156500
2016-07-13,30.75,30.75,29.6,29.89,23450
2016-07-14,29.31,30.46,28.74,29.02,135910
2016-07-15,28.74,29.89,28.31,29.31,131900
2016-07-18,28.59,30.17,28.59,29.31,133080
2016-07-19,29.02,29.89,29.02,29.31,197180
2016-07-20,29.02,30.17,29.02,29.31,150130
2016-07-21,29.31,30.17,29.31,29.6,94210
2016-07-22,29.02,29.89,29.02,29.31,146450
2016-07-25,29.31,30.46,29.31,29.89,189730
2016-07-26,29.6,30.75,29.6,30.17,108130
2016-07-27,30.46,30.75,29.89,30.46,82500
2016-07-28,30.75,31.32,30.46,30.46,100100
2016-07-29,30.17,30.75,30.17,30.46,48390
2016-08-01,30.17,30.46,29.89,30.17,14360
2016-08-02,29.6,29.89,28.45,28.45,93630
2016-08-03,27.01,28.45,26.72,26.72,82480
2016-08-04,25.86,28.16,25.86,27.73,66030
2016-08-05,28.45,28.45,27.3,27.73,44630
2016-08-08,27.73,27.73,26.72,26.72,41090
2016-08-09,27.73,27.73,27.01,27.44,26920
2016-08-10,27.59,27.73,27.16,27.73,24950
2016-08-11,27.73,28.45,27.73,28.31,51120
2016-08-12,28.16,28.45,27.44,27.73,67170
2016-08-15,27.73,28.74,27.59,28.16,60820
2016-08-16,28.45,29.31,28.45,28.74,106620
2016-08-17,29.02,30.75,29.02,30.75,157040
2016-08-18,31.61,32.76,29.89,31.61,211240
2016-08-19,31.04,31.61,29.6,29.6,128520
2016-08-22,27.59,28.45,27.59,27.59,214600
2016-08-23,25.72,26.87,25.72,26.58,482910
2016-08-24,25.86,26.58,25.29,25.58,122510
2016-08-25,26.01,26.01,25.43,25.58,97090
2016-08-26,25.58,26.15,25.58,26.01,95470
2016-08-29,26.15,26.15,25.14,25.14,247810
2016-08-30,25.58,25.58,24.71,25.14,39970
2016-08-31,25.43,25.43,25.14,25.29,99540
2016-09-01,25.29,25.58,25.0,25.58,61710
2016-09-05,25.72,26.01,25.58,25.86,38590
2016-09-06,26.01,26.72,25.86,26.01,57690
2016-09-07,26.15,26.15,25.72,25.86,33800
2016-09-08,25.86,26.44,25.72,25.86,18690
2016-09-09,25.86,25.86,25.43,25.58,31800
2016-09-12,25.58,25.58,25.29,25.29,45780
2016-09-13,25.23,25.58,25.12,25.17,14440
2016-09-14,25.17,25.4,23.56,24.17,31040
2016-09-15,23.28,24.28,23.28,24.28,21510
2016-09-16,24.31,25.0,24.31,24.71,9030
2016-09-19,24.86,24.86,24.14,24.57,12660
2016-09-20,24.14,24.86,23.94,24.14,15520
2016-09-21,23.99,25.29,22.99,25.29,66970
2016-09-22,25.29,26.98,25.29,26.18,74830
2016-09-23,26.18,27.27,26.18,27.01,58530
2016-09-26,27.59,27.82,27.16,27.33,64950
2016-09-27,27.59,28.74,27.59,27.96,122440
2016-09-28,28.71,29.45,28.59,28.74,179280
2016-09-29,28.74,29.31,28.19,28.39,26110
2016-09-30,28.45,28.45,27.01,28.31,37810
2016-10-03,27.62,28.31,27.62,28.25,19170
2016-10-04,27.93,27.93,26.61,26.61,46560
2016-10-05,25.86,26.72,25.86,26.12,42920
2016-10-06,25.86,26.44,25.86,26.15,39690
2016-10-07,26.44,26.72,26.01,26.72,10020
2016-10-10,27.01,27.01,26.18,26.95,1250
2016-10-11,26.24,26.87,26.15,26.87,15660
2016-10-12,26.41,27.01,26.15,27.01,57130
2016-10-13,27.01,27.01,26.18,26.52,21380
2016-10-14,26.21,26.64,26.01,26.38,48410
2016-10-17,26.06,26.64,26.06,26.49,14910
2016-10-18,26.44,26.44,26.15,26.15,52090
2016-10-19,26.44,26.7,26.41,26.44,33560
2016-10-20,26.44,26.58,26.38,26.55,8130
2016-10-21,26.55,27.16,26.55,27.13,55580
2016-10-24,27.59,27.59,26.87,27.07,34790
2016-10-25,27.07,28.31,27.07,28.31,158040
2016-10-26,28.65,28.65,27.44,28.16,12210
2016-10-27,27.3,28.1,27.3,28.1,20150
2016-10-28,27.64,28.13,27.59,27.99,7030
2016-10-31,28.13,28.13,27.59,27.59,22020
2016-11-01,27.59,27.59,26.67,27.44,7550
2016-11-02,26.72,27.3,26.58,26.58,7960
2016-11-03,26.58,26.61,26.01,26.61,18170
2016-11-04,26.61,26.9,26.61,26.72,4780
2016-11-07,26.44,26.81,26.29,26.81,9970
2016-11-08,26.87,26.87,26.47,26.47,10890
2016-11-09,26.15,26.29,24.77,26.26,14660
2016-11-10,26.26,26.72,26.26,26.7,14390
2016-11-11,27.27,27.27,26.7,26.98,9700
2016-11-14,26.44,26.93,26.44,26.87,6110
2016-11-15,26.44,26.87,26.44,26.81,6520
2016-11-16,26.58,26.98,26.58,26.72,16200
2016-11-17,26.47,26.72,26.44,26.67,7770
2016-11-18,26.15,26.72,26.15,26.15,4380
2016-11-21,25.86,26.41,25.83,26.29,8270
2016-11-22,25.92,26.29,25.89,26.15,1570
2016-11-23,25.58,26.44,25.58,26.44,11000
2016-11-24,25.81,26.58,25.81,26.15,18420
2016-11-25,26.01,26.9,26.01,26.78,32640
2016-11-28,26.98,26.98,26.15,26.7,8280
2016-11-29,26.7,26.7,26.58,26.58,25920
2016-11-30,26.47,26.61,26.44,26.58,5880
2016-12-01,26.55,26.55,26.15,26.15,11110
2016-12-02,26.15,26.15,25.81,26.15,9700
2016-12-05,26.15,26.15,25.86,26.15,2020
2016-12-06,25.92,26.29,25.86,26.12,16640
2016-12-07,25.92,25.92,24.31,25.2,744610
2016-12-08,25.86,25.86,25.23,25.58,43400
2016-12-09,25.35,26.09,25.35,25.58,46030
2016-12-12,25.43,26.98,24.4,24.4,47610
2016-12-13,23.93,24.64,23.46,24.26,11050
2016-12-14,23.74,24.4,22.57,24.03,23210
2016-12-15,24.12,24.12,22.97,23.04,18800
2016-12-16,23.09,24.4,23.09,24.17,28670
2016-12-19,24.12,25.86,24.12,25.86,18310
2016-12-20,25.9,26.98,25.9,26.75,21020
2016-12-21,26.98,26.98,25.95,26.28,12040
2016-12-22,26.28,26.7,26.09,26.09,15470
2016-12-23,26.09,26.42,25.25,25.39,6750
2016-12-26,25.34,26.09,25.34,26.04,30620
2016-12-27,26.7,26.7,26.0,26.09,16350
2016-12-28,26.09,26.37,26.09,26.28,40480
2016-12-29,26.75,26.89,26.28,26.79,41250
2016-12-30,26.79,27.22,25.39,27.22,64480
2017-01-03,27.22,28.11,27.22,27.92,128670
2017-01-04,27.92,28.39,27.83,28.3,37920
2017-01-05,28.15,28.3,27.36,27.45,32990
2017-01-06,27.45,28.01,27.45,28.01,18020
2017-01-09,27.92,28.01,27.73,27.92,19720
2017-01-10,27.92,27.92,27.22,27.5,25900
2017-01-11,27.5,27.5,26.93,27.4,23610
2017-01-12,27.45,27.69,27.4,27.45,45120
2017-01-13,27.45,27.92,27.45,27.59,50150
2017-01-16,27.59,27.87,27.59,27.69,4240
2017-01-17,27.69,27.69,27.45,27.45,13020
2017-01-18,26.75,27.45,26.28,26.28,32530
2017-01-19,26.04,26.75,25.81,26.75,31210
2017-01-20,25.62,26.65,25.62,26.51,18080
2017-01-23,26.28,26.28,25.81,26.18,31610
2017-01-24,26.28,26.98,25.9,26.75,7800
2017-01-25,26.75,26.84,26.09,26.84,12810
2017-02-02,26.84,27.31,26.84,27.08,3960
2017-02-03,27.08,27.08,25.81,26.32,42670
2017-02-06,26.51,26.61,26.04,26.51,11390
2017-02-07,26.09,27.22,26.09,27.22,52870
2017-02-08,27.22,27.69,27.22,27.64,68620
2017-02-09,27.69,27.69,27.4,27.69,30090
2017-02-10,27.69,27.69,27.4,27.4,22820
2017-02-13,27.08,27.69,27.08,27.36,59240
2017-02-14,27.69,28.11,27.17,27.17,31530
2017-02-15,27.22,27.22,27.03,27.22,41770
2017-02-16,27.03,27.22,26.98,26.98,22070
2017-02-17,26.98,26.98,26.28,26.65,48230
2017-02-20,26.61,26.75,26.56,26.61,50130
2017-02-21,26.61,27.17,26.61,26.98,45910
2017-02-22,26.98,27.12,26.93,27.03,41260
2017-02-23,27.26,27.26,26.93,26.93,23280
2017-02-24,26.32,26.75,26.32,26.42,41400
2017-02-27,26.42,26.51,26.32,26.47,36950
2017-02-28,26.42,26.42,26.32,26.37,38520
2017-03-01,26.32,26.37,26.28,26.28,42380
2017-03-02,26.28,26.75,26.28,26.47,45250
2017-03-03,26.47,27.03,26.47,27.03,5260
2017-03-06,27.03,27.22,27.03,27.03,33750
2017-03-07,26.93,27.03,26.47,27.03,32340
2017-03-08,27.12,27.22,26.75,26.75,11500
2017-03-09,26.75,26.75,26.47,26.65,30750
2017-03-10,26.65,26.7,26.56,26.61,10290
2017-03-13,26.42,26.75,26.42,26.75,22580
2017-03-14,26.75,26.98,26.51,26.79,24060
2017-03-15,27.08,28.62,27.08,28.62,85360
2017-03-16,28.62,29.28,28.62,28.67,100540
2017-03-17,28.67,29.56,28.67,29.33,9300
2017-03-20,29.33,31.3,29.28,30.5,49360
2017-03-21,29.61,30.03,29.14,29.8,117410
2017-03-22,29.09,30.97,29.09,30.27,81290
2017-03-23,30.27,30.83,29.37,29.61,20090
2017-03-24,29.61,30.03,29.37,29.37,57140
2017-03-27,29.61,29.61,29.14,29.33,32160
2017-03-28,29.33,30.03,29.0,29.66,113950
2017-03-29,29.66,30.97,29.66,30.5,92560
2017-03-30,30.74,30.74,30.03,30.45,31090
2017-03-31,30.36,30.5,29.98,30.13,29150
2017-04-03,30.45,30.45,29.84,30.13,37390
2017-04-04,30.08,30.17,29.8,30.13,58190
2017-04-05,30.03,30.13,29.66,29.94,90360
2017-04-07,29.89,30.03,29.8,29.98,25310
2017-04-10,29.98,30.03,29.42,29.66,30680
2017-04-11,29.47,29.89,29.14,29.56,25300
2017-04-12,29.56,29.56,28.62,28.62,69170
2017-04-13,28.62,28.81,28.15,28.15,54530
2017-04-14,29.0,29.0,27.92,28.62,40650
2017-04-17,28.39,28.62,28.15,28.58,39190
2017-04-18,28.62,28.62,27.59,28.01,80690
2017-04-19,29.09,29.09,28.25,28.25,59980
2017-04-20,28.39,29.23,28.39,28.72,38880
2017-04-21,28.76,29.0,28.58,28.62,43930
2017-04-24,28.62,28.62,28.25,28.53,52150
2017-04-25,28.58,28.58,28.15,28.25,34170
2017-04-26,28.15,28.86,28.15,28.62,95680
2017-04-27,29.37,29.37,28.38,28.87,72840
2017-04-28,28.92,28.92,28.28,28.38,49020
2017-05-03,28.62,28.62,28.23,28.38,68610
2017-05-04,27.88,28.33,27.63,28.08,95160
2017-05-05,27.88,28.08,27.73,27.88,27990
2017-05-08,27.73,28.08,27.73,28.08,39510
2017-05-09,28.08,28.08,27.73,27.88,45260
2017-05-10,27.88,27.88,27.58,27.78,74540
2017-05-11,27.78,27.83,27.38,27.38,49420
2017-05-12,27.38,28.38,27.38,28.28,56220
2017-05-15,28.33,28.33,27.58,27.63,51330
2017-05-16,27.63,27.63,27.23,27.33,105260
2017-05-17,27.33,27.63,27.28,27.53,50610
2017-05-18,27.53,27.63,26.53,27.33,120980
2017-05-19,27.38,27.88,26.68,27.63,59460
2017-05-22,27.58,27.78,27.38,27.78,40370
2017-05-23,27.63,27.78,27.28,27.48,60430
2017-05-24,27.38,27.38,26.78,26.88,58470
2017-05-25,26.78,27.03,26.78,26.83,69430
2017-05-26,26.83,26.88,26.68,26.68,61740
2017-05-29,27.33,27.33,26.63,26.68,26300
2017-05-30,26.63,26.78,26.28,26.63,52090
2017-05-31,26.63,27.08,25.79,27.08,102070
2017-06-01,26.78,27.08,26.63,26.88,11050
2017-06-02,26.88,26.88,26.38,26.43,35440
2017-06-05,26.43,26.58,26.18,26.38,9770
2017-06-06,26.33,27.13,26.23,26.78,69310
2017-06-07,26.78,27.03,26.63,26.78,27920
2017-06-08,26.83,27.58,26.63,27.48,114880
2017-06-09,27.43,28.62,27.43,28.57,149510
2017-06-12,28.47,28.47,27.73,28.28,89350
2017-06-13,28.33,28.33,27.83,27.98,37800
2017-06-14,27.98,28.62,27.98,28.08,83390
2017-06-15,28.18,28.38,27.78,27.78,72120
2017-06-16,27.68,28.13,27.43,28.03,49030
2017-06-19,28.23,29.37,27.93,29.32,176870
2017-06-20,29.12,29.37,29.02,29.22,55380
2017-06-21,29.02,29.07,28.62,29.07,87450
2017-06-22,29.02,29.02,28.52,28.87,84150
2017-06-23,28.87,28.87,28.62,28.67,43860
2017-06-26,29.12,29.87,28.87,29.27,173120
2017-06-27,29.52,29.52,28.97,28.97,53180
2017-06-28,29.07,29.07,28.67,28.87,56060
2017-06-29,28.87,28.87,28.28,28.38,108260
2017-06-30,28.18,28.87,28.08,28.62,45390
2017-07-03,28.38,29.07,28.28,28.28,33210
2017-07-04,28.13,28.57,28.13,28.28,40550
2017-07-05,28.13,28.47,28.08,28.23,16980
2017-07-06,28.23,28.28,27.68,27.93,91960
2017-07-07,27.93,28.47,27.78,27.78,71150
2017-07-10,27.63,27.68,27.13,27.13,51960
2017-07-11,27.13,27.38,26.38,27.23,82270
2017-07-12,27.53,27.53,26.73,26.93,37770
2017-07-13,27.28,27.63,26.93,27.63,25350
2017-07-14,27.63,27.73,27.23,27.63,81880
2017-07-17,27.53,27.53,26.63,27.38,44320
2017-07-18,26.93,27.38,26.88,27.03,59970
2017-07-19,26.98,27.03,26.53,26.63,61560
2017-07-20,26.63,27.28,26.53,27.28,24420
2017-07-21,27.03,27.03,26.48,26.48,87300
2017-07-24,26.48,26.88,26.48,26.53,115830
2017-07-25,26.58,26.88,26.53,26.78,162590
2017-07-26,27.08,27.38,26.93,27.23,75750
2017-07-27,27.23,27.68,27.18,27.18,46980
2017-07-28,27.18,27.38,27.03,27.03,138320
2017-07-31,27.03,27.03,26.09,26.38,112880
2017-08-01,26.43,26.78,26.38,26.43,166490
2017-08-02,26.38,26.58,26.33,26.43,144310
2017-08-03,26.38,26.88,26.38,26.88,99730
2017-08-04,26.88,26.88,26.48,26.83,13860
2017-08-07,26.88,26.88,26.48,26.48,31090
2017-08-08,26.48,26.63,26.43,26.43,59790
2017-08-09,26.38,26.38,25.79,25.89,62990
2017-08-10,25.89,26.38,25.44,26.28,80640
2017-08-11,26.28,26.28,25.89,26.09,37560
2017-08-14,26.14,26.38,26.14,26.38,27520
2017-08-15,26.38,26.53,26.33,26.53,34170
2017-08-16,26.48,26.48,26.14,26.33,25250
2017-08-17,26.28,26.28,25.59,26.18,72690
2017-08-18,26.14,26.18,25.54,26.14,95620
2017-08-21,26.38,26.38,25.89,25.89,25700
2017-08-22,25.89,25.89,25.49,25.64,8670
2017-08-23,25.64,25.64,25.54,25.64,1990
2017-08-24,25.89,25.89,25.44,25.84,5590
2017-08-25,25.89,26.09,25.64,25.84,22570
2017-08-28,26.09,26.33,25.74,26.18,59690
2017-08-29,26.28,26.28,25.94,26.14,30470
2017-08-30,26.14,26.18,25.94,26.09,30210
2017-08-31,25.99,26.38,25.94,26.23,22470
2017-09-01,26.18,26.23,26.09,26.23,12550
2017-09-05,26.14,26.23,26.04,26.23,23160
2017-09-06,26.09,26.18,25.99,26.14,52420
2017-09-07,26.04,26.14,25.89,26.14,105020
2017-09-08,26.18,26.23,26.04,26.09,23230
2017-09-11,26.18,26.23,26.04,26.04,15160
2017-09-12,26.14,26.78,26.04,26.78,20920
2017-09-13,26.38,26.88,26.04,26.88,43850
2017-09-14,26.78,26.78,26.28,26.78,9850
2017-09-15,25.89,26.78,25.89,26.78,6630
2017-09-18,26.33,27.93,26.33,27.73,295750
2017-09-19,27.88,28.52,27.38,28.38,300910
2017-09-20,28.38,29.77,28.38,29.67,440490
2017-09-21,29.37,29.87,29.12,29.77,270910
2017-09-22,29.77,30.22,29.57,29.87,268050
2017-09-25,29.87,29.87,28.47,28.87,111640
2017-09-26,28.87,29.07,28.38,28.87,67940
2017-09-27,28.97,29.17,28.43,28.43,36680
2017-09-28,28.38,28.62,27.98,27.98,39250
2017-09-29,27.88,28.13,26.14,28.13,68500
2017-10-02,28.13,28.38,27.38,27.88,99570
2017-10-03,27.88,27.88,27.38,27.48,113050
2017-10-04,27.88,28.52,27.83,27.98,40640
2017-10-05,27.98,28.55,27.98,28.29,25650
2017-10-06,28.29,28.29,27.56,27.87,47630
2017-10-09,27.51,27.87,27.25,27.87,68590
2017-10-10,27.87,27.87,27.51,27.62,12170
2017-10-11,27.67,28.34,27.62,27.67,31980
2017-10-12,28.08,28.08,27.77,27.87,25980
2017-10-13,27.87,27.87,27.67,27.67,47250
2017-10-16,27.67,27.87,27.67,27.67,14270
2017-10-17,27.87,27.87,27.56,27.67,20710
2017-10-18,27.62,27.82,27.36,27.82,85010
2017-10-19,27.87,28.03,27.62,27.87,35070
2017-10-20,27.87,27.87,27.56,27.82,22450
2017-10-23,27.77,27.77,27.15,27.77,36480
2017-10-24,27.36,27.62,27.25,27.62,18020
2017-10-25,27.36,27.62,27.1,27.1,17910
2017-10-26,27.15,27.2,26.84,27.1,52550
2017-10-27,26.89,27.77,26.89,27.62,29540
2017-10-30,27.36,27.51,26.84,27.31,33530
2017-10-31,26.84,27.1,26.53,27.1,50870
2017-11-01,26.84,26.84,25.29,25.55,151180
2017-11-02,25.55,26.33,25.55,25.81,51870
2017-11-03,25.81,25.91,25.55,25.81,174000
2017-11-06,25.81,26.43,25.81,26.33,55130
2017-11-07,26.33,26.43,26.07,26.07,23920
2017-11-08,26.02,26.79,25.55,26.07,77130
2017-11-09,25.81,26.07,25.6,26.02,47880
2017-11-10,26.33,26.48,25.63,25.81,103050
2017-11-13,25.81,25.91,25.6,25.81,42030
2017-11-14,25.81,26.22,25.65,25.81,128390
2017-11-15,25.76,26.22,25.71,26.12,97320
2017-11-16,26.33,27.1,26.22,26.95,51790
2017-11-17,26.95,27.36,26.58,26.79,18560
2017-11-20,26.79,26.89,26.12,26.22,75170
2017-11-21,26.12,26.79,26.12,26.69,31530
2017-11-22,27.1,27.1,25.81,26.79,67280
2017-11-23,26.79,26.79,26.27,26.69,79120
2017-11-24,26.33,26.58,26.27,26.58,47310
2017-11-27,26.74,26.74,26.53,26.58,45560
2017-11-28,26.69,27.87,26.69,27.36,78550
2017-11-29,27.62,27.62,27.0,27.1,15310
2017-11-30,26.95,27.2,26.84,27.15,39830
2017-12-01,27.15,27.62,26.74,27.36,49080
2017-12-04,27.36,28.39,27.36,28.03,448960
2017-12-05,27.77,28.49,27.77,27.93,134690
2017-12-06,28.03,28.13,27.36,28.13,154110
2017-12-07,28.29,28.6,27.93,28.39,61680
2017-12-08,28.39,28.39,27.93,28.34,20570
2017-12-11,28.18,28.18,27.41,27.87,31070
2017-12-12,27.36,27.36,26.12,27.31,122870
2017-12-13,27.2,27.2,26.33,27.0,49250
2017-12-14,26.95,27.25,26.58,27.2,72460
2017-12-15,27.15,27.2,26.84,27.2,27580
2017-12-18,27.2,27.25,26.69,26.69,46860
2017-12-19,26.69,26.95,26.48,26.53,47220
2017-12-20,25.96,26.74,25.96,26.48,63010
2017-12-21,26.27,26.58,26.27,26.33,17310
2017-12-22,26.33,26.84,26.07,26.17,63380
2017-12-25,26.07,26.48,26.07,26.33,51590
2017-12-26,26.33,26.33,26.02,26.27,14240
2017-12-27,26.12,26.43,25.96,26.17,32280
2017-12-28,26.27,26.69,26.27,26.69,21650
2017-12-29,26.79,26.84,26.58,26.84,50230
2018-01-02,27.2,27.2,26.33,26.58,113890
2018-01-03,26.58,27.2,26.58,27.1,144270
2018-01-04,27.31,27.77,26.89,27.77,115080
2018-01-05,27.77,27.87,27.56,27.77,134820
2018-01-08,27.62,28.08,27.62,28.08,85960
2018-01-09,28.08,28.08,27.62,27.87,42200
2018-01-10,27.62,28.39,27.62,28.08,176050
2018-01-11,28.34,28.34,27.82,27.87,76390
2018-01-12,27.87,29.27,27.87,28.91,194440
2018-01-15,29.27,29.68,28.91,29.42,178910
2018-01-16,29.53,29.68,29.22,29.42,114110
2018-01-17,29.42,29.42,28.44,28.49,50890
2018-01-18,28.44,28.65,27.87,28.49,103390
2018-01-19,28.65,28.86,28.39,28.49,63030
2018-01-22,29.11,29.11,27.62,28.39,133180
2018-01-23,28.39,28.39,28.39,28.39,0
2018-01-24,28.39,28.39,28.39,28.39,0
2018-01-25,28.39,28.44,27.77,27.82,274890
2018-01-26,27.87,28.91,27.87,28.91,115350
2018-01-29,29.37,30.09,29.22,29.37,174400
2018-01-30,29.16,29.37,28.91,29.32,101020
2018-01-31,29.32,29.53,29.16,29.22,155150
2018-02-01,29.22,29.22,27.87,27.87,103640
2018-02-02,27.87,28.29,27.87,27.93,10410
2018-02-05,27.93,27.93,27.1,27.1,204770
2018-02-06,25.34,26.33,25.22,25.29,245330
2018-02-07,25.29,26.58,25.29,26.07,98560
2018-02-08,26.58,26.58,25.71,26.02,71060
2018-02-09,25.29,26.89,25.09,26.89,142220
2018-02-12,27.51,27.51,26.84,26.89,107870
2018-02-13,27.62,27.62,26.89,26.89,42960
2018-02-21,26.89,28.13,26.89,27.87,15060
2018-02-22,27.77,27.87,27.15,27.72,36400
2018-02-23,27.72,27.72,27.2,27.36,9840
2018-02-26,27.56,27.56,26.64,26.64,135720
2018-02-27,26.84,26.84,26.58,26.79,31260
2018-02-28,27.05,27.05,26.33,26.33,70990
2018-03-01,26.33,26.33,25.76,25.81,192350
2018-03-02,25.81,26.74,25.76,26.33,28540
2018-03-05,26.33,26.69,25.81,25.81,168700
2018-03-06,25.86,26.17,25.81,25.96,108920
2018-03-07,25.86,25.96,25.81,25.96,47020
2018-03-08,25.81,26.33,25.81,26.07,37280
2018-03-09,26.07,26.64,26.07,26.53,80250
2018-03-12,26.64,26.89,26.07,26.89,158430
2018-03-13,26.89,27.31,26.53,27.0,30200
2018-03-14,26.95,27.0,26.48,27.0,104230
2018-03-15,27.0,27.0,26.58,26.74,84750
2018-03-16,26.74,26.84,26.58,26.84,174500
2018-03-19,26.84,26.89,26.84,26.84,148290
2018-03-20,26.74,26.89,26.74,26.89,196960
2018-03-21,26.84,26.95,26.79,26.84,73680
2018-03-22,26.48,26.89,26.48,26.74,167530
2018-03-23,26.43,27.1,26.33,27.05,41860
2018-03-26,26.43,26.84,26.43,26.69,25520
2018-03-27,26.69,26.89,26.64,26.84,51430
2018-03-28,26.84,26.84,26.74,26.84,139480
2018-03-29,27.37,27.37,26.63,26.73,70750
2018-03-30,26.57,27.0,26.57,27.0,13640
2018-04-02,27.16,27.8,27.11,27.8,64830
2018-04-03,27.64,27.8,27.53,27.64,66630
2018-04-04,27.74,27.85,27.69,27.69,36900
2018-04-05,27.96,28.81,27.64,28.7,101740
2018-04-06,28.7,28.81,28.38,28.38,58200
2018-04-09,28.22,28.7,28.22,28.22,14820
2018-04-10,28.44,28.44,27.53,27.53,19020
2018-04-11,27.53,27.8,27.37,27.8,19390
2018-04-12,27.85,28.01,27.11,27.69,32490
2018-04-13,28.12,28.65,28.12,28.38,100680
2018-04-16,28.65,30.35,28.17,30.35,552680
2018-04-17,31.84,31.84,30.4,30.45,150240
2018-04-18,30.45,32.58,30.45,31.36,487500
2018-04-19,31.62,31.73,30.3,30.77,228030
2018-04-20,30.77,30.83,30.35,30.56,90650
2018-04-23,30.56,30.56,28.44,28.44,634560
2018-04-24,26.84,27.37,26.47,26.52,121210
2018-04-26,26.1,26.57,25.62,25.62,386130
2018-04-27,25.51,26.47,25.41,25.94,80540
2018-05-02,25.94,26.84,25.67,25.94,75600
2018-05-03,26.47,26.84,26.26,26.47,107160
2018-05-04,26.47,26.84,26.47,26.73,46500
2018-05-07,26.84,26.84,26.57,26.79,23300
2018-05-08,26.79,26.84,26.31,26.57,48760
2018-05-09,26.57,26.57,26.36,26.57,33580
2018-05-10,26.57,26.57,26.15,26.15,41830
2018-05-11,26.04,26.57,26.04,26.57,21770
2018-05-14,25.99,26.68,25.99,26.68,41410
2018-05-15,26.68,26.84,26.57,26.57,17730
2018-05-16,26.57,26.73,26.52,26.52,15830
2018-05-17,26.57,26.73,26.04,26.73,27750
2018-05-18,26.73,26.84,26.57,26.57,3680
2018-05-21,26.57,26.84,26.34,26.34,20340
2018-05-22,26.34,26.57,26.34,26.47,24150
2018-05-23,26.47,26.57,26.47,26.47,10940
2018-05-24,26.63,26.63,26.47,26.47,13820
2018-05-25,26.47,26.73,26.47,26.47,12160
2018-05-28,26.39,26.63,26.39,26.42,134340
2018-05-29,26.36,26.57,26.36,26.5,26950
2018-05-30,26.57,26.57,26.04,26.47,32360
2018-05-31,26.52,26.68,26.1,26.63,186280
2018-06-01,28.17,28.17,26.57,27.53,14570
2018-06-04,27.11,27.64,26.42,26.57,11680
2018-06-05,27.27,27.27,26.47,26.47,17080
2018-06-06,26.47,26.52,26.47,26.47,45660
2018-06-07,26.47,26.52,26.36,26.36,14560
2018-06-08,26.36,26.55,26.31,26.55,9000
2018-06-11,26.1,26.57,26.1,26.31,14510
2018-06-12,25.62,26.84,25.62,26.57,28500
2018-06-13,26.57,26.57,26.31,26.36,4370
2018-06-14,26.47,26.47,26.31,26.31,2930
2018-06-15,26.18,26.47,26.04,26.47,8570
2018-06-18,26.52,26.52,26.1,26.1,800
2018-06-19,25.78,26.26,25.78,26.26,10640
2018-06-20,26.52,26.52,26.04,26.5,100
2018-06-21,25.8,26.42,25.78,25.78,2080
2018-06-22,26.42,26.42,25.83,26.28,220
2018-06-25,26.04,26.04,26.04,26.04,980
2018-06-26,26.02,26.02,25.46,25.78,5590
2018-06-27,25.57,25.72,25.51,25.72,2870
2018-06-28,25.57,25.57,25.57,25.57,300
2018-06-29,25.03,26.57,25.03,26.57,15720
2018-07-02,26.31,26.31,25.01,26.04,1860
2018-07-03,26.04,26.04,25.35,25.35,27510
2018-07-04,25.25,25.54,25.25,25.3,26590
2018-07-05,25.35,25.46,24.48,24.48,19660
2018-07-06,24.77,25.19,24.45,24.98,12650
2018-07-09,25.41,25.41,24.98,24.98,8350
2018-07-10,25.19,25.19,24.98,25.09,7250
2018-07-11,25.09,25.09,24.45,24.45,7200
2018-07-12,24.45,24.98,24.45,24.98,8220
2018-07-13,25.19,25.19,24.98,24.98,13870
2018-07-16,25.19,25.19,24.98,25.14,10170
2018-07-17,24.93,25.25,24.87,25.25,9500
2018-07-18,25.25,26.79,25.25,26.52,31070
2018-07-19,26.63,27.85,26.63,27.85,169580
2018-07-20,27.16,28.97,27.16,28.97,170340
2018-07-23,28.97,29.5,28.17,29.5,131850
2018-07-24,29.5,29.5,28.97,29.5,89490
2018-07-25,29.5,29.55,29.44,29.5,48650
2018-07-26,29.44,29.55,28.7,29.5,421910
2018-07-27,28.17,29.76,28.17,28.59,6440
2018-07-30,28.59,29.76,28.22,28.22,119480
2018-07-31,29.76,29.76,28.7,28.7,39690
2018-08-01,29.07,29.23,28.97,29.23,22360
2018-08-02,29.23,29.76,29.23,29.6,7970
2018-08-03,29.23,30.03,29.23,29.98,93040
2018-08-06,30.08,30.08,29.34,29.34,1110
2018-08-07,28.7,28.7,28.44,28.59,7230
2018-08-08,27.9,29.13,27.9,29.13,6080
2018-08-09,28.44,29.29,28.44,28.86,5510
2018-08-10,28.86,29.23,28.7,28.75,8750
2018-08-13,28.7,30.3,28.7,30.03,234520
2018-08-14,30.03,30.03,29.23,30.03,1750
2018-08-15,29.23,29.23,28.86,28.86,1500
2018-08-16,28.7,28.7,28.7,28.7,570
2018-08-17,28.7,30.03,27.96,28.97,124760
2018-08-20,29.66,30.14,29.23,30.14,16530
2018-08-21,30.14,30.14,30.14,30.14,10310
2018-08-22,29.98,30.14,29.76,30.14,27620
2018-08-23,30.19,30.3,29.5,29.5,18740
2018-08-24,30.19,30.19,30.03,30.14,380
2018-08-27,30.19,30.19,29.5,30.19,5400
2018-08-28,30.3,30.83,30.24,30.56,22510
2018-08-29,30.83,30.83,30.3,30.3,3590
2018-08-30,30.83,30.83,30.03,30.03,1260
2018-08-31,30.03,30.03,29.76,30.03,13550
2018-09-04,30.03,30.24,29.76,30.03,12710
2018-09-05,30.14,30.83,29.87,29.87,38880
2018-09-06,30.51,30.83,30.03,30.03,20300
2018-09-07,30.3,30.88,29.92,30.88,34870
2018-09-10,30.83,30.83,30.3,30.3,6920
2018-09-11,30.51,30.56,30.3,30.35,3150
2018-09-12,30.14,30.35,30.14,30.19,1370
2018-09-13,30.03,30.3,29.76,29.76,3140
2018-09-14,30.08,30.08,29.76,29.76,10050
2018-09-17,30.35,30.88,30.19,30.19,13260
2018-09-18,30.83,30.83,30.14,30.14,14810
2018-09-19,30.83,30.83,29.87,29.87,10450
2018-09-20,30.61,30.88,30.3,30.3,8000
2018-09-21,30.83,30.88,30.08,30.88,6030
2018-09-24,30.93,30.93,30.45,30.45,6900
2018-09-25,30.83,30.88,30.4,30.51,1980
2018-09-26,30.88,30.88,30.77,30.83,8000
2018-09-27,30.83,30.93,30.61,30.67,6440
2018-09-28,30.72,30.93,30.67,30.93,12320
2018-10-01,30.93,30.93,30.61,30.93,5110
2018-10-02,30.93,30.93,30.77,30.93,6100
2018-10-03,30.93,30.93,30.56,30.93,17800
2018-10-04,30.93,30.93,30.93,30.93,1100
2018-10-05,30.93,30.93,30.56,30.56,200
2018-10-08,30.56,30.56,30.56,30.56,0
2018-10-09,30.56,30.83,30.56,30.83,2100
2018-10-10,30.83,30.83,30.3,30.3,2610
2018-10-11,30.83,30.83,29.76,30.3,4380
2018-10-12,30.3,30.3,30.3,30.3,5020
2018-10-15,30.3,30.3,29.23,29.23,4480
2018-10-16,29.23,29.23,29.23,29.23,0
2018-10-17,30.35,30.35,30.35,30.35,10
2018-10-18,30.24,30.35,30.24,30.35,850
2018-10-19,30.35,30.35,30.35,30.35,0
2018-10-22,30.3,30.3,30.3,30.3,500
2018-10-23,29.76,29.76,29.5,29.55,1400
2018-10-24,29.55,29.55,29.55,29.55,0
2018-10-25,29.29,30.3,29.29,30.3,40
2018-10-26,30.3,30.3,30.3,30.3,0
2018-10-29,30.3,30.3,30.3,30.3,0
2018-10-30,29.13,29.5,28.44,28.44,1600
2018-10-31,28.7,28.97,28.7,28.97,40
2018-11-01,28.44,29.23,28.44,29.23,2140
2018-11-02,28.97,29.5,28.97,29.5,360
2018-11-05,29.5,29.5,29.5,29.5,410
2018-11-06,29.5,29.5,29.5,29.5,2350
2018-11-07,29.5,29.5,29.5,29.5,100
2018-11-08,29.5,29.5,29.5,29.5,0
2018-11-09,29.5,29.82,29.5,29.71,360
2018-11-12,29.71,29.71,29.71,29.71,0
2018-11-13,29.5,30.03,29.23,29.23,5680
2018-11-14,29.76,29.87,29.76,29.87,2240
2018-11-15,30.03,30.03,30.03,30.03,1200
2018-11-16,30.03,32.05,29.76,29.76,49100
2018-11-19,30.03,30.56,30.03,30.56,23940
2018-11-20,30.77,30.83,29.82,29.82,15990
2018-11-21,29.87,29.87,29.5,29.5,1200
2018-11-22,29.5,30.56,29.5,29.5,13140
2018-11-23,29.55,29.55,29.55,29.55,160
2018-11-26,29.55,30.3,29.55,30.3,2020
2018-11-27,30.3,30.83,30.3,30.83,24350
2018-11-28,30.83,30.83,30.83,30.83,50
2018-11-29,30.83,30.83,30.56,30.83,29000
2018-11-30,30.83,30.83,30.83,30.83,27020
2018-12-03,30.83,30.83,30.83,30.83,20390
2018-12-04,30.93,30.93,30.83,30.83,16300
2018-12-05,30.83,30.99,30.83,30.83,8160
2018-12-06,30.83,30.93,30.83,30.93,3470
2018-12-07,30.83,30.93,30.83,30.93,11120
2018-12-10,30.93,31.09,30.93,31.09,17100
2018-12-11,31.09,31.09,31.09,31.09,1070
2018-12-12,31.09,31.09,29.24,29.24,13810
2018-12-13,30.0,30.27,30.0,30.27,250
2018-12-14,30.49,30.49,30.49,30.49,10
2018-12-17,30.0,30.05,29.95,30.05,1990
2018-12-18,30.22,30.22,30.0,30.0,670
2018-12-19,29.45,29.45,28.96,28.96,30
2018-12-20,28.96,28.96,28.96,28.96,0
2018-12-21,29.73,30.49,29.45,30.33,660
2018-12-24,30.33,31.09,30.33,31.09,3540
2018-12-25,30.0,31.09,30.0,31.09,4700
2018-12-26,30.82,31.09,30.82,31.09,2560
2018-12-27,31.04,31.09,31.04,31.09,4310
2018-12-28,30.55,31.09,29.45,31.09,2930
2019-01-02,31.09,31.09,31.09,31.09,0
2019-01-03,30.27,31.09,30.27,31.09,5090
2019-01-04,31.09,31.09,31.09,31.09,0
2019-01-07,30.27,31.09,29.73,31.09,620
2019-01-08,31.09,31.09,31.09,31.09,4410
2019-01-09,31.09,31.09,31.09,31.09,1000
2019-01-10,31.09,31.09,31.09,31.09,1000
2019-01-11,31.09,31.09,31.09,31.09,10200
2019-01-14,31.09,31.09,31.09,31.09,9600
2019-01-15,31.09,31.09,30.82,30.82,3550
2019-01-16,30.82,30.82,30.55,30.55,1500
2019-01-17,30.55,30.55,30.55,30.55,0
2019-01-18,30.55,30.55,30.55,30.55,0
2019-01-21,30.55,30.55,30.55,30.55,0
2019-01-22,30.55,30.55,30.55,30.55,300
2019-01-23,30.55,30.55,30.55,30.55,100
2019-01-24,31.09,32.62,31.09,31.64,1220
2019-01-25,31.42,32.73,31.42,32.73,540
2019-01-28,31.09,32.45,30.55,32.45,770
2019-01-29,32.45,32.45,32.45,32.45,0
2019-01-30,32.45,32.45,32.45,32.45,0
2019-01-31,32.45,32.45,32.45,32.45,0
2019-02-01,33.82,33.82,31.91,32.78,2040
2019-02-11,32.73,32.73,32.45,32.45,350
2019-02-12,32.45,32.45,30.27,32.18,360
2019-02-13,32.18,32.18,32.18,32.18,0
2019-02-14,32.18,34.36,32.18,34.36,110
2019-02-15,32.45,32.73,31.96,32.62,2840
2019-02-18,32.62,32.62,32.62,32.62,0
2019-02-19,32.62,32.62,32.62,32.62,500
2019-02-20,32.62,32.62,32.62,32.62,0
2019-02-21,31.91,32.18,31.36,32.18,120
2019-02-22,31.36,31.91,31.36,31.91,1170
2019-02-25,31.96,32.18,31.96,32.18,520
2019-02-26,31.36,32.18,31.36,32.18,2110
2019-02-27,32.18,32.18,32.18,32.18,0
2019-02-28,31.36,31.96,31.09,31.96,530
2019-03-01,31.2,32.18,31.09,32.18,1200
2019-03-04,31.36,31.64,31.36,31.64,910
2019-03-05,31.09,31.96,31.09,31.96,550
2019-03-06,31.96,31.96,31.96,31.96,0
2019-03-07,31.96,31.96,31.96,31.96,0
2019-03-08,31.96,31.96,31.96,31.96,600
2019-03-11,32.24,32.24,32.24,32.24,10
2019-03-12,31.64,31.64,31.64,31.64,2020
2019-03-13,31.64,31.64,31.64,31.64,1310
2019-03-14,31.64,31.64,31.36,31.36,2000
2019-03-15,31.36,31.36,31.36,31.36,0
2019-03-18,31.36,31.36,31.09,31.09,7160
2019-03-19,31.64,31.64,31.36,31.36,130
2019-03-20,31.15,31.15,31.09,31.09,1470
2019-03-21,31.09,31.09,31.09,31.09,200
2019-03-22,31.09,31.09,31.09,31.09,110
2019-03-25,31.64,31.64,31.09,31.09,19900
2019-03-26,31.64,31.64,31.36,31.36,160
2019-03-27,31.36,31.36,30.38,30.38,20
2019-03-28,31.09,31.64,31.09,31.64,3600
2019-03-29,30.05,31.09,30.05,31.09,1170
2019-04-01,31.36,31.36,31.09,31.09,16700
2019-04-02,31.09,31.09,31.09,31.09,500
2019-04-03,30.82,31.64,30.82,31.64,110
2019-04-04,31.64,31.64,30.55,31.64,290
2019-04-05,31.64,31.64,31.64,31.64,0
2019-04-08,30.49,31.64,30.49,31.64,1050
2019-04-09,31.64,31.64,31.64,31.64,0
2019-04-10,31.64,31.64,31.64,31.64,10
2019-04-11,31.58,32.18,31.58,32.18,150
2019-04-12,31.64,31.64,31.64,31.64,2100
2019-04-16,32.07,32.07,30.38,31.64,4050
2019-04-17,31.36,31.64,31.36,31.64,200
2019-04-18,31.64,31.64,30.98,31.64,3420
2019-04-19,31.58,31.58,30.93,30.93,90
2019-04-22,32.56,32.56,32.02,32.07,1320
2019-04-23,31.64,31.85,31.64,31.64,630
2019-04-24,31.64,31.64,31.09,31.64,3350
2019-04-25,31.64,31.64,31.64,31.64,1000
2019-04-26,30.27,31.64,30.27,31.64,1690
2019-05-02,33.55,33.55,31.64,32.97,880
2019-05-03,32.51,32.97,32.51,32.97,1320
2019-05-06,32.8,32.8,31.93,32.51,930
2019-05-07,31.93,32.51,31.64,32.51,220
2019-05-08,31.69,32.51,31.69,32.51,520
2019-05-09,32.51,32.51,32.51,32.51,0
2019-05-10,32.51,32.51,32.51,32.51,0
2019-05-13,32.39,32.39,32.39,32.39,210
2019-05-14,32.45,32.45,31.69,32.45,260
2019-05-15,31.93,31.93,31.23,31.93,3090
2019-05-16,31.93,31.93,31.93,31.93,2300
2019-05-17,31.87,31.93,31.87,31.93,30
2019-05-20,31.93,31.93,31.34,31.93,910
2019-05-21,31.87,31.93,31.87,31.93,20
2019-05-22,31.52,31.87,30.76,31.87,6000
2019-05-23,31.34,31.34,31.34,31.34,210
2019-05-24,31.34,31.87,30.94,31.87,2810
2019-05-27,31.34,31.34,31.34,31.34,20
2019-05-28,31.34,31.34,31.34,31.34,100
2019-05-29,31.0,31.46,31.0,31.34,170
2019-05-30,31.34,31.34,31.34,31.34,5590
2019-05-31,30.88,31.29,30.82,31.29,500
2019-06-03,30.82,31.11,30.71,30.71,920
2019-06-04,30.76,30.76,30.71,30.71,790
2019-06-05,30.71,30.71,30.71,30.71,0
2019-06-06,30.18,31.0,30.18,31.0,100
2019-06-07,31.0,31.0,31.0,31.0,0
2019-06-10,30.76,30.76,30.76,30.76,60
2019-06-11,30.65,30.71,30.42,30.42,730
2019-06-12,30.42,30.42,30.42,30.42,0
2019-06-13,30.42,30.42,30.42,30.42,0
2019-06-14,30.76,30.76,30.76,30.76,50
2019-06-17,30.76,30.76,30.65,30.65,30
2019-06-18,30.47,30.65,30.18,30.65,1140
2019-06-19,30.65,30.65,30.65,30.65,0
2019-06-20,30.65,30.65,30.65,30.65,0
2019-06-21,30.65,30.65,30.65,30.65,0
2019-06-24,30.18,30.76,29.95,30.76,7740
2019-06-25,30.76,30.76,29.02,30.76,1450
2019-06-26,30.76,30.76,30.76,30.76,0
2019-06-27,29.89,29.89,29.89,29.89,330
2019-06-28,29.55,29.6,29.55,29.6,5020
2019-07-01,29.89,29.89,29.66,29.66,4540
2019-07-02,29.66,29.66,29.66,29.66,200
2019-07-03,29.6,29.84,28.73,29.84,80
2019-07-04,29.89,29.89,29.84,29.84,570
2019-07-05,29.84,29.84,29.84,29.84,0
2019-07-08,29.84,29.84,29.84,29.84,0
2019-07-09,29.6,29.6,29.55,29.6,620
2019-07-10,29.02,29.02,29.02,29.02,20
2019-07-11,29.02,29.02,28.73,29.02,4540
2019-07-12,29.02,29.02,29.02,29.02,100
2019-07-15,29.02,29.02,29.02,29.02,0
2019-07-16,29.31,29.31,29.26,29.26,210
2019-07-17,29.55,29.55,29.55,29.55,4600
2019-07-18,29.31,29.31,29.26,29.26,2330
2019-07-19,29.26,29.26,29.26,29.26,0
2019-07-22,29.6,31.29,29.55,30.36,15520
2019-07-23,30.71,31.93,30.71,30.76,11840
2019-07-24,30.76,31.34,30.76,31.0,6550
2019-07-25,30.76,30.76,30.53,30.53,440
2019-07-26,30.47,30.53,29.6,30.53,1680
2019-07-29,30.47,30.47,30.47,30.47,2180
2019-07-30,30.18,30.18,30.18,30.18,600
2019-07-31,30.18,30.18,30.18,30.18,0
2019-08-01,30.18,30.18,30.18,30.18,0
2019-08-02,29.6,29.6,29.02,29.6,3380
2019-08-05,29.6,29.6,29.6,29.6,150
2019-08-06,28.38,29.6,28.38,29.31,5560
2019-08-07,29.6,29.6,29.55,29.6,2080
2019-08-08,29.55,30.53,29.55,30.53,1740
2019-08-09,30.13,31.93,30.13,31.34,7710
2019-08-12,30.47,32.51,29.6,32.51,8860
2019-08-13,31.93,31.93,30.24,31.34,1890
2019-08-14,31.34,31.34,31.34,31.34,0
2019-08-15,31.34,31.34,29.89,31.34,1640
2019-08-16,30.18,30.76,29.26,30.76,2110
2019-08-19,29.31,30.76,28.73,30.76,6880
2019-08-20,30.76,30.76,30.76,30.76,0
2019-08-21,29.2,31.34,29.2,30.76,4810
2019-08-22,30.71,31.0,30.18,31.0,5560
2019-08-23,32.45,32.45,31.23,31.23,45460
2019-08-26,31.23,31.87,31.23,31.87,700
2019-08-27,32.51,32.51,31.34,31.64,5020
2019-08-28,31.64,31.64,31.23,31.46,7000
2019-08-29,31.46,31.46,31.05,31.46,2900
2019-08-30,31.34,31.93,31.34,31.46,900
2019-09-03,31.34,31.46,30.18,31.34,14170
2019-09-04,31.34,31.34,30.76,31.34,7610
2019-09-05,32.56,32.56,31.83,31.83,1750
2019-09-06,31.35,31.83,30.49,31.83,6200
2019-09-09,31.83,31.83,30.8,31.83,6790
2019-09-10,30.86,31.83,30.86,31.83,9110
2019-09-11,31.65,31.83,30.92,31.83,2610
2019-09-12,31.04,31.83,31.04,31.83,3810
2019-09-13,31.1,31.83,31.04,31.83,5770
2019-09-16,31.83,31.83,31.83,31.83,2320
2019-09-17,31.83,31.83,31.83,31.83,1000
2019-09-18,31.77,31.83,31.65,31.83,9220
2019-09-19,31.83,31.83,31.65,31.83,1670
2019-09-20,31.71,31.77,31.65,31.77,1160
2019-09-23,31.65,31.77,31.65,31.77,500
2019-09-24,31.77,31.77,31.77,31.77,0
2019-09-25,31.35,31.77,31.35,31.77,2190
2019-09-26,31.77,31.77,30.92,31.77,2950
2019-09-27,31.16,31.77,31.16,31.77,8020
2019-09-30,31.77,31.77,31.77,31.77,0
2019-10-01,31.28,31.77,31.16,31.77,3450
2019-10-02,31.35,31.77,31.1,31.77,2600
2019-10-03,31.77,31.77,31.65,31.77,1040
2019-10-04,31.35,31.77,31.35,31.77,6250
2019-10-07,31.47,31.77,31.47,31.77,2000
2019-10-08,31.71,31.77,31.35,31.77,300
2019-10-09,31.77,32.56,30.31,32.56,10680
2019-10-10,32.56,32.56,32.56,32.56,660
2019-10-11,32.56,32.56,32.56,32.56,200
2019-10-14,31.53,32.14,31.35,32.14,2280
2019-10-15,31.35,32.14,31.35,32.14,130
2019-10-16,32.14,32.14,32.14,32.14,240
2019-10-17,32.14,32.14,32.14,32.14,0
2019-10-18,31.65,32.26,31.47,32.2,1790
2019-10-21,31.65,32.2,31.65,31.71,360
2019-10-22,31.71,31.89,31.71,31.77,1230
2019-10-23,32.2,32.26,31.77,32.2,2110
2019-10-24,31.65,32.26,31.65,32.26,380
2019-10-25,32.26,32.44,32.26,32.44,760
2019-10-28,32.26,32.26,31.95,32.26,310
2019-10-29,32.26,32.5,32.14,32.44,6460
2019-10-30,32.44,32.56,32.44,32.56,1550
2019-10-31,32.44,32.44,32.44,32.44,1970
2019-11-01,32.44,32.44,32.44,32.44,2510
2019-11-04,32.44,32.44,32.26,32.26,50
2019-11-05,32.26,32.26,32.26,32.26,20
2019-11-06,32.5,32.5,32.44,32.44,40
2019-11-07,32.38,32.38,32.38,32.38,10
2019-11-08,32.26,32.26,31.71,32.26,160
2019-11-11,31.65,32.26,31.65,32.26,560
2019-11-12,32.56,32.87,32.44,32.87,17440
2019-11-13,33.11,33.11,33.11,33.11,3030
2019-11-14,33.17,33.17,33.17,33.17,540
2019-11-15,32.56,32.87,32.26,32.87,1310
2019-11-18,32.87,32.87,32.87,32.87,0
2019-11-19,32.26,32.26,32.26,32.26,320
2019-11-20,31.95,32.56,31.95,32.56,2870
2019-11-21,32.56,32.56,32.56,32.56,60
2019-11-22,32.26,33.41,32.26,33.17,7260
2019-11-25,31.59,34.57,31.59,33.41,5100
2019-11-26,33.78,34.08,33.78,34.08,150
2019-11-27,34.08,34.39,34.02,34.08,4850
2019-11-28,33.17,34.08,33.17,34.08,50100
2019-11-29,34.14,34.69,34.14,34.69,950
2019-12-02,34.69,34.69,34.08,34.69,420
2019-12-03,34.69,35.0,34.69,35.0,4420
2019-12-04,34.69,34.69,33.48,34.69,10720
2019-12-05,33.48,34.39,33.48,34.39,510
2019-12-06,34.45,34.45,34.39,34.39,20620
2019-12-09,34.39,34.69,34.39,34.39,1920
2019-12-10,34.39,34.39,34.39,34.39,3100
2019-12-11,34.39,34.39,34.08,34.39,7110
2019-12-12,34.08,34.39,34.08,34.39,14710
2019-12-13,34.39,34.94,34.39,34.94,1920
2019-12-16,34.94,34.94,34.94,34.94,0
2019-12-17,34.94,34.94,34.94,34.94,0
2019-12-18,34.94,35.0,34.94,35.0,2020
2019-12-19,35.0,35.06,35.0,35.06,60
2019-12-20,35.0,35.0,35.0,35.0,120
2019-12-23,35.06,35.91,35.06,35.3,10620
2019-12-24,35.3,35.3,35.3,35.3,2520
2019-12-25,35.0,35.0,34.69,34.69,4620
2019-12-26,34.39,34.39,34.08,34.39,200
2019-12-27,34.14,34.33,34.14,34.21,540
2019-12-30,34.21,34.21,34.21,34.21,0
2019-12-31,34.21,34.21,34.21,34.21,50
2020-01-02,34.21,34.21,34.21,34.21,250
2020-01-03,34.21,34.21,34.21,34.21,250
2020-01-06,33.48,35.06,33.48,35.06,980
2020-01-07,35.06,35.06,33.48,33.54,410
2020-01-08,33.54,33.6,33.54,33.6,60
2020-01-09,33.6,33.6,33.6,33.6,0
2020-01-10,33.6,33.6,33.6,33.6,0
2020-01-13,33.6,33.6,33.6,33.6,120
2020-01-14,33.6,33.6,33.6,33.6,10
2020-01-15,34.81,34.81,34.81,34.81,10
2020-01-16,34.69,34.69,34.08,34.08,2020
2020-01-17,34.14,34.14,34.14,34.14,710
2020-01-20,34.08,34.14,34.08,34.14,3500
2020-01-21,34.08,34.69,34.08,34.57,3510
2020-01-22,34.08,34.08,34.08,34.08,1170
2020-01-30,34.08,34.08,34.08,34.08,4680
2020-01-31,35.0,35.0,34.21,35.0,510
2020-02-03,34.69,34.69,34.08,34.08,650
2020-02-04,34.08,34.08,34.08,34.08,0
2020-02-05,34.08,34.08,34.08,34.08,830
2020-02-06,34.69,34.69,34.69,34.69,30
2020-02-07,34.14,35.0,34.14,35.0,20
2020-02-10,35.0,35.0,35.0,35.0,100
2020-02-11,35.0,35.0,35.0,35.0,0
2020-02-12,34.69,34.69,34.69,34.69,2000
2020-02-13,34.69,34.69,34.69,34.69,1000
2020-02-14,34.69,34.69,34.69,34.69,1120
2020-02-17,34.08,34.39,34.08,34.08,620
2020-02-18,34.08,34.08,34.08,34.08,30
2020-02-19,34.08,34.08,34.08,34.08,0
2020-02-20,34.08,34.08,34.08,34.08,0
2020-02-21,34.69,34.69,34.69,34.69,670
2020-02-24,34.08,34.08,34.08,34.08,190
2020-02-25,34.08,34.08,34.08,34.08,0
2020-02-26,34.08,34.08,34.08,34.08,1400
2020-02-27,34.08,34.08,34.08,34.08,0
2020-02-28,34.08,34.08,34.08,34.08,260
2020-03-02,34.08,34.08,34.08,34.08,110
2020-03-03,35.91,35.91,35.0,35.0,230
2020-03-04,35.91,35.91,35.91,35.91,100
2020-03-05,35.91,35.91,35.91,35.91,10
2020-03-06,35.91,35.91,35.91,35.91,10
2020-03-09,33.48,33.48,33.48,33.48,1000
2020-03-10,33.48,33.48,33.48,33.48,0
2020-03-11,34.08,34.08,33.48,33.48,3700
2020-03-12,35.3,35.3,35.3,35.3,100
2020-03-13,33.48,33.48,32.87,33.48,220
2020-03-16,33.48,34.02,31.16,33.48,6440
2020-03-17,33.96,34.02,33.48,34.02,1510
2020-03-18,34.02,34.69,34.02,34.69,8350
2020-03-19,34.69,37.07,34.69,37.07,13970
2020-03-20,34.75,39.56,34.75,39.56,21570
2020-03-23,38.16,38.95,37.13,37.13,860
2020-03-24,35.3,37.13,35.3,36.52,630
2020-03-25,36.52,36.52,35.36,35.36,110
2020-03-26,36.52,36.52,36.52,36.52,10
2020-03-27,36.52,36.52,35.3,35.3,3840
2020-03-30,34.75,35.06,33.17,33.17,2900
2020-03-31,35.48,35.48,32.26,35.48,40
2020-04-01,35.48,35.48,35.48,35.48,0
2020-04-03,35.48,37.13,34.69,35.48,1670
2020-04-06,35.61,36.52,35.61,35.91,1270
2020-04-07,35.3,36.52,35.3,36.52,2010
2020-04-08,35.3,36.52,35.3,36.52,1010
2020-04-09,36.52,36.52,36.52,36.52,1280
2020-04-10,35.91,35.91,35.91,35.91,90
2020-04-13,37.13,37.13,37.13,37.13,20
2020-04-14,36.52,36.52,36.52,36.52,500
2020-04-15,36.52,36.52,36.52,36.52,3000
2020-04-16,35.61,35.61,35.3,35.36,1020
2020-04-17,35.36,35.36,35.36,35.36,0
2020-04-20,35.91,35.91,35.91,35.91,340
2020-04-21,36.21,36.52,35.91,35.91,580
2020-04-22,35.91,35.91,35.91,35.91,410
2020-04-23,38.34,38.41,37.13,38.41,16830
2020-04-24,38.41,41.08,38.41,40.78,16540
2020-04-27,41.08,42.91,41.08,42.67,1490
2020-04-28,43.21,43.21,40.78,42.61,1980
2020-04-29,41.39,42.61,39.62,39.68,6580
2020-05-04,41.26,41.33,41.26,41.26,520
2020-05-05,41.26,41.26,41.26,41.26,100
2020-05-06,41.26,41.26,38.73,41.26,180
2020-05-07,38.67,41.14,38.67,41.14,160
2020-05-08,40.5,41.14,40.5,41.14,3470
2020-05-11,42.34,42.34,41.14,41.14,2590
2020-05-12,41.14,41.14,40.82,41.14,1170
2020-05-13,41.45,41.45,40.5,41.14,2320
2020-05-14,40.63,40.63,40.5,40.5,350
2020-05-15,40.5,40.5,40.5,40.5,1060
2020-05-18,40.5,40.5,40.5,40.5,1740
2020-05-19,40.5,40.5,39.87,40.5,190
2020-05-20,40.5,40.5,39.87,40.44,2490
2020-05-21,40.5,40.5,39.87,40.5,1270
2020-05-22,40.38,40.38,40.38,40.38,30
2020-05-25,39.93,42.09,39.87,42.09,8490
2020-05-26,42.09,42.21,42.09,42.21,3510
2020-05-27,42.21,42.21,42.21,42.21,1200
2020-05-28,42.21,42.21,41.77,41.77,2060
2020-05-29,41.77,43.04,41.77,41.77,2010
2020-06-01,41.77,42.09,41.14,42.09,1590
2020-06-02,42.4,43.35,42.09,42.15,1680
2020-06-03,42.15,43.04,42.15,42.15,70
2020-06-04,42.72,42.72,42.4,42.4,110
2020-06-05,42.4,42.4,42.4,42.4,810
2020-06-08,45.31,45.31,43.86,44.3,530
2020-06-09,46.2,46.2,44.93,44.93,310
2020-06-10,44.37,44.37,43.67,43.67,460
2020-06-11,43.67,43.67,43.67,43.67,0
2020-06-12,43.67,43.67,43.67,43.67,0
2020-06-15,43.67,43.67,43.67,43.67,1190
2020-06-16,41.58,43.67,41.58,43.67,200
2020-06-17,43.86,43.99,43.67,43.99,1130
2020-06-18,43.99,43.99,43.67,43.67,300
2020-06-19,43.99,43.99,43.8,43.8,20
2020-06-22,43.8,43.8,43.8,43.8,70
2020-06-23,43.67,43.67,43.67,43.67,180
2020-06-24,43.67,43.67,43.67,43.67,10
2020-06-25,41.2,41.2,41.2,41.2,10
2020-06-26,41.77,41.83,41.14,41.77,890
2020-06-29,41.45,41.77,41.14,41.14,1280
2020-06-30,42.66,42.66,41.14,41.64,630
2020-07-01,41.58,41.77,41.14,41.77,650
2020-07-02,41.77,41.77,41.77,41.77,30
2020-07-03,41.14,41.45,41.14,41.45,180
2020-07-06,41.45,41.77,41.2,41.77,3940
2020-07-07,44.3,44.3,41.83,41.83,23240
2020-07-08,41.71,41.77,41.71,41.77,950
2020-07-09,44.11,44.11,44.11,44.11,100
2020-07-10,43.99,43.99,42.72,42.72,470
2020-07-13,42.72,42.72,42.72,42.72,2490
2020-07-14,42.72,42.72,42.72,42.72,0
2020-07-15,42.72,42.72,42.72,42.72,70
2020-07-16,42.72,42.72,42.72,42.72,540
2020-07-17,42.59,42.72,42.59,42.72,480
2020-07-20,42.72,42.72,42.4,42.4,60
2020-07-21,42.72,42.72,42.72,42.72,70
2020-07-22,42.4,42.4,42.4,42.4,70
2020-07-23,42.72,42.72,42.72,42.72,100
2020-07-24,42.4,42.4,41.14,41.14,460
2020-07-27,38.29,41.14,38.29,41.14,4480
2020-07-28,39.56,43.04,39.56,42.53,1770
2020-07-29,40.38,41.58,40.38,41.58,30
2020-07-30,39.56,41.77,38.73,41.77,3800
2020-07-31,41.14,41.14,41.14,41.14,10
2020-08-03,38.48,43.92,38.48,43.92,250
2020-08-04,41.14,41.14,41.14,41.14,50
2020-08-05,41.14,41.14,41.14,41.14,0
2020-08-06,41.14,41.45,41.14,41.45,80
2020-08-07,43.67,43.67,41.45,41.45,530
2020-08-10,41.45,41.45,41.45,41.45,140
2020-08-11,41.45,41.45,41.45,41.45,0
2020-08-12,43.67,43.67,41.45,41.45,2010
2020-08-13,43.04,43.04,43.04,43.04,40
2020-08-14,43.04,43.04,41.45,41.45,200
2020-08-17,43.04,43.04,43.04,43.04,5020
2020-08-18,41.77,41.77,41.77,41.77,20
2020-08-19,42.78,42.78,39.68,39.68,5440
2020-08-20,41.45,41.45,41.45,41.45,90
2020-08-21,41.45,42.4,41.45,42.4,2490
2020-08-24,42.4,43.35,42.4,43.35,1310
2020-08-25,43.04,43.04,43.04,43.04,50
2020-08-26,43.04,43.04,42.4,42.4,570
2020-08-27,42.97,42.97,42.4,42.4,2010
2020-08-28,43.04,43.1,43.04,43.1,620
2020-08-31,43.1,43.1,43.1,43.1,20
2020-09-01,45.5,45.57,44.3,45.25,3230
2020-09-03,45.88,47.78,45.82,45.95,7800
2020-09-04,45.95,46.07,45.95,46.07,1190
2020-09-07,46.07,46.07,45.95,45.95,720
2020-09-08,45.88,45.88,45.88,45.88,480
2020-09-09,45.88,45.88,45.88,45.88,70
2020-09-10,45.88,45.88,45.31,45.31,70
2020-09-11,45.88,45.88,45.82,45.82,540
2020-09-14,45.76,45.76,45.76,45.76,530
2020-09-15,45.76,45.82,45.76,45.82,230
2020-09-16,45.82,45.82,44.3,45.57,960
2020-09-17,45.5,45.57,45.5,45.57,240
2020-09-18,45.88,45.88,45.88,45.88,150
2020-09-21,45.25,45.82,45.25,45.82,2370
2020-09-22,45.82,45.88,45.82,45.82,580
2020-09-23,44.55,44.93,44.55,44.55,1620
2020-09-24,44.55,44.81,44.55,44.55,430
2020-09-25,44.62,45.57,44.62,45.57,600
2020-09-28,45.38,45.38,45.38,45.38,480
2020-09-29,45.57,45.88,45.38,45.38,2370
2020-09-30,45.31,45.31,45.31,45.31,100
2020-10-01,45.69,45.69,45.69,45.69,300
2020-10-02,45.31,45.69,45.31,45.69,90
2020-10-05,44.93,45.5,44.93,45.5,70
2020-10-06,45.38,45.5,45.38,45.5,890
2020-10-07,45.5,45.5,45.5,45.5,0
2020-10-08,45.25,45.25,45.25,45.25,1780
2020-10-09,45.44,45.44,45.25,45.25,1410
2020-10-12,45.57,45.57,45.44,45.44,520
2020-10-13,45.44,45.44,45.44,45.44,90
2020-10-14,45.44,45.44,45.25,45.25,510
2020-10-15,45.69,45.69,44.93,44.93,830
2020-10-16,44.93,44.93,44.93,44.93,810
2020-10-19,45.57,45.57,44.62,44.62,1050
2020-10-20,44.62,44.62,44.3,44.62,600
2020-10-21,44.62,44.62,44.3,44.37,1060
2020-10-22,44.37,44.37,44.37,44.37,420
2020-10-23,44.3,44.43,44.3,44.43,280
2020-10-26,45.57,45.57,45.06,45.06,360
2020-10-27,44.3,44.62,43.67,44.18,2260
2020-10-28,44.18,44.18,42.09,42.09,860
2020-10-29,42.09,42.09,42.09,42.09,0
2020-10-30,43.67,43.67,43.04,43.04,400
2020-11-02,44.3,44.3,43.1,43.1,210
2020-11-03,44.18,44.18,43.67,43.67,50
2020-11-04,44.18,44.18,43.67,43.67,1590
2020-11-05,44.18,44.18,43.04,44.18,230
2020-11-06,44.3,44.3,44.3,44.3,100
2020-11-09,43.67,43.67,43.67,43.67,250
2020-11-10,43.67,43.67,42.4,42.4,400
2020-11-11,43.67,43.67,43.67,43.67,110
2020-11-12,43.67,43.67,43.67,43.67,30
2020-11-13,43.67,43.67,43.67,43.67,540
2020-11-16,43.67,43.67,43.67,43.67,1170
2020-11-17,43.35,43.35,43.35,43.35,80
2020-11-18,43.99,43.99,43.54,43.54,1070
2020-11-19,43.54,43.67,43.48,43.67,830
2020-11-20,43.92,43.92,43.42,43.67,160
2020-11-23,43.04,43.04,43.04,43.04,30
2020-11-24,43.1,43.67,43.1,43.67,1570
2020-11-25,43.67,43.67,43.42,43.48,780
2020-11-26,43.42,43.61,43.23,43.61,1440
2020-11-27,43.61,43.61,43.61,43.61,40
2020-11-30,46.64,46.64,43.67,44.18,2220
2020-12-01,44.18,44.18,43.67,43.67,930
2020-12-02,43.35,43.35,43.35,43.35,110
2020-12-03,43.99,43.99,43.04,43.04,1320
2020-12-04,43.04,43.67,43.04,43.67,230
2020-12-07,42.47,43.67,42.47,43.67,170
2020-12-08,43.04,43.61,43.04,43.1,170
2020-12-09,43.1,43.67,43.1,43.67,650
2020-12-10,43.67,44.3,43.67,44.3,1670
2020-12-11,44.3,44.3,43.35,44.18,5310
2020-12-14,44.18,44.62,43.67,44.62,290
2020-12-15,45.26,45.26,45.2,45.2,110
2020-12-16,43.08,44.94,43.01,44.88,2120
2020-12-17,44.88,44.88,44.88,44.88,0
2020-12-18,44.88,44.88,44.68,44.75,320
2020-12-21,44.62,44.62,43.01,44.3,2050
2020-12-22,44.68,44.68,44.55,44.55,300
2020-12-23,44.3,44.3,44.3,44.3,100
2020-12-24,43.01,44.23,43.01,43.98,1730
2020-12-25,43.98,43.98,43.66,43.66,4700
2020-12-28,43.66,43.98,43.66,43.66,1370
2020-12-29,43.66,43.98,43.33,43.98,920
2020-12-30,43.59,44.43,43.59,43.98,3320
2020-12-31,43.59,44.3,43.53,44.3,590
2021-01-04,47.19,47.19,44.3,44.3,1400
2021-01-05,44.3,44.3,44.3,44.3,200
2021-01-06,43.66,43.66,43.66,43.66,2200
2021-01-07,43.08,43.21,41.73,41.92,5800
2021-01-08,43.66,43.66,43.66,43.66,800
2021-01-11,43.66,43.98,43.66,43.66,300
2021-01-12,43.33,43.66,43.33,43.66,1800
2021-01-13,43.27,43.33,43.21,43.33,1200
2021-01-14,44.36,44.94,43.98,44.62,15000
2021-01-15,44.94,45.77,44.94,45.52,19600
2021-01-18,46.22,48.66,46.22,47.44,22700
2021-01-19,47.44,47.44,46.22,46.22,11000
2021-01-20,46.22,46.22,44.94,45.58,4200
2021-01-21,45.58,48.54,45.26,48.54,15500
2021-01-22,48.54,48.54,46.87,47.51,3900
2021-01-25,47.51,47.51,47.51,47.51,3400
2021-01-26,46.84,47.51,45.83,45.83,2500
2021-01-27,45.83,45.83,43.49,44.49,4700
2021-01-28,43.49,43.49,41.48,41.48,7200
2021-01-29,43.49,43.49,43.49,43.49,1400
2021-02-01,46.5,46.5,43.83,43.83,2500
2021-02-02,43.83,43.83,43.83,43.83,0
2021-02-03,43.83,43.83,43.49,43.49,800
2021-02-04,43.49,43.49,43.49,43.49,1300
2021-02-05,44.16,44.16,44.16,44.16,1100
2021-02-08,44.16,44.16,43.83,43.83,1100
2021-02-09,44.49,44.49,43.29,44.16,1700
2021-02-17,44.49,44.49,43.83,44.09,3200
2021-02-18,43.89,44.16,43.89,43.89,1000
2021-02-19,43.89,44.16,43.89,44.16,5300
2021-02-22,44.16,44.16,44.16,44.16,2200
2021-02-23,43.89,43.89,43.49,43.83,6500
2021-02-24,43.83,43.83,43.83,43.83,2600
2021-02-25,43.83,43.83,42.82,42.82,2000
2021-02-26,42.82,43.49,42.82,42.89,2700
2021-03-01,42.89,42.89,42.89,42.89,900
2021-03-02,42.96,43.16,42.96,43.16,1100
2021-03-03,43.16,43.16,43.16,43.16,6600
2021-03-04,43.16,43.16,43.16,43.16,400
2021-03-05,43.16,43.16,42.49,42.49,1500
2021-03-08,42.49,43.09,42.49,42.82,2700
2021-03-09,42.49,42.49,42.49,42.49,700
2021-03-10,43.16,43.16,43.16,43.16,400
2021-03-11,42.49,42.82,42.49,42.82,400
2021-03-12,42.49,42.82,42.15,42.49,4600
2021-03-15,42.49,43.16,42.49,42.49,5700
2021-03-16,42.49,42.49,42.49,42.49,1300
2021-03-17,42.15,42.15,42.15,42.15,100
2021-03-18,42.29,42.49,42.29,42.29,1600
2021-03-19,42.29,42.49,42.29,42.49,3400
2021-03-22,42.82,42.82,42.49,42.49,400
2021-03-23,42.49,42.55,42.49,42.49,800
2021-03-24,42.49,43.09,42.15,42.15,1500
2021-03-25,42.15,42.35,41.48,42.35,3300
2021-03-26,42.49,42.49,42.35,42.49,500
2021-03-29,42.49,42.49,42.15,42.15,2100
2021-03-30,42.15,42.82,42.15,42.82,3500
2021-03-31,41.82,42.15,41.82,42.15,3100
2021-04-01,42.82,42.82,42.49,42.49,800
2021-04-02,42.82,42.82,42.49,42.49,600
2021-04-05,41.82,42.15,41.82,42.15,4800
2021-04-06,42.15,42.82,42.15,42.49,4200
2021-04-07,42.49,42.82,42.49,42.49,2100
2021-04-08,42.49,42.49,42.29,42.35,2400
2021-04-09,42.49,42.49,42.49,42.49,1900
2021-04-12,42.15,42.15,41.48,41.82,9200
2021-04-13,42.15,42.15,41.89,41.89,1600
2021-04-14,41.89,41.95,41.89,41.95,1300
2021-04-15,42.02,42.02,41.95,42.02,2200
2021-04-16,41.95,42.02,41.35,42.02,800
2021-04-19,41.82,42.02,41.48,41.48,2800
2021-04-20,42.29,42.29,41.48,41.48,3600
2021-04-22,41.48,42.02,41.48,42.02,1100
2021-04-23,41.42,41.42,41.42,41.42,700
2021-04-26,41.42,42.02,41.42,41.82,800
2021-04-27,41.48,41.48,41.48,41.48,100
2021-04-28,41.48,41.48,41.48,41.48,600
2021-04-29,41.55,41.55,41.55,41.55,100
2021-05-04,41.55,41.55,41.48,41.55,1800
2021-05-05,41.55,41.55,41.48,41.48,1700
2021-05-06,41.22,41.22,41.15,41.15,700
2021-05-07,40.81,40.81,39.48,40.15,3400
2021-05-10,40.15,40.15,40.15,40.15,300
2021-05-11,40.28,41.08,40.28,41.08,1100
2021-05-12,41.08,41.08,41.08,41.08,600
2021-05-13,40.48,40.48,38.27,39.21,6600
2021-05-14,41.28,41.28,40.15,40.15,400
2021-05-21,39.74,39.81,39.48,39.48,700
2021-05-24,39.54,39.54,39.14,39.54,5000
2021-05-25,39.48,39.48,39.34,39.34,948
2021-05-26,39.21,39.48,38.61,39.48,2654
2021-05-27,40.08,40.21,39.48,39.48,3200
2021-05-28,39.48,39.81,39.48,39.81,1600
2021-05-31,39.81,40.15,39.81,40.15,9106
2021-06-01,40.15,40.15,40.15,40.15,1394
2021-06-02,40.15,40.15,38.21,38.61,4002
2021-06-03,38.61,38.61,38.61,38.61,605
2021-06-04,38.14,38.74,38.14,38.74,706
2021-06-07,38.27,38.61,38.27,38.61,1710
2021-06-08,38.67,38.67,38.54,38.67,1500
2021-06-09,38.67,39.48,38.21,39.48,2600
2021-06-10,38.81,39.48,38.81,39.14,1970
2021-06-11,39.14,39.14,39.14,39.14,1240
2021-06-14,38.87,38.87,37.47,37.94,8330
2021-06-15,35.13,38.07,34.46,38.0,11136
2021-06-16,38.0,38.67,38.0,38.67,3530
2021-06-17,38.61,38.81,38.61,38.81,6586
2021-06-18,38.81,39.01,38.61,38.87,4201
2021-06-21,38.87,39.14,38.87,39.14,1934
2021-06-22,39.21,39.48,39.14,39.48,3000
2021-06-23,39.48,39.48,38.81,39.48,2300
2021-06-24,39.48,39.81,39.48,39.81,1100
2021-06-25,39.81,39.81,39.48,39.48,900
2021-06-28,38.21,39.48,38.21,39.41,1200
2021-06-29,39.14,39.48,39.14,39.48,9300
2021-06-30,39.21,39.81,39.21,39.48,3250
2021-07-01,39.48,39.48,39.14,39.14,1400
2021-07-02,38.81,39.14,38.81,39.14,920
2021-07-05,39.01,39.01,38.94,39.01,700
2021-07-06,39.01,39.01,39.01,39.01,100
2021-07-07,39.01,39.01,38.26,38.33,1003
2021-07-08,38.33,38.33,38.33,38.33,500
2021-07-09,38.33,38.53,38.33,38.46,5708
2021-07-12,38.46,38.46,37.78,37.78,2500
2021-07-13,37.78,37.78,36.9,36.96,3005
2021-07-14,36.22,37.58,36.22,37.58,1500
2021-07-15,37.58,37.58,37.17,37.44,800
2021-07-16,37.44,37.44,37.44,37.44,600
2021-07-19,36.28,36.28,36.28,36.28,310
2021-07-20,36.08,37.44,35.67,37.44,3920
2021-07-21,36.76,38.46,36.76,38.46,1241
2021-07-22,38.46,38.46,38.46,38.46,60
2021-07-23,37.44,37.44,37.44,37.44,400
2021-07-26,37.44,37.58,37.44,37.58,740
2021-07-27,37.58,38.26,37.58,38.26,1401
2021-07-28,38.26,38.26,38.26,38.26,100
2021-07-29,38.26,39.48,38.26,39.48,1100
2021-07-30,39.48,39.48,39.48,39.48,0
2021-08-02,37.58,38.8,37.58,38.8,300
2021-08-03,38.8,40.84,38.46,40.84,11700
2021-08-04,40.71,40.71,40.71,40.71,600
2021-08-05,40.71,40.84,40.71,40.84,3601
2021-08-06,40.16,44.25,40.16,43.91,10100
2021-08-09,44.25,47.65,44.25,46.22,261011
2021-08-10,45.95,45.95,44.93,45.61,6600
2021-08-11,44.11,45.61,44.11,45.61,4900
2021-08-12,44.93,44.93,44.38,44.93,8900
2021-08-13,44.93,44.93,44.32,44.93,12013
2021-08-16,44.93,45.61,44.32,44.32,4718
2021-08-17,43.98,43.98,43.91,43.91,600
2021-08-18,44.25,44.25,43.64,43.64,1129
2021-08-19,43.91,44.18,43.91,44.18,319
2021-08-20,43.02,43.02,42.89,43.02,500
2021-08-23,41.53,41.53,41.53,41.53,100
2021-08-24,40.84,43.57,40.84,41.53,705
2021-08-25,42.75,42.75,42.75,42.75,100
2021-08-26,42.55,43.57,42.55,43.57,200
2021-08-27,43.23,43.23,41.87,42.89,848
2021-09-06,42.89,43.57,42.89,42.89,4200
2021-09-07,43.5,43.5,43.29,43.29,200
2021-09-08,43.29,43.29,43.29,43.29,0
2021-09-09,43.23,43.23,43.23,43.23,200
2021-09-10,42.61,42.61,40.23,41.87,4600
2021-09-13,41.87,41.87,41.87,41.87,3200
2021-09-14,42.89,42.89,42.89,42.89,300
2021-09-15,41.18,41.25,41.18,41.18,1000
2021-09-16,41.18,41.25,41.18,41.25,1700
2021-09-17,41.73,41.73,41.66,41.66,1200
2021-09-20,41.59,41.59,41.46,41.46,300
2021-09-21,41.32,42.21,40.84,40.84,4900
2021-09-22,40.84,40.84,40.84,40.84,0
2021-09-23,40.84,40.84,40.84,40.84,2300
2021-09-24,40.37,41.39,40.37,41.39,3200
2021-09-27,40.84,40.84,40.84,40.84,1000
2021-09-28,41.12,41.18,41.12,41.18,400
2021-09-29,41.12,41.18,41.12,41.18,400
2021-09-30,41.18,43.57,41.18,41.25,3000
2021-10-01,43.5,43.5,38.39,42.82,5900
2021-10-04,42.82,42.82,41.53,41.53,1200
2021-10-05,41.53,41.53,41.53,41.53,0
2021-10-06,41.87,42.21,41.8,42.21,4200
2021-10-07,41.59,41.66,41.53,41.53,7400
2021-10-08,41.53,42.07,41.53,42.07,500
2021-10-11,42.07,42.55,42.07,42.07,2400
2021-10-12,42.07,42.07,42.07,42.07,3700
2021-10-13,42.07,42.07,42.07,42.07,600
2021-10-14,42.0,42.0,41.25,41.25,400
2021-10-15,40.98,41.53,40.84,41.53,500
2021-10-18,41.53,41.53,41.53,41.53,100
2021-10-19,41.53,41.53,40.84,40.84,2500
2021-10-20,41.32,41.32,40.84,40.84,3200
2021-10-21,40.84,40.84,40.84,40.84,0
2021-10-22,41.18,41.18,41.18,41.18,400
2021-10-25,40.84,40.91,40.84,40.91,2300
2021-10-26,40.91,40.91,40.91,40.91,0
2021-10-27,40.57,40.57,40.57,40.57,100
2021-10-28,40.64,40.64,40.64,40.64,100
2021-10-29,40.84,40.84,40.84,40.84,6200
2021-11-01,40.84,40.91,40.84,40.84,11600
2021-11-02,40.91,40.91,40.84,40.84,11200
2021-11-03,40.84,40.84,40.44,40.44,1300
2021-11-04,40.44,40.44,40.44,40.44,0
2021-11-05,40.84,40.84,40.5,40.78,2100
2021-11-08,40.84,40.84,40.64,40.64,6500
2021-11-09,40.64,40.64,40.37,40.37,2100
2021-11-10,40.44,40.78,40.23,40.78,2600
2021-11-11,40.5,40.57,40.5,40.57,7100
2021-11-12,40.84,40.84,40.57,40.57,4000
2021-11-15,40.84,40.84,40.71,40.71,2400
2021-11-16,40.78,40.84,40.64,40.64,9500
2021-11-17,40.64,40.64,40.64,40.64,0
2021-11-18,40.84,40.84,40.71,40.71,2800
2021-11-19,40.71,40.71,40.71,40.71,3000
2021-11-22,40.71,40.71,40.71,40.71,0
2021-11-23,40.71,40.71,40.71,40.71,100
2021-11-24,40.16,40.91,40.16,40.16,1500
2021-11-25,40.44,40.84,40.37,40.37,2100
2021-11-26,40.16,40.84,40.16,40.23,6000
2021-11-29,40.23,40.23,40.23,40.23,5100
2021-11-30,40.37,40.91,40.37,40.84,1500
2021-12-01,40.84,40.91,40.84,40.84,4800
2021-12-02,40.91,43.57,40.91,42.68,2600
2021-12-03,41.39,41.39,41.32,41.32,500
2021-12-06,42.14,42.14,40.98,40.98,800
2021-12-07,40.98,41.18,40.98,40.98,1500
2021-12-08,40.98,40.98,40.84,40.84,300
2021-12-09,40.84,41.18,40.84,40.91,500
2021-12-10,41.6,41.6,41.6,41.6,500
2021-12-13,40.56,40.56,40.56,40.56,100
2021-12-14,40.56,40.56,40.56,40.56,0
2021-12-15,40.84,41.53,40.84,41.53,300
2021-12-16,40.91,40.91,40.91,40.91,100
2021-12-17,41.53,41.53,41.53,41.53,100
2021-12-20,40.84,40.91,40.84,40.84,7200
2021-12-21,40.84,41.46,40.84,41.46,200
2021-12-22,41.46,41.46,40.98,40.98,200
2021-12-23,40.98,41.05,40.84,40.84,2400
2021-12-24,40.84,40.84,40.84,40.84,0
2021-12-27,40.98,41.05,40.98,41.05,2200
2021-12-28,41.19,41.33,41.19,41.33,4100
2021-12-29,41.33,41.33,41.33,41.33,0
2021-12-30,40.91,40.98,40.91,40.98,900
2021-12-31,41.19,41.53,41.19,41.26,1900
2022-01-04,41.33,41.33,41.33,41.33,400
2022-01-05,41.33,41.53,41.26,41.4,6900
2022-01-06,41.33,41.46,38.56,41.46,7200
2022-01-07,41.46,41.46,41.46,41.46,0
2022-01-10,41.4,41.4,41.4,41.4,100
2022-01-11,40.84,40.84,40.84,40.84,1200
2022-01-12,40.84,40.84,40.84,40.84,300
2022-01-13,41.53,41.53,41.53,41.53,100
2022-01-14,41.53,41.53,41.53,41.53,200
2022-01-17,42.23,42.23,41.19,41.19,3500
2022-01-18,41.12,41.19,40.91,40.91,1100
2022-01-19,40.91,40.91,40.84,40.84,1100
2022-01-20,40.84,40.84,40.84,40.84,0
2022-01-21,40.84,40.98,40.5,40.84,3800
2022-01-24,41.19,41.26,41.12,41.19,13800
2022-01-25,41.12,41.12,40.15,40.15,3000
2022-01-26,40.84,40.91,40.84,40.91,600
2022-01-27,41.46,41.53,41.4,41.4,1000
2022-01-28,41.4,41.4,41.4,41.4,0
2022-02-07,41.4,41.4,41.4,41.4,0
2022-02-08,41.81,41.81,41.81,41.81,100
2022-02-09,41.6,41.6,41.6,41.6,100
2022-02-10,40.84,40.84,40.84,40.84,600
2022-02-11,40.84,40.84,40.84,40.84,300
2022-02-14,39.46,40.77,39.46,40.77,6400
2022-02-15,40.15,41.12,40.15,41.12,1100
2022-02-16,40.84,40.84,40.84,40.84,100
2022-02-17,41.19,41.19,41.19,41.19,100
2022-02-18,41.19,41.53,39.8,41.53,4800
2022-02-21,40.84,41.53,40.84,40.84,700
2022-02-22,41.53,41.88,40.84,40.84,600
2022-02-23,40.84,40.84,40.84,40.84,100
2022-02-24,41.53,41.53,40.84,40.84,1100
2022-02-25,41.53,41.53,40.56,41.53,5900
2022-02-28,41.19,41.19,40.15,40.5,3900
2022-03-01,41.46,41.46,40.91,40.91,300
2022-03-02,40.84,40.84,40.84,40.84,400
2022-03-03,40.91,40.91,40.91,40.91,300
2022-03-04,40.5,41.12,39.46,41.12,800
2022-03-07,41.19,41.53,41.19,41.53,400
2022-03-08,41.53,41.53,41.53,41.53,10000
2022-03-09,41.53,41.6,41.53,41.6,2400
2022-03-10,41.6,41.6,41.6,41.6,900
2022-03-11,41.67,41.88,41.6,41.6,300
2022-03-14,41.12,41.12,40.91,40.91,1700
2022-03-15,40.98,41.53,40.63,41.53,9500
2022-03-16,40.84,40.84,40.84,40.84,100
2022-03-17,40.91,40.91,40.84,40.84,1200
2022-03-18,40.84,40.84,40.84,40.84,100
2022-03-21,41.19,41.53,40.84,41.53,2000
2022-03-22,40.84,40.84,40.84,40.84,400
2022-03-23,41.46,41.53,40.91,41.19,2300
2022-03-24,41.4,41.4,41.4,41.4,100
2022-03-25,41.4,41.4,41.19,41.19,1000
2022-03-28,41.19,41.19,41.19,41.19,300
2022-03-29,40.15,41.53,40.15,41.53,3500
2022-03-30,41.53,41.53,41.19,41.19,300
2022-03-31,41.19,41.19,41.19,41.19,100
2022-04-01,40.84,40.84,40.84,40.84,2100
2022-04-04,40.91,41.19,40.91,41.19,1200
2022-04-05,41.19,41.53,41.19,41.53,1600
2022-04-06,40.91,40.91,40.84,40.84,3100
2022-04-07,40.84,41.88,40.84,41.19,1000
2022-04-08,41.12,41.19,41.12,41.12,1000
2022-04-12,41.88,42.23,41.19,41.19,6100
2022-04-13,40.84,41.53,40.29,41.53,1700
2022-04-14,41.46,41.46,40.84,40.84,200
2022-04-15,41.74,42.85,41.74,42.85,11400
2022-04-18,42.92,44.23,42.92,43.54,16500
2022-04-19,43.61,44.23,42.99,43.61,8600
2022-04-20,42.92,43.26,41.53,43.2,5500
2022-04-21,42.92,43.54,42.92,43.26,1500
2022-04-22,43.26,43.54,43.26,43.33,1100
2022-04-25,43.61,43.61,42.57,43.26,5300
2022-04-26,43.26,43.26,42.92,43.26,7900
2022-04-27,45.63,45.63,43.26,43.63,1900
2022-04-28,42.15,43.41,42.15,43.41,2200
2022-04-29,41.79,43.26,41.79,43.12,5900
2022-05-04,42.23,42.3,42.15,42.15,1300
2022-05-05,42.15,42.3,42.15,42.23,1500
2022-05-06,41.42,41.56,41.42,41.49,600
2022-05-09,42.6,42.6,42.45,42.45,200
2022-05-10,41.79,41.86,40.97,40.97,800
2022-05-11,42.3,42.3,42.3,42.3,500
2022-05-12,42.3,42.3,41.42,42.15,500
2022-05-13,41.42,41.42,41.42,41.42,700
2022-05-16,40.68,40.68,39.94,39.94,1300
2022-05-17,39.94,39.94,39.94,39.94,100
2022-05-18,41.34,41.42,41.34,41.42,300
2022-05-19,40.97,41.79,40.97,41.79,200
2022-05-20,41.79,41.79,41.79,41.79,0
2022-05-23,41.42,41.42,41.42,41.42,100
2022-05-24,41.42,41.42,41.42,41.42,500
2022-05-25,41.42,41.42,41.42,41.42,2400
2022-05-26,41.42,41.42,41.42,41.42,0
2022-05-27,41.79,41.79,41.42,41.42,3400
2022-05-30,43.19,43.19,41.79,42.15,500
2022-05-31,42.52,42.52,41.79,41.79,200
2022-06-01,41.79,41.79,41.79,41.79,0
2022-06-02,41.79,41.79,41.79,41.79,0
2022-06-03,41.79,41.79,41.79,41.79,100
2022-06-06,41.42,42.89,41.42,42.89,800
2022-06-07,41.42,41.42,41.42,41.42,1700
2022-06-08,43.26,43.26,43.26,43.26,100
2022-06-09,42.75,43.26,42.75,42.89,5900
2022-06-10,42.52,42.75,42.52,42.52,5100
2022-06-13,42.15,42.15,42.15,42.15,100
2022-06-14,40.53,42.08,40.38,42.08,400
2022-06-15,41.86,41.86,41.42,41.42,300
2022-06-16,41.42,41.42,41.42,41.42,0
2022-06-17,40.23,41.79,40.23,41.42,700
2022-06-20,40.16,42.52,40.16,42.52,300
2022-06-21,42.52,42.52,42.52,42.52,0
2022-06-22,40.16,44.74,39.86,44.74,800
2022-06-23,41.79,44.3,41.79,43.41,600
2022-06-24,43.41,43.41,43.41,43.41,0
2022-06-27,43.41,43.41,43.41,43.41,0
2022-06-28,40.68,42.67,40.6,42.67,600
2022-06-29,41.42,41.42,41.42,41.42,600
2022-06-30,41.42,41.42,41.42,41.42,0
2022-07-01,39.42,41.79,38.53,41.79,900
2022-07-04,41.79,41.79,41.79,41.79,0
2022-07-05,41.79,41.79,41.79,41.79,0
2022-07-06,40.68,40.68,40.31,40.31,300
2022-07-07,40.31,40.31,40.31,40.31,1500
2022-07-08,40.31,40.31,40.31,40.31,100
2022-07-11,40.31,40.31,40.31,40.31,0
2022-07-12,40.08,41.42,40.08,41.42,1700
2022-07-13,41.42,41.42,41.42,41.42,0
2022-07-14,41.42,41.42,41.42,41.42,0
2022-07-15,41.42,41.42,41.42,41.42,0
2022-07-18,41.42,41.42,41.42,41.42,0
2022-07-19,41.05,41.56,41.05,41.56,400
2022-07-20,41.49,41.49,41.49,41.49,100
2022-07-21,40.68,40.68,40.68,40.68,100
2022-07-22,40.6,40.68,40.6,40.68,300
2022-07-25,40.68,40.68,40.68,40.68,100
2022-07-26,40.68,40.68,40.68,40.68,100
2022-07-27,40.68,40.68,40.68,40.68,100
2022-07-28,40.68,40.68,40.68,40.68,1400
2022-07-29,40.75,40.75,40.75,40.75,1000
2022-08-01,40.75,40.75,40.75,40.75,0
2022-08-02,40.75,40.75,40.75,40.75,0
2022-08-03,39.94,40.75,38.9,39.94,1800
2022-08-04,40.68,40.68,40.6,40.6,200
2022-08-05,40.68,40.68,40.6,40.6,300
2022-08-08,40.31,40.82,40.31,40.38,1200
2022-08-09,40.6,40.68,40.6,40.68,1100
2022-08-10,41.05,41.05,40.68,40.68,400
2022-08-11,40.68,40.68,40.68,40.68,400
2022-08-12,39.94,39.94,39.94,39.94,200
2022-08-15,40.08,40.68,39.94,40.68,1300
2022-08-16,39.94,40.75,39.94,40.68,2100
2022-08-17,40.68,40.68,40.68,40.68,0
2022-08-18,39.94,39.94,39.94,39.94,200
2022-08-19,40.31,40.31,40.31,40.31,500
2022-08-22,40.31,40.31,40.31,40.31,200
2022-08-23,40.31,40.31,40.31,40.31,0
2022-08-24,40.6,40.6,40.6,40.6,300
2022-08-25,40.6,40.6,40.6,40.6,0
2022-08-26,40.68,40.68,40.68,40.68,100
2022-08-29,40.68,40.68,40.68,40.68,0
2022-08-30,40.68,40.68,40.68,40.68,0
2022-08-31,40.16,40.16,39.94,39.94,1000
2022-09-05,40.68,40.68,40.01,40.01,400
2022-09-06,40.01,40.01,40.01,40.01,0
2022-09-07,40.01,40.01,40.01,40.01,0
2022-09-08,40.01,40.01,40.01,40.01,500
2022-09-09,39.94,39.94,39.94,39.94,100
2022-09-12,40.75,41.42,40.75,41.05,3271
2022-09-13,38.61,41.05,41.05,41.05,163
2022-09-14,41.05,41.05,41.05,41.05,40
2022-09-15,40.68,40.68,40.68,40.68,397
2022-09-16,40.68,40.68,40.68,40.68,0
2022-09-19,40.68,40.68,40.68,40.68,34
2022-09-20,40.68,40.68,40.68,40.68,0
2022-09-21,40.31,40.68,40.23,40.31,2300
2022-09-22,40.6,42.52,40.6,42.52,930
2022-09-23,42.52,42.52,42.52,42.52,144
2022-09-26,42.52,42.52,42.52,42.52,0
2022-09-27,40.6,40.68,40.6,40.68,400
2022-09-28,40.31,40.31,40.31,40.31,200
2022-09-29,40.31,40.31,40.31,40.31,0
2022-09-30,40.31,40.31,40.31,40.31,15
2022-10-03,40.6,40.6,40.6,40.6,186
2022-10-04,37.79,37.79,37.79,37.79,101
2022-10-05,40.01,40.38,40.01,40.31,1306
2022-10-06,39.86,39.86,39.79,39.79,300
2022-10-07,37.57,37.57,37.5,37.5,300
2022-10-10,36.98,36.98,36.98,36.98,510
2022-10-11,36.98,36.98,36.98,36.98,600
2022-10-12,35.87,39.57,35.35,39.49,901
2022-10-13,39.49,39.49,39.49,39.49,22
2022-10-14,38.46,38.68,38.46,38.68,1801
2022-10-17,38.68,38.68,38.68,38.68,0
2022-10-18,38.75,40.68,38.75,40.68,10140
2022-10-19,40.68,40.68,40.68,40.68,57
2022-10-20,40.68,40.68,40.68,40.68,0
2022-10-21,40.68,40.68,40.68,40.68,0
2022-10-24,40.68,40.68,40.68,40.68,2
2022-10-25,38.46,38.46,38.46,38.46,100
2022-10-26,38.46,38.46,38.46,38.46,10
2022-10-27,38.46,38.46,38.46,38.46,5
2022-10-28,38.46,38.46,38.46,38.46,0
2022-10-31,38.54,38.54,38.46,38.46,2100
2022-11-01,38.84,38.84,38.84,38.84,400
2022-11-02,38.84,38.84,38.84,38.84,21
2022-11-03,38.84,38.84,38.84,38.84,203
2022-11-04,38.84,38.84,38.84,38.84,600
2022-11-07,36.38,38.46,36.34,38.46,300
2022-11-08,36.69,36.69,36.69,36.69,100
2022-11-09,36.92,37.0,36.92,37.0,603
2022-11-10,36.73,36.73,36.73,36.73,356
2022-11-11,36.69,36.73,36.15,36.15,1562
2022-11-14,36.54,36.54,36.54,36.54,100
2022-11-15,36.54,36.54,34.61,34.61,200
2022-11-16,34.61,34.61,34.61,34.61,100
2022-11-17,35.84,35.84,35.84,35.84,1776
2022-11-18,36.15,36.15,36.15,36.15,500
2022-11-21,36.15,36.15,36.15,36.15,0
2022-11-22,36.15,36.15,35.92,35.92,1128
2022-11-23,35.92,35.92,35.92,35.92,300
2022-11-24,36.11,36.15,35.54,36.15,1206
2022-11-25,36.15,36.15,36.15,36.15,3
2022-11-28,36.92,36.92,36.92,36.92,300
2022-11-29,36.92,37.3,36.92,37.3,2612
2022-11-30,37.3,37.3,37.3,37.3,0
2022-12-01,38.61,38.61,37.3,37.3,403
2022-12-02,38.61,39.84,38.61,39.84,35001
2022-12-05,41.46,41.46,41.46,41.46,105
2022-12-06,41.77,41.77,41.77,41.77,102
2022-12-07,41.77,41.77,41.77,41.77,7
2022-12-08,41.69,42.23,41.69,42.23,600
2022-12-09,42.54,42.54,42.54,42.54,163
2022-12-12,40.69,40.77,40.69,40.77,300
2022-12-13,41.54,41.84,41.54,41.84,212
2022-12-14,41.84,41.84,41.84,41.84,0
2022-12-15,41.77,41.77,40.15,40.15,311
2022-12-16,40.15,40.15,40.15,40.15,200
2022-12-19,40.15,40.15,40.15,40.15,0
2022-12-20,38.46,38.46,38.46,38.46,407
2022-12-21,38.46,38.46,38.46,38.46,0
2022-12-22,38.46,38.46,38.46,38.46,0
2022-12-23,38.46,38.46,38.46,38.46,0
2022-12-26,38.23,39.07,38.23,39.07,500
2022-12-27,39.07,39.07,38.46,38.46,472
2022-12-28,38.46,38.46,38.46,38.46,23
2022-12-29,38.46,38.46,38.46,38.46,10
2022-12-30,38.46,38.46,38.46,38.46,1
2023-01-03,38.46,38.46,38.46,38.46,0
2023-01-04,39.07,40.0,39.07,40.0,630
2023-01-05,40.0,40.0,40.0,40.0,0
2023-01-06,40.0,40.0,39.84,39.84,300
2023-01-09,39.46,39.69,39.46,39.69,12300
2023-01-10,39.77,39.77,39.77,39.77,25020
2023-01-11,38.54,39.38,38.54,39.38,19200
2023-01-12,39.38,39.38,39.38,39.38,25
2023-01-13,41.38,41.46,41.38,41.46,1217
2023-01-16,41.46,41.46,41.46,41.46,0
2023-01-17,41.07,41.15,41.07,41.15,600
2023-01-18,41.15,41.15,41.07,41.15,4937
2023-01-19,42.15,42.3,42.15,42.3,2800
2023-01-27,42.3,42.3,42.3,42.3,0
2023-01-30,43.0,43.0,43.0,43.0,400
2023-01-31,41.92,42.3,41.92,42.3,300
2023-02-01,42.46,42.46,42.46,42.46,100
2023-02-02,42.46,42.46,42.46,42.46,0
2023-02-03,42.46,42.46,42.46,42.46,0
2023-02-06,42.3,42.3,42.3,42.3,1000
2023-02-07,42.3,42.3,42.3,42.3,0
2023-02-08,42.3,42.3,42.3,42.3,1000
2023-02-09,42.3,42.3,42.3,42.3,1500
2023-02-10,42.3,42.3,42.3,42.3,7300
2023-02-13,42.3,42.3,42.3,42.3,8770
2023-02-14,42.3,42.3,40.61,41.54,26130
2023-02-15,42.3,42.3,42.3,42.3,100
2023-02-16,42.3,42.3,42.3,42.3,606
2023-02-17,42.3,42.3,42.3,42.3,700
2023-02-20,42.3,42.3,42.3,42.3,200
2023-02-21,40.54,42.38,40.54,42.38,2100
2023-02-22,42.38,42.38,42.38,42.38,1200
2023-02-23,42.38,42.38,42.38,42.38,26
2023-02-24,42.69,42.69,42.69,42.69,200
2023-02-27,42.69,42.69,42.69,42.69,200
2023-02-28,40.84,41.23,39.77,41.23,31300
2023-03-01,41.15,41.15,41.15,41.15,110
2023-03-02,41.15,41.15,41.15,41.15,0
2023-03-03,41.54,42.3,41.54,42.3,5100
2023-03-06,42.3,42.3,42.3,42.3,200
2023-03-07,42.23,42.3,42.23,42.3,300
2023-03-08,42.3,42.3,42.3,42.3,0
2023-03-09,43.77,43.77,43.77,43.77,150
2023-03-10,43.77,43.77,43.77,43.77,0
2023-03-13,43.84,45.3,43.84,44.92,4308
2023-03-14,46.15,47.77,46.15,46.92,1300
2023-03-15,44.0,44.0,44.0,44.0,100
2023-03-16,45.54,45.54,44.84,44.84,303
2023-03-17,43.23,43.54,43.07,43.54,2100
2023-03-20,42.38,45.38,42.07,42.07,5100
2023-03-21,43.54,45.0,43.54,43.84,1901
2023-03-22,43.69,43.69,43.69,43.69,3200
2023-03-23,43.69,43.84,43.69,43.84,31200
2023-03-24,43.92,43.92,43.84,43.84,5407
2023-03-27,45.38,45.38,44.23,44.38,1200
2023-03-28,44.62,44.62,43.9,43.9,41300
2023-03-29,46.22,46.22,44.7,44.7,2203
2023-03-30,45.02,45.02,44.22,44.22,31500
2023-03-31,44.22,44.22,44.22,44.22,102
2023-04-03,45.1,45.34,45.1,45.1,701
2023-04-04,45.42,45.42,45.18,45.18,4500
2023-04-05,46.77,46.77,46.22,46.22,211
2023-04-06,46.22,46.22,46.22,46.22,100
2023-04-07,46.22,46.22,46.22,46.22,4
2023-04-10,46.22,46.22,46.22,46.22,100
2023-04-11,46.22,46.22,46.22,46.22,100
2023-04-12,46.22,46.22,46.22,46.22,0
2023-04-13,46.22,46.22,46.22,46.22,221
2023-04-14,46.22,46.22,46.22,46.22,0
2023-04-17,46.22,46.22,46.22,46.22,0
2023-04-18,46.22,46.22,46.22,46.22,601
2023-04-19,46.22,46.22,46.22,46.22,43
2023-04-20,46.22,46.22,46.22,46.22,100
2023-04-21,47.01,47.01,45.02,45.02,311
2023-04-24,44.86,44.86,44.86,44.86,100
2023-04-25,47.49,47.49,47.01,47.01,700
2023-04-26,43.75,47.01,43.75,47.01,200
2023-04-27,47.01,47.01,47.01,47.01,0
2023-04-28,47.01,47.01,47.01,47.01,0
2023-05-04,43.98,43.98,43.98,43.98,108
2023-05-05,44.62,44.62,42.39,42.39,252
2023-05-08,42.23,44.14,42.23,44.14,401
2023-05-09,44.14,44.14,44.14,44.14,5
2023-05-10,43.03,43.03,43.03,43.03,102
2023-05-11,43.03,43.03,43.03,43.03,0
2023-05-12,43.03,43.03,43.03,43.03,100
2023-05-15,43.19,43.19,43.19,43.19,200
2023-05-16,43.19,43.19,43.19,43.19,0
2023-05-17,43.19,43.19,43.19,43.19,0
2023-05-18,43.19,43.19,43.19,43.19,0
2023-05-19,43.19,43.19,43.19,43.19,0
2023-05-22,43.19,43.19,43.19,43.19,21
2023-05-23,43.19,43.19,43.19,43.19,4
2023-05-24,43.19,43.19,43.19,43.19,0
2023-05-25,43.19,43.19,43.19,43.19,0
2023-05-26,43.19,43.19,43.19,43.19,0
2023-05-29,42.95,42.95,42.95,42.95,106
2023-05-30,42.95,42.95,42.95,42.95,0
2023-05-31,42.95,42.95,42.95,42.95,4
2023-06-01,45.42,45.42,45.42,45.42,300
2023-06-02,45.42,45.42,45.42,45.42,8
2023-06-05,43.03,43.03,43.03,43.03,225
2023-06-06,43.03,43.03,43.03,43.03,2
2023-06-07,43.83,43.83,43.83,43.83,420
2023-06-08,43.83,43.83,43.83,43.83,0
2023-06-09,43.75,43.83,43.75,43.83,800
2023-06-12,43.83,43.83,43.83,43.83,1200
2023-06-13,46.22,46.22,46.22,46.22,100
2023-06-14,46.22,46.22,46.22,46.22,0
2023-06-15,43.19,43.19,43.11,43.11,1110
2023-06-16,43.11,43.11,43.11,43.11,6
2023-06-19,44.62,44.62,44.62,44.62,100
2023-06-20,44.62,44.62,44.62,44.62,49
2023-06-21,44.22,44.22,44.22,44.22,300
2023-06-22,44.22,44.22,44.22,44.22,0
2023-06-23,44.22,44.22,44.22,44.22,24
2023-06-26,44.22,44.22,44.22,44.22,100
2023-06-27,44.62,44.62,44.62,44.62,103
2023-06-28,44.22,47.25,43.83,47.01,1319
2023-06-29,46.93,47.01,46.85,47.01,1884
2023-06-30,47.81,48.21,47.09,48.21,4447
2023-07-03,50.44,50.44,50.2,50.2,818
2023-07-04,49.8,50.36,49.8,50.2,3700
2023-07-05,50.2,51.0,50.2,51.0,1690
2023-07-06,51.16,52.59,51.16,51.4,5101
2023-07-07,51.08,51.47,51.08,51.47,600
2023-07-10,51.47,54.18,51.47,54.18,8713
2023-07-11,54.18,57.37,54.18,56.42,12194
2023-07-12,56.42,56.57,52.67,55.54,3638
2023-07-13,52.16,54.1,52.16,54.1,6300
2023-07-14,53.68,53.68,52.75,52.83,5724
2023-07-17,51.99,52.07,51.99,51.99,2310
2023-07-18,51.99,52.24,51.99,52.16,1905
2023-07-19,52.16,52.16,51.99,51.99,2301
2023-07-20,52.07,52.41,52.07,52.41,448
2023-07-21,51.57,51.57,51.57,51.57,2000
2023-07-24,50.97,51.99,50.3,51.99,2929
2023-07-25,51.82,51.9,51.82,51.9,1548
2023-07-26,51.74,52.41,51.14,52.41,1557
2023-07-27,52.83,52.83,52.83,52.83,1500
2023-07-28,51.57,52.83,49.2,52.83,4100
2023-07-31,53.09,53.26,52.41,53.26,6200
2023-08-01,53.59,54.95,53.59,54.95,3300
2023-08-02,54.1,55.37,54.1,55.2,3000
2023-08-03,53.26,55.71,53.26,55.37,609
2023-08-04,54.95,54.95,54.95,54.95,3303
2023-08-07,54.95,55.12,54.95,55.12,425
2023-08-08,54.02,55.79,54.02,55.71,3700
2023-08-09,55.54,55.79,53.0,55.54,5500
2023-08-10,55.54,55.62,55.54,55.62,3000
2023-08-11,55.62,55.62,53.51,55.62,4274
2023-08-14,55.45,55.71,55.37,55.71,14006
2023-08-15,55.79,55.79,55.54,55.62,3900
2023-08-16,55.54,55.79,54.52,54.52,1234
2023-08-17,52.5,55.03,52.5,54.95,8447
2023-08-18,54.95,54.95,54.95,54.95,30
2023-08-21,54.69,54.69,53.26,53.26,2100
2023-08-22,51.74,52.83,51.74,52.83,1900
2023-08-23,53.26,54.1,53.26,54.1,2900
2023-08-24,54.1,54.1,54.1,54.1,1400
2023-08-25,54.1,54.1,54.1,54.1,0
2023-08-28,54.95,54.95,54.95,54.95,300
2023-08-29,55.79,58.75,55.79,58.33,4926
2023-08-30,58.33,58.75,58.33,58.75,2348
2023-08-31,58.92,59.26,58.84,59.26,2460
2023-09-05,58.33,61.29,58.33,60.44,3946
2023-09-06,60.44,60.44,60.44,60.44,2062
2023-09-07,60.02,60.02,60.02,60.02,700
2023-09-08,60.11,60.28,60.11,60.28,801
2023-09-11,60.37,60.37,60.37,60.37,2341
2023-09-12,59.59,60.02,59.15,60.02,436
2023-09-13,59.15,60.02,56.54,60.02,904
2023-09-14,59.15,59.15,59.15,59.15,919
2023-09-15,59.15,59.15,57.85,57.85,1210
2023-09-18,59.93,59.93,59.93,59.93,110
2023-09-19,61.59,61.67,60.89,61.67,10208
2023-09-20,61.76,64.37,61.76,62.63,13913
2023-09-21,64.37,64.37,62.89,64.11,5608
2023-09-22,64.37,65.24,64.11,64.98,7315
2023-09-25,68.72,68.72,65.24,66.46,10032
2023-09-26,66.55,66.55,64.81,65.15,9857
2023-09-27,66.11,66.11,64.81,64.81,4100
2023-09-28,65.76,65.76,64.28,64.37,25703
2023-09-29,65.02,65.02,64.47,64.56,3103
2023-10-02,64.37,64.37,63.45,63.45,2036
2023-10-03,62.53,62.53,60.05,62.53,8400
2023-10-04,62.44,62.53,62.44,62.53,2320
2023-10-05,62.99,62.99,61.43,61.43,3600
2023-10-06,61.62,62.07,61.62,61.62,1120
2023-10-09,62.07,62.53,62.07,62.35,2843
2023-10-10,62.35,62.35,62.35,62.35,3201
2023-10-11,62.35,62.35,61.8,61.8,3024
2023-10-12,62.26,62.35,62.26,62.35,2343
2023-10-13,62.35,62.35,62.35,62.35,1101
2023-10-16,61.62,62.26,61.62,62.17,1103
2023-10-17,62.17,62.17,62.07,62.07,4329
2023-10-18,61.71,61.71,61.62,61.62,2809
2023-10-19,61.62,61.62,61.16,61.16,1303
2023-10-20,61.16,61.62,60.7,61.16,2700
2023-10-23,60.97,61.62,60.88,61.16,800
2023-10-24,61.62,61.62,61.43,61.52,906
2023-10-25,61.52,61.62,61.52,61.52,801
2023-10-26,61.62,61.62,59.78,61.34,2200
2023-10-27,61.34,61.34,61.34,61.34,0
2023-10-30,61.16,61.62,61.16,61.16,307
2023-10-31,61.06,61.06,59.78,60.51,1615
2023-11-01,59.78,61.43,58.86,61.43,1301
2023-11-02,61.43,61.43,61.16,61.25,801
2023-11-03,61.71,64.37,61.16,61.52,33702
2023-11-06,65.29,65.29,61.62,61.62,13205
2023-11-07,65.75,65.75,61.62,62.53,6081
2023-11-08,62.9,63.45,62.9,63.45,4800
2023-11-09,63.45,63.45,61.62,63.36,17615
2023-11-10,62.53,63.45,62.53,63.36,5705
2023-11-13,61.98,64.01,61.62,62.99,13703
2023-11-14,63.45,63.45,60.88,62.07,13100
2023-11-15,62.07,62.99,62.07,62.44,4601
2023-11-16,62.53,62.53,62.07,62.44,6510
2023-11-17,62.44,62.44,62.07,62.17,6659
2023-11-20,62.17,62.72,62.17,62.53,6463
2023-11-21,62.53,63.64,62.07,63.64,28200
2023-11-22,64.01,64.56,63.45,63.91,74130
2023-11-23,64.2,64.39,63.82,63.82,15300
2023-11-24,63.82,65.34,63.44,64.2,10801
2023-11-27,63.35,64.2,63.35,64.11,5501
2023-11-28,63.16,63.16,62.78,62.97,8141
2023-11-29,63.92,63.92,62.31,63.35,18900
2023-11-30,63.16,63.44,62.4,62.4,7301
2023-12-01,62.5,62.97,62.5,62.97,1201
2023-12-04,62.97,63.35,62.78,63.16,4908
2023-12-05,63.44,63.44,62.97,63.16,8000
2023-12-06,63.16,63.44,63.06,63.35,5700
2023-12-07,63.44,63.44,62.97,63.25,8615
2023-12-08,63.35,63.44,63.25,63.25,3006
2023-12-11,63.35,63.44,63.06,63.06,8901
2023-12-12,63.44,63.44,63.06,63.44,2103
2023-12-13,63.44,63.44,62.97,63.35,2700
2023-12-14,62.97,63.35,62.97,63.35,702
2023-12-15,63.35,63.35,63.06,63.06,1822
2023-12-18,63.06,63.44,62.87,62.87,900
2023-12-19,62.59,62.87,62.5,62.87,1502
2023-12-20,63.44,63.44,63.35,63.44,1901
2023-12-21,63.35,63.35,63.35,63.35,349
2023-12-22,63.35,63.44,62.97,63.44,3301
2023-12-25,63.44,65.34,63.44,64.39,7626
2023-12-26,65.34,65.34,64.39,64.39,5700
2023-12-27,64.39,64.39,64.11,64.39,2330
2023-12-28,64.39,64.58,64.29,64.58,5200
2023-12-29,64.58,64.58,64.58,64.58,200
2024-01-02,63.44,64.48,63.44,64.48,1903
2024-01-03,64.39,65.43,64.29,65.43,4400
2024-01-04,65.43,66.09,65.15,66.09,6551
2024-01-05,65.53,66.19,65.34,66.0,4100
2024-01-08,66.0,67.23,61.45,67.14,6601
2024-01-09,65.34,66.95,65.34,66.76,25111
2024-01-10,64.48,66.28,64.48,66.28,5801
2024-01-11,66.28,66.28,65.81,66.28,11909
2024-01-12,65.53,66.28,65.34,66.19,11800
2024-01-15,66.57,66.76,65.81,66.09,1800
2024-01-16,66.09,66.09,65.43,66.0,500
2024-01-17,66.0,66.28,65.53,66.28,4700
2024-01-18,66.28,66.28,66.0,66.0,2610
2024-01-19,66.0,66.76,66.0,66.19,10201
2024-01-22,66.19,66.76,65.81,66.76,1504
2024-01-23,66.66,66.66,66.0,66.66,7900
2024-01-24,66.66,66.66,66.66,66.66,10
2024-01-25,66.66,66.76,66.66,66.66,2402
2024-01-26,66.76,66.95,66.38,66.76,1756
2024-01-29,66.28,66.47,66.28,66.47,1802
2024-01-30,66.57,67.14,66.57,67.04,2842
2024-01-31,66.57,67.04,66.57,67.04,301
2024-02-01,66.76,67.23,65.34,67.23,20200
2024-02-02,66.28,67.23,63.44,67.23,2604
2024-02-05,67.14,67.14,66.66,66.85,2001
2024-02-06,66.76,66.85,66.0,66.09,30438
2024-02-07,66.19,66.85,66.09,66.85,4703
2024-02-15,67.23,67.23,66.57,67.04,3231
2024-02-16,66.57,67.14,66.57,67.14,2717
2024-02-19,67.14,67.14,65.34,67.14,6500
2024-02-20,66.0,67.14,65.81,66.38,6148
2024-02-21,66.28,67.23,66.28,66.28,2000
2024-02-22,66.38,66.47,66.28,66.47,1519
2024-02-23,66.47,66.76,66.28,66.28,701
2024-02-26,66.28,67.23,66.28,67.23,4400
2024-02-27,67.23,67.23,67.14,67.14,1201
2024-02-28,65.81,67.32,65.81,67.23,3910
2024-02-29,66.47,66.47,66.47,66.47,204
2024-03-01,67.23,67.23,66.28,66.76,23305
2024-03-04,65.9,69.03,65.9,68.18,2000
2024-03-05,66.38,67.23,66.38,67.23,2547
2024-03-06,67.23,67.23,67.23,67.23,4804
2024-03-07,67.32,67.61,67.32,67.61,6102
2024-03-08,67.61,67.61,67.42,67.61,2708
2024-03-11,70.45,70.45,68.18,69.12,2335
2024-03-12,68.93,70.54,68.93,70.54,3323
2024-03-13,69.12,70.07,68.18,69.12,3230
2024-03-14,69.12,69.22,69.12,69.22,3221
2024-03-15,69.22,69.22,69.22,69.22,171
2024-03-18,70.07,70.07,68.08,68.18,8319
2024-03-19,70.07,70.07,70.07,70.07,127
2024-03-20,70.07,70.17,70.07,70.07,5524
2024-03-21,70.26,70.45,70.07,70.45,2015
2024-03-22,70.64,70.92,70.54,70.83,600
2024-03-25,72.82,72.91,71.11,71.96,6809
2024-03-26,68.65,73.86,68.65,73.86,1202
2024-03-27,73.86,73.86,72.91,73.86,4203
2024-03-28,73.86,74.33,73.86,74.33,5711
2024-03-29,74.71,74.71,71.96,74.33,3279
2024-04-01,74.33,75.75,74.33,74.33,8001
2024-04-02,72.91,74.33,72.91,74.33,1707
2024-04-03,74.24,74.24,73.29,73.29,3250
2024-04-04,73.86,74.33,72.91,74.24,1370
2024-04-05,74.24,74.33,74.24,74.33,903
2024-04-08,72.91,74.33,70.26,72.63,9465
2024-04-09,76.6,76.6,72.25,72.25,802
2024-04-10,71.96,71.96,67.32,69.03,18701
2024-04-11,68.65,68.65,65.81,67.23,12900
2024-04-12,67.14,68.08,67.14,67.23,12454
2024-04-15,67.7,67.7,66.19,66.19,3417
2024-04-16,66.19,66.19,65.34,65.62,1633
2024-04-17,65.81,65.9,65.81,65.81,2019
2024-04-19,65.81,66.57,64.86,66.57,8037
2024-04-22,66.28,66.28,65.81,66.28,900
2024-04-23,65.34,66.28,65.05,65.05,4963
2024-04-24,66.28,67.23,65.81,67.14,2166
2024-04-25,66.57,67.23,66.38,66.38,1696
2024-04-26,66.38,67.8,66.28,67.8,6597
2024-05-02,67.8,68.18,67.23,68.18,4064
2024-05-03,68.18,68.18,67.89,67.89,5954
2024-05-06,66.0,67.23,66.0,66.19,25831
2024-05-07,66.28,67.23,66.28,66.76,6455
2024-05-08,68.93,69.03,67.51,68.18,21653
2024-05-09,69.12,69.12,67.8,68.37,8113
2024-05-10,68.27,68.27,67.7,67.8,6621
2024-05-13,68.18,69.12,68.18,68.74,12441
2024-05-14,69.12,69.6,69.12,69.41,16540
2024-05-15,70.73,74.24,70.73,71.68,46466
2024-05-16,71.78,73.86,71.4,71.4,20941
2024-05-17,74.9,74.9,71.5,72.5,7702
2024-05-20,72.1,72.1,69.8,70.5,30227
2024-05-21,70.5,70.9,70.0,70.9,8600
2024-05-22,70.8,70.8,66.0,67.2,64894
2024-05-23,67.9,69.1,67.9,69.1,18930
2024-05-24,69.2,70.7,68.8,69.0,15507
2024-05-27,68.5,69.8,68.5,69.2,4100
2024-05-28,69.2,69.4,69.2,69.2,10625
2024-05-29,69.1,69.9,68.9,69.4,12905
2024-05-30,69.0,69.3,68.8,68.8,9301
2024-05-31,68.8,69.7,68.8,69.0,3100
2024-06-03,69.0,69.2,68.7,68.9,12308
2024-06-04,68.4,69.2,68.1,69.0,19300
2024-06-05,69.2,69.5,69.0,69.0,3600
2024-06-06,69.0,69.5,68.9,69.0,5727
2024-06-07,69.0,69.5,69.0,69.5,8300
2024-06-10,69.4,71.0,69.4,71.0,40244
2024-06-11,71.5,72.4,71.5,72.0,43653
2024-06-12,72.0,72.4,72.0,72.0,5302
2024-06-13,72.0,72.4,70.2,72.0,26199
2024-06-14,70.2,72.5,70.2,72.0,20079
2024-06-17,72.0,72.2,71.5,72.0,18947
2024-06-18,72.0,72.2,71.5,72.2,7891
2024-06-19,72.0,72.1,71.5,72.0,17914
2024-06-20,72.0,72.0,69.3,71.0,23161
2024-06-21,71.0,72.0,71.0,71.5,46392
2024-06-24,69.3,72.0,69.3,70.1,29832
2024-06-25,70.0,70.5,70.0,70.5,2324
2024-06-26,71.0,71.0,65.6,70.0,7660
2024-06-27,69.0,69.4,68.0,69.1,20219
2024-06-28,68.2,69.5,68.2,69.5,5033
2024-07-01,69.1,69.5,69.0,69.5,27200
2024-07-02,69.3,70.0,69.2,70.0,6469
2024-07-03,69.0,70.0,69.0,70.0,7517
2024-07-04,69.5,70.0,69.2,70.0,10317
2024-07-05,69.2,70.0,69.0,69.5,11009
2024-07-08,69.0,70.0,69.0,69.9,39305
2024-07-09,69.0,70.0,69.0,69.5,10384
2024-07-10,69.0,69.2,69.0,69.2,2437
2024-07-11,70.0,70.9,69.3,70.9,11007
2024-07-12,70.6,70.9,69.5,70.9,5729
2024-07-15,69.0,70.9,69.0,69.5,6866
2024-07-16,69.3,69.3,69.1,69.3,2386
2024-07-17,68.0,71.0,68.0,69.9,11873
