time,open,high,low,close,volume
2017-10-25,11.44,0.0,0.0,0.0,0
2017-10-26,11.44,11.44,11.44,11.44,0
2017-10-27,11.44,11.44,11.44,11.44,0
2017-10-30,11.44,11.44,11.44,11.44,0
2017-10-31,11.44,11.44,11.44,11.44,0
2017-11-01,11.44,11.44,11.44,11.44,0
2017-11-02,11.44,11.44,11.44,11.44,0
2017-11-03,11.44,11.44,11.44,11.44,0
2017-11-06,11.44,11.44,11.44,11.44,0
2017-11-07,11.44,11.44,11.44,11.44,0
2017-11-08,11.44,11.44,11.44,11.44,0
2017-11-09,11.44,11.44,11.44,11.44,0
2017-11-10,11.44,11.44,11.44,11.44,0
2017-11-13,11.44,11.44,11.44,11.44,0
2017-11-14,11.44,11.44,11.44,11.44,0
2017-11-15,11.44,11.44,11.44,11.44,0
2017-11-16,11.44,11.44,11.44,11.44,0
2017-11-17,11.44,11.44,11.44,11.44,0
2017-11-20,11.44,11.44,11.44,11.44,0
2017-11-21,11.44,11.44,11.44,11.44,0
2017-11-22,11.44,11.44,11.44,11.44,0
2017-11-23,11.44,11.44,11.44,11.44,0
2017-11-24,11.44,11.44,11.44,11.44,0
2017-11-27,11.44,11.44,11.44,11.44,0
2017-11-28,11.44,11.44,11.44,11.44,0
2017-11-29,11.44,11.44,11.44,11.44,0
2017-11-30,11.44,11.44,11.44,11.44,0
2017-12-01,11.44,11.44,11.44,11.44,0
2017-12-04,11.44,11.44,11.44,11.44,0
2017-12-05,11.44,11.44,11.44,11.44,0
2017-12-06,11.44,11.44,11.44,11.44,0
2017-12-07,11.44,11.44,11.44,11.44,0
2017-12-08,11.44,11.44,11.44,11.44,0
2017-12-11,11.44,11.44,11.44,11.44,0
2017-12-12,11.44,11.44,11.44,11.44,0
2017-12-13,11.44,11.44,11.44,11.44,0
2017-12-14,11.44,11.44,11.44,11.44,0
2017-12-15,11.44,11.44,11.44,11.44,0
2017-12-18,11.44,11.44,11.44,11.44,0
2017-12-19,11.44,11.44,11.44,11.44,0
2017-12-20,11.44,11.44,11.44,11.44,0
2017-12-21,11.44,11.44,11.44,11.44,0
2017-12-22,11.44,11.44,11.44,11.44,0
2017-12-25,11.44,11.44,11.44,11.44,0
2017-12-26,11.44,11.44,11.44,11.44,0
2017-12-27,11.44,11.44,11.44,11.44,0
2017-12-28,11.44,11.44,11.44,11.44,0
2017-12-29,11.44,11.44,11.44,11.44,0
2018-01-02,11.44,11.44,11.44,11.44,0
2018-01-03,11.44,11.44,11.44,11.44,0
2018-01-04,11.44,11.44,11.44,11.44,0
2018-01-05,11.44,11.44,11.44,11.44,0
2018-01-08,11.44,11.44,11.44,11.44,0
2018-01-09,11.44,11.44,11.44,11.44,0
2018-01-10,11.44,11.44,11.44,11.44,0
2018-01-11,11.44,11.44,11.44,11.44,0
2018-01-12,11.44,11.44,11.44,11.44,0
2018-01-15,11.44,11.44,11.44,11.44,0
2018-01-16,11.44,11.44,11.44,11.44,0
2018-01-17,11.44,11.44,11.44,11.44,0
2018-01-18,11.44,11.44,11.44,11.44,0
2018-01-19,11.44,11.44,11.44,11.44,0
2018-01-22,11.44,11.44,11.44,11.44,0
2018-01-23,11.44,11.44,11.44,11.44,0
2018-01-24,11.44,11.44,11.44,11.44,0
2018-01-25,11.44,11.44,11.44,11.44,0
2018-01-26,11.44,11.44,11.44,11.44,0
2018-01-29,11.44,11.44,11.44,11.44,0
2018-01-30,11.44,11.44,11.44,11.44,0
2018-01-31,11.44,11.44,11.44,11.44,0
2018-02-01,11.44,11.44,11.44,11.44,0
2018-02-02,11.44,11.44,11.44,11.44,0
2018-02-05,11.44,11.44,11.44,11.44,0
2018-02-06,11.44,11.44,11.44,11.44,0
2018-02-07,11.44,11.44,11.44,11.44,0
2018-02-08,11.44,11.44,11.44,11.44,0
2018-02-09,11.44,11.44,11.44,11.44,0
2018-02-12,11.44,11.44,11.44,11.44,0
2018-02-13,11.44,11.44,11.44,11.44,0
2018-02-21,11.44,11.44,11.44,11.44,0
2018-02-22,11.44,11.44,11.44,11.44,0
2018-02-23,11.44,11.44,11.44,11.44,0
2018-02-26,11.44,11.44,11.44,11.44,0
2018-02-27,11.44,11.44,11.44,11.44,0
2018-02-28,11.44,11.44,11.44,11.44,0
2018-03-01,11.44,11.44,11.44,11.44,0
2018-03-02,11.44,11.44,11.44,11.44,0
2018-03-05,11.44,11.44,11.44,11.44,0
2018-03-06,11.44,11.44,11.44,11.44,0
2018-03-07,11.44,11.44,11.44,11.44,0
2018-03-08,11.44,11.44,11.44,11.44,0
2018-03-09,11.44,11.44,11.44,11.44,0
2018-03-12,11.44,11.44,11.44,11.44,0
2018-03-13,11.44,11.44,11.44,11.44,0
2018-03-14,11.44,11.44,11.44,11.44,0
2018-03-15,11.44,11.44,11.44,11.44,0
2018-03-16,11.44,11.44,11.44,11.44,0
2018-03-19,11.44,11.44,11.44,11.44,0
2018-03-20,11.44,11.44,11.44,11.44,0
2018-03-21,11.44,11.44,11.44,11.44,0
2018-03-22,11.44,11.44,11.44,11.44,0
2018-03-23,11.44,11.44,11.44,11.44,0
2018-03-26,11.44,11.44,11.44,11.44,0
2018-03-27,11.44,11.44,11.44,11.44,0
2018-03-28,11.44,11.44,11.44,11.44,0
2018-03-29,11.44,11.44,11.44,11.44,0
2018-03-30,11.44,11.44,11.44,11.44,0
2018-04-02,11.44,11.44,11.44,11.44,0
2018-04-03,11.44,11.44,11.44,11.44,0
2018-04-04,11.44,11.44,11.44,11.44,0
2018-04-05,11.44,11.44,11.44,11.44,0
2018-04-06,11.44,11.44,11.44,11.44,0
2018-04-09,11.44,11.44,11.44,11.44,0
2018-04-10,11.44,11.44,11.44,11.44,0
2018-04-11,11.44,11.44,11.44,11.44,0
2018-04-12,11.44,11.44,11.44,11.44,0
2018-04-13,11.44,11.44,11.44,11.44,0
2018-04-16,11.44,11.44,11.44,11.44,0
2018-04-17,11.44,11.44,11.44,11.44,0
2018-04-18,11.44,11.44,11.44,11.44,0
2018-04-19,11.44,11.44,11.44,11.44,0
2018-04-20,11.44,11.44,11.44,11.44,0
2018-04-23,11.44,11.44,11.44,11.44,0
2018-04-24,11.44,11.44,11.44,11.44,0
2018-04-26,11.44,11.44,11.44,11.44,0
2018-04-27,11.44,11.44,11.44,11.44,0
2018-05-02,11.44,11.44,11.44,11.44,0
2018-05-03,11.44,11.44,11.44,11.44,0
2018-05-04,11.44,11.44,11.44,11.44,0
2018-05-07,11.44,11.44,11.44,11.44,0
2018-05-08,11.44,11.44,11.44,11.44,0
2018-05-09,11.44,11.44,11.44,11.44,0
2018-05-10,11.44,11.44,11.44,11.44,0
2018-05-11,11.44,11.44,11.44,11.44,0
2018-05-14,11.44,11.44,11.44,11.44,0
2018-05-15,11.44,11.44,11.44,11.44,0
2018-05-16,11.44,11.44,11.44,11.44,0
2018-05-17,11.44,11.44,11.44,11.44,0
2018-05-18,11.44,11.44,11.44,11.44,0
2018-05-21,11.44,11.44,11.44,11.44,0
2018-05-22,11.44,11.44,11.44,11.44,0
2018-05-23,11.44,11.44,11.44,11.44,0
2018-05-24,11.44,11.44,11.44,11.44,0
2018-05-25,11.44,11.44,11.44,11.44,0
2018-05-28,11.44,11.44,11.44,11.44,0
2018-05-29,11.44,11.44,11.44,11.44,0
2018-05-30,11.44,11.44,11.44,11.44,0
2018-05-31,11.44,11.44,11.44,11.44,0
2018-06-01,11.44,11.44,11.44,11.44,0
2018-06-04,11.44,11.44,11.44,11.44,0
2018-06-05,11.44,11.44,11.44,11.44,0
2018-06-06,11.44,11.44,11.44,11.44,0
2018-06-07,11.44,11.44,11.44,11.44,0
2018-06-08,11.44,11.44,11.44,11.44,0
2018-06-11,11.44,11.44,11.44,11.44,0
2018-06-12,11.44,11.44,11.44,11.44,0
2018-06-13,11.44,11.44,11.44,11.44,0
2018-06-14,11.44,11.44,11.44,11.44,0
2018-06-15,11.44,11.44,11.44,11.44,0
2018-06-18,11.44,11.44,11.44,11.44,0
2018-06-19,11.44,11.44,11.44,11.44,0
2018-06-20,11.44,11.44,11.44,11.44,0
2018-06-21,11.44,11.44,11.44,11.44,0
2018-06-22,11.44,11.44,11.44,11.44,0
2018-06-25,11.44,11.44,11.44,11.44,0
2018-06-26,11.44,11.44,11.44,11.44,0
2018-06-27,11.44,11.44,11.44,11.44,0
2018-06-28,11.44,11.44,11.44,11.44,0
2018-06-29,11.44,11.44,11.44,11.44,0
2018-07-02,11.44,11.44,11.44,11.44,0
2018-07-03,11.44,11.44,11.44,11.44,0
2018-07-04,11.44,11.44,11.44,11.44,0
2018-07-05,11.44,11.44,11.44,11.44,0
2018-07-06,11.44,11.44,11.44,11.44,0
2018-07-09,11.44,11.44,11.44,11.44,0
2018-07-10,11.44,11.44,11.44,11.44,0
2018-07-11,11.44,11.44,11.44,11.44,0
2018-07-12,11.44,11.44,11.44,11.44,0
2018-07-13,11.44,11.44,11.44,11.44,0
2018-07-16,11.44,11.44,11.44,11.44,0
2018-07-17,11.44,11.44,11.44,11.44,0
2018-07-18,11.44,11.44,11.44,11.44,0
2018-07-19,11.44,11.44,11.44,11.44,0
2018-07-20,11.44,11.44,11.44,11.44,0
2018-07-23,11.44,11.44,11.44,11.44,0
2018-07-24,11.44,11.44,11.44,11.44,0
2018-07-25,11.44,11.44,11.44,11.44,0
2018-07-26,11.44,11.44,11.44,11.44,0
2018-07-27,11.44,11.44,11.44,11.44,0
2018-07-30,11.44,11.44,11.44,11.44,0
2018-07-31,11.44,11.44,11.44,11.44,0
2018-08-01,11.44,11.44,11.44,11.44,0
2018-08-02,11.44,11.44,11.44,11.44,0
2018-08-03,11.44,11.44,11.44,11.44,0
2018-08-06,11.44,11.44,11.44,11.44,0
2018-08-07,11.44,11.44,11.44,11.44,0
2018-08-08,11.44,11.44,11.44,11.44,0
2018-08-09,11.44,11.44,11.44,11.44,0
2018-08-10,11.44,11.44,11.44,11.44,0
2018-08-13,11.44,11.44,11.44,11.44,0
2018-08-14,11.44,11.44,11.44,11.44,0
2018-08-15,11.44,11.44,11.44,11.44,0
2018-08-16,11.44,11.44,11.44,11.44,0
2018-08-17,11.44,11.44,11.44,11.44,0
2018-08-20,11.44,11.44,11.44,11.44,0
2018-08-21,11.44,11.44,11.44,11.44,0
2018-08-22,11.44,11.44,11.44,11.44,0
2018-08-23,11.44,11.44,11.44,11.44,0
2018-08-24,11.44,11.44,11.44,11.44,0
2018-08-27,11.44,11.44,11.44,11.44,0
2018-08-28,11.44,11.44,11.44,11.44,0
2018-08-29,11.44,11.44,11.44,11.44,0
2018-08-30,11.44,11.44,11.44,11.44,0
2018-08-31,11.44,11.44,11.44,11.44,0
2018-09-04,11.44,11.44,11.44,11.44,0
2018-09-05,11.44,11.44,11.44,11.44,0
2018-09-06,11.44,11.44,11.44,11.44,0
2018-09-07,11.44,11.44,11.44,11.44,0
2018-09-10,11.44,11.44,11.44,11.44,0
2018-09-11,11.44,11.44,11.44,11.44,0
2018-09-12,11.44,11.44,11.44,11.44,0
2018-09-13,11.44,11.44,11.44,11.44,0
2018-09-14,11.44,11.44,11.44,11.44,0
2018-09-17,11.44,11.44,11.44,11.44,0
2018-09-18,11.44,11.44,11.44,11.44,0
2018-09-19,11.44,11.44,11.44,11.44,0
2018-09-20,11.44,11.44,11.44,11.44,0
2018-09-21,11.44,11.44,11.44,11.44,0
2018-09-24,11.44,11.44,11.44,11.44,0
2018-09-25,11.44,11.44,11.44,11.44,0
2018-09-26,11.44,11.44,11.44,11.44,0
2018-09-27,11.44,11.44,11.44,11.44,0
2018-09-28,11.44,11.44,11.44,11.44,0
2018-10-01,11.44,11.44,11.44,11.44,0
2018-10-02,11.44,11.44,11.44,11.44,0
2018-10-03,11.44,11.44,11.44,11.44,0
2018-10-04,11.44,11.44,11.44,11.44,0
2018-10-05,11.44,11.44,11.44,11.44,0
2018-10-08,11.44,11.44,11.44,11.44,0
2018-10-09,11.44,11.44,11.44,11.44,0
2018-10-10,11.44,11.44,11.44,11.44,0
2018-10-11,11.44,11.44,11.44,11.44,0
2018-10-12,11.44,11.44,11.44,11.44,0
2018-10-15,11.44,11.44,11.44,11.44,0
2018-10-16,11.44,11.44,11.44,11.44,0
2018-10-17,11.44,11.44,11.44,11.44,0
2018-10-18,11.44,11.44,11.44,11.44,0
2018-10-19,11.44,11.44,11.44,11.44,0
2018-10-22,11.44,11.44,11.44,11.44,0
2018-10-23,11.44,11.44,11.44,11.44,0
2018-10-24,11.44,11.44,11.44,11.44,0
2018-10-25,11.44,11.44,11.44,11.44,0
2018-10-26,11.44,11.44,11.44,11.44,0
2018-10-29,11.44,11.44,11.44,11.44,0
2018-10-30,11.44,11.44,11.44,11.44,0
2018-10-31,11.44,11.44,11.44,11.44,0
2018-11-01,11.44,11.44,11.44,11.44,0
2018-11-02,11.44,11.44,11.44,11.44,0
2018-11-05,11.44,11.44,11.44,11.44,0
2018-11-06,11.44,11.44,11.44,11.44,0
2018-11-07,11.44,11.44,11.44,11.44,0
2018-11-08,11.44,11.44,11.44,11.44,0
2018-11-09,11.44,11.44,11.44,11.44,0
2018-11-12,11.44,11.44,11.44,11.44,0
2018-11-13,11.44,11.44,11.44,11.44,0
2018-11-14,11.44,11.44,11.44,11.44,0
2018-11-15,11.44,11.44,11.44,11.44,0
2018-11-16,11.44,11.44,11.44,11.44,0
2018-11-19,11.44,11.44,11.44,11.44,0
2018-11-20,11.44,11.44,11.44,11.44,0
2018-11-21,11.44,11.44,11.44,11.44,0
2018-11-22,11.44,11.44,11.44,11.44,0
2018-11-23,11.44,11.44,11.44,11.44,0
2018-11-26,11.44,11.44,11.44,11.44,0
2018-11-27,11.44,11.44,11.44,11.44,0
2018-11-28,11.44,11.44,11.44,11.44,0
2018-11-29,11.44,11.44,11.44,11.44,0
2018-11-30,11.44,11.44,11.44,11.44,0
2018-12-03,11.44,11.44,11.44,11.44,0
2018-12-04,11.44,11.44,11.44,11.44,0
2018-12-05,11.44,11.44,11.44,11.44,0
2018-12-06,11.44,11.44,11.44,11.44,0
2018-12-07,11.44,11.44,11.44,11.44,0
2018-12-10,11.44,11.44,11.44,11.44,0
2018-12-11,11.44,11.44,11.44,11.44,0
2018-12-12,11.44,11.44,11.44,11.44,0
2018-12-13,11.44,11.44,11.44,11.44,0
2018-12-14,11.44,11.44,11.44,11.44,0
2018-12-17,11.44,11.44,11.44,11.44,0
2018-12-18,11.44,11.44,11.44,11.44,0
2018-12-19,11.44,11.44,11.44,11.44,0
2018-12-20,11.44,11.44,11.44,11.44,0
2018-12-21,11.44,11.44,11.44,11.44,0
2018-12-24,11.44,11.44,11.44,11.44,0
2018-12-25,11.44,11.44,11.44,11.44,0
2018-12-26,11.44,11.44,11.44,11.44,0
2018-12-27,11.44,11.44,11.44,11.44,0
2018-12-28,11.44,11.44,11.44,11.44,0
2019-01-02,11.44,11.44,11.44,11.44,0
2019-01-03,11.44,11.44,11.44,11.44,0
2019-01-04,11.44,11.44,11.44,11.44,0
2019-01-07,11.44,11.44,11.44,11.44,0
2019-01-08,11.44,11.44,11.44,11.44,0
2019-01-09,11.44,11.44,11.44,11.44,0
2019-01-10,11.44,11.44,11.44,11.44,0
2019-01-11,11.44,11.44,11.44,11.44,0
2019-01-14,11.44,11.44,11.44,11.44,0
2019-01-15,11.44,11.44,11.44,11.44,0
2019-01-16,11.44,11.44,11.44,11.44,0
2019-01-17,11.44,11.44,11.44,11.44,0
2019-01-18,11.44,11.44,11.44,11.44,0
2019-01-21,11.44,11.44,11.44,11.44,0
2019-01-22,11.44,11.44,11.44,11.44,0
2019-01-23,11.44,11.44,11.44,11.44,0
2019-01-24,11.44,11.44,11.44,11.44,0
2019-01-25,11.44,11.44,11.44,11.44,0
2019-01-28,11.44,11.44,11.44,11.44,0
2019-01-29,11.44,11.44,11.44,11.44,0
2019-01-30,11.44,11.44,11.44,11.44,0
2019-01-31,11.44,11.44,11.44,11.44,0
2019-02-01,11.44,11.44,11.44,11.44,0
2019-02-11,11.44,11.44,11.44,11.44,0
2019-02-12,11.44,11.44,11.44,11.44,0
2019-02-13,11.44,11.44,11.44,11.44,0
2019-02-14,11.44,11.44,11.44,11.44,0
2019-02-15,11.44,11.44,11.44,11.44,0
2019-02-18,11.44,11.44,11.44,11.44,0
2019-02-19,11.44,11.44,11.44,11.44,0
2019-02-20,11.44,11.44,11.44,11.44,0
2019-02-21,11.44,11.44,11.44,11.44,0
2019-02-22,11.44,11.44,11.44,11.44,0
2019-02-25,11.44,11.44,11.44,11.44,0
2019-02-26,11.44,11.44,11.44,11.44,0
2019-02-27,11.44,11.44,11.44,11.44,0
2019-02-28,11.44,11.44,11.44,11.44,0
2019-03-01,11.44,11.44,11.44,11.44,0
2019-03-04,11.44,11.44,11.44,11.44,0
2019-03-05,11.44,11.44,11.44,11.44,0
2019-03-06,11.44,11.44,11.44,11.44,0
2019-03-07,11.44,11.44,11.44,11.44,0
2019-03-08,11.44,11.44,11.44,11.44,0
2019-03-11,11.44,11.44,11.44,11.44,0
2019-03-12,11.44,11.44,11.44,11.44,0
2019-03-13,11.44,11.44,11.44,11.44,0
2019-03-14,11.44,11.44,11.44,11.44,0
2019-03-15,11.44,11.44,11.44,11.44,0
2019-03-18,11.44,11.44,11.44,11.44,0
2019-03-19,11.44,11.44,11.44,11.44,0
2019-03-20,11.44,11.44,11.44,11.44,0
2019-03-21,11.44,11.44,11.44,11.44,0
2019-03-22,11.44,11.44,11.44,11.44,0
2019-03-25,11.44,11.44,11.44,11.44,0
2019-03-26,11.44,11.44,11.44,11.44,0
2019-03-27,11.44,11.44,11.44,11.44,0
2019-03-28,11.44,11.44,11.44,11.44,0
2019-03-29,11.44,11.44,11.44,11.44,0
2019-04-01,11.44,11.44,11.44,11.44,0
2019-04-02,11.44,11.44,11.44,11.44,0
2019-04-03,11.44,11.44,11.44,11.44,0
2019-04-04,11.44,11.44,11.44,11.44,0
2019-04-05,11.44,11.44,11.44,11.44,0
2019-04-08,11.44,11.44,11.44,11.44,0
2019-04-09,11.44,11.44,11.44,11.44,0
2019-04-10,11.44,11.44,11.44,11.44,0
2019-04-11,11.44,11.44,11.44,11.44,0
2019-04-12,11.44,11.44,11.44,11.44,0
2019-04-16,11.44,11.44,11.44,11.44,0
2019-04-17,11.44,11.44,11.44,11.44,0
2019-04-18,11.44,11.44,11.44,11.44,0
2019-04-19,11.44,11.44,11.44,11.44,0
2019-04-22,11.44,11.44,11.44,11.44,0
2019-04-23,11.44,11.44,11.44,11.44,0
2019-04-24,11.44,11.44,11.44,11.44,0
2019-04-25,11.44,11.44,11.44,11.44,0
2019-04-26,11.44,11.44,11.44,11.44,0
2019-05-02,11.44,11.44,11.44,11.44,0
2019-05-03,11.44,11.44,11.44,11.44,0
2019-05-06,11.44,11.44,11.44,11.44,0
2019-05-07,11.44,11.44,11.44,11.44,0
2019-05-08,11.44,11.44,11.44,11.44,0
2019-05-09,11.44,11.44,11.44,11.44,0
2019-05-10,11.44,11.44,11.44,11.44,0
2019-05-13,11.44,11.44,11.44,11.44,0
2019-05-14,11.44,11.44,11.44,11.44,0
2019-05-15,11.44,11.44,11.44,11.44,0
2019-05-16,11.44,11.44,11.44,11.44,0
2019-05-17,11.44,11.44,11.44,11.44,0
2019-05-20,11.44,11.44,11.44,11.44,0
2019-05-21,11.44,11.44,11.44,11.44,0
2019-05-22,11.44,11.44,11.44,11.44,0
2019-05-23,11.44,11.44,11.44,11.44,0
2019-05-24,11.44,11.44,11.44,11.44,0
2019-05-27,11.44,11.44,11.44,11.44,0
2019-05-28,11.44,11.44,11.44,11.44,0
2019-05-29,11.44,11.44,11.44,11.44,0
2019-05-30,11.44,11.44,11.44,11.44,0
2019-05-31,11.44,11.44,11.44,11.44,0
2019-06-03,11.44,11.44,11.44,11.44,0
2019-06-04,11.44,11.44,11.44,11.44,0
2019-06-05,11.44,11.44,11.44,11.44,0
2019-06-06,11.44,11.44,11.44,11.44,0
2019-06-07,11.44,11.44,11.44,11.44,0
2019-06-10,11.44,11.44,11.44,11.44,0
2019-06-11,11.44,11.44,11.44,11.44,0
2019-06-12,11.44,11.44,11.44,11.44,0
2019-06-13,11.44,11.44,11.44,11.44,0
2019-06-14,11.44,11.44,11.44,11.44,0
2019-06-17,11.44,11.44,11.44,11.44,0
2019-06-18,11.44,11.44,11.44,11.44,0
2019-06-19,11.44,11.44,11.44,11.44,0
2019-06-20,11.44,11.44,11.44,11.44,0
2019-06-21,11.44,11.44,11.44,11.44,0
2019-06-24,11.44,11.44,11.44,11.44,0
2019-06-25,11.44,11.44,11.44,11.44,0
2019-06-26,11.44,11.44,11.44,11.44,0
2019-06-27,11.44,11.44,11.44,11.44,0
2019-06-28,11.44,11.44,11.44,11.44,0
2019-07-01,11.44,11.44,11.44,11.44,0
2019-07-02,11.44,11.44,11.44,11.44,0
2019-07-03,11.44,11.44,11.44,11.44,0
2019-07-04,11.44,11.44,11.44,11.44,0
2019-07-05,11.44,11.44,11.44,11.44,0
2019-07-08,11.44,11.44,11.44,11.44,0
2019-07-09,11.44,11.44,11.44,11.44,0
2019-07-10,11.44,11.44,11.44,11.44,0
2019-07-11,11.44,11.44,11.44,11.44,0
2019-07-12,11.44,11.44,11.44,11.44,0
2019-07-15,11.44,11.44,11.44,11.44,0
2019-07-16,11.44,11.44,11.44,11.44,0
2019-07-17,11.44,11.44,11.44,11.44,0
2019-07-18,11.44,11.44,11.44,11.44,0
2019-07-19,11.44,11.44,11.44,11.44,0
2019-07-22,11.44,11.44,11.44,11.44,0
2019-07-23,11.44,11.44,11.44,11.44,0
2019-07-24,11.44,11.44,11.44,11.44,0
2019-07-25,11.44,11.44,11.44,11.44,0
2019-07-26,11.44,11.44,11.44,11.44,0
2019-07-29,11.44,11.44,11.44,11.44,0
2019-07-30,11.44,11.44,11.44,11.44,0
2019-07-31,11.44,11.44,11.44,11.44,0
2019-08-01,11.44,11.44,11.44,11.44,0
2019-08-02,11.44,11.44,11.44,11.44,0
2019-08-05,11.44,11.44,11.44,11.44,0
2019-08-06,11.44,11.44,11.44,11.44,0
2019-08-07,11.44,11.44,11.44,11.44,0
2019-08-08,11.44,11.44,11.44,11.44,0
2019-08-09,11.44,11.44,11.44,11.44,0
2019-08-12,11.44,11.44,11.44,11.44,0
2019-08-13,11.44,11.44,11.44,11.44,0
2019-08-14,11.44,11.44,11.44,11.44,0
2019-08-15,11.44,11.44,11.44,11.44,0
2019-08-16,11.44,11.44,11.44,11.44,0
2019-08-19,11.44,11.44,11.44,11.44,0
2019-08-20,11.44,11.44,11.44,11.44,0
2019-08-21,11.44,11.44,11.44,11.44,0
2019-08-22,11.44,11.44,11.44,11.44,0
2019-08-23,11.44,11.44,11.44,11.44,0
2019-08-26,11.44,11.44,11.44,11.44,0
2019-08-27,11.44,11.44,11.44,11.44,0
2019-08-28,11.44,11.44,11.44,11.44,0
2019-08-29,11.44,11.44,11.44,11.44,0
2019-08-30,11.44,11.44,11.44,11.44,0
2019-09-03,11.44,11.44,11.44,11.44,0
2019-09-04,11.44,11.44,11.44,11.44,0
2019-09-05,11.44,11.44,11.44,11.44,0
2019-09-06,11.44,11.44,11.44,11.44,0
2019-09-09,11.44,11.44,11.44,11.44,0
2019-09-10,11.44,11.44,11.44,11.44,0
2019-09-11,11.44,11.44,11.44,11.44,0
2019-09-12,11.44,11.44,11.44,11.44,0
2019-09-13,11.44,11.44,11.44,11.44,0
2019-09-16,11.44,11.44,11.44,11.44,0
2019-09-17,11.44,11.44,11.44,11.44,0
2019-09-18,11.44,11.44,11.44,11.44,0
2019-09-19,11.44,11.44,11.44,11.44,0
2019-09-20,11.44,11.44,11.44,11.44,0
2019-09-23,11.44,11.44,11.44,11.44,0
2019-09-24,11.44,11.44,11.44,11.44,0
2019-09-25,11.44,11.44,11.44,11.44,0
2019-09-26,11.44,11.44,11.44,11.44,0
2019-09-27,11.44,11.44,11.44,11.44,0
2019-09-30,11.44,11.44,11.44,11.44,0
2019-10-01,11.44,11.44,11.44,11.44,0
2019-10-02,11.44,11.44,11.44,11.44,0
2019-10-03,11.44,11.44,11.44,11.44,0
2019-10-04,11.44,11.44,11.44,11.44,0
2019-10-07,11.44,11.44,11.44,11.44,0
2019-10-08,11.44,11.44,11.44,11.44,0
2019-10-09,11.44,11.44,11.44,11.44,0
2019-10-10,11.44,11.44,11.44,11.44,0
2019-10-11,11.44,11.44,11.44,11.44,0
2019-10-14,11.44,11.44,11.44,11.44,0
2019-10-15,11.44,11.44,11.44,11.44,0
2019-10-16,11.44,11.44,11.44,11.44,0
2019-10-17,11.44,11.44,11.44,11.44,0
2019-10-18,11.44,11.44,11.44,11.44,0
2019-10-21,11.44,11.44,11.44,11.44,0
2019-10-22,11.44,11.44,11.44,11.44,0
2019-10-23,11.44,11.44,11.44,11.44,0
2019-10-24,11.44,11.44,11.44,11.44,0
2019-10-25,11.44,11.44,11.44,11.44,0
2019-10-28,11.44,11.44,11.44,11.44,0
2019-10-29,11.44,11.44,11.44,11.44,0
2019-10-30,11.44,11.44,11.44,11.44,0
2019-10-31,11.44,11.44,11.44,11.44,0
2019-11-01,11.44,11.44,11.44,11.44,0
2019-11-04,11.44,11.44,11.44,11.44,0
2019-11-05,11.44,11.44,11.44,11.44,0
2019-11-06,11.44,11.44,11.44,11.44,0
2019-11-07,11.44,11.44,11.44,11.44,0
2019-11-08,11.44,11.44,11.44,11.44,0
2019-11-11,11.44,11.44,11.44,11.44,0
2019-11-12,11.44,11.44,11.44,11.44,0
2019-11-13,11.44,11.44,11.44,11.44,0
2019-11-14,11.44,11.44,11.44,11.44,0
2019-11-15,11.44,11.44,11.44,11.44,0
2019-11-18,11.44,11.44,11.44,11.44,0
2019-11-19,11.44,11.44,11.44,11.44,0
2019-11-20,11.44,11.44,11.44,11.44,0
2019-11-21,11.44,11.44,11.44,11.44,0
2019-11-22,11.44,11.44,11.44,11.44,0
2019-11-25,11.44,11.44,11.44,11.44,0
2019-11-26,11.44,11.44,11.44,11.44,0
2019-11-27,11.44,11.44,11.44,11.44,0
2019-11-28,11.44,11.44,11.44,11.44,0
2019-11-29,11.44,11.44,11.44,11.44,0
2019-12-02,11.44,11.44,11.44,11.44,0
2019-12-03,11.44,11.44,11.44,11.44,0
2019-12-04,11.44,11.44,11.44,11.44,0
2019-12-05,11.44,11.44,11.44,11.44,0
2019-12-06,11.44,11.44,11.44,11.44,0
2019-12-09,11.44,11.44,11.44,11.44,0
2019-12-10,11.44,11.44,11.44,11.44,0
2019-12-11,11.44,11.44,11.44,11.44,0
2019-12-12,11.44,11.44,11.44,11.44,0
2019-12-13,11.44,11.44,11.44,11.44,0
2019-12-16,11.44,11.44,11.44,11.44,0
2019-12-17,11.44,11.44,11.44,11.44,0
2019-12-18,11.44,11.44,11.44,11.44,0
2019-12-19,11.44,11.44,11.44,11.44,0
2019-12-20,11.44,11.44,11.44,11.44,0
2019-12-23,11.44,11.44,11.44,11.44,0
2019-12-24,11.44,11.44,11.44,11.44,0
2019-12-25,11.44,11.44,11.44,11.44,0
2019-12-26,11.44,11.44,11.44,11.44,0
2019-12-27,11.44,11.44,11.44,11.44,0
2019-12-30,11.44,11.44,11.44,11.44,0
2019-12-31,11.44,11.44,11.44,11.44,0
2020-01-02,11.44,11.44,11.44,11.44,0
2020-01-03,11.44,11.44,11.44,11.44,0
2020-01-06,11.44,11.44,11.44,11.44,0
2020-01-07,11.44,11.44,11.44,11.44,0
2020-01-08,11.44,11.44,11.44,11.44,0
2020-01-09,11.44,11.44,11.44,11.44,0
2020-01-10,11.44,11.44,11.44,11.44,0
2020-01-13,11.44,11.44,11.44,11.44,0
2020-01-14,11.44,11.44,11.44,11.44,0
2020-01-15,11.44,11.44,11.44,11.44,0
2020-01-16,11.44,11.44,11.44,11.44,0
2020-01-17,11.44,11.44,11.44,11.44,0
2020-01-20,11.44,11.44,11.44,11.44,0
2020-01-21,11.44,11.44,11.44,11.44,0
2020-01-22,11.44,11.44,11.44,11.44,0
2020-01-30,11.44,11.44,11.44,11.44,0
2020-01-31,11.44,11.44,11.44,11.44,0
2020-02-03,11.44,11.44,11.44,11.44,0
2020-02-04,11.44,11.44,11.44,11.44,0
2020-02-05,11.44,11.44,11.44,11.44,0
2020-02-06,11.44,11.44,11.44,11.44,0
2020-02-07,11.44,11.44,11.44,11.44,0
2020-02-10,11.44,11.44,11.44,11.44,0
2020-02-11,11.44,11.44,11.44,11.44,0
2020-02-12,11.44,11.44,11.44,11.44,0
2020-02-13,11.44,11.44,11.44,11.44,0
2020-02-14,11.44,11.44,11.44,11.44,0
2020-02-17,11.44,11.44,11.44,11.44,0
2020-02-18,11.44,11.44,11.44,11.44,0
2020-02-19,11.44,11.44,11.44,11.44,0
2020-02-20,11.44,11.44,11.44,11.44,0
2020-02-21,11.44,11.44,11.44,11.44,0
2020-02-24,11.44,11.44,11.44,11.44,0
2020-02-25,11.44,11.44,11.44,11.44,0
2020-02-26,11.44,11.44,11.44,11.44,0
2020-02-27,11.44,11.44,11.44,11.44,0
2020-02-28,11.44,11.44,11.44,11.44,0
2020-03-02,11.44,11.44,11.44,11.44,0
2020-03-03,11.44,11.44,11.44,11.44,0
2020-03-04,11.44,11.44,11.44,11.44,0
2020-03-05,11.44,11.44,11.44,11.44,0
2020-03-06,11.44,11.44,11.44,11.44,0
2020-03-09,11.44,11.44,11.44,11.44,0
2020-03-10,11.44,11.44,11.44,11.44,0
2020-03-11,11.44,11.44,11.44,11.44,0
2020-03-12,11.44,11.44,11.44,11.44,0
2020-03-13,11.44,11.44,11.44,11.44,0
2020-03-16,11.44,11.44,11.44,11.44,0
2020-03-17,11.44,11.44,11.44,11.44,0
2020-03-18,11.44,11.44,11.44,11.44,0
2020-03-19,11.44,11.44,11.44,11.44,0
2020-03-20,11.44,11.44,11.44,11.44,0
2020-03-23,11.44,11.44,11.44,11.44,0
2020-03-24,11.44,11.44,11.44,11.44,0
2020-03-25,11.44,11.44,11.44,11.44,0
2020-03-26,11.44,11.44,11.44,11.44,0
2020-03-27,11.44,11.44,11.44,11.44,0
2020-03-30,11.44,11.44,11.44,11.44,0
2020-03-31,11.44,11.44,11.44,11.44,0
2020-04-01,11.44,11.44,11.44,11.44,0
2020-04-03,11.44,11.44,11.44,11.44,0
2020-04-06,11.44,11.44,11.44,11.44,0
2020-04-07,11.44,11.44,11.44,11.44,0
2020-04-08,11.44,11.44,11.44,11.44,0
2020-04-09,11.44,11.44,11.44,11.44,0
2020-04-10,11.44,11.44,11.44,11.44,0
2020-04-13,11.44,11.44,11.44,11.44,0
2020-04-14,11.44,11.44,11.44,11.44,0
2020-04-15,11.44,11.44,11.44,11.44,0
2020-04-16,11.44,11.44,11.44,11.44,0
2020-04-17,11.44,11.44,11.44,11.44,0
2020-04-20,11.44,11.44,11.44,11.44,0
2020-04-21,11.44,11.44,11.44,11.44,0
2020-04-22,11.44,11.44,11.44,11.44,0
2020-04-23,11.44,11.44,11.44,11.44,0
2020-04-24,11.44,11.44,11.44,11.44,0
2020-04-27,11.44,11.44,11.44,11.44,0
2020-04-28,11.44,11.44,11.44,11.44,0
2020-04-29,11.44,11.44,11.44,11.44,0
2020-05-04,11.44,11.44,11.44,11.44,0
2020-05-05,11.44,11.44,11.44,11.44,0
2020-05-06,11.44,11.44,11.44,11.44,0
2020-05-07,11.44,11.44,11.44,11.44,0
2020-05-08,11.44,11.44,11.44,11.44,0
2020-05-11,11.44,11.44,11.44,11.44,0
2020-05-12,11.44,11.44,11.44,11.44,0
2020-05-13,11.44,11.44,11.44,11.44,0
2020-05-14,11.44,11.44,11.44,11.44,0
2020-05-15,11.44,11.44,11.44,11.44,0
2020-05-18,11.44,11.44,11.44,11.44,0
2020-05-19,11.44,11.44,11.44,11.44,0
2020-05-20,11.44,11.44,11.44,11.44,0
2020-05-21,11.44,11.44,11.44,11.44,0
2020-05-22,11.44,11.44,11.44,11.44,0
2020-05-25,11.44,11.44,11.44,11.44,0
2020-05-26,11.44,11.44,11.44,11.44,0
2020-05-27,11.44,11.44,11.44,11.44,0
2020-05-28,11.44,11.44,11.44,11.44,0
2020-05-29,11.44,11.44,11.44,11.44,0
2020-06-01,11.44,11.44,11.44,11.44,0
2020-06-02,11.44,11.44,11.44,11.44,0
2020-06-03,11.44,11.44,11.44,11.44,0
2020-06-04,11.44,11.44,11.44,11.44,0
2020-06-05,11.44,11.44,11.44,11.44,0
2020-06-08,11.44,11.44,11.44,11.44,0
2020-06-09,11.44,11.44,11.44,11.44,0
2020-06-10,11.44,11.44,11.44,11.44,0
2020-06-11,11.44,11.44,11.44,11.44,0
2020-06-12,11.44,11.44,11.44,11.44,0
2020-06-15,11.44,11.44,11.44,11.44,0
2020-06-16,11.44,11.44,11.44,11.44,0
2020-06-17,11.44,11.44,11.44,11.44,0
2020-06-18,11.44,11.44,11.44,11.44,0
2020-06-19,11.44,11.44,11.44,11.44,0
2020-06-22,11.44,11.44,11.44,11.44,0
2020-06-23,11.44,11.44,11.44,11.44,0
2020-06-24,11.44,11.44,11.44,11.44,0
2020-06-25,11.44,11.44,11.44,11.44,0
2020-06-26,11.44,11.44,11.44,11.44,0
2020-06-29,11.44,11.44,11.44,11.44,0
2020-06-30,11.44,11.44,11.44,11.44,0
2020-07-01,11.44,11.44,11.44,11.44,0
2020-07-02,11.44,11.44,11.44,11.44,0
2020-07-03,11.44,11.44,11.44,11.44,0
2020-07-06,11.44,11.44,11.44,11.44,0
2020-07-07,11.44,11.44,11.44,11.44,0
2020-07-08,11.44,11.44,11.44,11.44,0
2020-07-09,11.44,11.44,11.44,11.44,0
2020-07-10,11.44,11.44,11.44,11.44,0
2020-07-13,11.44,11.44,11.44,11.44,0
2020-07-14,11.44,11.44,11.44,11.44,0
2020-07-15,11.44,11.44,11.44,11.44,0
2020-07-16,11.44,11.44,11.44,11.44,0
2020-07-17,11.44,11.44,11.44,11.44,0
2020-07-20,11.44,11.44,11.44,11.44,0
2020-07-21,11.44,11.44,11.44,11.44,0
2020-07-22,11.44,11.44,11.44,11.44,0
2020-07-23,11.44,11.44,11.44,11.44,0
2020-07-24,11.44,11.44,11.44,11.44,0
2020-07-27,11.44,11.44,11.44,11.44,0
2020-07-28,11.44,11.44,11.44,11.44,0
2020-07-29,11.44,11.44,11.44,11.44,0
2020-07-30,11.44,11.44,11.44,11.44,0
2020-07-31,11.44,11.44,11.44,11.44,0
2020-08-03,11.44,11.44,11.44,11.44,0
2020-08-04,11.44,11.44,11.44,11.44,0
2020-08-05,11.44,11.44,11.44,11.44,0
2020-08-06,11.44,11.44,11.44,11.44,0
2020-08-07,11.44,11.44,11.44,11.44,0
2020-08-10,11.44,11.44,11.44,11.44,0
2020-08-11,11.44,11.44,11.44,11.44,0
2020-08-12,11.44,11.44,11.44,11.44,0
2020-08-13,11.44,11.44,11.44,11.44,0
2020-08-14,11.44,11.44,11.44,11.44,0
2020-08-17,11.44,11.44,11.44,11.44,0
2020-08-18,11.44,11.44,11.44,11.44,0
2020-08-19,11.44,11.44,11.44,11.44,0
2020-08-20,11.44,11.44,11.44,11.44,0
2020-08-21,11.44,11.44,11.44,11.44,0
2020-08-24,11.44,11.44,11.44,11.44,0
2020-08-25,11.44,11.44,11.44,11.44,0
2020-08-26,11.44,11.44,11.44,11.44,0
2020-08-27,11.44,11.44,11.44,11.44,0
2020-08-28,11.44,11.44,11.44,11.44,0
2020-08-31,11.44,11.44,11.44,11.44,0
2020-09-01,11.44,11.44,11.44,11.44,0
2020-09-03,11.44,11.44,11.44,11.44,0
2020-09-04,11.44,11.44,11.44,11.44,0
2020-09-07,11.44,11.44,11.44,11.44,0
2020-09-08,11.44,11.44,11.44,11.44,0
2020-09-09,11.44,11.44,11.44,11.44,0
2020-09-10,11.44,11.44,11.44,11.44,0
2020-09-11,11.44,11.44,11.44,11.44,0
2020-09-14,11.44,11.44,11.44,11.44,0
2020-09-15,11.44,11.44,11.44,11.44,0
2020-09-16,11.44,11.44,11.44,11.44,0
2020-09-17,11.44,11.44,11.44,11.44,0
2020-09-18,11.44,11.44,11.44,11.44,0
2020-09-21,11.44,11.44,11.44,11.44,0
2020-09-22,11.44,11.44,11.44,11.44,0
2020-09-23,11.44,11.44,11.44,11.44,0
2020-09-24,11.44,11.44,11.44,11.44,0
2020-09-25,11.44,11.44,11.44,11.44,0
2020-09-28,11.44,11.44,11.44,11.44,0
2020-09-29,11.44,11.44,11.44,11.44,0
2020-09-30,11.44,11.44,11.44,11.44,0
2020-10-01,11.44,11.44,11.44,11.44,0
2020-10-02,11.44,11.44,11.44,11.44,0
2020-10-05,11.44,11.44,11.44,11.44,0
2020-10-06,11.44,11.44,11.44,11.44,0
2020-10-07,11.44,11.44,11.44,11.44,0
2020-10-08,11.44,11.44,11.44,11.44,0
2020-10-09,11.44,11.44,11.44,11.44,0
2020-10-12,11.44,11.44,11.44,11.44,0
2020-10-13,11.44,11.44,11.44,11.44,0
2020-10-14,11.44,11.44,11.44,11.44,0
2020-10-15,11.44,11.44,11.44,11.44,0
2020-10-16,11.44,11.44,11.44,11.44,0
2020-10-19,11.44,11.44,11.44,11.44,0
2020-10-20,11.44,11.44,11.44,11.44,0
2020-10-21,11.44,11.44,11.44,11.44,0
2020-10-22,11.44,11.44,11.44,11.44,0
2020-10-23,11.44,11.44,11.44,11.44,0
2020-10-26,11.44,11.44,11.44,11.44,0
2020-10-27,11.44,11.44,11.44,11.44,0
2020-10-28,11.44,11.44,11.44,11.44,0
2020-10-29,11.44,11.44,11.44,11.44,0
2020-10-30,11.44,11.44,11.44,11.44,0
2020-11-02,11.44,11.44,11.44,11.44,0
2020-11-03,11.44,11.44,11.44,11.44,0
2020-11-04,11.44,11.44,11.44,11.44,0
2020-11-05,11.44,11.44,11.44,11.44,0
2020-11-06,11.44,11.44,11.44,11.44,0
2020-11-09,11.44,11.44,11.44,11.44,0
2020-11-10,11.44,11.44,11.44,11.44,0
2020-11-11,11.44,11.44,11.44,11.44,0
2020-11-12,11.44,11.44,11.44,11.44,0
2020-11-13,11.44,11.44,11.44,11.44,0
2020-11-16,11.44,11.44,11.44,11.44,0
2020-11-17,11.44,11.44,11.44,11.44,0
2020-11-18,11.44,11.44,11.44,11.44,0
2020-11-19,11.44,11.44,11.44,11.44,0
2020-11-20,11.44,11.44,11.44,11.44,0
2020-11-23,11.44,11.44,11.44,11.44,0
2020-11-24,11.44,11.44,11.44,11.44,0
2020-11-25,11.44,11.44,11.44,11.44,0
2020-11-26,11.44,11.44,11.44,11.44,0
2020-11-27,11.44,11.44,11.44,11.44,0
2020-11-30,11.44,11.44,11.44,11.44,0
2020-12-01,11.44,11.44,11.44,11.44,0
2020-12-02,11.44,11.44,11.44,11.44,0
2020-12-03,11.44,11.44,11.44,11.44,0
2020-12-04,11.44,11.44,11.44,11.44,0
2020-12-07,11.44,11.44,11.44,11.44,0
2020-12-08,11.44,11.44,11.44,11.44,0
2020-12-09,11.44,11.44,11.44,11.44,0
2020-12-10,11.44,11.44,11.44,11.44,0
2020-12-11,11.44,11.44,11.44,11.44,0
2020-12-14,11.44,11.44,11.44,11.44,0
2020-12-15,11.44,11.44,11.44,11.44,0
2020-12-16,11.44,11.44,11.44,11.44,0
2020-12-17,11.44,11.44,11.44,11.44,0
2020-12-18,11.44,11.44,11.44,11.44,0
2020-12-21,11.44,11.44,11.44,11.44,0
2020-12-22,11.44,11.44,11.44,11.44,0
2020-12-23,11.44,11.44,11.44,11.44,0
2020-12-24,11.44,11.44,11.44,11.44,0
2020-12-25,11.44,11.44,11.44,11.44,0
2020-12-28,11.44,11.44,11.44,11.44,0
2020-12-29,11.44,11.44,11.44,11.44,0
2020-12-30,11.44,11.44,11.44,11.44,0
2020-12-31,11.44,11.44,11.44,11.44,0
2021-01-04,11.44,11.44,11.44,11.44,0
2021-01-05,11.44,11.44,11.44,11.44,0
2021-01-06,11.44,11.44,11.44,11.44,0
2021-01-07,11.44,11.44,11.44,11.44,0
2021-01-08,11.44,11.44,11.44,11.44,0
2021-01-11,11.44,11.44,11.44,11.44,0
2021-01-12,11.44,11.44,11.44,11.44,0
2021-01-13,11.44,11.44,11.44,11.44,0
2021-01-14,11.44,11.44,11.44,11.44,0
2021-01-15,11.44,11.44,11.44,11.44,0
2021-01-18,11.44,11.44,11.44,11.44,0
2021-01-19,11.44,11.44,11.44,11.44,0
2021-01-20,11.44,11.44,11.44,11.44,0
2021-01-21,11.44,11.44,11.44,11.44,0
2021-01-22,11.44,11.44,11.44,11.44,0
2021-01-25,11.44,11.44,11.44,11.44,0
2021-01-26,11.44,11.44,11.44,11.44,0
2021-01-27,11.44,11.44,11.44,11.44,0
2021-01-28,11.44,11.44,11.44,11.44,0
2021-01-29,11.44,11.44,11.44,11.44,0
2021-02-01,11.44,11.44,11.44,11.44,0
2021-02-02,11.44,11.44,11.44,11.44,0
2021-02-03,11.44,11.44,11.44,11.44,0
2021-02-04,11.44,11.44,11.44,11.44,0
2021-02-05,11.44,11.44,11.44,11.44,0
2021-02-08,11.44,11.44,11.44,11.44,0
2021-02-09,11.44,11.44,11.44,11.44,0
2021-02-17,11.44,11.44,11.44,11.44,0
2021-02-18,11.44,11.44,11.44,11.44,0
2021-02-19,11.44,11.44,11.44,11.44,0
2021-02-22,11.44,11.44,11.44,11.44,0
2021-02-23,11.44,11.44,11.44,11.44,0
2021-02-24,11.44,11.44,11.44,11.44,0
2021-02-25,11.44,11.44,11.44,11.44,0
2021-02-26,11.44,11.44,11.44,11.44,0
2021-03-01,11.44,11.44,11.44,11.44,0
2021-03-02,11.44,11.44,11.44,11.44,0
2021-03-03,11.44,11.44,11.44,11.44,0
2021-03-04,11.44,11.44,11.44,11.44,0
2021-03-05,11.44,11.44,11.44,11.44,0
2021-03-08,11.44,11.44,11.44,11.44,0
2021-03-09,11.44,11.44,11.44,11.44,0
2021-03-10,11.44,11.44,11.44,11.44,0
2021-03-11,11.44,11.44,11.44,11.44,0
2021-03-12,11.44,11.44,11.44,11.44,0
2021-03-15,11.44,11.44,11.44,11.44,0
2021-03-16,11.44,11.44,11.44,11.44,0
2021-03-17,11.44,11.44,11.44,11.44,0
2021-03-18,11.44,11.44,11.44,11.44,0
2021-03-19,11.44,11.44,11.44,11.44,0
2021-03-22,11.44,11.44,11.44,11.44,0
2021-03-23,11.44,11.44,11.44,11.44,0
2021-03-24,11.44,11.44,11.44,11.44,0
2021-03-25,11.44,11.44,11.44,11.44,0
2021-03-26,11.44,11.44,11.44,11.44,0
2021-03-29,11.44,11.44,11.44,11.44,0
2021-03-30,11.44,11.44,11.44,11.44,0
2021-03-31,11.44,11.44,11.44,11.44,0
2021-04-01,11.44,11.44,11.44,11.44,0
2021-04-02,11.44,11.44,11.44,11.44,0
2021-04-05,11.44,11.44,11.44,11.44,0
2021-04-06,11.44,11.44,11.44,11.44,0
2021-04-07,11.44,11.44,11.44,11.44,0
2021-04-08,11.44,11.44,11.44,11.44,0
2021-04-09,11.44,11.44,11.44,11.44,0
2021-04-12,11.44,11.44,11.44,11.44,0
2021-04-13,11.44,11.44,11.44,11.44,0
2021-04-14,11.44,11.44,11.44,11.44,0
2021-04-15,11.44,11.44,11.44,11.44,0
2021-04-16,11.44,11.44,11.44,11.44,0
2021-04-19,11.44,11.44,11.44,11.44,0
2021-04-20,11.44,11.44,11.44,11.44,0
2021-04-22,11.44,11.44,11.44,11.44,0
2021-04-23,11.44,11.44,11.44,11.44,0
2021-04-26,11.44,11.44,11.44,11.44,0
2021-04-27,11.44,11.44,11.44,11.44,0
2021-04-28,11.44,11.44,11.44,11.44,0
2021-04-29,11.44,11.44,11.44,11.44,0
2021-05-04,11.44,11.44,11.44,11.44,0
2021-05-05,11.44,11.44,11.44,11.44,0
2021-05-06,11.44,11.44,11.44,11.44,0
2021-05-07,11.44,11.44,11.44,11.44,0
2021-05-10,11.44,11.44,11.44,11.44,0
2021-05-11,11.44,11.44,11.44,11.44,0
2021-05-12,11.44,11.44,11.44,11.44,0
2021-05-13,11.44,11.44,11.44,11.44,0
2021-05-14,11.44,11.44,11.44,11.44,0
2021-05-17,11.44,11.44,11.44,11.44,0
2021-05-18,11.44,11.44,11.44,11.44,0
2021-05-19,11.44,11.44,11.44,11.44,0
2021-05-20,11.44,11.44,11.44,11.44,0
2021-05-21,11.44,11.44,11.44,11.44,0
2021-05-24,11.44,11.44,11.44,11.44,0
2021-05-25,11.44,11.44,11.44,11.44,0
2021-05-26,11.44,11.44,11.44,11.44,0
2021-05-27,11.44,11.44,11.44,11.44,0
2021-05-28,11.44,11.44,11.44,11.44,0
2021-05-31,11.44,11.44,11.44,11.44,0
2021-06-01,11.44,11.44,11.44,11.44,0
2021-06-02,11.44,11.44,11.44,11.44,0
2021-06-03,11.44,11.44,11.44,11.44,0
2021-06-04,11.44,11.44,11.44,11.44,0
2021-06-07,11.44,11.44,11.44,11.44,0
2021-06-08,11.44,11.44,11.44,11.44,0
2021-06-09,11.44,11.44,11.44,11.44,0
2021-06-10,11.44,11.44,11.44,11.44,0
2021-06-11,11.44,11.44,11.44,11.44,0
2021-06-14,11.44,11.44,11.44,11.44,0
2021-06-15,11.44,11.44,11.44,11.44,0
2021-06-16,11.44,11.44,11.44,11.44,0
2021-06-17,11.44,11.44,11.44,11.44,0
2021-06-18,11.44,11.44,11.44,11.44,0
2021-06-21,11.44,11.44,11.44,11.44,0
2021-06-22,11.44,11.44,11.44,11.44,0
2021-06-23,11.44,11.44,11.44,11.44,0
2021-06-24,11.44,11.44,11.44,11.44,0
2021-06-25,11.44,11.44,11.44,11.44,0
2021-06-28,11.44,11.44,11.44,11.44,0
2021-06-29,11.44,11.44,11.44,11.44,0
2021-06-30,11.44,11.44,11.44,11.44,0
2021-07-01,11.44,11.44,11.44,11.44,0
2021-07-02,11.44,11.44,11.44,11.44,0
2021-07-05,11.44,11.44,11.44,11.44,0
2021-07-06,11.44,11.44,11.44,11.44,0
2021-07-07,11.44,11.44,11.44,11.44,0
2021-07-08,11.44,11.44,11.44,11.44,0
2021-07-09,11.44,11.44,11.44,11.44,0
2021-07-12,11.44,11.44,11.44,11.44,0
2021-07-13,11.44,11.44,11.44,11.44,0
2021-07-14,11.44,11.44,11.44,11.44,0
2021-07-15,11.44,11.44,11.44,11.44,0
2021-07-16,11.44,11.44,11.44,11.44,0
2021-07-19,11.44,11.44,11.44,11.44,0
2021-07-20,11.44,11.44,11.44,11.44,0
2021-07-21,11.44,11.44,11.44,11.44,0
2021-07-22,11.44,11.44,11.44,11.44,0
2021-07-23,11.44,11.44,11.44,11.44,0
2021-07-26,11.44,11.44,11.44,11.44,0
2021-07-27,11.44,11.44,11.44,11.44,0
2021-07-28,11.44,11.44,11.44,11.44,0
2021-07-29,11.44,11.44,11.44,11.44,0
2021-07-30,11.44,11.44,11.44,11.44,0
2021-08-02,11.44,11.44,11.44,11.44,0
2021-08-03,11.44,11.44,11.44,11.44,0
2021-08-04,11.44,11.44,11.44,11.44,0
2021-08-05,11.44,11.44,11.44,11.44,0
2021-08-06,11.44,11.44,11.44,11.44,0
2021-08-09,11.44,11.44,11.44,11.44,0
2021-08-10,11.44,11.44,11.44,11.44,0
2021-08-11,11.44,11.44,11.44,11.44,0
2021-08-12,11.44,11.44,11.44,11.44,0
2021-08-13,11.44,11.44,11.44,11.44,0
2021-08-16,11.44,11.44,11.44,11.44,0
2021-08-17,11.44,11.44,11.44,11.44,0
2021-08-18,11.44,11.44,11.44,11.44,0
2021-08-19,11.44,11.44,11.44,11.44,0
2021-08-20,11.44,11.44,11.44,11.44,0
2021-08-23,11.44,11.44,11.44,11.44,0
2021-08-24,11.44,11.44,11.44,11.44,0
2021-08-25,11.44,11.44,11.44,11.44,0
2021-08-26,11.44,11.44,11.44,11.44,0
2021-08-27,11.44,11.44,11.44,11.44,0
2021-08-30,11.44,11.44,11.44,11.44,0
2021-08-31,11.44,11.44,11.44,11.44,0
2021-09-01,11.44,11.44,11.44,11.44,0
2021-09-06,11.44,11.44,11.44,11.44,0
2021-09-07,11.44,11.44,11.44,11.44,0
2021-09-08,11.44,11.44,11.44,11.44,0
2021-09-09,11.44,11.44,11.44,11.44,0
2021-09-10,11.44,11.44,11.44,11.44,0
2021-09-13,11.44,11.44,11.44,11.44,0
2021-09-14,11.44,11.44,11.44,11.44,0
2021-09-15,11.44,11.44,11.44,11.44,0
2021-09-16,11.44,11.44,11.44,11.44,0
2021-09-17,11.44,11.44,11.44,11.44,0
2021-09-20,11.44,11.44,11.44,11.44,0
2021-09-21,11.44,11.44,11.44,11.44,0
2021-09-22,11.44,11.44,11.44,11.44,0
2021-09-23,11.44,11.44,11.44,11.44,0
2021-09-24,11.44,11.44,11.44,11.44,0
2021-09-27,11.44,11.44,11.44,11.44,0
2021-09-28,11.44,11.44,11.44,11.44,0
2021-09-29,11.44,11.44,11.44,11.44,0
2021-09-30,11.44,11.44,11.44,11.44,0
2021-10-01,11.44,11.44,11.44,11.44,0
2021-10-04,11.44,11.44,11.44,11.44,0
2021-10-05,11.44,11.44,11.44,11.44,0
2021-10-06,11.44,11.44,11.44,11.44,0
2021-10-07,11.44,11.44,11.44,11.44,0
2021-10-08,11.44,11.44,11.44,11.44,0
2021-10-11,11.44,11.44,11.44,11.44,0
2021-10-12,11.44,11.44,11.44,11.44,0
2021-10-13,11.44,11.44,11.44,11.44,0
2021-10-14,11.44,11.44,11.44,11.44,0
2021-10-15,11.44,11.44,11.44,11.44,0
2021-10-18,11.44,11.44,11.44,11.44,0
2021-10-19,11.44,11.44,11.44,11.44,0
2021-10-20,11.44,11.44,11.44,11.44,0
2021-10-21,11.44,11.44,11.44,11.44,0
2021-10-22,11.44,11.44,11.44,11.44,0
2021-10-25,11.44,11.44,11.44,11.44,0
2021-10-26,11.44,11.44,11.44,11.44,0
2021-10-27,11.44,11.44,11.44,11.44,0
2021-10-28,11.44,11.44,11.44,11.44,0
2021-10-29,11.44,11.44,11.44,11.44,0
2021-11-01,11.44,11.44,11.44,11.44,0
2021-11-02,11.44,11.44,11.44,11.44,0
2021-11-03,11.44,11.44,11.44,11.44,0
2021-11-04,11.44,11.44,11.44,11.44,0
2021-11-05,11.44,11.44,11.44,11.44,0
2021-11-08,11.44,11.44,11.44,11.44,0
2021-11-09,11.44,11.44,11.44,11.44,0
2021-11-10,11.44,11.44,11.44,11.44,0
2021-11-11,11.44,11.44,11.44,11.44,0
2021-11-12,11.44,11.44,11.44,11.44,0
2021-11-15,11.44,11.44,11.44,11.44,0
2021-11-16,11.44,11.44,11.44,11.44,0
2021-11-17,11.44,11.44,11.44,11.44,0
2021-11-18,11.44,11.44,11.44,11.44,0
2021-11-19,11.44,11.44,11.44,11.44,0
2021-11-22,11.44,11.44,11.44,11.44,0
2021-11-23,11.44,11.44,11.44,11.44,0
2021-11-24,11.44,11.44,11.44,11.44,0
2021-11-25,11.44,11.44,11.44,11.44,0
2021-11-26,11.44,11.44,11.44,11.44,0
2021-11-29,11.44,11.44,11.44,11.44,0
2021-11-30,11.44,11.44,11.44,11.44,0
2021-12-01,11.44,11.44,11.44,11.44,0
2021-12-02,11.44,11.44,11.44,11.44,0
2021-12-03,11.44,11.44,11.44,11.44,0
2021-12-06,11.44,11.44,11.44,11.44,0
2021-12-07,11.44,11.44,11.44,11.44,0
2021-12-08,11.44,11.44,11.44,11.44,0
2021-12-09,11.44,11.44,11.44,11.44,0
2021-12-10,11.44,11.44,11.44,11.44,0
2021-12-13,11.44,11.44,11.44,11.44,0
2021-12-14,11.44,11.44,11.44,11.44,0
2021-12-15,11.44,11.44,11.44,11.44,0
2021-12-16,11.44,11.44,11.44,11.44,0
2021-12-17,11.44,11.44,11.44,11.44,0
2021-12-20,11.44,11.44,11.44,11.44,0
2021-12-21,11.44,11.44,11.44,11.44,0
2021-12-22,11.44,11.44,11.44,11.44,0
2021-12-23,11.44,11.44,11.44,11.44,0
2021-12-24,11.44,11.44,11.44,11.44,0
2021-12-27,11.44,11.44,11.44,11.44,0
2021-12-28,11.44,11.44,11.44,11.44,0
2021-12-29,11.44,11.44,11.44,11.44,0
2021-12-30,11.44,11.44,11.44,11.44,0
2021-12-31,11.44,11.44,11.44,11.44,0
2022-01-04,11.44,11.44,11.44,11.44,0
2022-01-05,11.44,11.44,11.44,11.44,0
2022-01-06,11.44,11.44,11.44,11.44,0
2022-01-07,11.44,11.44,11.44,11.44,0
2022-01-10,11.44,11.44,11.44,11.44,0
2022-01-11,11.44,11.44,11.44,11.44,0
2022-01-12,11.44,11.44,11.44,11.44,0
2022-01-13,11.44,11.44,11.44,11.44,0
2022-01-14,11.44,11.44,11.44,11.44,0
2022-01-17,11.44,11.44,11.44,11.44,0
2022-01-18,11.44,11.44,11.44,11.44,0
2022-01-19,11.44,11.44,11.44,11.44,0
2022-01-20,11.44,11.44,11.44,11.44,0
2022-01-21,11.44,11.44,11.44,11.44,0
2022-01-24,11.44,11.44,11.44,11.44,0
2022-01-25,11.44,11.44,11.44,11.44,0
2022-01-26,11.44,11.44,11.44,11.44,0
2022-01-27,11.44,11.44,11.44,11.44,0
2022-01-28,11.44,11.44,11.44,11.44,0
2022-02-07,11.44,11.44,11.44,11.44,0
2022-02-08,11.44,11.44,11.44,11.44,0
2022-02-09,11.44,11.44,11.44,11.44,0
2022-02-10,11.44,11.44,11.44,11.44,0
2022-02-11,11.44,11.44,11.44,11.44,0
2022-02-14,11.44,11.44,11.44,11.44,0
2022-02-15,11.44,11.44,11.44,11.44,0
2022-02-16,11.44,11.44,11.44,11.44,0
2022-02-17,11.44,11.44,11.44,11.44,0
2022-02-18,11.44,11.44,11.44,11.44,0
2022-02-21,11.44,11.44,11.44,11.44,0
2022-02-22,11.44,11.44,11.44,11.44,0
2022-02-23,11.44,11.44,11.44,11.44,0
2022-02-24,11.44,11.44,11.44,11.44,0
2022-02-25,11.44,11.44,11.44,11.44,0
2022-02-28,11.44,11.44,11.44,11.44,0
2022-03-01,11.44,11.44,11.44,11.44,0
2022-03-02,11.44,11.44,11.44,11.44,0
2022-03-03,11.44,11.44,11.44,11.44,0
2022-03-04,11.44,11.44,11.44,11.44,0
2022-03-07,11.44,11.44,11.44,11.44,0
2022-03-08,11.44,11.44,11.44,11.44,0
2022-03-09,11.44,11.44,11.44,11.44,0
2022-03-10,11.44,11.44,11.44,11.44,0
2022-03-11,11.44,11.44,11.44,11.44,0
2022-03-14,11.44,11.44,11.44,11.44,0
2022-03-15,11.44,11.44,11.44,11.44,0
2022-03-16,11.44,11.44,11.44,11.44,0
2022-03-17,11.44,11.44,11.44,11.44,0
2022-03-18,11.44,11.44,11.44,11.44,0
2022-03-21,11.44,11.44,11.44,11.44,0
2022-03-22,11.44,11.44,11.44,11.44,0
2022-03-23,11.44,11.44,11.44,11.44,0
2022-03-24,11.44,11.44,11.44,11.44,0
2022-03-25,11.44,11.44,11.44,11.44,0
2022-03-28,11.44,11.44,11.44,11.44,0
2022-03-29,11.44,11.44,11.44,11.44,0
2022-03-30,11.44,11.44,11.44,11.44,0
2022-03-31,11.44,11.44,11.44,11.44,0
2022-04-01,11.44,11.44,11.44,11.44,0
2022-04-04,11.44,11.44,11.44,11.44,0
2022-04-05,11.44,11.44,11.44,11.44,0
2022-04-06,11.44,11.44,11.44,11.44,0
2022-04-07,11.44,11.44,11.44,11.44,0
2022-04-08,11.44,11.44,11.44,11.44,0
2022-04-12,11.44,11.44,11.44,11.44,0
2022-04-13,11.44,11.44,11.44,11.44,0
2022-04-14,11.44,11.44,11.44,11.44,0
2022-04-15,11.44,11.44,11.44,11.44,0
2022-04-18,11.44,11.44,11.44,11.44,0
2022-04-19,11.44,11.44,11.44,11.44,0
2022-04-20,11.44,11.44,11.44,11.44,0
2022-04-21,11.44,11.44,11.44,11.44,0
2022-04-22,11.44,11.44,11.44,11.44,0
2022-04-25,11.44,11.44,11.44,11.44,0
2022-04-26,11.44,11.44,11.44,11.44,0
2022-04-27,11.44,11.44,11.44,11.44,0
2022-04-28,11.44,11.44,11.44,11.44,0
2022-04-29,11.44,11.44,11.44,11.44,0
2022-05-04,11.44,11.44,11.44,11.44,0
2022-05-05,11.44,11.44,11.44,11.44,0
2022-05-06,11.44,11.44,11.44,11.44,0
2022-05-09,11.44,11.44,11.44,11.44,0
2022-05-10,11.44,11.44,11.44,11.44,0
2022-05-11,11.44,11.44,11.44,11.44,0
2022-05-12,11.44,11.44,11.44,11.44,0
2022-05-13,11.44,11.44,11.44,11.44,0
2022-05-16,11.44,11.44,11.44,11.44,0
2022-05-17,11.44,11.44,11.44,11.44,0
2022-05-18,11.44,11.44,11.44,11.44,0
2022-05-19,11.44,11.44,11.44,11.44,0
2022-05-20,11.44,11.44,11.44,11.44,0
2022-05-23,11.44,11.44,11.44,11.44,0
2022-05-24,11.44,11.44,11.44,11.44,0
2022-05-25,11.44,11.44,11.44,11.44,0
2022-05-26,11.44,11.44,11.44,11.44,0
2022-05-27,11.44,11.44,11.44,11.44,0
2022-05-30,11.44,11.44,11.44,11.44,0
2022-05-31,11.44,11.44,11.44,11.44,0
2022-06-01,11.44,11.44,11.44,11.44,0
2022-06-02,11.44,11.44,11.44,11.44,0
2022-06-03,11.44,11.44,11.44,11.44,0
2022-06-06,11.44,11.44,11.44,11.44,0
2022-06-07,11.44,11.44,11.44,11.44,0
2022-06-08,11.44,11.44,11.44,11.44,0
2022-06-09,11.44,11.44,11.44,11.44,0
2022-06-10,11.44,11.44,11.44,11.44,0
2022-06-13,11.44,11.44,11.44,11.44,0
2022-06-14,11.44,11.44,11.44,11.44,0
2022-06-15,11.44,11.44,11.44,11.44,0
2022-06-16,11.44,11.44,11.44,11.44,0
2022-06-17,11.44,11.44,11.44,11.44,0
2022-06-20,11.44,11.44,11.44,11.44,0
2022-06-21,11.44,11.44,11.44,11.44,0
2022-06-22,11.44,11.44,11.44,11.44,0
2022-06-23,11.44,11.44,11.44,11.44,0
2022-06-24,11.44,11.44,11.44,11.44,0
2022-06-27,11.44,11.44,11.44,11.44,0
2022-06-28,11.44,11.44,11.44,11.44,0
2022-06-29,11.44,11.44,11.44,11.44,0
2022-06-30,11.44,11.44,11.44,11.44,0
2022-07-01,11.44,11.44,11.44,11.44,0
2022-07-04,11.44,11.44,11.44,11.44,0
2022-07-05,11.44,11.44,11.44,11.44,0
2022-07-06,11.44,11.44,11.44,11.44,0
2022-07-07,11.44,11.44,11.44,11.44,0
2022-07-08,11.44,11.44,11.44,11.44,0
2022-07-11,11.44,11.44,11.44,11.44,0
2022-07-12,11.44,11.44,11.44,11.44,0
2022-07-13,11.44,11.44,11.44,11.44,0
2022-07-14,11.44,11.44,11.44,11.44,0
2022-07-15,11.44,11.44,11.44,11.44,0
2022-07-18,11.44,11.44,11.44,11.44,0
2022-07-19,11.44,11.44,11.44,11.44,0
2022-07-20,11.44,11.44,11.44,11.44,0
2022-07-21,11.44,11.44,11.44,11.44,0
2022-07-22,11.44,11.44,11.44,11.44,0
2022-07-25,11.44,11.44,11.44,11.44,0
2022-07-26,11.44,11.44,11.44,11.44,0
2022-07-27,11.44,11.44,11.44,11.44,0
2022-07-28,11.44,11.44,11.44,11.44,0
2022-07-29,11.44,11.44,11.44,11.44,0
2022-08-01,11.44,11.44,11.44,11.44,0
2022-08-02,11.44,11.44,11.44,11.44,0
2022-08-03,11.44,11.44,11.44,11.44,0
2022-08-04,11.44,11.44,11.44,11.44,0
2022-08-05,11.44,11.44,11.44,11.44,0
2022-08-08,11.44,11.44,11.44,11.44,0
2022-08-09,11.44,11.44,11.44,11.44,0
2022-08-10,11.44,11.44,11.44,11.44,0
2022-08-11,11.44,11.44,11.44,11.44,0
2022-08-12,11.44,11.44,11.44,11.44,0
2022-08-15,11.44,11.44,11.44,11.44,0
2022-08-16,11.44,11.44,11.44,11.44,0
2022-08-17,11.44,11.44,11.44,11.44,0
2022-08-18,11.44,11.44,11.44,11.44,0
2022-08-19,11.44,11.44,11.44,11.44,0
2022-08-22,11.44,11.44,11.44,11.44,0
2022-08-23,11.44,11.44,11.44,11.44,0
2022-08-24,11.44,11.44,11.44,11.44,0
2022-08-25,11.44,11.44,11.44,11.44,0
2022-08-26,11.44,11.44,11.44,11.44,0
2022-08-29,11.44,11.44,11.44,11.44,0
2022-08-30,11.44,11.44,11.44,11.44,0
2022-08-31,11.44,11.44,11.44,11.44,0
2022-09-05,11.44,11.44,11.44,11.44,0
2022-09-06,11.44,11.44,11.44,11.44,0
2022-09-07,11.44,11.44,11.44,11.44,0
2022-09-08,11.44,11.44,11.44,11.44,0
2022-09-09,11.44,11.44,11.44,11.44,0
2022-09-12,11.44,11.44,11.44,11.44,0
2022-09-13,11.44,11.44,11.44,11.44,0
2022-09-14,11.44,11.44,11.44,11.44,0
2022-09-15,11.44,11.44,11.44,11.44,0
2022-09-16,11.44,11.44,11.44,11.44,0
2022-09-19,11.44,11.44,11.44,11.44,0
2022-09-20,11.44,11.44,11.44,11.44,0
2022-09-21,11.44,11.44,11.44,11.44,0
2022-09-22,11.44,11.44,11.44,11.44,0
2022-09-23,11.44,11.44,11.44,11.44,0
2022-09-26,11.44,11.44,11.44,11.44,0
2022-09-27,11.44,11.44,11.44,11.44,0
2022-09-28,11.44,11.44,11.44,11.44,0
2022-09-29,11.44,11.44,11.44,11.44,0
2022-09-30,11.44,11.44,11.44,11.44,0
2022-10-03,11.44,11.44,11.44,11.44,0
2022-10-04,11.44,11.44,11.44,11.44,0
2022-10-05,11.44,11.44,11.44,11.44,0
2022-10-06,11.44,11.44,11.44,11.44,0
2022-10-07,11.44,11.44,11.44,11.44,0
2022-10-10,11.44,11.44,11.44,11.44,0
2022-10-11,11.44,11.44,11.44,11.44,0
2022-10-12,11.44,11.44,11.44,11.44,0
2022-10-13,11.44,11.44,11.44,11.44,0
2022-10-14,11.44,11.44,11.44,11.44,0
2022-10-17,11.44,11.44,11.44,11.44,0
2022-10-18,11.44,11.44,11.44,11.44,0
2022-10-19,11.44,11.44,11.44,11.44,0
2022-10-20,11.44,11.44,11.44,11.44,0
2022-10-21,11.44,11.44,11.44,11.44,0
2022-10-24,11.44,11.44,11.44,11.44,0
2022-10-25,11.44,11.44,11.44,11.44,0
2022-10-26,11.44,11.44,11.44,11.44,0
2022-10-27,11.44,11.44,11.44,11.44,0
2022-10-28,11.44,11.44,11.44,11.44,0
2022-10-31,11.44,11.44,11.44,11.44,0
2022-11-01,11.44,11.44,11.44,11.44,0
2022-11-02,11.44,11.44,11.44,11.44,0
2022-11-03,11.44,11.44,11.44,11.44,0
2022-11-04,11.44,11.44,11.44,11.44,0
2022-11-07,11.44,11.44,11.44,11.44,0
2022-11-08,11.44,11.44,11.44,11.44,0
2022-11-09,11.44,11.44,11.44,11.44,0
2022-11-10,11.44,11.44,11.44,11.44,0
2022-11-11,11.44,11.44,11.44,11.44,0
2022-11-14,11.44,11.44,11.44,11.44,0
2022-11-15,11.44,11.44,11.44,11.44,0
2022-11-16,11.44,11.44,11.44,11.44,0
2022-11-17,11.44,11.44,11.44,11.44,0
2022-11-18,11.44,11.44,11.44,11.44,0
2022-11-21,8.8,8.8,8.8,8.8,100
2022-11-22,8.8,8.8,8.8,8.8,0
2022-11-23,8.8,8.8,8.8,8.8,0
2022-11-24,8.8,8.8,8.8,8.8,0
2022-11-25,8.8,8.8,8.8,8.8,0
2022-11-28,8.8,8.8,8.8,8.8,0
2022-11-29,8.8,8.8,8.8,8.8,0
2022-11-30,7.48,7.48,7.48,7.48,1000
2022-12-01,6.42,6.42,6.42,6.42,100
2022-12-02,6.42,6.42,6.42,6.42,100
2022-12-05,5.54,5.54,5.54,5.54,1000
2022-12-06,6.16,6.34,5.54,6.34,8100
2022-12-07,6.51,6.51,6.51,6.51,100
2022-12-08,7.39,7.39,7.39,7.39,100
2022-12-09,8.36,8.36,8.36,8.36,900
2022-12-12,8.36,8.36,8.36,8.36,0
2022-12-13,8.36,8.36,8.36,8.36,0
2022-12-14,8.36,8.36,8.36,8.36,0
2022-12-15,8.36,8.36,8.36,8.36,0
2022-12-16,8.36,8.36,8.36,8.36,0
2022-12-19,8.36,8.36,8.36,8.36,0
2022-12-20,8.36,8.36,8.36,8.36,0
2022-12-21,8.36,8.36,8.36,8.36,0
2022-12-22,8.36,8.36,8.36,8.36,0
2022-12-23,8.36,8.36,8.36,8.36,0
2022-12-26,8.36,8.36,8.36,8.36,0
2022-12-27,8.36,8.36,8.36,8.36,0
2022-12-28,8.36,8.36,8.36,8.36,0
2022-12-29,8.36,8.36,8.36,8.36,0
2022-12-30,8.36,8.36,8.36,8.36,0
2023-01-03,8.36,8.36,8.36,8.36,0
2023-01-04,8.36,8.36,8.36,8.36,0
2023-01-05,8.36,8.36,8.36,8.36,0
2023-01-06,8.36,8.36,8.36,8.36,0
2023-01-09,8.36,8.36,8.36,8.36,0
2023-01-10,8.36,8.36,8.36,8.36,0
2023-01-11,8.36,8.36,8.36,8.36,0
2023-01-12,8.36,8.36,8.36,8.36,0
2023-01-13,8.36,8.36,8.36,8.36,0
2023-01-16,8.36,8.36,8.36,8.36,0
2023-01-17,8.36,8.36,8.36,8.36,0
2023-01-18,8.36,8.36,8.36,8.36,0
2023-01-19,8.36,8.36,8.36,8.36,0
2023-01-27,8.36,8.36,8.36,8.36,0
2023-01-30,8.36,8.36,8.36,8.36,0
2023-01-31,8.36,8.36,8.36,8.36,0
2023-02-01,8.36,8.36,8.36,8.36,0
2023-02-02,8.36,8.36,8.36,8.36,0
2023-02-03,8.36,8.36,8.36,8.36,0
2023-02-06,8.36,8.36,8.36,8.36,0
2023-02-07,8.36,8.36,8.36,8.36,0
2023-02-08,8.36,8.36,8.36,8.36,0
2023-02-09,8.36,8.36,8.36,8.36,0
2023-02-10,8.36,8.36,8.36,8.36,0
2023-02-13,8.36,8.36,8.36,8.36,0
2023-02-14,8.36,8.36,8.36,8.36,0
2023-02-15,8.36,8.36,8.36,8.36,0
2023-02-16,8.36,8.36,8.36,8.36,0
2023-02-17,8.36,8.36,8.36,8.36,0
2023-02-20,8.36,8.36,8.36,8.36,0
2023-02-21,8.36,8.36,8.36,8.36,0
2023-02-22,8.36,8.36,8.36,8.36,0
2023-02-23,8.36,8.36,8.36,8.36,0
2023-02-24,8.36,8.36,8.36,8.36,0
2023-02-27,8.36,8.36,8.36,8.36,0
2023-02-28,8.36,8.36,8.36,8.36,0
2023-03-01,8.36,8.36,8.36,8.36,0
2023-03-02,8.36,8.36,8.36,8.36,0
2023-03-03,8.36,8.36,8.36,8.36,0
2023-03-06,8.36,8.36,8.36,8.36,0
2023-03-07,8.36,8.36,8.36,8.36,0
2023-03-08,8.36,8.36,8.36,8.36,0
2023-03-09,8.36,8.36,8.36,8.36,0
2023-03-10,8.36,8.36,8.36,8.36,0
2023-03-13,8.36,8.36,8.36,8.36,0
2023-03-14,8.36,8.36,8.36,8.36,0
2023-03-15,8.36,8.36,8.36,8.36,0
2023-03-16,8.36,8.36,8.36,8.36,0
2023-03-17,8.36,8.36,8.36,8.36,0
2023-03-20,8.36,8.36,8.36,8.36,0
2023-03-21,8.36,8.36,8.36,8.36,0
2023-03-22,8.36,8.36,8.36,8.36,0
2023-03-23,8.36,8.36,8.36,8.36,0
2023-03-24,8.36,8.36,8.36,8.36,0
2023-03-27,8.36,8.36,8.36,8.36,0
2023-03-28,8.36,8.36,8.36,8.36,0
2023-03-29,8.36,8.36,8.36,8.36,0
2023-03-30,8.36,8.36,8.36,8.36,0
2023-03-31,8.36,8.36,8.36,8.36,0
2023-04-03,8.36,8.36,8.36,8.36,0
2023-04-04,8.36,8.36,8.36,8.36,0
2023-04-05,8.36,8.36,8.36,8.36,0
2023-04-06,8.36,8.36,8.36,8.36,0
2023-04-07,8.36,8.36,8.36,8.36,0
2023-04-10,8.36,8.36,8.36,8.36,0
2023-04-11,8.36,8.36,8.36,8.36,0
2023-04-12,8.36,8.36,8.36,8.36,0
2023-04-13,8.36,8.36,8.36,8.36,0
2023-04-14,8.36,8.36,8.36,8.36,0
2023-04-17,8.36,8.36,8.36,8.36,0
2023-04-18,8.36,8.36,8.36,8.36,0
2023-04-19,8.36,8.36,8.36,8.36,0
2023-04-20,8.36,8.36,8.36,8.36,0
2023-04-21,8.36,8.36,8.36,8.36,0
2023-04-24,8.36,8.36,8.36,8.36,0
2023-04-25,8.36,8.36,8.36,8.36,0
2023-04-26,8.36,8.36,8.36,8.36,0
2023-04-27,8.36,8.36,8.36,8.36,0
2023-04-28,8.36,8.36,8.36,8.36,0
2023-05-04,8.36,8.36,8.36,8.36,0
2023-05-05,8.36,8.36,8.36,8.36,0
2023-05-08,8.36,8.36,8.36,8.36,0
2023-05-09,8.38,8.38,8.38,8.38,0
2023-05-10,8.38,8.38,8.38,8.38,0
2023-05-11,8.38,8.38,8.38,8.38,0
2023-05-12,8.38,8.38,8.38,8.38,0
2023-05-15,8.38,8.38,8.38,8.38,0
2023-05-16,8.38,8.38,8.38,8.38,0
2023-05-17,8.38,8.38,8.38,8.38,0
2023-05-18,8.38,8.38,8.38,8.38,0
2023-05-19,8.38,8.38,8.38,8.38,0
2023-05-22,8.38,8.38,8.38,8.38,0
2023-05-23,8.38,8.38,8.38,8.38,0
2023-05-24,7.45,7.45,7.45,7.45,11400
2023-05-25,7.45,7.45,7.45,7.45,0
2023-05-26,7.45,7.45,7.45,7.45,0
2023-05-29,7.45,7.45,7.45,7.45,0
2023-05-30,7.45,7.45,7.45,7.45,0
2023-05-31,7.45,7.45,7.45,7.45,0
2023-06-01,8.57,8.57,8.57,8.57,100
2023-06-02,9.78,9.78,9.78,9.78,100
2023-06-05,11.18,11.18,11.18,11.18,100
2023-06-06,11.18,11.18,11.18,11.18,0
2023-06-07,11.18,11.18,11.18,11.18,0
2023-06-08,11.18,11.18,11.18,11.18,0
2023-06-09,11.18,11.18,11.18,11.18,0
2023-06-12,11.18,11.18,11.18,11.18,0
2023-06-13,11.18,11.18,11.18,11.18,0
2023-06-14,11.18,11.18,11.18,11.18,0
2023-06-15,12.85,12.85,12.85,12.85,11400
2023-06-16,12.85,12.85,12.85,12.85,0
2023-06-19,10.99,14.72,10.99,14.72,400
2023-06-20,12.85,12.85,12.85,12.85,0
2023-06-21,12.85,12.85,12.85,12.85,0
2023-06-22,14.72,14.72,14.72,14.72,300
2023-06-23,16.86,16.86,16.86,16.86,1300
2023-06-26,18.63,18.63,18.54,18.54,1500
2023-06-27,18.63,18.63,18.54,18.54,500
2023-06-28,18.35,18.35,18.35,18.35,100
2023-06-29,18.35,18.35,18.35,18.35,0
2023-06-30,18.35,18.35,18.35,18.35,0
2023-07-03,18.35,18.35,18.35,18.35,0
2023-07-04,18.26,18.26,15.65,15.65,400
2023-07-05,13.88,18.63,13.88,13.88,900
2023-07-06,12.29,12.39,12.29,12.29,700
2023-07-07,10.52,10.52,10.52,10.52,700
2023-07-10,9.31,9.31,9.31,9.31,1300
2023-07-11,7.92,10.71,7.92,7.92,400
2023-07-12,7.45,7.54,7.45,7.54,300
2023-07-13,6.52,6.89,6.33,6.33,4900
2023-07-14,5.77,5.77,5.77,5.77,200
2023-07-17,5.77,5.77,5.77,5.77,200
2023-07-18,6.05,6.61,6.05,6.61,400
2023-07-19,7.26,7.26,6.99,7.26,1300
2023-07-20,7.26,7.26,7.26,7.26,100
2023-07-21,7.26,7.26,7.17,7.26,700
2023-07-24,8.2,8.2,7.36,8.01,2300
2023-07-25,8.85,8.85,8.85,8.85,1600
2023-07-26,8.85,8.85,8.85,8.85,1500
2023-07-27,8.85,8.85,8.85,8.85,400
2023-07-28,8.85,8.85,8.85,8.85,200
2023-07-31,8.85,8.85,8.85,8.85,500
2023-08-01,8.85,8.85,8.85,8.85,500
2023-08-02,8.85,8.85,8.85,8.85,500
2023-08-03,8.85,8.85,8.85,8.85,1000
2023-08-04,8.85,8.85,8.85,8.85,0
2023-08-07,8.85,8.85,8.85,8.85,400
2023-08-08,9.31,9.31,9.31,9.31,100
2023-08-09,9.31,9.31,9.31,9.31,0
2023-08-10,9.69,9.69,9.69,9.69,300
2023-08-11,9.69,9.69,9.69,9.69,0
2023-08-14,9.69,9.69,9.69,9.69,0
2023-08-15,9.69,9.69,9.69,9.69,0
2023-08-16,9.69,9.69,9.69,9.69,0
2023-08-17,9.69,9.69,9.69,9.69,0
2023-08-18,9.69,9.69,9.69,9.69,0
2023-08-21,9.69,9.69,9.69,9.69,0
2023-08-22,9.69,9.69,9.69,9.69,0
2023-08-23,9.69,9.69,9.69,9.69,0
2023-08-24,9.69,9.69,9.69,9.69,0
2023-08-25,9.69,9.69,9.69,9.69,0
2023-08-28,9.69,9.69,9.69,9.69,0
2023-08-29,9.69,9.69,9.69,9.69,0
2023-08-30,9.69,9.69,9.69,9.69,0
2023-08-31,9.5,9.5,8.29,8.29,800
2023-09-05,8.29,8.29,8.29,8.29,400
2023-09-06,8.29,8.29,8.29,8.29,0
2023-09-07,7.17,7.17,7.08,7.08,300
2023-09-08,7.17,7.17,7.17,7.17,0
2023-09-11,7.17,7.17,7.17,7.17,100
2023-09-12,7.45,8.2,7.45,8.2,2400
2023-09-13,8.85,8.85,8.76,8.85,500
2023-09-14,9.31,10.06,8.38,8.38,800
2023-09-15,8.38,8.38,7.82,7.92,1500
2023-09-18,7.17,7.45,7.08,7.08,1700
2023-09-19,7.36,7.36,7.36,7.36,0
2023-09-20,6.8,6.8,6.8,6.8,100
2023-09-21,6.8,6.8,6.8,6.8,0
2023-09-22,6.8,6.8,6.8,6.8,0
2023-09-25,6.8,6.8,6.8,6.8,0
2023-09-26,6.8,6.8,6.8,6.8,0
2023-09-27,6.8,6.8,6.8,6.8,0
2023-09-28,6.8,6.8,6.8,6.8,0
2023-09-29,6.8,6.8,6.8,6.8,0
2023-10-02,6.8,6.8,6.8,6.8,0
2023-10-03,6.8,6.8,6.8,6.8,0
2023-10-04,6.8,6.8,6.8,6.8,0
2023-10-05,6.8,6.8,6.8,6.8,0
2023-10-06,6.8,6.8,6.8,6.8,0
2023-10-09,6.8,6.8,6.8,6.8,0
2023-10-10,6.8,6.8,6.8,6.8,0
2023-10-11,6.8,6.8,6.8,6.8,0
2023-10-12,6.8,6.8,6.8,6.8,0
2023-10-13,6.8,6.8,6.8,6.8,0
2023-10-16,6.8,6.8,6.8,6.8,0
2023-10-17,6.8,6.8,6.8,6.8,0
2023-10-18,7.73,7.73,7.73,7.73,8256
2023-10-19,8.85,8.85,8.85,8.85,6061
2023-10-20,10.15,10.15,10.15,10.15,3200
2023-10-23,11.64,11.64,11.64,11.64,10300
2023-10-24,12.11,13.32,12.11,13.32,19446
2023-10-25,13.32,13.32,11.92,11.92,1320
2023-10-26,12.11,12.85,10.99,12.85,8350
2023-10-27,11.74,11.74,11.74,11.74,0
2023-10-30,10.06,10.15,10.06,10.15,605
2023-10-31,9.31,9.31,9.31,9.31,695
2023-11-01,9.31,9.31,9.31,9.31,0
2023-11-02,10.62,10.71,10.62,10.71,1205
2023-11-03,12.11,12.11,12.11,12.11,100
2023-11-06,10.34,10.34,10.34,10.34,100
2023-11-07,10.34,10.34,10.34,10.34,7700
2023-11-08,10.34,10.34,10.34,10.34,1
2023-11-09,10.34,10.34,10.34,10.34,0
2023-11-10,9.31,9.31,9.31,9.31,100
2023-11-13,9.31,9.31,9.31,9.31,800
2023-11-14,8.94,8.94,8.48,8.48,2201
2023-11-15,9.31,10.25,9.31,10.25,2800
2023-11-16,10.8,10.9,9.78,9.78,1400
2023-11-17,10.71,12.11,10.71,12.11,400
2023-11-20,12.67,12.67,12.67,12.67,100
2023-11-21,14.44,14.44,10.8,11.18,2000
2023-11-22,13.13,13.13,11.64,11.64,700
2023-11-23,10.8,10.8,10.8,10.8,100
2023-11-24,9.31,12.39,9.31,12.39,9550
2023-11-27,12.57,12.85,11.64,12.85,1000
2023-11-28,13.78,13.78,10.43,13.51,1700
2023-11-29,15.09,15.09,13.41,13.41,200
2023-11-30,13.41,15.65,12.2,15.65,6400
2023-12-01,15.18,15.18,15.18,15.18,100
2023-12-04,12.95,13.04,12.95,13.04,1350
2023-12-05,15.0,15.0,15.0,15.0,100
2023-12-06,12.76,13.32,12.76,13.32,4443
2023-12-07,13.97,13.97,13.97,13.97,100
2023-12-08,13.97,13.97,13.97,13.97,0
2023-12-11,13.97,13.97,13.97,13.97,0
2023-12-12,11.92,11.92,11.92,11.92,10500
2023-12-13,12.95,12.95,10.25,10.25,300
2023-12-14,11.18,11.18,11.18,11.18,0
2023-12-15,11.18,11.18,11.18,11.18,0
2023-12-18,11.18,11.18,11.18,11.18,0
2023-12-19,10.8,10.8,10.8,10.8,200
2023-12-20,10.8,10.8,10.8,10.8,0
2023-12-21,11.18,11.18,9.31,9.31,400
2023-12-22,9.78,9.78,9.78,9.78,1600
2023-12-25,11.18,11.18,11.18,11.18,1800
2023-12-26,12.85,12.85,12.85,12.85,5800
2023-12-27,14.72,14.72,14.53,14.62,15202
2023-12-28,14.72,15.83,14.72,15.65,14550
2023-12-29,15.37,15.83,13.97,13.97,1501
2024-01-02,14.81,14.81,14.81,14.81,0
2024-01-03,12.85,12.85,12.67,12.76,1700
2024-01-04,12.67,12.67,12.67,12.67,300
2024-01-05,12.67,12.67,12.67,12.67,601
2024-01-08,14.44,14.44,14.44,14.44,100
2024-01-09,14.34,14.44,14.34,14.34,601
2024-01-10,14.34,14.34,14.34,14.34,0
2024-01-11,13.6,13.97,13.51,13.97,1200
2024-01-12,13.88,13.88,13.23,13.23,1000
2024-01-15,13.23,13.23,11.64,13.23,1500
2024-01-16,12.11,12.11,12.11,12.11,1600
2024-01-17,12.11,12.11,12.11,12.11,1900
2024-01-18,13.78,13.78,13.78,13.78,100
2024-01-19,13.69,13.78,12.57,12.76,1400
2024-01-22,14.72,14.72,14.72,14.72,100
2024-01-23,14.72,14.72,14.72,14.72,0
2024-01-24,14.72,14.72,14.72,14.72,0
2024-01-25,13.78,13.78,13.69,13.69,400
2024-01-26,13.97,14.16,13.97,14.16,300
2024-01-29,14.9,14.9,13.04,13.04,1600
2024-01-30,13.32,13.32,13.32,13.32,100
2024-01-31,13.32,13.32,13.32,13.32,0
2024-02-01,12.57,12.57,12.57,12.57,500
2024-02-02,14.06,14.06,14.06,14.06,100
2024-02-05,13.51,13.88,12.57,13.88,300
2024-02-06,13.32,13.32,13.32,13.32,0
2024-02-07,13.32,13.32,13.32,13.32,0
2024-02-15,13.32,13.32,13.32,13.32,0
2024-02-16,13.04,13.04,13.04,13.04,200
2024-02-19,12.85,12.85,12.85,12.85,200
2024-02-20,12.85,12.85,12.85,12.85,0
2024-02-21,12.85,12.85,12.85,12.85,0
2024-02-22,12.57,12.57,12.57,12.57,100
2024-02-23,12.85,12.85,12.85,12.85,600
2024-02-26,12.85,12.85,12.85,12.85,0
2024-02-27,12.85,12.85,12.85,12.85,0
2024-02-28,12.85,12.85,12.85,12.85,0
2024-02-29,12.29,12.95,12.29,12.95,2300
2024-03-01,13.41,13.41,13.41,13.41,100
2024-03-04,14.44,14.44,12.57,13.32,800
2024-03-05,12.85,12.85,12.57,12.76,1700
2024-03-06,12.2,13.04,12.2,13.04,500
2024-03-07,12.85,12.85,12.85,12.85,0
2024-03-08,12.85,12.85,12.85,12.85,500
2024-03-11,12.85,12.85,12.85,12.85,0
2024-03-12,12.85,12.85,12.85,12.85,0
2024-03-13,12.85,12.85,12.85,12.85,0
2024-03-14,12.85,12.85,12.85,12.85,0
2024-03-15,12.85,12.85,12.85,12.85,0
2024-03-18,12.85,12.85,12.85,12.85,0
2024-03-19,12.85,12.85,12.85,12.85,0
2024-03-20,12.67,12.67,12.67,12.67,1000
2024-03-21,12.67,12.67,12.67,12.67,0
2024-03-22,12.67,12.67,12.67,12.67,0
2024-03-25,12.67,12.67,12.67,12.67,0
2024-03-26,12.67,12.67,12.67,12.67,0
2024-03-27,12.67,12.67,12.67,12.67,0
2024-03-28,12.67,12.67,12.67,12.67,0
2024-03-29,12.67,12.67,12.67,12.67,0
2024-04-01,14.44,14.53,14.34,14.44,1400
2024-04-02,13.78,13.78,12.29,12.29,1300
2024-04-03,15.18,15.18,14.25,15.09,1600
2024-04-04,14.81,14.81,14.81,14.81,0
2024-04-05,12.67,12.67,12.67,12.67,6201
2024-04-08,14.53,14.53,14.53,14.53,101
2024-04-09,13.97,13.97,12.39,12.39,2200
2024-04-10,13.04,13.04,13.04,13.04,300
2024-04-11,13.04,13.04,13.04,13.04,0
2024-04-12,13.04,13.04,13.04,13.04,0
2024-04-15,13.04,13.04,13.04,13.04,0
2024-04-16,11.18,11.18,11.18,11.18,500
2024-04-17,11.18,11.18,11.18,11.18,0
2024-04-19,11.18,11.18,11.18,11.18,0
2024-04-22,11.18,11.18,11.18,11.18,0
2024-04-23,11.18,11.18,11.18,11.18,0
2024-04-24,11.18,11.18,11.18,11.18,0
2024-04-25,11.18,11.18,11.18,11.18,0
2024-04-26,11.16,11.16,11.16,11.16,0
2024-05-02,11.16,11.16,11.16,11.16,0
2024-05-03,12.79,12.79,12.79,12.79,600
2024-05-06,13.95,13.95,13.95,13.95,1200
2024-05-07,15.1,15.1,15.1,15.1,200
2024-05-08,15.1,15.1,14.91,14.91,1400
2024-05-09,14.81,14.81,14.81,14.81,100
2024-05-10,14.62,14.62,14.43,14.43,500
2024-05-13,14.43,14.43,14.14,14.14,800
2024-05-14,13.95,13.95,13.76,13.76,500
2024-05-15,13.47,13.47,13.47,13.47,300
2024-05-16,13.18,13.18,13.18,13.18,500
2024-05-17,13.18,13.18,13.18,13.18,33
2024-05-20,13.18,13.18,13.18,13.18,0
2024-05-21,13.18,13.18,13.18,13.18,0
2024-05-22,13.95,13.95,13.95,13.95,300
2024-05-23,13.95,13.95,13.95,13.95,0
2024-05-24,13.95,13.95,13.95,13.95,0
2024-05-27,14.81,14.81,14.81,14.81,200
2024-05-28,12.7,12.7,12.7,12.7,301
2024-05-29,12.79,12.79,12.79,12.79,2000
2024-05-30,12.79,12.79,12.79,12.79,100
2024-05-31,12.79,12.79,12.79,12.79,0
2024-06-03,12.79,13.18,12.79,13.18,700
2024-06-04,13.27,13.47,12.99,13.08,3100
2024-06-05,13.37,13.37,13.27,13.27,300
2024-06-06,13.47,13.47,13.18,13.18,1100
2024-06-07,13.08,13.37,12.31,13.37,4000
2024-06-10,12.89,13.18,12.89,13.18,2701
2024-06-11,13.47,13.47,11.54,12.99,4300
2024-06-12,12.79,12.79,12.79,12.79,100
2024-06-13,12.99,12.99,12.99,12.99,100
2024-06-14,12.99,12.99,12.99,12.99,0
2024-06-17,12.99,12.99,12.99,12.99,1
2024-06-18,12.99,13.37,12.12,12.12,300
2024-06-19,12.99,13.37,12.99,13.37,1000
2024-06-20,13.37,13.37,11.83,11.93,2001
2024-06-21,11.93,11.93,11.64,11.74,3400
2024-06-24,12.02,12.02,12.02,12.02,900
2024-06-25,11.74,12.31,11.74,12.31,1900
2024-06-26,12.31,12.31,12.31,12.31,400
2024-06-27,12.31,12.31,12.31,12.31,2
2024-06-28,12.5,12.5,12.5,12.5,100
2024-07-01,12.5,12.5,12.5,12.5,0
2024-07-02,12.5,12.5,12.5,12.5,200
2024-07-03,12.5,12.5,12.5,12.5,100
2024-07-04,12.41,12.5,12.41,12.41,4000
2024-07-05,12.22,12.22,12.02,12.02,7469
2024-07-08,12.02,12.02,12.02,12.02,0
2024-07-09,12.02,12.02,12.02,12.02,0
2024-07-10,12.02,12.02,12.02,12.02,0
2024-07-11,12.02,12.02,12.02,12.02,1
2024-07-12,13.66,13.66,12.02,12.02,3800
2024-07-15,12.02,12.02,12.02,12.02,0
2024-07-16,12.02,12.02,12.02,12.02,0
2024-07-17,12.02,12.02,12.02,12.02,0
2024-07-18,12.02,12.02,12.02,12.02,0
2024-07-19,12.02,12.02,12.02,12.02,0
2024-07-22,10.77,10.87,10.77,10.87,350
2024-07-23,11.54,11.54,11.54,11.54,3100
2024-07-24,11.54,11.54,11.54,11.54,101
2024-07-25,12.5,12.5,12.5,12.5,403
2024-07-26,12.02,12.02,11.74,11.74,1700
2024-07-29,11.54,11.54,11.54,11.54,510
2024-07-30,11.54,11.54,11.54,11.54,0
2024-07-31,11.54,11.54,11.54,11.54,0
2024-08-01,11.54,11.54,11.54,11.54,0
2024-08-02,11.54,11.54,11.54,11.54,0
2024-08-05,11.54,11.54,11.54,11.54,0
2024-08-06,12.5,12.5,12.5,12.5,100
2024-08-07,12.5,12.5,12.5,12.5,0
2024-08-08,12.02,12.02,12.02,12.02,500
2024-08-09,11.54,11.54,11.54,11.54,3200
2024-08-12,11.54,11.54,11.54,11.54,0
2024-08-13,11.54,11.54,11.54,11.54,0
2024-08-14,11.54,11.54,11.54,11.54,0
2024-08-15,11.54,11.54,11.54,11.54,0
2024-08-16,12.02,12.02,12.02,12.02,300
2024-08-19,12.02,12.02,12.02,12.02,0
2024-08-20,12.02,12.02,12.02,12.02,400
2024-08-21,11.16,11.35,11.16,11.35,2000
2024-08-22,11.35,11.35,11.35,11.35,0
2024-08-23,11.35,11.35,11.35,11.35,0
2024-08-26,11.93,11.93,11.93,11.93,500
2024-08-27,11.93,11.93,11.93,11.93,0
2024-08-28,11.93,11.93,11.93,11.93,1300
2024-08-29,11.93,11.93,11.54,11.54,300
2024-08-30,12.02,12.02,12.02,12.02,100
2024-09-04,12.02,12.02,12.02,12.02,140
2024-09-05,12.02,12.02,12.02,12.02,47
2024-09-06,12.02,12.02,12.02,12.02,0
2024-09-09,12.02,12.02,12.02,12.02,0
2024-09-10,12.02,12.02,12.02,12.02,0
2024-09-11,12.02,12.02,12.02,12.02,9
2024-09-12,12.02,12.02,12.02,12.02,0
2024-09-13,12.02,12.02,12.02,12.02,0
2024-09-16,12.02,12.02,12.02,12.02,0
2024-09-17,12.02,12.02,12.02,12.02,0
2024-09-18,12.02,12.02,12.02,12.02,200
2024-09-19,12.02,12.02,12.02,12.02,100
2024-09-20,12.02,12.02,12.02,12.02,200
2024-09-23,12.22,12.22,12.22,12.22,301
2024-09-24,12.02,12.02,12.02,12.02,400
2024-09-25,12.02,12.02,12.02,12.02,0
2024-09-26,12.02,12.02,12.02,12.02,100
2024-09-27,12.02,12.02,12.02,12.02,500
2024-09-30,10.29,10.29,10.29,10.29,100
2024-10-01,10.68,11.83,10.68,11.83,200
2024-10-02,11.25,11.25,11.25,11.25,0
2024-10-03,11.25,11.25,11.25,11.25,0
2024-10-04,11.25,11.25,11.25,11.25,0
2024-10-07,11.25,11.25,11.25,11.25,0
2024-10-08,11.25,11.25,11.25,11.25,0
2024-10-09,11.25,12.5,11.06,12.5,1203
2024-10-10,12.5,12.5,12.12,12.12,300
2024-10-11,12.41,12.41,12.41,12.41,5
2024-10-14,11.35,11.35,11.35,11.35,300
2024-10-15,11.35,11.35,11.35,11.35,0
2024-10-16,11.35,11.35,11.35,11.35,500
2024-10-17,11.35,11.35,11.35,11.35,1000
2024-10-18,11.35,11.35,11.35,11.35,400
2024-10-21,11.16,11.16,11.06,11.06,203
2024-10-22,11.06,11.06,10.1,10.1,2100
2024-10-23,10.39,10.39,10.39,10.39,600
2024-10-24,10.39,10.39,10.39,10.39,0
2024-10-25,10.29,10.29,10.29,10.29,537
2024-10-28,10.29,10.29,10.29,10.29,0
2024-10-29,10.29,10.29,10.29,10.29,0
2024-10-30,10.29,10.29,10.29,10.29,0
2024-10-31,10.29,10.29,10.29,10.29,0
2024-11-01,11.54,11.54,11.54,11.54,400
2024-11-04,11.54,11.54,11.54,11.54,4
2024-11-05,11.54,11.54,11.54,11.54,0
2024-11-06,11.54,11.54,11.54,11.54,0
2024-11-07,11.54,11.54,11.54,11.54,0
2024-11-08,11.54,11.54,11.54,11.54,0
2024-11-11,11.54,11.54,11.54,11.54,20
2024-11-12,11.54,11.54,11.54,11.54,0
2024-11-13,11.54,11.54,11.54,11.54,900
2024-11-14,11.54,11.54,11.54,11.54,1
2024-11-15,11.45,11.45,11.35,11.35,412
2024-11-18,11.45,11.45,11.45,11.45,0
2024-11-19,11.45,11.45,11.45,11.45,0
2024-11-20,11.45,11.45,11.45,11.45,0
2024-11-21,11.25,11.25,11.25,11.25,100
2024-11-22,11.25,11.25,11.25,11.25,0
2024-11-25,11.16,11.16,11.16,11.16,200
2024-11-26,11.16,11.16,11.16,11.16,1000
2024-11-27,11.16,11.16,11.16,11.16,1
2024-11-28,9.52,9.52,9.52,9.52,100
2024-11-29,10.87,10.87,10.87,10.87,5500
2024-12-02,12.41,12.41,12.02,12.02,10462
2024-12-03,12.99,12.99,12.99,12.99,107
2024-12-04,11.64,11.64,11.06,11.06,4400
2024-12-05,11.25,11.25,10.87,10.87,1900
2024-12-06,11.16,11.16,11.16,11.16,50
2024-12-09,11.16,11.16,11.16,11.16,0
2024-12-10,11.25,11.25,11.25,11.25,1002
2024-12-11,11.25,11.25,11.25,11.25,1
2024-12-12,11.25,11.25,11.25,11.25,2
2024-12-13,12.02,12.02,12.02,12.02,100
2024-12-16,11.54,11.54,11.45,11.45,400
2024-12-17,11.45,11.45,11.45,11.45,0
2024-12-18,11.54,11.54,11.54,11.54,1000
2024-12-19,11.54,11.54,11.54,11.54,0
2024-12-20,11.54,11.54,11.54,11.54,2
2024-12-23,12.5,12.5,12.5,12.5,100
2024-12-24,12.5,12.5,12.5,12.5,0
2024-12-25,12.31,12.31,12.31,12.31,103
2024-12-26,12.31,12.31,12.31,12.31,0
2024-12-27,12.31,12.31,12.31,12.31,0
2024-12-30,12.31,12.31,12.31,12.31,2
2024-12-31,12.31,12.31,12.31,12.31,0
2025-01-02,11.06,11.06,11.06,11.06,100
2025-01-03,10.97,11.06,10.97,11.06,1300
2025-01-06,11.06,11.06,11.06,11.06,100
2025-01-07,11.06,11.06,11.06,11.06,0
2025-01-08,11.06,11.06,11.06,11.06,0
2025-01-09,11.06,11.06,11.06,11.06,0
2025-01-10,11.06,11.06,11.06,11.06,0
2025-01-13,12.7,12.7,12.7,12.7,120
2025-01-14,11.06,11.06,11.06,11.06,2000
2025-01-15,11.06,11.06,11.06,11.06,0
2025-01-16,11.06,11.06,11.06,11.06,0
2025-01-17,11.06,11.06,11.06,11.06,0
2025-01-20,11.06,11.06,11.06,11.06,0
2025-01-21,11.54,11.54,11.25,11.54,2000
2025-01-22,11.64,11.64,11.64,11.64,1000
2025-01-23,11.83,12.41,11.83,12.41,1000
2025-01-24,12.41,13.47,12.41,13.08,8419
2025-02-03,12.7,12.7,12.7,12.7,3008
2025-02-04,12.79,12.89,12.79,12.89,4218
2025-02-05,12.89,12.89,12.89,12.89,400
2025-02-06,12.99,13.47,12.99,13.47,5600
2025-02-07,13.95,14.43,13.47,14.43,2400
2025-02-10,14.04,14.04,13.47,13.95,2000
2025-02-11,14.43,15.58,14.43,15.58,15920
2025-02-12,15.01,15.01,14.81,14.81,5400
2025-02-13,13.85,13.85,13.56,13.56,2900
2025-02-14,13.66,13.66,13.66,13.66,14
2025-02-17,14.52,14.52,14.43,14.43,200
2025-02-18,14.52,15.1,14.52,15.1,200
2025-02-19,14.91,14.91,14.43,14.43,1500
2025-02-20,15.39,15.39,14.52,14.62,300
2025-02-21,17.03,17.03,16.93,16.93,700
2025-02-24,15.87,15.87,14.62,14.62,4200
2025-02-25,16.93,16.93,16.93,16.93,100
2025-02-26,16.93,16.93,16.93,16.93,18
2025-02-27,14.43,14.43,14.43,14.43,8300
2025-02-28,14.91,15.2,14.52,15.2,9900
2025-03-03,13.95,14.91,13.95,14.14,300
2025-03-04,14.33,14.33,14.33,14.33,0
2025-03-05,14.33,16.26,14.33,14.72,5300
2025-03-06,16.35,16.35,14.62,14.62,800
2025-03-07,16.26,16.26,16.26,16.26,126
2025-03-10,15.87,15.87,14.52,14.81,2642
2025-03-11,14.91,14.91,14.91,14.91,1
2025-03-12,13.18,13.18,13.08,13.08,419
2025-03-13,14.91,14.91,14.91,14.91,5503
2025-03-14,14.91,16.35,14.91,16.35,3599
2025-03-17,16.35,16.54,15.78,15.87,6737
2025-03-18,15.87,15.97,15.87,15.97,500
2025-03-19,15.87,15.87,15.68,15.68,1101
2025-03-20,14.43,14.91,14.43,14.52,1200
2025-03-21,14.43,14.52,14.43,14.43,500
2025-03-24,14.52,14.52,14.43,14.43,5500
2025-03-25,14.52,15.39,14.43,15.39,3746
2025-03-26,15.87,16.26,15.68,15.87,5223
2025-03-27,15.87,16.35,15.87,15.97,6300
2025-03-28,15.97,15.97,15.68,15.68,1414
2025-03-31,15.68,15.68,15.68,15.68,400
2025-04-01,15.58,15.58,14.91,14.91,1007
2025-04-02,14.91,15.87,14.91,15.87,3412
2025-04-03,14.91,14.91,13.56,14.14,3813
2025-04-04,12.5,14.81,12.5,13.56,1656
2025-04-08,12.99,12.99,12.99,12.99,600
2025-04-09,12.99,13.47,12.31,13.47,5203
2025-04-10,13.47,14.43,13.18,14.14,37249
2025-04-11,13.37,13.85,13.37,13.56,3200
2025-04-14,14.14,14.14,12.79,12.99,9351
2025-04-15,11.54,14.33,11.54,13.18,6429
2025-04-16,13.37,14.14,13.37,13.47,10500
2025-04-17,12.7,13.47,12.7,12.89,15930
2025-04-18,12.99,13.37,12.79,12.89,2510
2025-04-21,13.47,13.47,13.08,13.18,9100
2025-04-22,13.66,13.66,13.08,13.08,1902
2025-04-23,13.08,13.47,13.08,13.27,4675
2025-04-24,12.79,12.99,12.12,12.5,24300
2025-04-25,12.5,12.99,12.5,12.5,4772
2025-04-28,12.5,12.99,11.35,11.35,2800
2025-04-29,12.41,12.79,12.31,12.41,10700
2025-05-05,12.22,12.79,12.02,12.79,6101
2025-05-06,11.64,11.64,11.54,11.54,7700
2025-05-07,12.89,12.89,11.93,11.93,2310
2025-05-08,12.79,12.79,11.64,11.64,2800
2025-05-09,11.74,12.22,11.54,11.54,1700
2025-05-12,11.64,12.41,11.64,12.02,1700
2025-05-13,11.54,12.41,11.54,12.41,2250
2025-05-14,12.31,12.5,12.31,12.5,3800
2025-05-15,12.41,12.5,12.31,12.5,12650
2025-05-16,12.41,12.89,12.31,12.89,2804
2025-05-19,11.93,12.7,11.93,12.7,1150
2025-05-20,12.8,12.8,12.8,12.8,2550
2025-05-21,12.7,12.8,12.7,12.8,1318
2025-05-22,12.7,12.8,12.7,12.8,1900
2025-05-23,12.8,14.5,12.8,14.5,8700
2025-05-26,13.2,13.5,12.0,12.8,7360
2025-05-27,12.0,12.0,10.5,10.8,60021
2025-05-28,10.9,10.9,9.8,10.3,21159
2025-05-29,10.1,10.2,9.5,10.0,27490
2025-05-30,9.9,10.0,9.5,9.9,14400
2025-06-02,9.8,9.8,8.8,9.6,32100
2025-06-03,9.4,9.5,9.3,9.4,11500
2025-06-04,9.4,9.4,9.3,9.4,8000
2025-06-05,9.4,9.4,8.9,9.4,3600
2025-06-06,9.3,9.3,9.1,9.3,5600
2025-06-09,9.8,10.0,9.8,10.0,16900
2025-06-10,10.0,10.5,10.0,10.5,7600
2025-06-11,10.7,10.7,10.1,10.1,9200
2025-06-12,10.1,10.4,10.1,10.4,3600
2025-06-13,10.3,10.3,10.1,10.1,7600
2025-06-16,10.1,10.2,10.0,10.2,8800
2025-06-17,10.3,10.3,10.1,10.2,2500
2025-06-18,10.2,10.4,10.2,10.4,15100
2025-06-19,10.1,10.3,10.0,10.0,24800
