time,open,high,low,close,volume
2021-08-04,63.87,63.87,52.21,63.82,197900
2021-08-05,63.82,63.82,57.33,59.82,227117
2021-08-06,59.82,59.82,58.04,59.31,155200
2021-08-09,58.3,58.8,54.75,56.47,135600
2021-08-10,56.37,56.47,54.8,55.91,133906
2021-08-11,55.25,58.24,55.25,57.43,180500
2021-08-12,57.28,57.79,55.76,55.76,115900
2021-08-13,56.27,59.26,54.24,55.1,166700
2021-08-16,57.23,57.23,53.99,55.66,45200
2021-08-17,55.66,56.01,53.99,55.56,98502
2021-08-18,54.75,55.96,53.99,54.24,32000
2021-08-19,54.75,55.15,53.07,53.99,24700
2021-08-20,53.99,54.19,51.2,53.12,20600
2021-08-23,50.18,55.2,50.18,52.92,28302
2021-08-24,54.65,54.65,50.69,52.67,17200
2021-08-25,53.02,53.18,50.69,52.21,49600
2021-08-26,52.47,52.47,50.64,51.86,20500
2021-08-27,50.44,51.71,50.18,51.71,18900
2021-08-30,51.2,53.23,51.2,52.72,47500
2021-08-31,53.23,53.73,52.72,53.73,54600
2021-09-01,53.23,53.43,53.12,53.43,77200
2021-09-06,53.38,53.48,52.72,53.38,43801
2021-09-07,53.73,53.73,52.97,53.63,34900
2021-09-08,53.48,54.14,53.38,53.99,37500
2021-09-09,53.99,55.46,53.73,55.41,101300
2021-09-10,56.27,58.24,55.41,57.79,145500
2021-09-13,57.79,58.8,57.28,58.14,96300
2021-09-14,58.3,59.06,57.79,58.75,83200
2021-09-15,58.55,59.26,56.77,59.11,127100
2021-09-16,58.65,59.71,58.3,58.95,94900
2021-09-17,59.31,65.9,58.8,60.58,113700
2021-09-20,60.42,61.08,59.31,59.31,73800
2021-09-21,60.32,61.08,59.82,60.68,55100
2021-09-22,51.71,63.57,51.71,59.87,45900
2021-09-23,58.8,60.83,58.8,60.42,79300
2021-09-24,55.76,61.08,51.71,60.27,51206
2021-09-27,60.32,60.78,59.82,59.92,67700
2021-09-28,58.8,60.78,58.8,59.77,56600
2021-09-29,59.06,59.77,59.06,59.46,66300
2021-09-30,58.8,60.53,58.3,59.77,64710
2021-10-01,59.82,60.37,58.8,59.66,55600
2021-10-04,59.97,60.27,59.31,59.87,66500
2021-10-05,59.82,60.12,59.31,60.02,63500
2021-10-06,58.3,60.07,58.3,59.16,82200
2021-10-07,58.8,60.32,58.8,59.21,89200
2021-10-08,59.31,59.51,58.45,58.8,80200
2021-10-11,58.8,59.71,58.55,59.51,78000
2021-10-12,59.21,59.61,58.3,58.65,51400
2021-10-13,58.8,59.61,58.3,58.4,53102
2021-10-14,58.8,59.31,58.3,58.65,45700
2021-10-15,58.55,59.06,57.28,57.99,52700
2021-10-18,58.04,58.3,57.13,57.13,48400
2021-10-19,57.28,61.84,56.77,57.69,74701
2021-10-20,57.53,57.99,57.28,57.79,54600
2021-10-21,57.69,58.04,56.77,57.79,86400
2021-10-22,57.79,57.79,56.42,56.67,53700
2021-10-25,56.42,57.69,56.27,57.69,91000
2021-10-26,56.62,58.3,56.62,58.19,67807
2021-10-27,58.09,58.55,57.69,58.3,51400
2021-10-28,58.3,59.31,57.79,59.26,87700
2021-10-29,59.01,59.31,58.8,59.06,65100
2021-11-01,59.31,59.46,58.3,59.01,48500
2021-11-02,58.8,59.01,56.72,57.48,70500
2021-11-03,57.53,57.53,55.76,57.08,57800
2021-11-04,56.77,57.28,56.27,57.13,64800
2021-11-05,57.13,57.38,56.06,57.28,145400
2021-11-08,56.88,57.28,56.27,56.93,58500
2021-11-09,57.08,57.74,56.77,57.59,43000
2021-11-10,57.48,57.64,57.28,57.53,54300
2021-11-11,57.28,57.59,56.37,56.98,54100
2021-11-12,57.08,58.45,56.93,57.99,177400
2021-11-15,57.99,58.3,57.79,58.14,128800
2021-11-16,58.14,58.45,56.32,57.38,108200
2021-11-17,57.28,57.84,56.27,56.27,121300
2021-11-18,57.28,57.28,56.27,57.28,68300
2021-11-19,57.28,57.28,56.52,56.52,40000
2021-11-22,57.03,57.28,56.52,56.67,52400
2021-11-23,57.03,57.69,55.76,56.98,69200
2021-11-24,56.77,56.93,56.17,56.77,38400
2021-11-25,56.77,57.03,56.32,56.72,71701
2021-11-26,56.67,56.72,55.76,56.57,75600
2021-11-29,56.27,56.42,55.76,56.22,31900
2021-11-30,56.27,57.28,56.17,56.77,114700
2021-12-01,56.52,57.03,56.27,56.27,67600
2021-12-02,56.52,57.38,56.27,56.52,86700
2021-12-03,56.52,57.18,55.25,56.93,70800
2021-12-06,56.52,56.77,55.25,55.25,43500
2021-12-07,56.27,56.72,55.25,56.42,61200
2021-12-08,55.76,56.62,55.76,56.27,97500
2021-12-09,55.76,56.37,54.75,55.76,63600
2021-12-10,55.25,56.42,55.25,56.27,147900
2021-12-13,56.01,56.72,55.51,56.67,159300
2021-12-14,56.22,56.67,55.76,56.27,109500
2021-12-15,56.01,56.57,55.51,56.32,115200
2021-12-16,56.01,56.62,55.36,56.32,105900
2021-12-17,55.3,56.67,55.25,56.52,125400
2021-12-20,56.17,56.52,54.24,55.76,59200
2021-12-21,56.01,56.42,55.51,56.17,69009
2021-12-22,56.01,56.37,54.29,54.29,62300
2021-12-23,55.25,55.76,53.73,55.05,29603
2021-12-24,55.25,55.56,54.24,55.36,56802
2021-12-27,55.36,55.56,55.0,55.46,66800
2021-12-28,55.36,55.61,54.7,55.1,46710
2021-12-29,55.36,55.56,55.1,55.1,49816
2021-12-30,55.36,55.41,53.99,54.7,42924
2021-12-31,55.15,55.25,53.83,54.95,57900
2022-01-04,55.15,55.51,53.73,55.1,49900
2022-01-05,55.25,55.36,53.63,53.63,44201
2022-01-06,55.05,55.15,53.48,54.65,103600
2022-01-07,54.34,54.39,53.28,54.19,102310
2022-01-10,54.09,54.09,52.21,53.63,104300
2022-01-11,54.04,54.19,50.69,53.33,58600
2022-01-12,53.12,54.65,50.79,54.65,229700
2022-01-13,53.53,54.75,53.53,54.39,119700
2022-01-14,54.34,54.7,53.23,53.94,42200
2022-01-17,54.24,54.54,51.76,53.48,36000
2022-01-18,54.09,54.14,50.69,53.18,98300
2022-01-19,53.23,53.68,52.97,52.97,60800
2022-01-20,53.48,53.53,52.21,53.18,61000
2022-01-21,53.18,53.23,51.71,53.12,75800
2022-01-24,52.87,53.68,52.21,52.21,42900
2022-01-25,52.72,54.19,51.76,53.07,49500
2022-01-26,53.07,53.68,51.71,53.12,60400
2022-01-27,52.62,53.23,51.81,52.92,44500
2022-01-28,52.87,53.23,51.81,53.12,112200
2022-02-07,53.12,53.78,51.91,53.73,92000
2022-02-08,53.23,54.14,53.23,53.63,72200
2022-02-09,53.53,54.04,52.47,53.63,57400
2022-02-10,53.23,53.73,52.31,52.97,74700
2022-02-11,53.02,53.23,51.86,51.91,92910
2022-02-14,52.47,52.97,50.69,52.62,101020
2022-02-15,52.47,52.72,52.21,52.57,38000
2022-02-16,52.52,52.97,51.96,52.62,48700
2022-02-17,52.62,53.23,52.26,53.12,36920
2022-02-18,52.92,53.28,52.67,52.97,40100
2022-02-21,53.07,54.49,53.07,54.24,97900
2022-02-22,54.14,54.85,53.23,54.09,68900
2022-02-23,54.14,54.49,54.14,54.19,57300
2022-02-24,54.24,54.49,53.73,54.34,54700
2022-02-25,54.14,54.49,53.23,54.19,71700
2022-02-28,53.99,54.49,53.23,54.14,64302
2022-03-01,53.99,54.44,53.23,53.99,76723
2022-03-02,53.99,54.24,52.21,53.68,59300
2022-03-03,53.12,54.24,52.92,54.24,61825
2022-03-04,53.78,55.71,53.78,54.75,128600
2022-03-07,56.47,56.95,54.82,55.89,75101
2022-03-08,56.15,56.9,55.35,55.62,50121
2022-03-09,55.62,56.37,54.82,55.89,49900
2022-03-10,55.35,56.15,54.82,55.89,41000
2022-03-11,55.35,57.06,54.82,55.89,117305
2022-03-14,55.35,57.43,54.82,55.89,81001
2022-03-15,55.89,56.1,55.35,55.73,76200
2022-03-16,55.62,56.1,54.61,54.82,88600
2022-03-17,55.57,55.89,53.81,54.93,88201
2022-03-18,54.98,55.3,54.29,55.25,78200
2022-03-21,54.98,55.73,54.56,54.98,66400
2022-03-22,55.14,55.57,54.29,55.14,55400
2022-03-23,55.14,55.51,54.56,54.61,116400
2022-03-24,55.03,55.62,54.29,55.57,158165
2022-03-25,55.35,55.73,55.09,55.51,100800
2022-03-28,55.51,56.47,54.29,55.62,117630
2022-03-29,55.46,56.37,54.82,55.41,101100
2022-03-30,54.82,55.3,54.08,55.46,95939
2022-03-31,54.98,55.41,53.76,54.77,101900
2022-04-01,54.56,55.35,53.81,54.56,114501
2022-04-04,55.35,55.62,55.09,55.25,100200
2022-04-05,55.35,57.75,55.09,57.7,227564
2022-04-06,57.38,60.94,57.38,56.37,258343
2022-04-07,60.09,60.68,59.4,60.14,112302
2022-04-08,60.09,60.68,57.75,59.56,90040
2022-04-12,59.56,59.77,57.48,59.45,100900
2022-04-13,58.68,60.67,55.09,57.48,100700
2022-04-14,56.68,59.0,56.36,59.0,153700
2022-04-15,57.8,59.88,57.8,59.48,141405
2022-04-18,58.92,59.32,58.68,59.0,148100
2022-04-19,59.08,60.67,59.0,59.88,114600
2022-04-20,60.27,60.27,56.84,59.0,102900
2022-04-21,58.2,60.75,57.96,58.68,93800
2022-04-22,58.84,59.48,57.88,58.84,106900
2022-04-25,58.92,58.92,54.37,56.28,49203
2022-04-26,57.48,59.08,54.29,56.04,45242
2022-04-27,55.17,56.6,54.37,55.32,28701
2022-04-28,54.93,55.32,54.93,55.32,25719
2022-04-29,55.09,56.6,54.93,56.6,28210
2022-05-04,55.72,57.48,55.72,56.52,45121
2022-05-05,55.88,60.67,55.88,57.96,32201
2022-05-06,56.28,58.28,56.28,57.32,34100
2022-05-09,56.68,57.48,51.89,52.61,42705
2022-05-10,54.37,55.09,51.09,54.37,46011
2022-05-11,51.09,53.33,51.09,54.37,32700
2022-05-12,51.09,54.29,50.3,54.37,58802
2022-05-13,51.89,53.09,47.9,51.57,44000
2022-05-16,50.14,51.89,50.14,51.33,46201
2022-05-17,51.09,52.69,51.09,52.69,46000
2022-05-18,51.73,53.09,51.09,53.09,46200
2022-05-19,52.29,54.29,50.3,53.89,51100
2022-05-20,53.49,54.85,53.49,53.49,63020
2022-05-23,54.21,55.56,52.85,53.49,37300
2022-05-24,54.29,54.53,51.89,53.49,47403
2022-05-25,53.89,54.29,52.69,53.73,79910
2022-05-26,53.81,54.53,53.81,54.05,77802
2022-05-27,53.49,54.69,53.49,54.45,110000
2022-05-30,54.37,55.88,53.89,54.69,75408
2022-05-31,54.29,55.88,54.29,54.29,81100
2022-06-01,55.09,55.72,54.29,55.17,39800
2022-06-02,55.09,55.4,54.37,54.77,52900
2022-06-03,54.69,55.01,53.49,55.01,45450
2022-06-06,54.29,55.88,54.29,55.48,104900
2022-06-07,55.4,55.72,54.29,55.64,77310
2022-06-08,55.4,58.28,55.4,57.8,97602
2022-06-09,57.48,58.68,57.48,58.2,101005
2022-06-10,58.2,58.28,56.68,57.48,59500
2022-06-13,57.48,57.48,53.65,55.09,43185
2022-06-14,54.29,55.8,54.29,55.4,75816
2022-06-15,55.09,56.28,53.49,54.29,45514
2022-06-16,54.85,57.56,54.85,56.33,62900
2022-06-17,55.91,56.24,54.35,55.09,32730
2022-06-20,55.09,55.75,54.35,55.01,27750
2022-06-21,55.09,55.75,54.27,55.17,35150
2022-06-22,55.09,55.17,52.62,54.27,74001
2022-06-23,54.6,55.09,54.27,54.68,78103
2022-06-24,54.68,55.42,53.86,54.68,72987
2022-06-27,54.85,55.09,54.27,54.93,48721
2022-06-28,54.76,55.09,54.27,54.85,51200
2022-06-29,54.52,54.85,54.27,54.76,61298
2022-06-30,54.68,55.5,54.6,54.68,57920
2022-07-01,55.09,55.75,54.27,54.76,80002
2022-07-04,54.76,56.33,54.68,55.26,76370
2022-07-05,55.09,55.34,53.12,54.93,61970
2022-07-06,54.27,54.93,53.45,54.76,44605
2022-07-07,54.27,54.6,53.94,54.6,63456
2022-07-08,54.27,55.34,54.27,55.09,70909
2022-07-11,54.52,55.01,54.27,54.6,74000
2022-07-12,54.27,54.68,53.78,54.11,65005
2022-07-13,54.27,54.27,51.97,54.27,84406
2022-07-14,54.27,54.27,52.62,53.2,52000
2022-07-15,53.45,53.45,52.62,53.04,80030
2022-07-18,53.04,53.2,52.38,52.54,96400
2022-07-19,52.62,53.12,52.62,53.04,95982
2022-07-20,52.71,54.11,52.62,53.69,102061
2022-07-21,53.12,53.45,53.04,53.36,87300
2022-07-22,53.28,53.53,53.04,53.28,92084
2022-07-25,53.28,53.28,52.79,53.2,83816
2022-07-26,53.36,53.45,53.04,53.2,83850
2022-07-27,53.04,54.27,53.04,54.11,84000
2022-07-28,53.86,54.27,53.78,54.19,76300
2022-07-29,54.02,54.27,53.78,54.19,77500
2022-08-01,54.02,54.35,53.04,54.27,98910
2022-08-02,54.19,55.09,54.19,55.01,103775
2022-08-03,54.76,54.76,54.27,54.68,96049
2022-08-04,54.52,55.01,54.27,54.43,81832
2022-08-05,54.43,54.93,53.78,54.43,86138
2022-08-08,54.35,54.68,54.02,54.02,86531
2022-08-09,54.11,54.93,54.11,54.93,100852
2022-08-10,54.85,55.01,54.43,54.68,108493
2022-08-11,55.01,55.5,53.53,54.27,88985
2022-08-12,53.86,54.52,53.78,54.19,80070
2022-08-15,54.19,54.68,53.86,54.02,86600
2022-08-16,54.02,54.02,53.2,53.36,95500
2022-08-17,53.36,53.78,53.12,53.61,103100
2022-08-18,53.61,53.69,53.2,53.69,99700
2022-08-19,53.36,53.61,53.04,53.45,116200
2022-08-22,53.36,53.78,53.2,53.28,52000
2022-08-23,53.2,53.94,53.04,53.94,75025
2022-08-24,53.53,54.27,53.04,54.19,117700
2022-08-25,53.86,54.19,53.45,54.19,95200
2022-08-26,54.02,54.68,53.94,54.52,103100
2022-08-29,54.52,55.09,53.86,55.09,96325
2022-08-30,55.26,55.67,54.68,55.26,141414
2022-08-31,55.34,55.67,55.09,55.5,128721
2022-09-05,55.59,57.97,55.59,56.74,124851
2022-09-06,57.15,57.39,56.57,56.74,102900
2022-09-07,56.9,56.98,55.91,56.24,75700
2022-09-08,56.49,56.74,56.16,56.57,132610
2022-09-09,56.65,56.74,56.0,56.33,94775
2022-09-12,56.57,56.98,56.57,56.98,132777
2022-09-13,56.74,57.39,56.74,57.15,112216
2022-09-14,57.15,57.39,56.74,56.9,101439
2022-09-15,57.07,57.07,56.74,56.9,102110
2022-09-16,56.98,56.98,56.33,56.74,89850
2022-09-19,56.65,57.31,56.33,56.82,96925
2022-09-20,56.9,57.15,56.33,56.82,88305
2022-09-21,56.82,57.07,56.33,56.65,97800
2022-09-22,56.74,56.74,56.16,56.74,121830
2022-09-23,56.9,56.9,56.41,56.65,97600
2022-09-26,56.74,56.82,56.16,56.57,99389
2022-09-27,49.42,56.65,49.42,56.65,110830
2022-10-10,55.67,55.83,50.16,52.62,148700
2022-10-11,52.46,53.86,49.01,49.01,52053
2022-10-12,49.01,50.57,48.51,50.57,36264
2022-10-13,50.57,50.57,49.01,50.57,43204
2022-10-14,51.07,51.07,49.4,50.24,64233
2022-10-17,50.24,50.24,47.72,49.4,49058
2022-10-18,50.24,50.99,48.23,48.56,23356
2022-10-19,48.56,48.56,46.89,47.56,6321
2022-10-20,47.97,47.97,47.3,47.56,4411
2022-10-21,46.38,48.06,45.21,45.21,10801
2022-10-24,45.3,45.3,42.28,42.62,36661
2022-10-25,39.69,41.86,39.64,39.64,84590
2022-10-26,36.96,39.64,36.96,39.64,660
2022-10-27,41.78,41.78,39.35,41.78,4105
2022-10-28,42.28,42.28,39.6,39.6,6951
2022-10-31,39.64,39.64,37.68,39.6,4201
2022-11-01,39.35,41.28,37.89,41.28,4827
2022-11-02,40.44,40.44,40.4,40.4,224
2022-11-03,39.6,40.19,37.93,40.19,6317
2022-11-04,39.35,39.35,37.68,38.51,9845
2022-11-07,38.51,38.51,35.83,37.34,10267
2022-11-08,35.0,37.68,35.0,35.21,10556
2022-11-09,37.01,37.26,35.58,35.58,8702
2022-11-10,33.66,35.58,33.49,33.49,2927
2022-11-11,33.49,33.49,33.49,33.49,3607
2022-11-14,32.82,32.82,31.15,32.61,30055
2022-11-15,30.35,30.39,30.35,30.35,9250
2022-11-16,28.26,30.35,28.26,30.35,26750
2022-11-17,30.39,31.48,30.22,31.4,16549
2022-11-18,30.98,30.98,30.14,30.14,4401
2022-11-21,30.22,30.22,29.3,30.14,4450
2022-11-22,28.68,30.1,28.13,30.06,5150
2022-11-23,28.05,30.52,27.96,27.96,43400
2022-11-24,28.38,28.38,27.55,28.13,5060
2022-11-25,28.72,28.72,27.63,28.38,8300
2022-11-28,28.38,30.14,28.22,29.55,51223
2022-11-29,30.14,31.06,29.22,30.06,20634
2022-11-30,30.1,30.81,30.06,30.39,19414
2022-12-01,31.82,31.82,29.72,29.72,65302
2022-12-02,29.72,29.72,29.22,29.72,16301
2022-12-05,30.56,31.27,29.76,29.76,35511
2022-12-06,29.47,29.97,29.14,29.97,23746
2022-12-07,29.97,29.97,29.14,29.14,7820
2022-12-08,29.3,29.72,28.89,29.14,16026
2022-12-09,29.72,29.85,28.8,29.47,8236
2022-12-12,29.72,30.14,29.14,29.55,21660
2022-12-13,29.3,29.93,29.3,29.47,6300
2022-12-14,30.98,30.98,29.51,30.06,19206
2022-12-15,29.97,29.97,29.14,29.72,20094
2022-12-16,29.72,29.72,29.3,29.72,17352
2022-12-19,29.72,29.81,29.3,29.55,8301
2022-12-20,29.39,29.47,28.47,28.89,5610
2022-12-21,28.47,29.22,28.47,28.59,5815
2022-12-22,28.63,29.64,28.59,29.64,5216
2022-12-23,29.64,29.64,28.63,29.3,12834
2022-12-26,29.72,29.89,29.47,29.64,32100
2022-12-27,29.72,29.81,29.55,29.55,14214
2022-12-28,30.48,30.48,29.55,29.72,26110
2022-12-29,29.72,29.81,29.51,29.64,4700
2022-12-30,29.64,29.81,29.55,29.64,8862
2023-01-03,30.1,30.52,29.68,30.52,32358
2023-01-04,31.4,31.4,29.72,29.81,29917
2023-01-05,30.14,30.52,30.14,30.48,18500
2023-01-06,30.52,31.56,30.52,31.56,43900
2023-01-09,33.36,33.49,32.15,32.57,23547
2023-01-10,31.94,33.87,31.94,32.65,29238
2023-01-11,31.31,34.75,31.31,34.41,23100
2023-01-12,34.33,34.33,32.65,32.9,29800
2023-01-13,32.9,33.49,32.32,33.16,7600
2023-01-16,33.32,33.32,32.02,32.07,13960
2023-01-17,32.15,33.41,32.15,32.65,8600
2023-01-18,32.65,32.86,32.65,32.86,9321
2023-01-19,33.41,34.24,33.32,33.45,22647
2023-01-27,34.49,34.49,33.49,33.66,11340
2023-01-30,33.87,36.0,33.74,36.0,33928
2023-01-31,38.09,38.09,36.42,37.63,58324
2023-02-01,37.09,37.68,37.09,37.26,31855
2023-02-02,37.68,38.09,37.43,37.84,21415
2023-02-03,38.01,38.43,37.26,38.18,18810
2023-02-06,38.18,38.43,38.01,38.43,5930
2023-02-07,38.81,39.27,38.81,38.93,26992
2023-02-08,38.97,38.97,36.84,37.68,16515
2023-02-09,37.68,38.09,37.68,37.68,18792
2023-02-10,37.68,37.76,36.84,36.92,9471
2023-02-13,36.92,36.92,35.16,36.0,9200
2023-02-14,36.67,36.67,36.5,36.5,2481
2023-02-15,35.16,36.5,35.16,36.42,7000
2023-02-16,36.34,36.84,36.0,36.42,9600
2023-02-17,36.42,36.76,36.04,36.04,20711
2023-02-20,36.04,37.26,36.04,37.09,58322
2023-02-21,37.26,37.26,36.42,37.01,52909
2023-02-22,36.0,36.84,36.0,36.17,54874
2023-02-23,36.25,36.25,34.45,34.91,52725
2023-02-24,34.91,36.5,33.91,33.91,62751
2023-02-27,34.33,34.75,33.91,33.91,32363
2023-02-28,34.08,35.08,34.08,34.66,47711
2023-03-01,35.0,35.0,34.41,34.41,8100
2023-03-02,34.49,35.08,34.49,34.91,810
2023-03-03,34.91,34.91,34.91,34.91,1533
2023-03-06,35.5,35.67,35.0,35.0,10300
2023-03-07,35.08,35.08,35.08,35.08,5120
2023-03-08,35.04,35.08,34.33,35.04,7011
2023-03-09,35.16,35.16,34.41,34.41,10200
2023-03-10,34.49,34.58,34.49,34.49,5500
2023-03-13,34.66,35.0,34.24,34.24,8511
2023-03-14,33.49,34.49,33.49,33.91,3100
2023-03-15,33.91,34.49,33.91,34.49,6500
2023-03-16,34.49,34.49,33.91,33.91,6602
2023-03-17,33.95,34.33,33.7,33.7,18641
2023-03-20,33.66,33.82,32.65,33.49,11964
2023-03-21,33.49,34.96,33.49,34.54,12606
2023-03-22,33.66,35.08,33.57,34.41,35979
2023-03-23,32.23,34.75,32.23,34.41,32563
2023-03-24,34.41,34.91,33.99,33.99,24200
2023-03-27,33.99,33.99,33.91,33.91,1437
2023-03-28,33.95,34.16,33.95,34.16,3810
2023-03-29,34.24,34.33,33.49,33.49,38145
2023-03-30,34.03,34.45,33.32,33.49,20218
2023-03-31,34.24,34.24,33.66,33.66,17675
2023-04-03,34.33,34.33,33.91,33.99,3454
2023-04-04,33.99,34.16,33.95,34.16,5615
2023-04-05,33.95,34.16,33.95,34.16,4501
2023-04-06,34.24,34.33,34.2,34.2,15286
2023-04-07,34.2,34.24,33.74,34.24,10202
2023-04-10,34.29,34.91,34.29,34.79,19606
2023-04-11,34.75,35.08,34.75,34.79,3631
2023-04-12,34.96,34.96,34.33,34.79,4900
2023-04-13,34.79,34.83,33.49,34.75,2400
2023-04-14,34.75,34.75,33.74,34.66,3156
2023-04-17,33.57,34.41,32.28,34.16,14402
2023-04-18,33.2,34.24,33.2,34.2,3323
2023-04-19,34.2,34.2,33.91,34.08,900
2023-04-20,33.57,34.03,33.36,34.03,8300
2023-04-21,33.32,33.57,33.32,33.49,2135
2023-04-24,33.49,33.74,33.49,33.74,400
2023-04-25,34.33,34.33,33.24,33.32,20646
2023-04-26,33.91,34.08,32.65,33.49,6500
2023-04-27,33.49,33.49,33.16,33.49,5502
2023-04-28,33.49,33.49,32.9,33.49,2008
2023-05-04,33.66,33.66,32.61,33.49,12265
2023-05-05,32.65,33.36,32.28,33.36,2360
2023-05-08,33.24,33.36,33.2,33.36,3600
2023-05-09,32.86,32.86,32.65,32.65,5320
2023-05-10,32.65,32.65,32.49,32.65,1600
2023-05-11,32.65,33.16,32.65,33.16,5610
2023-05-12,32.9,33.07,32.65,33.07,8116
2023-05-15,33.07,33.16,33.07,33.07,4904
2023-05-16,32.82,32.82,32.82,32.82,3104
2023-05-17,32.82,33.07,32.82,32.82,2635
2023-05-18,32.9,33.41,32.65,33.28,4300
2023-05-19,33.07,33.07,32.69,32.74,17124
2023-05-22,33.16,33.16,32.74,32.74,4053
2023-05-23,32.74,32.86,32.65,32.82,8001
2023-05-24,32.82,32.82,32.65,32.65,4710
2023-05-25,32.65,32.82,32.32,32.4,9300
2023-05-26,32.65,32.65,32.61,32.65,2610
2023-05-29,32.65,32.65,32.23,32.65,6800
2023-05-30,32.65,32.65,32.32,32.32,9100
2023-05-31,32.65,32.95,32.36,32.95,14300
2023-06-01,32.99,33.16,32.65,32.65,11300
2023-06-02,33.07,33.07,32.49,32.65,11800
2023-06-05,32.69,33.41,32.69,33.41,13511
2023-06-06,33.07,33.41,33.07,33.41,6376
2023-06-07,33.41,34.24,33.41,33.78,9400
2023-06-08,33.49,33.49,33.07,33.45,13935
2023-06-09,33.07,33.45,32.86,33.45,7005
2023-06-12,33.07,33.32,32.99,33.32,8945
2023-06-13,33.32,33.32,33.16,33.2,3640
2023-06-14,33.2,33.66,33.07,33.41,20467
2023-06-15,33.87,33.95,33.41,33.49,16895
2023-06-16,33.82,34.41,33.66,33.66,16537
2023-06-19,32.99,33.41,32.9,33.03,5800
2023-06-20,33.07,33.07,32.9,33.07,5020
2023-06-21,33.07,33.07,32.86,33.07,9118
2023-06-22,33.07,33.41,32.9,33.07,34034
2023-06-23,32.74,33.32,32.74,33.16,10251
2023-06-26,32.86,35.16,32.86,34.16,58066
2023-06-27,34.75,36.55,34.24,36.55,45325
2023-06-28,38.76,38.76,36.55,37.01,22225
2023-06-29,37.01,38.09,36.67,36.67,13624
2023-06-30,36.67,36.67,36.42,36.67,2900
2023-07-03,35.92,37.26,35.92,36.76,5301
2023-07-04,37.09,37.09,36.0,36.09,7301
2023-07-05,36.25,36.25,35.12,35.12,11422
2023-07-06,35.16,36.67,35.12,35.16,25500
2023-07-07,36.09,36.09,35.29,35.92,12351
2023-07-10,36.76,36.76,35.16,35.58,27400
2023-07-11,35.71,36.29,35.58,36.13,25567
2023-07-12,36.13,36.13,35.71,35.71,26018
2023-07-13,35.75,37.26,35.75,37.17,15585
2023-07-14,37.17,37.26,36.42,36.84,30325
2023-07-17,36.84,38.18,36.84,37.68,45356
2023-07-18,38.94,39.03,38.57,39.03,20552
2023-07-19,39.08,39.68,38.85,39.03,9035
2023-07-20,39.03,39.5,38.66,39.5,11205
2023-07-21,39.5,39.5,39.03,39.22,8108
2023-07-24,39.22,39.22,38.24,39.03,26874
2023-07-25,39.45,39.96,38.85,38.85,6282
2023-07-26,39.87,39.87,38.85,38.94,8450
2023-07-27,39.03,39.03,38.57,38.94,4028
2023-07-28,38.66,39.87,38.66,39.31,37639
2023-07-31,39.31,39.87,39.03,39.31,15729
2023-08-01,39.31,39.4,38.75,39.31,14418
2023-08-02,39.27,39.27,38.1,39.22,7101
2023-08-03,38.57,38.61,38.48,38.61,6553
2023-08-04,38.38,38.89,37.17,38.57,33351
2023-08-07,38.57,38.66,38.57,38.57,22800
2023-08-08,38.57,39.17,38.1,38.38,8552
2023-08-09,38.48,41.03,38.1,41.03,50520
2023-08-10,43.77,43.77,41.45,42.29,34743
2023-08-11,41.08,43.68,41.08,42.94,27731
2023-08-14,42.94,43.17,42.01,42.75,19201
2023-08-15,41.82,42.56,39.78,41.82,30043
2023-08-16,42.29,42.29,40.89,41.77,11912
2023-08-17,41.36,41.5,40.89,41.22,22615
2023-08-18,42.29,43.49,39.4,39.96,71930
2023-08-21,38.71,40.8,38.57,40.8,8499
2023-08-22,39.5,40.43,38.85,40.43,3500
2023-08-23,39.4,40.38,38.85,40.29,14244
2023-08-24,40.33,40.33,39.03,40.33,15847
2023-08-25,40.33,40.33,39.59,40.19,12325
2023-08-28,39.96,41.26,39.54,40.38,6868
2023-08-29,40.33,40.43,39.54,40.19,7220
2023-08-30,39.68,40.84,39.64,40.75,8998
2023-08-31,39.87,41.68,39.4,41.68,51728
2023-09-05,41.82,41.82,40.05,41.22,12970
2023-09-06,41.26,41.26,39.96,39.96,30410
2023-09-07,40.05,41.36,39.87,40.43,38538
2023-09-08,40.05,40.43,39.5,39.92,33983
2023-09-11,39.92,40.15,39.73,39.92,18705
2023-09-12,39.5,40.33,39.5,39.68,15010
2023-09-13,39.68,39.92,38.99,39.68,47644
2023-09-14,39.03,39.13,38.57,39.03,87200
2023-09-15,38.89,39.03,38.29,38.71,11805
2023-09-18,38.71,38.94,38.57,38.94,7835
2023-09-19,38.66,38.85,38.34,38.66,7172
2023-09-20,38.75,39.96,38.57,39.78,52726
2023-09-21,39.78,39.78,39.03,39.13,6179
2023-09-22,38.57,39.13,38.29,38.99,15495
2023-09-25,38.48,38.94,37.87,37.87,17430
2023-09-26,37.92,38.1,37.64,37.82,12470
2023-09-27,37.27,38.48,37.27,38.1,11249
2023-09-28,38.01,38.1,38.01,38.1,1572
2023-09-29,37.64,38.06,37.27,38.01,6328
2023-10-02,38.01,38.48,37.96,38.48,1415
2023-10-03,37.64,38.01,37.64,38.01,2909
2023-10-04,37.22,38.1,37.22,37.92,3296
2023-10-05,37.64,37.87,37.64,37.87,2890
2023-10-06,37.87,38.43,37.78,38.43,4100
2023-10-09,38.43,38.8,38.43,38.8,2981
2023-10-10,37.64,38.8,37.64,38.1,4641
2023-10-11,37.64,38.06,37.64,38.06,1220
2023-10-12,38.1,38.1,37.41,38.06,8841
2023-10-13,38.06,38.06,37.41,37.92,909
2023-10-16,37.92,39.45,37.45,37.96,3430
2023-10-17,37.55,37.55,37.55,37.55,101
2023-10-18,37.27,37.45,36.48,36.48,7473
2023-10-19,36.34,36.34,35.55,35.78,13360
2023-10-20,35.83,35.83,35.32,35.78,2844
2023-10-23,35.5,36.06,34.85,35.97,2262
2023-10-24,35.97,37.08,35.97,37.08,1430
2023-10-25,35.32,36.62,35.32,36.62,2269
2023-10-26,36.52,36.52,34.57,36.2,3012
2023-10-27,36.15,36.15,34.39,34.85,4910
2023-10-30,35.32,35.32,35.32,35.32,233
2023-10-31,35.55,35.55,34.39,35.18,3321
2023-11-01,34.39,35.04,33.32,34.76,9686
2023-11-02,35.32,35.73,34.76,35.59,8780
2023-11-03,36.11,36.11,34.43,35.45,7810
2023-11-06,35.45,35.45,34.53,35.32,9367
2023-11-07,35.18,35.32,34.85,35.13,1982
2023-11-08,34.53,35.41,34.48,35.41,8141
2023-11-09,35.41,35.41,34.94,35.36,7406
2023-11-10,35.41,35.41,34.94,35.32,19982
2023-11-13,35.22,35.22,34.66,34.66,10202
2023-11-14,34.66,35.04,34.66,34.85,19633
2023-11-15,36.06,36.06,35.22,35.27,5502
2023-11-16,35.22,35.27,34.94,35.27,1093
2023-11-17,35.32,35.32,34.48,34.62,7901
2023-11-20,34.48,35.32,34.39,35.22,8656
2023-11-21,35.32,35.5,35.04,35.32,8631
2023-11-22,35.32,35.5,35.32,35.5,5335
2023-11-23,35.5,37.31,35.5,36.24,10340
2023-11-24,36.24,37.08,35.73,35.78,6736
2023-11-27,35.87,36.24,35.78,36.15,9431
2023-11-28,36.43,36.52,35.22,35.22,6431
2023-11-29,35.41,37.13,35.32,35.32,8220
2023-11-30,35.32,35.87,35.32,35.87,1086
2023-12-01,36.25,36.25,35.59,35.59,2543
2023-12-04,36.25,36.25,35.87,36.16,5122
2023-12-05,36.16,36.16,35.59,35.64,5164
2023-12-06,35.64,36.2,35.64,36.16,3502
2023-12-07,36.16,36.16,35.16,35.49,5944
2023-12-08,35.73,35.73,35.02,35.59,7811
2023-12-11,35.59,35.73,35.59,35.68,7560
2023-12-12,35.73,35.73,35.54,35.54,1230
2023-12-13,35.54,35.73,35.21,35.64,6602
2023-12-14,35.64,36.72,34.93,36.72,9910
2023-12-15,35.87,35.87,35.78,35.78,288
2023-12-18,35.73,35.73,35.11,35.73,4100
2023-12-19,35.73,35.73,35.73,35.73,5540
2023-12-20,35.87,35.97,35.73,35.73,1603
2023-12-21,35.07,36.01,35.07,35.73,10702
2023-12-22,35.11,35.73,35.11,35.73,12520
2023-12-25,35.78,36.01,35.49,36.01,1354
2023-12-26,36.01,36.01,34.83,35.87,26576
2023-12-27,35.87,35.87,35.49,35.49,9312
2023-12-28,36.11,36.11,35.49,35.49,3910
2023-12-29,35.97,35.97,35.49,35.59,9647
2024-01-02,35.87,35.87,35.4,35.73,10103
2024-01-03,35.87,35.87,35.02,35.68,13748
2024-01-04,35.68,35.68,34.07,35.4,9305
2024-01-05,35.4,35.45,35.11,35.45,5515
2024-01-08,35.73,35.73,35.26,35.59,29247
2024-01-09,35.68,35.73,35.49,35.68,18190
2024-01-10,36.87,36.87,35.49,35.49,5516
2024-01-11,35.49,35.49,35.21,35.4,7066
2024-01-12,35.07,35.4,35.02,35.11,5800
2024-01-15,35.11,35.26,35.02,35.02,4504
2024-01-16,35.4,35.4,34.59,35.02,20422
2024-01-17,35.4,35.4,35.02,35.02,17844
2024-01-18,34.93,35.45,34.93,35.02,12351
2024-01-19,35.4,35.4,34.97,35.02,14353
2024-01-22,35.02,35.02,35.02,35.02,6771
2024-01-23,35.02,35.02,34.64,34.97,8614
2024-01-24,34.97,35.02,34.83,34.88,10305
2024-01-25,35.02,35.02,34.74,34.78,34944
2024-01-26,34.83,34.97,34.26,34.97,12310
2024-01-29,34.4,35.4,34.4,35.02,3422
2024-01-30,34.64,35.02,34.64,35.02,11228
2024-01-31,35.02,35.87,34.74,35.02,17995
2024-02-01,35.02,36.87,34.88,35.49,38597
2024-02-02,35.59,35.59,34.83,35.02,32710
2024-02-05,35.3,35.3,34.93,35.3,30910
2024-02-06,35.3,35.49,35.02,35.02,34766
2024-02-07,35.21,36.44,35.21,35.49,8415
2024-02-15,35.49,35.97,35.49,35.78,11642
2024-02-16,35.78,36.72,35.78,35.87,5508
2024-02-19,35.64,36.39,35.64,36.34,32772
2024-02-20,36.53,36.53,35.97,36.06,41572
2024-02-21,36.06,36.68,35.78,36.44,31514
2024-02-22,35.97,36.39,35.87,36.06,46973
2024-02-23,36.06,36.34,35.97,35.97,45122
2024-02-26,35.97,36.63,35.97,36.3,46723
2024-02-27,36.3,37.24,36.3,36.68,25436
2024-02-28,37.2,39.23,37.15,38.76,59936
2024-02-29,38.9,38.9,38.05,38.1,19674
2024-03-01,39.52,39.52,38.33,39.09,16978
2024-03-04,39.75,40.13,39.0,39.09,21773
2024-03-05,39.52,39.52,38.24,39.0,23433
2024-03-06,39.52,39.52,37.86,37.86,32604
2024-03-07,37.67,39.23,37.67,38.71,28779
2024-03-08,37.95,39.14,37.95,38.71,10915
2024-03-11,38.81,39.56,38.33,38.71,23029
2024-03-12,38.14,39.04,38.1,39.0,17450
2024-03-13,38.38,40.65,38.38,40.23,28932
2024-03-14,40.27,40.27,38.81,39.75,23870
2024-03-15,39.75,39.75,38.76,39.56,17292
2024-03-18,39.52,39.52,38.33,38.81,28321
2024-03-19,38.81,38.81,38.47,38.76,9602
2024-03-20,38.81,38.81,37.86,38.76,32742
2024-03-21,38.33,38.81,37.86,38.71,30897
2024-03-22,38.71,38.76,38.05,38.05,23344
2024-03-25,37.95,38.1,37.2,38.1,21177
2024-03-26,37.86,38.33,37.86,38.14,5095
2024-03-27,37.95,38.14,37.86,38.14,10522
2024-03-28,38.33,38.33,38.14,38.24,15550
2024-03-29,38.24,38.24,38.05,38.05,8676
2024-04-01,38.05,38.33,37.81,37.81,18809
2024-04-02,37.81,37.86,37.24,37.86,4269
2024-04-03,38.33,38.33,37.58,38.24,23865
2024-04-04,38.24,38.71,37.53,37.86,12807
2024-04-05,38.14,38.14,37.24,37.76,22030
2024-04-08,37.67,37.67,37.2,37.62,14888
2024-04-09,37.58,37.62,37.34,37.62,4102
2024-04-10,37.67,38.1,37.39,37.95,6590
2024-04-11,37.86,37.86,37.53,37.86,9263
2024-04-12,37.86,37.95,37.67,37.95,14873
2024-04-15,37.48,37.91,36.63,37.91,13474
2024-04-16,36.91,37.01,36.44,36.58,14757
2024-04-17,36.63,37.39,36.44,37.1,6755
2024-04-19,36.44,36.44,35.68,36.34,14984
2024-04-22,35.82,36.16,35.59,36.16,14572
2024-04-23,35.64,35.68,34.55,34.69,43131
2024-04-24,35.49,36.39,35.49,36.34,14942
2024-04-25,36.34,36.39,35.59,36.25,11250
2024-04-26,36.53,36.91,36.44,36.72,21775
2024-05-02,36.91,36.91,35.97,36.44,12301
2024-05-03,36.44,36.82,36.01,36.82,23232
2024-05-06,36.82,36.82,35.97,36.82,12600
2024-05-07,36.82,36.91,36.16,36.82,29884
2024-05-08,36.82,37.34,36.44,37.29,24209
2024-05-09,37.39,38.57,37.29,38.33,22038
2024-05-10,38.33,38.33,37.67,37.95,14132
2024-05-13,37.86,38.33,37.72,37.95,7001
2024-05-14,37.95,37.95,37.53,37.76,7509
2024-05-15,37.76,38.71,37.76,38.19,12184
2024-05-16,38.24,38.71,38.14,38.14,8604
2024-05-17,38.24,38.33,38.05,38.05,38765
2024-05-20,38.05,38.24,37.91,38.05,39857
2024-05-21,38.05,40.04,38.05,38.95,48696
2024-05-22,38.95,39.28,38.43,38.81,7962
2024-05-23,38.81,39.66,38.81,39.28,38054
2024-05-24,39.23,40.23,39.18,39.18,35613
2024-05-27,39.23,40.51,38.71,40.51,43239
2024-05-28,40.23,41.17,40.23,41.17,63087
2024-05-29,41.65,41.74,41.17,41.17,24710
2024-05-30,41.22,41.46,40.65,40.65,16487
2024-05-31,40.65,41.27,40.65,40.75,8660
2024-06-03,40.7,41.83,40.7,41.27,22294
2024-06-04,41.31,42.36,40.79,41.55,35780
2024-06-05,41.46,42.59,41.46,41.93,11610
2024-06-06,41.98,42.12,41.27,41.55,35692
2024-06-07,41.36,43.02,41.36,41.55,27203
2024-06-10,41.17,42.59,41.17,41.98,18057
2024-06-11,41.46,41.98,41.27,41.98,32268
2024-06-12,42.02,44.91,41.98,44.91,233249
2024-06-13,47.23,47.23,45.43,46.85,63373
2024-06-14,45.57,49.03,45.43,46.85,104194
2024-06-17,46.85,49.12,45.43,49.03,137408
2024-06-18,49.03,49.03,47.32,48.27,43196
2024-06-19,48.65,48.65,47.04,48.55,66410
2024-06-20,48.55,49.03,46.85,48.08,32861
2024-06-21,46.95,48.08,46.66,46.76,58539
2024-06-24,46.8,47.0,44.74,45.41,37268
2024-06-25,44.74,45.41,44.01,44.26,33467
2024-06-26,44.3,47.33,44.26,47.14,72441
2024-06-27,46.18,47.05,46.18,46.42,11450
2024-06-28,46.42,46.95,44.88,44.93,19287
2024-07-01,44.83,46.08,44.54,45.36,23580
2024-07-02,45.36,46.18,45.22,45.89,31937
2024-07-03,45.99,45.99,45.7,45.7,17262
2024-07-04,45.7,47.57,45.7,46.76,32726
2024-07-05,46.76,47.14,45.41,46.18,16908
2024-07-08,45.89,46.08,43.29,45.7,59466
2024-07-09,44.83,46.18,44.83,46.03,21210
2024-07-10,45.22,46.18,45.12,46.13,31621
2024-07-11,47.14,47.14,45.22,46.08,36467
2024-07-12,46.08,46.13,45.22,45.27,26170
2024-07-15,45.27,46.13,45.27,45.94,14064
2024-07-16,45.94,46.08,45.02,45.22,13015
2024-07-17,45.55,45.94,43.77,43.77,16558
2024-07-18,44.35,44.69,43.63,43.87,14522
2024-07-19,44.98,44.98,43.77,44.26,26845
2024-07-22,44.26,44.26,41.37,43.39,59055
2024-07-23,43.39,43.39,40.89,40.98,41779
2024-07-24,40.41,43.82,40.41,42.33,23725
2024-07-25,42.28,43.05,40.89,42.28,16911
2024-07-26,41.95,42.43,41.56,42.38,15751
2024-07-29,42.43,42.43,42.33,42.33,1808
2024-07-30,42.33,42.38,41.37,42.33,5968
2024-07-31,42.33,42.33,41.51,42.33,51796
2024-08-01,41.56,44.16,41.27,41.27,32114
2024-08-02,40.41,42.28,40.41,41.61,13833
2024-08-05,41.61,41.61,39.35,39.44,60825
2024-08-06,39.44,40.31,38.72,39.44,16390
2024-08-07,40.41,40.41,39.44,39.97,17830
2024-08-08,40.6,40.6,38.96,39.97,13413
2024-08-09,39.44,40.26,39.44,39.49,43000
2024-08-12,41.18,41.18,39.49,40.7,18909
2024-08-13,40.6,40.6,39.49,40.41,3948
2024-08-14,40.41,40.6,40.41,40.41,4112
2024-08-15,40.41,40.79,39.44,40.36,2621
2024-08-16,39.44,40.36,39.44,40.31,13728
2024-08-19,40.41,41.75,40.41,41.13,32704
2024-08-20,41.13,41.66,40.6,41.56,39727
2024-08-21,41.56,41.56,40.89,40.94,12145
2024-08-22,40.98,42.19,40.5,42.19,34081
2024-08-23,42.14,42.14,41.03,41.71,17038
2024-08-26,42.09,42.09,41.18,41.37,4842
2024-08-27,41.37,41.42,41.08,41.13,11210
2024-08-28,41.13,41.37,41.13,41.37,902
2024-08-29,41.37,41.37,40.41,40.55,28838
2024-08-30,41.18,41.18,40.7,40.7,5423
2024-09-04,40.7,40.7,40.26,40.26,14614
2024-09-05,40.31,41.71,39.93,40.12,14891
2024-09-06,40.12,40.94,39.73,40.21,9294
2024-09-09,39.3,40.21,39.3,39.83,8494
2024-09-10,39.64,39.83,39.54,39.83,7076
2024-09-11,39.83,40.41,39.44,39.69,3902
2024-09-12,39.35,40.41,39.3,39.49,13226
2024-09-13,39.44,41.37,39.44,40.45,7423
2024-09-16,40.45,41.13,39.44,40.5,14311
2024-09-17,40.41,40.41,39.93,40.36,2229
2024-09-18,39.93,40.41,39.93,40.36,6203
2024-09-19,40.74,40.74,40.21,40.36,24500
2024-09-20,40.36,40.89,39.97,40.84,21102
2024-09-23,39.93,40.7,39.93,40.45,10104
2024-09-24,40.45,40.89,39.93,40.89,2004
2024-09-25,40.89,41.18,40.41,40.41,22144
2024-09-26,40.41,40.41,40.31,40.36,10001
2024-09-27,39.54,40.41,39.54,39.83,7413
2024-09-30,39.83,40.36,39.83,40.36,5790
2024-10-01,40.41,40.74,39.93,40.36,7636
2024-10-02,39.93,40.65,39.93,39.97,4375
2024-10-03,39.97,39.97,39.44,39.93,7954
2024-10-04,40.36,40.36,39.97,40.31,7353
2024-10-07,40.31,42.48,39.64,40.41,8808
2024-10-08,40.6,40.6,40.36,40.41,4600
2024-10-09,40.41,41.32,39.73,40.36,8310
2024-10-10,40.31,40.31,39.44,40.31,5509
2024-10-11,40.07,40.41,39.59,40.31,9598
2024-10-14,40.26,40.41,40.26,40.41,10814
2024-10-15,40.41,40.41,40.31,40.31,645
2024-10-16,40.21,40.21,39.97,39.97,2100
2024-10-17,39.97,41.51,39.44,39.97,12805
2024-10-18,40.12,40.12,40.02,40.02,800
2024-10-21,40.02,40.02,39.44,39.97,18722
2024-10-22,39.59,39.93,39.4,39.4,5800
2024-10-23,39.4,39.4,39.25,39.25,2900
2024-10-24,39.35,39.35,39.16,39.16,3800
2024-10-25,39.16,39.25,39.06,39.16,4601
2024-10-28,39.16,40.26,39.16,40.12,9908
2024-10-29,40.12,40.12,39.44,39.54,5625
2024-10-30,40.21,40.21,39.59,39.97,3609
2024-10-31,40.02,40.07,39.93,40.02,3400
2024-11-01,39.93,40.31,39.93,40.21,7000
2024-11-04,40.26,40.26,40.21,40.21,3105
2024-11-05,39.93,40.21,39.93,40.21,600
2024-11-06,40.21,40.21,37.42,40.21,3550
2024-11-07,40.26,40.65,39.82,40.65,13905
2024-11-08,39.62,40.7,39.62,40.56,2503
2024-11-11,40.56,40.56,39.72,40.16,6678
2024-11-12,39.72,40.11,39.58,40.11,4669
2024-11-13,39.43,41.14,39.43,39.62,4846
2024-11-14,39.62,40.95,39.38,39.62,6983
2024-11-15,39.92,40.16,39.62,39.62,6534
2024-11-18,39.82,39.82,39.62,39.67,7455
2024-11-19,39.62,40.51,39.58,39.62,23803
2024-11-20,39.62,39.82,39.53,39.82,9002
2024-11-21,39.53,39.72,39.23,39.72,6500
2024-11-22,39.53,39.53,38.99,38.99,32820
2024-11-25,39.23,39.23,39.08,39.23,26900
2024-11-26,39.23,39.72,39.23,39.28,7412
2024-11-27,40.51,40.51,40.21,40.21,11861
2024-11-28,39.72,40.21,39.58,40.21,6725
2024-11-29,40.21,40.31,39.48,39.77,7394
2024-12-02,40.21,40.21,39.62,39.72,8563
2024-12-03,39.72,40.07,39.62,39.62,4109
2024-12-04,39.72,39.82,39.62,39.67,8046
2024-12-05,39.67,40.02,39.67,40.02,1666
2024-12-06,40.02,40.02,39.82,39.97,8326
2024-12-09,39.92,39.97,39.87,39.92,10973
2024-12-10,39.92,41.19,39.72,40.51,38559
2024-12-11,40.56,41.0,39.72,40.95,20150
2024-12-12,41.34,41.34,40.26,40.56,19136
2024-12-13,40.56,41.19,40.51,40.7,7370
2024-12-16,40.7,40.7,39.82,40.02,18311
2024-12-17,40.07,42.17,40.02,41.19,48810
2024-12-18,41.19,41.98,41.19,41.83,23406
2024-12-19,41.68,41.68,40.7,41.49,15408
2024-12-20,41.39,41.39,40.95,41.29,4543
2024-12-23,42.17,42.17,41.19,41.39,14090
2024-12-24,41.39,41.39,40.85,40.95,6975
2024-12-25,41.0,42.08,41.0,41.49,16061
2024-12-26,41.49,41.49,41.05,41.44,1254
2024-12-27,41.39,42.13,41.19,41.39,2224
2024-12-30,41.29,41.68,41.0,41.0,2501
2024-12-31,41.19,41.39,41.0,41.0,10963
2025-01-02,40.9,41.88,40.9,41.19,10900
2025-01-03,40.9,41.05,40.7,40.75,10484
2025-01-06,41.68,41.68,40.21,40.21,9505
2025-01-07,40.26,40.7,40.02,40.51,2860
2025-01-08,40.51,41.19,40.51,41.19,1861
2025-01-09,41.14,41.14,40.7,41.14,9803
2025-01-10,40.61,41.14,40.31,41.0,7800
2025-01-13,41.0,41.0,40.7,41.0,9561
2025-01-14,41.0,41.19,40.21,41.19,17000
2025-01-15,41.05,41.05,40.41,41.0,11447
2025-01-16,40.51,41.0,40.31,41.0,6844
2025-01-17,40.9,40.9,40.31,40.75,2173
2025-01-20,40.75,40.75,40.21,40.7,5300
2025-01-21,40.7,40.7,40.21,40.7,5200
2025-01-22,40.21,40.41,40.21,40.41,9503
2025-01-23,40.21,40.7,40.21,40.7,2357
2025-01-24,40.21,40.21,39.62,39.67,36411
2025-02-03,40.11,40.11,39.23,39.67,13616
2025-02-04,39.72,39.72,39.62,39.62,6800
2025-02-05,39.43,39.43,39.13,39.13,29167
2025-02-06,39.13,39.48,37.27,39.48,7116
2025-02-07,39.72,39.72,38.5,38.55,3644
2025-02-10,38.45,39.13,38.45,39.13,15233
2025-02-11,39.13,39.67,38.45,39.08,4201
2025-02-12,38.4,39.04,38.25,38.3,10066
2025-02-13,38.35,38.74,38.3,38.35,3010
2025-02-14,37.81,38.84,37.81,37.96,7918
2025-02-17,38.25,38.25,37.27,38.06,5308
2025-02-18,37.32,39.13,37.27,38.25,8046
2025-02-19,38.25,38.84,37.42,38.15,11152
2025-02-20,38.15,38.15,37.76,38.15,14008
2025-02-21,38.84,38.84,37.86,38.06,15153
2025-02-24,38.99,38.99,38.15,38.15,5370
2025-02-25,38.45,38.45,38.1,38.45,1002
2025-02-26,38.45,38.89,38.25,38.74,4727
2025-02-27,39.18,39.18,38.2,38.74,6403
2025-02-28,38.35,38.35,38.25,38.3,4303
2025-03-03,37.96,38.2,37.91,38.15,14012
2025-03-04,38.15,38.15,37.81,37.81,10726
2025-03-05,38.55,38.59,37.81,38.3,34472
2025-03-06,38.74,39.23,38.4,39.08,28924
2025-03-07,39.08,39.23,39.08,39.08,15724
2025-03-10,39.08,39.18,39.08,39.08,2621
2025-03-11,39.08,39.23,38.69,38.69,9015
2025-03-12,38.84,38.89,38.35,38.89,54228
2025-03-13,38.89,39.04,38.25,39.04,4848
2025-03-14,38.74,38.74,37.66,38.55,10311
2025-03-17,38.2,38.74,38.2,38.74,2828
2025-03-18,38.64,39.04,38.64,38.94,13999
2025-03-19,38.94,38.99,38.69,38.99,20073
2025-03-20,38.99,38.99,38.84,38.99,15474
2025-03-21,38.94,39.04,38.89,39.04,9634
2025-03-24,38.94,39.04,38.79,38.89,7603
2025-03-25,38.89,39.18,38.89,39.04,12109
2025-03-26,38.79,39.23,38.79,39.23,4459
2025-03-27,39.13,39.13,39.04,39.04,402
2025-03-28,38.84,39.04,38.64,39.04,9800
2025-03-31,37.86,38.64,37.86,38.1,11032
2025-04-01,38.69,38.69,37.96,38.06,3010
2025-04-02,38.25,38.25,38.25,38.25,3100
2025-04-03,36.73,37.61,35.6,35.8,67416
2025-04-04,33.3,35.75,33.3,35.31,19205
2025-04-08,35.26,35.26,32.86,34.23,42515
2025-04-09,34.23,34.23,31.97,33.74,15918
2025-04-10,36.09,36.09,35.9,36.09,29534
2025-04-11,36.09,36.09,35.31,36.09,8960
2025-04-14,36.09,36.09,35.5,35.5,1040
2025-04-15,35.31,35.31,34.33,35.31,21347
2025-04-16,35.75,35.75,35.5,35.5,655
2025-04-17,35.31,35.31,34.08,34.08,1800
2025-04-18,34.87,35.31,34.87,35.31,1702
2025-04-21,35.31,35.31,34.43,35.31,4616
2025-04-22,34.62,35.21,34.03,35.21,24713
2025-04-23,35.11,35.31,35.11,35.31,7410
2025-04-24,35.31,35.36,35.31,35.36,1470
2025-04-25,36.0,36.0,34.52,34.52,2169
2025-04-28,34.82,35.9,34.82,35.21,1737
2025-04-29,35.21,35.21,35.21,35.21,11
2025-05-05,35.36,36.78,35.36,36.49,2937
2025-05-06,36.29,36.29,35.9,36.24,3434
2025-05-07,36.29,36.29,36.24,36.24,1499
2025-05-08,36.24,36.78,36.24,36.58,8423
2025-05-09,36.29,37.07,35.9,36.98,1669
2025-05-12,36.98,36.98,35.9,35.9,5535
2025-05-13,35.9,36.29,35.9,35.95,6565
2025-05-14,36.09,36.09,35.95,35.95,14805
2025-05-15,35.41,36.98,35.31,36.29,63834
2025-05-16,36.29,36.49,36.29,36.39,1800
2025-05-19,36.39,36.39,35.6,35.6,6217
2025-05-20,35.5,35.65,35.5,35.55,720
2025-05-21,35.55,35.9,35.55,35.9,10508
2025-05-22,36.0,36.24,35.85,35.85,1216
2025-05-23,36.55,36.55,36.55,36.55,565
2025-05-26,36.5,36.55,36.3,36.4,5835
2025-05-27,36.4,36.5,36.2,36.35,7682
2025-05-28,37.0,37.0,36.5,36.55,806
2025-05-29,36.6,37.7,36.6,36.6,2955
2025-05-30,36.6,36.8,36.5,36.8,3713
2025-06-02,36.8,37.9,36.8,37.35,6223
2025-06-03,37.35,37.35,36.8,37.3,1100
2025-06-04,37.55,37.8,36.6,37.45,2501
2025-06-05,37.0,37.0,36.5,37.0,900
2025-06-06,37.0,37.0,37.0,37.0,100
2025-06-09,37.0,37.0,36.2,36.2,3900
2025-06-10,36.35,36.95,36.3,36.85,2100
2025-06-11,36.85,36.85,36.2,36.2,2600
2025-06-12,36.9,36.9,36.9,36.9,200
2025-06-13,36.9,36.9,36.9,36.9,900
2025-06-16,36.2,36.2,36.2,36.2,900
2025-06-17,36.0,36.9,36.0,36.8,1600
2025-06-18,36.1,36.8,36.1,36.75,2600
2025-06-20,36.2,36.3,36.15,36.3,1600
2025-06-23,36.0,36.2,36.0,36.2,9900
2025-06-24,36.25,36.35,36.2,36.2,5000
2025-06-25,35.65,36.7,35.65,36.3,3300
2025-06-26,36.3,36.3,36.0,36.3,14500
2025-06-27,36.3,36.3,36.0,36.0,7900
2025-06-30,36.0,36.15,36.0,36.0,11200
2025-07-01,36.0,36.0,36.0,36.0,4800
2025-07-02,36.0,36.0,36.0,36.0,11100
2025-07-03,36.4,36.4,33.5,35.8,24300
2025-07-04,35.8,36.0,35.7,36.0,11800
2025-07-07,36.0,36.0,35.8,35.9,15100
2025-07-08,35.9,36.1,35.8,36.1,15800
2025-07-09,36.1,36.3,35.75,36.0,6500
2025-07-10,35.8,36.3,35.8,36.0,51700
2025-07-11,36.0,36.3,36.0,36.2,37300
2025-07-14,36.2,36.3,36.0,36.0,30800
2025-07-15,36.05,36.1,36.0,36.0,10500
2025-07-16,36.2,38.0,36.0,37.45,60400
2025-07-17,37.45,37.8,37.45,37.7,45000
2025-07-18,37.8,37.8,37.7,37.8,30300
2025-07-21,37.8,38.45,37.8,37.8,41100
2025-07-22,37.7,37.9,37.7,37.8,24700
2025-07-23,37.8,38.2,37.8,38.2,27100
2025-07-24,38.2,39.0,38.0,38.4,21200
2025-07-25,38.0,38.15,38.0,38.15,18900
2025-07-28,38.15,38.25,38.0,38.15,19300
2025-07-29,37.5,39.0,37.5,37.7,5300
2025-07-30,37.0,37.7,37.0,37.6,86000
2025-07-31,37.6,38.0,37.6,37.6,46900
2025-08-01,37.6,37.6,37.2,37.4,6100
2025-08-04,37.6,38.0,37.6,38.0,54000
2025-08-05,38.0,38.5,37.5,38.0,23500
2025-08-06,38.0,38.45,38.0,38.0,23300
2025-08-07,37.9,38.0,37.9,37.9,114500
2025-08-08,37.9,39.0,37.0,37.8,5400
2025-08-11,37.9,38.0,37.25,37.75,40500
2025-08-12,37.7,37.75,37.65,37.65,8800
2025-08-13,37.7,37.7,37.55,37.55,5700
2025-08-14,37.9,38.6,37.65,37.9,33800
2025-08-15,37.0,37.5,37.0,37.1,20100
2025-08-18,37.1,37.2,37.1,37.15,6800
2025-08-19,37.2,38.5,37.1,37.15,40100
2025-08-20,37.15,37.9,37.15,37.2,3500
2025-08-21,37.1,37.45,37.05,37.4,8600
2025-08-22,37.8,37.8,37.0,37.45,4000
2025-08-25,37.85,37.85,34.85,37.35,12500
2025-08-26,36.0,37.45,36.0,37.45,10500
2025-08-27,37.35,37.9,36.95,37.0,3200
2025-08-28,37.0,37.3,36.9,37.0,7200
2025-08-29,37.4,37.4,36.8,36.8,5700
2025-09-03,36.8,37.2,36.6,37.2,1000
2025-09-04,37.0,37.0,36.5,36.5,8100
2025-09-05,36.5,36.7,36.3,36.5,40000
2025-09-08,36.9,36.9,36.2,36.2,16100
2025-09-09,36.2,36.7,36.0,36.7,3300
2025-09-10,37.0,37.0,35.95,36.4,9700
2025-09-11,36.4,36.4,35.85,35.95,2000
2025-09-12,36.0,36.8,35.95,36.0,5600
2025-09-15,36.5,36.8,35.85,36.0,20500
2025-09-16,36.0,36.0,35.8,36.0,8900
2025-09-17,36.7,36.7,36.0,36.0,4200
2025-09-18,36.0,36.0,35.85,36.0,6800
2025-09-19,36.0,36.3,36.0,36.1,28100
2025-09-22,36.1,36.1,35.8,35.8,4100
2025-09-23,35.8,36.3,35.8,36.3,9700
2025-09-24,36.4,37.2,36.2,36.4,13900
2025-09-25,36.8,36.8,36.3,36.5,1900
2025-09-26,36.2,36.9,35.95,35.95,9900
2025-09-29,35.6,35.8,35.6,35.7,600
2025-09-30,36.0,36.0,35.7,35.8,1700
2025-10-01,35.6,35.9,35.55,35.55,3800
2025-10-02,35.6,35.6,35.6,35.6,21200
2025-10-03,36.0,36.0,35.5,36.0,4900
2025-10-06,35.5,35.5,35.45,35.5,13200
2025-10-07,35.5,36.2,35.5,36.0,5100
2025-10-08,36.0,36.0,35.5,36.0,700
2025-10-09,36.1,36.1,35.6,35.8,2200
2025-10-10,35.8,36.1,35.8,36.0,1900
2025-10-13,36.0,36.0,35.9,36.0,13000
2025-10-14,35.9,35.9,35.9,35.9,500
2025-10-15,35.6,35.6,35.5,35.5,1400
2025-10-16,35.5,35.6,35.45,35.5,14200
2025-10-17,35.6,35.6,35.45,35.45,2400
2025-10-20,35.45,37.9,35.45,35.55,10100
2025-10-21,35.55,36.0,35.0,36.0,14300
