time,open,high,low,close,volume
2016-01-07,2.9,2.9,2.9,2.9,0
2016-01-08,2.8,2.8,2.8,2.8,100
2016-01-11,2.8,2.8,2.8,2.8,0
2016-01-12,2.8,2.8,2.8,2.8,0
2016-01-13,2.8,2.8,2.8,2.8,0
2016-01-14,2.8,2.8,2.8,2.8,0
2016-01-15,2.9,3.0,2.6,2.7,57700
2016-01-18,2.7,2.7,2.7,2.7,0
2016-01-19,2.7,2.7,2.7,2.7,0
2016-01-20,2.7,2.7,2.7,2.7,0
2016-01-21,2.7,2.7,2.7,2.7,0
2016-01-22,2.5,2.5,2.5,2.5,100
2016-01-25,2.5,2.5,2.5,2.5,0
2016-01-26,2.5,2.5,2.5,2.5,0
2016-01-27,2.5,2.5,2.5,2.5,0
2016-01-28,2.5,2.5,2.5,2.5,0
2016-01-29,2.6,2.7,2.3,2.7,295100
2016-02-01,2.7,2.7,2.7,2.7,0
2016-02-02,2.7,2.7,2.7,2.7,0
2016-02-03,2.7,2.7,2.7,2.7,0
2016-02-04,2.7,2.7,2.7,2.7,0
2016-02-05,2.5,2.9,2.5,2.9,22100
2016-02-15,2.9,2.9,2.9,2.9,0
2016-02-16,2.9,2.9,2.9,2.9,0
2016-02-17,2.9,2.9,2.9,2.9,0
2016-02-18,2.9,2.9,2.9,2.9,0
2016-02-19,2.9,3.1,2.7,2.7,40300
2016-02-22,2.7,2.7,2.7,2.7,0
2016-02-23,2.7,2.7,2.7,2.7,0
2016-02-24,2.7,2.7,2.7,2.7,0
2016-02-25,2.7,2.7,2.7,2.7,0
2016-02-26,2.8,2.9,2.5,2.7,22400
2016-02-29,2.7,2.7,2.7,2.7,0
2016-03-01,2.7,2.7,2.7,2.7,0
2016-03-02,2.7,2.7,2.7,2.7,0
2016-03-03,2.7,2.7,2.7,2.7,0
2016-03-04,2.7,2.7,2.5,2.6,25700
2016-03-07,2.6,2.6,2.6,2.6,0
2016-03-08,2.6,2.6,2.6,2.6,0
2016-03-09,2.6,2.6,2.6,2.6,0
2016-03-10,2.6,2.6,2.6,2.6,0
2016-03-11,2.8,2.8,2.4,2.8,54700
2016-03-14,2.8,2.8,2.8,2.8,0
2016-03-15,2.8,2.8,2.8,2.8,0
2016-03-16,2.8,2.8,2.8,2.8,0
2016-03-17,2.8,2.8,2.8,2.8,0
2016-03-18,2.8,2.8,2.6,2.7,22800
2016-03-21,2.7,2.7,2.7,2.7,0
2016-03-22,2.7,2.7,2.7,2.7,0
2016-03-23,2.7,2.7,2.7,2.7,0
2016-03-24,2.7,2.7,2.7,2.7,0
2016-03-25,2.8,2.8,2.5,2.6,58300
2016-03-28,2.6,2.6,2.6,2.6,0
2016-03-29,2.6,2.6,2.6,2.6,0
2016-03-30,2.6,2.6,2.6,2.6,0
2016-03-31,2.6,2.6,2.6,2.6,0
2016-04-01,2.7,2.8,2.6,2.6,81100
2016-04-04,2.6,2.6,2.6,2.6,0
2016-04-05,2.6,2.6,2.6,2.6,0
2016-04-06,2.6,2.6,2.6,2.6,0
2016-04-07,2.6,2.6,2.6,2.6,0
2016-04-08,2.6,2.7,2.5,2.6,52600
2016-04-11,2.8,2.8,2.6,2.7,52800
2016-04-12,2.7,2.7,2.7,2.7,11500
2016-04-13,2.7,2.7,2.5,2.6,16700
2016-04-14,2.5,2.5,2.5,2.5,2004
2016-04-15,2.5,2.6,2.5,2.6,7000
2016-04-19,2.6,2.6,2.6,2.6,35000
2016-04-20,2.6,2.7,2.6,2.7,600
2016-04-21,2.6,2.8,2.6,2.8,62400
2016-04-22,2.8,2.8,2.7,2.7,98100
2016-04-25,2.7,2.8,2.7,2.7,28100
2016-04-26,2.7,2.7,2.6,2.6,32000
2016-04-27,2.7,2.8,2.7,2.8,29400
2016-04-28,2.7,2.8,2.6,2.8,86600
2016-04-29,2.7,2.7,2.7,2.7,5000
2016-05-04,2.8,2.9,2.7,2.8,2200
2016-05-05,2.6,2.7,2.6,2.7,42100
2016-05-06,2.6,2.7,2.6,2.7,13100
2016-05-09,2.6,2.7,2.6,2.6,11000
2016-05-10,2.5,2.5,2.5,2.5,10000
2016-05-11,2.5,2.5,2.5,2.5,15100
2016-05-12,2.5,2.5,2.5,2.5,3100
2016-05-13,2.5,2.7,2.4,2.5,8500
2016-05-16,2.4,2.5,2.4,2.5,11100
2016-05-17,2.4,2.7,2.4,2.7,1300
2016-05-18,2.5,2.7,2.5,2.7,4300
2016-05-19,2.5,2.7,2.5,2.7,2600
2016-05-20,2.7,2.9,2.7,2.7,6300
2016-05-23,2.9,2.9,2.7,2.7,5600
2016-05-24,2.7,2.7,2.7,2.7,0
2016-05-25,2.6,2.6,2.6,2.6,3000
2016-05-26,2.5,2.6,2.5,2.6,1100
2016-05-27,2.7,2.8,2.5,2.8,25200
2016-05-30,2.8,2.8,2.8,2.8,0
2016-05-31,2.8,2.8,2.6,2.6,7100
2016-06-01,2.7,2.7,2.7,2.7,400
2016-06-02,2.7,2.7,2.5,2.6,21500
2016-06-03,2.7,2.7,2.5,2.7,800
2016-06-06,2.7,2.7,2.7,2.7,100
2016-06-07,2.6,2.7,2.6,2.7,300
2016-06-08,2.5,2.6,2.5,2.6,14100
2016-06-09,2.5,2.7,2.5,2.7,1800
2016-06-10,2.7,2.7,2.7,2.7,0
2016-06-13,2.5,2.5,2.5,2.5,86700
2016-06-14,2.6,2.7,2.6,2.7,200
2016-06-15,2.7,2.7,2.7,2.7,0
2016-06-16,2.7,2.7,2.5,2.6,4100
2016-06-17,2.6,2.7,2.5,2.7,2200
2016-06-20,2.5,2.7,2.5,2.7,500
2016-06-21,2.5,2.5,2.5,2.5,400
2016-06-22,2.4,2.4,2.4,2.4,500
2016-06-23,2.4,2.6,2.4,2.6,600
2016-06-24,2.6,2.6,2.6,2.6,0
2016-06-27,2.6,2.6,2.6,2.6,0
2016-06-28,2.6,2.6,2.6,2.6,0
2016-06-29,2.4,2.7,2.4,2.4,17000
2016-06-30,2.4,2.4,2.2,2.2,7000
2016-07-01,2.3,2.3,2.3,2.3,500
2016-07-04,2.3,2.3,2.2,2.3,1000
2016-07-05,2.3,2.3,2.3,2.3,12800
2016-07-06,2.3,2.4,2.1,2.4,2800
2016-07-07,2.3,2.4,2.3,2.4,400
2016-07-08,2.4,2.4,2.4,2.4,800
2016-07-11,2.4,2.4,2.2,2.3,1000
2016-07-12,2.3,2.3,2.3,2.3,400
2016-07-13,2.3,2.3,2.3,2.3,0
2016-07-14,2.3,2.3,2.3,2.3,5400
2016-07-15,2.1,2.2,2.1,2.2,9400
2016-07-18,2.3,2.4,2.3,2.4,1500
2016-07-19,2.3,2.4,2.3,2.4,1100
2016-07-20,2.4,2.4,2.4,2.4,0
2016-07-21,2.4,2.4,2.4,2.4,0
2016-07-22,2.2,2.2,2.2,2.2,400
2016-07-25,2.0,2.2,2.0,2.2,9900
2016-07-26,2.2,2.2,2.2,2.2,0
2016-07-27,2.0,2.4,2.0,2.4,4300
2016-07-28,2.4,2.4,2.4,2.4,1500
2016-07-29,2.4,2.4,2.4,2.4,0
2016-08-01,2.2,2.2,2.2,2.2,2200
2016-08-02,2.0,2.0,2.0,2.0,131700
2016-08-03,1.9,1.9,1.9,1.9,1400
2016-08-04,2.0,2.0,1.8,1.8,3400
2016-08-05,1.9,1.9,1.9,1.9,100
2016-08-08,1.9,2.0,1.8,1.8,6400
2016-08-09,1.8,1.9,1.8,1.9,2100
2016-08-10,1.9,2.0,1.8,2.0,7200
2016-08-11,2.0,2.2,1.8,1.8,12000
2016-08-12,1.9,1.9,1.8,1.9,7200
2016-08-15,1.9,2.0,1.9,2.0,7700
2016-08-16,2.1,2.2,2.1,2.2,21400
2016-08-17,2.3,2.4,2.3,2.4,4500
2016-08-18,2.6,2.6,2.5,2.6,192000
2016-08-19,2.7,2.8,2.6,2.6,27800
2016-08-22,2.4,2.6,2.4,2.6,400
2016-08-23,2.4,2.5,2.4,2.5,8600
2016-08-24,2.3,2.5,2.3,2.5,19100
2016-08-25,2.5,2.5,2.5,2.5,1500
2016-08-26,2.3,2.3,2.3,2.3,200
2016-08-29,2.3,2.4,2.3,2.4,12000
2016-08-30,2.4,2.4,2.4,2.4,0
2016-08-31,2.4,2.4,2.4,2.4,0
2016-09-01,2.4,2.4,2.4,2.4,0
2016-09-05,2.4,2.4,2.4,2.4,0
2016-09-06,2.4,2.4,2.4,2.4,0
2016-09-07,2.4,2.6,2.4,2.5,103900
2016-09-08,2.3,2.4,2.3,2.4,1100
2016-09-09,2.3,2.5,2.2,2.5,5400
2016-09-12,2.5,2.6,2.5,2.6,300
2016-09-13,2.6,2.6,2.6,2.6,0
2016-09-14,2.6,2.6,2.6,2.6,0
2016-09-15,2.6,2.6,2.6,2.6,0
2016-09-16,2.7,2.7,2.7,2.7,100
2016-09-19,2.7,2.7,2.7,2.7,100
2016-09-20,2.7,2.7,2.7,2.7,0
2016-09-21,2.7,2.7,2.7,2.7,0
2016-09-22,2.7,2.7,2.7,2.7,0
2016-09-23,2.7,2.7,2.7,2.7,0
2016-09-26,2.7,2.7,2.7,2.7,0
2016-09-27,2.5,2.6,2.5,2.6,1300
2016-09-28,2.6,2.6,2.6,2.6,100
2016-09-29,2.7,2.7,2.7,2.7,100
2016-09-30,2.7,2.7,2.7,2.7,0
2016-10-03,2.7,2.7,2.7,2.7,0
2016-10-04,2.7,2.7,2.7,2.7,0
2016-10-05,2.7,2.7,2.7,2.7,0
2016-10-06,2.6,2.6,2.6,2.6,6000
2016-10-07,2.6,2.6,2.6,2.6,0
2016-10-10,2.6,2.6,2.6,2.6,0
2016-10-11,2.7,2.7,2.4,2.5,700
2016-10-12,2.6,2.6,2.3,2.5,17300
2016-10-13,2.5,2.5,2.5,2.5,0
2016-10-14,2.3,2.3,2.3,2.3,2000
2016-10-17,2.5,2.5,2.2,2.4,1800
2016-10-18,2.2,2.5,2.2,2.5,500
2016-10-19,2.5,2.5,2.5,2.5,100
2016-10-20,2.3,2.3,2.3,2.3,100
2016-10-21,2.4,2.5,2.1,2.1,2800
2016-10-24,2.3,2.3,2.3,2.3,200
2016-10-25,2.1,2.5,2.1,2.5,2900
2016-10-26,2.4,2.7,2.3,2.3,700
2016-10-27,2.1,2.4,2.1,2.4,4600
2016-10-28,2.5,2.5,2.2,2.2,600
2016-10-31,2.1,2.1,2.0,2.0,3200
2016-11-01,1.8,2.2,1.8,2.2,24200
2016-11-02,2.3,2.3,2.3,2.3,100
2016-11-03,2.2,2.2,2.1,2.2,3100
2016-11-04,2.0,2.0,2.0,2.0,300
2016-11-07,2.0,2.0,2.0,2.0,0
2016-11-08,2.0,2.0,2.0,2.0,100
2016-11-09,1.8,1.8,1.8,1.8,3000
2016-11-10,1.9,1.9,1.9,1.9,1300
2016-11-11,2.0,2.0,1.8,2.0,3700
2016-11-14,1.9,1.9,1.9,1.9,200
2016-11-15,1.9,2.0,1.8,1.8,67200
2016-11-16,1.9,1.9,1.9,1.9,49700
2016-11-17,2.0,2.0,2.0,2.0,7800
2016-11-18,2.0,2.2,2.0,2.2,8500
2016-11-21,2.2,2.3,2.0,2.3,32500
2016-11-22,2.2,2.3,2.1,2.2,14400
2016-11-23,2.2,2.2,2.1,2.2,9500
2016-11-24,2.2,2.2,2.1,2.1,8000
2016-11-25,2.1,2.1,2.1,2.1,4400
2016-11-28,2.1,2.1,1.9,2.1,25800
2016-11-29,2.1,2.1,2.1,2.1,0
2016-11-30,2.2,2.2,2.2,2.2,100
2016-12-01,2.0,2.0,2.0,2.0,4500
2016-12-02,2.0,2.0,2.0,2.0,0
2016-12-05,2.1,2.1,1.8,2.0,5300
2016-12-06,2.0,2.0,2.0,2.0,0
2016-12-07,1.8,1.8,1.8,1.8,500
2016-12-08,1.9,1.9,1.8,1.9,4300
2016-12-09,2.0,2.0,2.0,2.0,4300
2016-12-12,2.1,2.1,2.1,2.1,100
2016-12-13,1.9,2.1,1.9,2.1,1100
2016-12-14,2.1,2.1,2.1,2.1,0
2016-12-15,2.1,2.1,2.1,2.1,0
2016-12-16,2.1,2.1,2.1,2.1,0
2016-12-19,2.1,2.1,2.1,2.1,0
2016-12-20,2.1,2.3,2.0,2.1,2700
2016-12-21,1.9,2.0,1.9,2.0,1600
2016-12-22,2.0,2.0,2.0,2.0,0
2016-12-23,2.1,2.1,1.8,2.0,4900
2016-12-26,1.8,1.9,1.8,1.9,1100
2016-12-27,1.9,2.0,1.9,2.0,1000
2016-12-28,1.8,2.0,1.8,2.0,500
2016-12-29,1.9,1.9,1.8,1.8,8200
2016-12-30,1.9,1.9,1.8,1.8,4500
2017-01-03,1.9,1.9,1.9,1.9,100
2017-01-04,1.9,1.9,1.9,1.9,0
2017-01-05,2.0,2.0,2.0,2.0,100
2017-01-06,2.0,2.0,2.0,2.0,0
2017-01-09,2.0,2.0,2.0,2.0,0
2017-01-10,2.0,2.0,2.0,2.0,0
2017-01-11,2.0,2.0,2.0,2.0,0
2017-01-12,1.8,1.8,1.8,1.8,800
2017-01-13,1.8,1.8,1.7,1.7,9400
2017-01-16,1.8,1.8,1.6,1.6,5100
2017-01-17,1.7,1.7,1.6,1.6,2600
2017-01-18,1.6,1.6,1.6,1.6,1100
2017-01-19,1.6,1.6,1.6,1.6,0
2017-01-20,1.7,1.7,1.7,1.7,100
2017-01-23,1.6,1.6,1.6,1.6,12500
2017-01-24,1.7,1.7,1.7,1.7,100
2017-01-25,1.6,1.6,1.6,1.6,4400
2017-02-02,1.7,1.7,1.6,1.6,7100
2017-02-03,1.6,1.6,1.5,1.6,17200
2017-02-06,1.5,1.7,1.5,1.7,10700
2017-02-07,1.8,1.8,1.8,1.8,5000
2017-02-08,1.7,1.9,1.7,1.9,1100
2017-02-09,1.8,1.9,1.8,1.8,20100
2017-02-10,1.9,1.9,1.7,1.9,2800
2017-02-13,1.9,1.9,1.9,1.9,5000
2017-02-14,1.9,1.9,1.9,1.9,100
2017-02-15,1.8,1.8,1.8,1.8,12800
2017-02-16,1.9,1.9,1.7,1.8,7500
2017-02-17,1.8,1.8,1.8,1.8,11400
2017-02-20,1.8,1.8,1.7,1.8,4400
2017-02-21,1.8,1.9,1.8,1.9,25200
2017-02-22,1.9,1.9,1.9,1.9,500
2017-02-23,1.8,1.9,1.8,1.9,5200
2017-02-24,1.8,1.9,1.8,1.9,300
2017-02-27,1.8,1.9,1.8,1.9,17600
2017-02-28,1.8,1.8,1.8,1.8,300
2017-03-01,1.7,1.9,1.7,1.9,1400
2017-03-02,1.8,1.8,1.8,1.8,8000
2017-03-03,1.7,1.7,1.7,1.7,3700
2017-03-06,1.8,1.8,1.8,1.8,18500
2017-03-07,1.9,1.9,1.8,1.8,1700
2017-03-08,1.8,1.8,1.7,1.8,14200
2017-03-09,1.7,1.8,1.7,1.8,20800
2017-03-10,1.7,1.7,1.7,1.7,11300
2017-03-13,1.7,1.7,1.7,1.7,2000
2017-03-14,1.7,1.7,1.6,1.7,13700
2017-03-15,1.6,1.7,1.6,1.7,8800
2017-03-16,1.6,1.7,1.6,1.7,2100
2017-03-17,1.7,1.8,1.7,1.8,17100
2017-03-20,1.8,1.8,1.7,1.7,13500
2017-03-21,1.7,1.7,1.7,1.7,2300
2017-03-22,1.7,1.7,1.6,1.7,40000
2017-03-23,1.7,1.7,1.7,1.7,2000
2017-03-24,1.7,1.7,1.6,1.7,7300
2017-03-27,1.7,1.7,1.7,1.7,10200
2017-03-28,1.7,1.7,1.6,1.6,27700
2017-03-29,1.7,1.7,1.7,1.7,15500
2017-03-30,1.8,1.8,1.7,1.8,6000
2017-03-31,1.7,1.8,1.7,1.8,20500
2017-04-03,1.7,1.7,1.7,1.7,3000
2017-04-04,1.7,1.8,1.7,1.8,38000
2017-04-05,1.9,1.9,1.8,1.9,115800
2017-04-07,2.0,2.0,1.8,2.0,16300
2017-04-10,1.9,1.9,1.9,1.9,40100
2017-04-11,1.9,2.0,1.9,2.0,33700
2017-04-12,1.9,2.0,1.9,1.9,58700
2017-04-13,1.9,2.0,1.9,1.9,28600
2017-04-14,1.9,1.9,1.9,1.9,20000
2017-04-17,1.9,1.9,1.9,1.9,30000
2017-04-18,1.9,1.9,1.8,1.8,30500
2017-04-19,1.8,1.9,1.7,1.9,14300
2017-04-20,1.9,1.9,1.8,1.8,30100
2017-04-21,1.9,1.9,1.9,1.9,10000
2017-04-24,1.8,1.8,1.8,1.8,32400
2017-04-25,1.7,1.9,1.7,1.7,15300
2017-04-26,1.8,1.8,1.8,1.8,200
2017-04-27,1.8,1.8,1.8,1.8,0
2017-04-28,1.8,1.9,1.8,1.9,5500
2017-05-03,1.9,1.9,1.9,1.9,0
2017-05-04,1.9,2.0,1.8,1.9,29100
2017-05-05,1.9,2.0,1.8,1.9,11000
2017-05-08,2.0,2.0,1.9,1.9,12900
2017-05-09,1.9,1.9,1.9,1.9,0
2017-05-10,1.8,1.8,1.8,1.8,12100
2017-05-11,1.9,1.9,1.9,1.9,100
2017-05-12,1.8,1.8,1.8,1.8,5000
2017-05-15,1.9,1.9,1.9,1.9,21000
2017-05-16,2.0,2.0,2.0,2.0,45900
2017-05-17,2.2,2.2,2.2,2.2,41000
2017-05-18,2.4,2.4,2.2,2.4,123500
2017-05-19,2.6,2.6,2.3,2.4,64500
2017-05-22,2.3,2.4,2.2,2.2,16800
2017-05-23,2.2,2.4,2.2,2.4,45100
2017-05-24,2.3,2.4,2.2,2.3,12500
2017-05-25,2.3,2.3,2.2,2.2,3800
2017-05-26,2.3,2.4,2.3,2.3,19900
2017-05-29,2.4,2.5,2.3,2.3,86600
2017-05-30,2.4,2.5,2.4,2.5,139100
2017-05-31,2.7,2.7,2.5,2.5,51600
2017-06-01,2.5,2.7,2.5,2.5,98000
2017-06-02,2.5,2.7,2.3,2.6,171000
2017-06-05,2.5,2.6,2.4,2.6,44700
2017-06-06,2.6,2.7,2.4,2.7,8700
2017-06-07,2.7,2.7,2.7,2.7,0
2017-06-08,2.7,2.7,2.7,2.7,0
2017-06-09,2.7,2.9,2.5,2.9,512500
2017-06-12,2.9,2.9,2.9,2.9,0
2017-06-13,2.9,2.9,2.9,2.9,0
2017-06-14,2.9,2.9,2.9,2.9,0
2017-06-15,2.9,2.9,2.9,2.9,0
2017-06-16,2.7,3.0,2.7,2.9,528900
2017-06-19,2.9,2.9,2.9,2.9,0
2017-06-20,2.9,2.9,2.9,2.9,0
2017-06-21,2.9,2.9,2.9,2.9,0
2017-06-22,2.9,2.9,2.9,2.9,0
2017-06-23,2.7,2.7,2.7,2.7,5100
2017-06-26,2.7,2.7,2.7,2.7,0
2017-06-27,2.7,2.7,2.7,2.7,0
2017-06-28,2.7,2.7,2.7,2.7,0
2017-06-29,2.7,2.7,2.7,2.7,0
2017-06-30,2.5,2.8,2.5,2.8,11700
2017-07-03,2.8,2.8,2.8,2.8,0
2017-07-04,2.8,2.8,2.8,2.8,0
2017-07-05,2.8,2.8,2.8,2.8,0
2017-07-06,2.8,2.8,2.8,2.8,0
2017-07-07,2.9,2.9,2.6,2.8,2400
2017-07-10,2.8,2.8,2.8,2.8,0
2017-07-11,2.8,2.8,2.8,2.8,0
2017-07-12,2.8,2.8,2.8,2.8,0
2017-07-13,2.8,2.8,2.8,2.8,0
2017-07-14,2.9,2.9,2.7,2.7,800
2017-07-17,2.7,2.7,2.7,2.7,0
2017-07-18,2.7,2.7,2.7,2.7,0
2017-07-19,2.7,2.7,2.7,2.7,0
2017-07-20,2.7,2.7,2.7,2.7,0
2017-07-21,2.9,2.9,2.5,2.5,4300
2017-07-24,2.5,2.5,2.5,2.5,0
2017-07-25,2.5,2.5,2.5,2.5,0
2017-07-26,2.5,2.5,2.5,2.5,0
2017-07-27,2.5,2.5,2.5,2.5,0
2017-07-28,2.7,2.7,2.7,2.7,300
2017-07-31,2.7,2.7,2.7,2.7,0
2017-08-01,2.7,2.7,2.7,2.7,0
2017-08-02,2.7,2.7,2.7,2.7,0
2017-08-03,2.7,2.7,2.7,2.7,0
2017-08-04,2.5,2.6,2.5,2.5,1100
2017-08-07,2.5,2.5,2.5,2.5,0
2017-08-08,2.5,2.5,2.5,2.5,0
2017-08-09,2.5,2.5,2.5,2.5,0
2017-08-10,2.5,2.5,2.5,2.5,0
2017-08-11,2.3,2.3,2.3,2.3,200
2017-08-14,2.3,2.3,2.3,2.3,0
2017-08-15,2.3,2.3,2.3,2.3,0
2017-08-16,2.3,2.3,2.3,2.3,0
2017-08-17,2.3,2.3,2.3,2.3,0
2017-08-18,2.1,2.1,2.1,2.1,600
2017-08-21,2.1,2.1,2.1,2.1,600
2017-08-22,2.1,2.1,2.1,2.1,0
2017-08-23,2.1,2.1,2.1,2.1,0
2017-08-24,2.1,2.1,2.1,2.1,0
2017-08-25,1.9,2.1,1.9,1.9,45800
2017-08-28,1.9,1.9,1.9,1.9,0
2017-08-29,1.9,1.9,1.9,1.9,0
2017-08-30,1.9,1.9,1.9,1.9,0
2017-08-31,1.9,1.9,1.9,1.9,0
2017-09-01,1.8,1.9,1.8,1.9,18400
2017-09-05,1.9,1.9,1.9,1.9,0
2017-09-06,1.9,1.9,1.9,1.9,0
2017-09-07,1.9,1.9,1.9,1.9,0
2017-09-15,1.2,2.1,1.2,1.4,18400
2017-09-18,1.3,1.3,1.3,1.3,12800
2017-09-19,1.4,1.4,1.4,1.4,1000
2017-09-20,1.6,1.6,1.6,1.6,6500
2017-09-21,1.8,1.8,1.8,1.8,21200
2017-09-22,2.0,2.0,1.8,2.0,11300
2017-09-25,2.0,2.0,2.0,2.0,1200
2017-09-26,2.3,2.3,2.3,2.3,3600
2017-09-27,2.6,2.6,2.0,2.0,3000
2017-09-28,2.3,2.3,1.7,1.7,3900
2017-09-29,1.8,1.8,1.7,1.8,156310
2017-10-02,1.8,1.8,1.6,1.8,12600
2017-10-03,1.5,1.6,1.5,1.5,14500
2017-10-04,1.3,1.4,1.3,1.4,38900
2017-10-05,1.6,1.6,1.6,1.6,100
2017-10-06,1.5,1.8,1.4,1.8,8700
2017-10-09,1.4,1.4,1.3,1.4,37000
2017-10-10,1.5,1.5,1.4,1.4,57100
2017-10-11,1.3,1.5,1.3,1.4,68390
2017-10-12,1.4,1.4,1.4,1.4,300
2017-10-13,1.4,1.4,1.3,1.4,67000
2017-10-16,1.3,1.5,1.3,1.5,66700
2017-10-17,1.5,1.5,1.4,1.4,41000
2017-10-18,1.5,1.5,1.4,1.4,33800
2017-10-19,1.5,1.6,1.5,1.5,2200
2017-10-20,1.4,1.4,1.4,1.4,7700
2017-10-23,1.3,1.4,1.3,1.3,35800
2017-10-24,1.3,1.3,1.3,1.3,8500
2017-10-25,1.3,1.4,1.3,1.4,291000
2017-10-26,1.6,1.6,1.5,1.5,44700
2017-10-27,1.5,1.5,1.4,1.4,108000
2017-10-30,1.6,1.6,1.4,1.4,139400
2017-10-31,1.4,1.5,1.3,1.3,94400
2017-11-01,1.4,1.4,1.2,1.2,245100
2017-11-02,1.3,1.4,1.2,1.2,30400
2017-11-03,1.1,1.3,1.1,1.3,69400
2017-11-06,1.1,1.2,1.1,1.2,120900
2017-11-07,1.1,1.2,1.1,1.2,60700
2017-11-08,1.2,1.2,1.1,1.2,8700
2017-11-09,1.1,1.2,1.1,1.1,67200
2017-11-10,1.0,1.1,1.0,1.1,115500
2017-11-13,1.0,1.0,0.9,0.9,152800
2017-11-14,0.9,1.0,0.8,0.9,252300
2017-11-15,1.0,1.0,1.0,1.0,42100
2017-11-16,1.0,1.1,0.9,1.0,32100
2017-11-17,0.9,1.0,0.9,0.9,137300
2017-11-20,0.9,1.0,0.8,1.0,48200
2017-11-21,0.9,1.0,0.9,1.0,8500
2017-11-22,1.0,1.0,0.8,0.9,51300
2017-11-23,0.9,0.9,0.8,0.8,30400
2017-11-24,0.8,1.0,0.8,0.9,159600
2017-11-27,0.9,1.1,0.9,1.0,182000
2017-11-28,1.0,1.0,0.9,0.9,19200
2017-11-29,1.0,1.0,0.9,1.0,14000
2017-11-30,1.0,1.0,0.9,1.0,137400
2017-12-01,0.9,1.0,0.9,1.0,11100
2017-12-04,1.0,1.0,0.9,1.0,20300
2017-12-05,1.0,1.0,0.9,0.9,44500
2017-12-06,0.9,1.0,0.9,1.0,23900
2017-12-07,0.9,1.0,0.9,1.0,113400
2017-12-08,0.9,1.0,0.9,1.0,97800
2017-12-11,1.0,1.0,0.9,0.9,3800
2017-12-12,0.9,1.0,0.9,0.9,178300
2017-12-13,0.9,1.0,0.9,1.0,47300
2017-12-14,1.0,1.0,0.9,0.9,3500
2017-12-15,1.0,1.0,0.9,0.9,48400
2017-12-18,1.0,1.0,0.9,0.9,26600
2017-12-19,1.0,1.0,0.9,0.9,59100
2017-12-20,1.0,1.0,0.9,0.9,24500
2017-12-21,1.0,1.0,1.0,1.0,13100
2017-12-22,1.0,1.0,1.0,1.0,25100
2017-12-25,1.0,1.0,0.9,1.0,3800
2017-12-26,1.0,1.0,0.9,0.9,5000
2017-12-27,1.0,1.0,0.9,0.9,5900
2017-12-28,1.0,1.0,0.9,1.0,25100
2017-12-29,1.0,1.0,1.0,1.0,100
2018-01-02,0.9,1.0,0.9,1.0,32300
2018-01-03,1.0,1.0,0.9,0.9,2800
2018-01-04,1.0,1.0,0.9,1.0,5100
2018-01-05,1.0,1.0,0.9,1.0,12100
2018-01-08,1.0,1.0,0.9,0.9,15900
2018-01-09,1.0,1.0,0.9,0.9,9300
2018-01-10,0.9,1.0,0.9,1.0,4800
2018-01-11,1.0,1.0,1.0,1.0,21400
2018-01-12,1.0,1.0,1.0,1.0,100
2018-01-15,0.9,1.0,0.9,0.9,3300
2018-01-16,1.0,1.0,1.0,1.0,100
2018-01-17,1.0,1.0,1.0,1.0,57200
2018-01-18,1.0,1.1,1.0,1.0,13800
2018-01-19,1.0,1.0,1.0,1.0,700
2018-01-22,1.0,1.0,1.0,1.0,100
2018-01-23,0.9,1.0,0.9,0.9,47400
2018-01-24,1.0,1.0,0.9,0.9,30700
2018-01-25,0.9,0.9,0.9,0.9,4000
2018-01-26,1.0,1.0,1.0,1.0,100
2018-01-29,1.0,1.0,0.9,0.9,26400
2018-01-30,0.9,0.9,0.9,0.9,700
2018-01-31,0.9,0.9,0.8,0.8,2500
2018-02-01,0.9,0.9,0.9,0.9,5600
2018-02-02,0.9,0.9,0.8,0.9,9800
2018-02-05,0.9,0.9,0.7,0.9,4200
2018-02-06,0.8,0.8,0.8,0.8,27600
2018-02-07,0.9,0.9,0.8,0.8,6400
2018-02-08,0.8,0.8,0.7,0.8,30900
2018-02-09,0.8,0.8,0.7,0.8,6900
2018-02-12,0.9,0.9,0.9,0.9,900
2018-02-13,0.8,0.9,0.8,0.9,3400
2018-02-21,0.9,0.9,0.8,0.9,1200
2018-02-22,0.8,0.9,0.8,0.8,16800
2018-02-23,0.9,0.9,0.8,0.9,1000
2018-02-26,0.9,0.9,0.8,0.9,3300
2018-02-27,0.9,0.9,0.8,0.9,1100
2018-02-28,0.9,0.9,0.9,0.9,100
2018-03-01,0.8,0.9,0.8,0.9,12100
2018-03-02,0.9,0.9,0.8,0.8,27900
2018-03-05,0.9,0.9,0.8,0.8,3800
2018-03-06,0.9,0.9,0.8,0.8,10900
2018-03-07,0.9,0.9,0.9,0.9,200
2018-03-08,0.9,0.9,0.8,0.9,7700
2018-03-09,0.9,0.9,0.8,0.8,11300
2018-03-12,0.9,0.9,0.7,0.9,4800
2018-03-13,0.8,0.9,0.8,0.9,3700
2018-03-14,0.8,0.9,0.8,0.9,3600
2018-03-15,0.8,0.8,0.8,0.8,45300
2018-03-16,0.9,0.9,0.7,0.9,2800
2018-03-19,0.9,1.0,0.8,1.0,167200
2018-03-20,1.0,1.0,1.0,1.0,22400
2018-03-21,1.0,1.1,1.0,1.1,41100
2018-03-22,1.1,1.2,1.1,1.2,63100
2018-03-23,1.2,1.3,1.2,1.3,62400
2018-03-26,1.4,1.4,1.4,1.4,44600
2018-03-27,1.6,1.6,1.5,1.5,68800
2018-03-28,1.5,1.8,1.4,1.8,845710
2018-03-29,1.9,1.9,1.9,1.9,234400
2018-03-30,2.1,2.1,1.9,2.1,281800
2018-04-02,2.4,2.4,2.4,2.4,54500
2018-04-03,2.7,2.7,2.5,2.7,356700
2018-04-04,2.9,3.1,2.3,2.8,252400
2018-04-05,2.5,2.5,2.4,2.4,44000
2018-04-06,2.1,2.1,2.1,2.1,43000
2018-04-09,1.8,2.4,1.8,2.4,234000
2018-04-10,2.5,2.5,2.2,2.2,18200
2018-04-11,2.4,2.5,2.1,2.1,18900
2018-04-12,1.8,2.3,1.8,2.3,209600
2018-04-13,2.2,2.3,2.2,2.3,106900
2018-04-16,2.6,2.6,2.4,2.6,88400
2018-04-17,2.6,2.6,2.3,2.5,73200
2018-04-18,2.4,2.4,2.1,2.4,451200
2018-04-19,2.1,2.3,1.8,1.9,107400
2018-04-20,1.8,2.0,1.7,1.8,49800
2018-04-23,1.6,1.7,1.6,1.6,121100
2018-04-24,1.4,1.7,1.4,1.5,86600
2018-04-26,1.6,1.6,1.6,1.6,5600
2018-04-27,1.7,1.8,1.7,1.8,123200
2018-05-02,2.0,2.0,1.7,1.7,31300
2018-05-03,1.7,2.0,1.7,2.0,142800
2018-05-04,2.0,2.1,1.8,1.8,18100
2018-05-07,1.8,2.0,1.7,1.7,10600
2018-05-08,2.0,2.0,1.9,2.0,4300
2018-05-09,2.0,2.0,1.7,1.7,11900
2018-05-10,1.6,1.9,1.6,1.9,10400
2018-05-11,1.5,1.7,1.5,1.6,12400
2018-05-14,1.6,1.6,1.4,1.4,2600
2018-05-15,1.4,1.5,1.4,1.5,3300
2018-05-16,1.4,1.6,1.4,1.6,8100
2018-05-17,1.8,1.8,1.8,1.8,100
2018-05-18,1.8,1.9,1.6,1.9,3300
2018-05-21,1.8,1.8,1.6,1.6,19400
2018-05-22,1.8,1.8,1.8,1.8,100
2018-05-23,1.8,1.8,1.8,1.8,400
2018-05-24,1.8,1.9,1.8,1.9,1100
2018-05-25,1.9,2.0,1.7,1.7,1500
2018-05-28,1.8,1.8,1.6,1.6,1100
2018-05-29,1.8,1.8,1.7,1.7,1600
2018-05-30,1.9,1.9,1.9,1.9,4000
2018-05-31,2.0,2.0,1.7,1.8,6300
2018-06-01,1.8,2.0,1.6,2.0,4600
2018-06-04,1.9,1.9,1.7,1.7,1300
2018-06-05,1.7,1.7,1.7,1.7,14300
2018-06-06,1.8,1.8,1.6,1.6,3400
2018-06-07,1.8,1.8,1.8,1.8,0
2018-06-08,1.8,1.8,1.8,1.8,100
2018-06-11,1.8,1.9,1.8,1.9,2200
2018-06-12,1.8,1.8,1.8,1.8,0
2018-06-13,1.6,1.6,1.6,1.6,7400
2018-06-14,1.6,1.6,1.6,1.6,0
2018-06-15,1.7,1.7,1.7,1.7,300
2018-06-18,1.7,1.7,1.7,1.7,0
2018-06-19,1.5,1.5,1.5,1.5,2400
2018-06-20,1.5,1.5,1.5,1.5,0
2018-06-21,1.6,1.7,1.4,1.4,1900
2018-06-22,1.6,1.6,1.6,1.6,100
2018-06-25,1.6,1.6,1.6,1.6,0
2018-06-26,1.6,1.7,1.6,1.7,7000
2018-06-27,1.7,1.7,1.7,1.7,4600
2018-06-28,1.6,1.8,1.6,1.8,200
2018-06-29,1.9,1.9,1.9,1.9,100
2018-07-02,1.9,1.9,1.8,1.8,1500
2018-07-03,1.8,1.8,1.8,1.8,0
2018-07-04,1.6,1.6,1.6,1.6,7900
2018-07-05,1.7,1.7,1.7,1.7,100
2018-07-06,1.5,1.5,1.5,1.5,1000
2018-07-09,1.7,1.7,1.7,1.7,100
2018-07-10,1.5,1.5,1.5,1.5,800
2018-07-11,1.5,1.5,1.5,1.5,0
2018-07-12,1.7,1.7,1.7,1.7,100
2018-07-13,1.7,1.7,1.7,1.7,0
2018-07-16,1.5,1.5,1.5,1.5,2000
2018-07-17,1.7,1.7,1.7,1.7,200
2018-07-18,1.5,1.5,1.5,1.5,3700
2018-07-19,1.7,1.7,1.5,1.5,500
2018-07-20,1.5,1.8,1.5,1.8,10200
2018-07-23,1.8,1.8,1.6,0.0,4900
2018-07-24,1.6,1.6,1.6,1.6,900
2018-07-25,1.6,1.6,1.6,1.6,0
2018-07-26,1.5,1.5,1.5,1.5,200
2018-07-27,1.5,1.5,1.5,1.5,0
2018-07-30,1.4,1.4,1.3,1.3,11600
2018-07-31,1.4,1.4,1.4,1.4,2300
2018-08-01,1.2,1.2,1.2,1.2,400
2018-08-02,1.3,1.3,1.3,1.3,200
2018-08-03,1.4,1.4,1.4,1.4,200
2018-08-06,1.5,1.5,1.5,1.5,100
2018-08-07,1.5,1.5,1.5,1.5,0
2018-08-08,1.5,1.5,1.5,1.5,200
2018-08-09,1.7,1.7,1.7,1.7,100
2018-08-10,1.5,1.5,1.5,1.5,100
2018-08-13,1.5,1.5,1.5,1.5,0
2018-08-14,1.6,1.6,1.6,1.6,100
2018-08-15,1.6,1.6,1.6,1.6,0
2018-08-16,1.6,1.6,1.6,1.6,0
2018-08-17,1.6,1.6,1.6,1.6,0
2018-08-20,1.6,1.6,1.6,1.6,0
2018-08-21,1.6,1.6,1.6,1.6,0
2018-08-22,1.4,1.4,1.4,1.4,3300
2018-08-23,1.4,1.4,1.4,1.4,5000
2018-08-24,1.4,1.4,1.4,1.4,0
2018-08-27,1.4,1.4,1.4,1.4,0
2018-08-28,1.4,1.4,1.4,1.4,0
2018-08-29,1.4,1.4,1.4,1.4,0
2018-08-30,1.4,1.4,1.4,1.4,0
2018-08-31,1.4,1.4,1.4,1.4,0
2018-09-04,1.4,1.4,1.4,1.4,0
2018-09-05,1.4,1.4,1.4,1.4,0
2018-09-06,1.5,1.6,1.5,1.6,5480
2018-09-07,1.6,1.6,1.6,1.6,0
2018-09-10,1.6,1.6,1.6,1.6,0
2018-09-11,1.8,1.8,1.8,1.8,100
2018-09-12,1.8,1.8,1.8,1.8,0
2018-09-13,1.9,1.9,1.6,1.6,10100
2018-09-14,1.6,1.6,1.6,1.6,0
2018-09-17,1.4,1.7,1.4,1.7,240
2018-09-18,1.6,1.7,1.6,1.7,1140
2018-09-19,1.5,1.5,1.4,1.4,12800
2018-09-20,1.4,1.4,1.4,1.4,0
2018-09-21,1.3,1.3,1.2,1.3,4900
2018-09-24,1.4,1.4,1.4,1.4,200
2018-09-25,1.3,1.3,1.2,1.3,17200
2018-09-26,1.3,1.3,1.2,1.3,17000
2018-09-27,1.2,1.3,1.2,1.3,7100
2018-09-28,1.4,1.4,1.2,1.2,6300
2018-10-01,1.3,1.3,1.3,1.3,100
2018-10-02,1.3,1.3,1.3,1.3,2100
2018-10-03,1.3,1.3,1.3,1.3,0
2018-10-04,1.3,1.3,1.3,1.3,0
2018-10-05,1.3,1.3,1.3,1.3,0
2018-10-08,1.3,1.3,1.3,1.3,0
2018-10-09,1.3,1.3,1.3,1.3,0
2018-10-10,1.3,1.3,1.3,1.3,0
2018-10-11,1.3,1.3,1.3,1.3,0
2018-10-12,1.3,1.3,1.3,1.3,0
2018-10-15,1.3,1.3,1.3,1.3,0
2018-10-16,1.3,1.3,1.3,1.3,0
2018-10-17,1.3,1.3,1.3,1.3,0
2018-10-18,1.3,1.3,1.3,1.3,0
2018-10-19,1.2,1.2,1.2,1.2,1300
2018-10-22,1.2,1.2,1.2,1.2,0
2018-10-23,1.2,1.2,1.2,1.2,0
2018-10-24,1.2,1.2,1.2,1.2,0
2018-10-25,1.2,1.2,1.2,1.2,0
2018-10-26,1.2,1.2,1.2,1.2,0
2018-10-29,1.2,1.2,1.2,1.2,0
2018-10-30,1.2,1.2,1.2,1.2,0
2018-10-31,1.2,1.2,1.2,1.2,0
2018-11-01,1.2,1.2,1.2,1.2,0
2018-11-02,1.1,1.1,1.1,1.1,20100
2018-11-05,1.1,1.1,1.1,1.1,0
2018-11-06,1.1,1.1,1.1,1.1,0
2018-11-07,1.1,1.1,1.1,1.1,0
2018-11-08,1.1,1.1,1.1,1.1,0
2018-11-09,1.0,1.1,1.0,1.1,11700
2018-11-12,1.0,1.0,1.0,1.0,0
2018-11-13,1.0,1.0,1.0,1.0,0
2018-11-14,1.0,1.0,1.0,1.0,0
2018-11-15,1.0,1.0,1.0,1.0,0
2018-11-16,0.9,0.9,0.9,0.9,23000
2018-11-19,0.9,0.9,0.9,0.9,0
2018-11-20,0.9,0.9,0.9,0.9,0
2018-11-21,0.9,0.9,0.9,0.9,0
2018-11-22,0.9,0.9,0.9,0.9,0
2018-11-23,0.8,0.8,0.8,0.8,10100
2018-11-26,0.8,0.8,0.8,0.8,0
2018-11-27,0.8,0.8,0.8,0.8,0
2018-11-28,0.8,0.8,0.8,0.8,0
2018-11-29,0.8,0.8,0.8,0.8,0
2018-11-30,0.8,0.8,0.8,0.8,0
2018-12-03,0.8,0.8,0.8,0.8,0
2018-12-04,0.8,0.8,0.8,0.8,0
2018-12-05,0.8,0.8,0.8,0.8,0
2018-12-06,0.8,0.8,0.8,0.8,0
2018-12-07,0.8,0.9,0.8,0.9,5600
2018-12-10,0.9,0.9,0.9,0.9,0
2018-12-11,0.9,0.9,0.9,0.9,0
2018-12-12,0.9,0.9,0.9,0.9,0
2018-12-13,0.9,0.9,0.9,0.9,0
2018-12-14,1.0,1.0,1.0,1.0,6400
2018-12-17,1.0,1.0,1.0,1.0,0
2018-12-18,1.0,1.0,1.0,1.0,0
2018-12-19,1.0,1.0,1.0,1.0,0
2018-12-20,1.0,1.0,1.0,1.0,0
2018-12-21,1.1,1.1,1.1,1.1,900
2018-12-24,1.1,1.1,1.1,1.1,0
2018-12-25,1.1,1.1,1.1,1.1,0
2018-12-26,1.1,1.1,1.1,1.1,0
2018-12-27,1.1,1.1,1.1,1.1,0
2018-12-28,1.1,1.2,1.1,1.2,3000
2019-01-02,1.2,1.2,1.2,1.2,0
2019-01-03,1.2,1.2,1.2,1.2,0
2019-01-04,1.3,1.3,1.3,1.3,6500
2019-01-07,1.3,1.3,1.3,1.3,0
2019-01-08,1.3,1.3,1.3,1.3,0
2019-01-09,1.3,1.3,1.3,1.3,0
2019-01-10,1.3,1.3,1.3,1.3,0
2019-01-11,1.2,1.2,1.2,1.2,6300
2019-01-14,1.2,1.2,1.2,1.2,0
2019-01-15,1.2,1.2,1.2,1.2,0
2019-01-16,1.2,1.2,1.2,1.2,0
2019-01-17,1.2,1.2,1.2,1.2,0
2019-01-18,1.2,1.2,1.2,1.2,0
2019-01-21,1.2,1.2,1.2,1.2,0
2019-01-22,1.2,1.2,1.2,1.2,0
2019-01-23,1.2,1.2,1.2,1.2,0
2019-01-24,1.2,1.2,1.2,1.2,0
2019-01-25,1.2,1.2,1.2,1.2,11300
2019-01-28,1.2,1.2,1.2,1.2,0
2019-01-29,1.2,1.2,1.2,1.2,0
2019-01-30,1.2,1.2,1.2,1.2,0
2019-01-31,1.2,1.2,1.2,1.2,0
2019-02-01,1.2,1.2,1.2,1.2,0
2019-02-11,1.2,1.2,1.2,1.2,0
2019-02-12,1.2,1.2,1.2,1.2,0
2019-02-13,1.2,1.2,1.2,1.2,0
2019-02-14,1.2,1.2,1.2,1.2,0
2019-02-15,1.1,1.1,1.1,1.1,2600
2019-02-18,1.1,1.1,1.1,1.1,0
2019-02-19,1.1,1.1,1.1,1.1,0
2019-02-20,1.1,1.1,1.1,1.1,0
2019-02-21,1.1,1.1,1.1,1.1,0
2019-02-22,1.1,1.2,1.1,1.2,5500
2019-02-25,1.2,1.2,1.2,1.2,0
2019-02-26,1.2,1.2,1.2,1.2,0
2019-02-27,1.2,1.2,1.2,1.2,0
2019-02-28,1.2,1.2,1.2,1.2,0
2019-03-01,1.1,1.3,1.1,1.3,33000
2019-03-04,1.2,1.3,1.3,1.3,0
2019-03-05,1.2,1.3,1.3,1.3,0
2019-03-06,1.2,1.3,1.3,1.3,0
2019-03-07,1.2,1.3,1.3,1.3,0
2019-03-08,1.1,1.3,1.1,1.3,68900
2019-03-11,1.3,1.3,1.3,1.3,0
2019-03-12,1.3,1.3,1.3,1.3,0
2019-03-13,1.3,1.3,1.3,1.3,0
2019-03-14,1.3,1.3,1.3,1.3,0
2019-03-15,1.2,1.4,1.2,1.3,72900
2019-03-18,1.4,1.3,1.3,1.3,0
2019-03-19,1.4,1.3,1.3,1.3,0
2019-03-20,1.4,1.3,1.3,1.3,0
2019-03-21,1.4,1.3,1.3,1.3,0
2019-03-22,1.5,1.5,1.2,1.2,20900
2019-03-25,1.4,1.2,1.2,1.2,0
2019-03-26,1.4,1.2,1.2,1.2,0
2019-03-27,1.4,1.2,1.2,1.2,0
2019-03-28,1.4,1.2,1.2,1.2,0
2019-03-29,1.2,1.3,1.2,1.3,45700
2019-04-01,1.2,1.3,1.3,1.3,0
2019-04-02,1.2,1.3,1.3,1.3,0
2019-04-03,1.2,1.3,1.3,1.3,0
2019-04-04,1.2,1.3,1.3,1.3,0
2019-04-05,1.1,1.3,1.1,1.3,30000
2019-04-08,1.1,1.3,1.3,1.3,0
2019-04-09,1.1,1.3,1.3,1.3,0
2019-04-10,1.1,1.3,1.3,1.3,0
2019-04-11,1.1,1.3,1.3,1.3,0
2019-04-12,1.2,1.2,1.2,1.2,7600
2019-04-16,1.2,1.2,1.2,1.2,0
2019-04-17,1.2,1.2,1.2,1.2,0
2019-04-18,1.2,1.2,1.2,1.2,0
2019-04-19,1.3,1.3,1.3,1.3,7000
2019-04-22,1.3,1.3,1.3,1.3,0
2019-04-23,1.3,1.3,1.3,1.3,0
2019-04-24,1.3,1.3,1.3,1.3,0
2019-04-25,1.3,1.3,1.3,1.3,0
2019-04-26,1.2,1.4,1.2,1.4,18500
2019-05-02,1.4,1.4,1.4,1.4,0
2019-05-03,1.5,1.5,1.5,1.5,100
2019-05-06,1.5,1.5,1.5,1.5,0
2019-05-07,1.5,1.5,1.5,1.5,0
2019-05-08,1.5,1.5,1.5,1.5,0
2019-05-09,1.5,1.5,1.5,1.5,0
2019-05-10,1.6,1.6,1.3,1.6,4200
2019-05-13,1.5,1.6,1.6,1.6,0
2019-05-14,1.5,1.6,1.6,1.6,0
2019-05-15,1.5,1.6,1.6,1.6,0
2019-05-16,1.5,1.6,1.6,1.6,0
2019-05-17,1.5,1.6,1.6,1.6,0
2019-05-20,1.5,1.6,1.6,1.6,0
2019-05-21,1.5,1.6,1.6,1.6,0
2019-05-22,1.5,1.6,1.6,1.6,0
2019-05-23,1.5,1.6,1.6,1.6,0
2019-05-24,1.5,1.6,1.6,1.6,0
2019-05-27,1.5,1.6,1.6,1.6,0
2019-05-28,1.5,1.6,1.6,1.6,0
2019-05-29,1.5,1.6,1.6,1.6,0
2019-05-30,1.5,1.6,1.6,1.6,0
2019-05-31,1.5,1.6,1.6,1.6,0
2019-06-03,1.5,1.6,1.6,1.6,0
2019-06-04,1.5,1.6,1.6,1.6,0
2019-06-05,1.5,1.6,1.6,1.6,0
2019-06-06,1.5,1.6,1.6,1.6,0
2019-06-07,1.4,1.4,1.3,1.3,2600
2019-06-10,1.3,1.3,1.3,1.3,0
2019-06-11,1.3,1.3,1.3,1.3,0
2019-06-12,1.3,1.3,1.3,1.3,0
2019-06-13,1.3,1.3,1.3,1.3,0
2019-06-14,1.3,1.3,1.3,1.3,0
2019-06-17,1.3,1.3,1.3,1.3,0
2019-06-18,1.3,1.3,1.3,1.3,0
2019-06-19,1.3,1.3,1.3,1.3,0
2019-06-20,1.3,1.3,1.3,1.3,0
2019-06-21,1.3,1.3,1.3,1.3,0
2019-06-24,1.3,1.3,1.3,1.3,0
2019-06-25,1.3,1.3,1.3,1.3,0
2019-06-26,1.3,1.3,1.3,1.3,0
2019-06-27,1.3,1.3,1.3,1.3,0
2019-06-28,1.3,1.3,1.3,1.3,0
2019-07-01,1.3,1.3,1.3,1.3,0
2019-07-02,1.3,1.3,1.3,1.3,0
2019-07-03,1.3,1.3,1.3,1.3,0
2019-07-04,1.3,1.3,1.3,1.3,0
2019-07-05,1.3,1.3,1.3,1.3,0
2019-07-08,1.3,1.3,1.3,1.3,0
2019-07-09,1.3,1.3,1.3,1.3,0
2019-07-10,1.3,1.3,1.3,1.3,0
2019-07-11,1.3,1.3,1.3,1.3,0
2019-07-12,1.4,1.4,1.4,1.4,100
2019-07-15,1.4,1.4,1.4,1.4,0
2019-07-16,1.4,1.4,1.4,1.4,0
2019-07-17,1.4,1.4,1.4,1.4,0
2019-07-18,1.4,1.4,1.4,1.4,0
2019-07-19,1.6,1.6,1.6,1.6,100
2019-07-22,1.6,1.6,1.6,1.6,0
2019-07-23,1.6,1.6,1.6,1.6,0
2019-07-24,1.6,1.6,1.6,1.6,0
2019-07-25,1.6,1.6,1.6,1.6,0
2019-07-26,1.6,1.6,1.6,1.6,0
2019-07-29,1.6,1.6,1.6,1.6,0
2019-07-30,1.6,1.6,1.6,1.6,0
2019-07-31,1.6,1.6,1.6,1.6,0
2019-08-01,1.6,1.6,1.6,1.6,0
2019-08-02,1.6,1.6,1.6,1.6,0
2019-08-05,1.6,1.6,1.6,1.6,0
2019-08-06,1.6,1.6,1.6,1.6,0
2019-08-07,1.6,1.6,1.6,1.6,0
2019-08-08,1.6,1.6,1.6,1.6,0
2019-08-09,1.6,1.6,1.6,1.6,0
2019-08-12,1.6,1.6,1.6,1.6,0
2019-08-13,1.6,1.6,1.6,1.6,0
2019-08-14,1.6,1.6,1.6,1.6,0
2019-08-15,1.6,1.6,1.6,1.6,0
2019-08-16,1.6,1.6,1.6,1.6,0
2019-08-19,1.6,1.6,1.6,1.6,0
2019-08-20,1.6,1.6,1.6,1.6,0
2019-08-21,1.6,1.6,1.6,1.6,0
2019-08-22,1.6,1.6,1.6,1.6,0
2019-08-23,1.6,1.6,1.6,1.6,0
2019-08-26,1.6,1.6,1.6,1.6,0
2019-08-27,1.6,1.6,1.6,1.6,0
2019-08-28,1.6,1.6,1.6,1.6,0
2019-08-29,1.6,1.6,1.6,1.6,0
2019-08-30,1.6,1.6,1.6,1.6,0
2019-09-03,1.6,1.6,1.6,1.6,0
2019-09-04,1.6,1.6,1.6,1.6,0
2019-09-05,1.6,1.6,1.6,1.6,0
2019-09-06,1.6,1.6,1.6,1.6,0
2019-09-09,1.6,1.6,1.6,1.6,0
2019-09-10,1.6,1.6,1.6,1.6,0
2019-09-11,1.6,1.6,1.6,1.6,0
2019-09-12,1.6,1.6,1.6,1.6,0
2019-09-13,1.6,1.6,1.6,1.6,0
2019-09-16,1.6,1.6,1.6,1.6,0
2019-09-17,1.6,1.6,1.6,1.6,0
2019-09-18,1.6,1.6,1.6,1.6,0
2019-09-19,1.6,1.6,1.6,1.6,0
2019-09-20,1.6,1.6,1.6,1.6,0
2019-09-23,1.6,1.6,1.6,1.6,0
2019-09-24,1.6,1.6,1.6,1.6,0
2019-09-25,1.6,1.6,1.6,1.6,0
2019-09-26,1.6,1.6,1.6,1.6,0
2019-09-27,1.6,1.6,1.6,1.6,0
2019-09-30,1.6,1.6,1.6,1.6,0
2019-10-01,1.6,1.6,1.6,1.6,0
2019-10-02,1.6,1.6,1.6,1.6,0
2019-10-03,1.6,1.6,1.6,1.6,0
2019-10-04,1.6,1.6,1.6,1.6,0
2019-10-07,1.6,1.6,1.6,1.6,0
2019-10-08,1.6,1.6,1.6,1.6,0
2019-10-09,1.6,1.6,1.6,1.6,0
2019-10-10,1.6,1.6,1.6,1.6,0
2019-10-11,1.6,1.6,1.6,1.6,0
2019-10-14,1.6,1.6,1.6,1.6,0
2019-10-15,1.6,1.6,1.6,1.6,0
2019-10-16,1.6,1.6,1.6,1.6,0
2019-10-17,1.6,1.6,1.6,1.6,0
2019-10-18,1.4,1.4,1.4,1.4,700
2019-10-21,1.4,1.4,1.4,1.4,0
2019-10-22,1.4,1.4,1.4,1.4,0
2019-10-23,1.4,1.4,1.4,1.4,0
2019-10-24,1.4,1.4,1.4,1.4,0
2019-10-25,1.4,1.4,1.4,1.4,0
2019-10-28,1.4,1.4,1.4,1.4,0
2019-10-29,1.4,1.4,1.4,1.4,0
2019-10-30,1.4,1.4,1.4,1.4,0
2019-10-31,1.4,1.4,1.4,1.4,0
2019-11-01,1.2,1.2,1.2,1.2,18000
2019-11-04,1.2,1.2,1.2,1.2,0
2019-11-05,1.2,1.2,1.2,1.2,0
2019-11-06,1.2,1.2,1.2,1.2,0
2019-11-07,1.2,1.2,1.2,1.2,0
2019-11-08,1.1,1.1,1.1,1.1,30700
2019-11-11,1.1,1.1,1.1,1.1,0
2019-11-12,1.1,1.1,1.1,1.1,0
2019-11-13,1.1,1.1,1.1,1.1,0
2019-11-14,1.1,1.1,1.1,1.1,0
2019-11-15,1.0,1.0,1.0,1.0,18000
2019-11-18,1.0,1.0,1.0,1.0,0
2019-11-19,1.0,1.0,1.0,1.0,0
2019-11-20,1.0,1.0,1.0,1.0,0
2019-11-21,1.0,1.0,1.0,1.0,0
2019-11-22,0.9,1.0,0.9,0.9,11600
2019-11-25,0.9,0.9,0.9,0.9,0
2019-11-26,0.9,0.9,0.9,0.9,0
2019-11-27,0.9,0.9,0.9,0.9,0
2019-11-28,0.9,0.9,0.9,0.9,0
2019-11-29,1.0,1.0,0.9,0.9,4900
2019-12-02,0.9,0.9,0.9,0.9,0
2019-12-03,0.9,0.9,0.9,0.9,0
2019-12-04,0.9,0.9,0.9,0.9,0
2019-12-05,0.9,0.9,0.9,0.9,0
2019-12-06,1.0,1.0,0.9,1.0,5000
2019-12-09,1.0,1.0,1.0,1.0,0
2019-12-10,1.0,1.0,1.0,1.0,0
2019-12-11,1.0,1.0,1.0,1.0,0
2019-12-12,1.0,1.0,1.0,1.0,0
2019-12-13,1.0,1.0,1.0,1.0,0
2019-12-16,1.0,1.0,1.0,1.0,0
2019-12-17,1.0,1.0,1.0,1.0,0
2019-12-18,1.0,1.0,1.0,1.0,0
2019-12-19,1.0,1.0,1.0,1.0,0
2019-12-20,1.0,1.0,1.0,1.0,1000
2019-12-23,1.0,1.0,1.0,1.0,0
2019-12-24,1.0,1.0,1.0,1.0,0
2019-12-25,1.0,1.0,1.0,1.0,0
2019-12-26,1.0,1.0,1.0,1.0,0
2019-12-27,1.0,1.0,1.0,1.0,0
2019-12-30,1.0,1.0,1.0,1.0,0
2019-12-31,1.0,1.0,1.0,1.0,0
2020-01-02,1.0,1.0,1.0,1.0,0
2020-01-03,0.9,0.9,0.9,0.9,10000
2020-01-06,0.9,0.9,0.9,0.9,0
2020-01-07,0.9,0.9,0.9,0.9,0
2020-01-08,0.9,0.9,0.9,0.9,0
2020-01-09,0.9,0.9,0.9,0.9,0
2020-01-10,0.8,0.8,0.8,0.8,14400
2020-01-13,0.8,0.8,0.8,0.8,0
2020-01-14,0.8,0.8,0.8,0.8,0
2020-01-15,0.8,0.8,0.8,0.8,0
2020-01-16,0.8,0.8,0.8,0.8,0
2020-01-17,0.8,0.8,0.8,0.8,8000
2020-01-20,0.8,0.8,0.8,0.8,0
2020-01-21,0.8,0.8,0.8,0.8,0
2020-01-22,0.8,0.8,0.8,0.8,0
2020-01-30,0.8,0.8,0.8,0.8,0
2020-01-31,0.7,0.7,0.7,0.7,10000
2020-02-03,0.7,0.7,0.7,0.7,0
2020-02-04,0.7,0.7,0.7,0.7,0
2020-02-05,0.7,0.7,0.7,0.7,0
2020-02-06,0.7,0.7,0.7,0.7,0
2020-02-07,0.7,0.8,0.7,0.8,25300
2020-02-10,0.8,0.8,0.8,0.8,0
2020-02-11,0.8,0.8,0.8,0.8,0
2020-02-12,0.8,0.8,0.8,0.8,0
2020-02-13,0.8,0.8,0.8,0.8,0
2020-02-14,0.9,0.9,0.9,0.9,3000
2020-02-17,0.9,0.9,0.9,0.9,0
2020-02-18,0.9,0.9,0.9,0.9,0
2020-02-19,0.9,0.9,0.9,0.9,0
2020-02-20,0.9,0.9,0.9,0.9,0
2020-02-21,0.8,0.8,0.8,0.8,200
2020-02-24,0.8,0.8,0.8,0.8,0
2020-02-25,0.8,0.8,0.8,0.8,0
2020-02-26,0.8,0.8,0.8,0.8,0
2020-02-27,0.8,0.8,0.8,0.8,0
2020-02-28,0.7,0.7,0.7,0.7,1000
2020-03-02,0.7,0.7,0.7,0.7,0
2020-03-03,0.7,0.7,0.7,0.7,0
2020-03-04,0.7,0.7,0.7,0.7,0
2020-03-05,0.7,0.7,0.7,0.7,0
2020-03-06,0.7,0.7,0.6,0.6,36600
2020-03-09,0.6,0.6,0.6,0.6,0
2020-03-10,0.6,0.6,0.6,0.6,0
2020-03-11,0.6,0.6,0.6,0.6,0
2020-03-12,0.6,0.6,0.6,0.6,0
2020-03-13,0.5,0.5,0.5,0.5,39100
2020-03-16,0.5,0.5,0.5,0.5,0
2020-03-17,0.5,0.5,0.5,0.5,0
2020-03-18,0.5,0.5,0.5,0.5,0
2020-03-19,0.5,0.5,0.5,0.5,0
2020-03-20,0.5,0.5,0.5,0.5,0
2020-03-23,0.5,0.5,0.5,0.5,0
2020-03-24,0.5,0.5,0.5,0.5,0
2020-03-25,0.5,0.5,0.5,0.5,0
2020-03-26,0.5,0.5,0.5,0.5,0
2020-03-27,0.5,0.5,0.5,0.5,0
2020-03-30,0.5,0.5,0.5,0.5,0
2020-03-31,0.5,0.5,0.5,0.5,0
2020-04-01,0.5,0.5,0.5,0.5,0
2020-04-03,0.4,0.4,0.4,0.4,200
2020-04-06,0.4,0.4,0.4,0.4,0
2020-04-07,0.4,0.4,0.4,0.4,0
2020-04-08,0.4,0.4,0.4,0.4,0
2020-04-09,0.4,0.4,0.4,0.4,0
2020-04-10,0.4,0.4,0.4,0.4,6300
2020-04-13,0.4,0.4,0.4,0.4,0
2020-04-14,0.4,0.4,0.4,0.4,0
2020-04-15,0.4,0.4,0.4,0.4,0
2020-04-16,0.4,0.4,0.4,0.4,0
2020-04-17,0.4,0.4,0.4,0.4,500
2020-04-20,0.4,0.4,0.4,0.4,0
2020-04-21,0.4,0.4,0.4,0.4,0
2020-04-22,0.4,0.4,0.4,0.4,0
2020-04-23,0.4,0.4,0.4,0.4,0
2020-04-24,0.4,0.5,0.4,0.5,8900
2020-04-27,0.5,0.5,0.5,0.5,0
2020-04-28,0.5,0.5,0.5,0.5,0
2020-04-29,0.5,0.5,0.5,0.5,0
2020-05-04,0.5,0.5,0.5,0.5,0
2020-05-05,0.5,0.5,0.5,0.5,0
2020-05-06,0.5,0.5,0.5,0.5,0
2020-05-07,0.5,0.5,0.5,0.5,0
2020-05-08,0.4,0.4,0.4,0.4,20600
2020-05-11,0.4,0.4,0.4,0.4,0
2020-05-12,0.4,0.4,0.4,0.4,0
2020-05-13,0.4,0.4,0.4,0.4,0
2020-05-14,0.4,0.4,0.4,0.4,0
2020-05-15,0.4,0.4,0.4,0.4,600
2020-05-18,0.4,0.4,0.4,0.4,0
2020-05-19,0.4,0.4,0.4,0.4,0
2020-05-20,0.4,0.4,0.4,0.4,0
2020-05-21,0.4,0.4,0.4,0.4,0
2020-05-22,0.5,0.5,0.4,0.4,21100
2020-05-25,0.4,0.4,0.4,0.4,0
2020-05-26,0.4,0.4,0.4,0.4,0
2020-05-27,0.4,0.4,0.4,0.4,0
2020-05-28,0.4,0.4,0.4,0.4,0
2020-05-29,0.4,0.4,0.4,0.4,1500
2020-06-01,0.4,0.4,0.4,0.4,0
2020-06-02,0.4,0.4,0.4,0.4,0
2020-06-03,0.4,0.4,0.4,0.4,0
2020-06-04,0.4,0.4,0.4,0.4,0
2020-06-05,0.4,0.4,0.4,0.4,0
2020-06-08,0.4,0.4,0.4,0.4,0
2020-06-09,0.4,0.4,0.4,0.4,0
2020-06-10,0.4,0.4,0.4,0.4,0
2020-06-11,0.4,0.4,0.4,0.4,0
2020-06-12,0.4,0.5,0.4,0.5,76900
2020-06-15,0.4,0.5,0.5,0.5,0
2020-06-16,0.4,0.5,0.5,0.5,0
2020-06-17,0.4,0.5,0.5,0.5,0
2020-06-18,0.4,0.5,0.5,0.5,0
2020-06-19,0.5,0.5,0.5,0.5,32200
2020-06-22,0.5,0.5,0.5,0.5,0
2020-06-23,0.5,0.5,0.5,0.5,0
2020-06-24,0.5,0.5,0.5,0.5,0
2020-06-25,0.5,0.5,0.5,0.5,0
2020-06-26,0.5,0.5,0.5,0.5,300
2020-06-29,0.5,0.5,0.5,0.5,0
2020-06-30,0.5,0.5,0.5,0.5,0
2020-07-01,0.5,0.5,0.5,0.5,0
2020-07-02,0.5,0.5,0.5,0.5,0
2020-07-03,0.6,0.6,0.6,0.6,5020
2020-07-06,0.6,0.6,0.6,0.6,0
2020-07-07,0.6,0.6,0.6,0.6,0
2020-07-08,0.6,0.6,0.6,0.6,0
2020-07-09,0.6,0.6,0.6,0.6,0
2020-07-10,0.7,0.7,0.7,0.7,100
2020-07-13,0.7,0.7,0.7,0.7,0
2020-07-14,0.7,0.7,0.7,0.7,0
2020-07-15,0.7,0.7,0.7,0.7,0
2020-07-16,0.7,0.7,0.7,0.7,0
2020-07-17,0.6,0.7,0.6,0.7,600
2020-07-20,0.7,0.7,0.7,0.7,0
2020-07-21,0.7,0.7,0.7,0.7,0
2020-07-22,0.7,0.7,0.7,0.7,0
2020-07-23,0.7,0.7,0.7,0.7,0
2020-07-24,0.7,0.7,0.7,0.7,800
2020-07-27,0.7,0.7,0.7,0.7,0
2020-07-28,0.7,0.7,0.7,0.7,0
2020-07-29,0.7,0.7,0.7,0.7,0
2020-07-30,0.7,0.7,0.7,0.7,0
2020-07-31,0.6,0.6,0.6,0.6,320
2020-08-03,0.6,0.6,0.6,0.6,0
2020-08-04,0.6,0.6,0.6,0.6,0
2020-08-05,0.6,0.6,0.6,0.6,0
2020-08-06,0.6,0.6,0.6,0.6,0
2020-08-07,0.7,0.7,0.7,0.7,1000
2020-08-10,0.7,0.7,0.7,0.7,0
2020-08-11,0.7,0.7,0.7,0.7,0
2020-08-12,0.7,0.7,0.7,0.7,0
2020-08-13,0.7,0.7,0.7,0.7,0
2020-08-14,0.7,0.7,0.7,0.7,0
2020-08-17,0.7,0.7,0.7,0.7,0
2020-08-18,0.7,0.7,0.7,0.7,0
2020-08-19,0.7,0.7,0.7,0.7,0
2020-08-20,0.7,0.7,0.7,0.7,0
2020-08-21,0.8,0.8,0.8,0.8,11000
2020-08-24,0.8,0.8,0.8,0.8,0
2020-08-25,0.8,0.8,0.8,0.8,0
2020-08-26,0.8,0.8,0.8,0.8,0
2020-08-27,0.8,0.8,0.8,0.8,0
2020-08-28,0.9,0.9,0.7,0.9,19720
2020-08-31,0.8,0.9,0.9,0.9,0
2020-09-01,0.8,0.9,0.9,0.9,0
2020-09-03,0.8,0.9,0.9,0.9,0
2020-09-04,0.9,0.9,0.7,0.9,9100
2020-09-07,0.9,0.9,0.9,0.9,0
2020-09-08,0.9,0.9,0.9,0.9,0
2020-09-09,0.9,0.9,0.9,0.9,0
2020-09-10,0.9,0.9,0.9,0.9,0
2020-09-11,0.8,0.8,0.8,0.8,12000
2020-09-14,0.8,0.8,0.8,0.8,0
2020-09-15,0.8,0.8,0.8,0.8,0
2020-09-16,0.8,0.8,0.8,0.8,0
2020-09-17,0.8,0.8,0.8,0.8,0
2020-09-18,0.9,0.9,0.9,0.9,1600
2020-09-21,0.9,0.9,0.9,0.9,0
2020-09-22,0.9,0.9,0.9,0.9,0
2020-09-23,0.9,0.9,0.9,0.9,0
2020-09-24,0.9,0.9,0.9,0.9,0
2020-09-25,1.0,1.0,0.9,0.9,1800
2020-09-28,0.9,0.9,0.9,0.9,0
2020-09-29,0.9,0.9,0.9,0.9,0
2020-09-30,0.9,0.9,0.9,0.9,0
2020-10-01,0.9,0.9,0.9,0.9,0
2020-10-02,0.8,0.8,0.8,0.8,600
2020-10-05,0.8,0.8,0.8,0.8,0
2020-10-06,0.8,0.8,0.8,0.8,0
2020-10-07,0.8,0.8,0.8,0.8,0
2020-10-08,0.8,0.8,0.8,0.8,0
2020-10-09,0.7,0.7,0.7,0.7,300
2020-10-12,0.7,0.7,0.7,0.7,0
2020-10-13,0.7,0.7,0.7,0.7,0
2020-10-14,0.7,0.7,0.7,0.7,0
2020-10-15,0.7,0.7,0.7,0.7,0
2020-10-16,0.6,0.6,0.6,0.6,4200
2020-10-19,0.6,0.6,0.6,0.6,0
2020-10-20,0.6,0.6,0.6,0.6,0
2020-10-21,0.6,0.6,0.6,0.6,0
2020-10-22,0.6,0.6,0.6,0.6,0
2020-10-23,0.6,0.6,0.6,0.6,0
2020-10-26,0.6,0.6,0.6,0.6,0
2020-10-27,0.6,0.6,0.6,0.6,0
2020-10-28,0.6,0.6,0.6,0.6,0
2020-10-29,0.6,0.6,0.6,0.6,0
2020-10-30,0.6,0.6,0.6,0.6,0
2020-11-02,0.6,0.6,0.6,0.6,0
2020-11-03,0.6,0.6,0.6,0.6,0
2020-11-04,0.6,0.6,0.6,0.6,0
2020-11-05,0.6,0.6,0.6,0.6,0
2020-11-06,0.6,0.6,0.6,0.6,0
2020-11-09,0.6,0.6,0.6,0.6,0
2020-11-10,0.6,0.6,0.6,0.6,0
2020-11-11,0.6,0.6,0.6,0.6,0
2020-11-12,0.6,0.6,0.6,0.6,0
2020-11-13,0.7,0.7,0.7,0.7,100
2020-11-16,0.7,0.7,0.7,0.7,0
2020-11-17,0.7,0.7,0.7,0.7,0
2020-11-18,0.7,0.7,0.7,0.7,0
2020-11-19,0.7,0.7,0.7,0.7,0
2020-11-20,0.8,0.8,0.8,0.8,20100
2020-11-23,0.8,0.8,0.8,0.8,0
2020-11-24,0.8,0.8,0.8,0.8,0
2020-11-25,0.8,0.8,0.8,0.8,0
2020-11-26,0.8,0.8,0.8,0.8,0
2020-11-27,0.9,0.9,0.7,0.7,1700
2020-11-30,0.8,0.7,0.7,0.7,0
2020-12-01,0.8,0.7,0.7,0.7,0
2020-12-02,0.8,0.7,0.7,0.7,0
2020-12-03,0.8,0.7,0.7,0.7,0
2020-12-04,0.7,0.7,0.7,0.7,27100
2020-12-07,0.7,0.7,0.7,0.7,0
2020-12-08,0.7,0.7,0.7,0.7,0
2020-12-09,0.7,0.7,0.7,0.7,0
2020-12-10,0.7,0.7,0.7,0.7,0
2020-12-11,0.6,0.8,0.6,0.6,1100
2020-12-14,0.6,0.6,0.6,0.6,0
2020-12-15,0.6,0.6,0.6,0.6,0
2020-12-16,0.6,0.6,0.6,0.6,0
2020-12-17,0.6,0.6,0.6,0.6,0
2020-12-18,0.5,0.7,0.5,0.6,144719
2020-12-21,0.5,0.6,0.6,0.6,0
2020-12-22,0.5,0.6,0.6,0.6,0
2020-12-23,0.5,0.6,0.6,0.6,0
2020-12-24,0.5,0.6,0.6,0.6,0
2020-12-25,0.6,0.6,0.6,0.6,3650
2020-12-28,0.6,0.6,0.6,0.6,0
2020-12-29,0.6,0.6,0.6,0.6,0
2020-12-30,0.6,0.6,0.6,0.6,0
2020-12-31,0.6,0.6,0.6,0.6,0
2021-01-04,0.6,0.6,0.6,0.6,0
2021-01-05,0.6,0.6,0.6,0.6,0
2021-01-06,0.6,0.6,0.6,0.6,0
2021-01-07,0.6,0.6,0.6,0.6,0
2021-01-08,0.6,0.7,0.6,0.7,84100
2021-01-11,0.7,0.7,0.7,0.7,0
2021-01-12,0.7,0.7,0.7,0.7,0
2021-01-13,0.7,0.7,0.7,0.7,0
2021-01-14,0.7,0.7,0.7,0.7,0
2021-01-15,0.7,0.8,0.6,0.7,65830
2021-01-18,0.7,0.7,0.7,0.7,0
2021-01-19,0.7,0.7,0.7,0.7,0
2021-01-20,0.7,0.7,0.7,0.7,0
2021-01-21,0.7,0.7,0.7,0.7,0
2021-01-22,0.8,0.8,0.7,0.7,25000
2021-01-25,0.7,0.7,0.7,0.7,0
2021-01-26,0.7,0.7,0.7,0.7,0
2021-01-27,0.7,0.7,0.7,0.7,0
2021-01-28,0.7,0.7,0.7,0.7,0
2021-01-29,0.6,0.7,0.6,0.6,32900
2021-02-01,0.7,0.6,0.6,0.6,0
2021-02-02,0.7,0.6,0.6,0.6,0
2021-02-03,0.7,0.6,0.6,0.6,0
2021-02-04,0.7,0.6,0.6,0.6,0
2021-02-05,0.6,0.8,0.6,0.7,69600
2021-02-08,0.8,0.7,0.7,0.7,0
2021-02-09,0.8,0.7,0.7,0.7,0
2021-02-17,0.8,0.8,0.8,0.8,0
2021-02-18,0.8,0.7,0.7,0.7,0
2021-02-19,0.8,0.8,0.8,0.8,100
2021-02-22,0.8,0.8,0.8,0.8,0
2021-02-23,0.8,0.8,0.8,0.8,0
2021-02-24,0.8,0.8,0.8,0.8,0
2021-02-25,0.8,0.8,0.8,0.8,0
2021-02-26,0.7,0.9,0.7,0.9,24300
2021-03-01,0.9,0.9,0.9,0.9,0
2021-03-02,0.9,0.9,0.9,0.9,0
2021-03-03,0.9,0.9,0.9,0.9,0
2021-03-04,0.9,0.9,0.9,0.9,0
2021-03-05,0.9,0.9,0.9,0.9,4200
2021-03-08,0.9,0.9,0.9,0.9,0
2021-03-09,0.9,0.9,0.9,0.9,0
2021-03-10,0.9,0.9,0.9,0.9,0
2021-03-11,0.9,0.9,0.9,0.9,0
2021-03-12,0.9,0.9,0.9,0.9,0
2021-03-15,0.9,0.9,0.9,0.9,0
2021-03-16,0.9,0.9,0.9,0.9,0
2021-03-17,0.9,0.9,0.9,0.9,0
2021-03-18,0.9,0.9,0.9,0.9,0
2021-03-19,0.8,0.9,0.8,0.8,23400
2021-03-22,0.8,0.8,0.8,0.8,0
2021-03-23,0.8,0.8,0.8,0.8,0
2021-03-24,0.8,0.8,0.8,0.8,0
2021-03-25,0.8,0.8,0.8,0.8,0
2021-03-26,0.7,0.8,0.7,0.8,7000
2021-03-29,0.7,0.8,0.8,0.8,0
2021-03-30,0.7,0.8,0.8,0.8,0
2021-03-31,0.7,0.8,0.8,0.8,0
2021-04-01,0.7,0.8,0.8,0.8,0
2021-04-02,0.7,0.7,0.7,0.7,27399
2021-04-05,0.7,0.7,0.7,0.7,0
2021-04-06,0.7,0.7,0.7,0.7,0
2021-04-07,0.7,0.7,0.7,0.7,0
2021-04-08,0.7,0.7,0.7,0.7,0
2021-04-09,0.7,0.8,0.7,0.8,87900
2021-04-12,0.8,0.8,0.8,0.8,0
2021-04-13,0.8,0.8,0.8,0.8,0
2021-04-14,0.8,0.8,0.8,0.8,0
2021-04-15,0.8,0.8,0.8,0.8,0
2021-04-16,0.9,0.9,0.8,0.9,49081
2021-04-19,0.8,0.9,0.9,0.9,0
2021-04-20,0.8,0.9,0.9,0.9,0
2021-04-22,0.8,0.9,0.9,0.9,0
2021-04-23,0.9,0.9,0.8,0.9,27100
2021-04-26,0.9,0.9,0.9,0.9,0
2021-04-27,0.9,0.9,0.9,0.9,0
2021-04-28,0.9,0.9,0.9,0.9,0
2021-04-29,0.9,0.9,0.9,0.9,0
2021-05-04,0.9,0.9,0.9,0.9,0
2021-05-05,0.9,0.9,0.9,0.9,0
2021-05-06,0.9,0.9,0.9,0.9,0
2021-05-07,0.9,1.0,0.9,1.0,61300
2021-05-10,1.0,1.0,1.0,1.0,0
2021-05-11,1.0,1.0,1.0,1.0,0
2021-05-12,1.0,1.0,1.0,1.0,0
2021-05-13,1.0,1.0,1.0,1.0,0
2021-05-14,1.0,1.1,1.0,1.1,6900
2021-05-17,1.0,1.1,1.1,1.1,0
2021-05-18,1.0,1.1,1.1,1.1,0
2021-05-19,1.0,1.1,1.1,1.1,0
2021-05-20,1.0,1.1,1.1,1.1,0
2021-05-21,1.1,1.1,1.0,1.1,10200
2021-05-24,1.1,1.1,1.1,1.1,0
2021-05-25,1.1,1.1,1.1,1.1,0
2021-05-26,1.1,1.1,1.1,1.1,0
2021-05-27,1.1,1.1,1.1,1.1,0
2021-05-28,1.1,1.2,1.0,1.1,34300
2021-05-31,1.1,1.1,1.1,1.1,0
2021-06-01,1.1,1.1,1.1,1.1,0
2021-06-02,1.1,1.1,1.1,1.1,0
2021-06-03,1.1,1.1,1.1,1.1,0
2021-06-04,1.2,1.2,1.0,1.0,16200
2021-06-07,1.0,1.0,1.0,1.0,0
2021-06-08,1.0,1.0,1.0,1.0,0
2021-06-09,1.0,1.0,1.0,1.0,0
2021-06-10,1.0,1.0,1.0,1.0,0
2021-06-11,0.9,1.1,0.9,0.9,36600
2021-06-14,0.9,0.9,0.9,0.9,0
2021-06-15,0.9,0.9,0.9,0.9,0
2021-06-16,0.9,0.9,0.9,0.9,0
2021-06-17,0.9,0.9,0.9,0.9,0
2021-06-18,0.8,1.0,0.8,1.0,146400
2021-06-21,0.9,1.0,1.0,1.0,0
2021-06-22,0.9,1.0,1.0,1.0,0
2021-06-23,0.9,1.0,1.0,1.0,0
2021-06-24,0.9,1.0,1.0,1.0,0
2021-06-25,0.8,1.0,0.8,0.8,77000
2021-06-28,0.8,0.8,0.8,0.8,0
2021-06-29,0.8,0.8,0.8,0.8,0
2021-06-30,0.8,0.8,0.8,0.8,0
2021-07-01,0.8,0.8,0.8,0.8,0
2021-07-02,0.7,0.9,0.7,0.7,34500
2021-07-05,0.8,0.7,0.7,0.7,0
2021-07-06,0.8,0.7,0.7,0.7,0
2021-07-07,0.8,0.7,0.7,0.7,0
2021-07-08,0.8,0.7,0.7,0.7,0
2021-07-09,0.7,0.8,0.7,0.7,1100
2021-07-12,0.7,0.7,0.7,0.7,0
2021-07-13,0.7,0.7,0.7,0.7,0
2021-07-14,0.7,0.7,0.7,0.7,0
2021-07-15,0.7,0.7,0.7,0.7,0
2021-07-16,0.6,0.7,0.6,0.7,18100
2021-07-19,0.7,0.7,0.7,0.7,0
2021-07-20,0.7,0.7,0.7,0.7,0
2021-07-21,0.7,0.7,0.7,0.7,0
2021-07-22,0.7,0.7,0.7,0.7,0
2021-07-23,0.6,0.7,0.6,0.6,40300
2021-07-26,0.6,0.6,0.6,0.6,0
2021-07-27,0.6,0.6,0.6,0.6,0
2021-07-28,0.6,0.6,0.6,0.6,0
2021-07-29,0.6,0.6,0.6,0.6,0
2021-07-30,0.6,0.7,0.6,0.7,14700
2021-08-02,0.6,0.6,0.6,0.6,0
2021-08-03,0.6,0.7,0.7,0.7,0
2021-08-04,0.6,0.7,0.7,0.7,0
2021-08-05,0.6,0.7,0.7,0.7,0
2021-08-06,0.6,0.7,0.5,0.6,38100
2021-08-09,0.6,0.6,0.6,0.6,0
2021-08-10,0.6,0.6,0.6,0.6,0
2021-08-11,0.6,0.6,0.6,0.6,0
2021-08-12,0.6,0.6,0.6,0.6,0
2021-08-13,0.6,0.7,0.6,0.7,21500
2021-08-16,0.7,0.7,0.7,0.7,0
2021-08-17,0.7,0.7,0.7,0.7,0
2021-08-18,0.7,0.7,0.7,0.7,0
2021-08-19,0.7,0.7,0.7,0.7,0
2021-08-20,0.8,0.8,0.8,0.8,19700
2021-08-23,0.8,0.8,0.8,0.8,0
2021-08-24,0.8,0.8,0.8,0.8,0
2021-08-25,0.8,0.8,0.8,0.8,0
2021-08-26,0.8,0.8,0.8,0.8,0
2021-08-27,0.7,0.9,0.7,0.9,18600
2021-08-30,0.8,0.8,0.8,0.8,0
2021-08-31,0.8,0.8,0.8,0.8,0
2021-09-01,0.8,0.8,0.8,0.8,0
2021-09-06,0.8,0.9,0.9,0.9,0
2021-09-07,0.8,0.9,0.9,0.9,0
2021-09-08,0.8,0.8,0.8,0.8,0
2021-09-09,0.8,0.8,0.8,0.8,0
2021-09-10,0.9,0.9,0.8,0.9,14000
2021-09-13,0.9,0.9,0.9,0.9,0
2021-09-14,0.9,0.9,0.9,0.9,0
2021-09-15,0.9,0.9,0.9,0.9,0
2021-09-16,0.9,0.9,0.9,0.9,0
2021-09-17,1.0,1.0,1.0,1.0,18400
2021-09-20,1.0,1.0,1.0,1.0,0
2021-09-21,1.0,1.0,1.0,1.0,0
2021-09-22,1.0,1.0,1.0,1.0,0
2021-09-23,1.0,1.0,1.0,1.0,0
2021-09-24,1.1,1.1,1.1,1.1,38200
2021-09-27,1.1,1.1,1.1,1.1,0
2021-09-28,1.1,1.1,1.1,1.1,0
2021-09-29,1.1,1.1,1.1,1.1,0
2021-09-30,1.1,1.1,1.1,1.1,0
2021-10-01,1.2,1.2,1.2,1.2,39200
2021-10-04,1.2,1.2,1.2,1.2,0
2021-10-05,1.2,1.2,1.2,1.2,0
2021-10-06,1.2,1.2,1.2,1.2,0
2021-10-07,1.2,1.2,1.2,1.2,0
2021-10-08,1.3,1.3,1.3,1.3,49100
2021-10-11,1.3,1.3,1.3,1.3,0
2021-10-12,1.3,1.3,1.3,1.3,0
2021-10-13,1.3,1.3,1.3,1.3,0
2021-10-14,1.3,1.3,1.3,1.3,0
2021-10-15,1.4,1.4,1.4,1.4,30200
2021-10-18,1.4,1.4,1.4,1.4,0
2021-10-19,1.4,1.4,1.4,1.4,0
2021-10-20,1.4,1.4,1.4,1.4,0
2021-10-21,1.4,1.4,1.4,1.4,0
2021-10-22,1.6,1.6,1.5,1.6,241900
2021-10-25,1.6,1.6,1.6,1.6,0
2021-10-26,1.6,1.6,1.6,1.6,0
2021-10-27,1.6,1.6,1.6,1.6,0
2021-10-28,1.6,1.6,1.6,1.6,0
2021-10-29,1.8,1.8,1.8,1.8,30000
2021-11-01,1.8,1.8,1.8,1.8,0
2021-11-02,1.8,1.8,1.8,1.8,0
2021-11-03,1.8,1.8,1.8,1.8,0
2021-11-04,1.8,1.8,1.8,1.8,0
2021-11-05,2.0,2.0,2.0,2.0,34100
2021-11-08,2.0,2.0,2.0,2.0,0
2021-11-09,2.0,2.0,2.0,2.0,0
2021-11-10,2.0,2.0,2.0,2.0,0
2021-11-11,2.0,2.0,2.0,2.0,0
2021-11-12,2.3,2.3,2.3,2.3,14100
2021-11-15,2.3,2.3,2.3,2.3,0
2021-11-16,2.3,2.3,2.3,2.3,0
2021-11-17,2.3,2.3,2.3,2.3,0
2021-11-18,2.3,2.3,2.3,2.3,0
2021-11-19,2.6,2.6,2.6,2.6,62400
2021-11-22,2.6,2.6,2.6,2.6,0
2021-11-23,2.6,2.6,2.6,2.6,0
2021-11-24,2.6,2.6,2.6,2.6,0
2021-11-25,2.6,2.6,2.6,2.6,0
2021-11-26,2.9,2.9,2.9,2.9,190000
2021-11-29,2.9,2.9,2.9,2.9,0
2021-11-30,2.9,2.9,2.9,2.9,0
2021-12-01,2.9,2.9,2.9,2.9,0
2021-12-02,2.9,2.9,2.9,2.9,0
2021-12-03,3.3,3.3,3.1,3.3,140200
2021-12-06,3.3,3.3,3.3,3.3,0
2021-12-07,3.3,3.3,3.3,3.3,0
2021-12-08,3.3,3.3,3.3,3.3,0
2021-12-09,3.3,3.3,3.3,3.3,0
2021-12-10,3.7,3.7,3.0,3.2,137400
2021-12-13,3.4,3.4,3.4,3.4,0
2021-12-14,3.4,3.4,3.4,3.4,0
2021-12-15,3.4,3.4,3.4,3.4,0
2021-12-16,3.4,3.4,3.4,3.4,0
2021-12-17,3.4,3.4,2.9,2.9,230400
2021-12-20,3.1,3.1,3.1,3.1,0
2021-12-21,3.1,3.1,3.1,3.1,0
2021-12-22,3.1,3.1,3.1,3.1,0
2021-12-23,3.1,3.1,3.1,3.1,0
2021-12-24,3.1,3.1,2.7,2.7,117018
2021-12-27,2.7,2.7,2.7,2.7,0
2021-12-28,2.7,2.7,2.7,2.7,0
2021-12-29,2.7,2.7,2.7,2.7,0
2021-12-30,2.7,2.7,2.7,2.7,0
2021-12-31,2.3,2.9,2.3,2.4,58000
2022-01-04,2.5,2.5,2.5,2.5,0
2022-01-05,2.5,2.5,2.5,2.5,0
2022-01-06,2.5,2.5,2.5,2.5,0
2022-01-07,2.7,2.8,2.7,2.8,114500
2022-01-10,2.7,2.7,2.7,2.7,0
2022-01-11,2.7,2.7,2.7,2.7,0
2022-01-12,2.7,2.7,2.7,2.7,0
2022-01-13,2.7,2.7,2.7,2.7,0
2022-01-14,2.8,2.8,2.5,2.5,42800
2022-01-17,2.6,2.6,2.6,2.6,0
2022-01-18,2.6,2.6,2.6,2.6,0
2022-01-19,2.6,2.6,2.6,2.6,0
2022-01-20,2.6,2.6,2.6,2.6,0
2022-01-21,2.6,2.9,2.3,2.3,91100
2022-01-24,2.5,2.5,2.5,2.5,0
2022-01-25,2.5,2.5,2.5,2.5,0
2022-01-26,2.5,2.5,2.5,2.5,0
2022-01-27,2.5,2.5,2.5,2.5,0
2022-01-28,2.2,2.6,2.2,2.3,41300
2022-02-07,2.3,2.3,2.3,2.3,0
2022-02-08,2.3,2.3,2.3,2.3,0
2022-02-09,2.3,2.3,2.3,2.3,0
2022-02-10,2.3,2.3,2.3,2.3,0
2022-02-11,2.3,2.5,2.3,2.3,23018
2022-02-14,2.4,2.4,2.4,2.4,0
2022-02-15,2.4,2.4,2.4,2.4,0
2022-02-16,2.4,2.4,2.4,2.4,0
2022-02-17,2.4,2.4,2.4,2.4,0
2022-02-18,2.2,2.4,2.2,2.3,19100
2022-02-21,2.2,2.2,2.2,2.2,0
2022-02-22,2.2,2.2,2.2,2.2,0
2022-02-23,2.2,2.2,2.2,2.2,0
2022-02-24,2.2,2.2,2.2,2.2,0
2022-02-25,2.1,2.2,2.0,2.1,62900
2022-02-28,2.1,2.1,2.1,2.1,0
2022-03-01,2.1,2.1,2.1,2.1,0
2022-03-02,2.1,2.1,2.1,2.1,0
2022-03-03,2.1,2.1,2.1,2.1,0
2022-03-04,2.0,2.4,2.0,2.4,149100
2022-03-07,2.3,2.3,2.3,2.3,0
2022-03-08,2.3,2.3,2.3,2.3,0
2022-03-09,2.3,2.3,2.3,2.3,0
2022-03-10,2.3,2.3,2.3,2.3,0
2022-03-11,2.5,2.6,2.3,2.4,133900
2022-03-14,2.5,2.5,2.5,2.5,0
2022-03-15,2.5,2.5,2.5,2.5,0
2022-03-16,2.5,2.5,2.5,2.5,0
2022-03-17,2.5,2.5,2.5,2.5,0
2022-03-18,2.4,2.7,2.4,2.6,63200
2022-03-21,2.6,2.6,2.6,2.6,0
2022-03-22,2.6,2.6,2.6,2.6,0
2022-03-23,2.6,2.6,2.6,2.6,0
2022-03-24,2.6,2.6,2.6,2.6,0
2022-03-25,2.6,2.8,2.6,2.7,25700
2022-03-28,2.7,2.7,2.7,2.7,0
2022-03-29,2.7,2.7,2.7,2.7,0
2022-03-30,2.7,2.7,2.7,2.7,0
2022-03-31,2.7,2.7,2.7,2.7,0
2022-04-01,3.0,3.0,2.7,2.7,36600
2022-04-04,2.8,2.8,2.8,2.8,0
2022-04-05,2.8,2.8,2.8,2.8,0
2022-04-06,2.8,2.8,2.8,2.8,0
2022-04-07,2.8,2.8,2.8,2.8,0
2022-04-08,3.0,3.0,2.4,2.4,41000
2022-04-12,2.4,2.4,2.4,2.4,0
2022-04-13,2.4,2.4,2.4,2.4,0
2022-04-15,2.6,2.6,2.1,2.5,33300
2022-04-18,2.4,2.4,2.4,2.4,0
2022-04-19,2.4,2.4,2.4,2.4,0
2022-04-20,2.4,2.4,2.4,2.4,0
2022-04-21,2.4,2.4,2.4,2.4,0
2022-04-22,2.1,2.1,2.1,2.1,1000
2022-04-25,2.1,2.1,2.1,2.1,0
2022-04-26,2.1,2.1,2.1,2.1,0
2022-05-04,1.8,1.8,1.8,1.8,0
2022-05-05,1.8,1.8,1.8,1.8,0
2022-05-06,1.8,1.8,1.8,1.8,2400
2022-05-09,1.8,1.8,1.8,1.8,0
2022-05-10,1.8,1.8,1.8,1.8,0
2022-05-11,1.8,1.8,1.8,1.8,0
2022-05-12,1.8,1.8,1.8,1.8,0
2022-05-13,1.7,2.0,1.6,1.6,30000
2022-05-16,1.7,1.7,1.7,1.7,0
2022-05-17,1.7,1.7,1.7,1.7,0
2022-05-18,1.7,1.7,1.7,1.7,0
2022-05-19,1.7,1.7,1.7,1.7,0
2022-05-23,1.8,1.8,1.8,1.8,0
2022-05-24,1.8,1.8,1.8,1.8,0
2022-05-25,1.8,1.8,1.8,1.8,0
2022-05-26,1.8,1.8,1.8,1.8,0
2022-05-27,1.6,1.9,1.6,1.9,10400
2022-05-30,1.9,1.9,1.9,1.9,0
2022-05-31,1.9,1.9,1.9,1.9,0
2022-06-01,1.9,1.9,1.9,1.9,0
2022-06-02,1.9,1.9,1.9,1.9,0
2022-06-03,1.8,1.8,1.7,1.7,7600
2022-06-06,1.7,1.7,1.7,1.7,0
2022-06-07,1.7,1.7,1.7,1.7,0
2022-06-08,1.7,1.7,1.7,1.7,0
2022-06-09,1.7,1.7,1.7,1.7,0
2022-06-10,1.8,1.8,1.6,1.6,19000
2022-06-13,1.7,1.7,1.7,1.7,0
2022-06-14,1.7,1.7,1.7,1.7,0
2022-06-15,1.7,1.7,1.7,1.7,0
2022-06-16,1.7,1.7,1.7,1.7,0
2022-06-17,1.6,1.8,1.5,1.6,34200
2022-06-20,1.7,1.7,1.7,1.7,0
2022-06-21,1.7,1.7,1.7,1.7,0
2022-06-22,1.7,1.7,1.7,1.7,0
2022-06-23,1.7,1.7,1.7,1.7,0
2022-06-24,1.6,1.8,1.5,1.8,32900
2022-06-27,1.7,1.7,1.7,1.7,0
2022-06-28,1.7,1.7,1.7,1.7,0
2022-06-29,1.7,1.7,1.7,1.7,0
2022-06-30,1.7,1.7,1.7,1.7,0
2022-07-01,1.7,1.8,1.7,1.8,300
2022-07-04,1.8,1.8,1.8,1.8,0
2022-07-05,1.8,1.8,1.8,1.8,0
2022-07-06,1.8,1.8,1.8,1.8,0
2022-07-07,1.8,1.8,1.8,1.8,0
2022-07-08,1.6,1.8,1.6,1.6,36200
2022-07-11,1.6,1.6,1.6,1.6,0
2022-07-12,1.6,1.6,1.6,1.6,0
2022-07-13,1.6,1.6,1.6,1.6,0
2022-07-14,1.6,1.6,1.6,1.6,0
2022-07-15,1.4,1.4,1.4,1.4,6300
2022-07-18,1.4,1.4,1.4,1.4,0
2022-07-19,1.4,1.4,1.4,1.4,0
2022-07-20,1.4,1.4,1.4,1.4,0
2022-07-21,1.4,1.4,1.4,1.4,0
2022-07-22,1.2,1.2,1.2,1.2,32800
