time,open,high,low,close,volume
2015-08-28,2.99,0.0,0.0,0.0,0
2015-08-31,2.99,0.0,0.0,0.0,0
2015-09-01,2.99,0.0,0.0,0.0,0
2015-09-03,2.99,0.0,0.0,0.0,0
2015-09-04,2.99,0.0,0.0,0.0,0
2015-09-07,2.99,0.0,0.0,0.0,0
2015-09-08,2.99,0.0,0.0,0.0,0
2015-09-09,2.99,0.0,0.0,0.0,0
2015-09-10,2.99,0.0,0.0,0.0,0
2015-09-11,2.32,2.32,2.32,2.32,100
2015-09-14,2.32,2.32,2.32,2.32,3782
2015-09-15,2.32,2.32,2.32,2.32,3294
2015-09-16,2.32,2.32,2.32,2.32,223
2015-09-17,2.32,2.32,2.32,2.32,0
2015-09-18,2.32,2.32,2.32,2.32,0
2015-09-21,2.32,2.32,2.32,2.32,0
2015-09-22,2.32,2.32,2.32,2.32,0
2015-09-23,2.32,2.32,2.32,2.32,0
2015-09-24,2.32,2.32,2.32,2.32,0
2015-09-25,2.32,2.32,2.32,2.32,0
2015-09-28,2.32,2.32,2.32,2.32,390
2015-09-29,2.32,2.32,2.32,2.32,0
2015-09-30,2.32,2.32,2.32,2.32,0
2015-10-01,2.32,2.32,2.32,2.32,0
2015-10-02,2.32,2.32,2.32,2.32,0
2015-10-05,2.32,2.32,2.32,2.32,0
2015-10-06,2.32,2.32,2.32,2.32,0
2015-10-07,2.32,2.32,2.32,2.32,0
2015-10-08,2.32,2.32,2.32,2.32,0
2015-10-09,2.32,2.32,2.32,2.32,0
2015-10-12,2.32,2.32,2.32,2.32,0
2015-10-13,2.32,2.32,2.32,2.32,0
2015-10-14,2.32,2.32,2.32,2.32,0
2015-10-15,2.32,2.32,2.32,2.32,0
2015-10-16,2.32,2.32,2.32,2.32,0
2015-10-19,2.32,2.32,2.32,2.32,32000
2015-10-20,2.32,2.32,2.32,2.32,0
2015-10-21,2.32,2.32,2.32,2.32,0
2015-10-22,2.32,2.32,2.32,2.32,0
2015-10-23,2.32,2.32,2.32,2.32,0
2015-10-26,2.32,2.32,2.32,2.32,0
2015-10-27,2.32,2.32,2.32,2.32,0
2015-10-28,2.32,2.32,2.32,2.32,0
2015-10-29,2.32,2.32,2.32,2.32,0
2015-10-30,2.32,2.32,2.32,2.32,0
2015-11-02,2.32,2.32,2.32,2.32,0
2015-11-03,2.32,2.32,2.32,2.32,1060
2015-11-04,2.32,2.32,2.32,2.32,0
2015-11-05,2.32,2.32,2.32,2.32,0
2015-11-06,2.32,2.32,2.32,2.32,0
2015-11-09,2.32,2.32,2.32,2.32,0
2015-11-10,2.32,2.32,2.32,2.32,3350
2015-11-11,2.32,2.32,2.32,2.32,0
2015-11-12,2.32,2.32,2.32,2.32,0
2015-11-13,2.32,2.32,2.32,2.32,0
2015-11-16,2.32,2.32,2.32,2.32,0
2015-11-17,2.32,2.32,2.32,2.32,2402
2015-11-18,2.32,2.32,2.32,2.32,0
2015-11-19,2.32,2.32,2.32,2.32,0
2015-11-20,2.32,2.32,2.32,2.32,0
2015-11-23,2.32,2.32,2.32,2.32,0
2015-11-24,2.32,2.32,2.32,2.32,0
2015-11-25,2.32,2.32,2.32,2.32,0
2015-11-26,2.32,2.32,2.32,2.32,0
2015-11-27,2.32,2.32,2.32,2.32,0
2015-11-30,2.32,2.32,2.32,2.32,0
2015-12-01,2.32,2.32,2.32,2.32,1173
2015-12-02,2.32,2.32,2.32,2.32,0
2015-12-03,2.32,2.32,2.32,2.32,0
2015-12-04,2.32,2.32,2.32,2.32,0
2015-12-07,2.32,2.32,2.32,2.32,1340
2015-12-08,2.32,2.32,2.32,2.32,0
2015-12-09,2.32,2.32,2.32,2.32,0
2015-12-10,2.32,2.32,2.32,2.32,0
2015-12-11,2.32,2.32,2.32,2.32,1117
2015-12-14,2.32,2.32,2.32,2.32,0
2015-12-15,2.32,2.32,2.32,2.32,0
2015-12-16,2.32,2.32,2.32,2.32,0
2015-12-17,2.32,2.32,2.32,2.32,0
2015-12-18,2.32,2.32,2.32,2.32,0
2015-12-21,2.32,2.32,2.32,2.32,0
2015-12-22,2.32,2.32,2.32,2.32,0
2015-12-23,2.32,2.32,2.32,2.32,0
2015-12-24,2.32,2.32,2.32,2.32,0
2015-12-25,2.32,2.32,2.32,2.32,0
2015-12-28,2.32,2.32,2.32,2.32,0
2015-12-29,2.32,2.32,2.32,2.32,0
2015-12-30,2.32,2.32,2.32,2.32,0
2015-12-31,2.32,2.32,2.32,2.32,0
2016-01-04,2.32,2.32,2.32,2.32,0
2016-01-05,2.32,2.32,2.32,2.32,0
2016-01-06,2.32,2.32,2.32,2.32,0
2016-01-07,2.32,2.32,2.32,2.32,0
2016-01-08,1.97,1.97,1.97,1.97,1117
2016-01-11,1.97,1.97,1.97,1.97,0
2016-01-12,1.97,1.97,1.97,1.97,0
2016-01-13,1.97,1.97,1.97,1.97,0
2016-01-14,1.97,1.97,1.97,1.97,0
2016-01-15,1.97,1.97,1.97,1.97,0
2016-01-18,1.97,1.97,1.97,1.97,0
2016-01-19,1.97,1.97,1.97,1.97,0
2016-01-20,1.97,1.97,1.97,1.97,0
2016-01-21,1.97,1.97,1.97,1.97,0
2016-01-22,1.97,1.97,1.97,1.97,0
2016-01-25,1.85,1.85,1.85,1.85,1061
2016-01-26,1.85,1.85,1.85,1.85,0
2016-01-27,1.85,1.85,1.85,1.85,0
2016-01-28,1.85,1.85,1.85,1.85,0
2016-01-29,1.85,1.85,1.85,1.85,0
2016-02-01,1.85,1.85,1.85,1.85,0
2016-02-02,1.85,1.85,1.85,1.85,0
2016-02-03,1.85,1.85,1.85,1.85,0
2016-02-04,1.85,1.85,1.85,1.85,0
2016-02-05,1.85,1.85,1.85,1.85,0
2016-02-15,1.85,1.85,1.85,1.85,0
2016-02-16,1.85,1.85,1.85,1.85,0
2016-02-17,1.85,1.85,1.85,1.85,0
2016-02-18,1.85,1.85,1.85,1.85,0
2016-02-19,1.85,1.85,1.85,1.85,0
2016-02-22,1.85,1.85,1.85,1.85,0
2016-02-23,1.85,1.85,1.85,1.85,0
2016-02-24,1.85,1.85,1.85,1.85,0
2016-02-25,1.67,1.69,1.67,1.69,19000
2016-02-26,1.69,1.69,1.69,1.69,0
2016-02-29,1.69,1.69,1.69,1.69,1117
2016-03-01,1.69,1.69,1.69,1.69,0
2016-03-02,1.69,1.69,1.69,1.69,0
2016-03-03,1.69,1.69,1.69,1.69,0
2016-03-04,1.69,1.69,1.69,1.69,0
2016-03-07,1.69,1.69,1.69,1.69,0
2016-03-08,1.69,1.69,1.69,1.69,0
2016-03-09,1.69,1.69,1.69,1.69,0
2016-03-10,1.69,1.69,1.69,1.69,0
2016-03-11,1.69,1.69,1.69,1.69,0
2016-03-14,1.69,1.69,1.69,1.69,0
2016-03-15,1.69,1.69,1.69,1.69,0
2016-03-16,1.69,1.69,1.69,1.69,0
2016-03-17,1.69,1.69,1.69,1.69,0
2016-03-18,1.69,1.69,1.69,1.69,0
2016-03-21,1.69,1.69,1.69,1.69,0
2016-03-22,1.71,1.71,1.71,1.71,1060
2016-03-23,1.71,1.71,1.71,1.71,0
2016-03-24,1.71,1.71,1.71,1.71,0
2016-03-25,1.97,1.97,1.97,1.97,949
2016-03-28,1.97,1.97,1.97,1.97,0
2016-03-29,1.97,1.97,1.97,1.97,0
2016-03-30,2.25,2.25,2.25,2.25,1664
2016-03-31,2.25,2.25,2.25,2.25,0
2016-04-01,2.25,2.25,2.25,2.25,0
2016-04-04,2.25,2.25,2.25,2.25,0
2016-04-05,2.25,2.25,2.25,2.25,0
2016-04-06,2.57,2.57,2.57,2.57,100
2016-04-07,2.57,2.57,2.57,2.57,0
2016-04-08,2.57,2.57,2.57,2.57,0
2016-04-11,2.57,2.57,2.57,2.57,0
2016-04-12,2.57,2.57,2.57,2.57,0
2016-04-13,2.57,2.57,2.57,2.57,0
2016-04-14,2.94,2.94,2.94,2.94,100
2016-04-15,2.94,2.94,2.94,2.94,0
2016-04-19,2.94,2.94,2.94,2.94,0
2016-04-20,2.94,2.94,2.94,2.94,0
2016-04-21,2.94,2.94,2.94,2.94,0
2016-04-22,2.94,2.94,2.94,2.94,0
2016-04-25,2.94,2.94,2.94,2.94,0
2016-04-26,2.94,2.94,2.94,2.94,0
2016-04-27,2.94,2.94,2.94,2.94,0
2016-04-28,2.94,2.94,2.94,2.94,0
2016-04-29,2.94,2.94,2.94,2.94,0
2016-05-04,3.01,3.01,3.01,3.01,726
2016-05-05,3.01,3.01,3.01,3.01,0
2016-05-06,3.01,3.01,3.01,3.01,0
2016-05-09,3.01,3.01,3.01,3.01,0
2016-05-10,3.01,3.01,3.01,3.01,0
2016-05-11,3.01,3.01,3.01,3.01,0
2016-05-12,3.13,3.13,3.13,3.13,1200
2016-05-13,3.13,3.13,3.13,3.13,0
2016-05-16,3.13,3.13,3.13,3.13,0
2016-05-17,3.13,3.13,3.13,3.13,0
2016-05-18,2.94,2.94,2.94,2.94,7483
2016-05-19,2.94,2.94,2.94,2.94,0
2016-05-20,2.78,2.78,2.78,2.78,1396
2016-05-23,2.78,2.78,2.78,2.78,949
2016-05-24,2.78,2.78,2.78,2.78,0
2016-05-25,2.78,2.78,2.78,2.78,726
2016-05-26,2.98,2.98,2.98,2.98,0
2016-05-27,2.98,2.98,2.98,2.98,0
2016-05-30,2.98,2.98,2.98,2.98,0
2016-05-31,2.98,2.98,2.98,2.98,0
2016-06-01,2.98,2.98,2.98,2.98,0
2016-06-02,2.98,2.98,2.98,2.98,0
2016-06-03,2.98,2.98,2.98,2.98,0
2016-06-06,2.98,2.98,2.98,2.98,0
2016-06-07,2.98,2.98,2.98,2.98,0
2016-06-08,2.98,2.98,2.98,2.98,0
2016-06-09,2.98,2.98,2.98,2.98,0
2016-06-10,2.98,2.98,2.98,2.98,0
2016-06-13,2.98,2.98,2.98,2.98,0
2016-06-14,2.98,2.98,2.98,2.98,0
2016-06-15,2.98,2.98,2.98,2.98,0
2016-06-16,2.98,2.98,2.98,2.98,0
2016-06-17,2.98,2.98,2.98,2.98,0
2016-06-20,2.98,2.98,2.98,2.98,0
2016-06-21,2.78,2.78,2.78,2.78,3462
2016-06-22,2.78,2.78,2.78,2.78,0
2016-06-23,2.78,2.78,2.78,2.78,0
2016-06-24,2.78,2.78,2.78,2.78,2401
2016-06-27,2.78,2.78,2.78,2.78,0
2016-06-28,2.78,2.78,2.78,2.78,0
2016-06-29,2.78,2.78,2.78,2.78,0
2016-06-30,2.78,2.78,2.78,2.78,0
2016-07-01,2.78,2.78,2.78,2.78,0
2016-07-04,3.18,3.18,3.18,3.18,838
2016-07-05,3.65,3.65,3.65,3.65,100
2016-07-06,3.65,3.65,3.65,3.65,0
2016-07-07,3.65,3.65,3.65,3.65,0
2016-07-08,3.47,3.47,3.45,3.47,5188
2016-07-11,3.5,3.5,3.5,3.5,1616
2016-07-12,3.5,3.5,3.5,3.5,0
2016-07-13,3.5,3.5,3.5,3.5,0
2016-07-14,3.5,3.5,3.5,3.5,0
2016-07-15,3.5,3.5,3.5,3.5,0
2016-07-18,3.5,3.5,3.5,3.5,5472
2016-07-19,3.5,3.5,3.5,3.5,0
2016-07-20,3.5,3.5,3.5,3.5,0
2016-07-21,3.47,3.47,3.47,3.47,6974
2016-07-22,3.47,3.47,3.47,3.47,0
2016-07-25,3.47,3.47,3.47,3.47,0
2016-07-26,3.47,3.47,3.47,3.47,0
2016-07-27,3.5,3.5,3.5,3.5,4651
2016-07-28,3.5,3.5,3.5,3.5,0
2016-07-29,3.5,3.5,3.5,3.5,0
2016-08-01,3.5,3.5,3.5,3.5,0
2016-08-02,3.5,3.5,3.5,3.5,0
2016-08-03,3.37,3.37,3.37,3.37,598
2016-08-04,3.37,3.37,3.37,3.37,0
2016-08-05,3.5,3.5,3.5,3.5,5000
2016-08-08,3.5,3.5,3.5,3.5,1173
2016-08-09,3.5,3.5,3.5,3.5,0
2016-08-10,3.47,3.47,3.47,3.47,3419
2016-08-11,3.47,3.47,3.47,3.47,0
2016-08-12,3.47,3.47,3.47,3.47,0
2016-08-15,3.35,3.35,3.35,3.35,223
2016-08-16,3.35,3.35,3.35,3.35,0
2016-08-17,3.35,3.35,3.35,3.35,0
2016-08-18,3.35,3.35,3.35,3.35,0
2016-08-19,3.35,3.35,3.35,3.35,0
2016-08-22,3.35,3.35,3.35,3.35,0
2016-08-23,3.35,3.35,3.35,3.35,0
2016-08-24,3.35,3.35,3.35,3.35,2000
2016-08-25,3.35,3.35,3.35,3.35,10
2016-08-26,3.35,3.35,3.35,3.35,0
2016-08-29,3.35,3.35,3.35,3.35,0
2016-08-30,3.35,3.35,3.35,3.35,0
2016-08-31,3.35,3.35,3.35,3.35,0
2016-09-01,3.35,3.35,3.35,3.35,0
2016-09-05,3.35,3.35,3.35,3.35,0
2016-09-06,3.35,3.35,3.35,3.35,0
2016-09-07,3.35,3.35,3.35,3.35,2122
2016-09-08,3.35,3.35,3.35,3.35,0
2016-09-09,3.35,3.35,3.35,3.35,0
2016-09-12,3.35,3.35,3.35,3.35,0
2016-09-13,3.35,3.35,3.35,3.35,0
2016-09-14,3.35,3.35,3.35,3.35,0
2016-09-15,3.35,3.35,3.35,3.35,0
2016-09-16,3.35,3.35,3.35,3.35,0
2016-09-19,3.35,3.35,3.35,3.35,0
2016-09-20,3.35,3.35,3.35,3.35,0
2016-09-21,3.23,3.35,3.23,3.35,3003
2016-09-22,3.35,3.35,3.35,3.35,0
2016-09-23,3.35,3.35,3.35,3.35,0
2016-09-26,3.35,3.35,3.35,3.35,0
2016-09-27,3.35,3.35,3.35,3.35,0
2016-09-28,3.35,3.35,3.35,3.35,0
2016-09-29,3.35,3.35,3.35,3.35,0
2016-09-30,3.35,3.35,3.35,3.35,0
2016-10-03,3.35,3.35,3.35,3.35,0
2016-10-04,3.35,3.35,3.35,3.35,0
2016-10-05,3.35,3.35,3.35,3.35,0
2016-10-06,3.35,3.35,3.35,3.35,0
2016-10-07,3.35,3.35,3.35,3.35,0
2016-10-10,3.35,3.35,3.35,3.35,0
2016-10-11,3.35,3.35,3.35,3.35,0
2016-10-12,3.35,3.35,3.35,3.35,0
2016-10-13,3.35,3.35,3.35,3.35,0
2016-10-14,3.35,3.35,3.35,3.35,0
2016-10-17,3.35,3.35,3.35,3.35,0
2016-10-18,3.35,3.35,3.35,3.35,0
2016-10-19,3.35,3.35,3.35,3.35,0
2016-10-20,3.35,3.35,3.35,3.35,0
2016-10-21,3.23,3.23,3.23,3.23,168
2016-10-24,3.23,3.23,3.23,3.23,0
2016-10-25,3.23,3.23,3.23,3.23,0
2016-10-26,3.23,3.23,3.23,3.23,0
2016-10-27,3.23,3.23,3.23,3.23,0
2016-10-28,3.23,3.23,3.23,3.23,0
2016-10-31,3.47,3.47,3.47,3.47,2847
2016-11-01,3.47,3.47,3.47,3.47,0
2016-11-02,3.47,3.47,3.47,3.47,0
2016-11-03,3.47,3.47,3.47,3.47,0
2016-11-04,3.47,3.47,3.47,3.47,0
2016-11-07,3.47,3.47,3.47,3.47,0
2016-11-08,3.47,3.47,3.47,3.47,0
2016-11-09,3.47,3.47,3.47,3.47,0
2016-11-10,3.47,3.47,3.47,3.47,0
2016-11-11,3.47,3.47,3.47,3.47,6700
2016-11-14,3.47,3.47,3.47,3.47,0
2016-11-15,3.47,3.47,3.47,3.47,4245
2016-11-16,3.47,3.47,3.47,3.47,0
2016-11-17,3.47,3.47,3.47,3.47,0
2016-11-18,3.47,3.47,3.47,3.47,0
2016-11-21,3.47,3.47,3.47,3.47,1300
2016-11-22,3.47,3.47,3.47,3.47,0
2016-11-23,3.47,3.47,3.47,3.47,0
2016-11-24,3.47,3.47,3.47,3.47,96
2016-11-25,3.47,3.47,3.47,3.47,0
2016-11-28,3.47,3.47,3.47,3.47,0
2016-11-29,3.47,3.47,3.47,3.47,0
2016-11-30,3.47,3.47,3.47,3.47,0
2016-12-01,3.47,3.47,3.47,3.47,24177
2016-12-02,3.47,3.47,3.47,3.47,0
2016-12-05,3.47,3.47,3.47,3.47,4969
2016-12-06,3.47,3.47,3.47,3.47,0
2016-12-07,3.47,3.47,3.47,3.47,0
2016-12-08,3.47,3.47,3.47,3.47,0
2016-12-09,3.47,3.47,3.47,3.47,0
2016-12-12,3.47,3.47,3.47,3.47,0
2016-12-13,3.47,3.47,3.47,3.47,0
2016-12-14,3.47,3.47,3.47,3.47,0
2016-12-15,3.47,3.47,3.47,3.47,0
2016-12-16,3.47,3.47,3.47,3.47,0
2016-12-19,3.03,3.03,3.03,3.03,100
2016-12-20,3.47,3.47,3.47,3.47,12004
2016-12-21,3.47,3.47,3.47,3.47,0
2016-12-22,3.47,3.47,3.47,3.47,0
2016-12-23,3.47,3.47,3.47,3.47,9996
2016-12-26,3.03,3.03,3.03,3.03,100
2016-12-27,3.03,3.03,3.03,3.03,3239
2016-12-28,3.47,3.47,3.47,3.47,12066
2016-12-29,3.47,3.47,3.47,3.47,2500
2016-12-30,3.47,3.47,3.47,3.47,124
2017-01-03,3.47,3.47,3.47,3.47,0
2017-01-04,3.47,3.47,3.47,3.47,0
2017-01-05,3.47,3.47,3.47,3.47,0
2017-01-06,3.47,3.47,3.47,3.47,0
2017-01-09,3.47,3.47,3.47,3.47,0
2017-01-10,3.47,3.47,3.47,3.47,0
2017-01-11,3.47,3.47,3.47,3.47,0
2017-01-12,3.47,3.47,3.47,3.47,0
2017-01-13,3.47,3.47,3.47,3.47,8599
2017-01-16,3.47,3.47,3.47,3.47,0
2017-01-17,3.47,3.47,3.47,3.47,0
2017-01-18,3.47,3.47,3.47,3.47,0
2017-01-19,3.47,3.47,3.47,3.47,13847
2017-01-20,3.47,3.47,3.47,3.47,0
2017-01-23,3.47,3.47,3.47,3.47,0
2017-01-24,3.47,3.47,3.47,3.47,0
2017-01-25,3.47,3.47,3.47,3.47,0
2017-02-02,3.47,3.47,3.47,3.47,0
2017-02-03,3.47,3.47,3.47,3.47,0
2017-02-06,3.52,3.52,3.52,3.52,2700
2017-02-07,3.52,3.52,3.52,3.52,0
2017-02-08,3.52,3.52,3.52,3.52,0
2017-02-09,3.52,3.52,3.52,3.52,0
2017-02-10,3.52,3.52,3.52,3.52,0
2017-02-13,3.52,3.52,3.52,3.52,0
2017-02-14,3.52,3.52,3.52,3.52,0
2017-02-15,3.52,3.52,3.52,3.52,0
2017-02-16,3.52,3.52,3.52,3.52,0
2017-02-17,3.52,3.52,3.52,3.52,0
2017-02-20,3.52,3.52,3.52,3.52,0
2017-02-21,3.52,3.52,3.52,3.52,0
2017-02-22,3.52,3.52,3.52,3.52,0
2017-02-23,3.52,3.52,3.52,3.52,0
2017-02-24,3.52,3.52,3.52,3.52,0
2017-02-27,3.52,3.52,3.52,3.52,0
2017-02-28,3.52,3.52,3.52,3.52,0
2017-03-01,3.52,3.52,3.52,3.52,0
2017-03-02,3.52,3.52,3.52,3.52,0
2017-03-03,3.52,3.52,3.52,3.52,0
2017-03-06,3.52,3.52,3.52,3.52,0
2017-03-07,3.52,3.52,3.52,3.52,0
2017-03-08,3.52,3.52,3.52,3.52,3574
2017-03-09,3.52,3.52,3.52,3.52,0
2017-03-10,3.52,3.52,3.52,3.52,1060
2017-03-13,3.47,3.47,3.47,3.47,391
2017-03-14,3.47,3.47,3.47,3.47,0
2017-03-15,3.72,3.72,3.72,3.72,100
2017-03-16,3.72,3.72,3.72,3.72,0
2017-03-17,4.27,4.27,4.27,4.27,100
2017-03-20,4.27,4.27,4.27,4.27,0
2017-03-21,4.47,4.47,4.47,4.47,100
2017-03-22,4.47,4.47,4.47,4.47,726
2017-03-23,4.47,4.47,4.47,4.47,0
2017-03-24,3.8,3.8,3.8,3.8,100
2017-03-27,3.25,3.47,3.25,3.47,1328
2017-03-28,3.45,3.45,3.45,3.45,0
2017-03-29,3.47,3.47,3.47,3.47,937
2017-03-30,3.47,3.47,3.47,3.47,0
2017-03-31,3.47,3.47,3.47,3.47,0
2017-04-03,3.47,3.47,3.47,3.47,0
2017-04-04,3.97,3.97,3.97,3.97,291000
2017-04-05,3.47,3.47,3.47,3.47,200
2017-04-07,3.97,3.97,3.97,3.97,1117
2017-04-10,3.97,3.97,3.97,3.97,0
2017-04-11,3.97,3.97,3.97,3.97,0
2017-04-12,3.97,3.97,3.97,3.97,0
2017-04-13,3.97,3.97,3.97,3.97,0
2017-04-14,3.97,3.97,3.97,3.97,0
2017-04-17,3.97,3.97,3.97,3.97,0
2017-04-18,3.97,3.97,3.97,3.97,0
2017-04-19,3.97,3.97,3.97,3.97,0
2017-04-20,3.97,3.97,3.97,3.97,0
2017-04-21,3.97,3.97,3.97,3.97,0
2017-04-24,3.97,3.97,3.97,3.97,0
2017-04-25,3.97,3.97,3.97,3.97,0
2017-04-26,3.97,3.97,3.97,3.97,0
2017-04-27,3.97,3.97,3.97,3.97,0
2017-04-28,3.97,3.97,3.97,3.97,0
2017-05-03,3.97,3.97,3.97,3.97,0
2017-05-04,3.37,3.37,3.37,3.37,1396
2017-05-05,3.87,3.87,3.87,3.87,7750
2017-05-08,3.87,3.87,3.87,3.87,0
2017-05-09,3.87,3.87,3.87,3.87,0
2017-05-10,3.87,3.87,3.87,3.87,0
2017-05-11,3.87,3.87,3.87,3.87,0
2017-05-12,3.87,3.87,3.87,3.87,0
2017-05-15,3.87,3.87,3.87,3.87,0
2017-05-16,3.87,3.87,3.87,3.87,0
2017-05-17,3.87,3.87,3.87,3.87,0
2017-05-18,3.87,3.87,3.87,3.87,0
2017-05-19,3.87,3.87,3.87,3.87,0
2017-05-22,3.3,3.3,3.3,3.3,3000
2017-05-23,2.82,2.82,2.82,2.82,13800
2017-05-24,2.82,2.82,2.82,2.82,0
2017-05-25,2.82,2.82,2.82,2.82,0
2017-05-26,2.43,2.43,2.43,2.43,12201
2017-05-29,2.43,2.43,2.43,2.43,0
2017-05-30,2.43,2.43,2.43,2.43,0
2017-05-31,2.43,2.43,2.43,2.43,0
2017-06-01,2.43,2.43,2.43,2.43,0
2017-06-02,2.43,2.43,2.43,2.43,0
2017-06-05,2.09,2.09,2.09,2.09,3574
2017-06-06,2.09,2.09,2.09,2.09,0
2017-06-07,2.09,2.09,2.09,2.09,0
2017-06-08,2.09,2.09,2.09,2.09,0
2017-06-09,2.09,2.09,2.09,2.09,0
2017-06-12,2.09,2.09,2.09,2.09,0
2017-06-13,1.78,1.78,1.78,1.78,100
2017-06-14,1.78,1.78,1.78,1.78,0
2017-06-15,1.65,1.65,1.65,1.65,2500
2017-06-16,1.57,1.57,1.57,1.57,31564
2017-06-19,1.57,1.57,1.57,1.57,0
2017-06-20,1.57,1.8,1.57,1.8,4009
2017-06-21,1.83,1.83,1.83,1.83,17311
2017-06-22,2.09,2.09,2.09,2.09,3182
2017-06-23,2.41,2.41,2.41,2.41,12447
2017-06-26,2.41,2.41,2.41,2.41,0
2017-06-27,2.41,2.41,2.41,2.41,0
2017-06-28,2.41,2.41,2.41,2.41,0
2017-06-29,2.41,2.41,2.41,2.41,0
2017-06-30,2.41,2.41,2.41,2.41,0
2017-07-03,2.75,2.75,2.75,2.75,1000
2017-07-04,3.14,3.14,3.14,3.14,4914
2017-07-05,3.14,3.14,3.14,3.14,0
2017-07-06,2.67,2.67,2.67,2.67,335
2017-07-07,2.67,2.67,2.67,2.67,0
2017-07-10,2.67,2.67,2.67,2.67,0
2017-07-11,2.67,2.67,2.67,2.67,4000
2017-07-12,2.67,2.67,2.67,2.67,0
2017-07-13,2.67,2.67,2.67,2.67,0
2017-07-14,2.67,2.67,2.67,2.67,0
2017-07-17,2.67,2.67,2.67,2.67,6087
2017-07-18,2.67,2.67,2.67,2.67,0
2017-07-19,2.67,2.67,2.67,2.67,0
2017-07-20,2.67,2.67,2.67,2.67,0
2017-07-21,2.67,2.67,2.67,2.67,1787
2017-07-24,2.67,2.67,2.67,2.67,0
2017-07-25,2.67,2.67,2.67,2.67,0
2017-07-26,2.67,2.67,2.67,2.67,0
2017-07-27,2.67,2.67,2.67,2.67,0
2017-07-28,2.67,2.67,2.67,2.67,0
2017-07-31,2.67,2.67,2.67,2.67,0
2017-08-01,2.67,2.67,2.67,2.67,0
2017-08-02,3.06,3.06,3.06,3.06,4970
2017-08-03,3.06,3.06,3.06,3.06,0
2017-08-04,3.06,3.06,3.06,3.06,0
2017-08-07,3.06,3.06,3.06,3.06,0
2017-08-08,3.06,3.06,3.06,3.06,0
2017-08-09,3.06,3.06,3.06,3.06,0
2017-08-10,3.06,3.06,3.06,3.06,0
2017-08-11,3.06,3.06,3.06,3.06,0
2017-08-14,3.06,3.06,3.06,3.06,0
2017-08-15,3.06,3.06,3.06,3.06,0
2017-08-16,3.5,3.5,3.5,3.5,1120
2017-08-17,3.5,3.5,3.5,3.5,0
2017-08-18,3.5,3.5,3.5,3.5,0
2017-08-21,4.03,4.03,4.03,4.03,1005
2017-08-22,4.03,4.03,4.03,4.03,0
2017-08-23,4.03,4.03,4.03,4.03,0
2017-08-24,4.21,4.21,4.21,4.21,2010
2017-08-25,4.21,4.21,4.21,4.21,0
2017-08-28,4.21,4.21,4.21,4.21,0
2017-08-29,4.21,4.21,4.21,4.21,0
2017-08-30,4.21,4.21,4.21,4.21,0
2017-08-31,4.21,4.21,4.21,4.21,0
2017-09-01,4.21,4.21,4.21,4.21,0
2017-09-05,4.21,4.21,4.21,4.21,0
2017-09-06,4.21,4.21,4.21,4.21,0
2017-09-07,4.21,4.21,4.21,4.21,0
2017-09-08,4.21,4.21,4.21,4.21,0
2017-09-11,4.21,4.21,4.21,4.21,0
2017-09-12,4.21,4.21,4.21,4.21,0
2017-09-13,4.21,4.21,4.21,4.21,0
2017-09-14,4.21,4.21,4.21,4.21,0
2017-09-15,4.21,4.21,4.21,4.21,0
2017-09-18,4.21,4.21,4.21,4.21,0
2017-09-19,4.21,4.21,4.21,4.21,0
2017-09-20,4.21,4.21,4.21,4.21,0
2017-09-21,4.21,4.21,4.21,4.21,0
2017-09-22,4.21,4.21,4.21,4.21,0
2017-09-25,4.21,4.21,4.21,4.21,0
2017-09-26,4.21,4.21,4.21,4.21,0
2017-09-27,4.21,4.21,4.21,4.21,0
2017-09-28,4.21,4.21,4.21,4.21,0
2017-09-29,4.21,4.21,4.21,4.21,0
2017-10-02,4.21,4.21,4.21,4.21,0
2017-10-03,4.21,4.21,4.21,4.21,0
2017-10-04,4.21,4.21,4.21,4.21,0
2017-10-05,4.21,4.21,4.21,4.21,0
2017-10-06,4.21,4.21,4.21,4.21,0
2017-10-09,4.21,4.21,4.21,4.21,0
2017-10-10,4.21,4.21,4.21,4.21,0
2017-10-11,4.21,4.21,4.21,4.21,0
2017-10-12,4.21,4.21,4.21,4.21,0
2017-10-13,4.21,4.21,4.21,4.21,0
2017-10-16,4.21,4.21,4.21,4.21,0
2017-10-17,4.21,4.21,4.21,4.21,0
2017-10-18,4.21,4.21,4.21,4.21,0
2017-10-19,4.21,4.21,4.21,4.21,0
2017-10-20,4.21,4.21,4.21,4.21,0
2017-10-23,4.21,4.21,4.21,4.21,0
2017-10-24,4.21,4.21,4.21,4.21,0
2017-10-25,4.21,4.21,4.21,4.21,0
2017-10-26,4.21,4.21,4.21,4.21,0
2017-10-27,4.21,4.21,4.21,4.21,0
2017-10-30,4.21,4.21,4.21,4.21,0
2017-10-31,4.21,4.21,4.21,4.21,0
2017-11-01,4.21,4.21,4.21,4.21,0
2017-11-02,4.21,4.21,4.21,4.21,0
2017-11-03,4.21,4.21,4.21,4.21,0
2017-11-06,4.21,4.21,4.21,4.21,0
2017-11-07,4.21,4.21,4.21,4.21,0
2017-11-08,4.21,4.21,4.21,4.21,0
2017-11-09,4.21,4.21,4.21,4.21,0
2017-11-10,4.21,4.21,4.21,4.21,0
2017-11-13,4.21,4.21,4.21,4.21,0
2017-11-14,4.21,4.21,4.21,4.21,0
2017-11-15,4.21,4.21,4.21,4.21,0
2017-11-16,4.21,4.21,4.21,4.21,0
2017-11-17,4.21,4.21,4.21,4.21,0
2017-11-20,4.21,4.21,4.21,4.21,0
2017-11-21,4.21,4.21,4.21,4.21,0
2017-11-22,4.21,4.21,4.21,4.21,0
2017-11-23,4.21,4.21,4.21,4.21,0
2017-11-24,4.21,4.21,4.21,4.21,0
2017-11-27,4.21,4.21,4.21,4.21,0
2017-11-28,4.21,4.21,4.21,4.21,0
2017-11-29,4.21,4.21,4.21,4.21,0
2017-11-30,4.21,4.21,4.21,4.21,0
2017-12-01,4.21,4.21,4.21,4.21,0
2017-12-04,4.21,4.21,4.21,4.21,0
2017-12-05,4.21,4.21,4.21,4.21,0
2017-12-06,4.21,4.21,4.21,4.21,0
2017-12-07,4.21,4.21,4.21,4.21,0
2017-12-08,4.21,4.21,4.21,4.21,0
2017-12-11,4.21,4.21,4.21,4.21,0
2017-12-12,4.21,4.21,4.21,4.21,0
2017-12-13,4.21,4.21,4.21,4.21,0
2017-12-14,4.21,4.21,4.21,4.21,0
2017-12-15,4.21,4.21,4.21,4.21,0
2017-12-18,4.21,4.21,4.21,4.21,0
2017-12-19,4.21,4.21,4.21,4.21,0
2017-12-20,4.21,4.21,4.21,4.21,0
2017-12-21,4.21,4.21,4.21,4.21,0
2017-12-22,4.21,4.21,4.21,4.21,0
2017-12-25,4.21,4.21,4.21,4.21,0
2017-12-26,4.21,4.21,4.21,4.21,0
2017-12-27,4.21,4.21,4.21,4.21,0
2017-12-28,4.21,4.21,4.21,4.21,0
2017-12-29,4.21,4.21,4.21,4.21,0
2018-01-02,4.21,4.21,4.21,4.21,0
2018-01-03,4.21,4.21,4.21,4.21,0
2018-01-04,4.21,4.21,4.21,4.21,0
2018-01-05,4.21,4.21,4.21,4.21,0
2018-01-08,4.21,4.21,4.21,4.21,0
2018-01-09,4.21,4.21,4.21,4.21,0
2018-01-10,4.21,4.21,4.21,4.21,0
2018-01-11,4.21,4.21,4.21,4.21,0
2018-01-12,4.21,4.21,4.21,4.21,0
2018-01-15,4.21,4.21,4.21,4.21,0
2018-01-16,4.21,4.21,4.21,4.21,0
2018-01-17,4.21,4.21,4.21,4.21,0
2018-01-18,4.21,4.21,4.21,4.21,0
2018-01-19,4.21,4.21,4.21,4.21,0
2018-01-22,4.21,4.21,4.21,4.21,0
2018-01-23,4.21,4.21,4.21,4.21,0
2018-01-24,4.21,4.21,4.21,4.21,0
2018-01-25,4.21,4.21,4.21,4.21,0
2018-01-26,4.21,4.21,4.21,4.21,0
2018-01-29,4.21,4.21,4.21,4.21,0
2018-01-30,4.21,4.21,4.21,4.21,0
2018-01-31,4.21,4.21,4.21,4.21,0
2018-02-01,4.21,4.21,4.21,4.21,0
2018-02-02,4.21,4.21,4.21,4.21,0
2018-02-05,4.21,4.21,4.21,4.21,0
2018-02-06,4.21,4.21,4.21,4.21,0
2018-02-07,4.21,4.21,4.21,4.21,0
2018-02-08,4.21,4.21,4.21,4.21,0
2018-02-09,4.21,4.21,4.21,4.21,0
2018-02-12,4.21,4.21,4.21,4.21,0
2018-02-13,4.21,4.21,4.21,4.21,0
2018-02-21,4.21,4.21,4.21,4.21,0
2018-02-22,4.21,4.21,4.21,4.21,0
2018-02-23,4.21,4.21,4.21,4.21,0
2018-02-26,4.21,4.21,4.21,4.21,0
2018-02-27,4.21,4.21,4.21,4.21,0
2018-02-28,4.21,4.21,4.21,4.21,0
2018-03-01,4.21,4.21,4.21,4.21,0
2018-03-02,4.21,4.21,4.21,4.21,0
2018-03-05,4.21,4.21,4.21,4.21,0
2018-03-06,4.21,4.21,4.21,4.21,0
2018-03-07,4.21,4.21,4.21,4.21,0
2018-03-08,4.21,4.21,4.21,4.21,0
2018-03-09,4.21,4.21,4.21,4.21,0
2018-03-12,4.21,4.21,4.21,4.21,0
2018-03-13,3.14,3.14,3.14,3.14,1100
2018-03-14,3.14,3.14,3.14,3.14,72
2018-03-15,3.14,3.14,3.14,3.14,0
2018-03-16,3.14,3.14,3.14,3.14,0
2018-03-19,3.14,3.14,3.14,3.14,0
2018-03-20,3.14,3.14,3.14,3.14,0
2018-03-21,3.14,3.14,3.14,3.14,0
2018-03-22,3.16,3.16,3.16,3.16,1000
2018-03-23,3.16,3.16,3.16,3.16,0
2018-03-26,3.16,3.16,3.16,3.16,0
2018-03-27,3.22,3.22,3.22,3.22,1000
2018-03-28,3.22,3.22,3.22,3.22,0
2018-03-29,3.22,3.22,3.22,3.22,0
2018-03-30,3.22,3.22,3.22,3.22,0
2018-04-02,3.22,3.22,3.22,3.22,0
2018-04-03,3.22,3.22,3.22,3.22,0
2018-04-04,3.22,3.22,3.22,3.22,0
2018-04-05,3.22,3.22,3.22,3.22,0
2018-04-06,3.22,3.22,3.22,3.22,0
2018-04-09,3.22,3.22,3.22,3.22,0
2018-04-10,3.22,3.22,3.22,3.22,0
2018-04-11,3.22,3.22,3.22,3.22,0
2018-04-12,3.22,3.22,3.22,3.22,0
2018-04-13,3.22,3.22,3.22,3.22,0
2018-04-16,3.22,3.22,3.22,3.22,0
2018-04-17,3.22,3.22,3.22,3.22,0
2018-04-18,3.16,3.16,3.16,3.16,1842
2018-04-19,3.16,3.16,3.16,3.16,0
2018-04-20,3.16,3.16,3.16,3.16,0
2018-04-23,3.16,3.16,3.16,3.16,0
2018-04-24,3.16,3.16,3.16,3.16,0
2018-04-26,3.16,3.16,3.16,3.16,0
2018-04-27,3.16,3.16,3.16,3.16,0
2018-05-02,3.16,3.16,3.16,3.16,0
2018-05-03,3.16,3.16,3.16,3.16,0
2018-05-04,3.16,3.16,3.16,3.16,0
2018-05-07,3.16,3.16,3.16,3.16,0
2018-05-08,3.16,3.16,3.16,3.16,0
2018-05-09,3.16,3.16,3.16,3.16,0
2018-05-10,3.16,3.16,3.16,3.16,0
2018-05-11,3.16,3.16,3.16,3.16,0
2018-05-14,3.16,3.16,3.16,3.16,0
2018-05-15,3.16,3.16,3.16,3.16,0
2018-05-16,3.16,3.16,3.16,3.16,0
2018-05-17,3.16,3.16,3.16,3.16,0
2018-05-18,3.16,3.16,3.16,3.16,0
2018-05-21,3.16,3.16,3.16,3.16,0
2018-05-22,3.16,3.16,3.16,3.16,0
2018-05-23,3.16,3.16,3.16,3.16,0
2018-05-24,3.16,3.16,3.16,3.16,0
2018-05-25,3.16,3.16,3.16,3.16,0
2018-05-28,3.16,3.16,3.16,3.16,0
2018-05-29,3.16,3.16,3.16,3.16,0
2018-05-30,3.16,3.16,3.16,3.16,0
2018-05-31,3.16,3.16,3.16,3.16,0
2018-06-01,3.16,3.16,3.16,3.16,0
2018-06-04,3.16,3.16,3.16,3.16,0
2018-06-05,3.16,3.16,3.16,3.16,0
2018-06-06,3.16,3.16,3.16,3.16,0
2018-06-07,3.16,3.16,3.16,3.16,0
2018-06-08,3.16,3.16,3.16,3.16,0
2018-06-11,3.16,3.16,3.16,3.16,0
2018-06-12,3.16,3.16,3.16,3.16,0
2018-06-13,3.16,3.16,3.16,3.16,0
2018-06-14,3.16,3.16,3.16,3.16,0
2018-06-15,3.16,3.16,3.16,3.16,0
2018-06-18,3.16,3.16,3.16,3.16,0
2018-06-19,3.16,3.16,3.16,3.16,0
2018-06-20,3.16,3.16,3.16,3.16,0
2018-06-21,3.16,3.16,3.16,3.16,0
2018-06-22,3.16,3.16,3.16,3.16,0
2018-06-25,3.16,3.16,3.16,3.16,0
2018-06-26,3.16,3.16,3.16,3.16,0
2018-06-27,3.16,3.16,3.16,3.16,0
2018-06-28,3.16,3.16,3.16,3.16,0
2018-06-29,3.16,3.16,3.16,3.16,0
2018-07-02,3.16,3.16,3.16,3.16,0
2018-07-03,3.16,3.16,3.16,3.16,0
2018-07-04,3.16,3.16,3.16,3.16,0
2018-07-05,3.16,3.16,3.16,3.16,0
2018-07-06,3.16,3.16,3.16,3.16,0
2018-07-09,3.16,3.16,3.16,3.16,0
2018-07-10,3.16,3.16,3.16,3.16,0
2018-07-11,3.16,3.16,3.16,3.16,0
2018-07-12,3.16,3.16,3.16,3.16,0
2018-07-13,3.16,3.16,3.16,3.16,0
2018-07-16,3.16,3.16,3.16,3.16,0
2018-07-17,3.16,3.16,3.16,3.16,0
2018-07-18,3.16,3.16,3.16,3.16,0
2018-07-19,3.16,3.16,3.16,3.16,0
2018-07-20,3.16,3.16,3.16,3.16,0
2018-07-23,3.16,3.16,3.16,3.16,0
2018-07-24,3.16,3.16,3.16,3.16,0
2018-07-25,3.16,3.16,3.16,3.16,0
2018-07-26,3.16,3.16,3.16,3.16,0
2018-07-27,3.16,3.16,3.16,3.16,0
2018-07-30,3.16,3.16,3.16,3.16,0
2018-07-31,3.16,3.16,3.16,3.16,0
2018-08-01,3.16,3.16,3.16,3.16,0
2018-08-02,3.16,3.16,3.16,3.16,0
2018-08-03,3.16,3.16,3.16,3.16,0
2018-08-06,3.16,3.16,3.16,3.16,0
2018-08-07,3.16,3.16,3.16,3.16,0
2018-08-08,3.16,3.16,3.16,3.16,0
2018-08-09,3.16,3.16,3.16,3.16,0
2018-08-10,2.24,2.24,2.24,2.24,1200
2018-08-13,2.24,2.24,2.24,2.24,28
2018-08-14,2.24,2.24,2.24,2.24,0
2018-08-15,2.24,2.24,2.24,2.24,0
2018-08-16,2.24,2.24,2.24,2.24,0
2018-08-17,2.24,2.24,2.24,2.24,0
2018-08-20,2.24,2.24,2.24,2.24,0
2018-08-21,2.24,2.24,2.24,2.24,0
2018-08-22,2.24,2.24,2.24,2.24,0
2018-08-23,2.24,2.24,2.24,2.24,0
2018-08-24,2.24,2.24,2.24,2.24,0
2018-08-27,2.24,2.24,2.24,2.24,0
2018-08-28,2.24,2.24,2.24,2.24,0
2018-08-29,2.24,2.24,2.24,2.24,0
2018-08-30,2.24,2.24,2.24,2.24,0
2018-08-31,2.24,2.24,2.24,2.24,0
2018-09-04,2.24,2.24,2.24,2.24,0
2018-09-05,2.24,2.24,2.24,2.24,0
2018-09-06,2.24,2.24,2.24,2.24,0
2018-09-07,2.24,2.24,2.24,2.24,0
2018-09-10,2.24,2.24,2.24,2.24,0
2018-09-11,2.24,2.24,2.24,2.24,0
2018-09-12,2.24,2.24,2.24,2.24,0
2018-09-13,2.24,2.24,2.24,2.24,0
2018-09-14,2.24,2.24,2.24,2.24,0
2018-09-17,2.24,2.24,2.24,2.24,0
2018-09-18,2.24,2.24,2.24,2.24,0
2018-09-19,2.24,2.24,2.24,2.24,0
2018-09-20,2.24,2.24,2.24,2.24,0
2018-09-21,2.24,2.24,2.24,2.24,0
2018-09-24,2.24,2.24,2.24,2.24,0
2018-09-25,2.24,2.24,2.24,2.24,0
2018-09-26,2.24,2.24,2.24,2.24,0
2018-09-27,2.24,2.24,2.24,2.24,0
2018-09-28,2.24,2.24,2.24,2.24,0
2018-10-01,2.24,2.24,2.24,2.24,0
2018-10-02,2.24,2.24,2.24,2.24,0
2018-10-03,2.24,2.24,2.24,2.24,0
2018-10-04,2.24,2.24,2.24,2.24,0
2018-10-05,2.24,2.24,2.24,2.24,0
2018-10-08,2.24,2.24,2.24,2.24,0
2018-10-09,2.24,2.24,2.24,2.24,0
2018-10-10,2.24,2.24,2.24,2.24,0
2018-10-11,2.24,2.24,2.24,2.24,0
2018-10-12,2.24,2.24,2.24,2.24,0
2018-10-15,2.24,2.24,2.24,2.24,0
2018-10-16,2.24,2.24,2.24,2.24,0
2018-10-17,2.24,2.24,2.24,2.24,0
2018-10-18,2.24,2.24,2.24,2.24,0
2018-10-19,2.24,2.24,2.24,2.24,0
2018-10-22,2.24,2.24,2.24,2.24,0
2018-10-23,2.24,2.24,2.24,2.24,0
2018-10-24,2.24,2.24,2.24,2.24,0
2018-10-25,2.24,2.24,2.24,2.24,0
2018-10-26,2.24,2.24,2.24,2.24,0
2018-10-29,2.24,2.24,2.24,2.24,0
2018-10-30,2.24,2.24,2.24,2.24,0
2018-10-31,2.24,2.24,2.24,2.24,0
2018-11-01,2.24,2.24,2.24,2.24,0
2018-11-02,2.24,2.24,2.24,2.24,0
2018-11-05,2.24,2.24,2.24,2.24,0
2018-11-06,2.24,2.24,2.24,2.24,0
2018-11-07,2.24,2.24,2.24,2.24,0
2018-11-08,2.24,2.24,2.24,2.24,0
2018-11-09,2.24,2.24,2.24,2.24,0
2018-11-12,2.24,2.24,2.24,2.24,0
2018-11-13,2.24,2.24,2.24,2.24,0
2018-11-14,2.24,2.24,2.24,2.24,0
2018-11-15,2.24,2.24,2.24,2.24,0
2018-11-16,2.24,2.24,2.24,2.24,0
2018-11-19,2.24,2.24,2.24,2.24,0
2018-11-20,2.24,2.24,2.24,2.24,0
2018-11-21,2.24,2.24,2.24,2.24,0
2018-11-22,2.24,2.24,2.24,2.24,0
2018-11-23,2.24,2.24,2.24,2.24,0
2018-11-26,2.24,2.24,2.24,2.24,0
2018-11-27,2.24,2.24,2.24,2.24,0
2018-11-28,2.24,2.24,2.24,2.24,0
2018-11-29,2.24,2.24,2.24,2.24,0
2018-11-30,2.24,2.24,2.24,2.24,0
2018-12-03,2.24,2.24,2.24,2.24,0
2018-12-04,2.24,2.24,2.24,2.24,0
2018-12-05,2.24,2.24,2.24,2.24,0
2018-12-06,2.24,2.24,2.24,2.24,0
2018-12-07,2.24,2.24,2.24,2.24,0
2018-12-10,2.24,2.24,2.24,2.24,0
2018-12-11,2.24,2.24,2.24,2.24,0
2018-12-12,2.24,2.24,2.24,2.24,0
2018-12-13,2.24,2.24,2.24,2.24,0
2018-12-14,2.24,2.24,2.24,2.24,0
2018-12-17,2.24,2.24,2.24,2.24,0
2018-12-18,2.24,2.24,2.24,2.24,0
2018-12-19,2.24,2.24,2.24,2.24,0
2018-12-20,2.24,2.24,2.24,2.24,0
2018-12-21,2.24,2.24,2.24,2.24,0
2018-12-24,2.24,2.24,2.24,2.24,0
2018-12-25,2.24,2.24,2.24,2.24,0
2018-12-26,2.24,2.24,2.24,2.24,0
2018-12-27,2.24,2.24,2.24,2.24,0
2018-12-28,2.24,2.24,2.24,2.24,0
2019-01-02,2.24,2.24,2.24,2.24,0
2019-01-03,2.24,2.24,2.24,2.24,0
2019-01-04,2.24,2.24,2.24,2.24,0
2019-01-07,2.24,2.24,2.24,2.24,0
2019-01-08,2.24,2.24,2.24,2.24,0
2019-01-09,2.8,2.8,2.8,2.8,100
2019-01-10,2.8,2.8,2.8,2.8,0
2019-01-11,2.8,2.8,2.8,2.8,0
2019-01-14,2.8,2.8,2.8,2.8,0
2019-01-15,2.8,2.8,2.8,2.8,0
2019-01-16,2.8,2.8,2.8,2.8,0
2019-01-17,2.8,2.8,2.8,2.8,0
2019-01-18,2.8,2.8,2.8,2.8,0
2019-01-21,2.8,2.8,2.8,2.8,0
2019-01-22,2.8,2.8,2.8,2.8,0
2019-01-23,2.8,2.8,2.8,2.8,0
2019-01-24,2.8,2.8,2.8,2.8,0
2019-01-25,2.8,2.8,2.8,2.8,0
2019-01-28,2.8,2.8,2.8,2.8,0
2019-01-29,2.8,2.8,2.8,2.8,0
2019-01-30,2.8,2.8,2.8,2.8,0
2019-01-31,2.8,2.8,2.8,2.8,0
2019-02-01,2.8,2.8,2.8,2.8,0
2019-02-11,2.8,2.8,2.8,2.8,0
2019-02-12,2.8,2.8,2.8,2.8,0
2019-02-13,2.8,2.8,2.8,2.8,0
2019-02-14,2.8,2.8,2.8,2.8,0
2019-02-15,2.8,2.8,2.8,2.8,0
2019-02-18,2.8,2.8,2.8,2.8,0
2019-02-19,2.8,2.8,2.8,2.8,0
2019-02-20,2.8,2.8,2.8,2.8,0
2019-02-21,2.8,2.8,2.8,2.8,0
2019-02-22,2.8,2.8,2.8,2.8,0
2019-02-25,2.8,2.8,2.8,2.8,0
2019-02-26,2.8,2.8,2.8,2.8,0
2019-02-27,2.8,2.8,2.8,2.8,0
2019-02-28,2.8,2.8,2.8,2.8,0
2019-03-01,2.8,2.8,2.8,2.8,0
2019-03-04,2.8,2.8,2.8,2.8,0
2019-03-05,2.8,2.8,2.8,2.8,0
2019-03-06,2.8,2.8,2.8,2.8,0
2019-03-07,2.8,2.8,2.8,2.8,0
2019-03-08,2.8,2.8,2.8,2.8,0
2019-03-11,2.8,2.8,2.8,2.8,0
2019-03-12,2.8,2.8,2.8,2.8,0
2019-03-13,2.8,2.8,2.8,2.8,0
2019-03-14,2.8,2.8,2.8,2.8,0
2019-03-15,2.8,2.8,2.8,2.8,0
2019-03-18,2.8,2.8,2.8,2.8,0
2019-03-19,2.8,2.8,2.8,2.8,0
2019-03-20,2.8,2.8,2.8,2.8,0
2019-03-21,2.8,2.8,2.8,2.8,0
2019-03-22,2.8,2.8,2.8,2.8,0
2019-03-25,2.8,2.8,2.8,2.8,0
2019-03-26,2.8,2.8,2.8,2.8,0
2019-03-27,2.8,2.8,2.8,2.8,0
2019-03-28,2.8,2.8,2.8,2.8,0
2019-03-29,2.8,2.8,2.8,2.8,0
2019-04-01,2.8,2.8,2.8,2.8,0
2019-04-02,2.8,2.8,2.8,2.8,0
2019-04-03,2.8,2.8,2.8,2.8,0
2019-04-04,2.8,2.8,2.8,2.8,0
2019-04-05,2.8,2.8,2.8,2.8,0
2019-04-08,2.8,2.8,2.8,2.8,0
2019-04-09,2.8,2.8,2.8,2.8,0
2019-04-10,2.8,2.8,2.8,2.8,0
2019-04-11,2.8,2.8,2.8,2.8,0
2019-04-12,2.8,2.8,2.8,2.8,0
2019-04-16,2.8,2.8,2.8,2.8,0
2019-04-17,2.8,2.8,2.8,2.8,0
2019-04-18,2.8,2.8,2.8,2.8,0
2019-04-19,2.8,2.8,2.8,2.8,0
2019-04-22,2.8,2.8,2.8,2.8,0
2019-04-23,2.8,2.8,2.8,2.8,0
2019-04-24,2.8,2.8,2.8,2.8,0
2019-04-25,2.8,2.8,2.8,2.8,0
2019-04-26,2.8,2.8,2.8,2.8,0
2019-05-02,2.8,2.8,2.8,2.8,0
2019-05-03,2.8,2.8,2.8,2.8,0
2019-05-06,2.8,2.8,2.8,2.8,0
2019-05-07,2.8,2.8,2.8,2.8,0
2019-05-08,2.8,2.8,2.8,2.8,0
2019-05-09,2.8,2.8,2.8,2.8,0
2019-05-10,2.8,2.8,2.8,2.8,0
2019-05-13,2.8,2.8,2.8,2.8,0
2019-05-14,2.8,2.8,2.8,2.8,0
2019-05-15,2.8,2.8,2.8,2.8,0
2019-05-16,2.8,3.11,3.11,3.11,0
2019-05-17,2.8,3.11,3.11,3.11,0
2019-05-20,2.8,3.11,3.11,3.11,0
2019-05-21,2.8,3.11,3.11,3.11,0
2019-05-22,2.8,3.11,3.11,3.11,0
2019-05-23,2.8,3.11,3.11,3.11,0
2019-05-24,2.8,3.11,3.11,3.11,0
2019-05-27,2.8,3.11,3.11,3.11,0
2019-05-28,2.8,3.11,3.11,3.11,0
2019-05-29,2.8,3.11,3.11,3.11,0
2019-05-30,2.8,3.11,3.11,3.11,0
2019-05-31,2.8,3.11,3.11,3.11,0
2019-06-03,2.8,3.11,3.11,3.11,0
2019-06-04,2.8,3.11,3.11,3.11,0
2019-06-05,2.8,3.11,3.11,3.11,0
2019-06-06,2.8,3.11,3.11,3.11,0
2019-06-07,2.8,3.11,3.11,3.11,0
2019-06-10,2.8,3.11,3.11,3.11,0
2019-06-11,2.8,3.11,3.11,3.11,0
2019-06-12,2.8,3.11,3.11,3.11,0
2019-06-13,2.8,3.11,3.11,3.11,0
2019-06-14,2.8,3.11,3.11,3.11,0
2019-06-17,2.8,3.11,3.11,3.11,0
2019-06-18,2.8,3.11,3.11,3.11,0
2019-06-19,2.8,3.11,3.11,3.11,0
2019-06-20,2.8,2.8,2.8,2.8,0
2019-06-21,2.8,2.8,2.8,2.8,0
2019-06-24,2.8,3.11,3.11,3.11,0
2019-06-25,2.8,3.11,3.11,3.11,0
2019-06-26,2.8,3.11,3.11,3.11,0
2019-06-27,2.8,3.11,3.11,3.11,0
2019-06-28,2.8,3.11,3.11,3.11,0
2019-07-01,2.8,3.11,3.11,3.11,0
2019-07-02,2.8,3.11,3.11,3.11,0
2019-07-03,2.8,3.11,3.11,3.11,0
2019-07-04,2.8,2.8,2.8,2.8,0
2019-07-05,2.8,3.11,3.11,3.11,0
2019-07-08,2.8,3.11,3.11,3.11,0
2019-07-09,2.8,3.11,3.11,3.11,0
2019-07-10,2.8,3.11,3.11,3.11,0
2019-07-11,2.8,3.11,3.11,3.11,0
2019-07-12,2.8,3.11,3.11,3.11,0
2019-07-15,2.8,3.11,3.11,3.11,0
2019-07-16,2.8,3.11,3.11,3.11,0
2019-07-17,2.8,3.11,3.11,3.11,0
2019-07-18,2.8,3.11,3.11,3.11,0
2019-07-19,2.8,3.11,3.11,3.11,0
2019-07-22,2.8,3.11,3.11,3.11,0
2019-07-23,2.8,3.11,3.11,3.11,0
2019-07-24,2.8,3.11,3.11,3.11,0
2019-07-25,2.8,3.11,3.11,3.11,0
2019-07-26,2.8,3.11,3.11,3.11,0
2019-07-29,2.8,3.11,3.11,3.11,0
2019-07-30,2.8,3.11,3.11,3.11,0
2019-07-31,2.8,3.11,3.11,3.11,0
2019-08-01,2.8,3.11,3.11,3.11,0
2019-08-02,2.8,3.11,3.11,3.11,0
2019-08-05,2.8,3.11,3.11,3.11,0
2019-08-06,2.8,3.11,3.11,3.11,0
2019-08-07,2.8,3.11,3.11,3.11,0
2019-08-08,2.8,3.11,3.11,3.11,0
2019-08-09,2.8,3.11,3.11,3.11,0
2019-08-12,2.8,3.11,3.11,3.11,0
2019-08-13,2.8,3.11,3.11,3.11,0
2019-08-14,2.8,3.11,3.11,3.11,0
2019-08-15,2.8,3.11,3.11,3.11,0
2019-08-16,2.8,3.11,3.11,3.11,0
2019-08-19,2.8,3.11,3.11,3.11,0
2019-08-20,2.8,3.11,3.11,3.11,0
2019-08-21,2.8,3.11,3.11,3.11,0
2019-08-22,2.8,3.11,3.11,3.11,0
2019-08-23,2.8,3.11,3.11,3.11,0
2019-08-26,2.8,3.11,3.11,3.11,0
2019-08-27,2.8,3.11,3.11,3.11,0
2019-08-28,2.8,3.11,3.11,3.11,0
2019-08-29,2.8,3.11,3.11,3.11,0
2019-08-30,2.8,3.11,3.11,3.11,0
2019-09-03,2.8,3.11,3.11,3.11,0
2019-09-04,2.8,3.11,3.11,3.11,0
2019-09-05,2.8,3.11,3.11,3.11,0
2019-09-06,2.8,3.11,3.11,3.11,0
2019-09-09,2.8,3.11,3.11,3.11,0
2019-09-10,2.8,3.11,3.11,3.11,0
2019-09-11,2.8,3.11,3.11,3.11,0
2019-09-12,2.8,3.11,3.11,3.11,0
2019-09-13,2.8,3.11,3.11,3.11,0
2019-09-16,2.8,3.11,3.11,3.11,0
2019-09-17,2.8,3.11,3.11,3.11,0
2019-09-18,2.8,3.11,3.11,3.11,0
2019-09-19,2.8,3.11,3.11,3.11,0
2019-09-20,2.8,3.11,3.11,3.11,0
2019-09-23,2.8,3.11,3.11,3.11,0
2019-09-24,2.8,3.11,3.11,3.11,0
2019-09-25,2.8,3.11,3.11,3.11,0
2019-09-26,2.8,3.11,3.11,3.11,0
2019-09-27,2.8,3.11,3.11,3.11,0
2019-09-30,2.8,3.11,3.11,3.11,0
2019-10-01,2.8,3.11,3.11,3.11,0
2019-10-02,2.8,3.11,3.11,3.11,0
2019-10-03,2.8,3.11,3.11,3.11,0
2019-10-04,2.8,3.11,3.11,3.11,0
2019-10-07,2.8,3.11,3.11,3.11,0
2019-10-08,2.8,3.11,3.11,3.11,0
2019-10-09,2.8,3.11,3.11,3.11,0
2019-10-10,2.8,3.11,3.11,3.11,0
2019-10-11,2.8,3.11,3.11,3.11,0
2019-10-14,2.8,3.11,3.11,3.11,0
2019-10-15,2.8,2.8,2.8,2.8,0
2019-10-16,2.8,3.11,3.11,3.11,0
2019-10-17,2.8,3.11,3.11,3.11,0
2019-10-18,2.8,3.11,3.11,3.11,0
2019-10-21,2.8,3.11,3.11,3.11,0
2019-10-22,2.8,3.11,3.11,3.11,0
2019-10-23,2.8,3.11,3.11,3.11,0
2019-10-24,2.8,3.11,3.11,3.11,0
2019-10-25,2.8,3.11,3.11,3.11,0
2019-10-28,2.8,3.11,3.11,3.11,0
2019-10-29,2.8,3.11,3.11,3.11,0
2019-10-30,2.8,3.11,3.11,3.11,0
2019-10-31,2.8,2.8,2.8,2.8,0
2019-11-01,2.8,3.11,3.11,3.11,0
2019-11-04,2.8,3.11,3.11,3.11,0
2019-11-05,2.8,3.11,3.11,3.11,0
2019-11-06,2.8,3.11,3.11,3.11,0
2019-11-07,2.8,3.11,3.11,3.11,0
2019-11-08,2.8,3.11,3.11,3.11,0
2019-11-11,2.8,3.11,3.11,3.11,0
2019-11-12,2.8,3.11,3.11,3.11,0
2019-11-13,2.8,3.11,3.11,3.11,0
2019-11-14,2.8,3.11,3.11,3.11,0
2019-11-15,2.8,3.11,3.11,3.11,0
2019-11-18,2.8,3.11,3.11,3.11,0
2019-11-19,2.8,3.11,3.11,3.11,0
2019-11-20,2.8,3.11,3.11,3.11,0
2019-11-21,2.8,3.11,3.11,3.11,0
2019-11-22,2.8,2.8,2.8,2.8,0
2019-11-25,2.8,3.11,3.11,3.11,0
2019-11-26,2.8,3.11,3.11,3.11,0
2019-11-27,2.8,3.11,3.11,3.11,0
2019-11-28,2.8,3.11,3.11,3.11,0
2019-11-29,2.8,3.11,3.11,3.11,0
2019-12-02,2.8,2.8,2.8,2.8,0
2019-12-03,2.8,3.11,3.11,3.11,0
2019-12-04,2.8,3.11,3.11,3.11,0
2019-12-05,2.8,3.11,3.11,3.11,0
2019-12-06,2.8,3.11,3.11,3.11,0
2019-12-09,2.8,3.11,3.11,3.11,0
2019-12-10,2.8,3.11,3.11,3.11,0
2019-12-11,2.8,3.11,3.11,3.11,0
2019-12-12,2.8,3.11,3.11,3.11,0
2019-12-13,2.8,3.11,3.11,3.11,0
2019-12-16,2.8,3.11,3.11,3.11,0
2019-12-17,2.8,3.11,3.11,3.11,0
2019-12-18,2.8,3.11,3.11,3.11,0
2019-12-19,2.8,3.11,3.11,3.11,0
2019-12-20,2.8,3.11,3.11,3.11,0
2019-12-23,2.8,3.11,3.11,3.11,0
2019-12-24,2.8,3.11,3.11,3.11,0
2019-12-25,2.8,3.11,3.11,3.11,0
2019-12-26,2.8,3.11,3.11,3.11,0
2019-12-27,2.8,3.11,3.11,3.11,0
2019-12-30,2.8,3.11,3.11,3.11,0
2019-12-31,2.8,3.11,3.11,3.11,0
2020-01-02,2.8,3.11,3.11,3.11,0
2020-01-03,2.8,3.11,3.11,3.11,0
2020-01-06,2.8,3.11,3.11,3.11,0
2020-01-07,2.8,3.11,3.11,3.11,0
2020-01-08,2.8,3.11,3.11,3.11,0
2020-01-09,2.8,3.11,3.11,3.11,0
2020-01-10,2.8,3.11,3.11,3.11,0
2020-01-13,2.8,3.11,3.11,3.11,0
2020-01-14,2.8,3.11,3.11,3.11,0
2020-01-15,2.8,3.11,3.11,3.11,0
2020-01-16,2.8,3.11,3.11,3.11,0
2020-01-17,2.8,3.11,3.11,3.11,0
2020-01-20,2.8,3.11,3.11,3.11,0
2020-01-21,2.8,3.11,3.11,3.11,0
2020-01-22,2.8,3.11,3.11,3.11,0
2020-01-30,2.8,3.11,3.11,3.11,0
2020-01-31,2.8,3.11,3.11,3.11,0
2020-02-03,2.8,3.11,3.11,3.11,0
2020-02-04,2.8,3.11,3.11,3.11,0
2020-02-05,2.8,3.11,3.11,3.11,0
2020-02-06,2.8,3.11,3.11,3.11,0
2020-02-07,2.8,3.11,3.11,3.11,0
2020-02-10,2.8,3.11,3.11,3.11,0
2020-02-11,2.8,3.11,3.11,3.11,0
2020-02-12,2.8,3.11,3.11,3.11,0
2020-02-13,2.8,3.11,3.11,3.11,0
2020-02-14,2.8,3.11,3.11,3.11,0
2020-02-17,2.8,3.11,3.11,3.11,0
2020-02-18,2.8,3.11,3.11,3.11,0
2020-02-19,2.8,3.11,3.11,3.11,0
2020-02-20,2.8,3.11,3.11,3.11,0
2020-02-21,2.8,3.11,3.11,3.11,0
2020-02-24,2.8,3.11,3.11,3.11,0
2020-02-25,2.8,3.11,3.11,3.11,0
2020-02-26,2.8,3.11,3.11,3.11,0
2020-02-27,2.8,3.11,3.11,3.11,0
2020-02-28,2.8,3.11,3.11,3.11,0
2020-03-02,2.8,3.11,3.11,3.11,0
2020-03-03,2.8,3.11,3.11,3.11,0
2020-03-04,2.8,3.11,3.11,3.11,0
2020-03-05,2.8,3.11,3.11,3.11,0
2020-03-06,2.8,3.11,3.11,3.11,0
2020-03-09,2.8,3.11,3.11,3.11,0
2020-03-10,2.8,3.11,3.11,3.11,0
2020-03-11,2.8,3.11,3.11,3.11,0
2020-03-12,2.8,3.11,3.11,3.11,0
2020-03-13,2.8,3.11,3.11,3.11,0
2020-03-16,2.8,3.11,3.11,3.11,0
2020-03-17,2.8,3.11,3.11,3.11,0
2020-03-18,2.8,3.11,3.11,3.11,0
2020-03-19,2.8,3.11,3.11,3.11,0
2020-03-20,2.8,3.11,3.11,3.11,0
2020-03-23,2.8,3.11,3.11,3.11,0
2020-03-24,2.8,3.11,3.11,3.11,0
2020-03-25,2.8,3.11,3.11,3.11,0
2020-03-26,2.8,3.11,3.11,3.11,0
2020-03-27,2.8,3.11,3.11,3.11,0
2020-03-30,2.8,3.11,3.11,3.11,0
2020-03-31,2.8,3.11,3.11,3.11,0
2020-04-01,2.8,3.11,3.11,3.11,0
2020-04-03,2.8,3.11,3.11,3.11,0
2020-04-06,2.8,3.11,3.11,3.11,0
2020-04-07,2.8,3.11,3.11,3.11,0
2020-04-08,2.8,3.11,3.11,3.11,0
2020-04-09,2.8,3.11,3.11,3.11,0
2020-04-10,2.8,3.11,3.11,3.11,0
2020-04-13,2.8,3.11,3.11,3.11,0
2020-04-14,2.8,3.11,3.11,3.11,0
2020-04-15,2.8,3.11,3.11,3.11,0
2020-04-16,2.8,3.11,3.11,3.11,0
2020-04-17,2.8,3.11,3.11,3.11,0
2020-04-20,2.8,3.11,3.11,3.11,0
2020-04-21,2.8,3.11,3.11,3.11,0
2020-04-22,2.8,3.11,3.11,3.11,0
2020-04-23,2.8,3.11,3.11,3.11,0
2020-04-24,2.8,3.11,3.11,3.11,0
2020-04-27,2.8,3.11,3.11,3.11,0
2020-04-28,2.8,3.11,3.11,3.11,0
2020-04-29,2.8,3.11,3.11,3.11,0
2020-05-04,2.8,3.11,3.11,3.11,0
2020-05-05,2.8,3.11,3.11,3.11,0
2020-05-06,2.8,3.11,3.11,3.11,0
2020-05-07,2.8,3.11,3.11,3.11,0
2020-05-08,2.8,3.11,3.11,3.11,0
2020-05-11,2.8,3.11,3.11,3.11,0
2020-05-12,2.8,3.11,3.11,3.11,0
2020-05-13,2.8,3.11,3.11,3.11,0
2020-05-14,2.8,3.11,3.11,3.11,0
2020-05-15,2.8,3.11,3.11,3.11,0
2020-05-18,2.8,3.11,3.11,3.11,0
2020-05-19,2.8,3.5,3.5,3.5,0
2020-05-20,2.8,3.5,3.5,3.5,0
2020-05-21,2.8,3.5,3.5,3.5,0
2020-05-22,2.8,3.5,3.5,3.5,0
2020-05-25,2.8,3.5,3.5,3.5,0
2020-05-26,2.8,3.5,3.5,3.5,0
2020-05-27,2.8,3.5,3.5,3.5,0
2020-05-28,2.8,3.5,3.5,3.5,0
2020-05-29,2.8,3.5,3.5,3.5,0
2020-06-01,2.8,3.5,3.5,3.5,0
2020-06-02,2.8,3.5,3.5,3.5,0
2020-06-03,2.8,3.5,3.5,3.5,0
2020-06-04,2.8,3.5,3.5,3.5,0
2020-06-05,2.8,3.5,3.5,3.5,0
2020-06-08,2.8,3.5,3.5,3.5,0
2020-06-09,2.8,3.5,3.5,3.5,0
2020-06-10,2.8,3.5,3.5,3.5,0
2020-06-11,2.8,3.5,3.5,3.5,0
2020-06-12,2.8,3.5,3.5,3.5,0
2020-06-15,2.8,3.5,3.5,3.5,0
2020-06-16,2.8,3.5,3.5,3.5,0
2020-06-17,2.8,3.5,3.5,3.5,0
2020-06-18,2.8,3.5,3.5,3.5,0
2020-06-19,2.8,3.5,3.5,3.5,0
2020-06-22,2.8,3.5,3.5,3.5,0
2020-06-23,2.8,3.5,3.5,3.5,0
2020-06-24,2.8,3.5,3.5,3.5,0
2020-06-25,2.8,3.5,3.5,3.5,0
2020-06-26,2.8,3.5,3.5,3.5,0
2020-06-29,2.8,3.5,3.5,3.5,0
2020-06-30,2.8,3.5,3.5,3.5,0
2020-07-01,2.8,3.5,3.5,3.5,0
2020-07-02,2.8,3.5,3.5,3.5,0
2020-07-03,2.8,3.5,3.5,3.5,0
2020-07-06,2.8,3.5,3.5,3.5,0
2020-07-07,2.8,3.5,3.5,3.5,0
2020-07-08,2.8,3.5,3.5,3.5,0
2020-07-09,2.8,3.5,3.5,3.5,0
2020-07-10,2.8,3.5,3.5,3.5,0
2020-07-13,2.8,3.5,3.5,3.5,0
2020-07-14,2.8,3.5,3.5,3.5,0
2020-07-15,2.8,3.5,3.5,3.5,0
2020-07-16,2.8,3.5,3.5,3.5,0
2020-07-17,2.8,3.5,3.5,3.5,0
2020-07-20,2.8,3.5,3.5,3.5,0
2020-07-21,2.8,3.5,3.5,3.5,0
2020-07-22,2.8,3.5,3.5,3.5,0
2020-07-23,2.8,3.5,3.5,3.5,0
2020-07-24,2.8,3.5,3.5,3.5,0
2020-07-27,2.8,3.5,3.5,3.5,0
2020-07-28,2.8,3.5,3.5,3.5,0
2020-07-29,2.8,3.5,3.5,3.5,0
2020-07-30,2.8,3.5,3.5,3.5,0
2020-07-31,2.8,3.5,3.5,3.5,0
2020-08-03,2.8,3.5,3.5,3.5,0
2020-08-04,2.8,3.5,3.5,3.5,0
2020-08-05,2.8,3.5,3.5,3.5,0
2020-08-06,2.8,3.5,3.5,3.5,0
2020-08-07,2.8,3.5,3.5,3.5,0
2020-08-10,2.8,3.5,3.5,3.5,0
2020-08-11,2.8,3.5,3.5,3.5,0
2020-08-12,2.8,3.5,3.5,3.5,0
2020-08-13,2.8,3.5,3.5,3.5,0
2020-08-14,2.8,3.5,3.5,3.5,0
2020-08-17,2.8,3.5,3.5,3.5,0
2020-08-18,2.8,3.5,3.5,3.5,0
2020-08-19,2.8,3.5,3.5,3.5,0
2020-08-20,2.8,3.5,3.5,3.5,0
2020-08-21,2.8,3.5,3.5,3.5,0
2020-08-24,2.8,3.5,3.5,3.5,0
2020-08-25,2.8,3.5,3.5,3.5,0
2020-08-26,2.8,3.5,3.5,3.5,0
2020-08-27,2.8,3.5,3.5,3.5,0
2020-08-28,2.8,3.5,3.5,3.5,0
2020-08-31,2.8,3.5,3.5,3.5,0
2020-09-01,2.8,3.5,3.5,3.5,0
2020-09-03,2.8,3.5,3.5,3.5,0
2020-09-04,2.8,3.5,3.5,3.5,0
2020-09-07,2.8,3.5,3.5,3.5,0
2020-09-08,2.8,3.5,3.5,3.5,0
2020-09-09,2.8,3.5,3.5,3.5,0
2020-09-10,2.8,3.5,3.5,3.5,0
2020-09-11,2.8,3.5,3.5,3.5,0
2020-09-14,2.8,3.5,3.5,3.5,0
2020-09-15,2.8,3.5,3.5,3.5,0
2020-09-16,2.8,3.5,3.5,3.5,0
2020-09-17,2.8,3.5,3.5,3.5,0
2020-09-18,2.8,3.5,3.5,3.5,0
2020-09-21,2.8,3.5,3.5,3.5,0
2020-09-22,2.8,3.5,3.5,3.5,0
2020-09-23,2.8,3.5,3.5,3.5,0
2020-09-24,2.8,3.5,3.5,3.5,0
2020-09-25,2.8,3.5,3.5,3.5,0
2020-09-28,2.8,3.5,3.5,3.5,0
2020-09-29,2.8,3.5,3.5,3.5,0
2020-09-30,2.8,3.5,3.5,3.5,0
2020-10-01,2.8,3.5,3.5,3.5,0
2020-10-02,2.8,3.5,3.5,3.5,0
2020-10-05,2.8,3.5,3.5,3.5,0
2020-10-06,2.8,3.5,3.5,3.5,0
2020-10-07,2.8,3.5,3.5,3.5,0
2020-10-08,2.8,3.5,3.5,3.5,0
2020-10-09,2.8,3.5,3.5,3.5,0
2020-10-12,2.8,3.5,3.5,3.5,0
2020-10-13,2.8,3.5,3.5,3.5,0
2020-10-14,2.8,3.5,3.5,3.5,0
2020-10-15,2.8,3.5,3.5,3.5,0
2020-10-16,2.8,3.5,3.5,3.5,0
2020-10-19,2.8,3.5,3.5,3.5,0
2020-10-20,2.8,3.5,3.5,3.5,0
2020-10-21,2.8,3.5,3.5,3.5,0
2020-10-22,2.8,3.5,3.5,3.5,0
2020-10-23,2.8,3.5,3.5,3.5,0
2020-10-26,2.8,3.5,3.5,3.5,0
2020-10-27,2.8,3.5,3.5,3.5,0
2020-10-28,2.8,3.5,3.5,3.5,0
2020-10-29,2.8,3.5,3.5,3.5,0
2020-10-30,2.8,3.5,3.5,3.5,0
2020-11-02,2.8,3.5,3.5,3.5,0
2020-11-03,2.8,3.5,3.5,3.5,0
2020-11-04,2.8,3.5,3.5,3.5,0
2020-11-05,2.8,3.5,3.5,3.5,0
2020-11-06,2.8,3.5,3.5,3.5,0
2020-11-09,2.8,3.5,3.5,3.5,0
2020-11-10,2.8,3.5,3.5,3.5,0
2020-11-11,2.8,3.5,3.5,3.5,0
2020-11-12,2.8,3.5,3.5,3.5,0
2020-11-13,2.8,3.5,3.5,3.5,0
2020-11-16,2.8,3.5,3.5,3.5,0
2020-11-17,2.8,3.5,3.5,3.5,0
2020-11-18,2.8,3.5,3.5,3.5,0
2020-11-19,2.8,3.5,3.5,3.5,0
2020-11-20,2.8,3.5,3.5,3.5,0
2020-11-23,2.8,3.5,3.5,3.5,0
2020-11-24,2.8,3.5,3.5,3.5,0
2020-11-25,2.8,3.5,3.5,3.5,0
2020-11-26,2.8,3.5,3.5,3.5,0
2020-11-27,2.8,3.5,3.5,3.5,0
2020-11-30,2.8,3.5,3.5,3.5,0
2020-12-01,2.8,3.5,3.5,3.5,0
2020-12-02,2.8,3.5,3.5,3.5,0
2020-12-03,2.8,3.5,3.5,3.5,0
2020-12-04,2.8,3.5,3.5,3.5,0
2020-12-07,2.8,3.5,3.5,3.5,0
2020-12-08,2.8,3.5,3.5,3.5,0
2020-12-09,2.8,3.5,3.5,3.5,0
2020-12-10,2.8,3.5,3.5,3.5,0
2020-12-11,2.8,3.5,3.5,3.5,0
2020-12-14,2.8,3.5,3.5,3.5,0
2020-12-15,2.8,3.5,3.5,3.5,0
2020-12-16,2.8,3.5,3.5,3.5,0
2020-12-17,2.8,3.5,3.5,3.5,0
2020-12-18,2.8,3.5,3.5,3.5,0
2020-12-21,2.8,3.5,3.5,3.5,0
2020-12-22,2.8,3.5,3.5,3.5,0
2020-12-23,2.8,3.5,3.5,3.5,0
2020-12-24,2.8,3.5,3.5,3.5,0
2020-12-25,2.8,3.5,3.5,3.5,0
2020-12-28,2.8,3.5,3.5,3.5,0
2020-12-29,2.8,3.5,3.5,3.5,0
2020-12-30,2.8,3.5,3.5,3.5,0
2020-12-31,2.8,3.5,3.5,3.5,0
2021-01-04,2.8,3.5,3.5,3.5,0
2021-01-05,2.8,3.5,3.5,3.5,0
2021-01-06,2.8,3.5,3.5,3.5,0
2021-01-07,2.8,2.8,2.8,2.8,0
2021-01-08,2.8,3.5,3.5,3.5,0
2021-01-11,2.8,3.5,3.5,3.5,0
2021-01-12,2.8,3.5,3.5,3.5,0
2021-01-13,2.8,3.5,3.5,3.5,0
2021-01-14,2.8,3.5,3.5,3.5,0
2021-01-15,2.8,3.5,3.5,3.5,0
2021-01-18,2.8,3.5,3.5,3.5,0
2021-01-19,2.8,3.5,3.5,3.5,0
2021-01-20,2.8,3.5,3.5,3.5,0
2021-01-21,2.8,3.5,3.5,3.5,0
2021-01-22,2.8,2.8,2.8,2.8,0
2021-01-25,2.8,3.5,3.5,3.5,0
2021-01-26,2.8,3.5,3.5,3.5,0
2021-01-27,2.8,3.5,3.5,3.5,0
2021-01-28,2.8,3.5,3.5,3.5,0
2021-01-29,2.8,3.5,3.5,3.5,0
2021-02-01,2.8,3.5,3.5,3.5,0
2021-02-02,2.8,3.5,3.5,3.5,0
2021-02-03,2.8,3.5,3.5,3.5,0
2021-02-04,2.8,3.5,3.5,3.5,0
2021-02-05,2.8,3.5,3.5,3.5,0
2021-02-08,2.8,3.5,3.5,3.5,0
2021-02-09,2.8,3.5,3.5,3.5,0
2021-02-17,2.8,2.8,2.8,2.8,0
2021-02-18,2.8,3.5,3.5,3.5,0
2021-02-19,2.8,3.5,3.5,3.5,0
2021-02-22,2.8,3.5,3.5,3.5,0
2021-02-23,2.8,3.5,3.5,3.5,0
2021-02-24,2.8,3.5,3.5,3.5,0
2021-02-25,2.8,3.5,3.5,3.5,0
2021-02-26,2.8,3.5,3.5,3.5,0
2021-03-01,2.8,3.5,3.5,3.5,0
2021-03-02,2.8,3.5,3.5,3.5,0
2021-03-03,2.8,3.5,3.5,3.5,0
2021-03-04,2.8,3.5,3.5,3.5,0
2021-03-05,2.8,3.5,3.5,3.5,0
2021-03-08,2.8,3.5,3.5,3.5,0
2021-03-09,2.8,3.5,3.5,3.5,0
2021-03-10,2.8,3.5,3.5,3.5,0
2021-03-11,2.8,3.5,3.5,3.5,0
2021-03-12,2.8,3.5,3.5,3.5,0
2021-03-15,2.8,3.5,3.5,3.5,0
2021-03-16,2.8,3.5,3.5,3.5,0
2021-03-17,2.8,3.5,3.5,3.5,0
2021-03-18,2.8,3.5,3.5,3.5,0
2021-03-19,2.8,3.5,3.5,3.5,0
2021-03-22,2.8,3.5,3.5,3.5,0
2021-03-23,2.8,3.5,3.5,3.5,0
2021-03-24,2.8,3.5,3.5,3.5,0
2021-03-25,2.8,3.5,3.5,3.5,0
2021-03-26,2.8,3.5,3.5,3.5,0
2021-03-29,2.8,3.5,3.5,3.5,0
2021-03-30,2.8,3.5,3.5,3.5,0
2021-03-31,2.8,3.5,3.5,3.5,0
2021-04-01,2.8,3.5,3.5,3.5,0
2021-04-02,2.8,3.5,3.5,3.5,0
2021-04-05,2.8,3.5,3.5,3.5,0
2021-04-06,2.8,3.5,3.5,3.5,0
2021-04-07,2.8,3.5,3.5,3.5,0
2021-04-08,2.8,3.5,3.5,3.5,0
2021-04-09,2.8,3.5,3.5,3.5,0
2021-04-12,2.8,3.5,3.5,3.5,0
2021-04-13,2.8,3.5,3.5,3.5,0
2021-04-14,2.8,3.5,3.5,3.5,0
2021-04-15,2.8,3.5,3.5,3.5,0
2021-04-16,2.8,3.5,3.5,3.5,0
2021-04-19,2.8,3.5,3.5,3.5,0
2021-04-20,2.8,3.5,3.5,3.5,0
2021-04-22,2.8,3.5,3.5,3.5,0
2021-04-23,2.8,3.5,3.5,3.5,0
2021-04-26,2.8,3.5,3.5,3.5,0
2021-04-27,2.8,3.5,3.5,3.5,0
2021-04-28,2.8,3.5,3.5,3.5,0
2021-04-29,2.8,3.5,3.5,3.5,0
2021-05-04,2.8,3.5,3.5,3.5,0
2021-05-05,2.8,3.5,3.5,3.5,0
2021-05-06,2.8,3.5,3.5,3.5,0
2021-05-07,2.8,3.5,3.5,3.5,0
2021-05-10,2.8,3.5,3.5,3.5,0
2021-05-11,2.8,3.5,3.5,3.5,0
2021-05-12,2.8,3.5,3.5,3.5,0
2021-05-13,2.8,3.5,3.5,3.5,0
2021-05-14,2.8,3.5,3.5,3.5,0
2021-05-17,2.8,3.5,3.5,3.5,0
2021-05-18,2.8,3.5,3.5,3.5,0
2021-05-19,2.8,3.5,3.5,3.5,0
2021-05-20,2.8,3.5,3.5,3.5,0
2021-05-21,2.8,3.5,3.5,3.5,0
2021-05-24,2.8,3.5,3.5,3.5,0
2021-05-25,2.8,3.5,3.5,3.5,0
2021-05-26,2.8,3.5,3.5,3.5,0
2021-05-27,2.8,3.5,3.5,3.5,0
2021-05-28,2.8,3.5,3.5,3.5,0
2021-05-31,2.8,3.5,3.5,3.5,0
2021-06-01,2.8,3.5,3.5,3.5,0
2021-06-02,2.8,3.5,3.5,3.5,0
2021-06-03,2.8,4.0,4.0,4.0,0
2021-06-04,2.8,4.0,4.0,4.0,0
2021-06-07,2.8,4.0,4.0,4.0,0
2021-06-08,2.8,4.0,4.0,4.0,0
2021-06-09,2.8,4.0,4.0,4.0,0
2021-06-10,2.8,4.0,4.0,4.0,0
2021-06-11,2.8,4.0,4.0,4.0,0
2021-06-14,2.8,4.0,4.0,4.0,0
2021-06-15,2.8,4.0,4.0,4.0,0
2021-06-16,2.8,4.0,4.0,4.0,0
2021-06-17,2.8,4.0,4.0,4.0,0
2021-06-18,2.8,4.0,4.0,4.0,0
2021-06-21,2.8,4.0,4.0,4.0,0
2021-06-22,2.8,4.0,4.0,4.0,0
2021-06-23,2.8,4.0,4.0,4.0,0
2021-06-24,2.8,4.0,4.0,4.0,0
2021-06-25,2.8,4.0,4.0,4.0,0
2021-06-28,2.8,4.0,4.0,4.0,0
2021-06-29,2.8,4.0,4.0,4.0,0
2021-06-30,2.8,4.0,4.0,4.0,0
2021-07-01,2.8,4.0,4.0,4.0,0
2021-07-02,2.8,4.0,4.0,4.0,0
2021-07-05,2.8,4.0,4.0,4.0,0
2021-07-06,2.8,4.0,4.0,4.0,0
2021-07-07,2.8,4.0,4.0,4.0,0
2021-07-08,2.8,4.0,4.0,4.0,0
2021-07-09,2.8,4.0,4.0,4.0,0
2021-07-12,2.8,4.0,4.0,4.0,0
2021-07-13,2.8,4.0,4.0,4.0,0
2021-07-14,2.8,4.0,4.0,4.0,0
2021-07-15,2.8,4.0,4.0,4.0,0
2021-07-16,2.8,4.0,4.0,4.0,0
2021-07-19,2.8,4.0,4.0,4.0,0
2021-07-20,2.8,4.0,4.0,4.0,0
2021-07-21,2.8,4.0,4.0,4.0,0
2021-07-22,2.8,4.0,4.0,4.0,0
2021-07-23,2.8,4.0,4.0,4.0,0
2021-07-26,2.8,4.0,4.0,4.0,0
2021-07-27,2.8,4.0,4.0,4.0,0
2021-07-28,2.8,4.0,4.0,4.0,0
2021-07-29,2.8,4.0,4.0,4.0,0
2021-07-30,2.8,4.0,4.0,4.0,0
2021-08-02,2.8,2.8,2.8,2.8,0
2021-08-03,2.8,4.0,4.0,4.0,0
2021-08-04,2.8,4.0,4.0,4.0,0
2021-08-05,2.8,4.0,4.0,4.0,0
2021-08-06,2.8,4.0,4.0,4.0,0
2021-08-09,2.8,4.0,4.0,4.0,0
2021-08-10,2.8,4.0,4.0,4.0,0
2021-08-11,2.8,4.0,4.0,4.0,0
2021-08-12,2.8,4.0,4.0,4.0,0
2021-08-13,2.8,4.0,4.0,4.0,0
2021-08-16,2.8,4.0,4.0,4.0,0
2021-08-17,2.8,4.0,4.0,4.0,0
2021-08-18,2.8,4.0,4.0,4.0,0
2021-08-19,2.8,4.0,4.0,4.0,0
2021-08-20,2.8,2.8,2.8,2.8,0
2021-08-23,2.8,4.0,4.0,4.0,0
2021-08-24,2.8,4.0,4.0,4.0,0
2021-08-25,2.8,4.0,4.0,4.0,0
2021-08-26,2.8,4.0,4.0,4.0,0
2021-08-27,2.8,2.8,2.8,2.8,0
2021-08-30,2.8,2.8,2.8,2.8,0
2021-08-31,2.8,2.8,2.8,2.8,0
2021-09-01,2.8,2.8,2.8,2.8,0
2021-09-06,2.8,4.0,4.0,4.0,0
2021-09-07,2.8,4.0,4.0,4.0,0
2021-09-08,2.8,2.8,2.8,2.8,0
2021-09-09,2.8,2.8,2.8,2.8,0
2021-09-10,2.8,2.8,2.8,2.8,0
2021-09-13,2.8,2.8,2.8,2.8,0
2021-09-14,2.8,2.8,2.8,2.8,0
2021-09-15,2.8,2.8,2.8,2.8,0
2021-09-16,2.8,2.8,2.8,2.8,0
2021-09-17,2.8,2.8,2.8,2.8,0
2021-09-20,2.8,2.8,2.8,2.8,0
2021-09-21,2.8,2.8,2.8,2.8,0
2021-09-22,2.8,2.8,2.8,2.8,0
2021-09-23,2.8,2.8,2.8,2.8,0
2021-09-24,2.8,2.8,2.8,2.8,0
2021-09-27,2.8,2.8,2.8,2.8,0
2021-09-28,2.8,2.8,2.8,2.8,0
2021-09-29,2.8,2.8,2.8,2.8,0
2021-09-30,2.8,2.8,2.8,2.8,0
2021-10-01,2.8,2.8,2.8,2.8,0
2021-10-04,2.8,2.8,2.8,2.8,0
2021-10-05,2.8,2.8,2.8,2.8,0
2021-10-06,2.8,2.8,2.8,2.8,0
2021-10-07,2.8,2.8,2.8,2.8,0
2021-10-08,2.8,2.8,2.8,2.8,0
2021-10-11,2.8,2.8,2.8,2.8,0
2021-10-12,2.8,2.8,2.8,2.8,0
2021-10-13,2.8,2.8,2.8,2.8,0
2021-10-14,2.8,2.8,2.8,2.8,0
2021-10-15,2.8,2.8,2.8,2.8,0
2021-10-18,2.8,2.8,2.8,2.8,0
2021-10-19,2.8,2.8,2.8,2.8,0
2021-10-20,2.8,2.8,2.8,2.8,0
2021-10-21,2.8,2.8,2.8,2.8,0
2021-10-22,2.8,2.8,2.8,2.8,0
2021-10-25,2.8,2.8,2.8,2.8,0
2021-10-26,2.8,2.8,2.8,2.8,0
2021-10-27,2.8,2.8,2.8,2.8,0
2021-10-28,2.8,2.8,2.8,2.8,0
2021-10-29,2.8,2.8,2.8,2.8,0
2021-11-01,2.8,2.8,2.8,2.8,0
2021-11-02,2.8,2.8,2.8,2.8,0
2021-11-03,2.8,2.8,2.8,2.8,0
2021-11-04,2.8,2.8,2.8,2.8,0
2021-11-05,2.8,2.8,2.8,2.8,0
2021-11-08,2.8,2.8,2.8,2.8,0
2021-11-09,2.8,2.8,2.8,2.8,0
2021-11-10,2.8,2.8,2.8,2.8,0
2021-11-11,2.8,2.8,2.8,2.8,0
2021-11-12,2.8,2.8,2.8,2.8,0
2021-11-15,2.8,2.8,2.8,2.8,0
2021-11-16,2.8,2.8,2.8,2.8,0
2021-11-17,2.8,2.8,2.8,2.8,0
2021-11-18,2.8,2.8,2.8,2.8,0
2021-11-19,2.8,2.8,2.8,2.8,0
2021-11-22,2.8,2.8,2.8,2.8,0
2021-11-23,2.8,2.8,2.8,2.8,0
2021-11-24,2.8,2.8,2.8,2.8,0
2021-11-25,2.8,2.8,2.8,2.8,0
2021-11-26,2.8,2.8,2.8,2.8,0
2021-11-29,2.8,2.8,2.8,2.8,0
2021-11-30,2.8,2.8,2.8,2.8,0
2021-12-01,2.8,2.8,2.8,2.8,0
2021-12-02,2.8,2.8,2.8,2.8,0
2021-12-03,2.8,2.8,2.8,2.8,0
2021-12-06,2.8,2.8,2.8,2.8,0
2021-12-07,2.8,2.8,2.8,2.8,0
2021-12-08,2.8,2.8,2.8,2.8,0
2021-12-09,2.8,2.8,2.8,2.8,0
2021-12-10,2.8,2.8,2.8,2.8,0
2021-12-13,2.8,2.8,2.8,2.8,0
2021-12-14,2.8,2.8,2.8,2.8,0
2021-12-15,2.8,2.8,2.8,2.8,0
2021-12-16,2.8,2.8,2.8,2.8,0
2021-12-17,2.8,2.8,2.8,2.8,0
2021-12-20,2.8,2.8,2.8,2.8,0
2021-12-21,2.8,2.8,2.8,2.8,0
2021-12-22,2.8,2.8,2.8,2.8,0
2021-12-23,2.8,2.8,2.8,2.8,0
2021-12-24,2.8,2.8,2.8,2.8,0
2021-12-27,2.8,2.8,2.8,2.8,0
2021-12-28,2.8,2.8,2.8,2.8,0
2021-12-29,2.8,2.8,2.8,2.8,0
2021-12-30,2.8,2.8,2.8,2.8,0
2021-12-31,2.8,2.8,2.8,2.8,0
2022-01-04,2.8,2.8,2.8,2.8,0
2022-01-05,2.8,2.8,2.8,2.8,0
2022-01-06,2.8,2.8,2.8,2.8,0
2022-01-07,2.8,2.8,2.8,2.8,0
2022-01-10,2.8,2.8,2.8,2.8,0
2022-01-11,2.8,2.8,2.8,2.8,0
2022-01-12,2.8,2.8,2.8,2.8,0
2022-01-13,2.8,2.8,2.8,2.8,0
2022-01-14,2.8,2.8,2.8,2.8,0
2022-01-17,2.8,2.8,2.8,2.8,0
2022-01-18,2.8,2.8,2.8,2.8,0
2022-01-19,2.8,2.8,2.8,2.8,0
2022-01-20,2.8,2.8,2.8,2.8,0
2022-01-21,2.8,2.8,2.8,2.8,0
2022-01-24,2.8,2.8,2.8,2.8,0
2022-01-25,2.8,2.8,2.8,2.8,0
2022-01-26,2.8,2.8,2.8,2.8,0
2022-01-27,2.8,2.8,2.8,2.8,0
2022-01-28,2.8,2.8,2.8,2.8,0
2022-02-07,2.8,2.8,2.8,2.8,0
2022-02-08,2.8,2.8,2.8,2.8,0
2022-02-09,2.8,2.8,2.8,2.8,0
2022-02-10,2.8,2.8,2.8,2.8,0
2022-02-11,2.8,2.8,2.8,2.8,0
2022-02-14,2.8,2.8,2.8,2.8,0
2022-02-15,2.8,2.8,2.8,2.8,0
2022-02-16,2.8,2.8,2.8,2.8,0
2022-02-17,2.8,2.8,2.8,2.8,0
2022-02-18,2.8,2.8,2.8,2.8,0
2022-02-21,2.8,2.8,2.8,2.8,0
2022-02-22,2.8,2.8,2.8,2.8,0
2022-02-23,2.8,2.8,2.8,2.8,0
2022-02-24,2.8,2.8,2.8,2.8,0
2022-02-25,2.8,2.8,2.8,2.8,0
2022-02-28,2.8,2.8,2.8,2.8,0
2022-03-01,2.8,2.8,2.8,2.8,0
2022-03-02,2.8,2.8,2.8,2.8,0
2022-03-03,2.8,2.8,2.8,2.8,0
2022-03-04,2.8,2.8,2.8,2.8,0
2022-03-07,2.8,2.8,2.8,2.8,0
2022-03-08,2.8,2.8,2.8,2.8,0
2022-03-09,2.8,2.8,2.8,2.8,0
2022-03-10,2.8,2.8,2.8,2.8,0
2022-03-11,2.8,2.8,2.8,2.8,0
2022-03-14,2.8,2.8,2.8,2.8,0
2022-03-15,2.8,2.8,2.8,2.8,0
2022-03-16,2.8,2.8,2.8,2.8,0
2022-03-17,2.8,2.8,2.8,2.8,0
2022-03-18,2.8,2.8,2.8,2.8,0
2022-03-21,2.8,2.8,2.8,2.8,0
2022-03-22,2.8,2.8,2.8,2.8,0
2022-03-23,2.8,2.8,2.8,2.8,0
2022-03-24,2.8,2.8,2.8,2.8,0
2022-03-25,2.8,2.8,2.8,2.8,0
2022-03-28,2.8,2.8,2.8,2.8,0
2022-03-29,2.8,2.8,2.8,2.8,0
2022-03-30,2.8,2.8,2.8,2.8,0
2022-03-31,2.8,2.8,2.8,2.8,0
2022-04-01,2.8,2.8,2.8,2.8,0
2022-04-04,2.8,2.8,2.8,2.8,0
2022-04-05,2.8,2.8,2.8,2.8,0
2022-04-06,2.8,2.8,2.8,2.8,0
2022-04-07,2.8,2.8,2.8,2.8,0
2022-04-08,2.8,2.8,2.8,2.8,0
2022-04-12,2.8,2.8,2.8,2.8,0
2022-04-13,2.8,2.8,2.8,2.8,0
2022-04-14,2.8,2.8,2.8,2.8,0
2022-04-15,2.8,2.8,2.8,2.8,0
2022-04-18,2.8,2.8,2.8,2.8,0
2022-04-19,2.8,2.8,2.8,2.8,0
2022-04-20,2.8,2.8,2.8,2.8,0
2022-04-21,2.8,2.8,2.8,2.8,0
2022-04-22,2.8,2.8,2.8,2.8,0
2022-04-25,2.8,2.8,2.8,2.8,0
2022-04-26,2.8,2.8,2.8,2.8,0
2022-04-27,2.8,2.8,2.8,2.8,0
2022-04-28,2.8,2.8,2.8,2.8,0
2022-04-29,2.8,2.8,2.8,2.8,0
2022-05-04,2.8,2.8,2.8,2.8,0
2022-05-05,2.8,2.8,2.8,2.8,0
2022-05-06,2.8,2.8,2.8,2.8,0
2022-05-09,2.8,2.8,2.8,2.8,0
2022-05-10,2.8,2.8,2.8,2.8,0
2022-05-11,2.8,2.8,2.8,2.8,0
2022-05-12,2.8,2.8,2.8,2.8,0
2022-05-13,2.8,2.8,2.8,2.8,0
2022-05-16,2.8,2.8,2.8,2.8,0
2022-05-17,2.8,2.8,2.8,2.8,0
2022-05-18,2.8,2.8,2.8,2.8,0
2022-05-19,2.8,2.8,2.8,2.8,0
2022-05-20,2.8,2.8,2.8,2.8,0
2022-05-23,2.8,2.8,2.8,2.8,0
2022-05-24,2.8,2.8,2.8,2.8,0
2022-05-25,2.8,2.8,2.8,2.8,0
2022-05-26,2.8,2.8,2.8,2.8,0
2022-05-27,2.8,2.8,2.8,2.8,0
2022-05-30,2.8,2.8,2.8,2.8,0
2022-05-31,2.8,2.8,2.8,2.8,0
2022-06-01,2.8,2.8,2.8,2.8,0
2022-06-02,2.8,2.8,2.8,2.8,0
2022-06-03,2.8,2.8,2.8,2.8,0
2022-06-06,2.8,2.8,2.8,2.8,0
2022-06-07,2.8,2.8,2.8,2.8,0
2022-06-08,2.8,2.8,2.8,2.8,0
2022-06-09,2.8,2.8,2.8,2.8,0
2022-06-10,2.8,2.8,2.8,2.8,0
2022-06-13,2.8,2.8,2.8,2.8,0
2022-06-14,2.8,2.8,2.8,2.8,0
2022-06-15,2.8,2.8,2.8,2.8,0
2022-06-16,2.8,2.8,2.8,2.8,0
2022-06-17,2.8,2.8,2.8,2.8,0
2022-06-20,2.8,2.8,2.8,2.8,0
2022-06-21,2.8,2.8,2.8,2.8,0
2022-06-22,2.8,2.8,2.8,2.8,0
2022-06-23,2.8,2.8,2.8,2.8,0
2022-06-24,2.8,2.8,2.8,2.8,0
2022-06-27,2.8,2.8,2.8,2.8,0
2022-06-28,2.8,2.8,2.8,2.8,0
2022-06-29,2.8,2.8,2.8,2.8,0
2022-06-30,2.8,2.8,2.8,2.8,0
2022-07-01,2.8,2.8,2.8,2.8,0
2022-07-04,2.8,2.8,2.8,2.8,0
2022-07-05,2.8,2.8,2.8,2.8,0
2022-07-06,2.8,2.8,2.8,2.8,0
2022-07-07,2.8,2.8,2.8,2.8,0
2022-07-08,2.8,2.8,2.8,2.8,0
2022-07-11,2.8,2.8,2.8,2.8,0
2022-07-12,2.8,2.8,2.8,2.8,0
2022-07-13,2.8,2.8,2.8,2.8,0
2022-07-14,2.8,2.8,2.8,2.8,0
2022-07-15,2.8,2.8,2.8,2.8,0
2022-07-18,2.8,2.8,2.8,2.8,0
2022-07-19,2.8,2.8,2.8,2.8,0
2022-07-20,2.8,2.8,2.8,2.8,0
2022-07-21,2.8,2.8,2.8,2.8,0
2022-07-22,2.8,2.8,2.8,2.8,0
2022-07-25,2.8,2.8,2.8,2.8,0
2022-07-26,2.8,2.8,2.8,2.8,0
2022-07-27,2.8,2.8,2.8,2.8,0
2022-07-28,2.8,2.8,2.8,2.8,0
2022-07-29,2.8,2.8,2.8,2.8,0
2022-08-01,2.8,2.8,2.8,2.8,0
2022-08-02,2.8,2.8,2.8,2.8,0
2022-08-03,2.8,2.8,2.8,2.8,0
2022-08-04,2.8,2.8,2.8,2.8,0
2022-08-05,2.8,2.8,2.8,2.8,0
2022-08-08,2.8,2.8,2.8,2.8,0
2022-08-09,2.8,2.8,2.8,2.8,0
2022-08-10,2.8,2.8,2.8,2.8,0
2022-08-11,2.8,2.8,2.8,2.8,0
2022-08-12,2.8,2.8,2.8,2.8,0
2022-08-15,2.8,2.8,2.8,2.8,0
2022-08-16,2.8,2.8,2.8,2.8,0
2022-08-17,2.8,2.8,2.8,2.8,0
2022-08-18,2.8,2.8,2.8,2.8,0
2022-08-19,2.8,2.8,2.8,2.8,0
2022-08-22,2.8,2.8,2.8,2.8,0
2022-08-23,2.8,2.8,2.8,2.8,0
2022-08-24,2.8,2.8,2.8,2.8,0
2022-08-25,2.8,2.8,2.8,2.8,0
2022-08-26,2.8,2.8,2.8,2.8,0
2022-08-29,2.8,2.8,2.8,2.8,0
2022-08-30,2.8,2.8,2.8,2.8,0
2022-08-31,2.8,2.8,2.8,2.8,0
2022-09-05,2.8,2.8,2.8,2.8,0
2022-09-06,2.8,2.8,2.8,2.8,0
2022-09-07,2.8,2.8,2.8,2.8,0
2022-09-08,2.8,2.8,2.8,2.8,0
2022-09-09,2.8,2.8,2.8,2.8,0
2022-09-12,2.8,2.8,2.8,2.8,0
2022-09-13,2.8,2.8,2.8,2.8,0
2022-09-14,2.8,2.8,2.8,2.8,0
2022-09-15,2.8,2.8,2.8,2.8,0
2022-09-16,2.8,2.8,2.8,2.8,0
2022-09-19,2.8,2.8,2.8,2.8,0
2022-09-20,2.8,2.8,2.8,2.8,0
2022-09-21,2.8,2.8,2.8,2.8,0
2022-09-22,2.8,2.8,2.8,2.8,0
2022-09-23,2.8,2.8,2.8,2.8,0
2022-09-26,2.8,2.8,2.8,2.8,0
2022-09-27,2.8,2.8,2.8,2.8,0
2022-09-28,2.8,2.8,2.8,2.8,0
2022-09-29,2.8,2.8,2.8,2.8,0
2022-09-30,2.8,2.8,2.8,2.8,0
2022-10-03,2.8,2.8,2.8,2.8,0
2022-10-04,2.8,2.8,2.8,2.8,0
2022-10-05,2.8,2.8,2.8,2.8,0
2022-10-06,2.8,2.8,2.8,2.8,0
2022-10-07,2.8,2.8,2.8,2.8,0
2022-10-10,2.8,2.8,2.8,2.8,0
2022-10-11,2.8,2.8,2.8,2.8,0
2022-10-12,2.8,2.8,2.8,2.8,0
2022-10-13,2.8,2.8,2.8,2.8,0
2022-10-14,2.8,2.8,2.8,2.8,0
2022-10-17,2.8,2.8,2.8,2.8,0
2022-10-18,2.8,2.8,2.8,2.8,0
2022-10-19,2.8,2.8,2.8,2.8,0
2022-10-20,2.8,2.8,2.8,2.8,0
2022-10-21,2.8,2.8,2.8,2.8,0
2022-10-24,2.8,2.8,2.8,2.8,0
2022-10-25,2.8,2.8,2.8,2.8,0
2022-10-26,2.8,2.8,2.8,2.8,0
2022-10-27,2.8,2.8,2.8,2.8,0
2022-10-28,2.8,2.8,2.8,2.8,0
2022-10-31,2.8,2.8,2.8,2.8,0
2022-11-01,2.8,2.8,2.8,2.8,0
2022-11-02,2.8,2.8,2.8,2.8,0
2022-11-03,2.8,2.8,2.8,2.8,0
2022-11-04,2.8,2.8,2.8,2.8,0
2022-11-07,2.8,2.8,2.8,2.8,0
2022-11-08,2.8,2.8,2.8,2.8,0
2022-11-09,2.8,2.8,2.8,2.8,0
2022-11-10,2.8,2.8,2.8,2.8,0
2022-11-11,2.8,2.8,2.8,2.8,0
2022-11-14,2.8,2.8,2.8,2.8,0
2022-11-15,2.8,2.8,2.8,2.8,0
2022-11-16,2.8,2.8,2.8,2.8,0
2022-11-17,2.8,2.8,2.8,2.8,0
2022-11-18,2.8,2.8,2.8,2.8,0
2022-11-21,2.8,2.8,2.8,2.8,0
2022-11-22,2.8,2.8,2.8,2.8,0
2022-11-23,2.8,2.8,2.8,2.8,0
2022-11-24,2.8,2.8,2.8,2.8,0
2022-11-25,2.8,2.8,2.8,2.8,0
2022-11-28,2.8,2.8,2.8,2.8,0
2022-11-29,2.8,2.8,2.8,2.8,0
2022-11-30,2.8,2.8,2.8,2.8,0
2022-12-01,2.8,2.8,2.8,2.8,0
2022-12-02,2.8,2.8,2.8,2.8,0
2022-12-05,2.8,2.8,2.8,2.8,0
2022-12-06,2.8,2.8,2.8,2.8,0
2022-12-07,2.8,2.8,2.8,2.8,0
2022-12-08,2.8,2.8,2.8,2.8,0
2022-12-09,2.8,2.8,2.8,2.8,0
2022-12-12,2.8,2.8,2.8,2.8,0
2022-12-13,2.8,2.8,2.8,2.8,0
2022-12-14,2.8,2.8,2.8,2.8,0
2022-12-15,2.8,2.8,2.8,2.8,0
2022-12-16,2.8,2.8,2.8,2.8,0
2022-12-19,2.8,2.8,2.8,2.8,0
2022-12-20,2.8,2.8,2.8,2.8,0
2022-12-21,2.8,2.8,2.8,2.8,0
2022-12-22,2.8,2.8,2.8,2.8,0
2022-12-23,2.8,2.8,2.8,2.8,0
2022-12-26,2.8,2.8,2.8,2.8,0
2022-12-27,2.8,2.8,2.8,2.8,0
2022-12-28,2.8,2.8,2.8,2.8,0
2022-12-29,2.8,2.8,2.8,2.8,0
2022-12-30,2.8,2.8,2.8,2.8,0
2023-01-03,2.8,2.8,2.8,2.8,0
2023-01-04,2.8,2.8,2.8,2.8,0
2023-01-05,2.8,2.8,2.8,2.8,0
2023-01-06,2.8,2.8,2.8,2.8,0
2023-01-09,2.8,2.8,2.8,2.8,0
2023-01-10,2.8,2.8,2.8,2.8,0
2023-01-11,2.8,2.8,2.8,2.8,0
2023-01-12,2.8,2.8,2.8,2.8,0
2023-01-13,2.8,2.8,2.8,2.8,0
2023-01-16,2.8,2.8,2.8,2.8,0
2023-01-17,2.8,2.8,2.8,2.8,0
2023-01-18,2.8,2.8,2.8,2.8,0
2023-01-19,2.8,2.8,2.8,2.8,0
2023-01-27,2.8,2.8,2.8,2.8,0
2023-01-30,2.8,2.8,2.8,2.8,0
2023-01-31,2.8,2.8,2.8,2.8,0
2023-02-01,2.8,2.8,2.8,2.8,0
2023-02-02,2.8,2.8,2.8,2.8,0
2023-02-03,2.8,2.8,2.8,2.8,0
2023-02-06,2.8,2.8,2.8,2.8,0
2023-02-07,2.8,2.8,2.8,2.8,0
2023-02-08,2.8,2.8,2.8,2.8,0
2023-02-09,2.8,2.8,2.8,2.8,0
2023-02-10,2.8,2.8,2.8,2.8,0
2023-02-13,2.8,2.8,2.8,2.8,0
2023-02-14,2.8,2.8,2.8,2.8,0
2023-02-15,2.8,2.8,2.8,2.8,0
2023-02-16,2.8,2.8,2.8,2.8,0
2023-02-17,2.8,2.8,2.8,2.8,0
2023-02-20,2.8,2.8,2.8,2.8,0
2023-02-21,2.8,2.8,2.8,2.8,0
2023-02-22,2.8,2.8,2.8,2.8,0
2023-02-23,2.8,2.8,2.8,2.8,0
2023-02-24,2.8,2.8,2.8,2.8,0
2023-02-27,2.8,2.8,2.8,2.8,0
2023-02-28,2.8,2.8,2.8,2.8,0
2023-03-01,2.8,2.8,2.8,2.8,0
2023-03-02,2.8,2.8,2.8,2.8,0
2023-03-03,2.8,2.8,2.8,2.8,0
2023-03-06,2.8,2.8,2.8,2.8,0
2023-03-07,2.8,2.8,2.8,2.8,0
2023-03-08,2.8,2.8,2.8,2.8,0
2023-03-09,2.8,2.8,2.8,2.8,0
2023-03-10,2.8,2.8,2.8,2.8,0
2023-03-13,2.8,2.8,2.8,2.8,0
2023-03-14,2.8,2.8,2.8,2.8,0
2023-03-15,2.8,2.8,2.8,2.8,0
2023-03-16,2.8,2.8,2.8,2.8,0
2023-03-17,2.8,2.8,2.8,2.8,0
2023-03-20,2.8,2.8,2.8,2.8,0
2023-03-21,2.8,2.8,2.8,2.8,0
2023-03-22,2.8,2.8,2.8,2.8,0
2023-03-23,2.8,2.8,2.8,2.8,0
2023-03-24,2.8,2.8,2.8,2.8,0
2023-03-27,2.8,2.8,2.8,2.8,0
2023-03-28,2.8,2.8,2.8,2.8,0
2023-03-29,2.8,2.8,2.8,2.8,0
2023-03-30,2.8,2.8,2.8,2.8,0
2023-03-31,2.8,2.8,2.8,2.8,0
2023-04-03,2.8,2.8,2.8,2.8,0
2023-04-04,2.8,2.8,2.8,2.8,0
2023-04-05,2.8,2.8,2.8,2.8,0
2023-04-06,2.8,2.8,2.8,2.8,0
2023-04-07,2.8,2.8,2.8,2.8,0
2023-04-10,2.8,2.8,2.8,2.8,0
2023-04-11,2.8,2.8,2.8,2.8,0
2023-04-12,2.8,2.8,2.8,2.8,0
2023-04-13,2.8,2.8,2.8,2.8,0
2023-04-14,2.8,2.8,2.8,2.8,0
2023-04-17,2.8,2.8,2.8,2.8,0
2023-04-18,2.8,2.8,2.8,2.8,0
2023-04-19,2.8,2.8,2.8,2.8,0
2023-04-20,2.8,2.8,2.8,2.8,0
2023-04-21,2.8,2.8,2.8,2.8,0
2023-04-24,2.8,2.8,2.8,2.8,0
2023-04-25,2.8,2.8,2.8,2.8,0
2023-04-26,2.8,2.8,2.8,2.8,0
2023-04-27,2.8,2.8,2.8,2.8,0
2023-04-28,2.8,2.8,2.8,2.8,0
2023-05-04,2.8,2.8,2.8,2.8,0
2023-05-05,2.8,2.8,2.8,2.8,0
2023-05-08,2.8,2.8,2.8,2.8,0
2023-05-09,2.8,2.8,2.8,2.8,0
2023-05-10,2.8,2.8,2.8,2.8,0
2023-05-11,2.8,2.8,2.8,2.8,0
2023-05-12,2.8,2.8,2.8,2.8,0
2023-05-15,2.8,2.8,2.8,2.8,0
2023-05-16,2.8,2.8,2.8,2.8,0
2023-05-17,2.8,2.8,2.8,2.8,0
2023-05-18,2.8,2.8,2.8,2.8,0
2023-05-19,2.8,2.8,2.8,2.8,0
2023-05-22,2.8,2.8,2.8,2.8,0
2023-05-23,2.8,2.8,2.8,2.8,0
2023-05-24,2.8,2.8,2.8,2.8,0
2023-05-25,2.8,2.8,2.8,2.8,0
2023-05-26,2.8,2.8,2.8,2.8,0
2023-05-29,2.8,2.8,2.8,2.8,0
2023-05-30,2.8,2.8,2.8,2.8,0
2023-05-31,2.8,2.8,2.8,2.8,0
2023-06-01,2.8,2.8,2.8,2.8,0
2023-06-02,2.8,2.8,2.8,2.8,0
2023-06-05,2.8,2.8,2.8,2.8,0
2023-06-06,2.8,2.8,2.8,2.8,0
2023-06-07,2.8,2.8,2.8,2.8,0
2023-06-08,2.8,2.8,2.8,2.8,0
2023-06-09,2.8,2.8,2.8,2.8,0
2023-06-12,2.8,2.8,2.8,2.8,0
2023-06-13,2.8,2.8,2.8,2.8,0
2023-06-14,2.8,2.8,2.8,2.8,0
2023-06-15,2.8,2.8,2.8,2.8,0
2023-06-16,2.8,2.8,2.8,2.8,0
2023-06-19,2.8,2.8,2.8,2.8,0
2023-06-20,2.8,2.8,2.8,2.8,0
2023-06-21,2.8,2.8,2.8,2.8,0
2023-06-22,2.8,2.8,2.8,2.8,0
2023-06-23,2.8,2.8,2.8,2.8,0
2023-06-26,2.8,2.8,2.8,2.8,0
2023-06-27,2.8,2.8,2.8,2.8,0
2023-06-28,2.8,2.8,2.8,2.8,0
2023-06-29,2.8,2.8,2.8,2.8,0
2023-06-30,2.8,2.8,2.8,2.8,0
2023-07-03,2.8,2.8,2.8,2.8,0
2023-07-04,2.8,2.8,2.8,2.8,0
2023-07-05,2.8,2.8,2.8,2.8,0
2023-07-06,2.8,2.8,2.8,2.8,0
2023-07-07,2.8,2.8,2.8,2.8,0
2023-07-10,2.8,2.8,2.8,2.8,0
2023-07-11,2.8,2.8,2.8,2.8,0
2023-07-12,2.8,2.8,2.8,2.8,0
2023-07-13,2.8,2.8,2.8,2.8,0
2023-07-14,2.8,2.8,2.8,2.8,0
2023-07-17,2.8,2.8,2.8,2.8,0
2023-07-18,2.8,2.8,2.8,2.8,0
2023-07-19,2.8,2.8,2.8,2.8,0
2023-07-20,2.8,2.8,2.8,2.8,0
2023-07-21,2.8,2.8,2.8,2.8,0
2023-07-24,2.8,2.8,2.8,2.8,0
2023-07-25,2.8,2.8,2.8,2.8,0
2023-07-26,2.8,2.8,2.8,2.8,0
2023-07-27,2.8,2.8,2.8,2.8,0
2023-07-28,2.8,2.8,2.8,2.8,0
2023-07-31,2.8,2.8,2.8,2.8,0
2023-08-01,2.8,2.8,2.8,2.8,0
2023-08-02,2.8,2.8,2.8,2.8,0
2023-08-03,2.8,2.8,2.8,2.8,0
2023-08-04,2.8,2.8,2.8,2.8,0
2023-08-07,2.8,2.8,2.8,2.8,0
2023-08-08,2.8,2.8,2.8,2.8,0
2023-08-09,2.8,2.8,2.8,2.8,0
2023-08-10,2.8,2.8,2.8,2.8,0
2023-08-11,2.8,2.8,2.8,2.8,0
2023-08-14,2.8,2.8,2.8,2.8,0
2023-08-15,2.8,2.8,2.8,2.8,0
2023-08-16,2.8,2.8,2.8,2.8,0
2023-08-17,2.8,2.8,2.8,2.8,0
2023-08-18,2.8,2.8,2.8,2.8,0
2023-08-21,2.8,2.8,2.8,2.8,0
2023-08-22,2.8,2.8,2.8,2.8,0
2023-08-23,2.8,2.8,2.8,2.8,0
2023-08-24,2.8,2.8,2.8,2.8,0
2023-08-25,2.8,2.8,2.8,2.8,0
2023-08-28,2.8,2.8,2.8,2.8,0
2023-08-29,2.8,2.8,2.8,2.8,0
2023-08-30,2.8,2.8,2.8,2.8,0
2023-08-31,2.8,2.8,2.8,2.8,0
2023-09-05,2.8,2.8,2.8,2.8,0
2023-09-06,2.8,2.8,2.8,2.8,0
2023-09-07,2.8,2.8,2.8,2.8,0
2023-09-08,2.8,2.8,2.8,2.8,0
2023-09-11,2.8,2.8,2.8,2.8,0
2023-09-12,2.8,2.8,2.8,2.8,0
2023-09-13,2.8,2.8,2.8,2.8,0
2023-09-14,2.8,2.8,2.8,2.8,0
2023-09-15,2.8,2.8,2.8,2.8,0
2023-09-18,2.8,2.8,2.8,2.8,0
2023-09-19,2.8,2.8,2.8,2.8,0
2023-09-20,2.8,2.8,2.8,2.8,0
2023-09-21,2.8,2.8,2.8,2.8,0
2023-09-22,2.8,2.8,2.8,2.8,0
2023-09-25,2.8,2.8,2.8,2.8,0
2023-09-26,2.8,2.8,2.8,2.8,0
2023-09-27,2.8,2.8,2.8,2.8,0
2023-09-28,2.8,2.8,2.8,2.8,0
2023-09-29,2.8,2.8,2.8,2.8,0
2023-10-02,2.8,2.8,2.8,2.8,0
2023-10-03,2.8,2.8,2.8,2.8,0
2023-10-04,2.8,2.8,2.8,2.8,0
2023-10-05,2.8,2.8,2.8,2.8,0
2023-10-06,2.8,2.8,2.8,2.8,0
2023-10-09,2.8,2.8,2.8,2.8,0
2023-10-10,2.8,2.8,2.8,2.8,0
2023-10-11,2.8,2.8,2.8,2.8,0
2023-10-12,2.8,2.8,2.8,2.8,0
2023-10-13,2.8,2.8,2.8,2.8,0
2023-10-16,2.8,2.8,2.8,2.8,0
2023-10-17,2.8,2.8,2.8,2.8,0
2023-10-18,2.8,2.8,2.8,2.8,0
2023-10-19,2.8,2.8,2.8,2.8,0
2023-10-20,2.8,2.8,2.8,2.8,0
2023-10-23,2.8,2.8,2.8,2.8,0
2023-10-24,2.8,2.8,2.8,2.8,0
2023-10-25,2.8,2.8,2.8,2.8,0
2023-10-26,2.8,2.8,2.8,2.8,0
2023-10-27,2.8,2.8,2.8,2.8,0
2023-10-30,2.8,2.8,2.8,2.8,0
2023-10-31,2.8,2.8,2.8,2.8,0
2023-11-01,2.8,2.8,2.8,2.8,0
2023-11-02,2.8,2.8,2.8,2.8,0
2023-11-03,2.8,2.8,2.8,2.8,0
2023-11-06,2.8,2.8,2.8,2.8,0
2023-11-07,2.8,2.8,2.8,2.8,0
2023-11-08,2.8,2.8,2.8,2.8,0
2023-11-09,2.8,2.8,2.8,2.8,0
2023-11-10,2.8,2.8,2.8,2.8,0
2023-11-13,2.8,2.8,2.8,2.8,0
2023-11-14,2.8,2.8,2.8,2.8,0
2023-11-15,2.8,2.8,2.8,2.8,0
2023-11-16,2.8,2.8,2.8,2.8,0
2023-11-17,2.8,2.8,2.8,2.8,0
2023-11-20,2.8,2.8,2.8,2.8,0
2023-11-21,2.8,2.8,2.8,2.8,0
2023-11-22,2.8,2.8,2.8,2.8,0
2023-11-23,2.8,2.8,2.8,2.8,0
2023-11-24,2.8,2.8,2.8,2.8,0
2023-11-27,2.8,2.8,2.8,2.8,0
2023-11-28,2.8,2.8,2.8,2.8,0
2023-11-29,2.8,2.8,2.8,2.8,0
2023-11-30,2.8,2.8,2.8,2.8,0
2023-12-01,2.8,2.8,2.8,2.8,0
2023-12-04,2.8,2.8,2.8,2.8,0
2023-12-05,2.8,2.8,2.8,2.8,0
2023-12-06,2.8,2.8,2.8,2.8,0
2023-12-07,2.8,2.8,2.8,2.8,0
2023-12-08,2.8,2.8,2.8,2.8,0
2023-12-11,2.8,2.8,2.8,2.8,0
2023-12-12,2.8,2.8,2.8,2.8,0
2023-12-13,2.8,2.8,2.8,2.8,0
2023-12-14,2.8,2.8,2.8,2.8,0
2023-12-15,2.8,2.8,2.8,2.8,0
2023-12-18,2.8,2.8,2.8,2.8,0
2023-12-19,2.8,2.8,2.8,2.8,0
2023-12-20,2.8,2.8,2.8,2.8,0
2023-12-21,2.8,2.8,2.8,2.8,0
2023-12-22,2.8,2.8,2.8,2.8,0
2023-12-25,2.8,2.8,2.8,2.8,0
2023-12-26,2.8,2.8,2.8,2.8,0
2023-12-27,2.8,2.8,2.8,2.8,0
2023-12-28,2.8,2.8,2.8,2.8,0
2023-12-29,2.8,2.8,2.8,2.8,0
2024-01-02,2.8,2.8,2.8,2.8,0
2024-01-03,2.8,2.8,2.8,2.8,0
2024-01-04,2.8,2.8,2.8,2.8,0
2024-01-05,2.8,2.8,2.8,2.8,0
2024-01-08,2.8,2.8,2.8,2.8,0
2024-01-09,2.8,2.8,2.8,2.8,0
2024-01-10,2.8,2.8,2.8,2.8,0
2024-01-11,2.8,2.8,2.8,2.8,0
2024-01-12,2.8,2.8,2.8,2.8,0
2024-01-15,2.8,2.8,2.8,2.8,0
2024-01-16,2.8,2.8,2.8,2.8,0
2024-01-17,2.8,2.8,2.8,2.8,0
2024-01-18,2.8,2.8,2.8,2.8,0
2024-01-19,2.8,2.8,2.8,2.8,0
2024-01-22,2.8,2.8,2.8,2.8,0
2024-01-23,2.8,2.8,2.8,2.8,0
2024-01-24,2.8,2.8,2.8,2.8,0
2024-01-25,2.8,2.8,2.8,2.8,0
2024-01-26,2.8,2.8,2.8,2.8,0
2024-01-29,2.8,2.8,2.8,2.8,0
2024-01-30,2.8,2.8,2.8,2.8,0
2024-01-31,2.8,2.8,2.8,2.8,0
2024-02-01,2.8,2.8,2.8,2.8,0
2024-02-02,2.8,2.8,2.8,2.8,0
2024-02-05,2.8,2.8,2.8,2.8,0
2024-02-06,2.8,2.8,2.8,2.8,0
2024-02-07,2.8,2.8,2.8,2.8,0
2024-02-15,2.8,2.8,2.8,2.8,0
2024-02-16,2.8,2.8,2.8,2.8,0
2024-02-19,2.8,2.8,2.8,2.8,0
2024-02-20,2.8,2.8,2.8,2.8,0
2024-02-21,2.8,2.8,2.8,2.8,0
2024-02-22,2.8,2.8,2.8,2.8,0
2024-02-23,2.8,2.8,2.8,2.8,0
2024-02-26,2.8,2.8,2.8,2.8,0
2024-02-27,2.8,2.8,2.8,2.8,0
2024-02-28,2.8,2.8,2.8,2.8,0
2024-02-29,2.8,2.8,2.8,2.8,0
2024-03-01,2.8,2.8,2.8,2.8,0
2024-03-04,2.8,2.8,2.8,2.8,0
2024-03-05,2.8,2.8,2.8,2.8,0
2024-03-06,2.8,2.8,2.8,2.8,0
2024-03-07,2.8,2.8,2.8,2.8,0
2024-03-08,2.8,2.8,2.8,2.8,0
2024-03-11,2.8,2.8,2.8,2.8,0
2024-03-12,2.8,2.8,2.8,2.8,0
2024-03-13,2.8,2.8,2.8,2.8,0
2024-03-14,2.8,2.8,2.8,2.8,0
2024-03-15,2.8,2.8,2.8,2.8,0
2024-03-18,2.8,2.8,2.8,2.8,0
2024-03-19,2.8,2.8,2.8,2.8,0
2024-03-20,2.8,2.8,2.8,2.8,0
2024-03-21,2.8,2.8,2.8,2.8,0
2024-03-22,2.8,2.8,2.8,2.8,0
2024-03-25,2.8,2.8,2.8,2.8,0
2024-03-26,2.8,2.8,2.8,2.8,0
2024-03-27,2.8,2.8,2.8,2.8,0
2024-03-28,2.8,2.8,2.8,2.8,0
2024-03-29,2.8,2.8,2.8,2.8,0
2024-04-01,2.8,2.8,2.8,2.8,0
2024-04-02,2.8,2.8,2.8,2.8,0
2024-04-03,2.8,2.8,2.8,2.8,0
2024-04-04,2.8,2.8,2.8,2.8,0
2024-04-05,2.8,2.8,2.8,2.8,0
2024-04-08,2.8,2.8,2.8,2.8,0
2024-04-09,2.8,2.8,2.8,2.8,0
2024-04-10,2.8,2.8,2.8,2.8,0
2024-04-11,2.8,2.8,2.8,2.8,0
2024-04-12,2.8,2.8,2.8,2.8,0
2024-04-15,2.8,2.8,2.8,2.8,0
2024-04-16,2.8,2.8,2.8,2.8,0
2024-04-17,2.8,2.8,2.8,2.8,0
2024-04-19,2.8,2.8,2.8,2.8,0
2024-04-22,2.8,2.8,2.8,2.8,0
2024-04-23,2.8,2.8,2.8,2.8,0
2024-04-24,2.8,2.8,2.8,2.8,0
2024-04-25,2.8,2.8,2.8,2.8,0
2024-04-26,2.8,2.8,2.8,2.8,0
2024-05-02,2.8,2.8,2.8,2.8,0
2024-05-03,2.8,2.8,2.8,2.8,0
2024-05-06,2.8,2.8,2.8,2.8,0
2024-05-07,2.8,2.8,2.8,2.8,0
2024-05-08,2.8,2.8,2.8,2.8,0
2024-05-09,2.8,2.8,2.8,2.8,0
2024-05-10,2.8,2.8,2.8,2.8,0
2024-05-13,2.8,2.8,2.8,2.8,0
2024-05-14,2.8,2.8,2.8,2.8,0
2024-05-15,2.8,2.8,2.8,2.8,0
2024-05-16,2.8,2.8,2.8,2.8,0
2024-05-17,2.8,2.8,2.8,2.8,0
2024-05-20,2.8,2.8,2.8,2.8,0
2024-05-21,2.8,2.8,2.8,2.8,0
2024-05-22,2.8,2.8,2.8,2.8,0
2024-05-23,2.8,2.8,2.8,2.8,0
2024-05-24,2.8,2.8,2.8,2.8,0
2024-05-27,2.8,2.8,2.8,2.8,0
2024-05-28,2.8,2.8,2.8,2.8,0
2024-05-29,2.8,2.8,2.8,2.8,0
2024-05-30,2.8,2.8,2.8,2.8,0
2024-05-31,2.8,2.8,2.8,2.8,0
2024-06-03,2.8,2.8,2.8,2.8,0
2024-06-04,2.8,2.8,2.8,2.8,0
2024-06-05,2.8,2.8,2.8,2.8,0
2024-06-06,2.8,2.8,2.8,2.8,0
2024-06-07,2.8,2.8,2.8,2.8,0
2024-06-10,2.8,2.8,2.8,2.8,0
2024-06-11,2.8,2.8,2.8,2.8,0
2024-06-12,2.8,2.8,2.8,2.8,0
2024-06-13,2.8,2.8,2.8,2.8,0
2024-06-14,2.8,2.8,2.8,2.8,0
2024-06-17,2.8,2.8,2.8,2.8,0
2024-06-18,2.8,2.8,2.8,2.8,0
2024-06-19,2.8,2.8,2.8,2.8,0
2024-06-20,2.8,2.8,2.8,2.8,0
2024-06-21,2.8,2.8,2.8,2.8,0
2024-06-24,2.8,2.8,2.8,2.8,0
2024-06-25,2.8,2.8,2.8,2.8,0
2024-06-26,2.8,2.8,2.8,2.8,0
2024-06-27,2.8,2.8,2.8,2.8,0
2024-06-28,2.8,2.8,2.8,2.8,0
2024-07-01,2.8,2.8,2.8,2.8,0
2024-07-02,2.8,2.8,2.8,2.8,0
2024-07-03,2.8,2.8,2.8,2.8,0
2024-07-04,2.8,2.8,2.8,2.8,0
2024-07-05,2.8,2.8,2.8,2.8,0
2024-07-08,2.8,2.8,2.8,2.8,0
2024-07-09,2.8,2.8,2.8,2.8,0
2024-07-10,2.8,2.8,2.8,2.8,0
2024-07-11,2.8,2.8,2.8,2.8,0
2024-07-12,2.8,2.8,2.8,2.8,0
2024-07-15,2.8,2.8,2.8,2.8,0
2024-07-16,2.8,2.8,2.8,2.8,0
2024-07-17,2.8,2.8,2.8,2.8,0
2024-07-18,2.8,2.8,2.8,2.8,0
2024-07-19,2.8,2.8,2.8,2.8,0
2024-07-22,2.8,2.8,2.8,2.8,0
2024-07-23,2.8,2.8,2.8,2.8,0
2024-07-24,2.8,2.8,2.8,2.8,0
2024-07-25,2.8,2.8,2.8,2.8,0
2024-07-26,2.8,2.8,2.8,2.8,0
2024-07-29,2.8,2.8,2.8,2.8,0
2024-07-30,2.8,2.8,2.8,2.8,0
2024-07-31,2.8,2.8,2.8,2.8,0
2024-08-01,2.8,2.8,2.8,2.8,0
2024-08-02,2.8,2.8,2.8,2.8,0
2024-08-05,2.8,2.8,2.8,2.8,0
2024-08-06,2.8,2.8,2.8,2.8,0
2024-08-07,2.8,2.8,2.8,2.8,0
2024-08-08,2.8,2.8,2.8,2.8,0
2024-08-09,2.8,2.8,2.8,2.8,0
2024-08-12,2.8,2.8,2.8,2.8,0
2024-08-13,2.8,2.8,2.8,2.8,0
2024-08-14,2.8,2.8,2.8,2.8,0
2024-08-15,2.8,2.8,2.8,2.8,0
2024-08-16,2.8,2.8,2.8,2.8,0
2024-08-19,2.8,2.8,2.8,2.8,0
2024-08-20,2.8,2.8,2.8,2.8,0
2024-08-21,2.8,2.8,2.8,2.8,0
2024-08-22,2.8,2.8,2.8,2.8,0
2024-08-23,2.8,2.8,2.8,2.8,0
2024-08-26,2.8,2.8,2.8,2.8,0
2024-08-27,2.8,2.8,2.8,2.8,0
2024-08-28,2.8,2.8,2.8,2.8,0
2024-08-29,2.8,2.8,2.8,2.8,0
2024-08-30,2.8,2.8,2.8,2.8,0
2024-09-04,2.8,2.8,2.8,2.8,0
2024-09-05,2.8,2.8,2.8,2.8,0
2024-09-06,2.8,2.8,2.8,2.8,0
2024-09-09,2.8,2.8,2.8,2.8,0
2024-09-10,2.8,2.8,2.8,2.8,0
2024-09-11,2.8,2.8,2.8,2.8,0
2024-09-12,2.8,2.8,2.8,2.8,0
2024-09-13,2.8,2.8,2.8,2.8,0
2024-09-16,2.8,2.8,2.8,2.8,0
2024-09-17,2.8,2.8,2.8,2.8,0
2024-09-18,2.8,2.8,2.8,2.8,0
2024-09-19,2.8,2.8,2.8,2.8,0
2024-09-20,2.8,2.8,2.8,2.8,0
2024-09-23,2.8,2.8,2.8,2.8,0
2024-09-24,2.8,2.8,2.8,2.8,0
2024-09-25,2.8,2.8,2.8,2.8,0
2024-09-26,2.8,2.8,2.8,2.8,0
2024-09-27,2.8,2.8,2.8,2.8,0
2024-09-30,2.8,2.8,2.8,2.8,0
2024-10-01,2.8,2.8,2.8,2.8,0
2024-10-02,2.8,2.8,2.8,2.8,0
2024-10-03,2.8,2.8,2.8,2.8,0
2024-10-04,2.8,2.8,2.8,2.8,0
2024-10-07,2.8,2.8,2.8,2.8,0
2024-10-08,2.8,2.8,2.8,2.8,0
2024-10-09,2.8,2.8,2.8,2.8,0
2024-10-10,2.8,2.8,2.8,2.8,0
2024-10-11,2.8,2.8,2.8,2.8,0
2024-10-14,2.8,2.8,2.8,2.8,0
2024-10-15,2.8,2.8,2.8,2.8,0
2024-10-16,2.8,2.8,2.8,2.8,0
2024-10-17,2.8,2.8,2.8,2.8,0
2024-10-18,2.8,2.8,2.8,2.8,0
2024-10-21,2.8,2.8,2.8,2.8,0
2024-10-22,2.8,2.8,2.8,2.8,0
2024-10-23,2.8,2.8,2.8,2.8,0
2024-10-24,2.8,2.8,2.8,2.8,0
2024-10-25,2.8,2.8,2.8,2.8,0
2024-10-28,2.8,2.8,2.8,2.8,0
2024-10-29,2.8,2.8,2.8,2.8,0
2024-10-30,2.8,2.8,2.8,2.8,0
2024-10-31,2.8,2.8,2.8,2.8,0
2024-11-01,2.8,2.8,2.8,2.8,0
2024-11-04,2.8,2.8,2.8,2.8,0
2024-11-05,2.8,2.8,2.8,2.8,0
2024-11-06,2.8,2.8,2.8,2.8,0
2024-11-07,2.8,2.8,2.8,2.8,0
2024-11-08,2.8,2.8,2.8,2.8,0
2024-11-11,2.8,2.8,2.8,2.8,0
2024-11-12,2.8,2.8,2.8,2.8,0
2024-11-13,2.8,2.8,2.8,2.8,0
2024-11-14,2.8,2.8,2.8,2.8,0
2024-11-15,2.8,2.8,2.8,2.8,0
2024-11-18,2.8,2.8,2.8,2.8,0
2024-11-19,2.8,2.8,2.8,2.8,0
2024-11-20,2.8,2.8,2.8,2.8,0
2024-11-21,2.8,2.8,2.8,2.8,0
2024-11-22,2.8,2.8,2.8,2.8,0
2024-11-25,2.8,2.8,2.8,2.8,0
2024-11-26,2.8,2.8,2.8,2.8,0
2024-11-27,2.8,2.8,2.8,2.8,0
2024-11-28,2.8,2.8,2.8,2.8,0
2024-11-29,2.8,2.8,2.8,2.8,0
2024-12-02,2.8,2.8,2.8,2.8,0
2024-12-03,2.8,2.8,2.8,2.8,0
2024-12-04,2.8,2.8,2.8,2.8,0
2024-12-05,2.8,2.8,2.8,2.8,0
2024-12-06,2.8,2.8,2.8,2.8,0
2024-12-09,2.8,2.8,2.8,2.8,0
2024-12-10,2.8,2.8,2.8,2.8,0
2024-12-11,2.8,2.8,2.8,2.8,0
2024-12-12,2.8,2.8,2.8,2.8,0
2024-12-13,2.8,2.8,2.8,2.8,0
2024-12-16,2.8,2.8,2.8,2.8,0
2024-12-17,2.8,2.8,2.8,2.8,0
2024-12-18,2.8,2.8,2.8,2.8,0
2024-12-19,2.8,2.8,2.8,2.8,0
2024-12-20,2.8,2.8,2.8,2.8,0
2024-12-23,2.8,2.8,2.8,2.8,0
2024-12-24,2.8,2.8,2.8,2.8,0
2024-12-25,2.8,2.8,2.8,2.8,0
2024-12-26,2.8,2.8,2.8,2.8,0
2024-12-27,2.8,2.8,2.8,2.8,0
2024-12-30,2.8,2.8,2.8,2.8,0
2024-12-31,2.8,2.8,2.8,2.8,0
2025-01-02,2.8,2.8,2.8,2.8,0
2025-01-03,2.8,2.8,2.8,2.8,0
2025-01-06,2.8,2.8,2.8,2.8,0
2025-01-07,2.8,2.8,2.8,2.8,0
2025-01-08,2.8,2.8,2.8,2.8,0
2025-01-09,2.8,2.8,2.8,2.8,0
2025-01-10,2.8,2.8,2.8,2.8,0
2025-01-13,2.8,2.8,2.8,2.8,0
2025-01-14,2.8,2.8,2.8,2.8,0
2025-01-15,2.8,2.8,2.8,2.8,0
2025-01-16,2.8,2.8,2.8,2.8,0
2025-01-17,2.8,2.8,2.8,2.8,0
2025-01-20,2.8,2.8,2.8,2.8,0
2025-01-21,2.8,2.8,2.8,2.8,0
2025-01-22,2.8,2.8,2.8,2.8,0
2025-01-23,2.8,2.8,2.8,2.8,0
2025-01-24,2.8,2.8,2.8,2.8,0
2025-02-03,2.8,2.8,2.8,2.8,0
2025-02-04,2.8,2.8,2.8,2.8,0
2025-02-05,2.8,2.8,2.8,2.8,0
2025-02-06,2.8,2.8,2.8,2.8,0
2025-02-07,2.8,2.8,2.8,2.8,0
2025-02-10,2.8,2.8,2.8,2.8,0
2025-02-11,2.8,2.8,2.8,2.8,0
2025-02-12,2.8,2.8,2.8,2.8,0
2025-02-13,2.8,2.8,2.8,2.8,0
2025-02-14,2.8,2.8,2.8,2.8,0
2025-02-17,2.8,2.8,2.8,2.8,0
2025-02-18,2.8,2.8,2.8,2.8,0
2025-02-19,2.8,2.8,2.8,2.8,0
2025-02-20,2.8,2.8,2.8,2.8,0
2025-02-21,2.8,2.8,2.8,2.8,0
2025-02-24,2.8,2.8,2.8,2.8,0
2025-02-25,2.8,2.8,2.8,2.8,0
2025-02-26,2.8,2.8,2.8,2.8,0
2025-02-27,2.8,2.8,2.8,2.8,0
2025-02-28,2.8,2.8,2.8,2.8,0
2025-03-03,2.8,2.8,2.8,2.8,0
2025-03-04,2.8,2.8,2.8,2.8,0
2025-03-05,2.8,2.8,2.8,2.8,0
2025-03-06,2.8,2.8,2.8,2.8,0
2025-03-07,2.8,2.8,2.8,2.8,0
2025-03-10,2.8,2.8,2.8,2.8,0
2025-03-11,2.8,2.8,2.8,2.8,0
2025-03-12,2.8,2.8,2.8,2.8,0
2025-03-13,2.8,2.8,2.8,2.8,0
2025-03-14,2.8,2.8,2.8,2.8,0
2025-03-17,2.8,2.8,2.8,2.8,0
2025-03-18,2.8,2.8,2.8,2.8,0
2025-03-19,2.8,2.8,2.8,2.8,0
2025-03-20,2.8,2.8,2.8,2.8,0
2025-03-21,2.8,2.8,2.8,2.8,0
2025-03-24,2.8,2.8,2.8,2.8,0
2025-03-25,2.8,2.8,2.8,2.8,0
2025-03-26,2.8,2.8,2.8,2.8,0
2025-03-27,2.8,2.8,2.8,2.8,0
2025-03-28,2.8,2.8,2.8,2.8,0
2025-03-31,2.8,2.8,2.8,2.8,0
2025-04-01,2.8,2.8,2.8,2.8,0
2025-04-02,2.8,2.8,2.8,2.8,0
2025-04-03,2.8,2.8,2.8,2.8,0
2025-04-04,2.8,2.8,2.8,2.8,0
2025-04-08,2.8,2.8,2.8,2.8,0
2025-04-09,2.8,2.8,2.8,2.8,0
2025-04-10,2.8,2.8,2.8,2.8,0
2025-04-11,2.8,2.8,2.8,2.8,0
2025-04-14,2.8,2.8,2.8,2.8,0
2025-04-15,2.8,2.8,2.8,2.8,0
2025-04-16,2.8,2.8,2.8,2.8,0
2025-04-17,2.8,2.8,2.8,2.8,0
2025-04-18,2.8,2.8,2.8,2.8,0
2025-04-21,2.8,2.8,2.8,2.8,0
2025-04-22,2.8,2.8,2.8,2.8,0
2025-04-23,2.8,2.8,2.8,2.8,0
2025-04-24,2.8,2.8,2.8,2.8,0
2025-04-25,2.8,2.8,2.8,2.8,0
2025-04-28,2.8,2.8,2.8,2.8,0
2025-04-29,2.8,2.8,2.8,2.8,0
2025-05-05,2.8,2.8,2.8,2.8,0
2025-05-06,2.8,2.8,2.8,2.8,0
2025-05-07,2.8,2.8,2.8,2.8,0
2025-05-08,2.8,2.8,2.8,2.8,0
2025-05-09,2.8,2.8,2.8,2.8,0
2025-05-12,2.8,2.8,2.8,2.8,0
2025-05-13,2.8,2.8,2.8,2.8,0
2025-05-14,2.8,2.8,2.8,2.8,0
2025-05-15,2.8,2.8,2.8,2.8,0
2025-05-16,2.8,2.8,2.8,2.8,0
2025-05-19,2.8,2.8,2.8,2.8,0
2025-05-20,2.8,2.8,2.8,2.8,0
2025-05-21,2.8,2.8,2.8,2.8,0
2025-05-22,2.8,2.8,2.8,2.8,0
2025-05-23,2.8,2.8,2.8,2.8,0
2025-05-26,2.8,2.8,2.8,2.8,0
2025-05-27,2.8,2.8,2.8,2.8,0
