time,open,high,low,close,volume
2015-08-18,2.49,2.49,2.49,2.49,2300
2015-08-19,2.84,2.84,2.84,2.84,5100
2015-08-20,3.2,3.2,3.2,3.2,12100
2015-08-21,3.64,3.64,3.64,3.64,20800
2015-08-24,4.08,4.08,3.82,3.82,400
2015-08-25,3.82,3.82,3.82,3.82,100
2015-08-26,3.28,3.28,3.28,3.28,6000
2015-08-27,2.84,2.84,2.84,2.84,100
2015-08-28,2.49,2.49,2.49,2.49,4500
2015-08-31,2.13,2.13,2.13,2.13,12300
2015-09-01,1.86,2.13,1.86,1.86,84300
2015-09-03,2.13,2.13,1.78,2.13,9300
2015-09-04,2.13,2.13,2.04,2.13,7800
2015-09-07,2.22,2.31,2.22,2.31,52000
2015-09-08,2.57,2.57,2.22,2.57,20900
2015-09-09,2.22,2.93,2.22,2.93,38000
2015-09-10,2.75,3.11,2.75,3.11,5700
2015-09-11,2.57,2.57,2.57,2.57,32100
2015-09-14,2.66,2.84,2.22,2.22,18400
2015-09-15,2.57,2.57,2.22,2.22,700
2015-09-16,2.13,2.13,2.04,2.13,15700
2015-09-17,2.31,2.31,2.31,2.31,100
2015-09-18,2.49,2.49,2.13,2.4,11800
2015-09-21,2.13,2.4,2.13,2.4,2800
2015-09-22,2.4,2.4,2.04,2.04,2400
2015-09-23,2.31,2.31,1.95,1.95,8100
2015-09-24,2.22,2.22,2.13,2.22,4200
2015-09-25,2.4,2.4,2.4,2.4,100
2015-09-28,2.49,2.49,2.4,2.4,800
2015-09-29,2.31,2.31,2.31,2.31,16000
2015-09-30,2.13,2.13,2.13,2.13,7500
2015-10-01,2.31,2.31,2.31,2.31,100
2015-10-02,2.22,2.57,2.04,2.04,6600
2015-10-05,2.4,2.4,2.4,2.4,100
2015-10-06,2.49,2.49,2.04,2.04,7200
2015-10-07,2.13,2.13,2.13,2.13,7000
2015-10-08,2.04,2.31,2.04,2.04,1300
2015-10-09,2.04,2.04,1.95,1.95,5000
2015-10-12,2.22,2.22,2.22,2.22,300
2015-10-13,2.04,2.22,1.95,2.22,35200
2015-10-14,1.95,1.95,1.95,1.95,5000
2015-10-15,2.04,2.13,2.04,2.13,400
2015-10-16,2.22,2.22,2.22,2.22,700
2015-10-19,2.22,2.22,2.22,2.22,0
2015-10-20,2.22,2.22,2.22,2.22,0
2015-10-21,2.31,2.31,2.04,2.04,300
2015-10-22,2.04,2.04,2.04,2.04,2000
2015-10-23,2.04,2.04,2.04,2.04,0
2015-10-26,2.22,2.31,2.22,2.31,3500
2015-10-27,2.31,2.31,2.31,2.31,100
2015-10-28,2.49,2.49,2.13,2.13,1400
2015-10-29,2.13,2.4,2.13,2.13,4400
2015-10-30,2.04,2.04,2.04,2.04,500
2015-11-02,2.22,2.22,2.22,2.22,9600
2015-11-03,2.31,2.31,2.13,2.13,21100
2015-11-04,2.04,2.4,2.04,2.31,1600
2015-11-05,2.31,2.31,2.13,2.13,1300
2015-11-06,2.31,2.31,2.31,2.31,16400
2015-11-09,2.22,2.31,2.22,2.22,3300
2015-11-10,2.04,2.04,2.04,2.04,1000
2015-11-11,2.22,2.22,2.22,2.22,300
2015-11-12,2.13,2.22,1.95,2.22,14400
2015-11-13,2.22,2.22,2.22,2.22,0
2015-11-16,2.22,2.31,2.22,2.31,4700
2015-11-17,2.4,2.49,2.4,2.49,26700
2015-11-18,2.75,2.84,2.75,2.84,63200
2015-11-19,3.2,3.2,3.2,3.2,33700
2015-11-20,3.55,3.64,3.55,3.64,7200
2015-11-23,4.17,4.17,3.28,3.99,98100
2015-11-24,3.46,4.26,3.46,4.17,70300
2015-11-25,3.82,4.44,3.82,4.26,50100
2015-11-26,4.08,4.7,4.08,4.44,70800
2015-11-27,4.62,5.06,4.62,4.79,40900
2015-11-30,5.06,5.59,5.06,5.15,86500
2015-12-01,5.68,5.77,5.33,5.41,13700
2015-12-02,5.33,6.12,5.33,5.68,29000
2015-12-03,5.59,5.59,4.97,5.06,20200
2015-12-04,5.24,5.24,4.53,4.53,4700
2015-12-07,3.99,4.08,3.99,3.99,38700
2015-12-08,3.55,3.99,3.46,3.99,22500
2015-12-09,3.91,3.91,3.91,3.91,400
2015-12-10,3.55,3.55,3.46,3.46,10100
2015-12-11,3.46,3.91,3.46,3.91,3500
2015-12-14,3.55,3.55,3.55,3.55,32200
2015-12-15,3.55,3.99,3.55,3.99,200
2015-12-16,3.46,3.99,3.37,3.82,10900
2015-12-17,3.82,4.17,3.82,4.17,34900
2015-12-18,4.44,4.53,4.08,4.53,15700
2015-12-21,4.7,4.88,4.44,4.53,39800
2015-12-22,4.62,4.62,4.35,4.44,29800
2015-12-23,4.44,4.44,4.44,4.44,0
2015-12-24,3.82,3.91,3.82,3.82,16600
2015-12-25,3.46,3.99,3.46,3.99,1800
2015-12-28,3.91,3.91,3.64,3.82,5300
2015-12-29,3.91,4.17,3.91,3.91,24900
2015-12-30,4.17,4.53,4.17,4.26,55200
2015-12-31,4.88,4.88,4.88,4.88,100
2016-01-04,4.35,4.44,4.35,4.44,10600
2016-01-05,4.53,4.53,4.53,4.53,500
2016-01-06,3.91,4.35,3.91,4.26,600
2016-01-07,3.73,3.73,3.55,3.64,23800
2016-01-08,3.99,4.17,3.99,4.17,3000
2016-01-11,3.55,3.91,3.55,3.82,9800
2016-01-12,4.26,4.26,4.08,4.17,14500
2016-01-13,4.44,4.44,4.35,4.35,6000
2016-01-14,4.35,4.35,3.91,3.99,5000
2016-01-15,3.99,3.99,3.99,3.99,25300
2016-01-18,3.73,3.82,3.55,3.64,14000
2016-01-19,3.64,3.64,3.64,3.64,0
2016-01-20,3.73,3.91,3.64,3.91,5800
2016-01-21,3.91,3.99,3.91,3.99,300
2016-01-22,3.99,3.99,3.99,3.99,0
2016-01-25,3.64,3.64,3.64,3.64,1000
2016-01-26,3.55,3.55,3.37,3.37,15600
2016-01-27,3.55,3.55,3.2,3.2,48000
2016-01-28,3.55,3.55,3.55,3.55,100
2016-01-29,3.2,3.2,3.2,3.2,1900
2016-02-01,3.37,3.46,3.28,3.28,75400
2016-02-02,3.37,3.46,3.37,3.37,15900
2016-02-03,3.46,3.46,3.37,3.37,14600
2016-02-04,3.46,3.46,3.02,3.37,17400
2016-02-05,3.28,3.28,3.28,3.28,1100
2016-02-15,3.37,3.73,3.37,3.73,35000
2016-02-16,4.17,4.17,3.99,4.17,37200
2016-02-17,4.79,4.79,4.26,4.26,48800
2016-02-18,4.26,4.26,4.17,4.26,35600
2016-02-19,4.26,4.79,4.17,4.35,95800
2016-02-22,4.7,4.7,4.17,4.17,4600
2016-02-23,4.35,4.35,3.64,3.99,22800
2016-02-24,3.64,4.17,3.55,3.99,7800
2016-02-25,3.73,4.08,3.73,3.99,8700
2016-02-26,3.99,3.99,3.91,3.91,4800
2016-02-29,3.82,3.82,3.73,3.82,10500
2016-03-01,3.99,3.99,3.73,3.99,18000
2016-03-02,3.91,4.17,3.82,3.99,9100
2016-03-03,3.99,3.99,3.99,3.99,0
2016-03-04,3.82,3.82,3.73,3.82,5400
2016-03-07,3.82,3.91,3.73,3.91,23000
2016-03-08,3.82,4.08,3.82,4.08,22600
2016-03-09,4.08,4.08,3.82,3.82,20800
2016-03-10,3.82,3.82,3.64,3.82,35500
2016-03-11,3.91,4.26,3.91,4.26,51100
2016-03-14,4.79,4.79,4.44,4.79,90000
2016-03-15,5.41,5.5,5.06,5.5,316465
2016-03-16,5.41,5.41,4.79,4.88,48900
2016-03-17,4.88,5.59,4.79,5.06,147600
2016-03-18,4.79,5.15,4.7,4.79,51300
2016-03-21,4.7,4.7,4.44,4.7,73900
2016-03-22,4.44,5.15,4.44,5.06,256500
2016-03-23,5.15,5.5,5.06,5.5,162930
2016-03-24,6.04,6.21,6.04,6.21,211315
2016-03-25,6.66,7.1,6.21,7.1,433100
2016-03-28,7.46,7.63,7.46,7.63,102100
2016-03-29,8.7,8.7,8.7,8.7,85400
2016-03-30,9.94,9.94,8.7,8.96,628430
2016-03-31,9.5,9.5,8.25,8.25,96815
2016-04-01,7.1,7.37,7.1,7.1,82200
2016-04-04,6.04,6.66,6.04,6.04,176900
2016-04-05,5.24,7.01,5.24,7.01,130300
2016-04-06,6.92,7.37,6.92,7.1,56900
2016-04-07,7.37,7.37,6.39,6.39,156500
2016-04-08,6.66,6.83,6.39,6.57,92400
2016-04-11,6.83,7.1,6.39,6.83,134500
2016-04-12,6.39,7.1,6.3,6.83,206200
2016-04-13,6.57,6.75,6.21,6.39,77100
2016-04-14,6.3,6.57,6.04,6.12,152300
2016-04-15,6.04,6.21,5.77,5.95,139900
2016-04-19,5.95,6.21,5.77,5.86,25420
2016-04-20,5.5,5.95,5.33,5.68,119700
2016-04-21,5.86,6.48,5.86,6.48,199200
2016-04-22,6.3,6.3,6.12,6.3,68300
2016-04-25,6.12,6.66,5.95,6.12,85100
2016-04-26,6.12,6.39,5.86,6.21,69000
2016-04-27,6.04,6.04,5.77,5.77,67500
2016-04-28,6.04,6.04,5.86,5.86,52400
2016-04-29,5.77,6.12,5.68,6.12,82200
2016-05-04,6.12,6.12,5.68,6.04,2100
2016-05-05,5.86,5.86,5.5,5.68,20800
2016-05-06,5.59,5.77,5.41,5.68,39200
2016-05-09,5.59,5.68,4.88,5.24,67200
2016-05-10,5.33,5.33,5.06,5.06,16800
2016-05-11,5.77,5.77,5.15,5.24,52000
2016-05-12,5.5,5.95,5.33,5.77,96700
2016-05-13,5.86,5.86,5.59,5.68,21300
2016-05-16,5.5,5.59,5.41,5.5,10700
2016-05-17,5.33,5.5,4.88,5.33,103300
2016-05-18,5.33,5.59,5.24,5.41,16200
2016-05-19,5.33,5.41,5.24,5.24,3000
2016-05-20,5.41,5.41,5.15,5.41,33900
2016-05-23,5.24,5.33,5.24,5.24,8600
2016-05-24,5.41,5.5,5.15,5.33,27800
2016-05-25,5.33,5.41,5.15,5.33,34180
2016-05-26,5.33,5.33,4.88,5.15,106870
2016-05-27,5.15,5.33,4.97,5.24,20980
2016-05-30,5.15,5.15,4.97,4.97,27100
2016-05-31,5.06,5.15,4.88,5.15,31800
2016-06-01,5.06,5.15,5.06,5.06,29470
2016-06-02,5.06,5.24,4.97,5.24,77235
2016-06-03,5.24,5.86,5.24,5.86,167810
2016-06-06,6.21,6.39,5.77,5.86,141500
2016-06-07,5.95,5.95,5.5,5.59,65006
2016-06-08,5.68,6.21,5.68,5.77,137100
2016-06-09,5.77,5.77,5.59,5.77,36200
2016-06-10,5.68,6.21,5.68,5.86,134700
2016-06-13,5.95,5.95,5.77,5.77,44000
2016-06-14,5.68,6.57,5.68,6.39,271700
2016-06-15,6.21,7.01,6.21,7.01,200610
2016-06-16,7.54,7.81,7.54,7.63,544349
2016-06-17,7.63,7.63,7.01,7.28,150600
2016-06-20,7.46,7.46,6.92,7.37,71500
2016-06-21,7.81,7.81,6.83,7.01,116000
2016-06-22,6.92,7.1,6.83,7.01,38610
2016-06-23,7.19,7.54,7.01,7.28,76010
2016-06-24,7.01,7.19,6.21,6.57,168100
2016-06-27,6.21,6.92,6.21,6.66,46800
2016-06-28,7.1,7.37,6.57,6.75,113000
2016-06-29,6.66,6.83,6.21,6.48,84300
2016-06-30,6.21,6.66,6.21,6.39,33000
2016-07-01,6.39,6.66,6.21,6.39,71800
2016-07-04,6.39,6.48,6.21,6.21,33600
2016-07-05,6.04,6.21,5.86,6.12,40900
2016-07-06,6.04,6.12,5.95,5.95,25200
2016-07-07,5.86,5.95,5.68,5.95,39800
2016-07-08,5.77,5.95,5.33,5.77,86400
2016-07-11,5.59,6.21,5.59,5.68,70700
2016-07-12,5.68,5.77,5.59,5.59,9000
2016-07-13,5.59,6.04,5.59,5.86,12510
2016-07-14,5.77,5.77,5.5,5.59,39900
2016-07-15,5.59,5.59,5.33,5.41,27000
2016-07-18,5.41,5.77,5.33,5.77,29400
2016-07-19,5.59,5.59,5.33,5.41,48200
2016-07-20,5.33,5.41,5.33,5.33,10400
2016-07-21,5.33,5.33,5.33,5.33,7000
2016-07-22,5.06,5.24,4.7,5.15,56700
2016-07-25,4.79,4.88,4.7,4.88,29000
2016-07-26,5.06,5.06,4.88,5.06,3500
2016-07-27,5.06,5.06,4.97,4.97,9900
2016-07-28,4.79,4.88,4.62,4.62,31800
2016-07-29,4.7,4.88,4.53,4.88,27400
2016-08-01,4.97,5.06,4.88,5.06,6800
2016-08-02,4.7,5.06,4.7,5.06,4500
2016-08-03,4.88,4.88,4.44,4.44,33400
2016-08-04,4.7,4.7,4.53,4.53,14200
2016-08-05,4.53,4.53,4.26,4.35,21400
2016-08-08,4.7,4.7,4.26,4.26,600
2016-08-09,4.62,4.62,4.53,4.53,9600
2016-08-10,4.62,4.62,4.44,4.62,14500
2016-08-11,4.44,4.62,4.17,4.62,47800
2016-08-12,4.62,4.79,4.53,0.0,17700
2016-08-15,4.88,4.88,4.44,4.88,6400
2016-08-16,4.53,4.7,4.44,4.62,37500
2016-08-17,4.62,4.62,4.44,4.53,21100
2016-08-18,4.44,4.53,4.44,4.44,600
2016-08-19,4.7,4.7,4.35,4.53,4500
2016-08-22,4.44,4.44,4.44,4.44,100
2016-08-23,4.44,4.44,4.26,4.26,3000
2016-08-24,4.35,4.35,4.26,4.26,32800
2016-08-25,4.26,4.26,4.26,4.26,13000
2016-08-26,4.26,4.26,3.99,4.17,18000
2016-08-29,4.35,4.35,4.26,4.26,4800
2016-08-30,4.26,4.26,4.17,4.26,2100
2016-08-31,4.26,4.35,4.08,4.26,9200
2016-09-01,4.08,4.08,4.08,4.08,2000
2016-09-05,4.35,4.35,4.35,4.35,400
2016-09-06,4.08,4.26,3.99,4.26,5000
2016-09-07,4.08,4.08,3.64,3.99,9000
2016-09-08,3.73,4.17,3.73,4.08,4400
2016-09-09,4.26,4.26,3.82,3.99,2200
2016-09-12,3.73,3.73,3.55,3.64,17000
2016-09-13,3.55,3.55,3.11,3.37,36100
2016-09-14,3.55,3.55,3.55,3.55,100
2016-09-15,3.55,3.55,3.46,3.46,1600
2016-09-16,3.2,3.55,3.02,3.28,17500
2016-09-19,3.46,3.46,3.02,3.02,29700
2016-09-20,3.02,3.46,2.93,3.46,56300
2016-09-21,3.46,3.55,3.46,3.55,20700
2016-09-22,3.91,3.91,3.55,3.55,18900
2016-09-23,3.46,3.46,3.28,3.37,13100
2016-09-26,2.93,3.2,2.93,3.2,5900
2016-09-27,3.28,3.37,3.28,3.28,6000
2016-09-28,3.28,3.28,3.2,3.2,4200
2016-09-29,3.02,3.28,3.02,3.11,1800
2016-09-30,3.28,3.28,3.28,3.28,100
2016-10-03,3.02,3.02,3.02,3.02,1300
2016-10-04,3.02,3.11,3.02,3.11,1500
2016-10-05,3.11,3.11,3.11,3.11,500
2016-10-06,3.11,3.2,3.02,3.02,7400
2016-10-07,3.02,3.02,3.02,3.02,0
2016-10-10,3.11,3.11,3.02,3.02,2000
2016-10-11,3.11,3.11,3.02,3.02,3500
2016-10-12,2.93,2.93,2.93,2.93,200
2016-10-13,2.93,3.11,2.93,3.11,14500
2016-10-14,3.11,3.11,2.93,2.93,1900
2016-10-17,3.02,3.02,3.02,3.02,1600
2016-10-18,2.93,3.02,2.84,2.84,3800
2016-10-19,2.93,2.93,2.66,2.66,9900
2016-10-20,2.93,3.2,2.84,3.2,78500
2016-10-21,3.46,3.46,3.46,3.46,40800
2016-10-24,3.91,3.91,3.91,3.91,119000
2016-10-25,3.91,3.91,3.55,3.64,63600
2016-10-26,3.73,3.73,3.37,3.55,22000
2016-10-27,3.55,3.91,3.55,3.91,51500
2016-10-28,4.26,4.44,4.26,4.44,53500
2016-10-31,4.88,4.88,4.26,4.26,38400
2016-11-01,4.44,4.53,3.91,4.53,18400
2016-11-02,4.08,4.26,3.99,3.99,28400
2016-11-03,3.91,4.08,3.91,3.91,9900
2016-11-04,3.91,4.08,3.91,4.08,22400
2016-11-07,4.08,4.44,4.08,4.44,60200
2016-11-08,4.7,4.7,4.44,4.44,14100
2016-11-09,4.44,4.44,3.99,4.26,8900
2016-11-10,4.26,4.44,4.26,4.44,29600
2016-11-11,4.62,4.62,4.35,4.35,8100
2016-11-14,4.44,4.44,4.26,4.26,1400
2016-11-15,4.44,4.44,3.91,3.91,5700
2016-11-16,4.26,4.44,4.26,4.26,31000
2016-11-17,4.44,4.44,4.08,4.17,24800
2016-11-18,4.44,4.44,4.26,4.26,18900
2016-11-21,4.26,4.35,4.26,4.35,16000
2016-11-22,4.26,4.35,3.99,4.08,21200
2016-11-23,3.99,3.99,3.91,3.91,9600
2016-11-24,4.35,4.35,3.99,3.99,4000
2016-11-25,3.99,3.99,3.91,3.91,16900
2016-11-28,3.82,3.99,3.82,3.82,17900
2016-11-29,3.82,3.82,3.82,3.82,6500
2016-11-30,3.82,3.82,3.82,3.82,3200
2016-12-01,3.73,3.82,3.73,3.82,12200
2016-12-02,3.82,3.91,3.82,3.91,8900
2016-12-05,3.82,3.82,3.64,3.64,13100
2016-12-06,3.73,3.73,3.64,3.64,5900
2016-12-07,3.64,3.64,3.55,3.55,10200
2016-12-08,3.64,3.73,3.55,3.73,3000
2016-12-09,3.64,3.64,3.64,3.64,1100
2016-12-12,3.64,3.64,3.64,3.64,1100
2016-12-13,3.64,3.64,3.46,3.55,17800
2016-12-14,3.37,3.46,3.37,3.46,3400
2016-12-15,3.37,3.37,3.28,3.28,6100
2016-12-16,3.55,3.55,3.55,3.55,100
2016-12-19,3.46,3.46,3.46,3.46,3800
2016-12-20,3.46,3.46,3.46,3.46,11100
2016-12-21,3.46,3.91,3.46,3.73,31600
2016-12-22,3.64,3.64,3.55,3.55,12500
2016-12-23,3.46,3.73,3.46,3.46,9600
2016-12-26,3.46,3.55,3.37,3.37,7400
2016-12-27,3.46,3.46,3.46,3.46,2700
2016-12-28,3.46,3.55,3.46,3.55,800
2016-12-29,3.73,3.91,3.73,3.82,40700
2016-12-30,3.91,3.99,3.91,3.91,900
2017-01-03,3.73,3.82,3.73,3.82,4200
2017-01-04,3.73,3.73,3.73,3.73,6600
2017-01-05,3.91,3.91,3.73,3.73,7000
2017-01-06,3.82,3.82,3.64,3.82,9700
2017-01-09,3.82,3.82,3.82,3.82,200
2017-01-10,3.82,3.82,3.82,3.82,0
2017-01-11,3.82,3.82,3.82,3.82,100
2017-01-12,3.82,3.82,3.82,3.82,0
2017-01-13,3.73,3.73,3.73,3.73,5000
2017-01-16,3.73,3.73,3.73,3.73,0
2017-01-17,3.64,3.73,3.64,3.73,1700
2017-01-18,3.37,3.37,3.37,3.37,1800
2017-01-19,3.82,3.82,3.82,3.82,100
2017-01-20,3.46,3.46,3.37,3.37,9600
2017-01-23,3.37,3.82,3.37,3.82,13100
2017-01-24,3.73,3.91,3.73,3.91,500
2017-01-25,3.91,3.91,3.91,3.91,400
2017-02-02,3.99,3.99,3.91,3.91,12900
2017-02-03,3.64,3.64,3.55,3.55,10000
2017-02-06,3.91,3.91,3.91,3.91,100
2017-02-07,3.82,3.99,3.82,3.99,5000
2017-02-08,3.73,3.73,3.73,3.73,3000
2017-02-09,3.46,3.46,3.46,3.46,20000
2017-02-10,3.55,3.91,3.55,3.91,102600
2017-02-13,4.17,4.17,3.91,3.91,15006
2017-02-14,3.73,3.73,3.64,3.64,17000
2017-02-15,3.73,4.17,3.73,3.99,65900
2017-02-16,4.26,4.26,3.73,3.82,21700
2017-02-17,3.99,3.99,3.91,3.91,24700
2017-02-20,3.91,3.91,3.73,3.82,29700
2017-02-21,3.99,3.99,3.91,3.91,14100
2017-02-22,3.82,3.82,3.55,3.55,10300
2017-02-23,3.64,3.99,3.64,3.82,154700
2017-02-24,3.82,3.99,3.73,3.99,33500
2017-02-27,3.99,4.17,3.91,4.08,86100
2017-02-28,4.08,4.53,4.08,4.53,252400
2017-03-01,4.35,4.97,4.35,4.97,97406
2017-03-02,5.15,5.15,4.53,4.79,20000
2017-03-03,4.44,4.53,4.08,4.26,59200
2017-03-06,4.17,4.26,3.91,4.17,33400
2017-03-07,4.08,4.26,3.64,3.99,112100
2017-03-08,3.99,4.17,3.99,4.08,48400
2017-03-09,4.08,4.08,3.99,3.99,13500
2017-03-10,3.99,3.99,3.82,3.99,33600
2017-03-13,4.08,4.08,3.91,3.99,26900
2017-03-14,3.91,4.08,3.91,4.08,13149
2017-03-15,4.08,4.08,4.08,4.08,2000
2017-03-16,3.99,4.53,3.99,4.35,116400
2017-03-17,4.08,4.44,4.08,4.26,44500
2017-03-20,4.26,4.26,4.17,4.17,11700
2017-03-21,4.17,4.44,4.17,4.35,34000
2017-03-22,4.44,4.44,4.26,4.26,28049
2017-03-23,4.35,4.44,4.35,4.44,44500
2017-03-24,4.62,4.62,4.35,4.35,12800
2017-03-27,4.44,4.53,4.35,4.35,16600
2017-03-28,4.26,4.26,4.08,4.17,28100
2017-03-29,4.17,4.17,4.08,4.17,8000
2017-03-30,4.17,4.7,4.17,4.44,14649
2017-03-31,4.53,4.53,4.44,4.44,30000
2017-04-03,4.44,4.88,4.44,4.62,109400
2017-04-04,4.7,4.79,4.62,4.79,27300
2017-04-05,4.62,4.88,4.62,4.88,21500
2017-04-07,4.88,4.88,4.62,4.62,5000
2017-04-10,4.53,4.79,4.44,4.7,23100
2017-04-11,4.7,4.7,4.53,4.62,21400
2017-04-12,4.44,4.62,4.35,4.62,30200
2017-04-13,4.53,4.62,4.53,4.62,3700
2017-04-14,4.53,4.7,4.44,4.53,15500
2017-04-17,4.7,4.7,4.53,4.62,1100
2017-04-18,4.35,4.62,4.35,4.62,2300
2017-04-19,4.7,4.7,4.7,4.7,100
2017-04-20,4.53,4.79,4.44,4.7,55500
2017-04-21,4.79,4.79,4.62,4.7,7800
2017-04-24,4.62,4.79,4.62,4.62,81500
2017-04-25,4.44,4.62,4.44,4.62,3600
2017-04-26,4.79,4.79,4.53,4.62,44200
2017-04-27,4.79,4.79,4.44,4.7,51900
2017-04-28,4.7,4.79,4.53,4.53,1500
2017-05-03,4.62,4.79,4.44,4.79,15000
2017-05-04,4.7,4.7,4.62,4.62,900
2017-05-05,4.7,4.7,4.44,4.62,19600
2017-05-08,4.7,4.7,4.53,4.62,9200
2017-05-09,4.7,4.7,4.7,4.7,100
2017-05-10,4.44,4.7,4.44,4.7,45400
2017-05-11,4.7,4.79,4.44,4.62,11500
2017-05-12,4.44,4.62,4.44,4.62,31000
2017-05-15,4.7,4.7,4.35,4.62,45000
2017-05-16,4.53,4.7,4.35,4.62,38100
2017-05-17,4.62,4.79,4.44,4.7,21800
2017-05-18,4.7,4.7,4.62,4.7,4300
2017-05-19,4.7,4.79,4.44,4.79,42106
2017-05-22,4.79,4.79,4.44,4.62,71100
2017-05-23,4.62,4.62,4.62,4.62,140
2017-05-24,4.62,4.79,4.44,4.7,13106
2017-05-25,4.44,4.7,4.44,4.7,13106
2017-05-26,4.62,4.7,4.62,4.7,2002
2017-05-29,4.7,4.7,4.44,4.53,2230
2017-05-30,4.53,4.62,3.91,4.08,410706
2017-05-31,4.44,4.44,3.91,4.44,62400
2017-06-01,4.35,4.53,3.99,4.53,7200
2017-06-02,3.99,4.08,3.99,4.08,17000
2017-06-05,4.26,4.35,3.99,4.08,55306
2017-06-06,4.26,4.26,3.91,3.99,48000
2017-06-07,3.99,3.99,3.91,3.91,54500
2017-06-08,3.99,4.17,3.82,4.17,69100
2017-06-09,4.08,4.17,4.08,4.08,18500
2017-06-12,4.26,4.26,3.99,4.08,34800
2017-06-13,3.99,4.08,3.99,4.08,63800
2017-06-14,4.08,4.17,4.08,4.08,27100
2017-06-15,3.99,4.08,3.99,4.08,12600
2017-06-16,4.08,4.08,4.08,4.08,12000
2017-06-19,4.17,4.44,4.08,4.26,7300
2017-06-20,4.62,4.7,4.08,4.26,5100
2017-06-21,4.08,4.08,3.99,4.08,9000
2017-06-22,4.17,4.26,4.17,4.26,200
2017-06-23,4.17,4.17,3.91,3.99,5900
2017-06-26,3.99,4.08,3.55,3.99,39300
2017-06-27,3.99,3.99,3.82,3.99,53700
2017-06-28,4.44,4.44,3.91,4.08,2200
2017-06-29,3.91,4.17,3.91,4.08,13200
2017-06-30,4.17,4.17,3.99,4.17,5800
2017-07-03,4.44,4.44,4.26,4.26,600
2017-07-04,4.26,4.26,3.73,4.08,12500
2017-07-05,4.08,4.08,3.91,4.08,3800
2017-07-06,4.26,4.26,3.99,3.99,1500
2017-07-07,3.99,3.99,3.99,3.99,11200
2017-07-10,4.26,4.26,3.99,3.99,10500
2017-07-11,4.17,4.62,4.17,4.44,107200
2017-07-12,4.62,4.7,4.53,4.62,82400
2017-07-13,4.62,4.7,4.44,4.7,21000
2017-07-14,4.17,4.62,4.17,4.62,49100
2017-07-17,4.62,4.62,4.26,4.26,25800
2017-07-18,4.35,4.53,4.35,4.53,6200
2017-07-19,4.35,4.53,4.26,4.53,62400
2017-07-20,4.44,4.53,4.26,4.53,36200
2017-07-21,4.62,5.06,4.62,5.06,198900
2017-07-24,5.77,5.77,5.5,5.77,560630
2017-07-25,6.57,6.57,5.41,5.95,251400
2017-07-26,6.21,6.57,5.24,5.77,158900
2017-07-27,5.5,5.5,4.7,5.33,141700
2017-07-28,4.79,5.24,4.79,4.88,129200
2017-07-31,4.88,5.06,4.44,4.88,110800
2017-08-01,5.41,5.41,4.88,5.06,36400
2017-08-02,5.33,5.33,4.79,4.88,199400
2017-08-03,4.88,4.97,4.79,4.88,108900
2017-08-04,4.97,4.97,4.7,4.7,84800
2017-08-07,4.88,4.88,4.79,4.88,34100
2017-08-08,4.79,5.59,4.79,5.15,101900
2017-08-09,5.24,5.33,4.88,4.97,132600
2017-08-10,5.24,5.24,4.88,4.97,154100
2017-08-11,4.97,4.97,4.53,4.7,172800
2017-08-14,4.79,4.88,4.7,4.88,23200
2017-08-15,4.79,4.79,4.44,4.7,31800
2017-08-16,4.7,4.79,4.62,4.79,114200
2017-08-17,4.7,4.7,4.7,4.7,3800
2017-08-18,4.7,4.79,4.62,4.79,38300
2017-08-21,4.62,4.62,4.53,4.53,25400
2017-08-22,4.62,4.7,4.53,4.7,12200
2017-08-23,4.62,4.79,4.62,4.79,11500
2017-08-24,4.7,4.79,4.7,4.7,46500
2017-08-25,4.7,4.7,4.62,4.62,6000
2017-08-28,4.53,4.62,4.35,4.53,55100
2017-08-29,4.44,4.44,4.35,4.35,14500
2017-08-30,4.35,4.44,4.35,4.35,51300
2017-08-31,4.35,4.35,4.26,4.26,48800
2017-09-01,4.26,4.26,4.26,4.26,14800
2017-09-05,4.17,4.26,4.17,4.26,13600
2017-09-06,4.17,4.17,4.08,4.17,40000
2017-09-07,4.08,4.17,3.99,4.08,53500
2017-09-08,4.26,4.53,4.17,4.26,73230
2017-09-11,4.26,4.26,4.17,4.17,47400
2017-09-12,4.17,4.26,4.17,4.17,14200
2017-09-13,4.17,4.26,4.08,4.17,35200
2017-09-14,4.17,4.26,4.08,4.17,32500
2017-09-15,4.17,4.17,4.17,4.17,41200
2017-09-18,4.08,4.17,4.08,4.17,34600
2017-09-19,4.17,4.17,4.17,4.17,49000
2017-09-20,4.17,4.17,4.17,4.17,2510
2017-09-21,4.08,4.26,4.08,4.17,32700
2017-09-22,4.26,4.35,4.26,4.35,46000
2017-09-25,4.26,4.26,4.26,4.26,14800
2017-09-26,4.26,4.35,4.26,4.35,38900
2017-09-27,4.26,4.26,4.26,4.26,30300
2017-09-28,4.26,4.26,4.17,4.26,31800
2017-09-29,4.17,4.26,4.08,4.26,18800
2017-10-02,4.17,4.17,4.08,4.17,7300
2017-10-03,4.17,4.17,4.08,4.08,19600
2017-10-04,4.08,4.08,3.99,4.08,22500
2017-10-05,3.99,4.08,3.99,4.08,40500
2017-10-06,3.99,4.08,3.99,4.08,7200
2017-10-09,3.99,3.99,3.99,3.99,57600
2017-10-10,3.99,3.99,3.99,3.99,15900
2017-10-11,3.99,4.08,3.99,3.99,34000
2017-10-12,3.99,4.53,3.99,4.53,292500
2017-10-13,4.97,5.06,4.7,4.88,609900
2017-10-16,4.79,4.97,4.7,4.7,142900
2017-10-17,4.62,4.7,4.44,4.62,221000
2017-10-18,4.62,4.62,4.44,4.53,174800
2017-10-19,4.44,4.44,4.35,4.35,42300
2017-10-20,4.35,4.44,4.35,4.35,113000
2017-10-23,4.35,4.53,4.35,4.53,79000
2017-10-24,4.35,4.53,4.35,4.35,57600
2017-10-25,4.35,4.35,4.26,4.35,46500
2017-10-26,4.26,4.35,4.26,4.26,71400
2017-10-27,4.26,4.44,4.26,4.35,66800
2017-10-30,4.26,4.35,4.26,4.26,75200
2017-10-31,4.26,4.26,4.17,4.26,55500
2017-11-01,4.26,4.26,4.17,4.17,70100
2017-11-02,4.17,4.26,4.17,4.17,84300
2017-11-03,4.17,4.26,4.08,4.17,59200
2017-11-06,3.99,4.17,3.91,4.17,53900
2017-11-07,4.17,4.62,4.17,4.62,28000
2017-11-08,4.7,4.7,4.17,4.17,131100
2017-11-09,4.35,4.35,4.35,4.35,1100
2017-11-10,4.17,4.17,4.17,4.17,41200
2017-11-13,4.08,4.17,4.08,4.17,22600
2017-11-14,4.17,4.17,4.17,4.17,24200
2017-11-15,4.17,4.26,4.17,4.26,78100
2017-11-16,4.44,4.44,4.26,4.44,12200
2017-11-17,4.35,4.35,4.26,4.26,41500
2017-11-20,4.26,4.26,4.17,4.26,8100
2017-11-21,4.26,4.26,4.17,4.17,50700
2017-11-22,4.17,4.17,4.17,4.17,11000
2017-11-23,4.26,4.26,4.17,4.26,18900
2017-11-24,4.26,4.26,4.26,4.26,6200
2017-11-27,4.26,4.44,4.26,4.35,238600
2017-11-28,4.35,4.35,4.35,4.35,11800
2017-11-29,4.35,4.44,4.35,4.44,71919
2017-11-30,4.44,4.79,4.44,4.62,104200
2017-12-01,4.62,4.62,4.35,4.53,42500
2017-12-04,4.53,5.15,4.53,5.15,574500
2017-12-05,5.33,5.33,4.97,5.06,218500
2017-12-06,5.15,5.15,5.06,5.15,176410
2017-12-07,5.15,5.15,4.97,5.59,307819
2017-12-08,5.59,6.12,5.59,5.95,334300
2017-12-11,6.39,6.39,5.77,5.86,152710
2017-12-12,5.77,5.77,5.15,5.33,293000
2017-12-13,5.33,5.41,5.15,5.41,73200
2017-12-14,5.5,5.77,5.5,5.77,35610
2017-12-15,5.77,5.86,5.59,5.59,145709
2017-12-18,5.59,5.59,5.33,5.41,71100
2017-12-19,5.5,5.5,5.33,5.5,58200
2017-12-20,5.5,5.5,5.41,5.5,54000
2017-12-21,5.41,5.5,5.41,5.41,123000
2017-12-22,5.33,5.41,5.33,5.41,60400
2017-12-25,5.41,5.5,5.33,5.33,41700
2017-12-26,5.41,5.41,5.33,5.33,69600
2017-12-27,5.33,5.5,5.33,5.5,50200
2017-12-28,5.68,5.86,5.5,5.86,67300
2017-12-29,5.86,6.39,5.86,6.3,133710
2018-01-02,6.21,6.48,5.77,6.04,108700
2018-01-03,6.21,6.21,5.86,5.95,29300
2018-01-04,5.86,6.04,5.77,5.95,65100
2018-01-05,5.86,5.95,5.77,5.77,30500
2018-01-08,6.04,6.04,5.59,5.59,32100
2018-01-09,5.68,5.68,5.5,5.68,68300
2018-01-10,5.68,5.77,5.5,5.68,122800
2018-01-11,6.04,6.04,5.59,5.68,25100
2018-01-12,5.59,5.77,5.5,5.77,20600
2018-01-15,5.59,5.59,5.59,5.59,17600
2018-01-16,5.68,6.04,5.68,5.86,81400
2018-01-17,5.95,5.95,5.68,5.68,41709
2018-01-18,5.77,5.77,5.59,5.77,9200
2018-01-19,5.59,5.77,5.59,5.68,47400
2018-01-22,5.77,5.86,5.77,5.77,153900
2018-01-23,5.77,6.3,5.77,6.21,411510
2018-01-24,6.48,6.83,6.48,6.57,241500
2018-01-25,6.39,6.57,6.21,6.48,132100
2018-01-26,6.3,6.3,6.04,6.21,174100
2018-01-29,6.12,6.12,6.04,6.12,96710
2018-01-30,6.12,6.3,6.12,6.3,51009
2018-01-31,6.21,6.21,6.12,6.21,85000
2018-02-01,6.12,6.3,5.77,5.95,158200
2018-02-02,5.86,5.86,5.68,5.68,12800
2018-02-05,5.77,5.77,4.97,4.97,115600
2018-02-06,5.33,5.33,4.53,4.7,168800
2018-02-07,5.33,5.33,4.88,5.33,56200
2018-02-08,4.88,5.24,4.88,5.24,13310
2018-02-09,4.97,4.97,4.7,4.97,50000
2018-02-12,4.97,5.06,4.88,4.97,15100
2018-02-13,5.06,5.33,5.06,5.24,31800
2018-02-21,5.33,5.33,5.24,5.33,14400
2018-02-22,5.33,5.33,5.33,5.33,24500
2018-02-23,5.06,5.15,4.97,4.97,64200
2018-02-26,5.33,5.33,5.06,5.15,27300
2018-02-27,5.15,5.24,4.79,5.06,57300
2018-02-28,5.24,5.24,4.79,4.88,60700
2018-03-01,4.88,4.97,4.62,4.62,93700
2018-03-02,4.7,4.97,4.7,4.97,35700
2018-03-05,4.88,5.06,4.88,4.88,16200
2018-03-06,4.79,4.88,4.62,4.88,46400
2018-03-07,4.88,4.97,4.79,4.88,61100
2018-03-08,4.88,4.88,4.88,4.88,89600
2018-03-09,4.88,5.06,4.79,5.06,122900
2018-03-12,4.88,4.88,4.88,4.88,19010
2018-03-13,4.79,4.97,4.79,4.88,32700
2018-03-14,4.97,4.97,4.88,4.88,72000
2018-03-15,4.79,4.97,4.79,4.97,69810
2018-03-16,4.88,4.88,4.79,4.79,23400
2018-03-19,4.88,4.88,4.79,4.79,11500
2018-03-20,4.88,4.97,4.62,4.79,46200
2018-03-21,4.79,4.88,4.79,4.88,19500
2018-03-22,4.88,4.97,4.88,4.88,9500
2018-03-23,4.88,4.88,4.79,4.88,53900
2018-03-26,4.88,4.97,4.79,4.88,800
2018-03-27,4.7,4.79,4.7,4.79,1600
2018-03-28,4.79,4.79,4.79,4.79,800
2018-03-29,4.79,5.5,4.35,5.5,415900
2018-03-30,5.95,5.95,5.33,5.59,170900
2018-04-02,5.59,5.68,5.5,5.5,5900
2018-04-03,5.15,5.33,5.06,5.33,27800
2018-04-04,5.15,5.33,5.06,5.15,36100
2018-04-05,5.15,5.24,5.15,5.24,21500
2018-04-06,5.24,5.24,5.15,5.24,55400
2018-04-09,5.24,5.59,5.24,5.33,36900
2018-04-10,5.24,5.24,4.97,5.24,68400
2018-04-11,5.24,5.24,5.06,5.15,17900
2018-04-12,5.06,5.06,5.06,5.06,13300
2018-04-13,5.33,5.33,4.97,5.06,49700
2018-04-16,5.24,5.24,5.24,5.24,0
2018-04-17,5.06,5.15,4.97,5.15,10200
2018-04-18,4.97,5.15,4.97,5.15,14410
2018-04-19,4.97,5.24,4.97,4.97,5900
2018-04-20,5.15,5.15,4.26,4.62,24110
2018-04-23,4.7,4.88,4.7,4.79,21600
2018-04-24,4.88,5.15,4.88,4.97,29300
2018-04-26,4.88,4.88,4.62,4.62,8500
2018-04-27,4.62,4.79,4.62,4.7,3510
2018-05-02,4.88,4.88,4.7,4.7,23500
2018-05-03,4.7,4.7,4.53,4.7,31400
2018-05-04,4.79,4.79,4.62,4.79,1638
2018-05-07,4.53,4.88,4.53,4.79,1300
2018-05-08,4.88,4.88,4.7,4.79,18100
2018-05-09,4.7,4.79,4.62,4.7,29400
2018-05-10,4.7,4.79,4.62,4.62,54100
2018-05-11,4.44,4.62,4.44,4.62,15000
2018-05-14,4.53,4.62,4.53,4.62,2200
2018-05-15,4.53,4.7,4.53,4.7,9300
2018-05-16,4.7,4.7,4.62,4.62,6308
2018-05-17,4.62,4.62,4.53,4.62,36610
2018-05-18,4.62,4.62,4.53,4.53,11700
2018-05-21,4.53,4.62,4.53,4.53,18000
2018-05-22,4.53,4.53,4.53,4.53,36403
2018-05-23,4.44,4.62,4.44,4.62,304
2018-05-24,4.7,4.7,4.7,4.7,140
2018-05-25,4.7,4.7,4.35,4.35,18400
2018-05-28,4.62,4.62,4.44,4.44,72300
2018-05-29,4.62,4.88,4.62,4.62,6000
2018-05-30,4.62,4.7,4.62,4.62,2102
2018-05-31,4.62,4.7,4.44,4.7,2600
2018-06-01,4.62,4.62,4.53,4.62,17800
2018-06-04,4.62,4.7,4.62,4.7,24010
2018-06-05,4.79,4.79,4.62,4.62,5100
2018-06-06,4.53,4.53,4.53,4.53,8506
2018-06-07,4.62,4.62,4.53,4.53,17604
2018-06-08,4.53,4.79,4.53,4.79,2300
2018-06-11,4.7,4.7,4.53,4.53,800
2018-06-12,4.62,4.62,4.62,4.62,0
2018-06-13,4.08,4.44,4.08,4.44,400
2018-06-14,4.44,4.7,4.44,4.62,13700
2018-06-15,4.7,4.7,4.7,4.7,104
2018-06-18,4.7,4.7,4.7,4.7,300
2018-06-19,4.44,4.7,4.26,4.26,7300
2018-06-20,4.35,4.35,4.35,4.35,900
2018-06-21,4.44,4.7,4.44,4.7,52300
2018-06-22,4.62,4.62,4.62,4.62,9500
2018-06-25,4.62,4.62,4.53,4.62,44200
2018-06-26,4.62,4.62,4.53,4.62,44400
2018-06-27,4.53,4.53,4.53,4.53,5006
2018-06-28,4.62,4.62,4.53,4.62,22106
2018-06-29,4.62,4.62,4.62,4.62,0
2018-07-02,4.53,4.53,4.53,4.53,35000
2018-07-03,4.53,4.53,4.53,4.53,39200
2018-07-04,3.91,4.53,3.91,4.53,141500
2018-07-05,4.53,4.53,4.53,4.53,10200
2018-07-06,4.53,4.53,4.44,4.44,13900
2018-07-09,4.53,4.53,4.53,4.53,6100
2018-07-10,4.53,4.53,4.53,4.53,12800
2018-07-11,4.53,4.53,4.53,4.53,5300
2018-07-12,4.53,4.62,4.53,4.62,6400
2018-07-13,4.53,4.62,4.53,4.62,23200
2018-07-16,4.7,4.7,4.7,4.7,16000
2018-07-17,4.7,4.7,4.7,4.7,20000
2018-07-18,4.7,5.33,4.7,5.33,118100
2018-07-19,5.15,5.15,5.15,5.15,8410
2018-07-20,5.15,5.15,5.15,5.15,600
2018-07-23,5.15,5.15,5.15,5.15,0
2018-07-24,4.7,4.7,4.7,4.7,5100
2018-07-25,4.7,4.79,4.7,4.7,11000
2018-07-26,4.62,4.7,4.62,4.7,5500
2018-07-27,4.7,4.7,4.62,4.62,6100
2018-07-30,4.53,4.53,4.44,4.44,67700
2018-07-31,4.44,4.44,4.44,4.44,5400
2018-08-01,4.44,4.44,4.44,4.44,3000
2018-08-02,4.44,4.44,4.26,4.44,14100
2018-08-03,4.53,4.53,4.53,4.53,10200
2018-08-06,4.53,4.53,4.53,4.53,22000
2018-08-07,4.53,4.53,4.53,4.53,5
2018-08-08,4.53,4.53,4.53,4.53,3800
2018-08-09,4.53,4.53,4.53,4.53,2000
2018-08-10,4.53,4.53,4.53,4.53,6400
2018-08-13,4.53,4.53,4.53,4.53,0
2018-08-14,4.53,4.53,4.53,4.53,0
2018-08-15,4.53,4.53,4.53,4.53,0
2018-08-16,4.53,4.53,4.53,4.53,0
2018-08-17,4.53,4.7,4.44,4.44,10100
2018-08-20,4.44,4.44,4.44,4.44,2400
2018-08-21,4.44,4.44,4.44,4.44,500
2018-08-22,4.53,4.53,4.53,4.53,2200
2018-08-23,4.44,4.44,4.44,4.44,800
2018-08-24,4.44,4.44,4.44,4.44,2000
2018-08-27,4.44,4.44,4.44,4.44,0
2018-08-28,4.62,4.7,4.62,4.62,13500
2018-08-29,4.7,4.7,4.7,4.7,0
2018-08-30,4.7,4.7,4.7,4.7,0
2018-08-31,4.7,4.7,4.44,4.62,28400
2018-09-04,4.7,4.7,4.7,4.7,5000
2018-09-05,4.53,4.53,4.53,4.53,100
2018-09-06,4.53,4.62,4.53,4.62,29710
2018-09-07,4.62,5.15,4.62,5.06,35500
2018-09-10,5.06,5.06,5.06,5.06,600
2018-09-11,5.06,5.06,5.06,5.06,0
2018-09-12,5.06,5.06,5.06,5.06,0
2018-09-13,5.06,5.15,4.62,5.06,2800
2018-09-14,5.15,5.15,5.15,5.15,100
2018-09-17,4.79,4.79,4.62,4.62,52400
2018-09-18,4.62,4.62,4.62,4.62,5000
2018-09-19,4.88,4.88,4.62,4.62,11100
2018-09-20,4.62,4.97,4.62,4.97,12100
2018-09-21,4.97,4.97,4.97,4.97,1600
2018-09-24,4.97,4.97,4.88,4.88,8000
2018-09-25,4.88,4.88,4.88,4.88,14219
2018-09-26,4.79,4.97,4.79,4.88,12000
2018-09-27,4.88,4.88,4.88,4.88,3400
2018-09-28,4.79,4.79,4.79,4.79,600
2018-10-01,4.79,4.79,4.79,4.79,7100
2018-10-02,4.79,4.79,4.79,4.79,200
2018-10-03,4.79,4.79,4.79,4.79,1600
2018-10-04,4.79,4.79,4.79,4.79,4000
2018-10-05,4.79,4.79,4.79,4.79,6000
2018-10-08,4.79,4.79,4.79,4.79,3000
2018-10-09,4.79,4.79,4.79,4.79,0
2018-10-10,4.79,4.79,4.79,4.79,0
2018-10-11,4.62,4.62,4.17,4.17,1500
2018-10-12,4.44,4.7,4.26,4.7,4500
2018-10-15,4.35,4.7,4.35,4.62,2300
2018-10-16,4.53,4.53,4.44,4.44,5500
2018-10-17,4.62,4.79,4.62,4.7,2508
2018-10-18,4.62,4.62,4.62,4.62,1800
2018-10-19,4.62,4.62,4.62,4.62,0
2018-10-22,4.7,4.7,4.7,4.7,10500
2018-10-23,4.35,4.62,4.35,4.35,1100
2018-10-24,4.53,4.53,4.53,4.53,300
2018-10-25,4.53,4.53,4.53,4.53,0
2018-10-26,4.53,4.53,4.53,4.53,700
2018-10-29,4.53,4.53,4.53,4.53,500
2018-10-30,4.79,4.79,4.62,4.62,4900
2018-10-31,4.62,4.62,4.62,4.62,0
2018-11-01,4.53,4.53,4.44,4.53,4500
2018-11-02,4.7,4.7,4.7,4.7,1000
2018-11-05,4.7,4.7,4.7,4.7,0
2018-11-06,4.7,4.7,4.7,4.7,0
2018-11-07,4.7,4.7,4.7,4.7,0
2018-11-08,4.7,4.7,4.7,4.7,0
2018-11-09,4.7,4.7,4.7,4.7,0
2018-11-12,4.7,4.7,4.7,4.7,0
2018-11-13,4.44,4.79,4.44,4.44,3000
2018-11-14,4.44,4.44,4.44,4.44,0
2018-11-15,4.44,4.44,4.44,4.44,0
2018-11-16,4.44,4.44,4.44,4.44,0
2018-11-19,4.44,4.44,4.44,4.44,0
2018-11-20,4.44,4.44,4.44,4.44,0
2018-11-21,4.44,4.44,4.44,4.44,0
2018-11-22,4.44,4.44,4.44,4.44,0
2018-11-23,4.44,4.44,4.44,4.44,0
2018-11-26,4.44,4.44,4.44,4.44,0
2018-11-27,4.44,4.44,4.44,4.44,0
2018-11-28,4.44,4.44,4.44,4.44,1900
2018-11-29,4.44,4.44,4.44,4.44,1900
2018-11-30,4.62,4.7,4.62,4.7,2300
2018-12-03,4.62,5.24,4.62,5.24,6900
2018-12-04,4.97,4.97,4.79,4.79,1200
2018-12-05,5.15,5.15,4.7,4.79,700
2018-12-06,4.88,4.88,4.88,4.88,100
2018-12-07,4.88,4.88,4.88,4.88,0
2018-12-10,4.79,4.88,4.79,4.88,4000
2018-12-11,4.88,4.88,4.88,4.88,0
2018-12-12,4.88,4.88,4.88,4.88,0
2018-12-13,4.88,4.88,4.88,4.88,0
2018-12-14,4.53,4.53,4.44,4.44,2500
2018-12-17,4.53,4.44,4.44,4.44,0
2018-12-18,4.44,4.44,4.44,4.44,100
2018-12-19,4.44,4.44,4.44,4.44,0
2018-12-20,4.79,4.79,4.7,4.7,12700
2018-12-21,4.7,4.7,4.7,4.7,300
2018-12-24,4.7,4.7,4.44,4.44,2700
2018-12-25,4.79,4.79,4.26,4.79,6100
2018-12-26,4.7,4.7,4.7,4.7,5000
2018-12-27,4.7,4.79,4.44,4.79,7300
2018-12-28,4.79,5.06,4.7,4.7,54500
2019-01-02,4.53,4.7,4.53,4.7,2516
2019-01-03,4.97,4.97,4.97,4.97,100
2019-01-04,4.88,5.06,4.88,5.06,6010
2019-01-07,4.97,4.97,4.88,4.88,2300
2019-01-08,4.97,4.88,4.88,4.88,0
2019-01-09,4.97,4.88,4.88,4.88,0
2019-01-10,4.97,4.88,4.88,4.88,0
2019-01-11,4.97,4.97,4.97,4.97,1000
2019-01-14,5.06,5.06,4.97,5.06,13000
2019-01-15,5.06,5.06,5.06,5.06,0
2019-01-16,5.06,5.06,5.06,5.06,0
2019-01-17,5.06,5.06,5.06,5.06,0
2019-01-18,4.97,4.97,4.97,4.97,1000
2019-01-21,4.62,4.88,4.62,4.62,20310
2019-01-22,4.7,4.62,4.62,4.62,0
2019-01-23,4.7,4.62,4.62,4.62,0
2019-01-24,4.7,4.62,4.62,4.62,0
2019-01-25,4.7,4.7,4.7,4.7,500
2019-01-28,4.7,4.7,4.7,4.7,0
2019-01-29,4.7,4.7,4.7,4.7,0
2019-01-30,4.7,4.7,4.7,4.7,0
2019-01-31,4.7,4.7,4.7,4.7,0
2019-02-01,4.7,4.7,4.7,4.7,0
2019-02-11,4.79,4.97,4.79,4.97,1200
2019-02-12,4.79,4.97,4.97,4.97,0
2019-02-13,4.79,4.97,4.97,4.97,0
2019-02-14,4.44,4.44,4.44,4.44,1000
2019-02-15,4.44,4.44,4.44,4.44,130
2019-02-18,4.44,4.44,4.44,4.44,0
2019-02-19,4.44,4.44,4.44,4.44,400
2019-02-20,4.44,4.44,4.44,4.44,0
2019-02-21,4.79,4.79,4.79,4.79,2000
2019-02-22,4.79,5.06,4.79,5.06,2900
2019-02-25,4.88,5.06,5.06,5.06,0
2019-02-26,4.88,5.06,5.06,5.06,0
2019-02-27,4.88,5.06,5.06,5.06,0
2019-02-28,4.7,4.7,4.7,4.7,7500
2019-03-01,4.53,4.7,4.44,4.7,2700
2019-03-04,4.53,4.7,4.7,4.7,0
2019-03-05,4.53,4.7,4.7,4.7,0
2019-03-06,4.44,4.44,4.44,4.44,5000
2019-03-07,4.44,4.44,4.44,4.44,0
2019-03-08,4.44,4.44,4.44,4.44,0
2019-03-11,4.62,4.62,4.62,4.62,1000
2019-03-12,4.44,4.7,4.44,4.7,8200
2019-03-13,4.7,4.7,4.7,4.7,0
2019-03-14,4.17,4.17,4.17,4.17,110
2019-03-15,4.62,4.79,4.53,4.53,7600
2019-03-18,4.44,4.79,4.44,4.79,3700
2019-03-19,4.44,4.53,4.44,4.53,710
2019-03-20,4.79,4.79,4.79,4.79,800
2019-03-21,4.79,4.79,4.79,4.79,0
2019-03-22,4.44,4.44,4.44,4.44,2000
2019-03-25,4.44,4.44,4.44,4.44,0
2019-03-26,4.44,4.44,4.44,4.44,3100
2019-03-27,4.44,4.44,4.44,4.44,0
2019-03-28,4.44,4.44,4.44,4.44,0
2019-03-29,4.44,4.44,4.44,4.44,800
2019-04-01,4.7,4.7,4.26,4.26,57400
2019-04-02,4.44,4.44,4.44,4.44,800
2019-04-03,4.44,4.44,4.44,4.44,0
2019-04-04,4.62,4.62,4.26,4.26,10200
2019-04-05,4.62,4.62,4.44,4.44,600
2019-04-08,4.44,4.44,4.44,4.44,6000
2019-04-09,4.62,4.62,4.44,4.44,600
2019-04-10,4.44,4.53,4.44,4.53,15900
2019-04-11,4.62,4.62,4.62,4.62,3000
2019-04-12,4.35,4.62,4.26,4.62,3400
2019-04-16,4.44,4.44,4.44,4.44,100
2019-04-17,4.26,4.44,4.26,4.26,11700
2019-04-18,4.53,4.53,4.53,4.53,100
2019-04-19,4.53,4.53,4.53,4.53,0
2019-04-22,4.35,4.35,4.26,4.26,5000
2019-04-23,4.35,4.35,4.35,4.35,1500
2019-04-24,4.44,4.44,4.44,4.44,100
2019-04-25,4.44,4.44,4.44,4.44,0
2019-04-26,4.26,4.26,4.26,4.26,3000
2019-05-02,4.26,4.26,4.26,4.26,0
2019-05-03,4.26,4.26,4.26,4.26,0
2019-05-06,4.26,4.26,4.26,4.26,0
2019-05-07,4.26,4.26,4.26,4.26,0
2019-05-08,3.73,4.08,3.64,4.08,6270
2019-05-09,4.08,4.08,3.99,3.99,6400
2019-05-10,4.26,4.26,4.26,4.26,100
2019-05-13,4.26,4.26,3.99,4.26,3800
2019-05-14,4.17,4.26,4.17,4.26,1000
2019-05-15,3.82,3.82,3.82,3.82,100
2019-05-16,3.82,3.82,3.82,3.82,0
2019-05-17,3.82,3.82,3.82,3.82,0
2019-05-20,4.35,4.35,4.17,4.35,4200
2019-05-21,4.62,4.62,4.53,4.62,4100
2019-05-22,4.53,4.53,4.53,4.53,1702
2019-05-23,4.08,4.08,4.08,4.08,100
2019-05-24,3.99,3.99,3.99,3.99,106
2019-05-27,4.08,4.08,4.08,4.08,10700
2019-05-28,4.08,4.08,4.08,4.08,4000
2019-05-29,4.44,4.44,4.44,4.44,100
2019-05-30,4.08,4.17,4.08,4.17,300
2019-05-31,4.08,4.17,4.08,4.08,8600
2019-06-03,4.17,4.17,4.17,4.17,1000
2019-06-04,4.35,4.35,4.35,4.35,2000
2019-06-05,4.35,4.35,4.26,4.26,2700
2019-06-06,4.26,4.26,4.26,4.26,0
2019-06-07,4.26,4.26,4.26,4.26,0
2019-06-10,4.26,4.26,4.26,4.26,0
2019-06-11,4.26,4.26,4.26,4.26,0
2019-06-12,4.08,4.08,4.08,4.08,300
2019-06-13,4.08,4.08,4.08,4.08,0
2019-06-14,4.35,4.35,4.35,4.35,1000
2019-06-17,4.08,4.08,4.08,4.08,2000
2019-06-18,4.35,4.35,4.35,4.35,100
2019-06-19,4.35,4.35,4.35,4.35,0
2019-06-20,3.99,4.26,3.99,4.26,2004
2019-06-21,4.17,4.17,4.17,4.17,0
2019-06-24,4.17,4.26,4.26,4.26,0
2019-06-25,4.26,4.53,4.17,4.17,26000
2019-06-26,4.17,4.79,4.17,4.79,33400
2019-06-27,4.7,5.15,4.62,5.15,82900
2019-06-28,5.15,5.41,5.06,5.06,35060
2019-07-01,5.06,5.33,5.06,5.24,21400
2019-07-02,5.15,5.24,4.97,4.97,20900
2019-07-03,4.88,5.41,4.7,5.41,36538
2019-07-04,5.33,5.86,5.24,5.15,296816
2019-07-05,5.15,5.41,5.06,5.15,6100
2019-07-08,5.15,5.24,4.88,5.24,16200
2019-07-09,4.88,4.88,4.7,4.79,73206
2019-07-10,4.7,4.88,4.7,4.88,33800
2019-07-11,4.88,4.88,4.7,4.79,27000
2019-07-12,4.79,4.88,4.7,4.7,33700
2019-07-15,4.7,4.79,4.7,4.7,23600
2019-07-16,4.7,4.79,4.7,4.79,8510
2019-07-17,4.79,4.79,4.7,4.7,7400
2019-07-18,4.79,4.79,4.53,4.53,37500
2019-07-19,4.7,4.79,4.53,4.53,20200
2019-07-22,4.53,4.53,4.44,4.44,41700
2019-07-23,4.7,4.7,4.44,4.44,2000
2019-07-24,4.62,4.62,4.62,4.62,400
2019-07-25,4.53,4.62,4.44,4.62,5000
2019-07-26,4.53,4.53,4.53,4.53,2200
2019-07-29,4.53,4.53,4.53,4.53,4500
2019-07-30,4.53,4.53,4.44,4.44,6500
2019-07-31,4.44,4.44,4.44,4.44,10300
2019-08-01,4.17,4.35,4.17,4.26,25300
2019-08-02,4.26,4.26,4.26,4.26,26200
2019-08-05,4.26,4.26,4.26,4.26,5600
2019-08-06,4.26,4.44,4.26,4.44,2900
2019-08-07,4.44,4.88,4.44,4.79,30400
2019-08-08,4.7,4.79,4.79,4.79,0
2019-08-09,4.26,4.44,4.26,4.44,6100
2019-08-12,4.35,4.35,4.35,4.35,3000
2019-08-13,4.44,4.44,4.44,4.44,5500
2019-08-14,4.44,4.44,4.44,4.44,4500
2019-08-15,4.35,4.35,4.17,4.17,16300
2019-08-16,4.44,4.44,4.35,4.35,9200
2019-08-19,4.44,4.35,4.35,4.35,0
2019-08-20,4.44,4.44,4.44,4.44,2000
2019-08-21,4.44,4.44,4.44,4.44,0
2019-08-22,4.44,4.44,4.44,4.44,0
2019-08-23,4.44,4.44,4.44,4.44,0
2019-08-26,3.99,4.35,3.99,4.35,1800
2019-08-27,4.26,4.26,4.08,4.08,9500
2019-08-28,4.44,4.62,4.44,4.62,11820
2019-08-29,4.88,5.15,4.79,5.06,64444
2019-08-30,5.15,5.15,4.88,4.88,300
2019-09-03,4.44,4.53,4.44,4.44,19800
2019-09-04,4.35,4.7,4.26,4.26,40700
2019-09-05,4.88,4.88,4.26,4.7,25400
2019-09-06,4.35,4.53,4.35,4.53,4300
2019-09-09,4.35,4.35,4.35,4.35,4000
2019-09-10,4.62,4.62,4.35,4.44,6900
2019-09-11,4.44,4.44,4.44,4.44,1000
2019-09-12,4.53,4.53,4.53,4.53,2000
2019-09-13,4.7,4.7,4.62,4.62,9010
2019-09-16,4.53,4.53,4.44,4.53,18100
2019-09-17,4.35,4.44,4.26,4.44,13034
2019-09-18,4.44,4.53,4.44,4.53,2300
2019-09-19,4.88,4.88,4.88,4.88,4100
2019-09-20,4.35,4.35,4.35,4.35,105
2019-09-23,4.44,4.44,4.44,4.44,10900
2019-09-24,4.35,4.44,4.35,4.44,2400
2019-09-25,4.44,4.44,4.44,4.44,2700
2019-09-26,4.44,4.44,4.35,4.35,17500
2019-09-27,4.35,4.35,4.35,4.35,8010
2019-09-30,4.26,4.35,4.17,4.26,9000
2019-10-01,4.26,4.26,4.26,4.26,0
2019-10-02,4.26,4.26,4.17,4.26,6000
2019-10-03,4.35,4.35,4.35,4.35,5000
2019-10-04,4.35,4.35,4.35,4.35,0
2019-10-07,4.35,4.44,4.35,4.44,13900
2019-10-08,4.44,4.44,4.44,4.44,2060
2019-10-09,4.35,4.44,4.35,4.44,3100
2019-10-10,4.35,4.35,4.35,4.35,500
2019-10-11,4.35,4.35,4.26,4.26,1300
2019-10-14,4.35,4.26,4.26,4.26,0
2019-10-15,4.26,4.35,4.26,4.35,4300
2019-10-16,4.35,4.35,4.35,4.35,0
2019-10-17,4.35,4.35,4.35,4.35,5000
2019-10-18,4.35,4.35,4.35,4.35,0
2019-10-21,4.35,4.35,4.35,4.35,0
2019-10-22,4.35,4.35,4.35,4.35,26000
2019-10-23,4.35,4.35,4.35,4.35,0
2019-10-24,4.35,4.35,4.35,4.35,0
2019-10-25,4.53,4.53,4.35,4.35,3800
2019-10-28,4.26,4.26,4.26,4.26,1010
2019-10-29,4.44,4.44,4.44,4.44,3000
2019-10-30,4.62,4.62,4.44,4.44,3000
2019-10-31,4.44,4.44,4.44,4.44,0
2019-11-01,4.44,4.44,4.44,4.44,46800
2019-11-04,4.44,4.44,4.44,4.44,0
2019-11-05,4.44,4.44,4.44,4.44,600
2019-11-06,4.44,4.44,4.44,4.44,0
2019-11-07,4.44,4.44,4.44,4.44,0
2019-11-08,4.53,4.53,4.53,4.53,200
2019-11-11,4.53,4.53,4.53,4.53,0
2019-11-12,4.53,4.53,4.53,4.53,0
2019-11-13,4.35,4.35,4.35,4.35,2900
2019-11-14,4.35,4.35,4.35,4.35,0
2019-11-15,4.35,4.35,4.35,4.35,3600
2019-11-18,4.44,4.44,4.44,4.44,2000
2019-11-19,4.44,4.44,4.44,4.44,0
2019-11-20,4.44,4.44,4.44,4.44,0
2019-11-21,4.08,4.35,4.08,4.35,7000
2019-11-22,4.44,4.44,4.44,4.44,2000
2019-11-25,4.44,4.44,4.44,4.44,0
2019-11-26,4.35,4.35,4.35,4.35,11300
2019-11-27,4.44,4.44,4.44,4.44,100
2019-11-28,4.44,4.44,4.44,4.44,0
2019-11-29,4.35,4.35,4.35,4.35,4200
2019-12-02,4.35,4.35,4.35,4.35,0
2019-12-03,4.35,4.35,4.35,4.35,4500
2019-12-04,4.35,4.35,4.35,4.35,0
2019-12-05,4.35,4.35,4.35,4.35,0
2019-12-06,4.44,4.44,4.44,4.44,100
2019-12-09,4.53,4.53,4.53,4.53,2700
2019-12-10,4.26,4.26,4.26,4.26,100
2019-12-11,4.44,4.44,4.44,4.44,12000
2019-12-12,4.44,4.44,4.44,4.44,800
2019-12-13,4.44,4.44,4.44,4.44,100
2019-12-16,4.7,4.7,4.44,4.44,13000
2019-12-17,4.26,4.44,4.26,4.35,7000
2019-12-18,4.79,4.79,4.44,4.44,17800
2019-12-19,4.62,4.62,4.62,4.62,2020
2019-12-20,4.62,4.62,4.62,4.62,0
2019-12-23,4.7,4.7,4.44,4.44,10000
2019-12-24,4.53,4.44,4.44,4.44,0
2019-12-25,4.35,4.35,4.35,4.35,20000
2019-12-26,4.62,4.62,4.35,4.35,9830
2019-12-27,4.62,4.62,4.26,4.26,4600
2019-12-30,4.44,4.26,4.26,4.26,0
2019-12-31,4.26,4.26,4.26,4.26,2000
2020-01-02,4.44,4.44,4.44,4.44,1000
2020-01-03,4.44,4.44,4.44,4.44,400
2020-01-06,4.35,4.35,4.35,4.35,1000
2020-01-07,4.35,4.35,4.35,4.35,4600
2020-01-08,4.53,4.53,4.53,4.53,3000
2020-01-09,4.53,4.53,4.53,4.53,0
2020-01-10,4.53,4.53,4.53,4.53,0
2020-01-13,4.08,4.08,3.91,3.91,29000
2020-01-14,4.44,4.44,3.91,3.91,14100
2020-01-15,3.91,3.91,3.91,3.91,12000
2020-01-16,4.35,4.35,3.37,3.37,19400
2020-01-17,4.08,4.17,3.99,3.99,7400
2020-01-20,3.99,4.08,3.91,3.99,17800
2020-01-21,4.08,4.08,3.91,3.91,10900
2020-01-22,3.91,4.26,3.91,4.26,5000
2020-01-30,4.17,4.35,4.17,4.35,5200
2020-01-31,4.35,4.44,4.35,4.35,17500
2020-02-03,4.26,4.26,4.26,4.26,2500
2020-02-04,4.08,4.26,4.08,4.26,2000
2020-02-05,4.17,4.26,4.26,4.26,0
2020-02-06,4.35,4.35,4.35,4.35,100
2020-02-07,4.35,4.35,4.35,4.35,100
2020-02-10,4.35,4.35,4.35,4.35,0
2020-02-11,4.08,4.26,4.08,4.26,7000
2020-02-12,4.17,4.17,4.17,4.17,100
2020-02-13,4.17,4.17,4.17,4.17,0
2020-02-14,4.35,4.35,4.26,4.26,2400
2020-02-17,4.26,4.26,4.26,4.26,0
2020-02-18,4.17,4.17,4.08,4.08,5000
2020-02-19,4.26,4.26,4.17,4.26,24500
2020-02-20,4.26,4.26,4.17,4.17,9000
2020-02-21,4.08,4.08,4.08,4.08,5100
2020-02-24,4.08,4.08,4.08,4.08,900
2020-02-25,4.08,4.08,4.08,4.08,2000
2020-02-26,4.08,4.08,4.08,4.08,35
2020-02-27,4.08,4.08,4.08,4.08,0
2020-02-28,4.08,4.08,4.08,4.08,0
2020-03-02,4.08,4.08,4.08,4.08,0
2020-03-03,4.26,4.26,3.91,4.26,4200
2020-03-04,4.26,4.26,4.26,4.26,100
2020-03-05,3.99,3.99,3.99,3.99,1400
2020-03-06,3.99,3.99,3.99,3.99,0
2020-03-09,3.99,3.99,3.46,3.46,28000
2020-03-10,3.2,3.55,3.2,3.55,7700
2020-03-11,3.91,3.91,3.46,3.82,3600
2020-03-12,3.91,3.91,3.73,3.73,600
2020-03-13,3.73,3.73,3.73,3.73,0
2020-03-16,3.64,3.73,3.64,3.73,5000
2020-03-17,3.82,3.82,3.82,3.82,100
2020-03-18,3.82,3.82,3.82,3.82,0
2020-03-19,3.82,3.82,3.82,3.82,20
2020-03-20,3.82,3.82,3.82,3.82,500
2020-03-23,3.37,3.37,3.28,3.28,2100
2020-03-24,3.55,3.55,3.37,3.37,6300
2020-03-25,3.46,3.37,3.37,3.37,0
2020-03-26,3.46,3.37,3.37,3.37,0
2020-03-27,3.28,3.28,3.28,3.28,1300
2020-03-30,3.28,3.28,3.28,3.28,0
2020-03-31,3.46,3.46,3.28,3.28,8000
2020-04-01,3.37,3.28,3.28,3.28,0
2020-04-03,3.73,3.73,3.73,3.73,2500
2020-04-06,3.91,3.91,3.64,3.64,3500
2020-04-07,3.91,3.64,3.64,3.64,0
2020-04-08,3.91,3.64,3.64,3.64,0
2020-04-09,3.91,3.64,3.64,3.64,0
2020-04-10,3.46,3.46,3.37,3.37,4000
2020-04-13,3.28,3.91,3.28,3.73,75600
2020-04-14,4.08,4.17,3.91,4.08,23100
2020-04-15,3.99,3.99,3.91,3.91,2000
2020-04-16,3.46,3.46,3.46,3.46,24500
2020-04-17,3.46,3.64,3.46,3.55,10600
2020-04-20,3.46,3.73,3.46,3.73,23000
2020-04-21,3.82,4.17,3.82,3.82,79900
2020-04-22,3.82,4.08,3.82,3.99,15400
2020-04-23,3.99,3.99,3.73,3.73,11400
2020-04-24,3.64,3.64,3.64,3.64,10800
2020-04-27,3.55,3.91,3.55,3.91,17700
2020-04-28,3.64,3.64,3.64,3.64,12700
2020-04-29,3.73,4.17,3.73,4.17,19600
2020-05-04,4.08,4.08,3.99,3.99,3200
2020-05-05,3.91,3.91,3.82,3.82,2400
2020-05-06,3.91,4.08,3.91,4.08,4200
2020-05-07,3.82,3.82,3.82,3.82,400
2020-05-08,3.99,3.99,3.91,3.91,9300
2020-05-11,3.82,3.82,3.82,3.82,3500
2020-05-12,3.99,3.99,3.73,3.82,7600
2020-05-13,3.64,3.91,3.64,3.82,3200
2020-05-14,3.64,3.91,3.64,3.73,61900
2020-05-15,3.73,3.73,3.73,3.73,0
2020-05-18,3.82,3.99,3.73,3.99,4200
2020-05-19,3.99,3.99,3.99,3.99,4517
2020-05-20,3.99,3.99,3.99,3.99,0
2020-05-21,3.82,3.99,3.82,3.99,4400
2020-05-22,3.91,3.91,3.82,3.82,2100
2020-05-25,3.82,3.82,3.82,3.82,0
2020-05-26,3.99,3.99,3.99,3.99,500
2020-05-27,3.99,3.99,3.82,3.82,5900
2020-05-28,3.91,3.91,3.82,3.82,6200
2020-05-29,3.91,3.91,3.91,3.91,26700
2020-06-01,3.73,3.73,3.55,3.55,5000
2020-06-02,3.82,3.82,3.82,3.82,5700
2020-06-03,3.82,3.82,3.82,3.82,100
2020-06-04,3.73,3.73,3.73,3.73,3100
2020-06-05,3.73,3.73,3.73,3.73,5600
2020-06-08,3.82,3.82,3.73,3.73,8200
2020-06-09,3.82,3.82,3.82,3.82,31400
2020-06-10,3.91,3.99,3.91,3.99,6300
2020-06-11,3.99,3.99,3.55,3.55,29300
2020-06-12,3.64,3.82,3.55,3.82,21300
2020-06-15,3.73,3.82,3.82,3.82,0
2020-06-16,3.82,3.82,3.82,3.82,100
2020-06-17,3.82,3.82,3.82,3.82,100
2020-06-18,3.82,3.82,3.82,3.82,0
2020-06-19,3.82,3.82,3.82,3.82,0
2020-06-22,3.73,4.17,3.73,4.17,34700
2020-06-23,3.82,3.82,3.82,3.82,3000
2020-06-24,3.99,4.08,3.99,4.08,2500
2020-06-25,3.99,4.17,3.99,4.17,13500
2020-06-26,4.08,4.08,3.91,3.91,18000
2020-06-29,3.91,3.91,3.82,3.82,5400
2020-06-30,3.99,4.08,3.73,4.08,2700
2020-07-01,3.82,3.99,3.73,3.73,4018
2020-07-02,4.08,4.08,4.08,4.08,100
2020-07-03,3.73,3.99,3.73,3.99,600
2020-07-06,3.82,3.82,3.82,3.82,6000
2020-07-07,3.99,3.99,3.99,3.99,400
2020-07-08,3.73,3.73,3.73,3.73,9800
2020-07-09,3.73,3.73,3.73,3.73,12000
2020-07-10,3.73,3.73,3.55,3.73,30000
2020-07-13,3.64,3.64,3.64,3.64,10500
2020-07-14,3.64,3.64,3.64,3.64,500
2020-07-15,3.64,3.64,3.55,3.55,55500
2020-07-16,3.55,3.55,3.55,3.55,62500
2020-07-17,3.73,4.08,3.64,4.08,72400
2020-07-20,4.08,4.08,3.82,3.82,1900
2020-07-21,3.73,3.82,3.73,3.73,9100
2020-07-22,3.73,3.73,3.73,3.73,13900
2020-07-23,3.73,3.82,3.73,3.82,15050
2020-07-24,3.73,3.99,3.73,3.99,6700
2020-07-27,3.64,3.64,3.55,3.55,56700
2020-07-28,3.55,3.82,3.55,3.82,700
2020-07-29,3.73,3.82,3.82,3.82,0
2020-07-30,3.73,3.82,3.82,3.82,0
2020-07-31,3.55,3.55,3.55,3.55,6600
2020-08-03,3.55,3.55,3.55,3.55,6000
2020-08-04,3.55,3.55,3.55,3.55,5100
2020-08-05,3.55,3.55,3.55,3.55,7700
2020-08-06,3.55,3.55,3.55,3.55,20000
2020-08-07,3.55,3.64,3.46,3.64,36120
2020-08-10,3.55,3.64,3.55,3.64,19610
2020-08-11,3.73,3.82,3.73,3.82,30720
2020-08-12,3.82,4.26,3.82,4.08,213900
2020-08-13,4.17,4.62,4.17,4.62,432000
2020-08-14,5.24,5.24,4.79,5.15,332600
2020-08-17,4.97,5.33,4.53,5.15,163518
2020-08-18,4.88,5.24,4.7,5.24,166100
2020-08-19,4.97,5.68,4.88,5.68,430230
2020-08-20,5.77,5.77,5.24,5.59,141600
2020-08-21,5.33,5.5,5.33,5.5,134000
2020-08-24,5.41,5.5,5.24,5.41,162528
2020-08-25,5.41,5.86,5.33,5.86,167300
2020-08-26,5.86,6.3,5.77,6.21,206718
2020-08-27,6.21,7.01,5.86,6.12,235301
2020-08-28,6.04,6.04,5.77,5.95,156300
2020-08-31,5.86,6.12,5.68,5.68,141300
2020-09-01,5.86,6.04,5.68,5.95,144720
2020-09-03,5.95,6.04,5.5,5.5,101900
2020-09-04,5.5,5.68,5.33,5.5,155218
2020-09-07,5.5,5.59,5.33,5.41,81100
2020-09-08,5.59,5.59,5.41,5.59,64100
2020-09-09,5.5,5.77,5.5,5.59,80600
2020-09-10,5.59,5.59,5.5,5.5,55722
2020-09-11,5.5,5.59,5.24,5.5,193600
2020-09-14,5.5,5.77,5.5,5.68,57000
2020-09-15,5.68,5.68,5.59,5.59,72000
2020-09-16,5.5,5.59,5.5,5.5,36400
2020-09-17,5.68,5.68,5.5,5.5,84800
2020-09-18,5.5,5.59,5.5,5.5,19000
2020-09-21,5.59,5.59,5.41,5.5,127700
2020-09-22,5.41,5.77,5.33,5.68,163900
2020-09-23,5.68,5.95,5.59,5.77,591800
2020-09-24,5.77,5.86,5.59,5.59,83500
2020-09-25,5.68,5.77,5.59,5.68,145300
2020-09-28,5.59,5.59,5.5,5.5,87100
2020-09-29,5.5,5.59,5.41,5.5,94000
2020-09-30,5.5,5.5,5.41,5.41,85410
2020-10-01,5.5,5.59,5.41,5.41,53000
2020-10-02,5.41,5.5,5.33,5.41,146302
2020-10-05,5.41,5.5,5.33,5.5,60500
2020-10-06,5.41,5.5,5.41,5.5,71900
2020-10-07,5.41,5.41,5.33,5.41,79000
2020-10-08,5.41,5.41,5.33,5.33,41300
2020-10-09,5.5,6.12,5.5,6.12,705000
2020-10-12,6.12,6.21,5.77,5.86,172900
2020-10-13,5.77,6.12,5.77,6.04,173500
2020-10-14,5.95,5.95,5.86,5.86,62100
2020-10-15,5.95,5.95,5.77,5.77,28100
2020-10-16,5.59,5.77,5.5,5.59,112900
2020-10-19,5.59,5.68,5.5,5.59,69000
2020-10-20,5.77,5.95,5.77,5.86,107800
2020-10-21,5.95,5.95,5.68,5.68,171500
2020-10-22,5.68,5.68,5.59,5.68,77900
2020-10-23,5.68,5.77,5.68,5.77,84300
2020-10-26,5.68,5.68,5.59,5.68,52400
2020-10-27,5.59,5.59,5.5,5.5,43800
2020-10-28,5.68,5.68,5.41,5.59,97300
2020-10-29,5.5,5.68,5.5,5.59,62700
2020-10-30,5.59,5.68,5.5,5.68,31700
2020-11-02,5.5,5.59,5.5,5.59,44200
2020-11-03,5.59,5.95,5.59,5.86,183100
2020-11-04,5.77,5.86,5.68,5.68,37300
2020-11-05,5.68,5.68,5.59,5.68,53600
2020-11-06,5.59,5.68,5.5,5.59,86000
2020-11-09,5.59,5.68,5.41,5.59,74000
2020-11-10,5.68,5.68,5.5,5.59,34700
2020-11-11,5.59,5.59,5.59,5.59,34200
2020-11-12,5.59,5.68,5.5,5.59,68700
2020-11-13,5.5,5.59,5.5,5.59,17400
2020-11-16,5.59,5.59,5.41,5.5,51900
2020-11-17,5.5,5.86,5.41,5.68,120500
2020-11-18,5.77,5.86,5.68,5.77,89000
2020-11-19,5.86,6.04,5.77,5.95,115000
2020-11-20,6.04,6.04,5.77,5.86,72900
2020-11-23,5.77,5.77,5.68,5.68,32100
2020-11-24,6.12,6.12,5.59,5.86,165600
2020-11-25,5.86,5.86,5.77,5.86,43200
2020-11-26,5.77,5.77,5.77,5.77,38200
2020-11-27,5.86,5.86,5.77,5.86,125100
2020-11-30,5.86,6.57,5.86,6.57,615800
2020-12-01,7.01,7.1,6.75,6.92,445900
2020-12-02,6.75,7.01,6.57,6.83,106400
2020-12-03,6.57,6.92,6.48,6.83,146000
2020-12-04,6.66,6.75,6.3,6.57,501900
2020-12-07,6.48,6.66,6.39,6.66,197400
2020-12-08,6.66,7.54,6.66,7.37,442000
2020-12-09,7.46,7.46,7.1,7.28,255600
2020-12-10,7.28,7.37,7.01,7.1,107700
2020-12-11,6.92,7.28,6.92,7.19,136208
2020-12-14,7.1,7.19,6.92,7.19,117920
2020-12-15,7.1,7.28,7.01,7.19,95500
2020-12-16,7.19,7.28,7.01,7.1,68027
2020-12-17,7.01,7.1,6.92,7.1,97100
2020-12-18,6.92,7.1,6.92,7.01,95500
2020-12-21,7.01,7.1,6.92,7.01,38400
2020-12-22,6.92,7.19,6.92,7.1,99610
2020-12-23,7.1,7.19,7.01,7.1,153060
2020-12-24,7.1,7.99,6.83,7.81,263900
2020-12-25,7.81,8.25,7.54,7.72,193700
2020-12-28,7.81,7.81,7.37,7.46,167800
2020-12-29,7.37,7.63,7.37,7.37,136954
2020-12-30,7.28,7.37,7.19,7.28,118300
2020-12-31,7.19,7.37,7.1,7.28,100530
2021-01-04,7.19,7.54,7.1,7.46,288810
2021-01-05,7.37,7.37,7.19,7.28,50500
2021-01-06,7.28,7.37,7.19,7.28,52800
2021-01-07,7.37,7.37,7.1,7.37,81500
2021-01-08,7.37,7.37,7.1,7.28,117900
2021-01-11,7.19,7.46,7.19,7.46,78800
2021-01-12,7.46,7.81,7.46,7.72,249700
2021-01-13,7.99,8.08,7.63,7.72,301250
2021-01-14,7.81,7.81,7.46,7.63,183200
2021-01-15,7.54,7.63,7.37,7.54,151100
2021-01-18,7.54,7.63,7.46,7.63,163900
2021-01-19,7.72,7.72,6.48,7.1,262200
2021-01-20,7.1,7.37,6.66,7.1,385500
2021-01-21,7.28,7.54,7.19,7.54,171200
2021-01-22,7.63,7.72,7.37,7.46,166900
2021-01-25,7.46,7.9,7.28,7.72,235572
2021-01-26,7.46,7.72,7.37,7.46,296700
2021-01-27,7.46,8.52,7.46,8.52,589601
2021-01-28,8.43,9.59,7.54,8.08,481972
2021-01-29,8.08,9.05,7.46,8.88,215500
2021-02-01,8.52,8.88,7.63,8.17,355709
2021-02-02,8.61,8.96,7.72,8.17,139900
2021-02-03,7.99,8.25,7.9,7.99,124100
2021-02-04,7.99,8.17,7.9,8.17,135300
2021-02-05,8.08,8.52,7.99,8.08,87800
2021-02-08,7.99,8.08,7.63,7.81,235000
2021-02-09,7.81,8.08,7.81,8.08,43800
2021-02-17,7.99,8.08,7.9,7.99,89109
2021-02-18,8.34,8.88,8.08,8.43,218240
2021-02-19,8.25,8.52,8.25,8.43,72600
2021-02-22,8.43,8.79,8.25,8.43,99458
2021-02-23,8.25,8.7,8.25,8.61,298906
2021-02-24,8.61,9.41,8.61,9.05,391400
2021-02-25,9.05,9.41,8.96,9.23,131730
2021-02-26,9.23,9.41,8.96,9.41,160000
2021-03-01,9.41,9.5,8.96,9.41,231900
2021-03-02,9.32,9.59,9.32,9.41,249900
2021-03-03,9.41,9.41,9.05,9.23,175290
2021-03-04,9.14,9.14,8.79,9.05,221849
2021-03-05,8.96,9.23,8.7,9.14,99049
2021-03-08,9.05,9.5,9.05,9.41,183100
2021-03-09,9.32,9.5,8.96,9.32,198500
2021-03-10,9.32,9.5,9.23,9.5,107400
2021-03-11,9.5,9.5,9.32,9.41,97166
2021-03-12,9.41,9.41,9.14,9.32,89200
2021-03-15,9.32,9.32,9.14,9.14,70600
2021-03-16,9.14,9.23,9.05,9.14,172300
2021-03-17,9.14,9.14,8.96,9.05,65500
2021-03-18,9.05,9.14,8.88,9.05,169000
2021-03-19,8.96,9.14,8.88,9.05,130300
2021-03-22,9.14,9.14,8.88,8.88,71700
2021-03-23,8.88,8.96,8.79,8.88,101800
2021-03-24,8.79,8.79,8.43,8.7,182100
2021-03-25,8.7,8.79,8.52,8.61,79448
2021-03-26,8.52,8.7,8.17,8.7,213300
2021-03-29,8.79,8.79,8.52,8.7,58600
2021-03-30,8.79,8.79,8.52,8.7,54400
2021-03-31,8.61,8.7,8.43,8.61,89600
2021-04-01,8.7,8.79,8.43,8.61,119900
2021-04-02,8.61,8.61,8.52,8.61,153200
2021-04-05,8.61,8.61,8.43,8.52,125900
2021-04-06,8.52,8.79,8.43,8.79,149300
2021-04-07,8.7,9.14,8.61,9.14,171100
2021-04-08,9.05,9.32,8.96,9.14,232900
2021-04-09,9.14,9.23,9.05,9.05,144900
2021-04-12,9.05,9.05,8.79,8.88,80900
2021-04-13,8.88,8.88,8.52,8.52,120100
2021-04-14,8.52,8.7,8.52,8.7,97300
2021-04-15,8.61,8.7,8.52,8.52,80700
2021-04-16,8.52,8.61,8.17,8.52,118000
2021-04-19,8.52,9.67,8.52,9.67,803400
2021-04-20,10.3,10.65,9.67,10.12,473600
2021-04-22,10.3,10.3,9.23,9.32,292500
2021-04-23,9.14,9.32,8.7,9.23,356100
2021-04-26,9.5,9.5,8.88,8.96,141500
2021-04-27,8.88,9.05,8.79,8.96,99300
2021-04-28,8.79,9.23,8.79,9.14,100700
2021-04-29,9.14,9.23,8.96,9.05,55200
2021-05-04,8.88,8.96,8.61,8.96,145900
2021-05-05,8.88,9.05,8.88,8.88,122800
2021-05-06,8.96,9.05,8.79,8.96,127500
2021-05-07,8.96,8.96,8.7,8.7,138800
2021-05-10,8.7,8.79,8.61,8.7,82500
2021-05-11,8.88,9.23,8.7,9.14,203340
2021-05-12,8.96,9.67,8.96,9.5,346960
2021-05-13,9.5,9.59,9.23,9.32,134100
2021-05-14,9.32,9.32,8.96,9.14,83200
2021-05-17,9.05,9.05,8.88,8.96,134900
2021-05-18,8.88,9.32,8.88,9.23,206301
2021-05-19,9.32,9.94,9.23,9.5,484370
2021-05-20,9.59,9.94,9.59,9.76,243601
2021-05-21,9.76,11.18,9.76,10.83,472460
2021-05-24,10.83,11.54,10.83,11.36,350200
2021-05-25,11.36,11.98,10.65,10.92,415608
2021-05-26,11.1,11.1,10.3,10.56,250300
2021-05-27,10.56,10.74,10.38,10.65,163127
2021-05-28,10.47,11.27,10.3,10.83,176623
2021-05-31,10.83,11.01,10.56,10.83,122785
2021-06-01,10.83,11.54,10.65,11.45,253409
2021-06-02,11.18,11.89,11.18,11.45,519644
2021-06-03,11.72,11.72,11.27,11.36,301200
2021-06-04,11.36,11.36,11.01,11.1,188400
2021-06-07,11.18,11.36,10.83,11.01,247966
2021-06-08,11.01,11.18,10.3,10.56,247700
2021-06-09,10.47,11.27,10.3,11.1,220900
2021-06-10,11.36,11.36,10.74,11.27,142400
2021-06-11,11.27,11.45,10.92,11.18,75920
2021-06-14,11.18,11.81,11.01,11.54,505300
2021-06-15,11.63,12.69,11.63,12.34,443000
2021-06-16,12.16,12.6,12.16,12.25,76731
2021-06-17,12.25,12.34,11.63,12.34,252700
2021-06-18,12.34,12.96,12.34,12.87,311100
2021-06-21,12.87,13.23,12.69,13.23,256700
2021-06-22,13.23,13.76,13.05,13.23,317700
2021-06-23,13.23,13.23,12.52,12.78,342200
2021-06-24,12.78,13.23,12.6,13.05,124605
2021-06-25,13.05,13.14,12.78,13.14,59605
2021-06-28,13.23,13.67,12.87,12.96,156000
2021-06-29,13.05,13.14,12.78,12.87,121721
2021-06-30,12.96,13.14,12.69,12.96,214300
2021-07-01,12.96,13.05,12.78,13.05,98500
2021-07-02,13.14,13.14,12.6,12.87,188921
2021-07-05,12.78,12.87,12.52,12.78,217300
2021-07-06,12.6,12.69,11.98,12.25,230000
2021-07-07,12.16,12.16,10.65,11.27,184200
2021-07-08,11.27,11.45,11.1,11.36,68100
2021-07-09,11.1,11.36,10.92,11.01,113700
2021-07-12,10.65,10.65,9.94,10.38,124400
2021-07-13,10.3,11.01,10.3,10.56,50400
2021-07-14,10.65,10.92,10.47,10.47,33700
2021-07-15,10.65,10.74,10.65,10.65,21600
2021-07-16,10.65,10.83,10.47,10.65,50500
2021-07-19,10.65,11.18,10.12,11.1,164300
2021-07-20,10.83,12.07,10.83,12.07,220800
2021-07-21,12.43,12.78,11.98,12.16,102100
2021-07-22,11.89,12.69,11.81,12.6,113110
2021-07-23,12.25,12.69,11.98,12.16,134700
2021-07-26,11.98,12.43,11.72,12.25,66100
2021-07-27,12.52,12.6,12.16,12.25,60900
2021-07-28,12.43,12.43,11.98,11.98,98300
2021-07-29,11.98,12.07,11.89,12.07,66800
2021-07-30,11.98,12.34,11.89,11.89,154400
2021-08-02,11.98,13.49,11.89,12.96,497736
2021-08-03,12.96,13.31,12.78,12.96,132600
2021-08-04,13.05,14.02,12.96,13.49,421376
2021-08-05,13.31,13.49,13.14,13.4,132200
2021-08-06,13.31,13.94,13.23,13.58,251300
2021-08-09,13.58,13.76,13.23,13.67,168942
2021-08-10,13.67,15.0,13.67,14.65,391100
2021-08-11,14.65,15.09,14.29,14.56,213300
2021-08-12,14.47,14.65,14.02,14.02,279500
2021-08-13,13.94,14.38,13.49,14.2,260306
2021-08-16,13.85,14.56,13.76,14.29,103320
2021-08-17,14.29,15.89,14.02,15.0,546100
2021-08-18,15.0,15.27,14.82,15.0,188358
2021-08-19,15.09,15.18,14.82,15.09,83900
2021-08-20,14.91,14.91,13.67,13.94,533320
2021-08-23,14.2,14.38,13.31,14.29,340050
2021-08-24,14.56,15.44,14.2,14.38,238835
2021-08-25,14.65,14.73,14.11,14.29,84500
2021-08-26,14.2,14.73,14.11,14.56,116021
2021-08-27,14.56,15.89,14.29,15.89,758714
2021-08-30,15.71,16.86,15.62,16.78,350500
2021-08-31,17.04,18.55,16.78,18.55,517062
2021-09-01,20.86,20.86,19.08,20.41,992660
2021-09-06,20.5,21.57,18.91,20.95,618028
2021-09-07,20.95,21.3,19.97,20.41,298501
2021-09-08,20.5,20.5,19.35,19.88,202632
2021-09-09,19.26,22.19,18.82,21.04,937390
2021-09-10,21.04,21.21,20.41,20.86,292818
2021-09-13,20.95,21.12,19.88,20.5,256300
2021-09-14,20.86,21.3,20.24,20.68,513600
2021-09-15,20.68,20.86,19.97,20.59,120400
2021-09-16,20.68,23.43,20.41,22.46,561000
2021-09-17,22.46,22.55,21.39,21.83,174000
2021-09-20,22.1,22.19,20.68,21.21,266803
2021-09-21,20.86,21.3,20.33,21.21,326750
2021-09-22,21.3,22.1,20.86,21.3,389060
2021-09-23,21.3,21.66,19.79,20.24,410757
2021-09-24,20.59,20.59,18.2,18.64,566050
2021-09-27,18.02,18.02,16.6,16.69,475046
2021-09-28,16.78,17.49,16.15,17.4,212200
2021-09-29,17.4,17.93,16.86,17.93,109600
2021-09-30,17.93,19.17,17.93,18.55,245329
2021-10-01,18.64,18.64,18.11,18.11,159800
2021-10-04,18.11,18.37,17.66,18.2,154300
2021-10-05,18.02,19.97,18.02,19.44,414118
2021-10-06,19.44,19.7,19.08,19.53,139200
2021-10-07,19.53,19.53,18.73,19.35,106100
2021-10-08,19.08,19.17,18.73,18.99,161550
2021-10-11,18.91,19.17,18.91,19.08,113600
2021-10-12,18.99,19.17,18.82,18.99,196717
2021-10-13,18.99,20.15,18.82,19.97,417422
2021-10-14,19.97,20.68,19.97,20.41,300558
2021-10-15,20.5,20.77,20.15,20.15,173600
2021-10-18,20.15,20.5,19.88,20.24,196600
2021-10-19,19.97,20.06,19.44,19.7,191230
2021-10-20,19.53,19.88,19.08,19.35,205913
2021-10-21,19.44,19.44,18.99,19.26,117000
2021-10-22,19.08,20.77,19.08,19.97,221100
2021-10-25,20.06,22.01,19.53,21.3,813315
2021-10-26,21.3,21.66,20.06,21.57,324460
2021-10-27,21.83,22.72,21.48,21.57,276034
2021-10-28,21.75,21.75,21.04,21.39,280220
2021-10-29,21.57,21.57,20.68,21.04,319100
2021-11-01,21.04,23.61,21.04,23.34,693731
2021-11-02,23.34,23.97,22.9,23.26,296000
2021-11-03,23.26,23.97,22.63,22.99,564305
2021-11-04,22.9,23.61,22.63,23.43,312500
2021-11-05,23.52,23.7,23.08,23.26,259350
2021-11-08,23.34,24.85,23.08,24.68,459697
2021-11-09,24.41,24.41,23.97,24.32,131148
2021-11-10,24.41,27.78,24.41,27.25,577720
2021-11-11,27.16,27.16,26.18,26.81,316310
2021-11-12,26.63,26.72,25.92,26.72,162350
2021-11-15,26.36,26.36,25.39,26.18,220714
2021-11-16,25.92,27.78,25.92,27.07,419510
2021-11-17,26.98,27.07,26.01,26.72,142035
2021-11-18,26.81,27.43,26.27,27.16,324510
2021-11-19,26.98,27.52,23.08,26.18,283706
2021-11-22,26.01,26.36,23.61,23.79,338930
2021-11-23,23.79,24.76,23.08,24.76,211800
2021-11-24,25.65,25.65,23.88,24.32,94618
2021-11-25,24.85,25.03,23.88,24.14,123400
2021-11-26,23.97,24.68,23.26,24.41,183100
2021-11-29,23.79,24.59,23.26,24.59,109722
2021-11-30,24.59,24.85,23.97,24.23,160400
2021-12-01,24.41,24.41,23.97,24.32,72708
2021-12-02,24.32,24.85,23.97,24.41,61114
2021-12-03,24.23,24.23,23.52,23.52,119010
2021-12-06,23.52,23.52,21.75,22.01,167000
2021-12-07,22.19,22.9,22.19,22.72,85000
2021-12-08,22.55,23.34,22.55,23.34,31200
2021-12-09,23.08,23.52,22.72,23.43,30400
2021-12-10,23.26,23.26,23.08,23.17,24100
2021-12-13,23.52,23.61,23.26,23.52,42606
2021-12-14,23.43,24.85,23.34,24.41,131500
2021-12-15,24.41,24.41,23.97,24.14,56200
2021-12-16,24.14,24.14,23.97,24.14,51001
2021-12-17,24.14,24.23,23.7,24.05,86804
2021-12-20,24.05,24.41,23.7,23.88,59700
2021-12-21,24.14,24.14,23.52,23.88,76400
2021-12-22,23.61,23.79,23.08,23.61,80579
2021-12-23,23.52,23.52,22.63,22.99,88000
2021-12-24,22.63,23.52,22.37,22.99,57748
2021-12-27,22.99,22.99,22.72,22.81,22000
2021-12-28,22.63,22.81,22.01,22.19,104889
2021-12-29,22.19,22.28,21.92,22.01,46133
2021-12-30,21.92,22.99,21.75,22.81,63037
2021-12-31,22.9,23.17,22.9,22.9,55800
2022-01-04,22.99,23.08,22.63,23.08,27400
2022-01-05,22.9,22.99,22.55,22.63,65304
2022-01-06,22.55,22.81,22.28,22.28,63400
2022-01-07,22.37,22.46,22.01,22.19,88306
2022-01-10,21.92,22.72,21.75,22.72,90618
2022-01-11,22.46,22.46,22.1,22.19,44904
2022-01-12,21.92,22.01,21.57,21.83,53500
2022-01-13,22.55,22.55,21.75,21.75,28000
2022-01-14,21.66,22.01,21.39,21.83,42903
2022-01-17,21.83,21.83,19.97,21.12,59410
2022-01-18,19.88,21.3,18.11,20.41,37512
2022-01-19,20.24,20.33,19.97,20.15,17029
2022-01-20,20.15,20.33,19.97,20.33,55700
2022-01-21,19.97,20.59,19.97,20.41,38650
2022-01-24,20.41,20.5,19.53,20.41,44226
2022-01-25,20.06,20.33,19.7,19.79,29100
2022-01-26,20.06,20.41,19.88,20.06,23338
2022-01-27,19.7,21.3,19.7,20.68,12400
2022-01-28,21.21,21.21,19.7,20.06,77700
2022-02-07,19.88,20.5,19.88,20.24,33600
2022-02-08,20.06,20.68,20.06,20.68,32000
2022-02-09,20.41,20.86,20.33,20.59,59400
2022-02-10,22.19,22.19,20.86,21.3,100500
2022-02-11,21.3,22.19,21.3,21.57,107200
2022-02-14,21.66,21.75,21.3,21.75,68520
2022-02-15,21.66,22.19,21.48,22.01,74400
2022-02-16,22.01,23.34,22.01,23.08,136000
2022-02-17,23.26,24.23,23.26,24.05,184100
2022-02-18,24.85,24.85,23.34,23.61,111200
2022-02-21,23.08,23.52,22.63,22.9,86100
2022-02-22,22.81,23.08,22.19,23.08,93900
2022-02-23,23.97,24.14,22.55,23.34,49700
2022-02-24,23.34,23.7,21.83,22.37,88300
2022-02-25,22.55,22.81,22.46,22.63,28800
2022-02-28,22.81,22.81,22.28,22.55,17100
2022-03-01,22.28,22.72,22.28,22.46,23000
2022-03-02,22.37,22.55,22.1,22.19,32000
2022-03-03,22.28,23.08,22.19,22.81,88400
2022-03-04,22.81,23.08,22.46,22.9,39500
2022-03-07,22.9,25.21,22.81,25.03,604200
2022-03-08,25.03,25.92,24.32,24.59,360800
2022-03-09,24.94,24.94,23.43,24.59,195100
2022-03-10,24.5,25.65,24.32,25.47,569104
2022-03-11,25.39,26.1,25.39,25.56,739328
2022-03-14,25.56,25.56,24.32,24.76,180700
2022-03-15,24.59,24.59,23.7,23.97,203200
2022-03-16,23.97,24.5,23.08,24.14,136049
2022-03-17,24.23,24.68,24.14,24.32,102428
2022-03-18,24.32,24.32,23.61,23.79,142133
2022-03-21,23.97,24.14,23.52,23.97,141700
2022-03-22,23.79,24.32,23.79,23.97,92000
2022-03-23,23.97,23.97,23.61,23.61,127400
2022-03-24,23.61,25.3,23.17,24.23,143000
2022-03-25,24.41,24.41,23.97,24.23,65000
2022-03-28,24.14,24.14,23.26,23.34,136120
2022-03-29,23.34,23.43,22.72,23.34,109700
2022-03-30,23.17,23.79,22.99,23.08,116017
2022-03-31,22.99,22.99,22.55,22.81,88500
2022-04-01,22.19,22.99,21.83,22.55,71700
2022-04-04,22.28,22.63,22.28,22.37,71800
2022-04-05,22.9,23.08,22.37,22.46,58300
2022-04-06,22.19,22.55,22.01,22.19,75000
2022-04-07,22.01,22.19,21.75,21.75,85300
2022-04-08,22.1,22.19,21.66,21.83,48600
2022-04-12,21.83,21.83,20.86,20.86,118300
2022-04-13,20.86,20.95,20.06,20.68,82000
2022-04-14,20.77,20.77,20.41,20.41,42905
2022-04-15,21.21,21.3,20.24,20.77,75806
2022-04-18,20.86,20.86,19.97,20.15,48300
2022-04-19,19.97,20.24,18.64,19.35,51300
2022-04-20,19.44,19.44,17.75,17.75,60300
2022-04-21,15.98,19.53,15.98,16.51,71820
2022-04-22,19.17,19.17,16.51,17.75,52700
2022-04-25,18.64,18.64,15.98,16.07,22700
2022-04-26,16.86,16.86,15.62,16.78,39300
2022-04-27,17.93,18.11,17.4,17.93,53600
2022-04-28,18.2,18.2,17.75,17.84,21000
2022-04-29,18.02,18.02,16.86,17.93,26600
2022-05-04,17.22,18.02,17.22,17.57,27200
2022-05-05,17.93,17.93,17.49,17.75,1200
2022-05-06,16.95,17.66,16.95,17.31,26000
2022-05-09,16.07,16.6,15.62,15.62,43500
2022-05-10,16.15,16.15,15.53,15.71,14300
2022-05-11,15.71,16.24,15.71,16.24,17800
2022-05-12,16.07,16.15,15.09,15.71,31600
2022-05-13,15.62,16.42,13.76,13.85,91000
2022-05-16,14.91,15.09,14.29,14.91,74300
2022-05-17,14.73,15.53,14.65,15.53,47400
2022-05-18,14.91,16.07,14.91,15.18,5800
2022-05-19,14.91,15.18,14.73,15.18,22000
2022-05-20,15.0,15.53,14.91,14.91,6100
2022-05-23,15.09,15.09,14.82,14.82,32800
2022-05-24,15.09,15.53,15.09,15.18,62000
2022-05-25,15.44,16.69,15.44,16.33,35400
2022-05-26,16.95,16.95,16.33,16.51,18400
2022-05-27,16.86,16.86,16.07,16.07,72400
2022-05-30,16.07,16.42,15.89,16.24,8300
2022-05-31,16.86,16.86,16.15,16.24,7100
2022-06-01,16.15,16.15,15.8,15.8,20000
2022-06-02,16.07,16.42,15.44,15.44,37300
2022-06-03,15.8,15.98,15.44,15.98,15800
2022-06-06,15.98,15.98,15.18,15.18,13100
2022-06-07,15.89,15.89,15.18,15.71,2600
2022-06-08,15.53,15.89,15.53,15.89,30900
2022-06-09,15.98,15.98,15.44,15.62,3800
2022-06-10,15.89,15.89,15.27,15.27,34100
2022-06-13,15.27,15.27,14.29,15.0,39301
2022-06-14,14.38,14.65,13.94,14.2,29800
2022-06-15,14.29,14.29,13.67,13.67,16800
2022-06-16,13.31,14.91,13.31,14.38,4900
2022-06-17,14.11,14.11,12.52,12.96,9400
2022-06-20,14.11,14.11,12.07,12.87,41100
2022-06-21,13.14,13.14,12.07,12.07,26100
2022-06-22,12.43,12.52,12.43,12.52,13800
2022-06-23,13.14,13.14,13.05,13.14,12100
2022-06-24,13.4,13.49,13.31,13.4,8600
2022-06-27,13.58,13.58,12.6,13.49,18000
2022-06-28,14.2,14.2,13.4,13.67,21800
2022-06-29,13.4,13.4,13.05,13.05,7600
2022-06-30,14.11,14.11,13.14,13.14,7800
2022-07-01,13.49,13.49,12.87,13.31,6200
2022-07-04,13.31,13.58,13.14,13.49,14500
2022-07-05,13.49,13.49,13.31,13.31,11500
2022-07-06,13.49,13.49,13.4,13.4,300
2022-07-07,13.4,13.4,13.31,13.31,800
2022-07-08,13.31,13.31,12.96,13.23,7100
2022-07-11,13.31,13.31,12.87,12.96,2300
2022-07-12,13.31,13.31,12.78,13.14,9000
2022-07-13,13.31,13.31,12.96,12.96,8100
2022-07-14,13.14,13.31,13.05,13.14,7000
2022-07-15,13.31,14.2,13.31,13.58,22800
2022-07-18,13.67,13.85,13.31,13.67,6400
2022-07-19,13.67,13.67,13.31,13.49,7200
2022-07-20,14.02,14.2,13.76,14.02,18800
2022-07-21,14.2,15.09,14.02,14.73,56600
2022-07-22,14.91,14.91,14.11,14.11,43900
2022-07-25,14.91,14.91,14.02,14.02,12700
2022-07-26,14.29,14.65,13.76,14.29,19300
2022-07-27,14.47,14.47,13.76,13.94,12300
2022-07-28,14.2,14.2,13.85,14.11,6500
2022-07-29,14.38,14.38,13.94,14.11,6800
2022-08-01,14.11,14.56,13.67,14.11,61900
2022-08-02,13.85,14.2,13.85,13.94,15100
2022-08-03,13.85,14.2,13.85,14.02,18200
2022-08-04,14.29,14.56,14.2,14.29,41000
2022-08-05,14.02,14.2,14.02,14.02,8200
2022-08-08,14.38,14.38,14.02,14.02,8900
2022-08-09,14.2,14.2,13.94,14.02,15800
2022-08-10,14.38,15.98,14.02,15.98,197000
2022-08-11,15.98,16.24,15.27,16.24,126000
2022-08-12,16.42,16.51,15.98,16.51,68100
2022-08-15,16.6,16.69,15.98,15.98,95900
2022-08-16,16.24,16.24,15.36,15.53,51600
2022-08-17,16.6,16.6,15.36,15.71,37000
2022-08-18,15.18,15.71,15.09,15.27,8400
2022-08-19,15.62,15.62,15.18,15.18,17200
2022-08-22,15.53,16.24,15.09,15.36,8700
2022-08-23,15.89,15.89,15.27,15.27,6100
2022-08-24,15.09,15.53,15.09,15.53,17100
2022-08-25,15.18,15.44,15.09,15.18,25000
2022-08-26,15.89,15.89,15.0,15.0,5200
2022-08-29,15.09,15.09,14.56,14.82,10700
2022-08-30,15.09,15.09,14.73,14.73,4301
2022-08-31,15.0,15.0,14.56,14.82,13700
2022-09-05,15.8,15.8,14.56,14.65,17900
2022-09-06,15.18,15.18,14.56,14.56,16300
2022-09-07,14.56,15.0,14.47,14.47,9200
2022-09-08,15.09,15.09,14.29,14.38,12400
2022-09-09,14.65,14.65,14.29,14.29,7510
2022-09-12,14.91,14.91,14.38,14.56,2401
2022-09-13,14.47,14.47,14.47,14.47,6500
2022-09-14,14.38,14.47,13.85,14.11,4500
2022-09-15,14.11,14.47,14.11,14.47,12300
2022-09-16,14.56,14.73,14.2,14.2,9500
2022-09-19,14.82,15.09,12.07,13.58,38320
2022-09-20,14.65,14.82,13.76,14.2,14600
2022-09-21,14.2,14.2,13.76,14.02,1700
2022-09-22,14.02,14.02,13.67,13.85,9400
2022-09-23,13.76,14.11,13.76,14.02,13000
2022-09-26,14.02,14.02,13.67,13.85,37600
2022-09-27,14.73,15.8,13.85,13.85,25900
2022-09-28,14.11,14.11,13.67,13.76,33800
2022-09-29,14.2,14.2,13.76,13.76,6100
2022-09-30,13.94,13.94,13.31,13.67,25700
2022-10-03,14.2,14.2,13.31,13.67,13800
2022-10-04,13.85,13.85,13.31,13.49,10500
2022-10-05,13.85,13.85,13.31,13.31,17000
2022-10-06,13.76,13.76,12.69,12.69,11800
2022-10-07,13.58,13.58,12.43,12.43,9000
2022-10-10,13.58,13.58,11.98,12.69,27900
2022-10-11,12.87,13.23,12.25,12.25,12402
2022-10-12,12.52,12.87,12.43,12.43,5700
2022-10-13,14.47,14.47,12.78,12.78,1400
2022-10-14,12.87,13.4,12.52,12.52,9900
2022-10-17,12.43,12.6,12.43,12.6,7100
2022-10-18,13.76,13.76,12.87,12.87,300
2022-10-19,12.16,13.05,12.16,13.05,1710
2022-10-20,13.23,13.23,12.52,12.78,1200
2022-10-21,12.07,12.07,12.07,12.07,2400
2022-10-24,12.69,12.69,11.63,11.63,2720
2022-10-25,12.6,12.6,11.18,11.18,8100
2022-10-26,12.25,12.25,10.65,11.1,9500
2022-10-27,11.81,11.81,10.65,10.92,10800
2022-10-28,11.98,11.98,10.92,10.92,1000
2022-10-31,11.54,11.54,11.01,11.01,300
2022-11-01,11.27,11.27,10.65,11.18,8300
2022-11-02,11.1,11.1,11.1,11.1,4400
2022-11-03,11.1,11.1,10.74,10.74,7200
2022-11-04,10.74,10.74,9.76,10.65,1500
2022-11-07,9.59,10.56,9.14,9.14,41600
2022-11-08,9.5,9.59,9.23,9.59,7600
2022-11-09,10.92,10.92,10.74,10.74,601
2022-11-10,10.56,10.56,9.41,9.41,2900
2022-11-11,9.41,9.94,8.25,9.59,1900
2022-11-14,8.25,8.61,8.08,8.61,6200
2022-11-15,8.43,8.43,7.1,7.1,8902
2022-11-16,7.81,8.25,6.39,8.25,26010
2022-11-17,8.08,8.17,7.99,8.17,7500
2022-11-18,8.88,8.88,8.43,8.43,1900
2022-11-21,9.76,9.76,8.61,8.7,3700
2022-11-22,9.14,9.14,8.79,8.88,1600
2022-11-23,8.88,8.88,8.88,8.88,100
2022-11-24,8.61,8.61,7.81,7.81,5100
2022-11-25,8.61,8.61,6.92,7.9,2001
2022-11-28,8.52,8.7,7.9,8.61,14702
2022-11-29,8.88,8.88,8.17,8.7,3110
2022-11-30,9.05,9.05,8.25,8.88,23500
2022-12-01,9.23,9.94,8.79,8.79,6506
2022-12-02,9.23,9.23,8.7,9.23,7800
2022-12-05,9.85,9.85,8.96,9.32,19200
2022-12-06,9.59,9.67,9.14,9.5,22300
2022-12-07,9.5,10.92,9.5,10.38,82500
2022-12-08,11.01,11.18,10.38,10.38,3300
2022-12-09,12.6,12.6,10.92,10.92,2300
2022-12-12,10.65,11.18,9.59,10.03,29700
2022-12-13,11.36,11.36,8.52,9.32,37900
2022-12-14,9.76,9.76,8.79,8.88,2000
2022-12-15,8.52,9.5,8.52,8.88,10200
2022-12-16,9.14,9.76,8.25,9.32,20300
2022-12-19,10.03,10.03,8.88,8.88,9400
2022-12-20,8.61,8.7,8.17,8.52,12800
2022-12-21,9.32,9.76,8.43,8.43,5300
2022-12-22,9.41,9.41,8.7,8.88,900
2022-12-23,9.59,9.67,8.79,8.88,8100
2022-12-26,9.23,9.23,8.88,8.88,900
2022-12-27,8.88,8.88,8.88,8.88,300
2022-12-28,8.88,8.88,8.52,8.88,1200
2022-12-29,8.88,9.85,8.88,8.88,2700
2022-12-30,8.79,8.88,8.43,8.52,7300
2023-01-03,9.14,9.23,8.88,8.88,11000
2023-01-04,8.88,9.05,8.88,8.96,5800
2023-01-05,9.05,9.05,8.88,9.05,10300
2023-01-06,9.05,9.23,8.79,8.79,7500
2023-01-09,9.14,9.23,8.7,8.88,4800
2023-01-10,9.05,9.05,8.79,8.79,1100
2023-01-11,8.7,9.85,8.7,9.67,45100
2023-01-12,9.94,9.94,9.23,9.41,4100
2023-01-13,9.67,9.76,9.23,9.23,3600
2023-01-16,9.41,9.76,8.96,9.32,5800
2023-01-17,9.41,9.59,8.96,9.5,900
2023-01-18,10.38,10.38,9.32,9.59,1800
2023-01-19,9.67,9.76,9.23,9.76,12100
2023-01-27,10.47,10.47,8.88,9.05,8100
2023-01-30,9.59,9.59,9.23,9.23,2900
2023-01-31,9.85,9.85,8.96,9.41,4800
2023-02-01,9.5,9.59,8.96,9.14,16500
2023-02-02,9.14,9.14,9.05,9.05,500
2023-02-03,9.05,9.05,8.88,8.88,2600
2023-02-06,9.23,9.5,8.52,9.05,6300
2023-02-07,9.5,9.5,8.88,8.88,2600
2023-02-08,9.32,10.03,9.32,9.32,4500
2023-02-09,9.67,9.67,9.23,9.23,8700
2023-02-10,9.5,9.76,9.32,9.32,18500
2023-02-13,9.76,10.38,9.14,9.14,6100
2023-02-14,9.5,9.5,9.5,9.5,100
2023-02-15,9.14,9.23,9.14,9.14,7700
2023-02-16,9.59,10.3,9.23,9.23,2900
2023-02-17,9.5,9.5,9.32,9.32,1400
2023-02-20,9.59,9.59,9.14,9.32,10300
2023-02-21,9.67,9.76,9.41,9.67,45300
2023-02-22,9.76,10.65,9.59,9.76,56100
2023-02-23,10.65,10.65,9.67,9.94,17900
2023-02-24,9.94,9.94,9.59,9.67,4300
2023-02-27,10.21,10.21,9.5,9.85,28201
2023-02-28,9.94,10.21,9.94,10.12,300
2023-03-01,10.47,10.47,9.59,9.94,7500
2023-03-02,10.21,10.21,9.67,10.12,4800
2023-03-03,10.3,10.3,9.76,9.85,10600
2023-03-06,10.38,10.38,10.12,10.38,29500
2023-03-07,10.56,10.56,10.03,10.12,4800
2023-03-08,10.12,10.47,10.12,10.47,5301
2023-03-09,10.47,10.47,10.12,10.21,2500
2023-03-10,10.47,10.47,10.47,10.47,100
2023-03-13,10.56,10.83,9.94,9.94,4800
2023-03-14,10.38,10.38,9.59,10.21,17300
2023-03-15,10.38,10.38,9.59,9.59,39100
2023-03-16,9.5,9.5,9.41,9.5,12900
2023-03-17,10.47,10.47,9.41,9.41,10400
2023-03-20,9.76,10.3,9.5,9.5,9900
2023-03-21,9.94,9.94,9.94,9.94,300
2023-03-22,10.47,10.47,10.47,10.47,100
2023-03-23,9.59,9.94,9.59,9.94,700
2023-03-24,9.85,9.85,9.5,9.5,1000
2023-03-27,10.03,10.03,9.59,9.59,600
2023-03-28,9.67,9.67,9.41,9.59,900
2023-03-29,9.14,9.67,9.14,9.67,1500
2023-03-30,9.76,9.76,9.76,9.76,600
2023-03-31,9.85,9.85,9.67,9.67,900
2023-04-03,9.32,9.67,9.32,9.32,14100
2023-04-04,9.76,9.76,9.23,9.23,1556
2023-04-05,9.76,9.76,9.23,9.5,36800
2023-04-06,10.21,10.21,10.03,10.03,1205
2023-04-07,10.47,10.47,9.32,9.67,2100
2023-04-10,10.47,10.47,9.23,9.59,6700
2023-04-11,9.94,9.94,9.94,9.94,100
2023-04-12,10.03,10.03,9.5,9.5,10800
2023-04-13,9.76,9.76,9.23,9.5,2600
2023-04-14,9.41,9.5,9.41,9.5,1500
2023-04-17,9.59,9.76,9.14,9.5,6900
2023-04-18,9.67,9.67,9.23,9.23,1900
2023-04-19,9.32,10.74,9.32,10.74,75950
2023-04-20,11.98,12.07,11.1,12.07,109525
2023-04-21,12.87,13.31,12.34,12.78,81500
2023-04-24,14.65,14.65,11.54,11.54,44800
2023-04-25,11.54,11.54,11.01,11.01,29130
2023-04-26,11.72,12.43,11.18,12.25,42508
2023-04-27,11.1,12.43,11.1,11.72,13200
2023-04-28,11.89,11.98,11.36,11.36,21100
2023-05-04,11.98,11.98,11.1,11.89,11700
2023-05-05,11.81,11.81,11.36,11.36,10400
2023-05-08,13.23,13.23,11.18,11.54,11301
2023-05-09,11.98,11.98,11.1,11.72,18705
2023-05-10,11.72,11.72,10.83,11.54,22200
2023-05-11,11.54,11.54,11.18,11.18,5000
2023-05-12,11.72,11.72,10.83,10.83,23400
2023-05-15,11.54,11.54,11.36,11.45,1111
2023-05-16,11.54,11.54,10.92,11.1,21100
2023-05-17,11.36,11.36,10.92,10.92,808
2023-05-18,11.54,11.54,11.01,11.01,6725
2023-05-19,11.36,11.36,10.74,11.18,9400
2023-05-22,9.59,11.45,9.59,11.1,14300
2023-05-23,11.36,11.36,10.92,10.92,9600
2023-05-24,11.45,11.45,11.01,11.36,1300
2023-05-25,10.92,10.92,10.65,10.65,4500
2023-05-26,11.18,11.27,10.83,11.27,3004
2023-05-29,11.54,11.89,9.85,11.89,51700
2023-05-30,12.43,13.05,11.98,13.05,152736
2023-05-31,14.11,14.11,12.87,12.87,17212
2023-06-01,13.31,13.31,12.6,12.6,15914
2023-06-02,13.85,13.85,12.87,13.14,130600
2023-06-05,13.76,13.76,13.05,13.05,18002
2023-06-06,12.96,13.23,12.96,13.23,1800
2023-06-07,13.14,13.76,12.96,13.14,10024
2023-06-08,13.23,13.23,12.69,12.78,8800
2023-06-09,12.43,12.87,12.43,12.78,1500
2023-06-12,12.69,12.96,12.43,12.96,1621
2023-06-13,14.29,14.29,13.76,13.76,610
2023-06-14,12.69,12.96,12.43,12.43,12203
2023-06-15,12.43,13.05,12.43,13.05,1300
2023-06-16,13.05,13.05,12.43,12.6,10600
2023-06-19,11.98,12.52,11.98,12.52,701
2023-06-20,11.89,12.07,11.81,12.07,8901
2023-06-21,12.78,12.78,11.98,11.98,1101
2023-06-22,12.69,12.69,11.98,11.98,5903
2023-06-23,12.07,12.07,11.98,11.98,9500
2023-06-26,12.34,12.34,11.89,11.89,3100
2023-06-27,11.72,11.98,11.54,11.72,21000
2023-06-28,11.89,11.89,11.63,11.72,793
2023-06-29,11.72,11.98,11.72,11.98,700
2023-06-30,11.98,11.98,11.54,11.54,700
2023-07-03,11.54,11.98,11.54,11.98,9700
2023-07-04,12.16,12.16,11.72,11.81,6600
2023-07-05,11.72,11.72,11.63,11.63,12500
2023-07-06,13.23,13.23,11.81,12.25,9100
2023-07-07,12.07,12.07,12.07,12.07,0
2023-07-10,12.07,12.07,12.07,12.07,0
2023-07-11,11.54,12.43,11.54,11.72,29800
2023-07-12,12.25,12.25,11.63,11.63,26800
2023-07-13,12.07,12.07,11.63,11.72,11400
2023-07-14,11.63,11.72,11.54,11.54,13200
2023-07-17,11.63,11.63,11.36,11.54,16000
2023-07-18,11.89,11.89,10.12,11.54,10002
2023-07-19,11.45,11.54,11.36,11.54,6600
2023-07-20,11.45,11.45,11.36,11.36,3200
2023-07-21,11.36,11.54,11.18,11.45,6300
2023-07-24,11.27,11.27,11.27,11.27,1400
2023-07-25,11.27,11.98,11.27,11.81,34100
2023-07-26,11.63,12.07,11.63,11.63,1710
2023-07-27,11.81,11.81,11.54,11.81,8600
2023-07-28,11.54,13.4,11.54,11.89,63900
2023-07-31,11.27,11.54,11.18,11.54,6800
2023-08-01,11.45,11.89,11.45,11.45,15800
2023-08-02,11.63,11.63,11.63,11.63,0
2023-08-03,11.36,11.81,11.36,11.81,13300
2023-08-04,11.63,11.72,11.36,11.72,5600
2023-08-07,11.54,11.98,11.45,11.45,14709
2023-08-08,11.89,11.89,11.45,11.72,3100
2023-08-09,11.45,11.89,11.27,11.89,7500
2023-08-10,11.89,11.89,11.54,11.54,4600
2023-08-11,11.36,11.63,11.36,11.36,7200
2023-08-14,11.81,11.81,11.54,11.54,5100
2023-08-15,11.63,11.81,11.45,11.81,15100
2023-08-16,11.81,11.81,11.36,11.81,11700
2023-08-17,11.54,11.54,11.45,11.45,3000
2023-08-18,11.45,11.81,11.1,11.81,9200
2023-08-21,11.36,11.72,11.36,11.72,2000
2023-08-22,11.81,12.43,11.54,11.54,10600
2023-08-23,11.72,11.72,11.72,11.72,2600
2023-08-24,11.81,11.81,11.81,11.81,1200
2023-08-25,11.72,11.72,11.54,11.54,1200
2023-08-28,11.72,11.72,11.72,11.72,2600
2023-08-29,11.72,11.72,11.36,11.54,4810
2023-08-30,11.36,11.36,11.36,11.36,2400
2023-08-31,11.54,11.89,11.45,11.54,29600
2023-09-05,11.54,11.54,11.54,11.54,1700
2023-09-06,11.89,13.23,11.54,11.98,100467
2023-09-07,12.87,13.94,12.07,12.6,80100
2023-09-08,12.87,13.49,11.63,12.07,38500
2023-09-11,11.63,12.43,11.63,11.98,16900
2023-09-12,11.54,12.07,11.54,11.98,305
2023-09-13,11.45,11.63,11.36,11.63,7800
2023-09-14,11.45,11.45,11.36,11.45,18800
2023-09-15,11.45,11.81,11.36,11.63,11900
2023-09-18,11.36,11.36,11.36,11.36,7300
2023-09-19,11.36,11.81,11.18,11.81,4100
2023-09-20,10.38,11.54,10.38,11.54,18600
2023-09-21,11.18,11.18,11.1,11.1,5600
2023-09-22,11.1,11.63,10.92,11.45,9500
2023-09-25,11.1,11.45,11.01,11.45,3900
2023-09-26,11.1,11.45,11.1,11.45,5000
2023-09-27,11.36,11.36,11.36,11.36,100
2023-09-28,11.1,11.36,11.1,11.36,12400
2023-09-29,11.18,11.18,11.18,11.18,200
2023-10-02,11.45,11.54,11.45,11.54,1000
2023-10-03,10.83,11.36,10.83,11.36,1300
2023-10-04,10.74,11.36,10.65,11.36,4800
2023-10-05,10.83,10.83,10.83,10.83,700
2023-10-06,11.01,11.36,10.83,11.36,2500
2023-10-09,11.54,11.54,10.83,11.45,2100
2023-10-10,11.45,11.45,11.1,11.1,800
2023-10-11,11.54,11.54,11.1,11.45,16200
2023-10-12,11.54,11.54,11.54,11.54,0
2023-10-13,10.92,11.45,10.92,11.45,1100
2023-10-16,11.54,11.54,11.1,11.1,2200
2023-10-17,11.18,11.36,10.74,11.27,3000
2023-10-18,11.1,11.1,11.1,11.1,0
2023-10-19,11.27,11.45,11.01,11.01,4700
2023-10-20,11.18,11.18,11.18,11.18,1000
2023-10-23,11.45,11.54,11.1,11.1,6700
2023-10-24,11.1,11.1,11.01,11.1,8000
2023-10-25,11.1,11.1,11.1,11.1,1100
2023-10-26,11.01,11.1,10.56,11.1,8800
2023-10-27,10.83,11.01,10.83,11.01,3200
2023-10-30,11.01,11.1,11.01,11.1,2800
2023-10-31,10.56,11.01,10.56,11.01,1200
2023-11-01,10.56,10.92,10.56,10.92,4400
2023-11-02,11.45,11.45,11.45,11.45,1000
2023-11-03,10.65,10.92,10.65,10.92,9800
2023-11-06,11.1,11.36,10.65,11.36,14800
2023-11-07,11.18,11.27,11.18,11.27,19000
2023-11-08,11.27,11.27,10.65,11.18,6000
2023-11-09,11.54,11.54,11.54,11.54,10000
2023-11-10,11.36,11.36,10.83,11.36,4900
2023-11-13,11.18,11.18,11.18,11.18,0
2023-11-14,10.83,11.1,10.83,10.83,3900
2023-11-15,11.18,11.45,10.74,10.74,3500
2023-11-16,10.74,10.74,10.56,10.56,20000
2023-11-17,10.65,11.01,10.65,11.01,1000
2023-11-20,11.18,11.18,11.18,11.18,500
2023-11-21,10.03,11.01,10.03,11.01,2600
2023-11-22,11.01,11.54,11.01,11.36,22200
2023-11-23,11.45,11.45,10.74,10.74,1500
2023-11-24,10.56,11.18,10.56,11.18,4000
2023-11-27,11.18,11.27,11.18,11.27,500
2023-11-28,10.65,11.18,10.56,11.01,1800
2023-11-29,10.65,10.65,10.56,10.56,1400
2023-11-30,11.27,11.27,10.65,10.65,2600
2023-12-01,10.65,11.1,10.56,11.1,3700
2023-12-04,10.03,10.92,10.03,10.92,4300
2023-12-05,10.92,11.18,10.38,10.38,2000
2023-12-06,10.74,10.74,10.74,10.74,0
2023-12-07,10.56,11.36,10.47,10.92,1156700
2023-12-08,11.36,11.36,10.65,10.65,4600
2023-12-11,11.18,11.18,10.65,10.65,12000
2023-12-12,10.65,10.65,10.65,10.65,3400
2023-12-13,10.65,10.65,10.56,10.56,4300
2023-12-14,10.56,11.01,10.47,11.01,800
2023-12-15,10.47,10.47,10.47,10.47,900
2023-12-18,10.74,11.18,10.65,11.1,533400
2023-12-19,10.65,11.18,10.65,11.18,2600
2023-12-20,11.1,11.1,11.1,11.1,500
2023-12-21,10.65,11.1,10.65,11.1,2000
2023-12-22,10.92,11.18,10.92,11.1,700
2023-12-25,11.01,11.27,11.01,11.27,1000
2023-12-26,11.1,11.1,11.1,11.1,300
2023-12-27,11.1,11.1,11.1,11.1,0
2023-12-28,11.1,11.18,11.1,11.18,600
2023-12-29,11.1,11.18,10.92,11.18,1800
2024-01-02,10.74,10.83,10.65,10.65,16000
2024-01-03,10.65,11.01,10.65,11.01,700
2024-01-04,10.65,10.65,10.65,10.65,5500
2024-01-05,10.65,10.65,10.65,10.65,0
2024-01-08,10.92,11.1,10.74,10.74,900
2024-01-09,10.65,11.1,10.56,11.1,3500
2024-01-10,10.65,10.83,10.65,10.83,1200
2024-01-11,10.65,10.65,10.65,10.65,9002
2024-01-12,10.56,10.65,10.56,10.65,1400
2024-01-15,10.65,10.65,10.65,10.65,1100
2024-01-16,11.01,11.1,10.12,10.12,7700
2024-01-17,10.38,10.65,10.38,10.65,5300
2024-01-18,10.38,10.38,10.38,10.38,1500
2024-01-19,10.92,10.92,10.92,10.92,102
2024-01-22,10.21,10.65,10.03,10.65,11200
2024-01-23,10.65,10.65,10.38,10.47,6600
2024-01-24,10.38,10.38,10.12,10.12,3500
2024-01-25,10.56,10.65,10.03,10.03,107100
2024-01-26,10.56,10.65,10.56,10.65,3800
2024-01-29,10.56,10.56,10.56,10.56,500
2024-01-30,10.56,10.65,10.56,10.65,1000
2024-01-31,9.94,10.65,9.94,10.65,600
2024-02-01,10.56,10.56,10.56,10.56,500
2024-02-02,10.56,10.65,10.56,10.65,700
2024-02-05,10.47,10.47,10.47,10.47,200
2024-02-06,10.03,10.03,9.85,9.85,4000
2024-02-07,9.85,10.47,9.85,10.47,1400
2024-02-15,10.92,10.92,10.47,10.47,10800
2024-02-16,10.47,10.65,10.47,10.47,6700
2024-02-19,10.38,10.47,10.03,10.47,5000
2024-02-20,10.03,10.21,10.03,10.21,7100
2024-02-21,10.21,10.21,10.03,10.03,15400
2024-02-22,10.03,10.47,10.03,10.3,1500
2024-02-23,10.3,10.3,10.3,10.3,0
2024-02-26,10.38,10.38,10.12,10.38,1300
2024-02-27,10.47,10.47,10.3,10.3,31300
2024-02-28,10.38,10.38,10.38,10.38,0
2024-02-29,10.03,10.38,10.03,10.38,6200
2024-03-01,10.38,10.38,10.21,10.38,6100
2024-03-04,10.38,10.38,10.38,10.38,2900
2024-03-05,10.38,10.38,10.21,10.21,6300
2024-03-06,10.38,10.56,10.38,10.56,6600
2024-03-07,11.81,11.81,11.27,11.27,1000
2024-03-08,11.01,11.54,10.47,11.1,21300
2024-03-11,11.18,11.18,10.65,11.1,2100
2024-03-12,10.83,11.1,10.83,11.1,1000
2024-03-13,11.18,11.18,10.83,11.01,600
2024-03-14,10.47,11.01,10.47,10.56,2000
2024-03-15,9.23,11.01,9.23,10.47,4300
2024-03-18,11.1,11.1,11.01,11.1,2500
2024-03-19,11.1,11.1,11.1,11.1,0
2024-03-20,10.65,11.1,10.65,11.01,1800
2024-03-21,10.92,11.01,10.47,11.01,3900
2024-03-22,10.83,10.83,10.56,10.83,4100
2024-03-25,11.36,11.36,11.1,11.1,15000
2024-03-26,11.18,11.18,11.18,11.18,0
2024-03-27,10.92,10.92,10.92,10.92,8600
2024-03-28,10.92,11.01,10.92,11.01,600
2024-03-29,11.01,11.01,11.01,11.01,0
2024-04-01,11.01,11.01,11.01,11.01,1900
2024-04-02,10.65,10.65,10.65,10.65,700
2024-04-03,10.56,10.83,10.47,10.83,4900
2024-04-04,10.65,10.65,10.65,10.65,1000
2024-04-05,10.21,10.83,10.21,10.83,700
2024-04-08,10.83,10.83,10.83,10.83,501
2024-04-09,10.65,10.65,10.65,10.65,2000
2024-04-10,10.65,10.65,10.65,10.65,500
2024-04-11,10.65,10.65,10.65,10.65,1000
2024-04-12,10.65,10.65,10.47,10.65,3200
2024-04-15,10.65,10.65,10.56,10.56,200
2024-04-16,9.76,10.65,9.76,10.65,3300
2024-04-17,10.65,11.36,10.65,11.36,63000
2024-04-19,10.47,11.01,10.47,10.83,3002
2024-04-22,11.1,11.1,11.1,11.1,545
2024-04-23,10.74,11.63,9.67,11.27,16900
2024-04-24,11.27,11.27,11.27,11.27,5000
2024-04-25,11.27,11.27,11.27,11.27,500
2024-04-26,10.65,11.18,10.65,10.65,28500
2024-05-02,11.1,11.1,11.1,11.1,0
2024-05-03,11.1,11.1,11.1,11.1,0
2024-05-06,11.1,11.1,11.1,11.1,700
2024-05-07,10.03,11.1,10.03,10.65,7500
2024-05-08,10.65,10.65,10.65,10.65,3700
2024-05-09,10.65,10.65,10.65,10.65,0
2024-05-10,9.5,10.92,9.5,10.92,16268
2024-05-13,10.3,10.56,10.12,10.12,6500
2024-05-14,10.21,10.21,10.03,10.03,4569
2024-05-15,10.21,10.3,9.85,10.3,7600
2024-05-16,10.56,10.65,10.12,10.21,6600
2024-05-17,10.3,10.56,10.21,10.47,7600
2024-05-20,10.47,10.83,10.47,10.47,5000
2024-05-21,10.47,10.65,9.94,10.65,7000
2024-05-22,10.38,10.83,10.38,10.65,5700
2024-05-23,10.12,10.56,10.12,10.56,20500
2024-05-24,10.56,10.56,10.47,10.47,5300
2024-05-27,10.47,10.65,10.47,10.47,4100
2024-05-28,11.01,11.01,10.38,10.65,3200
2024-05-29,10.21,10.56,10.21,10.56,5400
2024-05-30,10.3,10.56,10.3,10.56,900
2024-05-31,10.47,10.47,10.47,10.47,100
2024-06-03,11.01,11.01,10.92,10.92,2100
2024-06-04,10.47,10.65,10.47,10.65,2500
2024-06-05,10.92,10.92,10.56,10.92,3500
2024-06-06,10.74,10.74,10.74,10.74,600
2024-06-07,10.74,10.74,10.65,10.65,5400
2024-06-10,10.74,10.74,10.3,10.3,1669
2024-06-11,10.47,10.65,10.47,10.65,1400
2024-06-12,10.56,10.56,10.3,10.3,18500
2024-06-13,10.3,10.56,10.3,10.3,34134
2024-06-14,10.3,10.3,10.21,10.21,13015
2024-06-17,10.12,10.3,10.12,10.12,10220
2024-06-18,10.3,10.3,10.12,10.21,19800
2024-06-19,10.12,10.21,10.03,10.21,4600
2024-06-20,10.21,11.36,10.21,11.01,108600
2024-06-21,11.18,12.34,11.18,12.34,292930
2024-06-24,12.87,13.31,11.45,11.45,123200
2024-06-25,11.98,11.98,11.01,11.36,309200
2024-06-26,11.45,11.54,10.83,10.83,86000
2024-06-27,10.83,10.92,10.56,10.74,36400
2024-06-28,10.65,10.74,10.38,10.65,47900
2024-07-01,10.56,10.65,10.21,10.56,11009
2024-07-02,10.65,10.65,10.3,10.65,15613
2024-07-03,10.92,10.92,10.47,10.47,10905
2024-07-04,10.65,10.65,10.38,10.65,60200
2024-07-05,10.38,11.18,10.38,10.92,43400
2024-07-08,11.1,11.54,10.83,10.83,2800
2024-07-09,10.56,10.83,10.56,10.74,38306
2024-07-10,10.65,11.01,10.65,11.01,3300
2024-07-11,10.74,10.74,10.47,10.47,24300
2024-07-12,10.47,10.65,10.47,10.56,4400
2024-07-15,10.65,10.65,10.47,10.56,9100
2024-07-16,10.47,10.65,10.38,10.65,12502
2024-07-17,10.47,10.56,10.3,10.3,28100
2024-07-18,10.21,10.56,10.21,10.56,31700
2024-07-19,10.65,10.65,10.21,10.21,15401
2024-07-22,10.65,11.45,10.38,10.65,14990
2024-07-23,10.83,11.1,9.59,10.56,12900
2024-07-24,10.56,10.65,9.85,10.3,14800
2024-07-25,10.47,10.47,10.21,10.21,8100
2024-07-26,10.56,10.56,10.47,10.56,2500
2024-07-29,10.56,10.56,10.3,10.56,23200
2024-07-30,10.56,10.56,10.3,10.47,2700
2024-07-31,10.47,10.47,10.21,10.47,18300
2024-08-01,10.56,10.65,10.12,10.12,11301
2024-08-02,10.38,10.47,10.12,10.3,3900
2024-08-05,10.21,10.47,9.94,10.21,18800
2024-08-06,10.47,10.65,10.38,10.38,30400
2024-08-07,10.47,10.47,10.38,10.47,3000
2024-08-08,10.47,10.47,10.03,10.47,6200
2024-08-09,10.12,10.47,10.12,10.47,10303
2024-08-12,10.3,10.3,10.12,10.12,3203
2024-08-13,10.38,10.38,10.12,10.12,202
2024-08-14,10.21,10.38,10.12,10.38,4400
2024-08-15,10.47,10.47,10.12,10.3,4302
2024-08-16,10.12,10.3,10.12,10.3,6100
2024-08-19,10.21,10.21,10.12,10.12,31518
2024-08-20,10.12,10.12,10.03,10.03,32325
2024-08-21,10.12,10.12,9.76,9.94,86901
2024-08-22,10.03,10.03,9.85,9.85,2912
2024-08-23,9.85,9.85,9.85,9.85,5000
2024-08-26,10.03,10.03,9.85,9.85,5900
2024-08-27,9.94,9.94,9.76,9.94,7953
2024-08-28,9.76,9.85,9.76,9.85,16900
2024-08-29,9.76,10.03,9.67,9.76,5400
2024-08-30,9.76,9.94,9.76,9.85,4600
2024-09-04,10.12,10.3,10.12,10.12,6312
2024-09-05,9.76,9.76,9.76,9.76,394923
2024-09-06,9.76,9.76,9.76,9.76,117600
2024-09-09,9.76,9.76,9.76,9.76,35
2024-09-10,9.94,9.94,9.59,9.76,7400
2024-09-11,9.5,9.76,9.5,9.76,2500
2024-09-12,9.76,9.76,9.76,9.76,1208
2024-09-13,9.59,9.76,9.59,9.76,2822
2024-09-16,9.76,9.76,9.76,9.76,52
2024-09-17,9.85,9.85,9.76,9.76,8209
2024-09-18,10.03,10.12,9.76,9.76,5700
2024-09-19,10.03,10.03,9.67,9.94,2600
2024-09-20,10.03,10.21,9.59,9.67,6100
2024-09-23,9.59,9.94,9.59,9.85,2202
2024-09-24,9.67,9.76,9.67,9.76,1100
2024-09-25,10.03,10.03,9.76,9.76,1300
2024-09-26,9.67,9.76,9.67,9.76,4101
2024-09-27,9.76,9.94,9.76,9.85,2500
2024-09-30,9.76,9.76,9.5,9.5,7500
2024-10-01,9.59,9.76,9.59,9.76,3400
2024-10-02,9.67,9.67,9.67,9.67,0
2024-10-03,9.67,9.67,9.67,9.67,11600
2024-10-04,9.94,10.03,9.41,9.67,7100
2024-10-07,9.67,9.67,9.67,9.67,0
2024-10-08,9.41,9.76,9.41,9.41,2500
2024-10-09,9.67,9.76,9.67,9.76,300
2024-10-10,9.76,9.76,9.76,9.76,5200
2024-10-11,9.76,9.76,9.76,9.76,0
2024-10-14,9.76,9.76,9.76,9.76,0
2024-10-15,9.32,9.32,8.88,8.88,2000
2024-10-16,8.88,8.88,8.88,8.88,1300
2024-10-17,9.32,9.76,9.32,9.76,1600
2024-10-18,9.59,9.59,9.59,9.59,0
2024-10-21,9.59,9.76,9.59,9.76,2000
2024-10-22,9.76,9.76,9.76,9.76,1100
2024-10-23,9.76,9.76,9.76,9.76,100
2024-10-24,9.76,9.76,9.76,9.76,600
2024-10-25,9.67,9.67,9.67,9.67,200
2024-10-28,9.67,9.67,9.67,9.67,100
2024-10-29,9.67,9.67,9.67,9.67,100
2024-10-30,9.59,9.59,9.32,9.32,1800
2024-10-31,9.67,9.67,9.5,9.5,200
2024-11-01,9.59,9.59,9.59,9.59,100
2024-11-04,9.5,9.5,9.32,9.32,1300
2024-11-05,9.41,9.41,9.05,9.05,4600
2024-11-06,9.41,9.41,9.41,9.41,600
2024-11-07,9.14,9.32,8.88,9.32,2400
2024-11-08,9.14,9.14,9.14,9.14,1800
2024-11-11,9.14,9.59,9.14,9.59,3000
2024-11-12,9.5,9.5,8.88,9.5,8200
2024-11-13,9.5,9.59,8.43,9.32,19000
2024-11-14,8.88,9.32,8.61,9.32,13700
2024-11-15,9.23,9.23,8.52,9.14,34500
2024-11-18,8.88,9.32,8.7,9.32,42100
2024-11-19,9.14,9.59,8.88,9.23,4500
2024-11-20,8.88,9.23,8.88,9.23,2000
2024-11-21,8.88,9.23,8.43,9.23,2900
2024-11-22,8.61,9.14,8.61,9.14,1000
2024-11-25,9.05,9.05,8.88,8.96,600
2024-11-26,8.96,8.96,8.88,8.88,8300
2024-11-27,8.96,8.96,8.96,8.96,300
2024-11-28,9.14,9.14,8.88,8.88,3300
2024-11-29,9.05,9.05,9.05,9.05,200
2024-12-02,9.05,9.05,9.05,9.05,100
2024-12-03,9.05,9.05,8.88,8.88,2100
2024-12-04,9.05,9.05,8.88,8.88,1300
2024-12-05,8.88,9.23,8.88,9.23,3500
2024-12-06,8.96,9.14,8.88,9.05,3500
2024-12-09,9.41,9.41,9.05,9.05,3600
2024-12-10,9.41,9.41,9.14,9.23,6500
2024-12-11,9.32,9.32,9.14,9.32,1900
2024-12-12,9.23,9.59,9.23,9.41,24300
2024-12-13,9.41,9.76,9.23,9.23,32200
2024-12-16,9.14,9.59,9.14,9.32,4506
2024-12-17,9.14,9.14,8.96,9.05,3400
2024-12-18,9.05,9.76,8.88,8.96,342301
2024-12-19,9.05,9.05,8.7,8.88,89400
2024-12-20,8.88,8.88,8.79,8.88,21600
2024-12-23,8.88,8.88,8.79,8.79,7900
2024-12-24,8.88,9.32,8.79,8.88,20500
2024-12-25,8.88,8.88,8.7,8.88,11930
2024-12-26,8.79,8.96,8.79,8.88,43400
2024-12-27,8.88,8.88,8.7,8.88,49600
2024-12-30,8.88,8.88,8.61,8.79,18000
2024-12-31,8.79,8.88,8.7,8.88,41403
2025-01-02,8.88,8.88,8.79,8.79,4700
2025-01-03,8.7,9.05,7.99,8.79,144501
2025-01-06,8.79,8.79,8.79,8.79,101
2025-01-07,8.88,8.88,8.34,8.52,26610
2025-01-08,8.61,8.7,8.43,8.61,3700
2025-01-09,8.43,8.7,8.25,8.7,19400
2025-01-10,8.7,8.7,8.7,8.7,710
2025-01-13,8.61,8.7,8.52,8.52,25300
2025-01-14,8.7,8.7,8.43,8.52,24704
2025-01-15,8.79,8.79,8.52,8.52,12205
2025-01-16,8.43,8.7,8.43,8.7,2200
2025-01-17,8.43,8.79,8.43,8.52,39814
2025-01-20,8.79,8.79,8.43,8.43,16900
2025-01-21,8.61,8.96,8.61,8.96,1600
2025-01-22,8.52,8.96,8.52,8.96,15300
2025-01-23,8.96,8.96,8.43,8.61,27801
2025-01-24,8.61,8.88,8.61,8.61,12000
2025-02-03,8.7,9.32,8.7,9.14,10130
2025-02-04,8.96,9.05,8.7,8.7,6100
2025-02-05,8.79,9.05,8.7,8.7,5500
2025-02-06,8.96,8.96,8.88,8.88,400
2025-02-07,9.05,9.14,8.96,8.96,7217
2025-02-10,9.14,9.14,9.14,9.14,102
2025-02-11,9.14,9.41,9.14,9.14,34400
2025-02-12,9.23,9.32,9.05,9.05,6200
2025-02-13,9.32,9.32,8.88,8.96,24408
2025-02-14,8.96,9.85,8.96,9.32,17000
2025-02-17,9.41,9.59,9.32,9.32,40405
2025-02-18,9.5,10.21,9.5,9.76,29100
2025-02-19,10.03,10.12,9.85,10.03,26321
2025-02-20,10.21,10.83,10.03,10.47,55500
2025-02-21,10.92,10.92,10.47,10.74,22410
2025-02-24,10.92,11.45,10.56,10.56,45400
2025-02-25,11.01,11.01,10.3,10.47,46100
2025-02-26,10.65,10.65,10.12,10.38,31400
2025-02-27,10.65,11.36,10.3,10.47,9101
2025-02-28,10.65,10.65,10.38,10.65,16009
2025-03-03,9.05,10.56,9.05,10.12,57003
2025-03-04,10.12,10.83,9.85,10.47,23102
2025-03-05,10.56,10.56,9.94,9.94,14300
2025-03-06,11.1,11.1,10.12,10.47,23000
2025-03-07,10.3,10.3,10.03,10.12,17500
2025-03-10,10.65,10.65,10.12,10.21,7400
2025-03-11,10.56,10.56,10.12,10.3,48000
2025-03-12,10.47,10.47,10.3,10.3,42803
2025-03-13,10.21,10.56,10.21,10.3,79900
2025-03-14,10.3,10.3,10.3,10.3,18800
2025-03-17,10.56,10.56,10.3,10.38,5600
2025-03-18,10.56,10.56,10.3,10.3,16900
2025-03-19,10.38,10.38,10.21,10.21,4100
2025-03-20,10.3,10.38,10.3,10.3,14800
2025-03-21,10.3,10.38,10.3,10.38,12100
2025-03-24,10.65,10.65,10.3,10.3,12200
2025-03-25,10.3,10.38,10.3,10.3,8200
2025-03-26,10.56,10.65,10.38,10.65,26600
2025-03-27,10.74,10.74,10.56,10.74,7201
2025-03-28,10.83,10.83,10.56,10.56,2300
2025-03-31,11.01,11.01,10.56,10.56,81700
2025-04-01,10.38,10.65,10.38,10.56,68400
2025-04-02,11.01,11.01,10.65,10.65,2209
2025-04-03,9.59,10.65,9.59,10.12,183300
2025-04-04,9.85,10.38,9.85,10.12,75600
2025-04-08,9.94,10.12,9.59,9.59,91501
2025-04-09,9.5,9.85,9.41,9.67,21402
2025-04-10,11.01,11.01,9.85,10.47,84202
2025-04-11,10.03,10.03,9.85,9.85,1500
2025-04-14,9.85,9.85,9.76,9.76,52802
2025-04-15,9.76,10.03,9.76,9.85,130400
2025-04-16,9.94,9.94,9.94,9.94,400
2025-04-17,9.85,9.85,9.85,9.85,19600
2025-04-18,10.03,10.03,9.85,9.94,23101
2025-04-21,9.85,9.85,9.76,9.76,32700
2025-04-22,9.85,9.85,9.76,9.85,36000
2025-04-23,9.85,10.03,9.85,9.94,39702
2025-04-24,9.94,11.18,9.94,10.65,37200
2025-04-25,10.47,11.18,10.47,11.01,162100
2025-04-28,10.92,11.89,10.92,11.72,110800
2025-04-29,11.72,12.69,11.72,12.6,139108
2025-05-05,12.69,13.23,12.6,12.78,66900
2025-05-06,12.96,12.96,11.89,12.16,46502
2025-05-07,12.07,12.07,11.54,11.98,19708
2025-05-08,11.63,11.98,11.54,11.98,10800
2025-05-09,11.63,11.63,11.63,11.63,12300
2025-05-12,13.05,13.05,11.72,12.25,30200
2025-05-13,12.16,12.16,11.63,12.16,700
2025-05-14,11.63,12.25,11.63,11.81,11400
2025-05-15,11.63,11.98,11.63,11.98,10800
2025-05-16,11.81,12.07,11.81,11.89,15200
2025-05-19,11.81,13.14,11.81,12.87,148900
2025-05-20,12.43,13.94,12.43,13.49,208200
2025-05-21,13.67,13.67,12.87,13.05,66500
2025-05-22,12.96,13.14,12.78,12.87,45400
2025-05-23,14.2,14.2,13.05,13.23,63450
2025-05-26,13.31,13.31,12.96,12.96,53300
2025-05-27,13.14,13.31,13.05,13.14,28900
2025-05-28,13.23,14.02,13.23,14.02,142601
2025-05-29,14.02,14.38,14.02,14.11,120500
2025-05-30,14.2,15.36,14.11,14.65,253101
2025-06-02,15.09,15.53,15.09,15.27,154650
2025-06-03,15.27,15.36,14.73,14.91,105500
2025-06-04,15.0,15.27,14.91,14.91,66456
2025-06-05,14.91,15.44,14.82,15.36,169600
2025-06-06,15.18,15.36,15.0,15.18,22500
2025-06-09,15.18,15.36,15.0,15.0,74300
2025-06-10,15.09,15.18,14.82,15.0,49310
2025-06-11,15.0,15.18,14.91,15.18,56210
2025-06-12,15.18,15.27,15.0,15.27,63194
2025-06-13,15.44,15.53,15.09,15.44,121109
2025-06-16,15.44,15.98,15.44,15.8,247101
2025-06-17,15.8,17.4,15.0,15.8,107567
2025-06-18,15.9,16.2,15.8,15.9,140710
2025-06-19,16.0,16.0,15.5,15.8,53500
2025-06-20,15.7,15.9,15.2,15.2,80310
2025-06-23,15.2,15.3,14.5,14.5,130599
2025-06-24,14.7,14.7,14.4,14.5,28825
2025-06-25,14.5,14.5,14.2,14.5,21430
2025-06-26,14.4,15.4,14.3,15.4,34050
2025-06-27,15.5,17.1,15.5,15.6,46748
2025-06-30,15.5,15.5,14.8,15.2,9800
2025-07-01,15.2,15.2,14.9,15.0,15400
2025-07-02,16.7,16.7,14.9,15.0,15900
2025-07-03,15.0,15.0,14.8,14.9,21500
2025-07-04,14.9,15.0,14.8,15.0,14800
2025-07-07,14.8,14.8,14.7,14.7,38400
2025-07-08,14.8,15.0,14.7,15.0,19000
2025-07-09,14.9,15.0,14.8,14.8,13500
2025-07-10,14.8,14.8,14.7,14.8,8300
2025-07-11,14.8,14.8,14.6,14.7,10100
2025-07-14,14.7,14.7,14.4,14.6,18700
2025-07-15,14.5,14.6,14.5,14.5,11500
2025-07-16,14.5,14.5,14.4,14.5,28800
2025-07-17,14.5,14.6,14.3,14.4,22000
2025-07-18,14.5,14.5,14.1,14.4,93600
2025-07-21,14.2,14.2,14.1,14.1,7400
2025-07-22,14.2,14.3,14.1,14.3,5600
2025-07-23,14.2,15.2,14.2,15.2,44300
2025-07-24,14.3,14.7,14.3,14.7,30800
2025-07-25,14.7,14.8,14.6,14.6,50500
2025-07-28,14.5,14.8,14.4,14.7,20400
2025-07-29,14.4,14.4,14.2,14.2,30100
2025-07-30,14.3,15.0,14.3,14.5,6100
2025-07-31,14.5,14.7,14.4,14.5,4400
2025-08-01,14.5,14.6,14.4,14.5,12000
2025-08-04,14.5,14.7,14.4,14.6,5400
2025-08-05,14.6,14.6,14.3,14.3,35700
2025-08-06,14.5,14.5,14.0,14.1,65000
2025-08-07,14.2,14.3,14.1,14.2,59300
2025-08-08,14.2,14.2,13.9,14.0,83300
2025-08-11,14.0,14.1,13.8,13.8,27200
2025-08-12,14.0,14.0,13.8,13.9,43500
2025-08-13,13.8,13.8,13.6,13.6,51900
2025-08-14,13.9,13.9,13.5,13.5,60400
2025-08-15,13.5,13.6,13.2,13.3,111700
2025-08-18,13.4,13.4,13.1,13.1,59800
2025-08-19,13.3,13.3,12.7,12.7,77900
2025-08-20,12.9,12.9,12.0,12.7,30000
2025-08-21,12.2,12.2,12.0,12.2,13400
2025-08-22,12.1,12.2,11.9,11.9,9800
2025-08-25,12.2,12.3,12.2,12.3,1900
2025-08-26,11.9,12.4,10.5,11.9,10800
2025-08-27,11.6,12.1,11.5,12.1,2300
2025-08-28,12.6,12.6,11.9,12.1,2000
2025-08-29,12.5,12.6,12.3,12.5,11900
2025-09-03,12.6,12.6,12.2,12.4,4100
2025-09-04,12.3,12.5,12.2,12.4,1800
2025-09-05,12.5,12.5,12.4,12.4,4100
2025-09-08,12.4,12.5,12.0,12.5,5800
2025-09-09,12.5,12.5,12.2,12.5,1200
2025-09-10,12.5,12.8,12.5,12.8,3300
2025-09-11,12.9,12.9,11.8,12.8,3200
2025-09-12,12.9,12.9,12.8,12.9,4500
2025-09-15,12.8,13.0,12.0,13.0,15000
2025-09-16,12.8,13.0,12.8,12.9,1400
2025-09-17,12.9,13.0,12.9,13.0,16500
2025-09-18,13.0,13.0,12.5,12.9,10000
2025-09-19,12.9,12.9,12.4,12.6,17400
2025-09-22,13.0,13.0,12.8,12.8,1100
2025-09-23,12.5,12.8,12.3,12.6,26300
2025-09-24,12.6,13.0,12.3,12.6,2900
2025-09-25,12.7,12.7,12.1,12.6,37900
2025-09-26,12.2,12.9,12.2,12.5,18100
2025-09-29,12.7,12.7,12.2,12.4,26000
2025-09-30,12.6,12.6,12.1,12.4,12800
2025-10-01,12.5,12.6,12.2,12.4,1600
2025-10-02,13.0,13.0,12.4,12.5,1600
2025-10-03,12.4,12.7,12.4,12.6,3100
2025-10-06,12.8,12.8,12.5,12.7,12200
2025-10-07,12.8,12.8,12.5,12.7,10200
2025-10-08,12.6,12.8,12.6,12.7,21000
2025-10-09,12.8,12.9,12.7,12.9,5400
2025-10-10,12.8,13.0,12.5,13.0,18400
2025-10-13,12.7,12.9,12.7,12.8,1700
2025-10-14,12.5,13.0,12.5,12.9,10500
2025-10-15,12.8,12.8,12.7,12.7,5000
2025-10-16,12.9,13.1,12.8,12.9,8300
2025-10-17,13.0,13.7,13.0,13.6,115900
2025-10-20,13.3,13.7,13.0,13.4,87600
2025-10-21,13.4,13.4,12.8,13.0,21500
