time,open,high,low,close,volume
2015-11-03,4.24,7.65,4.24,5.46,24200
2015-11-04,5.46,5.46,5.46,5.46,0
2015-11-05,5.46,5.46,5.46,5.46,0
2015-11-06,6.05,6.05,5.88,5.88,500
2015-11-09,5.88,5.88,5.88,5.88,0
2015-11-10,5.88,5.88,5.88,5.88,0
2015-11-11,5.88,5.88,5.88,5.88,0
2015-11-12,5.88,5.88,5.88,5.88,0
2015-11-13,5.04,5.04,5.04,5.04,100
2015-11-16,5.04,5.04,5.04,5.04,0
2015-11-17,5.04,5.04,5.04,5.04,0
2015-11-18,5.04,5.04,5.04,5.04,0
2015-11-19,4.37,4.37,4.37,4.37,100
2015-11-20,4.37,4.37,4.37,4.37,0
2015-11-23,4.37,4.37,4.37,4.37,0
2015-11-24,4.37,4.37,4.37,4.37,0
2015-11-25,4.37,4.37,4.37,4.37,0
2015-11-26,4.37,4.37,4.37,4.37,0
2015-11-27,3.78,3.78,3.78,3.78,100
2015-11-30,3.78,3.78,3.78,3.78,0
2015-12-01,3.78,3.78,3.78,3.78,0
2015-12-02,3.78,3.78,3.78,3.78,0
2015-12-03,3.78,3.78,3.78,3.78,0
2015-12-04,3.78,3.78,3.78,3.78,0
2015-12-07,3.78,3.78,3.78,3.78,0
2015-12-08,3.78,3.78,3.78,3.78,0
2015-12-09,3.78,3.78,3.78,3.78,0
2015-12-10,4.33,4.33,4.33,4.33,100
2015-12-11,4.33,4.33,4.33,4.33,0
2015-12-14,4.33,4.33,4.33,4.33,0
2015-12-15,4.33,4.33,4.33,4.33,0
2015-12-16,4.41,4.41,4.41,4.41,200
2015-12-17,4.41,4.41,4.41,4.41,0
2015-12-18,4.41,4.41,4.41,4.41,0
2015-12-21,4.41,4.41,4.41,4.41,0
2015-12-22,4.41,4.41,4.41,4.41,0
2015-12-23,4.41,4.41,4.41,4.41,0
2015-12-24,4.41,4.41,4.41,4.41,0
2015-12-25,4.41,4.41,4.41,4.41,0
2015-12-28,4.41,4.41,4.41,4.41,0
2015-12-29,4.41,4.41,4.41,4.41,0
2015-12-30,4.41,4.41,4.41,4.41,0
2015-12-31,4.41,4.41,4.41,4.41,0
2016-01-04,4.41,4.41,4.41,4.41,0
2016-01-05,4.41,4.41,4.41,4.41,0
2016-01-06,4.41,4.41,4.41,4.41,0
2016-01-07,4.41,4.41,4.41,4.41,0
2016-01-08,4.41,4.41,4.41,4.41,0
2016-01-11,4.41,4.41,4.41,4.41,0
2016-01-12,4.41,4.41,4.41,4.41,0
2016-01-13,4.41,4.41,4.41,4.41,0
2016-01-14,4.41,4.41,4.41,4.41,0
2016-01-15,4.24,4.24,4.24,4.24,1900
2016-01-18,4.24,4.24,4.24,4.24,0
2016-01-19,4.24,4.24,4.24,4.24,0
2016-01-20,4.24,4.24,4.24,4.24,0
2016-01-21,4.24,4.24,4.24,4.24,0
2016-01-22,4.24,4.24,4.24,4.24,0
2016-01-25,4.24,4.24,4.24,4.24,0
2016-01-26,4.24,4.24,4.24,4.24,0
2016-01-27,4.24,4.24,4.24,4.24,0
2016-01-28,4.24,4.24,4.24,4.24,0
2016-01-29,4.24,4.24,4.24,4.24,0
2016-02-01,4.24,4.24,4.24,4.24,0
2016-02-02,4.24,4.24,4.24,4.24,0
2016-02-03,4.24,4.24,4.24,4.24,0
2016-02-04,4.24,4.24,4.24,4.24,0
2016-02-05,4.24,4.24,4.24,4.24,0
2016-02-15,4.24,4.24,4.24,4.24,0
2016-02-16,4.24,4.24,4.24,4.24,0
2016-02-17,4.24,4.24,4.24,4.24,0
2016-02-18,4.24,4.24,4.24,4.24,0
2016-02-19,4.24,4.24,4.24,4.24,0
2016-02-22,4.87,4.87,4.87,4.87,100
2016-02-23,4.92,5.55,4.92,5.55,4100
2016-02-24,5.04,5.63,4.33,0.0,129800
2016-02-25,5.67,5.67,5.67,5.67,11800
2016-02-26,4.92,6.01,4.92,4.92,800
2016-02-29,4.92,4.92,4.92,4.92,0
2016-03-01,4.92,4.92,4.92,4.92,0
2016-03-02,5.04,5.04,5.04,5.04,1500
2016-03-03,5.25,5.25,5.25,5.25,5000
2016-03-04,5.34,5.46,5.34,5.46,3000
2016-03-07,5.04,5.04,5.04,5.04,300
2016-03-08,4.87,5.76,4.87,5.76,300
2016-03-09,5.76,5.76,5.76,5.76,0
2016-03-10,4.96,4.96,4.96,4.96,5000
2016-03-11,4.96,4.96,4.96,4.96,0
2016-03-14,4.96,4.96,4.96,4.96,0
2016-03-15,4.96,4.96,4.96,4.96,0
2016-03-16,4.54,4.54,4.54,4.54,300
2016-03-17,4.54,4.54,4.54,4.54,0
2016-03-18,4.54,4.54,4.54,4.54,0
2016-03-21,4.54,4.54,4.54,4.54,0
2016-03-22,4.54,4.54,4.54,4.54,0
2016-03-23,4.54,4.54,4.54,4.54,0
2016-03-24,4.54,4.54,4.54,4.54,0
2016-03-25,4.54,4.54,4.54,4.54,0
2016-03-28,4.54,4.54,4.54,4.54,0
2016-03-29,4.54,4.54,4.54,4.54,0
2016-03-30,4.54,4.54,4.54,4.54,0
2016-03-31,4.54,4.54,4.54,4.54,0
2016-04-01,4.54,4.54,4.54,4.54,0
2016-04-04,4.54,4.54,4.54,4.54,0
2016-04-05,5.21,5.21,4.62,4.62,600
2016-04-06,5.38,5.38,5.38,5.38,600
2016-04-07,4.83,4.83,4.83,4.83,3500
2016-04-08,5.46,5.55,5.46,5.55,16800
2016-04-11,5.25,5.25,5.25,5.25,5200
2016-04-12,4.5,5.67,4.5,5.67,14500
2016-04-13,5.67,5.67,5.67,5.67,0
2016-04-14,5.04,5.55,5.04,5.55,7200
2016-04-15,5.25,5.25,5.25,5.25,100
2016-04-19,5.04,5.34,5.04,5.34,7500
2016-04-20,5.46,5.46,5.46,5.46,2000
2016-04-21,5.17,5.67,5.17,5.67,17200
2016-04-22,5.34,5.34,5.34,5.34,500
2016-04-25,5.25,5.67,5.25,5.67,12700
2016-04-26,5.67,5.67,5.67,5.67,6000
2016-04-27,5.34,5.67,5.34,5.67,6700
2016-04-28,5.38,5.67,5.38,5.67,7500
2016-04-29,5.63,5.67,5.63,5.67,10000
2016-05-04,5.67,5.67,5.46,5.67,20800
2016-05-05,5.67,5.67,5.46,5.67,16100
2016-05-06,5.67,5.67,5.55,5.55,18100
2016-05-09,5.67,5.67,5.67,5.67,13800
2016-05-10,5.25,5.71,5.25,5.71,2500
2016-05-11,5.63,5.88,5.63,5.8,13200
2016-05-12,5.84,6.09,5.84,6.09,3900
2016-05-13,6.01,6.09,6.01,6.09,3200
2016-05-16,6.09,6.18,6.09,6.18,3500
2016-05-17,5.67,6.18,5.67,6.18,1800
2016-05-18,6.18,6.3,6.18,6.3,6900
2016-05-19,6.72,7.18,6.64,7.18,28100
2016-05-20,6.6,6.6,6.6,6.6,200
2016-05-23,6.6,6.6,6.6,6.6,0
2016-05-24,6.34,7.56,6.34,7.56,18600
2016-05-25,7.56,7.56,7.56,7.56,0
2016-05-26,7.77,7.9,6.3,6.3,12500
2016-05-27,7.52,7.52,6.76,6.76,2100
2016-05-30,6.81,6.93,6.81,6.93,6200
2016-05-31,7.23,7.23,7.23,7.23,100
2016-06-01,7.31,7.77,7.31,7.77,40600
2016-06-02,7.18,7.18,7.18,7.18,100
2016-06-03,7.69,7.9,7.69,7.77,30800
2016-06-06,7.77,7.77,7.23,7.23,1000
2016-06-07,8.01,8.23,8.01,8.23,13000
2016-06-08,7.34,7.34,7.34,7.34,200
2016-06-09,7.83,7.83,7.83,7.83,300
2016-06-10,6.72,8.23,6.72,8.23,27300
2016-06-13,8.15,8.23,8.15,8.23,7400
2016-06-14,7.57,7.57,7.57,7.57,500
2016-06-15,8.01,8.01,8.01,8.01,600
2016-06-16,7.34,7.34,7.34,7.34,400
2016-06-17,7.57,7.57,7.57,7.57,4520
2016-06-20,7.39,7.52,7.39,7.48,7400
2016-06-21,7.57,7.57,7.57,7.57,500
2016-06-22,7.57,7.57,7.52,7.52,2000
2016-06-23,7.52,7.52,7.52,7.52,0
2016-06-24,7.52,7.52,7.48,7.48,1000
2016-06-27,6.9,6.9,6.9,6.9,500
2016-06-28,7.57,7.57,7.39,7.48,13500
2016-06-29,7.52,7.57,7.52,7.57,8100
2016-06-30,7.21,7.48,7.21,7.48,6500
2016-07-01,7.48,7.48,7.48,7.48,10600
2016-07-04,7.57,7.57,7.57,7.57,500
2016-07-05,7.34,7.57,7.34,7.57,24600
2016-07-06,7.57,7.57,7.57,7.57,0
2016-07-07,7.48,7.57,7.48,7.57,4000
2016-07-08,7.57,7.57,7.57,7.57,2500
2016-07-11,6.9,6.9,6.9,6.9,1000
2016-07-12,6.9,6.9,6.9,6.9,0
2016-07-13,7.74,7.74,7.7,7.74,68000
2016-07-14,7.74,7.74,7.08,7.74,55200
2016-07-15,7.79,7.79,7.74,7.74,31800
2016-07-18,7.74,7.74,7.74,7.74,31500
2016-07-19,7.74,7.74,7.74,7.74,6100
2016-07-20,7.12,7.12,7.12,7.12,200
2016-07-21,7.34,7.34,7.34,7.34,100
2016-07-22,7.57,7.57,7.57,7.57,27500
2016-07-25,7.57,7.57,7.57,7.57,0
2016-07-26,7.57,7.57,7.57,7.57,0
2016-07-27,7.34,7.34,7.34,7.34,500
2016-07-28,7.34,7.34,7.34,7.34,2000
2016-07-29,7.34,7.34,7.34,7.34,3000
2016-08-01,7.34,7.34,7.34,7.34,4000
2016-08-02,7.34,7.34,7.34,7.34,0
2016-08-03,7.34,7.52,7.34,7.52,5800
2016-08-04,7.52,7.52,7.52,7.52,0
2016-08-05,7.34,7.34,7.34,7.34,1700
2016-08-08,7.34,7.34,7.34,7.34,0
2016-08-09,7.48,7.48,7.48,7.48,1000
2016-08-10,7.34,7.34,7.34,7.34,200
2016-08-11,7.34,7.34,7.34,7.34,0
2016-08-12,7.34,7.34,7.34,7.34,0
2016-08-15,7.34,7.34,7.34,7.34,0
2016-08-16,7.34,7.57,7.34,7.57,10900
2016-08-17,8.01,8.01,8.01,8.01,6000
2016-08-18,7.92,8.01,7.92,8.01,12400
2016-08-19,7.57,8.01,7.57,8.01,1400
2016-08-22,8.01,8.01,8.01,8.01,0
2016-08-23,7.57,7.57,7.57,7.57,500
2016-08-24,7.79,7.79,7.79,7.79,2500
2016-08-25,7.79,7.79,7.79,7.79,0
2016-08-26,7.79,7.79,7.79,7.79,0
2016-08-29,7.57,7.57,7.57,7.57,7000
2016-08-30,7.48,7.57,7.48,7.57,5100
2016-08-31,7.57,7.57,7.57,7.57,0
2016-09-01,7.57,7.57,7.57,7.57,0
2016-09-05,7.39,7.39,7.39,7.39,3000
2016-09-06,7.39,7.39,7.39,7.39,0
2016-09-07,7.39,7.39,7.39,7.39,0
2016-09-08,7.48,7.57,7.48,7.57,10500
2016-09-09,7.57,7.57,7.57,7.57,1000
2016-09-12,7.57,7.57,7.57,7.57,300
2016-09-13,7.57,7.57,7.57,7.57,0
2016-09-14,7.79,7.79,7.34,7.34,62600
2016-09-15,7.52,7.57,7.52,7.57,2000
2016-09-16,7.57,7.57,7.57,7.57,0
2016-09-19,7.57,7.57,7.57,7.57,0
2016-09-20,7.34,7.34,7.34,7.34,200000
2016-09-21,7.34,7.34,7.34,7.34,0
2016-09-22,7.57,7.57,7.57,7.57,1000
2016-09-23,7.57,7.57,7.57,7.57,0
2016-09-26,7.57,7.57,7.57,7.57,0
2016-09-27,7.66,7.66,7.66,7.66,2000
2016-09-28,7.57,7.57,7.57,7.57,2500
2016-09-29,7.57,7.57,7.57,7.57,0
2016-09-30,7.57,7.57,7.57,7.57,0
2016-10-03,7.57,7.57,7.57,7.57,0
2016-10-04,7.57,7.57,7.57,7.57,0
2016-10-05,7.48,7.48,7.48,7.48,1000
2016-10-06,7.48,7.48,7.48,7.48,1000
2016-10-07,7.39,7.57,7.39,7.57,900
2016-10-10,7.57,7.57,7.57,7.57,0
2016-10-11,7.57,7.57,7.57,7.57,0
2016-10-12,7.57,7.57,7.57,7.57,0
2016-10-13,7.57,7.57,7.57,7.57,0
2016-10-14,8.01,8.01,8.01,8.01,100
2016-10-17,8.01,8.01,8.01,8.01,0
2016-10-18,8.01,8.01,8.01,8.01,0
2016-10-19,8.01,8.01,8.01,8.01,0
2016-10-20,7.12,7.12,7.12,7.12,200000
2016-10-21,7.79,7.79,7.79,7.79,198
2016-10-24,7.79,7.79,7.79,7.79,0
2016-10-25,7.79,7.79,7.79,7.79,0
2016-10-26,7.48,7.48,7.48,7.48,4900
2016-10-27,7.48,7.48,7.48,7.48,0
2016-10-28,7.12,7.12,7.12,7.12,200000
2016-10-31,7.52,7.52,7.52,7.52,100
2016-11-01,7.52,7.52,7.52,7.52,0
2016-11-02,7.52,7.52,7.52,7.52,2000
2016-11-03,7.12,7.12,7.12,7.12,100000
2016-11-04,7.57,7.57,7.57,7.57,100
2016-11-07,7.57,7.57,7.57,7.57,0
2016-11-08,7.57,7.57,7.57,7.57,0
2016-11-09,7.57,7.57,7.57,7.57,0
2016-11-10,7.57,7.57,7.57,7.57,0
2016-11-11,7.48,8.19,7.48,8.19,6600
2016-11-14,7.79,8.01,7.79,7.92,14000
2016-11-15,7.97,8.01,7.97,8.01,7670
2016-11-16,8.01,8.01,8.01,8.01,0
2016-11-17,8.01,8.01,8.01,8.01,2000
2016-11-18,8.01,8.1,8.01,8.1,2200
2016-11-21,8.1,8.1,8.1,8.1,0
2016-11-22,8.15,8.15,8.15,8.15,1000
2016-11-23,8.1,8.1,8.1,8.1,1000
2016-11-24,8.1,8.1,8.1,8.1,0
2016-11-25,8.1,8.1,8.1,8.1,1000
2016-11-28,8.1,8.1,8.1,8.1,1000
2016-11-29,8.1,8.1,8.1,8.1,0
2016-11-30,8.1,8.1,8.01,8.01,2500
2016-12-01,8.06,8.06,8.01,8.01,2000
2016-12-02,8.06,8.06,8.06,8.06,2400
2016-12-05,8.06,8.06,7.12,7.12,300500
2016-12-06,8.06,8.06,8.06,8.06,3000
2016-12-07,8.06,8.06,8.06,8.06,1000
2016-12-08,8.06,8.06,8.06,8.06,0
2016-12-09,8.06,8.06,8.06,8.06,0
2016-12-12,8.06,8.06,8.06,8.06,4500
2016-12-13,8.06,8.06,8.06,8.06,4000
2016-12-14,8.06,8.06,8.06,8.06,0
2016-12-15,8.06,8.06,8.06,8.06,0
2016-12-16,8.46,8.46,8.46,8.46,60000
2016-12-19,8.46,8.46,8.46,8.46,3800
2016-12-20,8.46,8.46,8.46,8.46,0
2016-12-21,8.46,8.46,8.46,8.46,0
2016-12-22,8.46,8.46,8.46,8.46,0
2016-12-23,8.46,8.46,8.46,8.46,0
2016-12-26,8.46,8.46,8.46,8.46,0
2016-12-27,8.46,8.46,8.46,8.46,0
2016-12-28,8.46,8.46,8.46,8.46,0
2016-12-29,8.23,8.23,8.23,8.23,1300
2016-12-30,8.9,8.9,8.9,8.9,500
2017-01-03,8.9,8.9,8.9,8.9,0
2017-01-04,8.9,8.9,8.9,8.9,0
2017-01-05,8.9,8.9,8.9,8.9,0
2017-01-06,8.9,8.9,8.9,8.9,0
2017-01-09,8.46,8.9,8.23,8.9,1800
2017-01-10,8.9,8.9,8.9,8.9,0
2017-01-11,8.9,8.9,8.9,8.9,0
2017-01-12,8.9,8.9,8.9,8.9,0
2017-01-13,8.9,8.9,8.9,8.9,0
2017-01-16,8.9,8.9,8.9,8.9,0
2017-01-17,8.9,8.9,8.9,8.9,0
2017-01-18,8.9,8.9,8.9,8.9,0
2017-01-19,8.9,8.9,8.9,8.9,0
2017-01-20,8.9,8.9,8.9,8.9,0
2017-01-23,8.23,8.23,8.23,8.23,700
2017-01-24,8.23,8.23,8.23,8.23,1000
2017-01-25,8.23,8.23,8.23,8.23,0
2017-02-02,8.23,8.23,8.23,8.23,0
2017-02-03,9.44,9.44,9.44,9.44,2000
2017-02-06,10.82,10.82,10.82,10.82,1000
2017-02-07,12.42,12.42,10.9,12.42,7600
2017-02-08,11.57,11.57,11.57,11.57,5000
2017-02-09,11.57,11.57,11.13,11.13,2000
2017-02-10,12.24,12.24,11.22,11.35,51900
2017-02-13,9.79,11.35,9.79,10.37,2700
2017-02-14,10.68,10.9,9.48,9.79,3600
2017-02-15,12.02,12.06,9.79,12.06,83600
2017-02-16,11.13,11.13,11.13,11.13,15400
2017-02-17,10.68,11.13,10.68,11.13,400
2017-02-20,11.13,11.13,11.13,11.13,1800
2017-02-21,11.13,11.13,11.13,11.13,700
2017-02-22,11.17,11.17,10.9,10.9,5000
2017-02-23,11.08,11.08,11.08,11.08,1000
2017-02-24,11.17,11.17,10.46,11.13,38000
2017-02-27,10.01,10.01,10.01,10.01,800
2017-02-28,10.9,11.08,10.9,10.9,11700
2017-03-01,9.35,9.35,9.35,9.35,3000
2017-03-02,10.01,10.73,8.23,10.73,9200
2017-03-03,10.42,10.42,10.42,10.42,447
2017-03-06,10.42,11.97,8.95,11.97,1100
2017-03-07,10.77,11.13,10.77,11.13,8300
2017-03-08,11.13,11.13,11.13,11.13,94
2017-03-09,11.13,11.13,11.13,11.13,0
2017-03-10,11.13,11.13,11.13,11.13,159
2017-03-13,10.9,12.28,10.9,12.28,200
2017-03-14,12.28,12.28,12.28,12.28,20
2017-03-15,12.86,12.86,11.62,11.62,600
2017-03-16,14.51,14.51,12.6,13.13,20647
2017-03-17,14.47,14.96,14.47,14.96,655165
2017-03-20,17.09,17.09,17.09,17.09,37821
2017-03-21,19.63,19.63,14.55,15.58,6049524
2017-03-22,19.5,19.5,16.69,16.69,86824
2017-03-23,14.2,14.2,14.2,14.2,36910
2017-03-24,12.24,12.37,12.11,12.15,23618
2017-03-27,11.8,12.37,11.8,12.28,1302
2017-03-28,10.46,12.11,10.46,12.11,3299
2017-03-29,10.5,12.02,10.33,11.84,6700
2017-03-30,11.57,11.57,11.13,11.57,5300
2017-03-31,11.57,11.57,11.57,11.57,10
2017-04-03,10.28,12.86,10.01,12.86,6600
2017-04-04,10.24,13.58,10.24,12.86,106300
2017-04-05,9.21,12.06,9.21,12.06,222513
2017-04-07,13.35,13.35,9.88,11.88,39420
2017-04-10,11.62,13.22,11.62,12.91,42700
2017-04-11,11.93,12.02,10.24,11.93,51100
2017-04-12,11.35,12.55,10.24,12.55,4583457
2017-04-13,12.69,12.77,12.64,12.73,8040
2017-04-14,12.69,12.69,11.35,12.69,96500
2017-04-17,12.42,12.42,12.02,12.15,17703
2017-04-18,12.28,13.58,12.28,13.58,42500
2017-04-19,13.35,13.35,13.35,13.35,1200
2017-04-20,13.35,13.35,13.35,13.35,700
2017-04-21,13.53,13.58,13.53,13.58,7617
2017-04-24,13.53,13.53,13.53,13.53,650
2017-04-25,13.53,13.53,13.53,13.53,0
2017-04-26,13.53,13.53,13.53,13.53,5600
2017-04-27,13.53,13.8,13.53,13.8,1200
2017-04-28,13.58,13.58,13.58,13.58,1510
2017-05-03,14.24,14.24,13.8,14.24,2530
2017-05-04,14.02,14.69,14.02,14.47,7900
2017-05-05,14.69,15.71,14.69,15.13,5600
2017-05-08,15.58,15.62,15.53,15.62,45000
2017-05-09,15.36,16.91,15.36,16.91,300
2017-05-10,15.71,15.8,15.71,15.71,4942
2017-05-11,15.71,15.71,15.71,15.71,1000
2017-05-12,15.71,15.85,15.58,15.85,4600
2017-05-15,15.76,15.76,15.76,15.76,100
2017-05-16,15.76,15.76,15.76,15.76,0
2017-05-17,15.8,15.8,15.76,15.76,1066
2017-05-18,15.76,15.76,13.4,15.76,1000
2017-05-19,15.8,15.8,15.76,15.76,29300
2017-05-22,16.47,16.47,15.76,15.76,200
2017-05-23,15.93,16.11,15.93,15.93,5500
2017-05-24,16.87,16.87,15.93,15.93,101
2017-05-25,16.69,16.69,13.84,16.69,101
2017-05-26,16.16,17.14,16.16,17.14,7605
2017-05-29,16.47,16.47,16.29,16.29,13300
2017-05-30,16.69,16.82,16.69,16.82,1220
2017-05-31,16.74,16.74,14.24,16.47,72100
2017-06-01,14.69,15.58,12.15,12.64,84125
2017-06-02,12.91,12.91,12.02,12.91,20000
2017-06-05,14.82,14.82,12.24,13.8,900
2017-06-06,13.89,13.89,13.89,13.89,540
2017-06-07,14.07,14.07,14.07,14.07,600
2017-06-08,14.51,14.51,14.51,14.51,900
2017-06-09,14.51,14.51,12.95,12.95,2700
2017-06-12,12.95,12.95,12.95,12.95,3000
2017-06-13,12.91,13.8,12.24,13.8,6500
2017-06-14,12.82,12.82,12.82,12.82,3900
2017-06-15,12.82,12.82,12.82,12.82,0
2017-06-16,14.69,14.69,14.69,14.69,128
2017-06-19,13.4,13.4,13.35,13.35,4620
2017-06-20,12.95,12.95,12.95,12.95,3500
2017-06-21,12.95,12.95,12.28,12.28,3600
2017-06-22,13.35,14.11,13.35,13.8,20200
2017-06-23,13.35,13.35,12.91,12.91,1070
2017-06-26,13.0,13.0,13.0,13.0,0
2017-06-27,13.0,13.0,13.0,13.0,0
2017-06-28,13.0,13.0,13.0,13.0,0
2017-06-29,14.24,14.69,14.2,14.69,6100
2017-06-30,14.29,14.29,14.29,14.29,0
2017-07-03,14.29,14.29,14.29,14.69,20
2017-07-04,14.69,15.58,14.69,15.58,6000
2017-07-05,12.95,16.02,12.95,14.87,8800
2017-07-06,14.07,14.07,14.07,14.07,0
2017-07-07,14.07,14.07,14.07,14.87,6
2017-07-10,14.07,14.07,14.07,14.07,0
2017-07-11,14.07,14.07,14.07,14.07,0
2017-07-12,14.07,14.07,14.07,14.07,0
2017-07-13,14.07,14.07,14.07,14.07,0
2017-07-14,14.07,14.07,14.07,14.07,0
2017-07-17,14.07,14.07,14.07,14.07,0
2017-07-18,12.62,15.93,12.62,15.84,33600
2017-07-19,15.89,15.89,15.89,15.89,200
2017-07-20,16.36,16.36,16.36,16.36,200
2017-07-21,17.29,18.69,16.36,16.36,23900
2017-07-24,16.36,16.36,16.36,16.36,300
2017-07-25,15.51,16.82,14.02,16.36,28200
2017-07-26,16.36,16.36,16.36,16.36,300
2017-07-27,16.36,18.79,16.36,16.82,6700
2017-07-28,20.56,21.03,17.99,18.36,32600
2017-07-31,17.76,17.76,17.76,17.76,550
2017-08-01,15.42,15.42,15.33,15.33,1000
2017-08-02,14.02,16.36,13.6,16.36,6200
2017-08-03,14.02,14.02,13.65,13.65,1561
2017-08-04,14.49,14.49,14.49,14.49,100
2017-08-07,14.07,14.07,14.07,14.07,400
2017-08-08,13.79,14.07,13.79,14.07,500
2017-08-09,13.88,13.88,13.88,13.88,0
2017-08-10,13.88,13.88,13.88,14.07,16
2017-08-11,14.49,14.49,14.49,14.49,300
2017-08-14,13.65,13.65,13.65,13.65,400
2017-08-15,13.69,13.79,13.69,13.79,555
2017-08-16,13.69,15.61,12.85,13.88,33700
2017-08-17,14.49,14.72,14.49,14.72,200
2017-08-18,15.89,16.5,15.89,16.5,700
2017-08-21,16.5,17.29,16.5,17.06,4400
2017-08-22,17.29,18.97,17.29,17.66,5900
2017-08-23,18.79,20.33,18.69,18.79,17300
2017-08-24,19.72,21.03,19.63,20.09,17780
2017-08-25,21.03,22.99,19.86,19.86,67400
2017-08-28,21.96,21.96,19.16,19.16,200
2017-08-29,17.76,20.56,17.76,20.09,58000
2017-08-30,21.4,21.5,19.86,19.86,6900
2017-08-31,23.83,24.07,20.93,20.93,16285
2017-09-01,25.7,25.7,20.19,21.96,53000
2017-09-05,23.36,23.36,23.36,23.36,169
2017-09-06,20.56,20.56,20.56,20.56,105
2017-09-07,19.39,19.39,19.39,19.39,900
2017-09-08,18.69,19.39,17.29,19.39,2100
2017-09-11,17.29,17.57,16.82,17.57,36300
2017-09-12,18.46,18.46,18.46,18.46,300
2017-09-13,20.79,20.79,20.33,20.33,405
2017-09-14,22.43,23.69,20.7,20.7,2000
2017-09-15,25.7,26.17,23.18,23.18,39100
2017-09-18,22.48,23.13,22.24,22.57,3700
2017-09-19,19.63,19.91,19.39,19.91,1405
2017-09-20,18.22,19.53,17.38,19.53,40705
2017-09-21,19.95,19.95,19.95,19.95,100
2017-09-22,22.94,22.94,22.94,22.94,3310
2017-09-25,26.17,26.17,24.53,24.53,940
2017-09-26,26.17,29.44,25.65,25.7,51410
2017-09-27,24.77,24.77,24.39,24.53,2800
2017-09-28,21.03,21.03,20.98,20.98,1309
2017-09-29,19.86,23.83,19.86,23.83,600
2017-10-02,19.86,19.86,19.39,19.63,10600
2017-10-03,17.94,19.86,17.94,18.22,18200
2017-10-04,20.84,20.84,20.84,20.84,100
2017-10-05,18.5,23.83,18.5,22.9,1200
2017-10-06,23.13,25.7,23.13,25.7,2900
2017-10-09,24.63,26.17,24.63,24.63,15479
2017-10-10,24.3,25.98,24.3,24.63,2100
2017-10-11,25.33,25.33,25.33,24.63,40
2017-10-12,21.54,21.54,21.54,21.54,100
2017-10-13,19.72,19.72,19.72,19.72,100
2017-10-16,19.72,19.72,19.72,19.72,0
2017-10-17,19.72,19.72,19.72,19.72,0
2017-10-18,19.72,19.72,19.72,19.72,10
2017-10-19,21.03,21.96,21.03,21.96,2410
2017-10-20,21.73,21.73,21.73,21.73,0
2017-10-23,21.73,21.73,21.73,21.73,0
2017-10-24,21.73,21.73,21.73,21.73,0
2017-10-25,18.93,19.16,18.55,18.93,20500
2017-10-26,18.88,18.88,18.88,18.88,1300
2017-10-27,18.88,18.88,18.88,18.88,91
2017-10-30,18.69,18.69,16.17,16.17,4500
2017-10-31,16.17,18.18,14.49,17.76,51200
2017-11-01,17.62,17.62,17.62,17.62,1000
2017-11-02,19.16,19.16,18.41,18.41,500
2017-11-03,19.95,19.95,19.95,19.95,100
2017-11-06,19.81,20.98,19.81,19.91,800
2017-11-07,20.05,23.6,18.69,19.63,33800
2017-11-08,19.63,19.63,19.44,19.44,1710
2017-11-09,17.52,17.52,16.59,17.29,25600
2017-11-10,15.93,17.24,14.72,15.89,73800
2017-11-13,17.29,17.29,17.24,17.24,400
2017-11-14,19.77,19.77,19.67,19.67,500
2017-11-15,19.72,22.57,16.78,17.29,62000
2017-11-16,18.22,18.22,18.04,18.04,1000
2017-11-17,16.87,18.6,15.51,18.6,16600
2017-11-20,15.0,18.36,14.49,18.27,58700
2017-11-21,17.1,17.1,17.1,17.1,600
2017-11-22,18.65,19.58,18.65,18.65,4200
2017-11-23,20.09,22.2,16.92,16.96,14110
2017-11-24,19.16,22.29,16.59,16.82,119200
2017-11-27,17.06,17.06,16.87,16.87,20400
2017-11-28,16.03,16.12,15.23,15.93,8010
2017-11-29,15.42,17.94,14.02,15.33,109900
2017-11-30,16.36,16.73,16.36,16.73,4500
2017-12-01,18.65,18.69,18.04,18.04,7500
2017-12-04,18.27,21.03,15.93,16.36,219000
2017-12-05,16.82,16.82,16.36,16.36,8000
2017-12-06,16.54,16.54,16.54,16.54,0
2017-12-07,16.54,16.54,16.54,16.54,1000
2017-12-08,16.96,17.43,16.82,17.43,15600
2017-12-11,17.29,17.76,17.29,17.76,4507
2017-12-12,17.57,18.69,17.29,18.69,19858
2017-12-13,18.46,20.09,18.46,20.09,13400
2017-12-14,19.63,20.09,19.53,20.09,7000
2017-12-15,19.58,20.09,19.44,19.53,3300
2017-12-18,19.53,19.58,19.44,19.58,1700
2017-12-19,19.63,20.23,19.53,20.23,19700
2017-12-20,20.09,20.56,19.86,20.56,6400
2017-12-21,20.09,20.28,20.09,20.09,3406
2017-12-22,20.09,23.08,19.86,23.08,92300
2017-12-25,24.77,24.91,22.85,22.85,115944
2017-12-26,24.77,28.04,24.77,26.4,159144
2017-12-27,22.94,22.94,22.9,22.9,7700
2017-12-28,20.14,20.33,20.09,20.33,4658
2017-12-29,19.25,19.25,18.69,18.93,15818
2018-01-02,18.88,18.88,18.88,18.88,0
2018-01-03,18.88,18.88,18.88,18.88,0
2018-01-04,18.88,18.88,18.88,18.88,0
2018-01-05,18.97,18.97,18.97,18.97,500
2018-01-08,18.97,18.97,18.97,18.97,0
2018-01-09,17.52,20.47,17.52,20.47,660166
2018-01-10,20.47,20.47,20.47,20.47,0
2018-01-11,20.47,20.47,20.47,20.47,0
2018-01-12,20.47,20.47,20.47,20.47,0
2018-01-15,20.47,20.47,20.47,20.47,0
2018-01-16,20.47,20.47,20.47,20.47,10
2018-01-17,20.47,20.47,20.47,20.47,0
2018-01-18,19.63,19.63,19.63,19.63,69200
2018-01-19,19.63,19.63,19.63,19.63,0
2018-01-22,18.22,18.22,18.08,18.08,400
2018-01-23,18.13,18.13,18.13,18.13,0
2018-01-24,18.13,18.13,18.13,18.13,0
2018-01-25,18.13,18.13,18.13,18.13,0
2018-01-26,18.13,18.13,18.13,18.13,0
2018-01-29,18.13,18.13,18.13,18.13,0
2018-01-30,18.13,18.13,18.13,18.13,0
2018-01-31,19.44,19.44,19.44,19.44,100
2018-02-01,19.44,19.44,19.44,19.44,0
2018-02-02,19.44,19.44,19.44,19.44,0
2018-02-05,19.44,19.44,19.44,19.44,0
2018-02-06,19.39,19.39,19.39,19.39,1300
2018-02-07,19.39,19.39,19.39,19.39,0
2018-02-08,19.39,19.39,19.39,19.39,0
2018-02-09,19.39,19.39,19.39,19.39,40
2018-02-12,19.39,19.39,19.39,19.39,0
2018-02-13,19.39,19.39,19.39,19.39,0
2018-02-21,19.39,19.39,19.39,19.39,0
2018-02-22,19.39,19.39,19.39,19.39,0
2018-02-23,19.39,19.39,19.39,19.39,0
2018-02-26,19.39,19.39,19.39,19.39,10
2018-02-27,19.39,19.39,19.39,19.39,0
2018-02-28,19.39,19.39,19.39,19.39,0
2018-03-01,19.39,19.39,19.39,19.39,0
2018-03-02,19.39,19.39,19.39,19.39,0
2018-03-05,19.39,19.39,19.39,19.39,0
2018-03-06,19.39,19.39,19.39,19.39,0
2018-03-07,19.39,19.39,19.39,19.39,14
2018-03-08,19.39,19.39,19.39,19.39,0
2018-03-09,19.39,19.39,19.39,19.39,0
2018-03-12,19.39,19.39,19.39,19.39,0
2018-03-13,19.39,19.39,19.39,19.39,0
2018-03-14,19.39,19.39,19.39,19.39,0
2018-03-15,19.39,19.39,19.39,19.39,0
2018-03-16,19.39,19.39,19.39,19.39,0
2018-03-19,19.39,19.39,19.39,19.39,20
2018-03-20,19.39,19.39,19.39,19.39,0
2018-03-21,19.39,19.39,19.39,19.39,0
2018-03-22,19.39,19.39,19.39,19.39,0
2018-03-23,19.39,19.39,19.39,19.39,0
2018-03-26,19.39,19.39,19.39,19.39,0
2018-03-27,19.39,19.39,19.39,19.39,0
2018-03-28,19.39,19.39,19.39,19.39,0
2018-03-29,19.39,19.39,19.39,19.39,0
2018-03-30,16.36,16.36,16.36,16.36,700
2018-04-02,16.36,16.36,16.36,16.36,0
2018-04-03,16.36,16.36,16.36,16.36,0
2018-04-04,16.36,16.36,16.36,16.36,0
2018-04-05,16.36,16.36,16.36,16.36,0
2018-04-06,16.87,16.87,16.82,16.82,1560
2018-04-09,16.82,16.82,16.82,16.82,0
2018-04-10,19.35,19.35,17.01,17.01,1100
2018-04-11,19.81,19.81,19.81,19.81,100
2018-04-12,19.81,19.81,19.81,19.81,0
2018-04-13,19.81,19.81,19.81,19.81,20
2018-04-16,18.69,18.69,18.69,18.69,130
2018-04-17,17.38,17.38,17.38,17.38,110
2018-04-18,19.86,19.95,19.86,19.95,500
2018-04-19,17.1,22.2,17.1,22.2,700
2018-04-20,21.26,21.26,21.26,21.26,110
2018-04-23,21.26,21.26,21.26,21.26,0
2018-04-24,20.09,24.44,20.09,21.26,2400
2018-04-26,23.97,23.97,23.97,23.97,0
2018-04-27,23.97,23.97,23.97,23.97,0
2018-05-02,20.56,20.56,20.56,20.56,200
2018-05-03,20.56,20.56,20.56,20.56,0
2018-05-04,20.56,20.56,20.56,20.56,0
2018-05-07,23.36,23.36,23.36,23.36,100
2018-05-08,23.36,23.36,23.36,23.36,0
2018-05-09,23.36,23.36,23.36,23.36,0
2018-05-10,23.36,23.36,23.36,23.36,0
2018-05-11,23.36,23.36,23.36,23.36,0
2018-05-14,23.36,23.36,23.36,23.36,0
2018-05-15,20.0,20.0,20.0,20.0,1002
2018-05-16,22.66,22.66,22.66,22.66,100
2018-05-17,22.66,22.66,22.66,22.66,0
2018-05-18,25.7,25.7,25.7,25.7,1000
2018-05-21,25.7,25.7,25.7,25.7,0
2018-05-22,25.7,25.7,25.7,25.7,0
2018-05-23,25.7,25.7,25.7,25.7,0
2018-05-24,21.96,21.96,21.96,21.96,100
2018-05-25,21.96,21.96,21.96,21.96,1
2018-05-28,21.96,21.96,21.96,21.96,0
2018-05-29,19.16,19.16,19.16,19.16,300
2018-05-30,16.82,21.87,16.82,21.87,400
2018-05-31,22.24,22.24,17.1,22.24,1000
2018-06-01,22.62,22.62,22.52,22.62,1300
2018-06-04,25.65,25.89,25.65,25.79,1001
2018-06-05,25.79,25.79,25.79,25.79,0
2018-06-06,21.96,21.96,21.96,21.96,200
2018-06-07,21.96,25.19,21.96,25.19,1400
2018-06-08,27.1,27.1,27.1,27.1,600
2018-06-11,27.3,27.3,27.3,27.3,100
2018-06-12,27.3,27.3,27.3,27.3,0
2018-06-13,27.3,27.3,27.3,27.3,0
2018-06-14,27.3,27.3,27.3,27.3,0
2018-06-15,27.3,27.3,27.3,27.3,0
2018-06-18,27.3,27.3,27.3,27.3,0
2018-06-19,27.3,27.3,27.3,27.3,0
2018-06-20,27.3,27.3,27.3,27.3,0
2018-06-21,27.3,27.3,27.3,27.3,0
2018-06-22,27.3,27.3,27.3,27.3,0
2018-06-25,27.3,27.3,27.3,27.3,7
2018-06-26,27.3,27.3,27.3,27.3,0
2018-06-27,27.3,27.3,27.3,27.3,0
2018-06-28,27.3,27.3,27.3,27.3,0
2018-06-29,27.3,27.3,27.3,27.3,0
2018-07-02,27.3,27.3,27.3,27.3,0
2018-07-03,27.3,27.3,27.3,27.3,0
2018-07-04,27.3,27.3,27.3,27.3,0
2018-07-05,27.3,27.3,27.3,27.3,0
2018-07-06,27.3,27.3,27.3,27.3,0
2018-07-09,27.3,27.3,27.3,27.3,0
2018-07-10,27.3,27.3,27.3,27.3,0
2018-07-11,27.3,27.3,27.3,27.3,0
2018-07-12,27.3,27.3,27.3,27.3,0
2018-07-13,27.3,27.3,27.3,27.3,0
2018-07-16,27.3,27.3,27.3,27.3,0
2018-07-17,27.3,27.3,27.3,27.3,0
2018-07-18,27.3,27.3,27.3,27.3,0
2018-07-19,26.86,26.86,26.86,26.86,100
2018-07-20,26.86,26.86,26.86,26.86,0
2018-07-23,26.86,26.86,26.86,26.86,0
2018-07-24,26.86,26.86,26.86,26.86,0
2018-07-25,26.86,26.86,26.86,26.86,0
2018-07-26,26.86,26.86,26.86,26.86,0
2018-07-27,26.86,26.86,26.86,26.86,0
2018-07-30,26.86,26.86,26.86,26.86,0
2018-07-31,26.86,26.86,26.86,26.86,0
2018-08-01,26.86,26.86,26.86,26.86,0
2018-08-02,26.86,26.86,26.86,26.86,0
2018-08-03,26.86,26.86,26.86,26.86,0
2018-08-06,26.86,26.86,26.86,26.86,0
2018-08-07,26.86,26.86,26.86,26.86,0
2018-08-08,26.86,26.86,26.86,26.86,0
2018-08-09,26.86,26.86,26.86,26.86,0
2018-08-10,26.86,26.86,26.86,26.86,0
2018-08-13,26.86,26.86,26.86,26.86,0
2018-08-14,26.86,26.86,26.86,26.86,0
2018-08-15,26.86,26.86,26.86,26.86,0
2018-08-16,26.86,26.86,26.86,26.86,0
2018-08-17,26.86,26.86,26.86,26.86,0
2018-08-20,26.86,26.86,26.86,26.86,0
2018-08-21,26.86,26.86,26.86,26.86,0
2018-08-22,26.86,26.86,26.86,26.86,0
2018-08-23,26.86,26.86,26.86,26.86,0
2018-08-24,26.86,26.86,26.86,26.86,0
2018-08-27,26.86,26.86,26.86,26.86,0
2018-08-28,26.86,26.86,26.86,26.86,0
2018-08-29,26.86,26.86,26.86,26.86,0
2018-08-30,26.86,26.86,26.86,26.86,72
2018-08-31,26.86,26.86,26.86,26.86,0
2018-09-04,26.86,26.86,26.86,26.86,0
2018-09-05,26.86,26.86,26.86,27.11,30
2018-09-06,26.86,26.86,26.86,26.86,0
2018-09-07,26.86,26.86,26.86,26.86,0
2018-09-10,26.86,26.86,26.86,26.86,0
2018-09-11,26.86,26.86,26.86,26.86,0
2018-09-12,26.86,26.86,26.86,26.86,0
2018-09-13,26.86,26.86,26.86,27.11,7
2018-09-14,26.86,26.86,26.86,26.86,0
2018-09-17,26.86,26.86,26.86,26.86,0
2018-09-18,26.86,26.86,26.86,26.86,0
2018-09-19,26.86,26.86,26.86,26.86,0
2018-09-20,26.86,26.86,26.86,26.86,0
2018-09-21,26.86,26.86,26.86,26.86,0
2018-09-24,26.86,26.86,26.86,26.86,0
2018-09-25,26.86,26.86,26.86,26.86,0
2018-09-26,26.86,26.86,26.86,27.11,30
2018-09-27,26.86,26.86,26.86,26.86,0
2018-09-28,26.86,26.86,26.86,26.86,0
2018-10-01,26.86,26.86,26.86,26.86,0
2018-10-02,26.86,26.86,26.86,26.86,0
2018-10-03,26.86,26.86,26.86,26.86,0
2018-10-04,26.86,26.86,26.86,26.86,0
2018-10-05,26.86,26.86,26.86,26.86,0
2018-10-08,26.86,26.86,26.86,26.86,0
2018-10-09,26.82,26.82,26.82,26.82,100
2018-10-10,26.82,26.82,26.82,26.82,0
2018-10-11,26.82,26.82,26.82,26.82,0
2018-10-12,26.82,26.82,26.82,26.82,0
2018-10-15,26.82,26.82,26.82,26.82,0
2018-10-16,26.82,26.82,26.82,26.82,0
2018-10-17,26.82,26.82,26.82,26.82,0
2018-10-18,26.82,26.82,26.82,26.82,0
2018-10-19,26.82,26.82,26.82,26.82,0
2018-10-22,26.82,26.82,26.82,26.82,0
2018-10-23,26.82,26.82,26.82,26.82,0
2018-10-24,26.82,26.82,26.82,26.82,0
2018-10-25,26.82,26.82,26.82,26.82,0
2018-10-26,26.82,26.82,26.82,26.82,0
2018-10-29,26.82,26.82,26.82,26.82,0
2018-10-30,26.82,26.82,26.82,26.82,0
2018-10-31,26.82,26.82,26.82,26.82,0
2018-11-01,26.82,26.82,26.82,26.82,0
2018-11-02,26.82,26.82,26.82,26.82,0
2018-11-05,26.82,26.82,26.82,26.82,0
2018-11-06,26.82,26.82,26.82,26.82,0
2018-11-07,26.82,26.82,26.82,26.82,0
2018-11-08,26.82,26.82,26.82,26.82,0
2018-11-09,26.82,26.82,26.82,26.82,0
2018-11-12,26.82,26.82,26.82,26.82,0
2018-11-13,26.82,26.82,26.82,26.82,3
2018-11-14,26.82,26.82,26.82,26.82,0
2018-11-15,26.82,26.82,26.82,26.82,0
2018-11-16,26.82,26.82,26.82,26.82,1
2018-11-19,26.82,26.82,26.82,26.82,0
2018-11-20,26.82,26.82,26.82,26.82,100
2018-11-21,26.82,26.82,26.82,26.82,1
2018-11-22,26.82,26.82,26.82,26.82,0
2018-11-23,26.82,26.82,26.62,26.62,200
2018-11-26,26.72,26.62,26.62,26.62,0
2018-11-27,26.72,26.62,26.62,26.62,0
2018-11-28,26.72,26.62,26.62,26.62,0
2018-11-29,30.69,30.69,30.69,30.69,100
2018-11-30,30.69,30.69,30.69,30.69,0
2018-12-03,30.69,30.69,30.69,30.69,0
2018-12-04,30.69,30.69,30.69,30.69,2
2018-12-05,30.69,30.69,30.69,30.69,0
2018-12-06,30.69,30.69,30.69,30.69,0
2018-12-07,35.29,35.29,26.09,26.09,200
2018-12-10,30.69,26.09,26.09,26.09,0
2018-12-11,30.69,26.09,26.09,26.09,0
2018-12-12,30.69,26.09,26.09,26.09,0
2018-12-13,30.69,26.09,26.09,26.09,0
2018-12-14,30.69,30.69,30.69,30.69,0
2018-12-17,30.69,30.69,30.69,26.09,10
2018-12-18,30.69,26.09,26.09,26.09,0
2018-12-19,30.69,26.09,26.09,26.09,0
2018-12-20,30.69,26.09,26.09,26.09,0
2018-12-21,30.69,26.09,26.09,26.09,0
2018-12-24,30.69,26.09,26.09,26.09,0
2018-12-25,30.69,30.69,30.69,26.09,1
2018-12-26,30.69,30.69,30.69,30.69,0
2018-12-27,30.69,30.69,30.69,26.09,1
2018-12-28,30.69,26.09,26.09,26.09,0
2019-01-02,30.69,26.09,26.09,26.09,0
2019-01-03,30.69,26.09,26.09,26.09,0
2019-01-04,30.69,26.09,26.09,26.09,0
2019-01-07,30.69,26.09,26.09,26.09,0
2019-01-08,35.29,35.29,35.29,35.29,100
2019-01-09,40.56,40.56,40.56,40.56,100
2019-01-10,40.56,40.56,40.56,40.56,0
2019-01-11,46.61,46.61,46.61,46.61,100
2019-01-14,46.61,46.61,46.61,46.61,0
2019-01-15,48.35,48.35,48.35,48.35,100
2019-01-16,55.57,55.57,55.57,55.57,100
2019-01-17,55.57,55.57,55.57,55.57,0
2019-01-18,55.57,55.57,55.57,55.57,0
2019-01-21,55.57,55.57,55.57,55.57,0
2019-01-22,55.57,55.57,55.57,55.57,0
2019-01-23,55.57,55.57,55.57,55.57,0
2019-01-24,55.57,55.57,55.57,55.57,0
2019-01-25,55.57,55.57,55.57,55.57,0
2019-01-28,55.57,55.57,55.57,55.57,0
2019-01-29,55.57,55.57,55.57,55.57,0
2019-01-30,55.57,55.57,55.57,55.57,0
2019-01-31,55.57,55.57,55.57,55.57,0
2019-02-01,55.57,55.57,55.57,55.57,0
2019-02-11,55.57,55.57,55.57,55.57,0
2019-02-12,55.57,55.57,55.57,55.57,0
2019-02-13,55.57,55.57,55.57,55.57,0
2019-02-14,55.57,55.57,55.57,55.57,0
2019-02-15,55.57,55.57,55.57,55.57,0
2019-02-18,63.89,63.89,63.89,63.89,100
2019-02-19,73.48,73.48,54.31,54.31,320
2019-02-20,60.7,54.31,54.31,54.31,0
2019-02-21,60.7,54.31,54.31,54.31,0
2019-02-22,60.7,54.31,54.31,54.31,0
2019-02-25,60.7,54.31,54.31,54.31,0
2019-02-26,60.7,54.31,54.31,54.31,0
2019-02-27,60.7,54.31,54.31,54.31,0
2019-02-28,60.7,54.31,54.31,54.31,0
2019-03-01,60.7,54.31,54.31,54.31,0
2019-03-04,60.7,54.31,54.31,54.31,0
2019-03-05,60.7,54.31,54.31,54.31,0
2019-03-06,60.7,54.31,54.31,54.31,0
2019-03-07,60.7,54.31,54.31,54.31,0
2019-03-08,60.7,54.31,54.31,54.31,0
2019-03-11,60.7,54.31,54.31,54.31,0
2019-03-12,60.7,54.31,54.31,54.31,0
2019-03-13,60.7,54.31,54.31,54.31,0
2019-03-14,60.7,54.31,54.31,54.31,0
2019-03-15,60.7,54.31,54.31,54.31,0
2019-03-18,60.7,54.31,54.31,54.31,0
2019-03-19,60.7,54.31,54.31,54.31,0
2019-03-20,60.7,60.7,60.7,54.31,5
2019-03-21,60.7,54.31,54.31,54.31,0
2019-03-22,60.7,54.31,54.31,54.31,0
2019-03-25,60.7,60.7,60.7,54.31,10
2019-03-26,60.7,54.31,54.31,54.31,0
2019-03-27,60.7,54.31,54.31,54.31,0
2019-03-28,60.7,54.31,54.31,54.31,0
2019-03-29,60.7,54.31,54.31,54.31,0
2019-04-01,60.7,54.31,54.31,54.31,0
2019-04-02,36.45,36.45,36.45,36.45,4800
2019-04-03,36.45,36.45,36.45,36.45,0
2019-04-04,36.45,36.45,36.45,36.45,0
2019-04-05,36.45,36.45,36.45,36.45,0
2019-04-08,36.45,36.45,36.45,36.45,0
2019-04-09,36.45,36.45,36.45,36.45,0
2019-04-10,36.45,36.45,36.45,36.45,0
2019-04-11,36.45,36.45,36.45,36.45,0
2019-04-12,36.45,36.45,36.45,36.45,0
2019-04-16,36.25,36.25,36.25,36.25,150
2019-04-17,36.25,36.25,36.25,36.25,4
2019-04-18,36.25,36.25,36.25,36.25,0
2019-04-19,36.25,36.25,36.25,36.25,5
2019-04-22,36.25,36.25,36.25,36.25,0
2019-04-23,36.25,36.25,36.25,36.25,0
2019-04-24,36.25,36.25,36.25,36.25,0
2019-04-25,36.25,36.25,36.25,36.25,0
2019-04-26,36.25,36.25,36.25,36.25,0
2019-05-02,36.25,36.25,36.25,36.25,0
2019-05-03,36.25,36.25,36.25,36.25,0
2019-05-06,36.25,36.25,36.25,36.25,0
2019-05-07,36.25,36.25,36.25,36.25,0
2019-05-08,36.25,36.25,36.25,36.25,0
2019-05-09,36.25,36.25,36.25,36.25,0
2019-05-10,32.96,32.96,32.96,32.96,100
2019-05-13,32.96,32.96,32.96,32.96,0
2019-05-14,32.96,32.96,32.96,32.96,3700
2019-05-15,32.96,32.96,32.96,32.96,0
2019-05-16,32.96,32.96,32.96,32.96,0
2019-05-17,32.96,32.96,32.96,32.96,1300
2019-05-20,32.96,32.96,32.96,32.96,0
2019-05-21,32.96,32.96,32.96,32.96,0
2019-05-22,32.96,32.96,32.96,32.96,0
2019-05-23,32.96,32.96,32.96,32.96,0
2019-05-24,32.96,32.96,32.96,32.96,0
2019-05-27,32.96,32.96,32.96,32.96,0
2019-05-28,32.96,32.96,32.96,32.96,0
2019-05-29,32.96,32.96,32.96,32.96,0
2019-05-30,32.96,32.96,32.96,32.96,0
2019-05-31,32.96,32.96,32.96,32.96,0
2019-06-03,32.96,32.96,32.96,32.96,0
2019-06-04,32.96,32.96,32.96,32.96,0
2019-06-05,32.96,32.96,32.96,32.96,0
2019-06-06,32.96,32.96,32.96,32.96,0
2019-06-07,32.96,32.96,32.96,32.96,0
2019-06-10,32.96,32.96,32.96,32.96,0
2019-06-11,32.96,32.96,32.96,32.96,0
2019-06-12,32.96,32.96,32.96,32.96,0
2019-06-13,32.96,32.96,32.96,32.96,0
2019-06-14,32.96,32.96,32.96,32.96,0
2019-06-17,32.96,32.96,32.96,32.96,0
2019-06-18,32.96,32.96,32.96,32.96,0
2019-06-19,32.96,32.96,32.96,32.96,0
2019-06-20,32.96,32.96,32.96,32.96,0
2019-06-21,28.03,28.03,28.03,28.03,100
2019-06-24,28.03,28.03,28.03,28.03,0
2019-06-25,28.03,28.03,28.03,28.03,0
2019-06-26,28.03,28.03,28.03,28.03,0
2019-06-27,28.03,28.03,28.03,28.03,0
2019-06-28,31.95,31.95,28.07,28.07,200
2019-07-01,30.01,28.07,28.07,28.07,0
2019-07-02,30.01,28.07,28.07,28.07,0
2019-07-03,30.01,28.07,28.07,28.07,0
2019-07-04,30.01,30.01,30.01,30.01,0
2019-07-05,30.01,28.07,28.07,28.07,0
2019-07-08,30.01,28.07,28.07,28.07,0
2019-07-09,30.01,28.07,28.07,28.07,0
2019-07-10,30.01,28.07,28.07,28.07,0
2019-07-11,30.01,28.07,28.07,28.07,0
2019-07-12,30.01,28.07,28.07,28.07,0
2019-07-15,30.01,28.07,28.07,28.07,0
2019-07-16,30.01,28.07,28.07,28.07,0
2019-07-17,30.01,28.07,28.07,28.07,0
2019-07-18,25.51,25.51,25.51,25.51,100
2019-07-19,25.51,25.51,25.51,25.51,0
2019-07-22,25.51,25.51,25.51,25.51,0
2019-07-23,21.68,28.99,21.68,28.99,300
2019-07-24,26.57,28.99,28.99,28.99,0
2019-07-25,26.57,28.99,28.99,28.99,0
2019-07-26,22.6,26.57,22.6,22.6,1900
2019-07-29,19.85,19.85,19.75,19.75,3100
2019-07-30,22.65,22.65,22.65,22.65,900
2019-07-31,25.65,25.65,25.65,25.65,1600
2019-08-01,22.02,23.67,21.83,23.67,1100
2019-08-02,26.62,26.62,19.85,23.33,2300
2019-08-05,28.56,28.95,21.78,21.78,3800
2019-08-06,24.15,24.15,24.15,24.15,200
2019-08-07,24.15,26.57,20.57,20.57,2500
2019-08-08,23.19,23.19,19.36,19.85,3000
2019-08-09,21.78,23.62,19.36,19.36,2200
2019-08-12,21.35,19.36,19.36,19.36,0
2019-08-13,21.35,19.36,19.36,19.36,0
2019-08-14,19.85,19.85,19.12,19.12,300
2019-08-15,21.2,21.2,18.54,18.54,1200
2019-08-16,21.2,22.7,21.2,22.7,600
2019-08-19,19.41,21.68,19.41,21.68,1200
2019-08-20,19.36,21.15,18.78,18.78,800
2019-08-21,20.96,20.96,18.88,18.88,1100
2019-08-22,19.36,19.36,19.36,19.36,134
2019-08-23,20.23,20.23,19.36,19.36,1700
2019-08-26,20.23,20.23,18.88,18.88,1100
2019-08-27,20.09,18.88,18.88,18.88,0
2019-08-28,20.09,18.88,18.88,18.88,0
2019-08-29,20.09,18.88,18.88,18.88,0
2019-08-30,20.09,18.88,18.88,18.88,0
2019-09-03,17.72,20.43,17.72,20.43,2200
2019-09-04,20.28,20.28,18.44,18.44,1100
2019-09-05,20.14,18.44,18.44,18.44,0
2019-09-06,20.14,18.44,18.44,18.44,0
2019-09-09,20.14,18.44,18.44,18.44,0
2019-09-10,20.14,18.44,18.44,18.44,0
2019-09-11,18.88,18.88,18.88,18.88,200
2019-09-12,19.6,19.85,19.6,19.6,1200
2019-09-13,19.75,19.6,19.6,19.6,0
2019-09-16,19.75,19.6,19.6,19.6,0
2019-09-17,19.75,19.6,19.6,19.6,0
2019-09-18,19.75,19.6,19.6,19.6,0
2019-09-19,19.75,19.6,19.6,19.6,0
2019-09-20,19.75,19.6,19.6,19.6,0
2019-09-23,19.75,19.6,19.6,19.6,0
2019-09-24,18.88,18.88,18.64,18.64,400
2019-09-25,19.55,19.55,19.55,19.55,500
2019-09-26,18.88,18.88,18.88,18.88,107
2019-09-27,19.31,19.31,19.31,19.31,600
2019-09-30,19.31,19.31,19.31,19.31,0
2019-10-01,19.31,19.36,19.31,19.36,1200
2019-10-02,19.36,19.36,19.36,19.36,0
2019-10-03,19.36,19.36,19.36,19.36,0
2019-10-04,19.36,19.36,19.36,19.36,0
2019-10-07,19.36,19.36,19.36,19.36,200
2019-10-08,19.31,19.31,19.31,19.31,100
2019-10-09,19.31,19.31,19.31,19.31,0
2019-10-10,19.31,19.31,19.31,19.31,0
2019-10-11,19.31,19.31,19.31,19.31,0
2019-10-14,19.31,22.07,19.31,22.07,40000
2019-10-15,23.23,24.1,21.78,21.78,40500
2019-10-16,22.99,22.99,22.51,22.51,500
2019-10-17,22.7,22.51,22.51,22.51,0
2019-10-18,19.41,19.41,19.41,19.41,100
2019-10-21,19.41,19.41,19.41,19.41,0
2019-10-22,22.27,22.27,22.27,22.27,1100
2019-10-23,22.27,22.27,22.27,22.27,0
2019-10-24,22.27,22.27,22.27,22.27,0
2019-10-25,22.27,22.27,22.27,22.27,0
2019-10-28,22.27,22.27,22.27,22.27,0
2019-10-29,19.36,22.7,19.36,22.7,407
2019-10-30,21.73,22.7,22.7,22.7,0
2019-10-31,21.73,21.73,21.73,21.73,0
2019-11-01,19.41,19.41,19.36,19.36,1100
2019-11-04,17.52,18.64,17.47,18.64,800
2019-11-05,19.31,19.31,18.64,18.64,1936
2019-11-06,18.15,18.15,18.15,18.15,100
2019-11-07,17.18,19.26,17.18,19.26,4500
2019-11-08,16.51,18.49,16.51,18.49,1100
2019-11-11,18.34,18.34,16.75,16.75,1000
2019-11-12,18.15,18.15,18.15,18.15,610
2019-11-13,18.15,18.15,18.15,18.15,0
2019-11-14,18.15,18.15,18.15,18.15,40
2019-11-15,17.67,19.31,17.67,19.31,3200
2019-11-18,19.31,19.31,19.31,19.31,900
2019-11-19,16.84,18.1,16.84,18.1,905
2019-11-20,16.99,17.43,16.99,17.43,200
2019-11-21,17.43,18.1,17.43,18.1,6500
2019-11-22,16.7,18.1,16.7,18.1,6600
2019-11-25,16.22,18.1,16.22,18.1,7600
2019-11-26,16.17,17.91,16.17,17.91,6230
2019-11-27,16.55,18.83,16.46,18.83,15600
2019-11-28,16.94,18.01,16.75,16.75,3600
2019-11-29,16.6,18.01,16.6,18.01,3300
2019-12-02,16.6,18.01,16.6,17.86,6100
2019-12-03,17.86,17.96,17.86,17.96,2600
2019-12-04,17.91,18.01,17.91,18.01,2200
2019-12-05,17.96,18.01,18.01,18.01,0
2019-12-06,17.96,18.01,18.01,18.01,0
2019-12-09,17.96,18.01,18.01,18.01,0
2019-12-10,17.96,17.96,17.96,17.96,500
2019-12-11,17.96,17.96,17.96,17.96,500
2019-12-12,17.96,17.96,17.96,17.96,500
2019-12-13,17.96,17.96,16.84,17.96,1901
2019-12-16,17.96,17.96,17.96,17.96,500
2019-12-17,17.96,17.96,17.04,17.96,2405
2019-12-18,17.96,18.01,16.8,17.96,1400
2019-12-19,17.96,17.96,17.96,17.96,1100
2019-12-20,17.91,17.96,17.91,17.96,300
2019-12-23,17.96,17.96,17.96,17.96,100
2019-12-24,17.96,17.96,17.96,17.96,2
2019-12-25,17.96,17.96,17.96,17.96,0
2019-12-26,17.96,17.96,17.96,17.96,0
2019-12-27,17.96,17.96,17.96,17.96,0
2019-12-30,17.96,17.96,17.96,17.96,1
2019-12-31,16.75,19.36,16.75,19.31,3110
2020-01-02,19.36,19.36,19.36,19.36,100
2020-01-03,19.36,19.36,19.36,19.36,0
2020-01-06,19.36,19.36,19.36,19.36,0
2020-01-07,17.18,18.64,17.18,17.18,888
2020-01-08,18.64,18.64,17.18,17.18,200
2020-01-09,18.39,18.39,18.39,18.39,100
2020-01-10,18.1,18.1,17.96,17.96,200
2020-01-13,16.65,18.64,16.6,18.64,3001
2020-01-14,17.96,18.64,18.64,18.64,0
2020-01-15,17.96,17.96,17.96,18.64,56
2020-01-16,17.96,18.64,18.64,18.64,0
2020-01-17,17.09,17.09,17.09,17.09,100
2020-01-20,17.96,17.96,17.96,17.96,956
2020-01-21,17.86,17.86,17.86,17.86,400
2020-01-22,16.55,18.54,16.55,18.54,900
2020-01-30,18.54,18.54,18.54,18.54,400
2020-01-31,18.54,18.54,18.54,18.54,400
2020-02-03,18.1,18.1,16.6,16.6,1600
2020-02-04,17.91,17.91,16.12,17.81,400
2020-02-05,17.76,18.1,17.76,18.1,5100
2020-02-06,17.62,18.05,17.62,18.05,1500
2020-02-07,17.96,18.05,18.05,18.05,0
2020-02-10,17.96,18.05,18.05,18.05,0
2020-02-11,17.96,18.05,18.05,18.05,0
2020-02-12,17.43,17.43,17.43,17.43,100
2020-02-13,17.62,18.1,16.99,16.99,2500
2020-02-14,17.86,17.86,17.09,17.09,1600
2020-02-17,17.91,17.91,17.86,17.86,1400
2020-02-18,17.86,17.86,17.86,17.86,0
2020-02-19,16.51,16.55,16.51,16.55,200
2020-02-20,17.47,17.47,16.22,16.46,2300
2020-02-21,17.38,18.1,17.38,18.1,4215
2020-02-24,17.91,17.91,17.67,17.67,1300
2020-02-25,22.51,22.51,22.51,22.51,2100
2020-02-26,21.34,22.51,21.27,21.27,1500
2020-02-27,21.56,21.27,21.27,21.27,0
2020-02-28,21.56,21.27,21.27,21.27,0
2020-03-02,18.59,23.81,18.59,23.81,2500
2020-03-03,21.71,23.81,23.81,23.81,0
2020-03-04,19.31,19.31,19.31,19.31,1000
2020-03-05,19.02,19.02,18.51,18.51,600
2020-03-06,16.77,17.35,16.34,17.35,3700
2020-03-09,17.42,18.15,17.35,18.15,14000
2020-03-10,18.88,18.88,18.73,18.73,2800
2020-03-11,18.8,18.8,18.15,18.15,5000
2020-03-12,21.34,21.34,21.34,21.34,100
2020-03-13,18.15,20.98,18.15,18.15,4947
2020-03-16,18.15,18.44,18.15,18.44,1500
2020-03-17,18.44,18.51,16.7,16.7,5500
2020-03-18,18.51,19.31,18.51,19.31,9400
2020-03-19,19.75,19.75,16.34,16.34,2100
2020-03-20,16.48,19.89,16.41,16.99,7300
2020-03-23,16.34,18.15,16.04,16.04,7000
2020-03-24,18.08,19.09,14.16,14.16,8700
2020-03-25,17.42,20.04,14.81,14.81,19800
2020-03-26,17.42,21.49,15.97,20.4,19800
2020-03-27,18.8,20.98,18.8,20.98,5500
2020-03-30,19.53,19.53,19.53,19.53,1600
2020-03-31,18.44,20.26,18.44,20.26,5900
2020-04-01,19.53,19.53,19.53,19.53,2800
2020-04-03,19.46,19.53,19.46,19.53,1400
2020-04-06,16.92,19.46,16.92,19.46,3300
2020-04-07,19.24,19.53,19.24,19.53,1900
2020-04-08,18.15,18.15,18.15,18.15,100
2020-04-09,18.08,19.09,17.79,18.8,9500
2020-04-10,19.46,19.46,18.73,18.73,3200
2020-04-13,18.8,18.8,18.8,18.8,2900
2020-04-14,19.09,19.31,17.06,19.31,9600
2020-04-15,18.8,18.88,18.8,18.88,7400
2020-04-16,19.17,19.24,19.17,19.24,5100
2020-04-17,18.73,18.8,18.73,18.8,2500
2020-04-20,19.17,19.17,18.88,18.88,5200
2020-04-21,19.17,19.17,18.15,18.15,3700
2020-04-22,19.02,18.15,18.15,18.15,0
2020-04-23,19.09,19.09,19.09,19.09,4200
2020-04-24,19.09,19.09,19.09,19.09,0
2020-04-27,19.09,19.09,19.09,19.09,0
2020-04-28,19.09,19.09,19.09,19.09,0
2020-04-29,19.09,19.09,19.09,19.09,0
2020-05-04,19.09,19.09,19.09,19.09,0
2020-05-05,19.09,19.09,19.09,19.09,0
2020-05-06,19.09,19.09,19.09,19.09,0
2020-05-07,19.09,19.09,19.09,19.09,0
2020-05-08,19.09,19.09,19.09,19.09,0
2020-05-11,19.09,19.09,19.09,19.09,0
2020-05-12,19.09,19.09,19.09,19.09,0
2020-05-13,17.06,17.06,17.06,17.06,500
2020-05-14,17.42,17.79,16.19,16.19,4900
2020-05-15,18.01,19.17,18.01,19.17,14700
2020-05-18,18.73,19.17,19.17,19.17,0
2020-05-19,18.44,18.44,18.44,18.44,100
2020-05-20,18.44,18.44,18.44,18.44,0
2020-05-21,18.37,19.17,18.37,19.17,11300
2020-05-22,18.8,18.8,18.15,18.15,2200
2020-05-25,16.48,18.66,16.48,18.66,2600
2020-05-26,18.15,18.15,18.15,18.15,100
2020-05-27,17.06,19.17,17.06,19.17,13200
2020-05-28,18.8,18.8,18.8,18.8,4100
2020-05-29,18.15,18.88,18.15,18.15,3050
2020-06-01,19.09,19.09,18.88,18.88,2800
2020-06-02,18.88,18.88,18.88,18.88,223
2020-06-03,18.88,18.88,18.88,18.88,50
2020-06-04,17.06,18.66,17.06,18.66,4950
2020-06-05,18.44,18.44,18.44,18.66,8
2020-06-08,18.51,18.51,18.51,18.51,200
2020-06-09,17.42,17.42,17.42,17.42,100
2020-06-10,18.15,18.15,18.08,18.08,4400
2020-06-11,17.06,17.21,17.06,17.21,200
2020-06-12,17.13,17.21,17.21,17.21,0
2020-06-15,18.08,18.08,18.08,18.08,3902
2020-06-16,18.01,18.01,18.01,18.01,400
2020-06-17,18.01,18.01,18.01,18.01,1000
2020-06-18,18.01,18.01,18.01,18.01,0
2020-06-19,18.01,18.01,18.01,18.01,0
2020-06-22,18.15,18.15,18.15,18.15,683
2020-06-23,18.15,18.15,18.15,18.15,200
2020-06-24,16.04,18.08,16.04,18.08,5302
2020-06-25,18.08,18.08,18.08,18.08,3100
2020-06-26,18.08,18.08,18.08,18.08,0
2020-06-29,18.08,18.08,18.08,18.08,0
2020-06-30,16.7,16.7,16.7,16.7,200
2020-07-01,17.79,18.08,17.79,18.08,3900
2020-07-02,18.08,18.08,18.08,18.08,0
2020-07-03,16.04,16.7,16.04,16.7,579
2020-07-06,16.19,16.7,16.7,16.7,0
2020-07-07,17.79,18.15,17.79,18.15,3165
2020-07-08,18.01,18.01,18.01,18.01,400
2020-07-09,18.01,18.01,18.01,18.01,0
2020-07-10,17.42,17.42,17.42,17.42,100
2020-07-13,16.41,16.41,16.34,16.34,3410
2020-07-14,17.42,18.15,17.42,17.42,4900
2020-07-15,18.08,18.08,17.42,17.42,3700
2020-07-16,18.01,17.42,17.42,17.42,0
2020-07-17,18.01,17.42,17.42,17.42,0
2020-07-20,17.42,17.42,17.42,17.42,800
2020-07-21,17.42,17.42,17.42,17.42,1907
2020-07-22,17.42,17.42,17.42,17.42,2100
2020-07-23,17.42,17.42,17.42,17.42,0
2020-07-24,17.42,17.42,17.42,17.42,0
2020-07-27,17.42,17.42,17.42,17.42,0
2020-07-28,17.42,17.42,17.42,17.42,600
2020-07-29,17.42,17.42,17.42,17.42,2000
2020-07-30,17.42,17.42,17.42,17.42,200
2020-07-31,17.42,17.42,16.41,16.41,3100
2020-08-03,17.35,17.35,16.7,16.7,4200
2020-08-04,17.13,16.7,16.7,16.7,0
2020-08-05,17.13,16.7,16.7,16.7,0
2020-08-06,17.13,16.7,16.7,16.7,0
2020-08-07,16.92,16.92,16.92,16.92,1200
2020-08-10,16.7,16.7,16.7,16.7,200
2020-08-11,17.06,17.06,17.06,17.06,900
2020-08-12,17.06,17.06,17.06,17.06,50
2020-08-13,17.06,17.06,17.06,17.06,0
2020-08-14,17.06,17.06,17.06,17.06,0
2020-08-17,16.41,16.41,16.41,16.41,3200
2020-08-18,16.41,16.41,16.41,16.41,0
2020-08-19,16.41,16.41,16.41,16.41,0
2020-08-20,16.41,16.48,16.41,16.48,400
2020-08-21,16.48,16.48,16.48,16.48,8
2020-08-24,16.48,16.48,16.48,16.48,0
2020-08-25,16.99,16.99,16.99,16.99,1700
2020-08-26,17.42,17.42,17.42,17.42,101
2020-08-27,17.42,17.42,17.42,17.42,12
2020-08-28,17.42,17.42,17.42,17.42,0
2020-08-31,17.42,17.42,17.42,17.42,0
2020-09-01,17.42,17.42,17.42,17.42,0
2020-09-03,17.42,17.42,17.42,17.42,0
2020-09-04,17.42,17.42,17.42,17.42,19
2020-09-07,17.42,17.42,17.42,17.42,0
2020-09-08,17.42,17.42,17.42,17.42,0
2020-09-09,17.42,17.42,17.42,17.42,0
2020-09-10,17.42,17.42,17.42,17.42,0
2020-09-11,15.97,15.97,15.97,15.97,500
2020-09-14,15.97,15.97,15.97,15.97,0
2020-09-15,15.97,15.97,15.97,15.97,0
2020-09-16,16.84,16.92,16.84,16.92,1000
2020-09-17,16.7,17.06,16.7,17.06,1400
2020-09-18,16.7,17.06,17.06,17.06,0
2020-09-21,16.7,17.06,17.06,17.06,0
2020-09-22,16.7,17.06,17.06,17.06,0
2020-09-23,17.42,17.42,17.42,17.42,100
2020-09-24,16.19,16.19,16.19,16.19,419
2020-09-25,16.19,16.19,16.19,16.19,0
2020-09-28,16.19,16.19,16.19,16.19,0
2020-09-29,16.19,16.19,16.19,16.19,0
2020-09-30,16.19,16.19,16.19,16.19,0
2020-10-01,16.19,16.19,16.19,16.19,0
2020-10-02,16.99,16.99,16.19,16.19,2600
2020-10-05,16.41,16.19,16.19,16.19,0
2020-10-06,16.41,16.19,16.19,16.19,0
2020-10-07,16.41,16.19,16.19,16.19,0
2020-10-08,16.41,16.41,16.41,16.41,3200
2020-10-09,16.41,16.41,16.41,16.41,0
2020-10-12,16.7,16.7,16.7,16.7,300
2020-10-13,16.7,16.7,16.7,16.7,0
2020-10-14,16.7,16.7,16.7,16.7,0
2020-10-15,16.7,16.7,16.7,16.7,0
2020-10-16,16.7,16.7,16.7,16.7,0
2020-10-19,16.7,16.7,16.7,16.7,0
2020-10-20,16.7,16.7,16.7,16.7,0
2020-10-21,16.7,16.7,16.7,16.7,0
2020-10-22,16.7,16.7,16.7,16.7,0
2020-10-23,16.7,16.7,16.7,16.7,0
2020-10-26,15.9,15.97,15.9,15.97,5800
2020-10-27,14.74,14.74,14.74,14.74,1000
2020-10-28,16.12,16.12,16.12,16.12,100
2020-10-29,15.9,15.9,15.9,15.9,100
2020-10-30,15.9,15.9,15.9,15.9,0
2020-11-02,15.9,15.9,15.9,15.9,0
2020-11-03,14.52,14.52,14.01,14.01,1300
2020-11-04,15.97,15.97,15.97,15.97,100
2020-11-05,15.97,15.97,15.97,15.97,0
2020-11-06,15.97,15.97,15.97,15.97,0
2020-11-09,15.97,15.97,15.97,15.97,0
2020-11-10,14.23,14.23,13.65,13.65,1000
2020-11-11,15.25,15.75,15.25,15.75,3300
2020-11-12,13.87,15.25,13.87,15.25,200
2020-11-13,14.3,14.37,14.23,14.37,1300
2020-11-16,14.3,14.37,14.37,14.37,0
2020-11-17,14.3,14.37,14.37,14.37,0
2020-11-18,13.5,14.08,13.5,14.08,700
2020-11-19,14.01,14.08,14.08,14.08,0
2020-11-20,14.01,14.08,14.08,14.08,0
2020-11-23,15.17,15.17,14.16,14.16,6100
2020-11-24,15.83,15.83,15.83,15.83,2500
2020-11-25,15.83,15.83,15.83,15.83,0
2020-11-26,15.83,16.19,15.83,16.19,3900
2020-11-27,16.12,16.19,16.19,16.19,0
2020-11-30,16.12,16.19,16.19,16.19,0
2020-12-01,16.12,16.19,16.19,16.19,0
2020-12-02,16.12,16.19,16.19,16.19,0
2020-12-03,14.08,14.08,14.08,14.08,1000
2020-12-04,16.04,16.04,16.04,16.04,3400
2020-12-07,16.19,16.26,15.25,15.25,4800
2020-12-08,15.9,15.25,15.25,15.25,0
2020-12-09,15.9,15.25,15.25,15.25,0
2020-12-10,15.9,15.25,15.25,15.25,0
2020-12-11,15.9,15.25,15.25,15.25,0
2020-12-14,15.9,15.25,15.25,15.25,0
2020-12-15,15.54,15.54,15.46,15.46,1200
2020-12-16,15.54,15.54,15.54,15.54,200
2020-12-17,15.54,15.54,15.54,15.54,0
2020-12-18,15.54,15.54,15.54,15.54,0
2020-12-21,15.54,15.54,15.54,15.54,54
2020-12-22,14.08,14.08,14.08,14.08,1100
2020-12-23,14.52,15.39,14.52,15.39,1400
2020-12-24,14.74,15.39,15.39,15.39,0
2020-12-25,14.74,15.39,15.39,15.39,0
2020-12-28,16.04,16.04,15.39,15.83,5305
2020-12-29,15.97,15.83,15.83,15.83,0
2020-12-30,15.9,15.9,15.9,15.9,800
2020-12-31,15.83,18.22,15.83,15.97,17199
2021-01-04,17.28,18.08,17.13,17.13,6300
2021-01-05,16.04,16.04,15.9,15.97,6000
2021-01-06,15.97,15.97,15.97,15.97,30
2021-01-07,16.7,16.7,16.7,16.7,100
2021-01-08,16.7,16.7,16.7,16.7,0
2021-01-11,16.7,16.7,14.96,15.03,3900
2021-01-12,15.1,15.03,15.03,15.03,0
2021-01-13,15.1,15.03,15.03,15.03,0
2021-01-14,16.48,16.48,16.48,16.48,130
2021-01-15,16.48,16.48,16.48,16.48,0
2021-01-18,15.25,15.25,15.25,15.25,5001
2021-01-19,15.25,15.25,15.25,15.25,100
2021-01-20,15.25,15.25,15.25,15.25,0
2021-01-21,15.25,15.25,15.25,15.25,0
2021-01-22,15.17,15.17,14.88,15.1,500
2021-01-25,14.96,14.96,14.88,14.88,5101
2021-01-26,15.83,15.83,14.52,14.52,7200
2021-01-27,14.74,14.52,14.52,14.52,0
2021-01-28,14.74,14.52,14.52,14.52,0
2021-01-29,15.61,15.61,15.61,15.61,100
2021-02-01,15.61,15.61,15.61,15.61,0
2021-02-02,15.61,15.61,15.61,15.61,0
2021-02-03,15.46,15.46,15.1,15.1,600
2021-02-04,15.03,15.03,15.03,15.03,200
2021-02-05,15.03,15.03,15.03,15.03,0
2021-02-08,13.79,13.79,13.79,13.79,300
2021-02-09,14.59,14.67,14.59,14.67,6500
2021-02-17,14.59,14.59,14.59,14.59,1000
2021-02-18,14.59,14.59,14.59,14.59,0
2021-02-19,14.59,14.59,14.59,14.59,1
2021-02-22,15.46,15.46,14.52,14.52,300
2021-02-23,14.74,14.74,14.16,14.16,1000
2021-02-24,14.45,14.45,14.45,14.45,200
2021-02-25,14.45,14.45,14.45,14.45,0
2021-02-26,13.79,13.79,13.79,13.79,500
2021-03-01,13.43,13.79,13.43,13.79,2801
2021-03-02,15.1,15.1,13.79,13.79,200
2021-03-03,14.74,14.81,13.87,14.01,10400
2021-03-04,14.08,14.08,14.08,14.08,100
2021-03-05,14.08,14.08,14.08,14.08,0
2021-03-08,14.08,14.08,14.08,14.08,0
2021-03-09,13.79,14.08,13.79,14.08,800
2021-03-10,14.01,14.08,14.08,14.08,0
2021-03-11,14.01,14.01,14.01,14.01,300
2021-03-12,14.01,14.01,14.01,14.01,0
2021-03-15,14.01,14.01,14.01,14.01,0
2021-03-16,14.01,14.01,14.01,14.01,0
2021-03-17,14.01,14.01,14.01,14.01,0
2021-03-18,13.43,13.79,13.43,13.79,1900
2021-03-19,13.65,13.65,13.65,13.65,500
2021-03-22,13.79,14.37,13.79,14.16,600
2021-03-23,13.79,13.79,13.79,13.79,901
2021-03-24,13.79,13.79,13.79,13.79,100
2021-03-25,13.79,13.79,13.79,13.79,800
2021-03-26,13.79,13.79,13.79,13.79,0
2021-03-29,13.43,13.43,13.43,13.43,2500
2021-03-30,13.43,13.43,13.43,13.43,0
2021-03-31,13.43,13.43,13.43,13.43,0
2021-04-01,13.43,13.43,13.43,13.43,230
2021-04-02,13.79,14.08,13.79,14.01,4590
2021-04-05,13.87,14.01,13.79,14.01,4700
2021-04-06,13.94,14.01,14.01,14.01,0
2021-04-07,13.79,13.79,13.79,13.79,100
2021-04-08,14.01,14.01,14.01,14.01,300
2021-04-09,14.01,14.01,14.01,14.01,0
2021-04-12,14.01,14.01,14.01,14.01,0
2021-04-13,13.79,13.79,13.79,13.79,1000
2021-04-14,13.79,13.79,13.79,13.79,100
2021-04-15,13.07,13.5,13.07,13.43,10200
2021-04-16,13.36,13.94,13.07,13.36,3000
2021-04-19,14.37,14.37,13.79,13.79,1600
2021-04-20,13.79,13.79,13.79,13.79,300
2021-04-22,13.79,13.79,13.79,13.79,200
2021-04-23,14.16,14.16,14.16,14.16,100
2021-04-26,14.16,14.16,14.16,14.16,0
2021-04-27,13.79,14.16,13.79,14.16,200
2021-04-28,14.01,14.16,14.16,14.16,0
2021-04-29,14.01,14.16,14.16,14.16,0
2021-05-04,14.01,14.16,14.16,14.16,0
2021-05-05,13.94,13.94,13.79,13.79,300
2021-05-06,13.87,13.79,13.79,13.79,0
2021-05-07,13.07,13.07,13.07,13.07,3100
2021-05-10,14.16,14.96,14.16,14.96,200
2021-05-11,14.88,14.88,12.41,13.79,11301
2021-05-12,14.45,14.52,13.79,13.79,4500
2021-05-13,14.88,14.88,13.79,14.45,6800
2021-05-14,14.3,14.81,13.79,14.37,6100
2021-05-17,13.43,14.3,12.71,13.79,17800
2021-05-18,14.52,15.68,14.52,15.68,4500
2021-05-19,15.54,15.54,15.25,15.25,4700
2021-05-20,15.54,15.25,15.25,15.25,0
2021-05-21,15.17,15.17,13.5,13.5,6715
2021-05-24,14.45,14.59,12.49,12.49,9900
2021-05-25,14.01,14.01,14.01,14.01,100
2021-05-26,13.72,13.72,13.72,13.72,200
2021-05-27,13.72,13.72,13.72,13.72,0
2021-05-28,13.58,13.58,13.07,13.58,1900
2021-05-31,13.07,13.79,12.85,13.79,2800
2021-06-01,14.45,14.45,14.45,14.45,100
2021-06-02,12.78,14.01,12.78,14.01,210
2021-06-03,14.37,14.37,13.07,13.94,700
2021-06-04,14.37,14.37,14.37,14.37,100
2021-06-07,14.37,14.37,14.37,14.37,0
2021-06-08,14.37,14.37,12.85,14.16,500
2021-06-09,13.94,13.94,13.87,13.87,200
2021-06-10,13.94,14.23,13.94,13.94,500
2021-06-11,14.01,13.94,13.94,13.94,0
2021-06-14,14.01,14.81,14.01,14.52,1200
2021-06-15,14.3,14.3,14.3,14.3,500
2021-06-16,13.79,13.94,13.79,13.94,209
2021-06-17,14.01,14.01,14.01,14.01,100
2021-06-18,12.78,13.79,12.78,13.79,1100
2021-06-21,13.87,13.87,13.72,13.72,1000
2021-06-22,13.79,14.52,13.79,13.79,1200
2021-06-23,14.16,14.3,14.01,14.01,300
2021-06-24,14.16,14.01,14.01,14.01,0
2021-06-25,13.65,13.94,13.65,13.94,400
2021-06-28,14.45,14.45,13.72,14.37,1100
2021-06-29,13.87,14.37,14.37,14.37,0
2021-06-30,13.87,14.37,14.37,14.37,0
2021-07-01,13.87,14.37,14.37,14.37,0
2021-07-02,13.87,14.37,14.37,14.37,0
2021-07-05,13.65,13.87,13.65,13.87,1000
2021-07-06,12.71,13.79,12.71,13.79,800
2021-07-07,12.85,13.79,13.79,13.79,0
2021-07-08,14.01,14.01,14.01,14.01,100
2021-07-09,14.01,14.01,14.01,14.01,0
2021-07-12,14.01,14.01,14.01,14.01,0
2021-07-13,13.72,14.37,13.72,14.37,200
2021-07-14,14.08,14.08,14.08,14.37,10
2021-07-15,13.79,14.37,13.07,14.37,2900
2021-07-16,13.79,13.79,13.79,13.79,800
2021-07-19,13.79,13.79,13.79,13.79,0
2021-07-20,13.79,13.79,13.79,13.79,0
2021-07-21,14.3,14.3,13.79,13.79,500
2021-07-22,13.94,13.79,13.79,13.79,0
2021-07-23,13.94,13.79,13.79,13.79,0
2021-07-26,13.94,13.79,13.79,13.79,0
2021-07-27,12.34,13.79,12.34,13.79,1600
2021-07-28,12.41,13.79,13.79,13.79,0
2021-07-29,13.72,13.79,13.72,13.79,434
2021-07-30,12.41,13.72,12.41,13.72,1605
2021-08-02,13.43,13.79,13.43,13.79,1300
2021-08-03,13.72,13.79,13.79,13.79,0
2021-08-04,13.43,13.79,13.43,13.79,300
2021-08-05,13.58,13.79,13.58,13.79,300
2021-08-06,13.65,13.79,13.79,13.79,0
2021-08-09,13.79,13.87,13.79,13.87,630
2021-08-10,13.79,14.37,13.79,14.37,1100
2021-08-11,14.01,14.01,14.01,14.01,500
2021-08-12,14.37,14.45,14.16,14.45,2100
2021-08-13,14.23,14.45,14.45,14.45,0
2021-08-16,14.45,14.45,13.94,14.16,2200
2021-08-17,13.94,14.16,14.16,14.16,0
2021-08-18,13.94,14.16,14.16,14.16,0
2021-08-19,13.94,14.16,14.16,14.16,0
2021-08-20,14.16,14.16,14.16,14.16,200
2021-08-23,13.79,13.79,13.79,13.79,200
2021-08-24,14.16,14.16,14.16,14.16,100
2021-08-25,14.16,14.16,14.16,14.16,0
2021-08-26,14.16,14.16,14.16,14.16,0
2021-08-27,14.16,14.16,14.16,14.16,34
2021-08-30,14.16,14.16,14.16,14.16,0
2021-08-31,14.16,14.16,14.16,14.16,100
2021-09-01,13.43,13.79,13.43,13.79,2600
2021-09-06,14.08,14.08,14.08,14.08,100
2021-09-07,14.08,14.08,14.08,14.08,0
2021-09-08,13.58,13.87,13.58,13.87,2200
2021-09-09,13.94,13.94,13.94,13.94,100
2021-09-10,13.94,13.94,13.94,13.94,0
2021-09-13,13.94,13.94,13.94,13.94,0
2021-09-14,14.01,14.01,14.01,14.01,500
2021-09-15,13.58,13.79,13.58,13.79,300
2021-09-16,13.94,13.94,13.79,13.79,200
2021-09-17,13.87,13.87,13.87,13.87,0
2021-09-20,13.65,13.87,13.65,13.87,1100
2021-09-21,13.79,13.94,13.65,13.87,3500
2021-09-22,13.87,13.94,13.79,13.79,6100
2021-09-23,13.79,13.87,13.79,13.87,200
2021-09-24,14.01,15.9,13.87,15.9,1910
2021-09-27,14.08,14.08,14.08,14.08,0
2021-09-28,14.08,14.08,14.08,14.08,0
2021-09-29,14.08,14.08,14.08,14.08,0
2021-09-30,15.68,15.68,15.68,15.68,100
2021-10-01,15.68,15.68,15.68,15.68,224
2021-10-04,15.68,15.68,15.68,15.68,0
2021-10-05,15.68,15.68,15.68,15.68,0
2021-10-06,15.68,15.68,15.68,15.68,0
2021-10-07,13.79,13.94,13.79,13.79,3100
2021-10-08,15.25,15.25,15.25,15.25,100
2021-10-11,14.52,14.52,14.16,14.16,400
2021-10-12,14.16,14.16,14.16,14.16,100
2021-10-13,14.16,14.16,14.16,14.16,0
2021-10-14,13.79,13.79,13.79,13.79,2000
2021-10-15,13.79,13.79,13.79,13.79,1000
2021-10-18,13.79,14.45,13.79,14.16,10005
2021-10-19,14.16,14.37,14.16,14.16,3819
2021-10-20,14.16,14.45,14.16,14.45,1600
2021-10-21,14.52,14.52,14.3,14.52,1500
2021-10-22,14.52,14.59,14.45,14.52,13600
2021-10-25,15.1,15.17,15.1,15.17,5900
2021-10-26,15.03,15.17,15.03,15.17,5300
2021-10-27,15.03,15.03,15.03,15.03,1000
2021-10-28,15.03,15.03,15.03,15.03,704
2021-10-29,15.03,15.83,14.52,15.83,12900
2021-11-01,15.39,15.39,15.25,15.25,3400
2021-11-02,15.9,15.9,15.83,15.9,3700
2021-11-03,14.52,15.75,14.52,15.61,9300
2021-11-04,15.46,15.68,15.25,15.68,3700
2021-11-05,15.68,17.42,15.68,17.42,12305
2021-11-08,16.63,17.86,16.63,17.86,4300
2021-11-09,18.15,19.75,18.15,19.75,4900
2021-11-10,20.33,22.07,20.33,21.78,4740
2021-11-11,21.78,21.78,21.56,21.71,2000
2021-11-12,19.89,20.33,19.82,20.33,18200
2021-11-15,18.22,22.51,18.22,22.51,11050
2021-11-16,22.87,22.87,22.87,22.87,6200
2021-11-17,22.87,22.87,22.87,22.87,0
2021-11-18,22.14,22.36,22.14,22.14,3137
2021-11-19,22.14,22.14,22.14,22.14,100
2021-11-22,19.09,22.0,18.88,20.33,4100
2021-11-23,21.42,21.42,20.33,20.33,9400
2021-11-24,20.33,20.33,20.33,20.33,5100
2021-11-25,18.15,20.69,18.15,20.69,7700
2021-11-26,20.33,20.33,20.33,20.33,0
2021-11-29,20.62,20.69,20.33,20.33,11300
2021-11-30,20.33,20.33,20.33,20.33,1200
2021-12-01,17.5,21.05,17.5,20.33,1700
2021-12-02,20.33,20.33,20.33,20.33,300
2021-12-03,20.33,20.33,20.33,20.33,100
2021-12-06,20.26,20.26,20.26,20.26,100
2021-12-07,18.15,20.26,18.15,20.18,600
2021-12-08,19.53,19.53,19.53,19.53,0
2021-12-09,19.53,20.26,19.38,20.26,1300
2021-12-10,19.24,19.24,18.73,18.73,1800
2021-12-13,20.26,20.26,18.88,18.95,4900
2021-12-14,19.02,19.02,18.88,18.88,1700
2021-12-15,18.95,18.95,18.95,18.95,10
2021-12-16,18.95,18.95,18.95,18.95,303
2021-12-17,19.6,19.6,19.53,19.53,300
2021-12-20,19.46,19.46,19.46,19.46,100
2021-12-21,18.3,18.3,18.3,18.3,100
2021-12-22,18.22,19.6,18.22,19.6,1100
2021-12-23,18.44,18.44,17.57,17.57,302
2021-12-24,17.5,17.64,17.5,17.64,200
2021-12-27,18.44,18.44,18.44,18.44,500
2021-12-28,17.42,18.15,17.42,18.15,1800
2021-12-29,17.5,17.5,17.5,17.5,0
2021-12-30,19.31,19.31,19.31,19.31,100
2021-12-31,16.84,19.09,16.48,16.7,3800
2022-01-04,17.06,19.38,17.06,19.38,1400
2022-01-05,16.77,19.24,16.77,19.24,11400
2022-01-06,17.42,17.42,17.42,17.42,1200
2022-01-07,17.42,18.44,17.42,18.44,302
2022-01-10,17.71,17.71,15.68,16.55,2005
2022-01-11,17.71,17.79,17.57,17.71,2750
2022-01-12,17.71,17.71,17.71,17.71,0
2022-01-13,17.64,17.64,17.64,17.64,105
2022-01-14,16.63,16.63,16.63,16.63,200
2022-01-17,16.63,17.71,16.63,17.71,2300
2022-01-18,17.13,17.13,17.13,17.13,3100
2022-01-19,14.59,14.59,14.59,14.59,100
2022-01-20,16.7,16.7,16.7,16.7,900
2022-01-21,17.57,17.57,17.57,17.57,500
2022-01-24,17.57,17.57,17.57,17.57,0
2022-01-25,15.46,15.46,15.32,15.32,600
2022-01-26,15.32,17.35,15.32,15.68,1200
2022-01-27,17.5,17.5,17.06,17.06,2115
2022-01-28,17.06,17.06,17.06,17.06,0
2022-02-07,16.99,16.99,15.46,16.7,900
2022-02-08,14.81,15.9,14.81,15.9,200
2022-02-09,15.68,15.68,15.61,15.61,300
2022-02-10,14.67,15.25,14.67,15.25,400
2022-02-11,15.1,15.1,15.1,15.1,0
2022-02-14,14.59,14.59,14.59,14.59,300
2022-02-15,16.41,16.41,16.41,16.41,100
2022-02-16,16.41,16.41,16.41,16.41,0
2022-02-17,16.92,16.92,16.92,16.92,100
2022-02-18,16.77,16.77,16.77,16.77,100
2022-02-21,16.77,16.77,16.77,16.77,0
2022-02-22,16.77,16.77,16.77,16.77,0
2022-02-23,16.77,16.77,16.77,16.77,0
2022-02-24,16.77,16.77,16.77,16.77,0
2022-02-25,14.3,16.55,14.3,16.55,200
2022-02-28,15.46,15.46,15.46,15.46,1
2022-03-01,15.46,15.46,15.46,15.46,0
2022-03-02,16.63,16.63,16.63,16.63,100
2022-03-03,14.16,16.55,14.16,16.34,300
2022-03-04,15.68,15.68,15.68,15.68,0
2022-03-07,15.68,15.68,15.68,15.68,0
2022-03-08,14.67,15.1,14.67,15.1,2900
2022-03-09,16.12,16.12,16.12,16.12,100
2022-03-10,16.12,16.12,16.12,16.12,0
2022-03-11,15.97,15.97,15.32,15.32,400
2022-03-14,13.94,15.54,13.94,15.32,6001
2022-03-15,14.59,14.59,14.59,14.59,0
2022-03-16,14.59,14.59,14.59,14.59,0
2022-03-17,14.59,14.59,14.59,14.59,200
2022-03-18,14.88,14.88,14.67,14.67,900
2022-03-21,15.97,15.97,15.97,15.97,100
2022-03-22,14.52,14.52,14.52,14.52,1800
2022-03-23,14.52,14.52,14.52,14.52,0
2022-03-24,14.52,14.52,14.52,14.52,0
2022-03-25,14.52,14.52,14.52,14.52,0
2022-03-28,14.52,15.83,14.52,15.83,2100
2022-03-29,15.68,15.75,15.68,15.75,2613
2022-03-30,16.12,16.12,15.75,15.75,1100
2022-03-31,15.75,15.75,15.75,15.75,1100
2022-04-01,15.75,15.75,15.75,15.75,0
2022-04-04,15.75,15.75,15.75,15.75,0
2022-04-05,15.75,15.75,15.75,15.75,100
2022-04-06,15.75,15.75,15.75,15.75,200
2022-04-07,14.52,14.52,14.52,14.52,100
2022-04-08,14.52,14.52,14.52,14.52,0
2022-04-12,14.52,14.52,14.52,14.52,0
2022-04-13,14.52,14.52,14.52,14.52,0
2022-04-14,15.1,15.1,14.88,14.88,500
2022-04-15,15.03,15.03,15.03,15.03,0
2022-04-18,15.03,15.03,15.03,15.03,0
2022-04-19,15.03,15.03,15.03,15.03,0
2022-04-20,15.03,15.03,15.03,15.03,0
2022-04-21,15.03,15.03,15.03,15.03,0
2022-04-22,15.03,15.03,15.03,15.03,2200
2022-04-25,15.03,15.03,15.03,15.03,0
2022-04-26,15.03,15.03,15.03,15.03,100
2022-04-27,15.03,15.03,15.03,15.03,200
2022-04-28,15.03,15.03,15.03,15.03,0
2022-04-29,15.03,15.03,15.03,15.03,0
2022-05-04,15.03,15.03,15.03,15.03,0
2022-05-05,15.03,15.03,15.03,15.03,0
2022-05-06,15.03,15.03,15.03,15.03,0
2022-05-09,12.92,14.81,12.92,14.81,200
2022-05-10,13.94,14.74,13.72,14.74,600
2022-05-11,14.45,14.45,14.45,14.45,0
2022-05-12,14.45,14.45,14.45,14.45,0
2022-05-13,13.79,14.3,13.79,14.3,600
2022-05-16,14.52,14.52,14.52,14.52,100
2022-05-17,14.52,14.52,14.52,14.52,0
2022-05-18,14.52,14.52,14.52,14.52,0
2022-05-19,14.67,14.74,14.67,14.74,600
2022-05-20,14.74,14.74,14.74,14.74,0
2022-05-23,14.74,14.74,14.74,14.74,0
2022-05-24,14.74,14.74,14.74,14.74,0
2022-05-25,14.74,14.74,14.74,14.74,0
2022-05-26,14.74,14.74,14.74,14.74,0
2022-05-27,15.9,15.9,15.9,15.9,100
2022-05-30,15.9,15.9,15.9,15.9,0
2022-05-31,15.9,15.9,15.9,15.9,0
2022-06-01,15.9,15.9,15.9,15.9,0
2022-06-02,15.9,15.9,15.9,15.9,0
2022-06-03,15.9,15.9,15.9,15.9,0
2022-06-06,15.9,15.9,15.9,15.9,0
2022-06-07,15.9,15.9,15.9,15.9,0
2022-06-08,15.9,15.9,15.9,15.9,0
2022-06-09,15.9,15.9,15.9,15.9,0
2022-06-10,15.9,15.9,15.9,15.9,0
2022-06-13,13.94,13.94,13.94,13.94,100
2022-06-14,13.94,13.94,13.94,13.94,0
2022-06-15,13.94,13.94,13.94,13.94,0
2022-06-16,13.94,13.94,13.94,13.94,0
2022-06-17,13.94,13.94,13.94,13.94,0
2022-06-20,13.94,13.94,13.94,13.94,0
2022-06-21,13.94,13.94,13.94,13.94,0
2022-06-22,13.94,13.94,13.94,13.94,0
2022-06-23,14.52,14.52,14.52,14.52,100
2022-06-24,14.52,14.52,14.52,14.52,0
2022-06-27,14.52,14.52,14.52,14.52,0
2022-06-28,12.41,13.79,12.34,13.79,8100
2022-06-29,13.07,15.25,13.07,15.25,6000
2022-06-30,15.25,15.25,12.05,14.45,300
2022-07-01,15.25,15.25,15.25,15.25,100
2022-07-04,15.25,15.25,15.25,15.25,0
2022-07-05,15.25,15.25,15.25,15.25,0
2022-07-06,15.25,15.25,15.25,15.25,0
2022-07-07,15.54,15.54,15.54,15.54,100
2022-07-08,13.94,15.25,13.94,15.25,400
2022-07-11,15.83,15.83,15.83,15.83,100
2022-07-12,15.83,15.83,15.83,15.83,0
2022-07-13,15.83,15.83,15.83,15.83,0
2022-07-14,15.83,15.83,15.83,15.83,0
2022-07-15,15.83,15.83,15.83,15.83,0
2022-07-18,15.83,15.83,15.83,15.83,0
2022-07-19,13.5,14.52,13.5,14.52,300
2022-07-20,14.16,14.16,14.16,14.16,0
2022-07-21,15.97,15.97,15.97,15.97,100
2022-07-22,13.58,14.01,13.58,14.01,1600
2022-07-25,13.87,13.87,13.87,13.87,0
2022-07-26,13.87,13.87,13.87,13.87,0
2022-07-27,13.72,13.87,13.72,13.87,800
2022-07-28,12.2,13.79,12.2,13.79,600
2022-07-29,14.16,14.16,13.79,13.79,300
2022-08-01,13.94,13.94,13.94,13.94,0
2022-08-02,11.91,13.94,11.91,13.94,700
2022-08-03,14.01,14.01,14.01,14.01,100
2022-08-04,13.79,13.94,13.79,13.94,3200
2022-08-05,13.79,13.79,13.79,13.79,4300
2022-08-08,13.79,13.79,13.79,13.79,0
2022-08-09,13.87,13.94,13.79,13.79,1600
2022-08-10,13.87,13.87,13.79,13.79,1200
2022-08-11,13.79,13.94,13.79,13.94,1500
2022-08-12,13.87,13.87,13.87,13.87,0
2022-08-15,13.87,13.87,13.87,13.87,1600
2022-08-16,13.87,13.87,13.87,13.87,0
2022-08-17,14.52,14.52,14.52,14.52,2700
2022-08-18,14.52,14.52,14.52,14.52,0
2022-08-19,14.52,14.52,14.52,14.52,0
2022-08-22,14.52,14.52,14.52,14.52,0
2022-08-23,13.87,13.94,13.87,13.94,500
2022-08-24,13.94,13.94,13.94,13.94,507
2022-08-25,13.87,13.94,13.87,13.94,500
2022-08-26,13.94,13.94,13.94,13.94,0
2022-08-29,13.94,13.94,13.94,13.94,0
2022-08-30,13.94,13.94,13.94,13.94,0
2022-08-31,13.94,13.94,13.94,13.94,0
2022-09-05,13.94,13.94,13.94,13.94,0
2022-09-06,13.94,13.94,13.14,13.14,600
2022-09-07,14.01,14.01,14.01,14.01,100
2022-09-08,14.01,14.01,14.01,14.01,0
2022-09-09,14.01,14.01,14.01,14.01,0
2022-09-12,14.01,14.01,14.01,14.01,1
2022-09-13,14.01,14.01,14.01,14.01,0
2022-09-14,14.01,14.01,14.01,14.01,0
2022-09-15,13.79,13.87,13.79,13.87,1500
2022-09-16,13.79,13.79,13.79,13.79,0
2022-09-19,13.79,13.79,13.79,13.79,0
2022-09-20,13.79,13.79,13.79,13.79,0
2022-09-21,13.79,13.79,13.79,13.79,0
2022-09-22,13.79,13.79,13.79,13.79,2
2022-09-23,13.79,13.79,13.79,13.79,0
2022-09-26,13.79,13.79,13.79,13.79,0
2022-09-27,13.79,13.79,13.79,13.79,25
2022-09-28,13.79,13.79,13.79,13.79,0
2022-09-29,13.79,13.79,13.79,13.79,0
2022-09-30,13.79,13.79,13.79,13.79,0
2022-10-03,13.79,13.79,13.79,13.79,0
2022-10-04,13.79,13.79,13.79,13.79,0
2022-10-05,11.76,12.2,11.76,12.2,1000
2022-10-06,12.2,13.94,12.2,13.94,5100
2022-10-07,10.89,10.89,10.89,10.89,100
2022-10-10,10.89,12.34,9.44,12.34,7200
2022-10-11,13.07,13.58,10.24,12.2,3800
2022-10-12,10.6,12.85,10.6,12.85,500
2022-10-13,12.85,13.14,10.16,10.16,1300
2022-10-14,14.3,14.3,10.96,14.3,9200
2022-10-17,15.1,15.1,15.1,15.1,500
2022-10-18,15.1,15.1,15.1,15.1,0
2022-10-19,15.1,15.1,15.1,15.1,0
2022-10-20,14.74,14.88,14.52,14.52,9200
2022-10-21,14.59,14.59,14.52,14.59,2200
2022-10-24,13.5,14.81,13.07,14.81,4301
2022-10-25,13.43,14.45,13.43,13.43,2700
2022-10-26,13.07,14.59,13.07,14.59,600
2022-10-27,14.37,14.37,14.37,14.37,100
2022-10-28,15.9,15.9,15.9,15.9,100
2022-10-31,15.9,15.9,15.9,15.9,0
2022-11-01,15.9,15.9,15.9,15.9,0
2022-11-02,15.9,15.9,15.9,15.9,0
2022-11-03,15.9,15.9,15.9,15.9,0
2022-11-04,15.9,15.9,15.9,15.9,0
2022-11-07,15.9,15.9,15.9,15.9,0
2022-11-08,15.9,15.9,15.9,15.9,0
2022-11-09,15.9,15.9,15.9,15.9,0
2022-11-10,15.9,15.9,15.9,15.9,0
2022-11-11,15.9,15.9,15.9,15.9,0
2022-11-14,15.9,15.9,15.9,15.9,0
2022-11-15,13.79,13.79,13.79,13.79,2000
2022-11-16,13.79,13.79,13.79,13.79,0
2022-11-17,13.79,13.79,13.79,13.79,0
2022-11-18,13.79,13.79,13.79,13.79,0
2022-11-21,13.79,13.79,13.79,13.79,0
2022-11-22,11.83,11.91,11.76,11.76,7800
2022-11-23,11.83,11.83,11.83,11.83,1
2022-11-24,11.83,11.83,11.83,11.83,0
2022-11-25,11.62,11.62,11.62,11.62,800
2022-11-28,11.98,11.98,11.98,11.98,3001
2022-11-29,10.38,12.2,10.38,11.98,1292
2022-11-30,11.98,12.2,11.98,12.2,1901
2022-12-01,11.62,11.76,11.62,11.69,1100
2022-12-02,13.07,13.07,13.07,13.07,100
2022-12-05,14.81,14.81,14.81,14.81,100
2022-12-06,12.71,13.07,12.63,12.63,4300
2022-12-07,14.59,14.59,11.62,11.98,3100
2022-12-08,11.83,11.83,11.83,11.83,0
2022-12-09,11.98,11.98,11.98,11.98,500
2022-12-12,11.98,12.92,11.98,12.92,1521
2022-12-13,12.85,12.85,12.85,12.85,0
2022-12-14,14.52,14.52,14.52,14.52,100
2022-12-15,12.85,13.43,12.41,12.56,3111
2022-12-16,11.11,11.11,11.11,11.11,100
2022-12-19,12.34,12.41,11.62,11.62,4900
2022-12-20,10.89,12.92,10.89,12.63,3602
2022-12-21,11.91,12.85,11.91,12.85,1100
2022-12-22,12.71,14.37,12.63,14.37,1600
2022-12-23,13.43,13.79,13.29,13.79,6100
2022-12-26,13.5,13.5,13.5,13.5,200
2022-12-27,14.37,14.37,14.37,14.37,100
2022-12-28,13.07,13.07,12.34,12.34,800
2022-12-29,12.56,12.56,12.56,12.56,0
2022-12-30,14.3,14.3,14.3,14.3,108
2023-01-03,14.3,14.3,14.3,14.3,1
2023-01-04,14.3,14.3,14.3,14.3,0
2023-01-05,14.3,14.3,14.3,14.3,0
2023-01-06,13.79,13.79,12.49,12.49,600
2023-01-09,14.23,14.23,14.23,14.23,100
2023-01-10,14.23,14.23,14.23,14.23,0
2023-01-11,14.23,14.23,14.23,14.23,0
2023-01-12,14.23,14.23,14.23,14.23,8
2023-01-13,14.23,14.23,14.23,14.23,0
2023-01-16,14.23,14.23,14.23,14.23,0
2023-01-17,14.23,14.23,14.23,14.23,0
2023-01-18,14.23,14.23,14.23,14.23,0
2023-01-19,14.59,14.59,14.59,14.59,100
2023-01-27,14.81,15.25,14.52,15.25,5200
2023-01-30,14.59,14.59,14.16,14.59,14100
2023-01-31,14.16,14.3,13.79,14.3,6700
2023-02-01,14.3,14.3,14.23,14.23,3400
2023-02-02,14.3,14.3,14.3,14.3,4100
2023-02-03,14.3,14.3,14.3,14.3,0
2023-02-06,14.3,14.3,14.23,14.23,4000
2023-02-07,14.3,14.3,14.3,14.3,400
2023-02-08,14.3,14.3,14.3,14.3,0
2023-02-09,14.23,14.23,14.23,14.23,1400
2023-02-10,14.23,14.23,14.23,14.23,0
2023-02-13,12.78,12.78,12.78,12.78,100
2023-02-14,12.78,12.78,12.78,12.78,75
2023-02-15,12.78,12.78,12.78,12.78,0
2023-02-16,12.78,12.78,12.78,12.78,0
2023-02-17,12.78,12.78,12.78,12.78,0
2023-02-20,12.78,12.78,12.78,12.78,0
2023-02-21,13.79,13.87,13.79,13.79,4700
2023-02-22,13.79,13.79,13.79,13.79,1900
2023-02-23,13.79,13.79,13.79,13.79,0
2023-02-24,13.43,13.43,13.43,13.43,100
2023-02-27,13.43,13.43,13.43,13.43,0
2023-02-28,13.43,13.43,13.43,13.43,0
2023-03-01,13.43,13.43,13.43,13.43,0
2023-03-02,13.43,13.43,13.43,13.43,400
2023-03-03,13.43,13.43,13.43,13.43,800
2023-03-06,13.43,13.43,13.43,13.43,0
2023-03-07,13.43,13.43,13.43,13.43,0
2023-03-08,13.43,13.43,13.43,13.43,0
2023-03-09,13.43,13.43,13.43,13.43,0
2023-03-10,13.43,13.43,13.43,13.43,400
2023-03-13,13.43,13.43,13.43,13.43,1900
2023-03-14,13.36,13.36,13.36,13.36,1000
2023-03-15,13.36,13.36,13.36,13.36,0
2023-03-16,12.34,12.34,12.34,12.34,100
2023-03-17,12.34,12.34,12.34,12.34,0
2023-03-20,12.34,12.34,12.34,12.34,6
2023-03-21,12.34,12.34,12.34,12.34,0
2023-03-22,12.34,12.34,12.34,12.34,0
2023-03-23,12.34,12.34,12.34,12.34,0
2023-03-24,12.71,12.71,12.71,12.71,500
2023-03-27,12.71,12.71,12.71,12.71,0
2023-03-28,12.71,12.71,12.71,12.71,0
2023-03-29,11.54,11.54,11.54,11.54,100
2023-03-30,11.54,11.54,11.54,11.54,0
2023-03-31,11.54,11.54,11.54,11.54,0
2023-04-03,13.21,13.21,13.21,13.21,4000
2023-04-04,15.17,15.17,13.79,13.79,11300
2023-04-05,13.94,13.94,13.94,13.94,26
2023-04-06,13.79,13.79,13.21,13.21,1700
2023-04-07,13.43,13.43,13.43,13.43,1000
2023-04-10,13.43,13.43,13.43,13.43,10026
2023-04-11,13.43,13.43,13.43,13.43,307
2023-04-12,13.79,13.79,13.79,13.79,6002
2023-04-13,13.79,13.79,13.79,13.79,0
2023-04-14,13.79,13.79,13.79,13.79,900
2023-04-17,13.79,13.79,13.79,13.79,0
2023-04-18,13.79,13.79,13.79,13.79,0
2023-04-19,12.34,13.79,12.34,13.79,707
2023-04-20,12.41,13.07,12.41,12.56,2500
2023-04-21,12.63,12.63,12.63,12.63,0
2023-04-24,14.37,14.37,14.37,14.37,1088
2023-04-25,14.37,14.37,14.37,14.37,0
2023-04-26,14.37,14.37,14.37,14.37,0
2023-04-27,14.37,14.37,14.37,14.37,0
2023-04-28,14.37,14.37,14.37,14.37,0
2023-05-04,14.37,14.37,14.37,14.37,1
2023-05-05,12.63,12.63,12.63,12.63,100
2023-05-08,12.63,12.63,12.63,12.63,0
2023-05-09,12.63,12.63,12.63,12.63,0
2023-05-10,11.91,11.91,11.91,11.91,100
2023-05-11,11.98,13.07,11.98,12.41,1600
2023-05-12,12.49,12.49,12.49,12.49,0
2023-05-15,13.65,13.65,13.65,13.65,100
2023-05-16,13.65,13.65,13.65,13.65,0
2023-05-17,13.65,13.79,13.65,13.79,20200
2023-05-18,13.79,13.79,13.79,13.79,0
2023-05-19,13.21,13.72,13.21,13.72,400
2023-05-22,13.72,13.72,13.58,13.58,300
2023-05-23,13.29,14.45,13.29,14.45,5100
2023-05-24,14.45,14.45,13.36,14.23,8200
2023-05-25,16.48,16.48,14.52,16.19,1200
2023-05-26,16.41,16.41,14.59,15.9,2100
2023-05-29,16.41,16.41,15.39,16.26,3900
2023-05-30,17.13,17.13,14.37,17.13,600
2023-05-31,13.43,16.63,13.43,15.97,6300
2023-06-01,15.68,15.97,15.68,15.97,3800
2023-06-02,15.9,15.97,15.9,15.97,3800
2023-06-05,18.01,18.01,14.59,16.41,1000
2023-06-06,16.63,16.63,16.63,16.63,100
2023-06-07,15.25,15.9,15.25,15.9,900
2023-06-08,15.9,15.9,15.32,15.39,2500
2023-06-09,15.9,15.9,15.9,15.9,100
2023-06-12,15.9,15.9,15.9,15.9,0
2023-06-13,18.15,18.15,18.15,18.15,100
2023-06-14,18.15,18.15,18.15,18.15,0
2023-06-15,18.15,18.15,18.15,18.15,0
2023-06-16,15.46,16.92,15.46,15.97,1500
2023-06-19,16.19,16.19,16.19,16.19,0
2023-06-20,18.01,18.01,14.59,15.9,300
2023-06-21,16.19,16.19,16.19,16.19,0
2023-06-22,17.93,17.93,15.83,15.9,600
2023-06-23,15.9,15.9,15.9,15.9,200
2023-06-26,15.9,15.9,15.9,15.9,0
2023-06-27,14.67,15.9,13.87,15.68,2700
2023-06-28,16.7,16.7,14.67,15.97,6600
2023-06-29,18.3,18.3,15.97,16.34,3005
2023-06-30,16.19,16.63,16.19,16.55,7400
2023-07-03,16.19,18.01,16.19,16.34,4700
2023-07-04,16.7,16.7,16.48,16.48,2708
2023-07-05,16.34,16.55,16.19,16.55,10000
2023-07-06,17.35,17.35,16.41,16.84,1700
2023-07-07,17.35,17.35,17.35,17.35,100
2023-07-10,16.7,17.13,16.7,17.13,1100
2023-07-11,16.7,16.7,16.7,16.7,3222
2023-07-12,17.13,17.28,17.13,17.13,1437
2023-07-13,17.71,17.71,16.77,17.5,900
2023-07-14,17.71,17.71,17.57,17.71,6100
2023-07-17,17.42,18.01,17.42,18.01,300
2023-07-18,18.08,18.08,18.01,18.08,7300
2023-07-19,18.8,18.8,17.42,17.42,6300
2023-07-20,17.42,17.42,17.13,17.13,1200
2023-07-21,17.13,17.93,17.13,17.93,600
2023-07-24,17.28,17.28,17.28,17.28,0
2023-07-25,17.35,17.42,17.28,17.42,5100
2023-07-26,17.42,17.5,17.42,17.5,300
2023-07-27,17.5,17.5,17.5,17.5,4000
2023-07-28,17.5,17.5,17.5,17.5,300
2023-07-31,17.5,17.5,17.5,17.5,0
2023-08-01,17.06,17.06,17.06,17.06,1200
2023-08-02,17.06,17.06,17.06,17.06,9600
2023-08-03,17.13,17.13,17.13,17.13,1900
2023-08-04,17.79,17.79,17.79,17.79,200
2023-08-07,17.79,17.79,17.79,17.79,1322
2023-08-08,17.64,17.64,17.64,17.64,1200
2023-08-09,18.51,18.51,18.51,18.51,600
2023-08-10,18.51,18.51,18.51,18.51,0
2023-08-11,18.59,18.73,18.59,18.66,600
2023-08-14,18.66,18.66,18.66,18.66,0
2023-08-15,18.66,18.66,18.66,18.66,0
2023-08-16,18.66,18.73,18.66,18.73,700
2023-08-17,18.66,18.66,18.66,18.66,0
2023-08-18,18.15,18.15,17.86,17.86,5100
2023-08-21,18.15,18.22,18.15,18.15,900
2023-08-22,17.5,18.22,17.5,18.22,5000
2023-08-23,18.3,18.3,18.3,18.3,300
2023-08-24,18.73,18.73,18.73,18.73,200
2023-08-25,18.22,18.22,18.22,18.22,200
2023-08-28,18.22,18.22,17.5,18.22,400
2023-08-29,18.08,18.08,18.08,18.08,0
2023-08-30,18.08,18.08,18.08,18.08,100
2023-08-31,17.79,18.15,17.79,18.08,5500
2023-09-05,18.01,18.01,18.01,18.01,0
2023-09-06,17.5,17.5,17.5,17.5,7400
2023-09-07,17.5,17.5,17.5,17.5,0
2023-09-08,17.5,17.5,17.5,17.5,0
2023-09-11,17.5,17.5,17.5,17.5,300
2023-09-12,17.5,17.5,17.5,17.5,0
2023-09-13,17.5,17.5,17.5,17.5,0
2023-09-14,17.5,17.5,17.5,17.5,1000
2023-09-15,17.5,17.5,17.5,17.5,0
2023-09-18,17.5,17.5,17.5,17.5,0
2023-09-19,17.79,17.79,17.79,17.79,1000
2023-09-20,19.24,19.24,18.51,18.51,3000
2023-09-21,18.15,18.3,18.15,18.3,1003
2023-09-22,18.15,18.15,18.15,18.15,500
2023-09-25,18.51,18.51,18.15,18.15,3700
2023-09-26,18.22,18.22,18.22,18.22,2
2023-09-27,18.73,18.73,18.73,18.73,1000
2023-09-28,18.73,18.73,18.73,18.73,1000
2023-09-29,18.73,18.73,18.73,18.73,2000
2023-10-02,18.73,18.73,18.73,18.73,0
2023-10-03,18.51,18.51,18.51,18.51,100
2023-10-04,18.51,18.51,18.51,18.51,0
2023-10-05,18.51,18.51,18.51,18.51,500
2023-10-06,17.64,18.51,17.5,18.15,5400
2023-10-09,18.15,18.15,18.15,18.15,100
2023-10-10,18.15,18.15,18.15,18.15,0
2023-10-11,18.15,18.15,18.15,18.15,0
2023-10-12,18.15,18.15,18.15,18.15,0
2023-10-13,18.15,18.15,18.15,18.15,0
2023-10-16,18.15,18.15,18.15,18.15,0
2023-10-17,18.15,18.15,18.15,18.15,0
2023-10-18,17.42,17.42,17.42,17.42,2400
2023-10-19,19.97,19.97,19.97,19.97,100
2023-10-20,19.97,19.97,19.97,19.97,0
2023-10-23,18.15,18.15,17.79,17.79,2700
2023-10-24,18.44,18.51,18.44,18.51,2000
2023-10-25,18.51,18.51,18.51,18.51,100
2023-10-26,18.51,18.51,18.51,18.51,0
2023-10-27,21.27,21.27,21.27,21.27,100
2023-10-30,21.27,21.27,21.27,21.27,0
2023-10-31,21.27,21.27,21.27,21.27,0
2023-11-01,24.18,24.18,18.15,18.15,11000
2023-11-02,18.22,18.22,18.22,18.22,0
2023-11-03,18.22,18.22,18.22,18.22,0
2023-11-06,18.22,18.22,18.22,18.22,0
2023-11-07,20.62,20.62,17.5,18.22,5900
2023-11-08,18.51,18.51,18.51,18.51,500
2023-11-09,18.88,18.88,18.88,18.88,3515
2023-11-10,18.88,18.88,18.88,18.88,0
2023-11-13,20.47,21.05,20.47,21.05,200
2023-11-14,20.76,20.76,20.76,20.76,400
2023-11-15,19.97,19.97,19.09,19.09,504
2023-11-16,19.97,19.97,19.24,19.46,6000
2023-11-17,19.46,19.46,19.46,19.46,300
2023-11-20,19.46,19.97,19.31,19.31,50500
2023-11-21,19.38,19.75,19.38,19.38,27700
2023-11-22,19.38,19.97,19.38,19.82,7200
2023-11-23,18.5,19.7,18.5,19.38,1900
2023-11-24,19.14,19.94,19.14,19.14,4900
2023-11-27,19.46,19.54,19.22,19.3,9232
2023-11-28,19.54,20.02,19.22,19.46,26700
2023-11-29,19.7,19.7,19.38,19.54,46200
2023-11-30,19.78,20.82,19.78,20.82,11762
2023-12-01,20.58,20.74,20.02,20.74,8100
2023-12-04,20.82,22.26,20.18,22.26,38090
2023-12-05,23.62,23.62,22.02,22.34,10986
2023-12-06,23.06,23.14,20.02,21.3,25587
2023-12-07,18.94,22.9,18.94,21.76,9826
2023-12-08,22.02,22.02,19.64,20.0,2354
2023-12-11,20.26,21.93,20.26,21.93,7500
2023-12-12,20.61,20.61,19.91,20.52,5906
2023-12-13,20.52,20.52,17.71,19.38,8145
2023-12-14,19.2,19.2,19.03,19.03,634
2023-12-15,18.5,18.5,18.5,18.5,200
2023-12-18,18.5,18.5,18.5,18.5,100
2023-12-19,18.5,18.5,18.5,18.5,100
2023-12-20,18.32,18.32,18.23,18.23,505
2023-12-21,18.23,18.32,18.23,18.32,1100
2023-12-22,18.23,18.23,18.23,18.23,3
2023-12-25,15.94,16.74,15.77,16.56,4800
2023-12-26,16.47,17.71,16.47,16.74,6675
2023-12-27,16.91,16.91,16.91,16.91,0
2023-12-28,18.06,18.06,18.06,18.06,146
2023-12-29,17.79,17.97,17.79,17.88,2500
2024-01-02,17.88,17.88,17.79,17.79,500
2024-01-03,17.71,17.71,17.71,17.71,400
2024-01-04,17.71,17.71,17.71,17.71,3000
2024-01-05,17.71,19.38,17.71,19.38,2000
2024-01-08,18.59,18.59,18.59,18.59,10
2024-01-09,19.38,19.38,19.38,19.38,100
2024-01-10,19.38,19.38,19.38,19.38,0
2024-01-11,19.38,19.38,19.38,19.38,10
2024-01-12,19.38,19.38,18.59,18.59,6208
2024-01-15,19.03,19.2,19.03,19.2,2400
2024-01-16,19.82,19.82,19.38,19.38,1602
2024-01-17,18.5,18.5,18.5,18.5,1004
2024-01-18,18.5,18.5,18.5,18.5,1700
2024-01-19,18.5,18.5,18.32,18.32,1204
2024-01-22,18.5,18.5,18.41,18.41,2560
2024-01-23,18.41,18.41,18.41,18.41,2000
2024-01-24,19.38,19.38,18.15,18.15,700
2024-01-25,18.32,18.32,18.32,18.32,0
2024-01-26,18.94,18.94,17.79,17.79,800
2024-01-29,18.67,18.67,18.67,18.67,101
2024-01-30,18.67,18.67,18.67,18.67,1204
2024-01-31,17.62,17.79,17.62,17.79,1001
2024-02-01,19.2,19.2,18.5,18.5,200
2024-02-02,18.5,18.5,18.5,18.5,1100
2024-02-05,17.79,17.79,17.79,17.79,102
2024-02-06,17.88,17.88,17.79,17.79,6900
2024-02-07,17.79,17.79,17.79,17.79,1201
2024-02-15,17.62,18.41,17.62,17.71,1008
2024-02-16,17.88,17.88,17.88,17.88,609
2024-02-19,17.88,17.88,17.88,17.88,1000
2024-02-20,17.88,17.88,17.88,17.88,12
2024-02-21,17.18,17.62,15.5,17.62,12805
2024-02-22,17.62,17.62,17.62,17.62,113
2024-02-23,17.71,17.71,17.62,17.62,7804
2024-02-26,18.5,18.5,18.5,18.5,100
2024-02-27,18.5,18.5,18.5,18.5,400
2024-02-28,18.32,18.32,18.32,18.32,517
2024-02-29,17.0,17.0,17.0,17.0,137
2024-03-01,17.0,17.0,17.0,17.0,3
2024-03-04,17.53,17.97,17.53,17.97,200
2024-03-05,17.79,17.79,17.79,17.79,0
2024-03-06,17.71,17.71,17.71,17.71,300
2024-03-07,17.62,17.79,17.62,17.79,500
2024-03-08,17.71,17.71,17.71,17.71,0
2024-03-11,16.74,18.06,16.74,18.06,1057
2024-03-12,17.88,17.88,17.88,17.88,0
2024-03-13,17.88,17.88,17.88,17.88,0
2024-03-14,17.88,17.88,17.88,17.88,0
2024-03-15,17.88,17.88,17.88,17.88,452
2024-03-18,17.88,17.88,17.88,17.88,25
2024-03-19,17.88,17.88,17.88,17.88,3
2024-03-20,16.56,17.88,16.56,17.88,2000
2024-03-21,17.18,17.35,17.18,17.27,10000
2024-03-22,18.5,18.5,18.5,18.5,116
2024-03-25,18.41,18.5,18.15,18.15,4147
2024-03-26,18.23,18.23,18.23,18.23,1300
2024-03-27,18.23,18.23,18.23,18.23,1
2024-03-28,18.41,18.5,18.41,18.5,2500
2024-03-29,19.2,19.2,19.2,19.2,100
2024-04-01,17.62,17.62,17.62,17.62,100
2024-04-02,17.62,17.62,17.62,17.62,0
2024-04-03,17.62,17.62,17.62,17.62,0
2024-04-04,17.62,17.62,17.62,17.62,0
2024-04-05,17.62,17.71,17.62,17.62,2800
2024-04-08,17.62,17.62,17.62,17.62,0
2024-04-09,17.62,17.62,17.62,17.62,0
2024-04-10,17.62,17.62,17.62,17.62,1100
2024-04-11,17.62,17.62,17.62,17.62,201
2024-04-12,17.62,17.62,17.62,17.62,0
2024-04-15,17.62,17.62,17.62,17.62,0
2024-04-16,17.62,17.62,17.62,17.62,0
2024-04-17,17.62,17.62,17.62,17.62,5
2024-04-19,15.94,15.94,15.06,15.5,2300
2024-04-22,16.3,17.35,16.3,17.35,300
2024-04-23,18.06,18.06,17.62,17.62,5400
2024-04-24,17.71,17.71,17.71,17.71,0
2024-04-25,17.71,17.71,17.71,17.71,0
2024-04-26,17.71,17.71,17.71,17.71,0
2024-05-02,17.71,17.71,17.71,17.71,0
2024-05-03,17.88,17.88,17.88,17.88,480
2024-05-06,17.79,17.79,17.79,17.79,500
2024-05-07,17.79,17.79,17.79,17.79,0
2024-05-08,17.79,17.79,17.79,17.79,4
2024-05-09,17.79,17.79,17.79,17.79,45
2024-05-10,17.62,17.62,17.62,17.62,1700
2024-05-13,17.62,17.62,17.62,17.62,0
2024-05-14,17.71,17.71,17.71,17.71,200
2024-05-15,18.15,18.15,18.15,18.15,2100
2024-05-16,18.15,18.15,18.15,18.15,0
2024-05-17,18.15,18.15,18.15,18.15,0
2024-05-20,18.15,18.15,18.15,18.15,0
2024-05-21,18.15,18.15,18.15,18.15,0
2024-05-22,19.03,19.03,18.94,18.94,1000
2024-05-23,18.94,18.94,18.94,18.94,700
2024-05-24,18.94,18.94,18.94,18.94,0
2024-05-27,18.94,18.94,18.94,18.94,0
2024-05-28,18.94,18.94,18.94,18.94,1
2024-05-29,18.94,18.94,18.94,18.94,0
2024-05-30,18.94,18.94,18.85,18.85,4400
2024-05-31,19.03,19.03,19.03,19.03,1300
2024-06-03,19.03,19.03,19.03,19.03,1
2024-06-04,19.03,19.03,19.03,19.03,0
2024-06-05,19.03,19.03,19.03,19.03,0
2024-06-06,19.03,19.03,19.03,19.03,0
2024-06-07,19.03,19.03,19.03,19.03,1200
2024-06-10,18.94,18.94,18.94,18.94,1000
2024-06-11,18.94,18.94,18.94,18.94,0
2024-06-12,18.94,18.94,18.94,18.94,0
2024-06-13,19.03,19.03,19.03,19.03,100
2024-06-14,19.03,19.03,19.03,19.03,0
2024-06-17,19.47,19.82,19.47,19.82,8822
2024-06-18,19.82,19.82,18.59,18.59,3001
2024-06-19,19.82,19.91,19.73,19.91,3201
2024-06-20,19.82,19.82,19.82,19.82,901
2024-06-21,19.82,19.82,19.82,19.82,121
2024-06-24,18.5,19.29,18.5,19.2,6401
2024-06-25,18.94,18.94,18.94,18.94,100
2024-06-26,18.94,18.94,18.94,18.94,100
2024-06-27,19.38,20.08,19.2,20.08,8500
2024-06-28,19.29,19.29,19.29,19.29,0
2024-07-01,19.82,19.82,19.82,19.82,300
2024-07-02,19.82,19.82,19.82,19.82,0
2024-07-03,19.82,19.82,19.82,19.82,0
2024-07-04,19.82,19.82,19.82,19.82,0
2024-07-05,19.82,19.82,19.82,19.82,2100
2024-07-08,19.82,19.82,19.82,19.82,4200
2024-07-09,19.82,19.82,19.82,19.82,1400
2024-07-10,20.52,20.52,20.35,20.44,1440
2024-07-11,18.94,18.94,18.94,18.94,100
2024-07-12,18.94,18.94,18.94,18.94,0
2024-07-15,19.82,19.82,19.82,19.82,5000
2024-07-16,19.82,19.82,19.82,19.82,202
2024-07-17,19.82,19.82,19.82,19.82,100
2024-07-18,19.38,19.38,19.38,19.38,3200
2024-07-19,19.38,20.88,19.38,20.88,5500
2024-07-22,20.7,20.88,20.7,20.7,2913
2024-07-23,20.7,20.7,20.26,20.7,900
2024-07-24,21.14,21.67,20.79,20.79,3058
2024-07-25,21.49,21.93,21.32,21.58,2710
2024-07-26,21.67,22.02,21.67,21.76,2658
2024-07-29,22.37,24.22,22.37,24.22,11100
2024-07-30,22.99,22.99,22.73,22.99,1531
2024-07-31,22.99,23.96,22.02,23.96,2857
2024-08-01,24.31,24.31,23.78,23.78,2760
2024-08-02,25.72,25.72,24.22,24.22,906
2024-08-05,25.1,25.1,25.1,25.1,205
2024-08-06,25.1,25.1,24.93,25.1,2855
2024-08-07,25.1,25.1,25.1,25.1,3001
2024-08-08,23.78,23.87,23.78,23.87,2713
2024-08-09,23.78,23.78,23.78,23.78,1102
2024-08-12,23.78,23.78,23.78,23.78,1
2024-08-13,23.78,23.78,23.78,23.78,10
2024-08-14,24.05,24.05,23.87,23.87,300
2024-08-15,23.96,24.22,23.96,24.22,310
2024-08-16,23.87,23.87,23.87,23.87,119
2024-08-19,23.87,23.87,23.87,23.87,0
2024-08-20,24.58,25.1,24.58,25.1,1102
2024-08-21,25.02,25.02,25.02,25.02,110
2024-08-22,25.02,25.02,25.02,25.02,1
2024-08-23,25.02,25.02,25.02,25.02,0
2024-08-26,21.67,21.67,21.67,21.67,102
2024-08-27,24.84,24.84,24.84,24.84,112
2024-08-28,24.84,24.84,24.84,24.84,47
2024-08-29,24.84,24.84,24.84,24.84,100
2024-08-30,26.87,26.87,26.87,26.87,300
2024-09-04,26.87,26.87,26.87,26.87,0
2024-09-05,30.83,30.83,30.83,30.83,104
2024-09-06,26.25,26.25,26.25,26.25,313
2024-09-09,26.25,26.25,26.25,26.25,201
2024-09-10,26.25,26.25,26.25,26.25,0
2024-09-11,26.25,26.25,26.25,26.25,0
2024-09-12,25.02,25.02,25.02,25.02,101
2024-09-13,25.1,25.1,25.1,25.1,130
2024-09-16,25.1,25.19,25.1,25.19,205
2024-09-17,25.19,25.19,25.19,25.19,0
2024-09-18,25.19,25.19,25.19,25.19,104
2024-09-19,25.19,25.19,25.19,25.19,3
2024-09-20,25.19,25.19,25.19,25.19,1501
2024-09-23,25.19,25.19,25.19,25.19,0
2024-09-24,28.8,28.8,28.8,28.8,101
2024-09-25,28.8,28.8,28.8,28.8,11
2024-09-26,24.66,25.55,24.66,25.55,600
2024-09-27,25.37,25.37,25.37,25.37,21
2024-09-30,25.37,25.37,21.58,25.28,1375
2024-10-01,24.27,24.27,24.27,24.27,151
2024-10-02,27.85,27.85,26.56,26.56,339
2024-10-03,23.08,23.36,22.99,23.36,1533
2024-10-04,23.08,23.08,23.08,23.08,0
2024-10-07,23.08,23.17,20.24,20.24,2583
2024-10-08,23.72,23.72,23.72,23.72,400
2024-10-09,22.9,22.9,22.9,22.9,525
2024-10-10,24.27,24.27,23.81,23.81,1900
2024-10-11,23.81,23.81,23.81,23.81,102
2024-10-14,23.81,23.81,22.9,23.81,1300
2024-10-15,23.81,25.37,23.81,25.37,203
2024-10-16,24.64,24.64,23.91,24.64,1800
2024-10-17,24.55,24.73,24.55,24.73,1300
2024-10-18,28.21,28.21,28.21,28.21,113
2024-10-21,27.39,27.39,25.65,25.65,1513
2024-10-22,25.65,26.1,25.46,25.46,4120
2024-10-23,24.82,25.46,24.73,25.19,3620
2024-10-24,25.65,25.65,24.73,24.82,916
2024-10-25,24.91,24.91,24.91,24.91,0
2024-10-28,24.91,25.65,24.91,24.91,2523
2024-10-29,25.01,25.01,25.01,25.01,3200
2024-10-30,26.1,26.1,25.92,25.92,1600
2024-10-31,25.65,25.83,25.65,25.83,1920
2024-11-01,25.65,25.65,25.65,25.65,0
2024-11-04,26.38,26.38,26.38,26.38,405
2024-11-05,26.38,26.38,26.38,26.38,0
2024-11-06,26.38,27.94,26.38,27.94,1241
2024-11-07,27.11,27.11,27.11,27.11,22
2024-11-08,27.11,27.11,27.11,27.11,100
2024-11-11,27.11,27.11,27.11,27.11,0
2024-11-12,27.11,27.11,27.11,27.11,100
2024-11-13,27.11,27.11,27.11,27.11,0
2024-11-14,27.11,27.11,27.11,27.11,400
2024-11-15,26.54,27.11,26.54,27.11,307
2024-11-18,27.11,27.11,26.73,27.11,504
2024-11-19,26.92,26.92,26.92,26.92,110
2024-11-20,26.92,27.49,26.92,27.49,1000
2024-11-21,26.54,26.54,26.54,26.54,200
2024-11-22,26.54,26.54,26.54,26.54,64
2024-11-25,26.54,26.54,26.54,26.54,0
2024-11-26,27.02,27.02,27.02,27.02,141
2024-11-27,27.02,27.02,27.02,27.02,0
2024-11-28,27.11,27.11,27.11,27.11,101
2024-11-29,28.91,28.91,28.91,28.91,10302
2024-12-02,28.91,28.91,28.91,28.91,0
2024-12-03,26.64,26.64,26.64,26.64,417
2024-12-04,26.73,26.73,26.73,26.73,1310
2024-12-05,28.44,28.44,28.44,28.44,3000
2024-12-06,29.39,29.39,29.39,29.39,114
2024-12-09,28.44,28.44,28.44,28.44,405
2024-12-10,28.44,31.0,28.44,29.86,1114
2024-12-11,29.48,29.48,29.48,29.48,0
2024-12-12,28.44,28.53,28.44,28.44,3200
2024-12-13,28.44,28.44,28.44,28.44,2300
2024-12-16,28.44,30.9,28.44,30.9,364
2024-12-17,28.53,28.63,28.53,28.63,505
2024-12-18,28.53,28.82,28.53,28.82,1130
2024-12-19,28.63,28.63,28.63,28.63,4002
2024-12-20,28.63,28.63,28.63,28.63,29
2024-12-23,28.63,28.63,28.63,28.63,301
2024-12-24,28.63,28.91,28.63,28.91,714
2024-12-25,28.72,28.72,28.72,28.72,0
2024-12-26,28.72,28.72,28.72,28.72,0
2024-12-27,28.72,28.72,28.72,28.72,0
2024-12-30,28.44,28.44,28.44,28.44,300
2024-12-31,28.44,28.72,28.44,28.72,201
2025-01-02,28.63,28.63,28.63,28.63,0
2025-01-03,28.63,28.63,28.63,28.63,0
2025-01-06,28.63,28.63,28.63,28.63,0
2025-01-07,28.63,28.63,28.63,28.63,0
2025-01-08,28.63,28.63,28.63,28.63,0
2025-01-09,28.63,28.63,28.63,28.63,0
2025-01-10,28.63,28.63,28.63,28.63,0
2025-01-13,28.63,28.63,28.53,28.63,2100
2025-01-14,28.63,28.63,28.63,28.63,700
2025-01-15,28.44,28.63,28.44,28.63,1000
2025-01-16,28.53,28.53,28.53,28.53,0
2025-01-17,29.39,30.34,29.39,30.34,7600
2025-01-20,31.0,33.75,31.0,33.75,2303
2025-01-21,35.27,38.2,35.08,38.2,16321
2025-01-22,40.76,40.76,40.76,40.76,1501
2025-01-23,36.02,36.02,36.02,36.02,211
2025-01-24,36.02,36.02,36.02,36.02,4
2025-02-03,36.21,36.21,36.02,36.02,1903
2025-02-04,36.02,36.12,36.02,36.12,211
2025-02-05,36.59,41.43,36.59,41.43,5204
2025-02-06,44.56,44.56,44.56,44.56,104
2025-02-07,44.46,44.46,44.46,44.46,200
2025-02-10,44.18,44.18,44.18,44.18,5507
2025-02-11,44.18,44.18,44.18,44.18,100
2025-02-12,45.5,45.5,45.5,45.5,100
2025-02-13,45.5,45.5,45.5,45.5,0
2025-02-14,45.5,45.5,45.5,45.5,0
2025-02-17,46.45,46.45,46.45,46.45,765
2025-02-18,46.45,46.45,46.36,46.45,700
2025-02-19,46.93,46.93,46.93,46.93,900
2025-02-20,47.4,47.4,47.4,47.4,1552
2025-02-21,47.4,47.4,47.4,47.4,13
2025-02-24,40.29,40.57,40.29,40.57,623
2025-02-25,40.57,40.57,40.57,40.57,2
2025-02-26,41.71,41.71,41.71,41.71,100
2025-02-27,41.71,41.71,41.71,41.71,1
2025-02-28,41.71,41.71,41.71,41.71,0
2025-03-03,41.71,41.71,41.71,41.71,1
2025-03-04,41.62,41.71,41.62,41.71,400
2025-03-05,41.71,41.71,41.71,41.71,0
2025-03-06,41.71,41.71,41.71,41.71,0
2025-03-07,41.71,41.71,41.71,41.71,39
2025-03-10,41.71,41.71,41.62,41.71,302
2025-03-11,41.71,41.71,41.71,41.71,1
2025-03-12,41.71,41.71,41.71,41.71,0
2025-03-13,41.71,41.71,41.71,41.71,100
2025-03-14,41.71,41.71,41.71,41.71,44
2025-03-17,41.71,41.71,41.71,41.71,18
2025-03-18,41.71,41.71,41.71,41.71,0
2025-03-19,41.71,41.71,41.71,41.71,2500
2025-03-20,41.81,41.81,41.81,41.81,100
2025-03-21,41.81,41.81,41.81,41.81,0
2025-03-24,45.5,48.06,45.5,48.06,5609
2025-03-25,47.4,47.4,47.4,47.4,0
2025-03-26,47.4,47.4,47.4,47.4,0
2025-03-27,47.4,47.4,47.4,47.4,0
2025-03-28,47.4,47.4,47.4,47.4,0
2025-03-31,47.4,47.4,47.4,47.4,0
2025-04-01,47.4,47.4,47.4,47.4,0
2025-04-02,47.4,47.4,47.4,47.4,500
2025-04-03,47.4,47.4,47.4,47.4,0
2025-04-04,47.4,52.14,47.4,52.14,5200
2025-04-08,48.35,48.35,48.35,48.35,0
2025-04-09,48.35,48.35,48.35,48.35,5
2025-04-10,48.35,48.35,48.35,48.35,103
2025-04-11,51.19,52.14,51.19,52.14,2200
2025-04-14,51.67,51.67,51.67,51.67,900
2025-04-15,51.19,51.19,51.19,51.19,707
2025-04-16,51.19,51.19,51.19,51.19,9
2025-04-17,51.19,51.19,51.19,51.19,3
2025-04-18,47.4,51.19,47.4,51.19,1100
2025-04-21,50.81,50.81,50.81,50.81,0
2025-04-22,50.81,50.81,50.81,50.81,0
2025-04-23,50.81,50.81,50.81,50.81,0
2025-04-24,50.81,50.81,50.81,50.81,1
2025-04-25,50.81,50.81,50.81,50.81,0
2025-04-28,50.81,50.81,50.81,50.81,0
2025-04-29,43.23,43.23,43.23,43.23,1506
2025-05-05,37.07,37.07,36.78,36.78,23200
2025-05-06,36.78,37.92,36.78,36.97,13605
2025-05-07,36.97,36.97,35.74,35.74,17203
2025-05-08,36.5,36.5,35.08,35.08,7100
2025-05-09,35.55,36.78,35.55,36.78,5800
2025-05-12,36.21,36.31,36.21,36.31,700
2025-05-13,36.02,36.5,36.02,36.5,2500
2025-05-14,36.21,36.21,36.21,36.21,0
2025-05-15,36.21,36.21,36.21,36.21,0
2025-05-16,36.21,36.21,36.21,36.21,4
2025-05-19,36.02,36.02,36.02,36.02,500
2025-05-20,35.64,35.93,35.64,35.93,1000
2025-05-21,35.64,35.83,35.64,35.83,1114
2025-05-22,36.5,36.97,36.5,36.69,1700
2025-05-23,36.69,36.69,36.69,36.69,0
2025-05-26,36.69,36.69,36.69,36.69,1900
2025-05-27,37.26,37.26,37.26,37.26,100
2025-05-28,36.97,37.16,36.97,36.97,1552
2025-05-29,36.97,36.97,36.97,36.97,1000
2025-05-30,36.97,36.97,36.97,36.97,152
2025-06-02,36.97,36.97,36.5,36.5,2000
2025-06-03,36.69,36.69,36.69,36.69,200
2025-06-04,36.69,36.69,36.02,36.5,2801
2025-06-05,36.5,36.78,36.5,36.78,308
2025-06-06,36.5,36.5,35.55,35.55,4300
2025-06-09,36.3,36.3,36.0,36.0,2000
2025-06-10,36.1,36.1,36.1,36.1,0
2025-06-11,36.1,36.1,36.1,36.1,0
2025-06-12,36.1,36.1,36.1,36.1,0
2025-06-13,31.1,37.3,31.1,37.3,200
2025-06-16,34.2,34.2,34.2,34.2,0
2025-06-17,34.2,34.2,34.2,34.2,0
2025-06-18,34.4,34.4,34.4,34.4,506
2025-06-19,34.3,34.3,34.3,34.3,500
2025-06-23,34.5,35.5,34.5,35.5,1500
2025-06-24,35.5,35.5,35.5,35.5,900
2025-06-26,36.4,36.5,36.3,36.5,1000
2025-06-27,36.3,36.3,36.3,36.3,100
2025-06-30,36.3,36.3,36.3,36.3,100
2025-07-02,36.0,36.0,36.0,36.0,800
2025-07-03,37.0,37.0,36.0,36.5,5000
2025-07-04,36.0,36.3,36.0,36.3,1300
2025-07-08,32.2,36.0,32.2,36.0,1200
2025-07-09,36.0,36.0,36.0,36.0,7300
2025-07-10,36.0,36.6,36.0,36.6,6500
2025-07-11,38.0,38.0,37.6,38.0,1000
2025-07-15,37.8,38.0,37.8,38.0,1600
2025-07-16,37.9,38.0,37.9,38.0,300
2025-07-18,36.0,36.0,32.6,36.0,19700
2025-07-21,35.9,36.0,35.0,35.5,17300
2025-07-22,35.0,35.1,34.9,35.0,3400
2025-07-23,35.6,35.6,35.6,35.6,100
2025-07-25,37.9,37.9,37.9,37.9,400
2025-07-28,36.6,36.6,36.6,36.6,300
2025-07-29,36.6,36.6,36.6,36.6,100
2025-07-30,36.6,36.6,36.6,36.6,1400
2025-08-01,36.6,36.6,36.6,36.6,1400
2025-08-04,36.6,36.6,36.6,36.6,500
2025-08-05,36.5,36.5,36.5,36.5,300
2025-08-06,36.3,36.3,36.3,36.3,400
2025-08-08,36.3,36.3,36.3,36.3,1000
2025-08-12,36.3,36.3,36.3,36.3,300
2025-08-19,36.3,36.3,36.3,36.3,1100
2025-08-22,38.0,38.0,38.0,38.0,100
2025-08-27,38.0,38.0,38.0,38.0,100
2025-09-03,34.0,34.0,34.0,34.0,100
2025-09-05,34.0,34.0,34.0,34.0,500
2025-09-10,29.0,29.0,29.0,29.0,100
2025-09-15,33.2,33.2,33.2,33.2,100
2025-09-19,35.0,35.0,35.0,35.0,100
2025-09-22,35.1,35.1,35.1,35.1,300
2025-09-25,35.0,35.0,35.0,35.0,200
2025-10-06,35.0,35.2,35.0,35.2,400
2025-10-08,35.0,35.0,35.0,35.0,100
2025-10-15,35.0,35.4,35.0,35.4,400
2025-10-16,35.4,35.4,35.4,35.4,300
2025-10-21,35.0,35.0,35.0,35.0,200
