time,open,high,low,close,volume
2017-01-03,20.29,20.29,20.29,20.29,700
2017-01-04,23.29,23.29,23.29,23.29,8868
2017-01-05,26.76,26.76,23.81,25.51,764180
2017-01-06,27.02,27.02,22.77,22.77,250926
2017-01-09,23.91,23.91,21.22,21.63,159553
2017-01-10,21.63,22.82,20.34,22.25,129615
2017-01-11,21.89,22.77,21.74,22.51,91056
2017-01-12,22.36,22.51,21.99,21.99,113008
2017-01-13,21.94,22.05,21.74,21.84,168714
2017-01-16,21.74,21.74,20.75,21.22,111337
2017-01-17,20.96,21.06,20.44,20.65,163282
2017-01-18,20.44,20.65,19.67,20.18,115276
2017-01-19,20.08,20.44,19.82,20.18,67936
2017-01-20,19.92,20.08,19.56,19.72,172546
2017-01-23,19.67,19.77,19.56,19.72,95764
2017-01-24,19.67,19.92,19.67,19.82,92226
2017-01-25,19.72,20.03,19.67,19.92,144059
2017-02-02,20.18,20.24,19.72,20.13,35528
2017-02-03,20.34,20.49,19.98,20.03,191300
2017-02-06,20.18,20.18,19.82,19.98,86780
2017-02-07,19.92,19.92,19.67,19.77,131437
2017-02-08,19.67,20.29,19.67,20.08,95870
2017-02-09,20.13,20.13,19.92,20.03,76107
2017-02-10,20.03,22.25,20.03,22.2,440047
2017-02-13,22.25,23.19,21.99,22.82,281767
2017-02-14,22.87,23.03,21.89,21.89,239390
2017-02-15,21.79,22.1,21.37,21.48,364184
2017-02-16,21.53,21.53,20.39,20.55,583476
2017-02-17,20.34,20.55,20.13,20.44,765046
2017-02-20,20.75,21.94,20.44,21.68,2727835
2017-02-21,22.25,22.25,21.01,21.17,419088
2017-02-22,21.27,21.27,20.55,20.86,484550
2017-02-23,20.65,20.65,17.75,18.58,5427447
2017-02-24,19.05,19.05,16.2,17.08,6416518
2017-02-27,17.08,19.46,17.08,19.46,6787409
2017-02-28,20.7,20.7,17.08,18.11,4390004
2017-03-01,18.11,18.48,17.65,18.01,2181891
2017-03-02,18.11,18.42,17.7,17.96,1199643
2017-03-03,18.06,18.53,17.23,17.6,1844220
2017-03-06,17.6,17.65,16.72,16.77,2226822
2017-03-07,16.72,17.85,15.78,16.77,1606464
2017-03-08,16.72,17.6,16.56,17.34,850130
2017-03-09,17.34,17.54,16.87,16.97,697404
2017-03-10,16.87,17.08,16.51,16.66,1113605
2017-03-13,16.66,16.66,16.15,16.2,1126914
2017-03-14,16.25,16.3,15.73,15.84,1815647
2017-03-15,15.89,15.94,15.11,15.37,1514931
2017-03-16,15.01,15.99,15.01,15.94,837681
2017-03-17,15.89,16.41,15.78,15.99,888349
2017-03-20,16.15,16.15,15.63,15.99,722569
2017-03-21,15.84,16.2,15.78,15.99,707840
2017-03-22,15.99,16.2,13.61,15.89,801100
2017-03-23,15.94,16.15,15.53,15.73,723036
2017-03-24,15.73,15.94,13.46,15.78,515510
2017-03-27,15.73,15.78,13.4,15.58,714416
2017-03-28,15.58,15.58,13.46,15.37,670572
2017-03-29,15.42,17.7,13.15,15.01,981159
2017-03-30,15.11,15.11,14.44,14.65,1083200
2017-03-31,14.65,15.78,12.47,14.59,743160
2017-04-03,14.54,15.47,12.32,15.01,787730
2017-04-04,15.06,15.78,14.59,14.59,462781
2017-04-05,14.59,14.65,14.49,14.54,384033
2017-04-07,14.75,15.78,14.08,14.13,617184
2017-04-10,14.44,14.44,13.46,13.51,1163704
2017-04-11,13.51,13.51,13.15,13.2,643281
2017-04-12,13.15,13.3,12.78,12.83,707577
2017-04-13,12.83,14.85,11.02,12.99,704977
2017-04-14,12.99,13.2,12.94,13.09,265111
2017-04-17,13.2,14.18,13.2,13.71,856975
2017-04-18,13.77,14.18,13.56,14.08,807280
2017-04-19,14.08,14.49,11.75,14.39,688810
2017-04-20,14.39,14.44,13.97,14.08,354266
2017-04-21,14.08,14.08,12.01,13.61,514320
2017-04-24,13.77,13.77,13.15,13.15,694551
2017-04-25,13.2,13.51,11.33,13.25,297319
2017-04-26,13.3,13.61,12.94,13.51,311740
2017-04-27,13.56,13.61,13.3,13.4,251207
2017-04-28,13.46,13.51,11.44,13.35,287002
2017-05-03,13.46,13.56,13.35,13.4,331400
2017-05-04,13.4,13.51,13.3,13.46,395410
2017-05-05,13.51,13.51,13.3,13.3,249106
2017-05-08,13.46,13.92,11.44,13.77,799336
2017-05-09,13.87,13.87,11.7,13.66,430956
2017-05-10,13.66,13.97,13.51,13.92,794571
2017-05-11,13.87,14.75,13.77,14.54,1031512
2017-05-12,14.59,15.32,14.59,15.01,1075746
2017-05-15,15.11,17.08,12.83,14.75,734980
2017-05-16,14.7,14.75,12.63,14.59,1031675
2017-05-17,14.49,14.8,14.44,14.49,401570
2017-05-18,14.49,14.7,14.34,14.49,562076
2017-05-19,14.49,14.54,12.32,14.28,377214
2017-05-22,14.34,14.44,12.42,14.34,355166
2017-05-23,14.34,14.44,13.82,13.92,600933
2017-05-24,13.97,13.97,11.95,13.71,198959
2017-05-25,13.71,14.03,13.71,13.92,198959
2017-05-26,13.92,13.97,13.66,13.82,211820
2017-05-29,13.71,13.87,13.71,13.82,241491
2017-05-30,13.66,13.82,13.61,13.66,337461
2017-05-31,13.71,13.71,13.61,13.61,263491
2017-06-01,13.66,13.97,11.59,13.82,326857
2017-06-02,13.82,13.87,13.71,13.77,136437
2017-06-05,13.66,13.87,11.75,13.82,263050
2017-06-06,13.82,13.87,11.75,13.71,257036
2017-06-07,13.77,13.82,13.71,13.77,238549
2017-06-08,13.87,14.49,13.82,14.49,875732
2017-06-09,14.28,14.7,14.18,14.23,372451
2017-06-12,14.13,14.23,13.66,13.92,473895
2017-06-13,13.92,14.13,13.82,13.87,365658
2017-06-14,13.92,14.08,13.82,13.87,230554
2017-06-15,13.82,13.97,13.71,13.82,246495
2017-06-16,13.82,14.18,13.77,14.08,241990
2017-06-19,14.13,14.13,13.87,13.92,184599
2017-06-20,13.82,14.08,13.82,13.92,422340
2017-06-21,13.97,13.97,11.8,13.77,319507
2017-06-22,13.82,13.97,13.82,13.92,307832
2017-06-23,13.92,13.97,13.82,13.82,239681
2017-06-26,13.87,13.92,13.71,13.82,294021
2017-06-27,13.82,13.87,13.71,13.77,268444
2017-06-28,13.77,13.82,13.66,13.82,380320
2017-06-29,13.77,13.82,13.71,13.77,107000
2017-06-30,13.77,13.77,11.75,13.77,355273
2017-07-03,13.77,13.82,13.71,13.77,229820
2017-07-04,12.94,14.18,12.94,13.97,577823
2017-07-05,13.97,13.97,13.82,13.82,145483
2017-07-06,13.82,13.87,13.71,13.77,246225
2017-07-07,13.77,13.77,13.46,13.71,622576
2017-07-10,13.66,13.71,13.56,13.66,389680
2017-07-11,13.66,13.71,13.61,13.71,432320
2017-07-12,13.77,13.77,13.71,13.71,296501
2017-07-13,13.71,13.82,13.71,13.71,172620
2017-07-14,13.71,13.77,13.71,13.71,236179
2017-07-17,13.77,13.77,13.61,13.71,319680
2017-07-18,13.71,13.71,13.56,13.66,277634
2017-07-19,13.66,13.66,13.56,13.61,254920
2017-07-20,13.61,13.66,13.51,13.51,149203
2017-07-21,13.51,13.56,13.4,13.51,270100
2017-07-24,13.61,13.71,13.4,13.61,173887
2017-07-25,13.46,13.77,13.46,13.61,164348
2017-07-26,13.51,13.71,13.51,13.66,232624
2017-07-27,13.66,13.71,13.61,13.66,146910
2017-07-28,13.61,13.66,13.51,13.56,100290
2017-07-31,13.66,13.66,13.51,13.51,90730
2017-08-01,13.56,13.66,13.46,13.56,79352
2017-08-02,13.51,13.51,13.4,13.46,170240
2017-08-03,13.46,13.46,13.15,13.2,577120
2017-08-04,13.2,13.35,13.15,13.25,77340
2017-08-07,13.25,13.4,13.2,13.4,149962
2017-08-08,13.35,13.4,13.15,13.25,158350
2017-08-09,13.25,13.25,12.99,13.09,187750
2017-08-10,13.15,13.15,12.94,13.04,171695
2017-08-11,13.04,13.04,12.94,12.99,87100
2017-08-14,13.04,13.04,12.94,12.99,82690
2017-08-15,12.99,13.04,11.44,12.94,64852
2017-08-16,12.99,12.99,12.89,12.94,86691
2017-08-17,12.94,12.94,12.78,12.83,96266
2017-08-18,12.83,12.89,12.73,12.83,131630
2017-08-21,12.83,12.94,12.83,12.89,80109
2017-08-22,12.94,12.99,12.89,12.89,75372
2017-08-23,12.94,12.94,12.83,12.89,68770
2017-08-24,12.83,12.89,12.83,12.89,58650
2017-08-25,12.83,12.83,12.73,12.83,115120
2017-08-28,12.78,12.83,12.68,12.73,164730
2017-08-29,12.73,12.73,12.68,12.73,85700
2017-08-30,12.78,13.09,12.73,12.99,222041
2017-08-31,13.15,13.42,12.99,13.15,142980
2017-09-01,13.2,13.2,12.99,13.1,39400
2017-09-05,13.04,13.1,12.94,13.04,52900
2017-09-06,13.1,13.1,12.94,13.04,162890
2017-09-07,12.99,13.1,12.99,13.04,46660
2017-09-08,13.04,13.1,13.04,13.04,117506
2017-09-11,13.1,13.1,13.04,13.04,145989
2017-09-12,13.04,13.04,12.99,13.04,278640
2017-09-13,13.1,13.1,12.99,13.04,155813
2017-09-14,12.99,13.1,12.99,13.1,156738
2017-09-15,13.04,13.1,12.99,13.1,67220
2017-09-18,13.1,13.79,13.1,13.57,338724
2017-09-19,13.57,13.57,13.36,13.47,40999
2017-09-20,13.26,13.63,13.26,13.47,73200
2017-09-21,13.52,13.63,13.47,13.47,131112
2017-09-22,13.52,13.63,13.26,13.52,181480
2017-09-25,13.52,14.1,13.26,13.89,530450
2017-09-26,13.89,13.95,13.68,13.73,184932
2017-09-27,13.79,13.79,13.63,13.68,101051
2017-09-28,13.57,13.63,13.26,13.31,238330
2017-09-29,13.52,13.57,13.31,13.42,138144
2017-10-02,13.79,14.85,13.57,14.21,733396
2017-10-03,14.32,14.32,13.84,13.95,350010
2017-10-04,13.95,14.79,13.84,14.69,747635
2017-10-05,14.64,15.22,14.58,14.64,837821
2017-10-06,14.74,15.06,14.64,14.85,513490
2017-10-09,14.9,15.17,14.79,14.9,495507
2017-10-10,14.95,14.95,14.53,14.58,569943
2017-10-11,14.69,15.27,14.42,15.06,1020619
2017-10-12,15.27,15.8,15.11,15.8,1465673
2017-10-13,15.75,16.17,15.64,15.7,576064
2017-10-16,15.85,15.91,15.59,15.64,579401
2017-10-17,15.59,16.12,15.59,15.8,631609
2017-10-18,15.91,15.91,15.48,15.54,698570
2017-10-19,15.54,15.54,15.22,15.38,797220
2017-10-20,15.17,15.54,15.17,15.38,327110
2017-10-23,15.43,15.43,14.53,14.69,434019
2017-10-24,14.74,14.85,14.58,14.69,228613
2017-10-25,14.69,15.11,14.69,15.11,236503
2017-10-26,15.11,15.11,14.58,14.85,222241
2017-10-27,15.01,15.01,14.69,14.74,106830
2017-10-30,14.58,14.9,14.1,14.26,446345
2017-10-31,14.32,14.37,13.89,14.16,309685
2017-11-01,14.32,14.42,14.0,14.05,147636
2017-11-02,14.1,14.32,13.89,14.05,178899
2017-11-03,14.16,14.58,14.16,14.42,250020
2017-11-06,14.58,14.74,14.37,14.53,234630
2017-11-07,14.58,14.85,14.53,14.64,172055
2017-11-08,14.64,14.64,14.32,14.53,225670
2017-11-09,14.42,14.53,14.32,14.37,179117
2017-11-10,14.37,15.59,14.37,15.32,1173356
2017-11-13,15.38,16.07,15.38,15.64,659063
2017-11-14,15.91,15.91,15.38,15.43,435673
2017-11-15,15.54,15.54,15.06,15.17,594308
2017-11-16,15.22,15.75,15.11,15.7,900298
2017-11-17,15.59,15.85,15.43,15.54,631651
2017-11-20,15.64,15.85,15.54,15.64,389281
2017-11-21,15.59,16.7,15.54,16.17,1405929
2017-11-22,16.28,17.98,16.12,17.76,2575987
2017-11-23,17.76,18.29,16.97,17.5,1099305
2017-11-24,17.5,17.66,17.13,17.5,760832
2017-11-27,17.45,18.56,17.39,18.4,1471607
2017-11-28,18.51,18.56,17.82,17.92,1001471
2017-11-29,17.98,18.45,17.92,18.35,620531
2017-11-30,18.35,19.57,18.24,19.2,1504596
2017-12-01,19.04,20.31,19.04,20.2,1584385
2017-12-04,20.31,21.32,20.31,21.32,1481041
2017-12-05,21.42,22.16,20.15,20.47,2036241
2017-12-06,20.52,20.84,19.78,20.2,1920370
2017-12-07,20.2,20.84,17.18,20.52,731029
2017-12-08,20.63,20.63,19.88,19.99,746766
2017-12-11,20.15,20.15,18.56,18.66,1325148
2017-12-12,18.13,19.35,17.5,18.93,1067529
2017-12-13,18.93,19.2,18.29,18.82,627851
2017-12-14,18.82,20.15,18.72,20.04,1075163
2017-12-15,20.04,20.47,19.99,20.31,941089
2017-12-18,20.26,21.1,20.26,20.63,914930
2017-12-19,20.68,20.68,19.99,20.1,1043120
2017-12-20,20.1,20.79,19.94,20.47,895360
2017-12-21,20.68,21.0,20.41,20.63,700915
2017-12-22,20.68,20.68,19.99,20.15,849415
2017-12-25,20.2,20.47,19.99,20.2,383950
2017-12-26,20.2,21.9,20.15,21.85,2547080
2017-12-27,21.9,22.54,21.74,22.38,1453096
2017-12-28,22.43,23.23,22.43,23.07,1240763
2017-12-29,23.01,23.12,22.48,22.91,1403091
2018-01-02,22.85,25.03,22.8,24.82,1536453
2018-01-03,24.82,25.72,23.49,24.39,2153279
2018-01-04,24.13,25.29,24.07,24.87,1397180
2018-01-05,24.66,25.72,24.39,25.4,1335299
2018-01-08,25.35,27.04,25.29,26.99,1695283
2018-01-09,26.99,27.73,26.57,27.04,1597691
2018-01-10,27.31,27.31,25.82,26.14,1861371
2018-01-11,26.14,27.04,25.45,26.88,1322935
2018-01-12,26.99,28.1,26.78,27.2,1021552
2018-01-15,27.04,27.57,27.04,27.57,951914
2018-01-16,27.57,28.05,27.36,27.89,1154825
2018-01-17,27.84,28.85,27.84,28.1,1733229
2018-01-18,28.37,28.37,26.99,28.0,1590981
2018-01-19,27.84,31.29,27.79,30.07,2350353
2018-01-22,29.8,33.78,29.69,33.78,3011445
2018-01-23,34.2,37.12,33.78,35.69,2455609
2018-01-24,35.69,36.06,33.67,34.04,2076432
2018-01-25,34.31,35.63,33.35,33.72,2344305
2018-01-26,33.78,34.47,32.61,32.88,2179883
2018-01-29,31.55,33.94,31.29,32.35,1507535
2018-01-30,31.82,32.45,31.02,31.29,2202371
2018-01-31,31.29,31.55,28.37,28.53,3097150
2018-02-01,28.53,29.69,26.25,27.15,2430906
2018-02-02,27.57,28.37,26.46,28.21,2551448
2018-02-05,28.21,28.47,25.98,26.46,2133156
2018-02-06,26.25,26.25,23.44,24.13,2770837
2018-02-07,24.39,27.04,24.39,26.78,2381296
2018-02-08,26.46,27.52,24.44,24.71,1412300
2018-02-09,23.86,24.66,21.63,24.66,1433769
2018-02-12,24.39,26.51,24.39,26.46,727541
2018-02-13,26.46,28.1,26.46,28.1,1390941
2018-02-21,28.63,29.48,28.1,29.11,1113547
2018-02-22,29.22,29.22,27.2,27.57,1253519
2018-02-23,27.57,28.47,27.31,28.05,1074223
2018-02-26,28.1,28.9,27.79,28.0,1126366
2018-02-27,28.21,30.75,27.94,30.54,3664154
2018-02-28,30.75,31.18,29.96,30.65,1581591
2018-03-01,30.54,31.02,30.07,30.38,1373626
2018-03-02,30.22,30.22,29.16,30.17,1308865
2018-03-05,30.01,31.02,28.58,28.63,1523671
2018-03-06,29.32,29.75,28.53,29.64,1149315
2018-03-07,29.69,29.91,28.0,28.05,1449508
2018-03-08,28.63,28.63,27.04,27.68,1337763
2018-03-09,27.84,28.63,27.63,27.94,648087
2018-03-12,28.1,28.47,27.52,27.68,685958
2018-03-13,27.57,27.73,26.94,27.04,1845989
2018-03-14,27.04,27.1,26.35,26.94,1633496
2018-03-15,26.99,28.05,26.94,27.73,1384430
2018-03-16,27.84,28.37,27.57,27.68,1088980
2018-03-19,27.68,27.94,26.72,26.83,1694054
2018-03-20,26.94,27.15,25.35,25.51,3116500
2018-03-21,25.51,26.35,24.87,25.29,1557930
2018-03-22,25.35,26.19,25.29,25.72,870574
2018-03-23,25.72,25.72,23.86,24.87,1278764
2018-03-26,24.44,25.35,24.39,24.98,638775
2018-03-27,25.08,25.77,25.03,25.51,804364
2018-03-28,25.51,25.82,25.03,25.35,449013
2018-03-29,25.35,25.82,25.19,25.82,713517
2018-03-30,25.66,26.51,25.61,26.35,860361
2018-04-02,26.51,27.1,26.25,26.51,846561
2018-04-03,26.51,26.57,25.82,25.98,955971
2018-04-04,25.98,26.57,25.82,26.09,1182775
2018-04-05,25.98,26.25,25.45,25.61,627097
2018-04-06,25.72,26.14,25.61,25.77,781188
2018-04-09,25.45,25.77,25.03,25.29,812499
2018-04-10,25.29,26.35,24.87,25.72,977855
2018-04-11,25.88,26.25,25.29,25.51,690947
2018-04-12,25.45,25.72,25.19,25.35,587488
2018-04-13,25.45,25.56,24.76,24.82,684885
2018-04-16,24.71,24.87,24.23,24.39,587937
2018-04-17,23.91,24.66,23.91,24.5,480877
2018-04-18,24.92,25.77,24.39,24.66,873012
2018-04-19,26.52,27.23,24.92,25.04,756169
2018-04-20,24.92,25.33,24.68,25.21,367685
2018-04-23,25.27,25.57,22.9,23.14,514780
2018-04-24,23.14,23.67,22.25,22.48,848800
2018-04-26,22.6,22.72,20.05,20.47,1478625
2018-04-27,20.82,22.48,20.47,22.31,757900
2018-05-02,22.31,22.84,21.95,22.07,539902
2018-05-03,22.25,22.25,20.76,21.77,524668
2018-05-04,21.89,22.25,21.71,21.95,344565
2018-05-07,22.78,23.79,22.13,23.08,369451
2018-05-08,23.14,23.43,22.84,22.84,351591
2018-05-09,23.08,23.08,22.54,23.02,337402
2018-05-10,23.02,23.02,21.95,21.95,497197
2018-05-11,22.25,22.54,21.65,22.48,324736
2018-05-14,22.31,22.66,22.07,22.6,267589
2018-05-15,22.6,22.84,22.48,22.72,302998
2018-05-16,22.66,22.66,22.25,22.31,282692
2018-05-17,23.73,23.73,21.89,22.01,252566
2018-05-18,22.07,22.07,20.88,21.42,668748
2018-05-21,21.83,21.83,20.88,21.06,195556
2018-05-22,21.06,21.06,19.16,19.58,557314
2018-05-23,17.09,19.87,17.09,19.46,466778
2018-05-24,19.58,19.93,18.87,18.98,338763
2018-05-25,19.28,19.28,18.09,18.15,324865
2018-05-28,17.86,18.39,16.14,16.61,926426
2018-05-29,16.61,18.69,16.02,18.33,556700
2018-05-30,18.33,18.33,17.68,18.04,283589
2018-05-31,18.34,18.71,17.92,18.59,420426
2018-06-01,18.47,19.93,18.34,19.44,513214
2018-06-04,19.5,20.17,19.01,20.11,513711
2018-06-05,20.11,20.6,19.99,20.17,404670
2018-06-06,20.23,20.29,19.74,20.17,357759
2018-06-07,20.17,22.18,19.99,21.94,1123039
2018-06-08,21.45,22.97,21.45,22.67,806519
2018-06-11,22.55,22.85,22.0,22.0,577342
2018-06-12,22.18,22.18,20.66,21.45,958014
2018-06-13,21.21,22.12,21.09,21.63,761987
2018-06-14,21.63,21.63,20.72,20.96,492328
2018-06-15,21.15,21.69,20.72,21.45,396057
2018-06-18,21.57,21.57,20.42,20.9,399596
2018-06-19,20.72,20.72,19.5,20.42,754396
2018-06-20,20.42,21.27,19.99,20.9,292314
2018-06-21,20.84,20.9,20.35,20.48,190473
2018-06-22,20.11,20.84,20.11,20.84,218076
2018-06-25,20.72,21.15,20.72,20.96,273398
2018-06-26,21.02,21.02,20.42,20.72,118717
2018-06-27,20.72,20.84,20.48,20.48,269848
2018-06-28,20.42,20.6,20.17,20.35,294530
2018-06-29,20.42,20.6,20.11,20.29,270636
2018-07-02,20.29,20.29,18.89,19.2,471629
2018-07-03,19.2,19.5,18.1,18.28,315334
2018-07-04,18.28,18.53,17.79,18.4,416562
2018-07-05,18.28,18.47,17.67,17.79,280098
2018-07-06,17.79,18.59,17.06,18.28,583650
2018-07-09,18.28,18.71,18.16,18.22,198950
2018-07-10,18.59,18.71,18.28,18.4,113629
2018-07-11,18.1,18.47,18.1,18.22,381772
2018-07-12,18.28,18.28,17.98,18.16,71290
2018-07-13,18.47,18.71,18.4,18.65,258763
2018-07-16,18.77,18.89,18.47,18.53,145817
2018-07-17,18.83,18.89,18.28,18.65,253840
2018-07-18,18.53,19.68,18.53,19.62,397237
2018-07-19,19.62,20.11,19.32,20.11,426120
2018-07-20,20.11,20.6,19.81,20.11,543199
2018-07-23,20.23,20.29,19.62,19.62,345836
2018-07-24,19.5,19.62,19.2,19.44,200935
2018-07-25,19.44,19.81,19.26,19.62,522934
2018-07-26,19.5,19.62,19.38,19.62,274411
2018-07-27,19.56,21.02,19.56,20.96,1455685
2018-07-30,21.02,22.67,21.02,22.37,1140882
2018-07-31,22.24,22.37,21.63,22.06,774431
2018-08-01,22.24,23.4,21.76,22.73,1255731
2018-08-02,22.55,23.65,22.55,23.52,1424712
2018-08-03,23.58,23.58,23.1,23.4,761648
2018-08-06,23.4,23.4,22.67,22.73,751215
2018-08-07,22.67,22.97,22.06,22.12,1030104
2018-08-08,22.12,23.1,22.12,23.04,570142
2018-08-09,23.16,23.46,22.55,22.91,689438
2018-08-10,23.16,23.16,22.37,22.67,545860
2018-08-13,22.67,23.04,22.43,22.49,954940
2018-08-14,22.55,24.32,22.43,24.13,1869184
2018-08-15,24.25,24.68,23.46,23.52,1030162
2018-08-16,23.77,24.01,23.16,23.95,983370
2018-08-17,23.83,24.25,23.71,23.89,902713
2018-08-20,23.95,24.99,23.95,24.56,1066606
2018-08-21,24.62,24.86,24.07,24.38,872740
2018-08-22,24.38,24.68,23.95,24.01,889331
2018-08-23,24.13,24.13,23.65,23.77,915230
2018-08-24,23.77,23.89,23.4,23.89,950361
2018-08-27,23.58,24.13,23.58,23.71,646227
2018-08-28,23.89,23.95,23.71,23.71,473400
2018-08-29,23.83,23.89,23.46,23.65,541130
2018-08-30,23.65,24.19,23.65,24.19,973249
2018-08-31,24.13,24.62,24.13,24.25,1285058
2018-09-04,24.38,24.38,23.58,23.77,554927
2018-09-05,23.77,23.89,23.28,23.46,762301
2018-09-06,23.52,23.52,22.43,22.55,1335612
2018-09-07,22.55,23.1,22.55,23.04,410949
2018-09-10,23.04,23.22,22.85,22.97,269055
2018-09-11,23.04,23.52,22.79,23.52,562060
2018-09-12,23.77,23.77,23.16,23.16,451697
2018-09-13,23.4,23.52,22.91,22.97,627383
2018-09-14,22.97,23.16,22.91,23.1,398367
2018-09-17,23.1,23.1,22.85,22.85,220310
2018-09-18,22.91,23.22,22.49,23.16,366664
2018-09-19,23.16,23.46,23.04,23.16,411982
2018-09-20,23.22,23.65,23.04,23.65,757306
2018-09-21,23.77,24.32,23.58,24.01,1726588
2018-09-24,24.01,25.29,23.89,25.17,2184390
2018-09-25,25.35,25.53,25.05,25.11,960316
2018-09-26,25.29,25.29,24.8,24.86,1376547
2018-09-27,25.05,25.05,24.56,24.8,1278660
2018-09-28,24.99,25.41,24.74,25.17,1004967
2018-10-01,25.11,25.72,24.8,24.99,904188
2018-10-02,24.74,24.99,24.07,24.32,1547015
2018-10-03,24.38,24.38,23.95,24.01,800029
2018-10-04,24.13,24.56,24.01,24.32,419440
2018-10-05,24.32,24.32,23.95,24.01,506215
2018-10-08,24.13,24.13,23.22,23.28,840280
2018-10-09,23.28,23.71,23.22,23.46,460275
2018-10-10,23.46,23.65,23.16,23.4,307188
2018-10-11,23.16,23.16,20.66,21.33,1582622
2018-10-12,21.33,22.43,20.6,22.18,969447
2018-10-15,21.94,22.18,21.57,21.69,451515
2018-10-16,21.51,22.06,21.51,21.94,317482
2018-10-17,22.24,22.49,22.0,22.0,333873
2018-10-18,22.06,22.06,21.45,21.76,421299
2018-10-19,21.63,21.76,21.02,21.69,387780
2018-10-22,21.76,21.82,21.15,21.15,279580
2018-10-23,21.45,21.45,20.11,20.78,548870
2018-10-24,20.72,20.9,20.17,20.29,416077
2018-10-25,20.42,20.42,19.14,19.87,651695
2018-10-26,19.99,20.17,19.56,19.74,419750
2018-10-29,19.74,19.81,19.38,19.5,228412
2018-10-30,19.38,19.74,19.2,19.68,375221
2018-10-31,19.74,20.42,19.74,20.42,404715
2018-11-01,20.48,20.54,19.5,19.68,420533
2018-11-02,19.81,20.11,19.5,20.05,485267
2018-11-05,20.05,20.05,19.44,19.99,389790
2018-11-06,19.99,20.23,19.68,19.87,318645
2018-11-07,19.99,19.99,19.5,19.68,233370
2018-11-08,19.74,20.29,19.74,20.17,585090
2018-11-09,20.17,21.02,20.05,20.48,703370
2018-11-12,20.48,20.54,19.93,20.05,324000
2018-11-13,19.81,19.87,19.38,19.5,989722
2018-11-14,18.89,19.68,18.77,18.95,521550
2018-11-15,19.14,19.14,18.59,18.89,296004
2018-11-16,19.07,19.38,19.01,19.14,237936
2018-11-19,19.14,19.62,16.45,19.68,272695
2018-11-20,18.89,19.44,16.58,19.26,198036
2018-11-21,19.14,20.17,18.95,20.11,611399
2018-11-22,20.11,20.23,19.81,19.93,294915
2018-11-23,19.81,19.99,19.62,19.62,229435
2018-11-26,19.68,20.29,19.5,20.11,514996
2018-11-27,20.23,20.23,19.81,19.87,225315
2018-11-28,19.99,20.17,19.87,19.99,150500
2018-11-29,20.11,20.9,20.11,20.48,1189856
2018-11-30,20.48,21.09,20.23,20.6,277172
2018-12-03,20.72,21.27,20.54,21.15,517134
2018-12-04,21.33,21.39,20.84,21.09,723899
2018-12-05,20.84,21.02,20.6,20.9,397680
2018-12-06,20.42,21.21,20.42,20.96,409544
2018-12-07,21.02,21.51,20.9,21.27,571010
2018-12-10,21.27,21.27,20.78,20.84,295299
2018-12-11,21.02,21.02,20.6,20.72,248953
2018-12-12,20.78,20.96,20.66,20.72,290288
2018-12-13,20.84,21.57,20.66,21.09,512614
2018-12-14,21.09,21.27,20.78,20.84,281137
2018-12-17,20.9,20.9,20.11,20.11,361495
2018-12-18,20.11,20.11,19.68,20.05,451949
2018-12-19,20.23,20.29,19.87,20.23,183140
2018-12-20,20.11,20.23,19.93,20.17,113733
2018-12-21,20.05,20.11,19.87,19.99,237869
2018-12-24,20.17,20.17,19.93,20.11,225323
2018-12-25,19.56,19.74,19.01,19.5,363310
2018-12-26,19.5,20.05,19.5,20.05,248840
2018-12-27,20.35,20.42,20.11,20.17,157415
2018-12-28,20.23,20.35,20.05,20.11,180698
2019-01-02,20.17,22.12,20.17,21.76,1723444
2019-01-03,21.82,22.12,20.9,20.96,679554
2019-01-04,20.96,21.33,20.72,21.21,472287
2019-01-07,21.15,21.76,21.09,21.63,490463
2019-01-08,21.51,21.69,21.33,21.63,607856
2019-01-09,21.69,22.73,21.69,22.55,1719633
2019-01-10,22.49,22.85,22.3,22.61,609390
2019-01-11,22.61,22.73,22.43,22.55,482237
2019-01-14,22.55,22.55,22.12,22.24,482904
2019-01-15,22.24,22.49,22.06,22.43,308714
2019-01-16,22.55,22.85,22.43,22.67,498036
2019-01-17,22.61,22.61,22.49,22.49,477663
2019-01-18,22.55,22.55,21.88,21.94,541819
2019-01-21,21.94,22.43,21.69,22.24,373144
2019-01-22,22.24,23.16,22.12,22.97,1198320
2019-01-23,22.73,23.4,22.73,23.04,572020
2019-01-24,23.1,23.1,22.79,22.85,195290
2019-01-25,22.79,22.85,22.55,22.67,435979
2019-01-28,22.55,22.85,22.55,22.85,226840
2019-01-29,22.79,23.16,22.61,22.97,357285
2019-01-30,22.97,23.52,22.97,23.52,740010
2019-01-31,23.65,24.01,23.46,23.83,854692
2019-02-01,23.71,23.83,23.52,23.77,346548
2019-02-11,23.77,24.32,23.77,24.25,404522
2019-02-12,24.25,24.44,23.95,24.13,764010
2019-02-13,24.07,25.29,24.07,24.99,1358886
2019-02-14,24.99,25.11,24.74,24.74,493193
2019-02-15,24.74,24.8,24.5,24.56,545138
2019-02-18,24.56,24.86,24.19,24.68,758260
2019-02-19,24.62,25.11,22.61,23.4,1861529
2019-02-20,23.52,23.65,22.97,23.22,743986
2019-02-21,23.22,23.77,23.1,23.77,628856
2019-02-22,23.65,23.89,23.16,23.83,982187
2019-02-25,23.71,24.25,23.46,23.58,655181
2019-02-26,23.71,23.89,23.46,23.65,542700
2019-02-27,23.65,24.68,23.65,24.5,1931085
2019-02-28,24.38,24.68,23.89,23.89,1055368
2019-03-01,23.89,24.8,23.89,24.68,1231293
2019-03-04,24.5,26.2,24.5,26.14,2159830
2019-03-05,26.2,26.2,25.78,25.96,1352465
2019-03-06,25.29,26.08,25.29,25.84,815962
2019-03-07,25.72,26.08,25.53,25.6,713115
2019-03-08,25.6,25.6,24.74,24.86,1517915
2019-03-11,24.8,25.17,24.62,24.86,822075
2019-03-12,24.92,25.29,24.86,25.11,1432746
2019-03-13,25.11,25.11,24.8,24.86,1124763
2019-03-14,24.74,25.84,24.74,25.6,1510829
2019-03-15,25.29,25.9,25.29,25.78,1287320
2019-03-18,25.6,26.75,25.6,26.39,2222011
2019-03-19,26.45,26.57,25.6,25.72,1174541
2019-03-20,25.66,25.84,25.23,25.78,930047
2019-03-21,25.6,26.08,24.99,25.11,2197087
2019-03-22,25.23,25.41,24.86,25.29,1009338
2019-03-25,24.99,25.11,24.25,24.74,932690
2019-03-26,24.74,24.99,24.5,24.68,481600
2019-03-27,24.62,25.17,24.62,24.99,931234
2019-03-28,24.92,25.05,24.74,24.99,296111
2019-03-29,24.99,25.35,24.92,24.99,468418
2019-04-01,25.23,25.23,24.92,24.92,485279
2019-04-02,25.11,25.23,24.86,24.92,681023
2019-04-03,24.99,24.99,24.62,24.74,394580
2019-04-04,24.8,25.17,24.74,24.99,593592
2019-04-05,24.99,25.17,24.8,24.99,307187
2019-04-08,24.92,25.17,24.92,25.05,513274
2019-04-09,25.11,25.17,24.56,24.56,894113
2019-04-10,24.68,24.74,23.89,24.07,1040263
2019-04-11,24.19,24.19,23.65,23.83,688483
2019-04-12,23.77,24.99,23.46,24.92,1174325
2019-04-16,24.92,25.29,24.56,25.11,1077679
2019-04-17,24.99,25.11,24.5,24.62,670896
2019-04-18,24.74,24.74,24.25,24.5,635353
2019-04-19,24.56,24.92,24.32,24.74,713845
2019-04-22,24.74,24.92,24.5,24.56,654120
2019-05-07,25.23,25.9,24.68,24.68,1255680
2019-05-08,24.38,24.38,23.95,23.98,514730
2019-05-09,24.32,24.32,23.8,23.86,332280
2019-05-10,23.86,24.16,23.49,23.83,545760
2019-05-13,23.77,24.65,23.46,24.44,759280
2019-05-14,24.19,25.11,24.13,25.11,963990
2019-05-15,25.17,25.41,24.86,24.86,654310
2019-05-16,24.86,24.99,24.74,24.74,271190
2019-05-17,24.92,25.11,24.71,24.74,516050
2019-05-20,24.74,25.14,24.74,25.08,839280
2019-05-21,25.23,25.87,25.23,25.78,2206220
2019-05-22,25.84,26.36,25.66,25.96,1690050
2019-05-23,25.96,26.08,25.84,26.08,830590
2019-05-24,26.08,26.39,25.84,26.11,1508050
2019-05-27,26.11,26.45,25.99,26.45,785510
2019-05-28,26.69,27.42,26.63,27.42,1946040
2019-05-29,27.42,27.42,26.75,27.06,1069250
2019-05-30,27.18,27.61,26.81,27.33,1309010
2019-05-31,27.43,27.64,27.08,27.08,1401520
2019-06-03,26.8,26.8,25.62,25.62,1032910
2019-06-04,26.12,26.12,25.62,25.84,566630
2019-06-05,26.43,26.43,25.93,26.18,463030
2019-06-06,26.12,26.15,25.71,25.87,354600
2019-06-07,26.18,26.93,25.99,26.93,1115580
2019-06-10,27.18,27.18,26.83,26.96,690310
2019-06-11,26.96,27.24,26.8,26.99,769000
2019-06-12,26.99,27.3,26.93,27.05,846880
2019-06-13,26.96,27.05,26.27,26.27,725360
2019-06-14,26.27,26.68,26.12,26.65,519420
2019-06-17,26.55,26.77,26.02,26.3,513740
2019-06-18,26.43,26.49,26.15,26.49,309680
2019-06-19,26.8,27.08,26.62,26.71,580300
2019-06-20,26.71,27.24,26.71,27.18,1009120
2019-06-21,27.36,27.36,26.74,26.93,757270
2019-06-24,27.05,27.05,26.71,26.74,498780
2019-06-25,26.74,26.74,26.3,26.3,1131940
2019-06-26,26.24,26.3,25.9,25.9,1139200
2019-06-27,26.05,26.12,25.68,25.68,822260
2019-06-28,25.68,26.18,25.68,26.18,662860
2019-07-01,26.4,26.43,26.12,26.18,296100
2019-07-02,26.37,26.37,26.05,26.18,296650
2019-07-03,26.18,26.18,25.99,26.05,225240
2019-07-04,26.18,26.4,26.18,26.37,467430
2019-07-05,26.43,26.46,26.27,26.3,466800
2019-07-08,26.21,26.74,26.15,26.74,850800
2019-07-09,26.74,26.8,26.55,26.68,489360
2019-07-10,26.65,27.21,26.65,26.96,1895640
2019-07-11,27.11,27.3,26.83,27.24,1048620
2019-07-12,27.21,27.61,27.15,27.36,1585470
2019-07-15,27.36,27.36,27.21,27.27,584740
2019-07-16,27.33,27.61,26.05,26.24,3059790
2019-07-17,26.24,26.58,26.05,26.49,1039330
2019-07-18,26.24,26.55,26.24,26.49,397910
2019-07-19,26.49,26.49,26.15,26.21,718570
2019-07-22,26.18,26.49,26.15,26.18,553500
2019-07-23,26.18,26.8,26.18,26.62,716430
2019-07-24,26.68,26.74,26.49,26.49,605350
2019-07-25,26.37,26.71,26.37,26.68,462160
2019-07-26,26.74,26.74,26.55,26.65,421020
2019-07-29,26.55,26.55,26.18,26.49,325580
2019-07-30,26.18,26.43,26.12,26.12,477390
2019-07-31,25.96,26.12,25.8,25.96,552290
2019-08-01,25.87,25.99,25.68,25.68,487820
2019-08-02,25.43,25.43,24.81,24.93,949220
2019-08-05,24.93,25.24,24.9,24.96,424610
2019-08-06,24.5,24.87,24.18,24.18,1086940
2019-08-07,24.31,24.62,24.31,24.43,659210
2019-08-08,24.43,24.9,24.31,24.9,321310
2019-08-09,24.62,24.93,24.5,24.53,417620
2019-08-12,24.56,24.87,24.5,24.56,281730
2019-08-13,24.4,24.59,24.34,24.43,347810
2019-08-14,24.56,24.62,24.43,24.43,217170
2019-08-15,23.75,24.43,23.75,24.06,420630
2019-08-16,24.06,24.31,24.06,24.25,326360
2019-08-19,24.43,24.43,24.28,24.34,145610
2019-08-20,24.31,24.59,24.31,24.31,324230
2019-08-21,24.31,24.56,24.31,24.5,365760
2019-08-22,24.62,24.62,24.31,24.31,271630
2019-08-23,24.37,24.37,23.87,24.06,433570
2019-08-26,23.69,24.06,23.28,23.37,632660
2019-08-27,23.44,23.75,22.47,22.47,1169520
2019-08-28,22.47,22.75,22.16,22.16,630220
2019-08-29,22.19,22.63,22.19,22.44,379250
2019-08-30,22.59,22.78,22.44,22.59,336220
2019-09-03,22.75,22.81,22.19,22.44,343430
2019-09-04,22.44,22.44,21.91,21.91,388440
2019-09-05,22.28,22.35,21.91,21.91,306880
2019-09-06,21.94,21.97,21.35,21.38,522990
2019-09-09,21.32,21.44,20.54,20.79,993180
2019-09-10,20.79,20.79,19.95,20.13,1074770
2019-09-11,20.07,20.48,20.01,20.48,508540
2019-09-12,20.57,21.38,20.57,21.32,468280
2019-09-13,21.32,21.5,20.88,21.32,416510
2019-09-16,21.25,21.32,20.69,20.76,504630
2019-09-17,20.76,20.76,20.44,20.57,553770
2019-09-18,20.57,21.07,20.57,20.88,401290
2019-09-19,20.94,21.13,20.88,21.13,249340
2019-09-20,21.13,21.19,20.76,20.79,383340
2019-09-23,20.79,20.82,20.6,20.6,244580
2019-09-24,20.63,20.82,20.6,20.66,194130
2019-09-25,20.66,20.82,20.6,20.69,280240
2019-09-26,20.69,20.72,20.38,20.48,430850
2019-09-27,20.57,20.6,20.41,20.44,224060
2019-09-30,20.48,21.01,20.48,20.94,464990
2019-10-01,20.97,20.97,20.82,20.94,241630
2019-10-02,20.94,20.94,20.57,20.66,364760
2019-10-03,20.32,20.54,20.29,20.44,243500
2019-10-04,20.44,20.91,20.44,20.66,203770
2019-10-07,20.66,20.76,20.35,20.35,181890
2019-10-08,20.54,20.79,20.35,20.79,335530
2019-10-09,20.76,21.75,20.63,21.69,1391720
2019-10-10,21.82,22.44,21.75,22.1,1067610
2019-10-11,22.0,22.1,21.82,21.88,556930
2019-10-14,21.88,21.94,21.72,21.82,506600
2019-10-15,21.88,22.38,21.75,22.25,691580
2019-10-16,22.59,22.59,22.28,22.28,498840
2019-10-17,22.44,22.44,21.97,22.0,310880
2019-10-18,21.88,22.13,21.63,21.63,427470
2019-10-21,21.63,21.63,21.35,21.35,320520
2019-10-22,21.38,22.0,21.38,21.97,311610
2019-10-23,21.97,22.07,21.75,21.75,352990
2019-10-24,21.75,22.0,21.66,22.0,278870
2019-10-25,22.13,22.28,22.0,22.19,360100
2019-10-28,22.19,22.31,21.82,21.88,276140
2019-10-29,21.88,22.07,21.82,21.97,312200
2019-10-30,21.97,22.07,21.88,21.91,351700
2019-10-31,21.82,21.94,21.75,21.82,394190
2019-11-01,22.0,22.78,21.97,22.75,1540650
2019-11-04,22.81,22.81,22.44,22.72,867720
2019-11-05,22.69,22.75,22.5,22.72,406220
2019-11-06,22.66,22.69,22.31,22.38,536950
2019-11-07,22.38,22.63,22.38,22.56,313150
2019-11-08,22.69,22.69,22.44,22.5,264110
2019-11-11,22.63,22.72,22.41,22.41,412590
2019-11-12,22.41,22.63,22.19,22.53,452140
2019-11-13,22.5,22.56,22.31,22.35,299670
2019-11-14,22.38,22.53,22.19,22.19,332150
2019-11-15,22.38,22.38,21.88,21.94,487800
2019-11-18,21.94,22.13,21.6,21.63,276560
2019-11-19,21.6,21.82,21.57,21.66,185980
2019-11-20,21.88,21.88,21.66,21.69,197170
2019-11-21,21.69,21.82,21.63,21.69,216420
2019-11-22,21.69,21.78,21.07,21.07,607680
2019-11-25,20.97,21.01,20.57,20.94,428140
2019-11-26,21.07,21.16,20.94,21.13,198510
2019-11-27,21.13,21.38,21.07,21.38,284510
2019-11-28,21.38,21.63,21.1,21.47,387800
2019-11-29,21.38,21.82,21.38,21.78,330370
2019-12-02,21.82,21.91,21.5,21.88,585250
2019-12-03,21.88,22.1,21.5,22.07,520910
2019-12-04,22.1,22.13,21.94,22.13,292750
2019-12-05,22.13,22.31,22.13,22.28,456310
2019-12-06,22.28,22.31,21.91,21.91,582610
2019-12-09,21.63,21.91,21.5,21.6,226580
2019-12-10,21.69,21.69,21.25,21.32,152340
2019-12-11,21.25,21.38,21.16,21.25,137730
2019-12-12,21.5,21.57,21.29,21.57,154360
2019-12-13,21.57,21.82,21.57,21.57,120870
2019-12-16,21.57,21.66,21.29,21.32,159640
2019-12-17,21.41,21.41,21.07,21.07,242640
2019-12-18,21.19,21.19,20.66,20.76,269700
2019-12-19,20.76,21.38,20.6,21.32,219280
2019-12-20,21.5,21.5,21.07,21.1,99440
2019-12-23,21.19,21.47,21.1,21.41,193480
2019-12-24,21.47,21.5,21.07,21.19,161890
2019-12-25,21.07,21.35,21.07,21.32,131980
2019-12-26,21.32,21.38,21.13,21.13,90240
2019-12-27,21.13,21.19,21.07,21.13,286840
2019-12-30,21.19,21.5,21.13,21.13,339280
2019-12-31,21.13,21.13,20.69,21.04,490540
2020-01-02,21.04,21.41,20.88,21.38,134600
2020-01-03,21.5,21.5,21.16,21.25,151600
2020-01-06,21.25,21.25,20.82,20.88,176000
2020-01-07,20.94,21.01,20.63,20.85,108420
2020-01-08,20.57,20.76,20.26,20.26,386610
2020-01-09,20.57,20.69,20.32,20.32,199950
2020-01-10,20.48,20.48,20.26,20.32,161600
2020-01-13,20.32,20.41,20.29,20.32,127840
2020-01-14,20.32,20.38,19.88,20.07,262760
2020-01-15,19.98,20.07,19.82,19.85,247290
2020-01-16,19.95,20.57,19.88,20.57,241750
2020-01-17,20.57,20.57,20.29,20.29,155850
2020-01-20,20.29,20.38,20.01,20.04,158270
2020-01-21,20.26,20.54,20.1,20.41,225710
2020-01-22,20.41,20.44,20.32,20.44,129780
2020-01-30,19.26,20.01,19.04,19.04,1031650
2020-01-31,18.14,18.26,17.73,17.73,1098740
2020-02-03,16.52,17.08,16.52,16.83,1041750
2020-02-04,17.23,17.23,16.27,16.64,1066590
2020-02-05,16.83,16.86,16.49,16.52,661210
2020-02-06,16.33,16.52,16.21,16.46,1565540
2020-02-07,16.7,17.45,16.64,17.45,1155030
2020-02-10,17.45,17.45,16.89,17.02,411790
2020-02-11,16.86,17.08,16.86,16.95,487720
2020-02-12,16.95,17.45,16.95,17.39,729410
2020-02-13,16.95,17.45,16.95,17.14,671580
2020-02-14,17.33,17.36,16.95,16.99,437250
2020-02-17,16.83,16.83,16.52,16.61,711840
2020-02-18,16.67,17.14,16.64,16.77,468930
2020-02-19,17.02,17.02,16.77,16.77,279240
2020-02-20,16.89,17.14,16.77,16.83,509880
2020-02-21,16.74,16.77,16.52,16.77,668070
2020-02-24,16.46,16.64,15.61,15.61,1136480
2020-02-25,14.68,15.15,14.68,14.9,970060
2020-02-26,14.83,14.83,14.34,14.4,1109560
2020-02-27,14.34,14.9,14.34,14.65,674960
2020-02-28,14.59,14.59,14.27,14.34,783100
2020-03-02,14.27,14.27,13.62,13.84,1300540
2020-03-03,14.02,14.34,14.02,14.15,789840
2020-03-04,14.15,15.12,14.09,15.12,1625180
2020-03-05,15.46,16.14,15.21,16.08,2161890
2020-03-06,15.89,15.93,15.46,15.55,782600
2020-03-09,14.49,14.59,14.49,14.49,1236390
2020-03-10,13.49,14.52,13.49,14.34,1358740
2020-03-11,14.59,14.59,13.81,14.06,945960
2020-03-12,13.53,13.71,13.09,13.09,1190690
2020-03-13,12.47,13.09,12.19,12.96,942390
2020-03-16,12.96,13.09,12.59,12.84,432720
2020-03-17,12.72,13.21,12.47,13.21,746910
2020-03-18,13.21,13.4,12.9,12.96,782900
2020-03-19,12.78,12.9,12.34,12.4,1030030
2020-03-20,12.34,12.72,12.34,12.4,739420
2020-03-23,12.34,12.34,11.56,11.56,1101930
2020-03-24,11.31,11.59,10.91,11.41,716080
2020-03-25,11.69,12.03,11.66,12.03,810880
2020-03-26,12.03,12.28,11.72,12.06,562310
2020-03-27,11.91,12.47,11.91,12.03,808780
2020-03-30,11.53,11.78,11.22,11.28,998870
2020-03-31,11.72,11.72,11.09,11.09,1126200
2020-04-01,11.09,11.62,11.06,11.53,1344060
2020-04-03,11.53,12.03,11.53,12.03,826490
2020-04-06,12.34,12.87,12.34,12.87,1510090
2020-04-07,13.09,13.34,12.47,12.65,1547550
2020-04-08,12.03,12.4,11.97,12.34,987730
2020-04-09,12.34,13.0,12.22,12.87,1629860
2020-04-10,13.09,13.74,12.81,13.74,2440190
2020-04-13,14.68,14.68,14.34,14.68,1751120
2020-04-14,15.46,15.46,13.71,14.62,2779780
2020-04-15,14.15,15.15,14.02,15.08,1763390
2020-04-16,15.08,15.27,14.83,15.18,1633830
2020-04-17,15.27,16.17,15.24,16.11,2561940
2020-04-20,16.52,17.23,16.39,17.23,3756320
2020-04-21,17.23,18.08,16.52,16.95,3415200
2020-04-22,16.95,17.14,16.21,16.95,1530240
2020-04-23,17.76,17.76,17.2,17.33,1520660
2020-04-24,17.33,17.33,16.8,17.05,1101860
2020-04-27,17.08,17.14,16.52,16.55,1365730
2020-04-28,16.55,16.55,15.96,16.27,1154220
2020-04-29,16.33,16.89,16.33,16.77,887800
2020-05-04,16.64,16.74,16.27,16.27,573850
2020-05-05,16.27,16.39,15.96,16.21,649350
2020-05-06,16.21,16.46,16.05,16.46,797520
2020-05-07,16.67,16.83,16.58,16.64,725660
2020-05-08,16.7,17.02,16.64,16.8,1244600
2020-05-11,16.8,16.83,16.67,16.77,938070
2020-05-12,16.77,16.83,16.61,16.8,989670
2020-05-13,16.8,17.58,16.7,17.42,2738210
2020-05-14,17.33,17.45,17.27,17.27,1099110
2020-05-15,17.23,17.33,16.89,17.05,729330
2020-05-18,17.02,17.02,16.52,16.74,1173050
2020-05-19,17.08,17.33,16.86,16.86,946220
2020-05-20,17.14,17.14,16.89,16.99,741240
2020-05-21,17.02,17.17,16.95,17.02,660700
2020-05-22,17.05,17.08,16.77,16.77,961980
2020-05-25,16.8,16.8,16.58,16.7,687010
2020-05-26,16.77,17.08,16.74,17.05,1307740
2020-05-27,17.39,17.76,17.39,17.45,4179840
2020-05-28,17.45,17.58,17.23,17.33,779720
2020-05-29,17.27,17.27,17.02,17.14,849850
2020-06-01,17.64,17.64,17.14,17.27,1088590
2020-06-02,17.27,17.36,17.11,17.11,933450
2020-06-03,17.11,17.11,16.95,17.05,534160
2020-06-04,17.33,17.67,17.05,17.36,1782690
2020-06-05,17.45,17.89,17.33,17.61,2174220
2020-06-08,17.76,18.01,17.76,17.92,2200190
2020-06-09,18.08,18.98,18.01,18.79,3082330
2020-06-10,18.82,18.86,18.2,18.64,1710790
2020-06-11,18.7,18.7,17.45,17.45,2610590
2020-06-12,16.89,17.45,16.89,17.33,2078150
2020-06-15,17.02,17.45,16.52,16.95,2156210
2020-06-16,16.95,17.48,16.95,17.45,830710
2020-06-17,17.64,17.64,17.23,17.42,995810
2020-06-18,17.33,17.33,17.11,17.17,478230
2020-06-19,17.14,17.2,16.95,17.05,637820
2020-06-22,16.83,16.99,16.67,16.83,872120
2020-06-23,16.83,17.2,16.77,16.89,531200
2020-06-24,16.95,17.02,16.83,16.83,333470
2020-06-25,16.52,16.83,16.52,16.64,455080
2020-06-26,16.77,16.89,16.39,16.39,671180
2020-06-29,16.39,16.39,15.36,15.52,860600
2020-06-30,15.65,16.21,15.55,15.65,576000
2020-07-01,15.65,16.11,15.65,16.02,280530
2020-07-02,16.21,16.21,15.96,15.96,258190
2020-07-03,16.08,16.33,16.08,16.14,213820
2020-07-06,16.21,16.39,16.14,16.21,208620
2020-07-07,16.21,16.52,16.21,16.36,450690
2020-07-08,16.39,16.55,16.36,16.39,345230
2020-07-09,16.39,16.7,16.39,16.58,365740
2020-07-10,16.58,16.58,16.3,16.46,389310
2020-07-13,16.42,16.52,16.33,16.36,278810
2020-07-14,16.36,16.52,16.33,16.46,283090
2020-07-15,16.58,16.58,16.39,16.49,243980
2020-07-16,16.52,16.55,16.42,16.42,259920
2020-07-17,16.46,16.46,16.27,16.33,241890
2020-07-20,16.33,16.42,16.21,16.21,257240
2020-07-21,16.21,16.33,16.05,16.14,225820
2020-07-22,16.27,16.27,16.08,16.08,162030
2020-07-23,16.08,16.21,16.08,16.08,203920
2020-07-24,16.08,16.17,14.96,15.18,898830
2020-07-27,14.12,14.15,14.12,14.12,844630
2020-07-28,13.21,14.34,13.21,14.34,1314370
2020-07-29,13.49,13.96,13.34,13.49,1210250
2020-07-30,13.49,13.93,13.49,13.71,513710
2020-07-31,13.56,13.59,13.25,13.53,421410
2020-08-03,13.4,13.9,13.28,13.9,568280
2020-08-04,13.96,14.4,13.96,14.37,820570
2020-08-05,14.59,15.05,14.46,14.96,925870
2020-08-06,14.96,14.96,14.46,14.8,773860
2020-08-07,14.46,14.77,14.46,14.74,389600
2020-08-10,14.77,14.96,14.71,14.74,544400
2020-08-11,14.77,14.96,14.65,14.68,562500
2020-08-12,14.74,15.12,14.74,14.99,948460
2020-08-13,15.58,15.58,15.02,15.58,719630
2020-08-14,15.58,15.58,15.27,15.33,560450
2020-08-17,15.33,15.33,14.83,15.02,658400
2020-08-18,15.02,15.27,14.99,15.02,253430
2020-08-19,15.02,15.24,15.02,15.15,194430
2020-08-20,15.15,15.15,14.9,15.02,430960
2020-08-21,15.05,15.12,14.99,15.08,331710
2020-08-24,15.27,15.27,15.12,15.24,679010
2020-08-25,15.33,15.52,15.24,15.46,759750
2020-08-26,15.55,15.55,15.36,15.4,471370
2020-08-27,15.33,15.43,15.15,15.33,462700
2020-08-28,15.52,15.52,15.24,15.36,631340
2020-08-31,15.65,16.14,15.58,16.02,1369150
2020-09-01,16.33,16.58,16.21,16.52,1425850
2020-09-03,16.83,16.83,16.21,16.46,1279610
2020-09-04,16.08,16.33,15.89,16.33,1125480
2020-09-07,16.46,16.61,16.33,16.33,954110
2020-09-08,16.46,16.49,16.21,16.33,320450
2020-09-09,16.21,16.33,16.14,16.33,286550
2020-09-10,16.46,16.49,16.3,16.33,465920
2020-09-11,16.36,16.36,16.27,16.33,350280
2020-09-14,16.39,16.99,16.39,16.99,1593440
2020-09-15,17.02,17.02,16.61,16.8,1011440
2020-09-16,16.95,17.02,16.77,16.77,624310
2020-09-17,16.77,16.8,16.7,16.7,614640
2020-09-18,16.7,16.77,16.67,16.74,375150
2020-09-21,16.74,16.83,16.74,16.74,714820
2020-09-22,16.52,16.7,16.52,16.61,324540
2020-09-23,16.77,16.8,16.67,16.74,362250
2020-09-24,16.7,16.74,16.64,16.67,409270
2020-09-25,16.67,16.74,16.61,16.64,320370
2020-09-28,16.61,16.7,16.61,16.64,469570
2020-09-29,16.64,16.77,16.61,16.67,916640
2020-09-30,16.64,16.7,16.55,16.64,343720
2020-10-01,16.7,17.14,16.7,17.02,1559450
2020-10-02,17.02,17.02,16.39,16.74,929580
2020-10-05,16.77,17.02,16.77,16.89,484960
2020-10-06,16.89,16.95,16.7,16.77,550300
2020-10-07,16.52,16.74,16.52,16.61,466110
2020-10-08,16.61,16.7,16.55,16.61,499750
2020-10-09,16.64,16.67,16.58,16.64,383110
2020-10-12,16.64,16.67,16.42,16.42,637920
2020-10-13,16.46,16.52,16.36,16.36,348660
2020-10-14,16.33,16.52,16.33,16.36,409830
2020-10-15,16.39,16.39,16.21,16.36,461430
2020-10-16,16.36,16.36,16.21,16.24,447420
2020-10-19,16.27,16.36,16.24,16.27,255690
2020-10-20,16.21,16.21,15.96,15.99,739960
2020-10-21,15.99,16.05,15.71,15.77,596180
2020-10-22,15.74,15.96,15.74,15.93,394600
2020-10-23,16.02,16.14,16.02,16.08,283830
2020-10-26,16.14,16.14,16.02,16.02,271330
2020-10-27,15.96,16.02,15.8,15.86,265650
2020-10-28,15.77,15.77,15.4,15.4,463260
2020-10-29,14.96,15.52,14.96,15.33,376600
2020-10-30,15.36,15.52,15.36,15.49,174420
2020-11-02,15.49,15.52,15.33,15.4,105160
2020-11-03,15.4,15.58,15.4,15.58,253640
2020-11-04,15.65,15.74,15.49,15.74,264860
2020-11-05,15.74,15.86,15.65,15.68,124400
2020-11-06,15.68,15.71,15.46,15.52,170030
2020-11-09,15.52,16.21,15.52,16.21,578530
2020-11-10,17.33,17.33,16.83,17.14,3518100
2020-11-11,17.2,17.2,16.7,16.83,875460
2020-11-12,16.83,16.89,16.55,16.7,576710
2020-11-13,16.52,16.92,16.42,16.92,1459130
2020-11-16,17.08,17.08,16.64,16.7,921370
2020-11-17,16.89,16.95,16.83,16.89,821070
2020-11-18,17.39,17.39,16.95,17.02,2813620
2020-11-19,17.02,17.02,16.77,16.83,763200
2020-11-20,16.77,17.05,16.64,16.95,977970
2020-11-23,17.02,17.05,16.74,16.83,673760
2020-11-24,16.83,16.92,16.67,16.67,982590
2020-11-25,16.7,16.83,16.7,16.74,657860
2020-11-26,16.74,16.77,16.58,16.64,449000
2020-11-27,16.64,16.7,16.64,16.67,334760
2020-11-30,16.67,16.95,16.64,16.64,806660
2020-12-01,15.96,16.49,15.96,16.49,790900
2020-12-02,16.39,16.39,16.24,16.33,807120
2020-12-03,16.3,16.33,16.24,16.3,587680
2020-12-04,16.3,16.52,16.3,16.46,483950
2020-12-07,16.52,16.61,16.49,16.58,563080
2020-12-08,16.7,16.7,16.55,16.61,539900
2020-12-09,16.64,16.86,16.64,16.74,793890
2020-12-10,16.83,16.83,16.52,16.55,683250
2020-12-11,16.64,17.14,16.58,17.11,2357600
2020-12-14,17.33,17.36,17.14,17.27,1550880
2020-12-15,17.14,17.39,17.08,17.27,1228820
2020-12-16,17.2,17.98,17.14,17.76,1920380
2020-12-17,17.67,17.89,17.39,17.45,1586160
2020-12-18,17.48,17.7,17.48,17.55,942350
2020-12-21,17.58,17.64,17.48,17.61,1802010
2020-12-22,17.45,17.58,17.33,17.48,1207330
2020-12-23,17.51,17.55,17.27,17.3,1552100
2020-12-24,17.3,17.39,16.14,17.05,1157430
2020-12-25,17.33,17.7,16.99,17.55,1618240
2020-12-28,18.08,18.08,17.45,17.55,1556300
2020-12-29,17.55,17.7,17.36,17.64,1277340
2020-12-30,17.64,18.01,17.64,17.67,1104710
2020-12-31,17.67,17.8,17.61,17.64,742640
2021-01-04,17.8,18.01,17.64,17.8,1966600
2021-01-05,17.64,17.76,17.61,17.64,1310800
2021-01-06,17.64,17.64,17.45,17.55,1150000
2021-01-07,17.76,18.04,17.55,17.83,1668700
2021-01-08,17.95,18.33,17.95,18.2,2478600
2021-01-11,19.38,19.45,19.07,19.45,2407600
2021-01-12,20.2,20.2,19.91,19.95,2311500
2021-01-13,19.95,19.95,19.38,19.38,2170500
2021-01-14,19.42,19.45,18.98,19.2,1864700
2021-01-15,19.26,19.57,19.2,19.23,1423200
2021-01-18,19.23,19.26,19.07,19.1,1523800
2021-01-19,19.04,19.04,17.8,17.83,1713800
2021-01-20,17.83,18.2,16.86,17.89,1204200
2021-01-21,18.08,18.39,18.08,18.36,1008300
2021-01-22,18.39,18.51,18.08,18.2,1001700
2021-01-25,18.08,18.39,18.08,18.14,651900
2021-01-26,18.14,18.2,17.33,17.51,905900
2021-01-27,17.45,17.45,16.86,16.99,1005700
2021-01-28,15.83,16.08,15.8,15.8,1638500
2021-01-29,14.77,16.89,14.77,16.11,1063900
2021-02-01,16.14,16.21,15.65,15.65,748100
2021-02-02,15.71,15.77,15.27,15.77,570500
2021-02-03,15.86,16.36,15.86,16.3,530100
2021-02-04,16.21,16.58,16.21,16.27,529900
2021-02-05,16.33,16.58,16.33,16.52,433300
2021-02-08,16.52,16.52,15.4,15.93,820100
2021-02-09,15.93,16.42,15.89,16.42,446800
2021-02-17,16.46,16.99,16.46,16.99,680200
2021-02-18,17.02,17.02,16.8,16.99,837900
2021-02-19,16.83,16.95,16.61,16.77,1482400
2021-02-22,17.05,17.2,16.89,17.14,1278800
2021-02-23,17.14,17.95,17.14,17.83,1423300
2021-02-24,18.08,18.26,17.64,17.95,1925300
2021-02-25,18.26,18.39,17.95,18.08,1601700
2021-02-26,17.86,18.86,17.7,18.67,2176900
2021-03-01,18.89,19.6,18.82,19.57,2520200
2021-03-02,20.01,20.01,19.01,19.51,2010900
2021-03-03,19.32,19.32,19.01,19.26,1388500
2021-03-04,19.26,19.26,18.57,18.64,1615200
2021-03-05,18.54,19.2,18.2,19.1,1307800
2021-03-08,19.57,19.57,18.86,18.98,1311600
2021-03-09,18.7,18.95,18.57,18.79,920400
2021-03-10,18.67,19.2,18.64,19.2,1190200
2021-03-11,19.32,19.45,19.07,19.14,1396000
2021-03-12,19.2,19.2,18.98,18.98,693100
2021-03-15,18.98,19.04,18.76,18.82,1081900
2021-03-16,18.82,19.26,18.7,18.89,1295600
2021-03-17,18.89,19.32,18.89,19.2,1251700
2021-03-18,19.45,20.26,19.38,20.2,3907200
2021-03-19,20.2,21.19,20.01,20.91,3332500
2021-03-22,20.91,21.1,20.66,20.88,1803600
2021-03-23,20.57,20.79,20.26,20.32,2279800
2021-03-24,19.95,20.2,19.63,19.63,2220800
2021-03-25,19.82,20.63,19.63,20.16,1543100
2021-03-26,19.95,20.16,19.57,19.95,1505700
2021-03-29,20.57,20.57,20.26,20.44,1075200
2021-03-30,20.48,20.51,20.2,20.32,997400
2021-03-31,20.23,20.63,20.13,20.35,1253300
2021-04-01,20.63,21.1,20.57,21.07,2190000
2021-04-02,21.19,21.32,20.88,20.91,1254000
2021-04-05,21.01,21.19,20.76,20.82,1202900
2021-04-06,20.69,20.82,20.51,20.6,1453000
2021-04-07,20.57,20.57,20.41,20.57,948200
2021-04-08,20.57,20.88,20.57,20.76,851000
2021-04-09,20.76,20.82,20.66,20.66,710600
2021-04-12,20.13,20.51,20.13,20.44,2002500
2021-04-13,20.38,20.44,19.95,19.98,1076200
2021-04-14,19.73,19.95,19.63,19.95,884100
2021-04-15,19.95,20.01,19.63,19.7,831400
2021-04-16,19.7,19.95,18.98,19.32,1212200
2021-04-19,19.45,19.6,18.89,19.29,1165100
2021-04-20,19.29,19.6,19.17,19.45,796300
2021-04-22,19.45,19.45,18.82,18.82,1080800
2021-04-23,18.7,18.82,18.45,18.82,860800
2021-04-26,18.82,18.82,17.51,17.95,1106400
2021-04-27,17.95,18.01,17.51,17.92,790800
2021-04-28,17.92,18.08,17.76,17.95,528100
2021-04-29,17.95,18.2,17.95,18.08,466300
2021-05-04,16.83,18.08,16.83,17.02,1477900
2021-05-05,17.27,17.45,17.27,17.45,693200
2021-05-06,17.45,17.76,17.33,17.33,637400
2021-05-07,17.33,17.33,16.83,16.95,1021800
2021-05-10,16.52,16.77,16.52,16.58,1107600
2021-05-11,16.83,17.39,16.83,17.2,768900
2021-05-12,17.2,17.45,17.14,17.39,432100
2021-05-13,17.17,17.42,16.83,17.02,627100
2021-05-14,17.02,17.14,16.89,17.02,925400
2021-05-17,17.14,17.27,16.95,17.05,468800
2021-05-18,17.08,17.08,16.86,16.89,555900
2021-05-19,17.2,17.2,16.61,16.64,698600
2021-05-20,16.52,16.83,16.08,16.14,1289500
2021-05-21,15.89,16.8,15.89,16.67,1103900
2021-05-24,16.67,17.14,16.67,16.8,631600
2021-05-25,16.8,16.83,16.55,16.64,579300
2021-05-26,16.64,16.77,16.33,16.52,625600
2021-05-27,16.46,16.52,16.21,16.27,572900
2021-05-28,16.27,16.46,16.24,16.33,493800
2021-05-31,16.21,16.3,16.08,16.11,707200
2021-06-01,16.08,16.11,15.96,15.99,750100
2021-06-02,16.02,17.08,15.89,17.08,1603400
2021-06-03,17.08,17.11,16.7,16.83,1146200
2021-06-04,16.52,16.7,16.49,16.58,863700
2021-06-07,16.58,16.64,16.42,16.58,1276500
2021-06-08,16.95,17.14,16.7,16.89,1617100
2021-06-09,16.89,17.05,16.83,17.05,1021800
2021-06-10,17.02,17.02,16.77,16.83,648800
2021-06-11,16.86,17.76,16.52,17.76,1465900
2021-06-14,17.89,17.89,17.39,17.45,1260700
2021-06-15,17.45,17.64,17.42,17.48,872200
2021-06-16,17.48,17.51,17.14,17.17,1255600
2021-06-17,16.27,16.83,16.27,16.77,1447800
2021-06-18,16.77,17.08,16.58,16.89,1107900
2021-06-21,16.83,17.45,16.7,17.27,1281500
2021-06-22,17.64,17.64,17.17,17.17,1071800
2021-06-23,17.17,17.17,16.89,16.95,693800
2021-06-24,16.95,17.14,16.83,16.92,747300
2021-06-25,16.95,17.11,16.92,16.99,448900
2021-06-28,17.17,17.17,16.89,16.95,575800
2021-06-29,16.95,17.27,16.89,17.23,1026500
2021-06-30,17.23,17.23,17.08,17.2,573500
2021-07-01,17.2,17.23,16.99,17.2,504600
2021-07-02,17.2,17.2,16.95,17.08,532100
2021-07-05,17.02,17.08,16.77,16.83,717200
2021-07-06,16.83,16.86,16.52,16.52,702100
2021-07-07,16.46,16.52,15.89,16.24,725600
2021-07-08,16.24,16.64,16.24,16.39,457700
2021-07-09,16.39,16.39,16.14,16.27,539700
2021-07-12,16.21,16.27,15.27,15.52,871000
2021-07-13,15.65,16.08,15.65,15.93,388200
2021-07-14,16.39,16.52,15.93,16.02,398900
2021-07-15,16.05,16.21,16.05,16.17,241400
2021-07-16,16.24,16.24,15.89,15.89,457600
2021-07-19,15.58,15.65,14.9,14.96,810100
2021-07-20,15.27,15.3,14.99,15.27,358300
2021-07-21,15.46,15.68,15.33,15.58,268200
2021-07-22,15.58,15.77,15.58,15.71,264600
2021-07-23,15.58,15.58,15.27,15.27,668500
2021-07-26,14.96,15.27,14.96,14.99,652900
2021-07-27,15.15,15.15,14.99,15.05,784000
2021-07-28,14.83,15.02,14.71,14.83,1268800
2021-07-29,15.6,15.84,15.6,15.84,505600
2021-07-30,16.94,16.94,16.94,16.94,412300
2021-08-02,18.13,18.13,17.34,17.93,2559800
2021-08-03,17.93,17.97,17.42,17.54,787600
2021-08-04,17.42,17.54,17.18,17.18,946800
2021-08-05,16.94,17.14,16.71,17.06,1013400
2021-08-06,17.1,17.3,17.02,17.1,805600
2021-08-09,17.02,17.02,16.75,16.83,788200
2021-08-10,16.83,16.94,16.79,16.94,597000
2021-08-11,16.94,17.42,16.87,17.18,897600
2021-08-12,17.02,17.3,17.02,17.1,473500
2021-08-13,17.18,17.3,16.94,16.98,573600
2021-08-16,16.94,16.98,16.79,16.94,590000
2021-08-17,16.94,16.98,16.87,16.87,440200
2021-08-18,16.87,16.87,16.71,16.79,564100
2021-08-19,16.71,16.75,16.63,16.75,467300
2021-08-20,16.67,16.71,16.39,16.43,774300
2021-08-23,16.43,16.43,16.16,16.2,538100
2021-08-24,16.08,16.23,15.96,16.08,489100
2021-08-25,16.16,16.67,16.12,16.67,432700
2021-08-26,16.79,16.79,16.63,16.71,352800
2021-08-27,16.71,16.71,16.47,16.67,346200
2021-08-30,16.71,17.1,16.67,16.94,680000
2021-08-31,16.9,16.9,16.55,16.63,586800
2021-09-01,16.31,16.63,16.23,16.51,692200
2021-09-06,16.51,17.18,16.51,16.98,1082900
2021-09-07,17.02,17.5,17.02,17.42,1483900
2021-09-08,17.73,17.97,17.34,17.65,1438400
2021-09-09,17.69,18.88,17.69,18.88,2369400
2021-09-10,20.02,20.06,19.39,19.74,3492400
2021-09-13,19.78,21.12,19.78,21.12,3733800
2021-09-14,22.54,22.58,22.5,22.58,3343700
2021-09-15,24.16,24.16,21.12,21.12,5463200
2021-09-16,20.57,20.88,19.94,20.1,2737700
2021-09-17,20.1,21.48,19.94,21.08,1237300
2021-09-20,21.08,21.12,20.53,20.61,1535900
2021-09-21,20.1,20.33,19.7,20.02,1559800
2021-09-22,20.25,20.49,20.1,20.41,1005400
2021-09-23,20.49,20.49,20.02,20.18,909200
2021-09-24,20.18,20.65,20.02,20.41,910000
2021-09-27,20.65,20.73,20.02,20.14,1128100
2021-09-28,20.25,20.25,19.31,19.7,860100
2021-09-29,19.7,19.7,19.15,19.31,941200
2021-09-30,19.31,19.86,19.31,19.7,611200
2021-10-01,19.7,19.7,19.31,19.62,552200
2021-10-04,19.66,20.49,19.62,20.41,1019500
2021-10-05,20.85,20.88,20.41,20.65,801900
2021-10-06,20.65,20.73,20.37,20.41,768900
2021-10-07,20.49,20.57,20.21,20.45,714700
2021-10-08,20.49,20.65,20.41,20.57,867100
2021-10-11,21.04,21.67,20.88,21.28,1453400
2021-10-12,21.36,21.63,20.88,21.04,1112900
2021-10-13,21.04,21.2,20.81,20.85,636900
2021-10-14,20.85,20.92,20.69,20.73,757400
2021-10-15,20.57,20.73,20.49,20.53,1000600
2021-10-18,20.53,20.73,20.18,20.18,999000
2021-10-19,20.18,20.33,20.06,20.29,441800
2021-10-20,20.65,20.88,20.25,20.41,554500
2021-10-21,20.49,20.65,20.33,20.45,436200
2021-10-22,20.41,20.53,20.37,20.45,683200
2021-10-25,20.41,20.41,20.02,20.02,771800
2021-10-26,20.02,20.49,19.78,20.33,427800
2021-10-27,20.33,20.37,20.06,20.21,750200
2021-10-28,19.7,19.86,19.66,19.7,2624300
2021-10-29,19.62,19.62,18.95,19.54,2089300
2021-11-01,19.54,19.54,19.31,19.47,718200
2021-11-02,19.39,19.43,19.23,19.39,789600
2021-11-03,19.39,19.39,18.05,18.09,2071700
2021-11-04,18.09,19.35,17.77,19.03,1205300
2021-11-05,19.03,19.7,19.03,19.43,902700
2021-11-08,19.7,19.7,19.43,19.62,1128800
2021-11-09,19.62,19.66,19.31,19.54,700000
2021-11-10,19.39,19.54,19.31,19.43,820400
2021-11-11,19.51,19.78,19.31,19.62,841400
2021-11-12,19.62,19.82,19.62,19.74,736800
2021-11-15,19.62,19.62,19.31,19.39,1337600
2021-11-16,19.39,20.25,19.27,19.78,1134800
2021-11-17,20.49,20.57,20.1,20.33,2083200
2021-11-18,20.33,20.41,19.78,19.86,1250100
2021-11-19,18.48,18.91,18.48,18.48,17810300
2021-11-22,18.05,18.6,18.05,18.13,4234500
2021-11-23,18.13,18.48,18.13,18.4,2245800
2021-11-24,18.4,18.91,18.32,18.64,3797000
2021-11-25,18.64,18.76,18.52,18.76,3171700
2021-11-26,18.84,19.23,18.8,18.8,3782400
2021-11-29,18.13,18.44,17.89,18.24,3961300
2021-11-30,18.21,18.52,18.13,18.13,2663100
2021-12-01,18.13,18.36,17.97,18.17,2435200
2021-12-02,18.17,18.21,18.05,18.05,1797000
2021-12-03,18.09,18.17,17.97,17.97,2173400
2021-12-06,17.89,17.97,17.34,17.38,2759600
2021-12-07,17.38,17.69,17.34,17.5,1328900
2021-12-08,17.73,18.52,17.69,18.09,2014400
2021-12-09,18.13,18.21,17.93,18.05,1069700
2021-12-10,18.13,19.27,18.13,18.6,4189400
2021-12-13,18.99,19.7,18.99,19.62,8010400
2021-12-14,19.78,19.94,19.07,19.66,4842100
2021-12-15,19.66,19.66,18.99,19.15,2899900
2021-12-16,19.15,19.35,18.4,18.4,5399700
2021-12-17,18.17,18.8,18.17,18.48,2654800
2021-12-20,18.48,18.68,18.13,18.68,2121700
2021-12-21,18.52,18.52,18.21,18.4,1995400
2021-12-22,18.52,18.6,18.21,18.21,2190000
2021-12-23,18.28,18.52,18.13,18.21,2447700
2021-12-24,18.24,18.48,18.24,18.36,1326800
2021-12-27,18.4,18.72,18.28,18.4,1268000
2021-12-28,18.44,18.56,18.21,18.21,1845500
2021-12-29,18.28,18.36,18.21,18.28,1051900
2021-12-30,18.32,18.4,18.24,18.28,1628200
2021-12-31,18.28,18.32,18.13,18.24,2083300
2022-01-04,18.28,18.52,18.24,18.36,1832000
2022-01-05,18.44,18.44,18.21,18.21,2256200
2022-01-06,18.21,18.21,17.97,18.01,2466400
2022-01-07,18.01,18.01,17.81,17.85,2127400
2022-01-10,17.93,18.91,17.93,18.28,3188800
2022-01-11,18.24,18.36,18.05,18.17,1685900
2022-01-12,18.17,18.21,17.81,18.09,1593700
2022-01-13,18.09,18.09,17.81,17.85,1427600
2022-01-14,17.73,17.89,17.5,17.89,1433700
2022-01-17,17.89,18.52,17.89,18.05,2074000
2022-01-18,18.05,18.24,17.89,18.09,1544300
2022-01-19,17.93,18.13,17.81,17.89,1050700
2022-01-20,17.81,17.97,17.69,17.97,1127900
2022-01-21,17.97,17.97,17.85,17.89,1163900
2022-01-24,17.97,18.52,17.93,17.97,2579000
2022-01-25,18.13,18.44,18.05,18.4,2913000
2022-01-26,18.76,19.07,18.6,18.99,5819400
2022-01-27,19.03,19.07,18.76,18.91,3012200
2022-01-28,18.91,19.39,18.84,19.15,3385600
2022-02-07,20.25,20.49,19.94,20.49,11637900
2022-02-08,20.57,21.52,20.29,20.49,9015000
2022-02-09,20.49,20.88,20.41,20.69,5478100
2022-02-10,20.88,21.12,20.65,20.81,7410000
2022-02-11,20.81,20.88,20.29,20.65,6889400
2022-02-14,20.88,21.52,20.81,20.81,7858800
2022-02-15,20.57,20.88,20.33,20.69,4059500
2022-02-16,20.73,20.88,20.61,20.77,3865200
2022-02-17,20.77,21.67,20.61,21.12,7745200
2022-02-18,21.0,21.55,20.88,21.52,6504800
2022-02-21,21.52,21.52,21.12,21.12,4712600
2022-02-22,20.65,20.92,20.49,20.57,5663400
2022-02-23,20.49,20.96,20.45,20.69,3076300
2022-02-24,20.65,20.77,19.7,20.21,7196700
2022-02-25,20.29,20.65,20.29,20.41,2367700
2022-02-28,20.25,20.29,19.7,19.98,2599200
2022-03-01,19.94,20.1,19.74,20.02,3286200
2022-03-02,19.98,20.02,19.66,19.7,3082400
2022-03-03,19.7,19.86,19.54,19.7,3149000
2022-03-04,19.7,20.29,19.7,20.02,2181900
2022-03-07,19.98,19.98,19.58,19.62,3002100
2022-03-08,19.47,20.33,19.35,19.86,3556300
2022-03-09,19.86,20.1,19.54,19.7,1877100
2022-03-10,20.02,20.88,19.86,20.65,5220700
2022-03-11,20.65,20.65,20.25,20.33,3302400
2022-03-14,20.18,20.88,20.18,20.61,5080600
2022-03-15,20.61,21.04,20.57,20.61,3315400
2022-03-16,20.96,20.96,20.25,20.25,4013300
2022-03-17,20.25,20.45,19.7,20.18,2675900
2022-03-18,20.25,20.37,19.94,19.98,2556500
2022-03-21,19.98,19.98,19.74,19.86,2922400
2022-03-22,19.78,20.21,19.74,19.94,1830700
2022-03-23,19.94,19.98,19.82,19.86,2079400
2022-03-24,19.78,20.25,19.74,20.06,3041300
2022-03-25,20.06,20.25,19.98,19.98,1600300
2022-03-28,19.98,19.98,19.47,19.66,3047000
2022-03-29,19.62,19.98,19.58,19.78,2584900
2022-03-30,19.7,19.94,19.62,19.62,2364300
2022-03-31,19.58,19.78,19.58,19.62,1322000
2022-04-01,19.54,19.9,19.43,19.74,1926000
2022-04-04,19.7,19.74,19.43,19.62,2564000
2022-04-05,19.58,20.1,19.58,19.86,1914600
2022-04-06,19.86,19.86,19.62,19.66,1382700
2022-04-07,19.66,19.7,19.47,19.47,1458500
2022-04-08,19.47,19.58,18.95,18.99,2567100
2022-04-12,19.31,19.31,18.91,18.91,1663900
2022-04-13,18.91,19.11,18.44,18.8,1763900
2022-04-14,18.84,19.23,18.84,18.91,995000
2022-04-15,18.91,18.99,18.44,18.44,1619000
2022-04-18,18.44,18.44,17.69,17.77,2324400
2022-04-19,17.5,18.13,17.5,17.57,1727700
2022-04-20,17.57,18.01,17.57,17.77,1727300
2022-04-21,17.77,17.77,16.79,17.57,2011800
2022-04-22,17.57,18.13,17.14,17.26,2540300
2022-04-25,17.26,17.65,16.31,16.31,1980600
2022-04-26,16.31,16.94,15.76,16.94,1797200
2022-04-27,17.1,17.22,16.67,17.22,717100
2022-04-28,17.34,17.34,16.98,17.1,934200
2022-04-29,17.1,17.18,16.98,17.14,1417400
2022-05-04,17.14,17.97,17.14,17.57,1341900
2022-05-05,17.85,17.85,17.06,17.3,880200
2022-05-06,16.94,17.06,16.55,16.55,1179000
2022-05-09,16.31,16.39,15.41,15.41,2926600
2022-05-10,15.41,15.84,14.66,15.84,965000
2022-05-11,16.16,16.16,15.8,16.0,682100
2022-05-12,15.84,16.0,14.97,14.97,1320300
2022-05-13,14.97,15.05,13.95,13.99,1721500
2022-05-16,14.19,14.9,14.07,14.26,1226600
2022-05-17,14.26,15.25,14.03,15.13,1721500
2022-05-18,15.37,15.37,14.82,14.82,1136000
2022-05-19,14.46,14.66,14.34,14.46,973200
2022-05-20,14.46,14.66,14.38,14.5,967000
2022-05-23,14.5,14.54,13.95,14.07,1874700
2022-05-24,14.07,14.07,13.4,13.71,1682900
2022-05-25,13.79,14.11,13.48,14.03,1347800
2022-05-26,14.03,14.46,13.95,14.07,1006800
2022-05-27,14.07,14.66,14.07,14.66,2084900
2022-05-30,14.66,15.13,14.66,15.09,1508100
2022-05-31,15.09,15.17,14.62,14.7,1471400
2022-06-01,14.66,14.74,14.42,14.66,984200
2022-06-02,14.54,14.58,14.19,14.19,1450800
2022-06-03,14.19,14.5,14.11,14.23,944600
2022-06-06,14.23,14.5,14.11,14.11,1108100
2022-06-07,14.11,14.11,13.71,13.91,1296900
2022-06-08,13.87,14.46,13.87,14.23,1217900
2022-06-09,14.23,14.62,14.15,14.58,1320100
2022-06-10,14.34,14.58,14.19,14.19,960500
2022-06-13,13.56,13.91,13.48,13.48,1993500
2022-06-14,13.4,13.71,13.4,13.48,1129900
2022-06-15,13.56,13.63,12.65,12.73,1679600
2022-06-16,12.77,13.36,12.73,12.81,982000
2022-06-17,12.53,12.53,11.94,12.29,2157800
2022-06-20,12.29,12.29,11.47,11.51,1809400
2022-06-21,11.51,11.82,11.11,11.78,1305700
2022-06-22,12.14,12.22,11.9,12.1,758700
2022-06-23,12.06,12.06,11.59,12.06,699800
2022-06-24,12.1,12.22,12.02,12.02,808200
2022-06-27,12.29,12.85,12.06,12.85,1801300
2022-06-28,13.0,13.48,13.0,13.0,1459000
2022-06-29,12.81,12.81,12.45,12.65,904700
2022-06-30,12.45,12.61,12.22,12.22,1210300
2022-07-01,12.22,12.45,11.9,12.29,1089900
2022-07-04,12.53,12.69,12.37,12.41,755100
2022-07-05,12.45,12.61,12.18,12.18,697100
2022-07-06,12.18,12.65,11.98,12.29,967600
2022-07-07,12.29,12.45,12.18,12.33,632400
2022-07-08,12.45,12.96,12.41,12.89,1608100
2022-07-11,12.92,13.24,12.61,12.85,1210300
2022-07-12,12.81,12.96,12.77,12.89,899000
2022-07-13,13.24,13.28,12.92,12.96,1650800
2022-07-14,12.92,13.0,12.69,12.96,970700
2022-07-15,12.96,13.16,12.92,12.92,1058000
2022-07-18,13.08,13.24,12.85,12.92,1036900
2022-07-19,12.92,12.96,12.81,12.92,541700
2022-07-20,13.04,13.12,13.0,13.08,1263300
2022-07-21,13.08,13.08,12.92,12.96,742600
2022-07-22,12.96,13.2,12.96,13.08,1223300
2022-07-25,13.08,13.08,12.85,12.89,643500
2022-07-26,12.85,12.92,12.73,12.77,609500
2022-07-27,12.69,12.69,12.29,12.57,1119900
2022-07-28,12.69,12.85,12.57,12.69,740200
2022-07-29,12.69,13.16,12.69,13.0,1593500
2022-08-01,13.08,13.4,13.08,13.36,2317100
2022-08-02,13.48,13.52,13.16,13.36,1573600
2022-08-03,13.16,13.83,13.08,13.44,1780800
2022-08-04,13.48,13.71,13.4,13.48,1449300
2022-08-05,13.56,14.15,13.56,14.03,2785500
2022-08-08,14.03,14.07,13.79,13.87,1350600
2022-08-09,13.87,13.87,13.63,13.83,1223300
2022-08-10,13.83,14.58,13.67,14.26,2060500
2022-08-11,14.5,14.5,14.03,14.03,1928100
2022-08-12,13.99,14.15,13.83,14.07,825500
2022-08-15,14.19,14.23,13.87,13.91,1310500
2022-08-16,13.91,14.11,13.87,13.95,968900
2022-08-17,14.03,14.03,13.67,13.67,1411900
2022-08-18,13.67,13.99,13.63,13.67,1206100
2022-08-19,13.67,13.83,13.59,13.71,832800
2022-08-22,13.71,13.83,13.63,13.71,841000
2022-08-23,13.67,14.11,13.63,13.75,1203000
2022-08-24,13.87,14.19,13.79,14.11,2044000
2022-08-25,14.11,14.3,14.03,14.11,940500
2022-08-26,14.11,14.19,13.87,13.91,1130600
2022-08-29,13.63,13.79,13.28,13.44,1772000
2022-08-30,13.44,13.67,13.4,13.48,1014000
2022-08-31,13.48,13.63,13.4,13.59,412100
2022-09-05,13.56,13.56,13.4,13.4,958500
2022-09-06,13.4,13.48,13.28,13.28,876100
2022-09-07,13.16,13.36,12.81,12.81,1159300
2022-09-08,12.69,12.81,11.94,11.94,4808000
2022-09-09,11.47,11.82,11.39,11.7,3956200
2022-09-12,11.7,12.14,11.55,11.55,2214421
2022-09-13,11.47,11.78,11.43,11.66,1033300
2022-09-14,11.51,11.66,11.47,11.62,960900
2022-09-15,11.98,12.1,11.9,11.94,1440500
2022-09-16,12.06,12.06,11.66,11.7,867500
2022-09-19,11.62,11.7,11.43,11.47,845700
2022-09-20,11.55,11.78,11.51,11.78,916800
2022-09-21,11.74,11.74,11.43,11.55,995200
2022-09-22,11.51,11.7,11.43,11.66,617700
2022-09-23,11.66,11.7,11.51,11.51,521000
2022-09-26,11.51,11.55,11.11,11.23,1365000
2022-09-27,11.11,11.35,11.07,11.07,645700
2022-09-28,11.07,11.15,10.76,10.76,899690
2022-09-29,10.76,10.95,10.72,10.72,555418
2022-09-30,10.64,10.72,10.09,10.52,1111982
2022-10-03,10.44,10.52,9.85,9.85,891783
2022-10-04,9.85,10.25,9.73,9.77,776155
2022-10-05,9.89,10.05,9.85,9.93,608804
2022-10-06,10.01,10.09,9.61,9.61,634183
2022-10-07,9.46,9.61,8.94,8.94,1817832
2022-10-10,8.75,8.94,8.51,8.87,890994
2022-10-11,8.87,9.02,8.67,8.67,625734
2022-10-12,8.75,9.1,8.75,8.98,693778
2022-10-13,8.98,9.3,8.98,9.14,423397
2022-10-14,9.22,9.3,9.06,9.18,630970
2022-10-17,9.18,9.22,8.91,9.02,411195
2022-10-18,9.14,9.26,9.02,9.18,573404
2022-10-19,9.3,9.38,9.14,9.3,709115
2022-10-20,9.3,9.3,9.14,9.22,454203
2022-10-21,9.14,9.22,8.75,8.79,731162
2022-10-24,8.79,8.87,8.24,8.31,841029
2022-10-25,8.28,8.67,7.88,8.31,772498
2022-10-26,8.31,8.59,8.28,8.31,438529
2022-10-27,8.31,8.55,8.31,8.55,707480
2022-10-28,8.67,8.79,8.47,8.47,497512
2022-10-31,8.47,8.67,8.35,8.51,479518
2022-11-01,8.67,8.79,8.59,8.59,519703
2022-11-02,8.63,8.79,8.59,8.59,400654
2022-11-03,8.51,8.67,8.51,8.55,344640
2022-11-04,8.55,8.59,8.28,8.43,542022
2022-11-07,8.35,8.43,7.96,7.96,670889
2022-11-08,7.96,8.12,7.96,8.08,545000
2022-11-09,8.12,8.28,8.12,8.2,624058
2022-11-10,8.28,8.28,7.69,7.69,792637
2022-11-11,8.0,8.0,7.8,7.8,383154
2022-11-14,7.72,7.72,7.29,7.29,819552
2022-11-15,7.09,7.29,6.79,6.79,1484250
2022-11-16,6.31,7.26,6.31,7.26,1520826
2022-11-17,7.64,7.64,7.34,7.42,552692
2022-11-18,7.33,7.37,7.09,7.33,625149
2022-11-21,7.34,7.49,7.34,7.37,658837
2022-11-22,7.33,7.64,7.29,7.39,635577
2022-11-23,7.39,7.47,7.27,7.27,401713
2022-11-24,7.25,7.27,7.07,7.27,519265
2022-11-25,7.27,7.41,7.27,7.41,559977
2022-11-28,7.46,7.88,7.46,7.88,1190744
2022-11-29,7.96,8.2,7.92,8.16,966147
2022-11-30,8.28,8.28,8.0,8.12,1005520
2022-12-01,8.2,8.47,8.2,8.24,1593534
2022-12-02,8.24,8.43,8.04,8.39,1005408
2022-12-05,8.55,8.75,8.55,8.71,1379989
2022-12-06,8.75,8.75,8.28,8.35,1490468
2022-12-07,8.2,8.47,8.12,8.31,897423
2022-12-08,8.31,8.75,8.31,8.67,1155332
2022-12-09,8.67,9.26,8.67,9.26,1541257
2022-12-12,9.89,9.89,9.89,9.89,866345
2022-12-13,10.56,10.56,9.85,10.17,5430525
2022-12-14,10.72,10.72,10.32,10.52,1966854
2022-12-15,10.52,11.23,10.52,11.23,4028025
2022-12-16,11.55,11.98,11.27,11.9,5137648
2022-12-19,12.18,12.49,11.19,11.19,4645181
2022-12-20,11.19,11.82,10.84,11.74,3959919
2022-12-21,12.14,12.14,11.11,11.23,1481186
2022-12-22,11.23,11.47,10.48,10.6,3627107
2022-12-23,10.56,10.95,10.28,10.68,1042347
2022-12-26,10.68,10.72,9.97,9.97,1945880
2022-12-27,9.93,10.64,9.93,10.64,1848136
2022-12-28,11.11,11.35,11.03,11.15,2631148
2022-12-29,11.19,11.31,10.88,10.92,1426872
2022-12-30,10.99,11.23,10.92,10.95,966423
2023-01-03,10.95,11.43,10.95,11.43,1963792
2023-01-04,11.43,11.59,11.11,11.19,1639499
2023-01-05,11.19,11.43,10.99,11.31,1594472
2023-01-06,11.27,11.51,11.11,11.15,1815306
2023-01-09,11.39,11.9,11.39,11.74,3638299
2023-01-10,11.74,11.74,11.39,11.47,1271964
2023-01-11,11.55,11.98,11.47,11.78,3722139
2023-01-12,11.78,11.86,11.51,11.74,1457209
2023-01-13,11.86,11.94,11.47,11.51,1755211
2023-01-16,11.51,11.59,11.15,11.23,2041027
2023-01-17,11.39,11.43,11.19,11.43,1878308
2023-01-18,11.43,11.55,11.27,11.47,1694150
2023-01-19,11.51,11.82,11.47,11.62,1546806
2023-01-27,11.59,11.59,11.19,11.23,3627473
2023-01-30,11.15,11.23,10.72,10.92,2941457
2023-01-31,10.92,11.27,10.76,11.11,1820366
2023-02-01,11.11,11.23,10.52,10.6,1941186
2023-02-02,10.64,10.84,10.25,10.32,2555898
2023-02-03,10.01,10.17,9.77,9.77,3605515
2023-02-06,9.54,9.73,9.42,9.58,1436886
2023-02-07,9.69,10.13,9.61,9.97,1706791
2023-02-08,10.01,10.09,9.69,9.93,773554
2023-02-09,9.85,10.09,9.85,9.85,428139
2023-02-10,9.85,9.85,9.46,9.54,961790
2023-02-13,9.54,9.58,9.1,9.18,1185095
2023-02-14,9.14,9.34,9.14,9.3,494654
2023-02-15,9.38,9.58,9.34,9.46,841371
2023-02-16,9.46,9.61,9.46,9.54,577708
2023-02-17,9.54,9.65,9.46,9.54,660658
2023-02-20,9.54,10.01,9.54,10.01,1097752
2023-02-21,10.13,10.13,9.89,9.93,977459
2023-02-22,9.77,9.93,9.54,9.54,1010375
2023-02-23,9.54,9.73,9.46,9.73,1266714
2023-02-24,9.85,10.28,9.77,10.25,2235611
2023-02-27,10.21,10.21,9.85,9.89,897757
2023-02-28,10.09,10.09,9.46,9.54,1301603
2023-03-01,9.58,9.73,9.46,9.73,649371
2023-03-02,9.81,9.81,9.54,9.58,569698
2023-03-03,9.77,9.77,9.46,9.46,852207
2023-03-06,9.61,9.85,9.58,9.85,936481
2023-03-07,9.85,9.85,9.69,9.77,512095
2023-03-08,9.69,9.81,9.58,9.81,575768
2023-03-09,10.48,10.48,10.48,10.48,1134564
2023-03-10,11.19,11.19,10.8,10.99,5237212
2023-03-13,10.8,10.88,10.25,10.25,2432877
2023-03-14,10.28,10.56,10.01,10.36,1612086
2023-03-15,10.56,10.76,10.36,10.64,1778106
2023-03-16,10.6,10.6,10.28,10.32,1017525
2023-03-17,10.4,10.52,10.25,10.32,790207
2023-03-20,10.32,10.32,9.97,10.01,1318891
2023-03-21,10.09,10.17,9.93,10.17,914539
2023-03-22,10.21,10.52,10.21,10.32,1071883
2023-03-23,10.25,10.32,10.13,10.25,482273
2023-03-24,10.21,10.32,10.17,10.21,723429
2023-03-27,10.25,10.44,10.25,10.4,962921
2023-03-28,10.4,10.48,10.21,10.21,1191682
2023-03-29,10.21,10.4,10.09,10.32,1035452
2023-03-30,10.4,10.44,10.13,10.17,2003525
2023-03-31,10.21,10.21,10.05,10.13,897198
2023-04-03,10.13,10.25,10.09,10.13,1430460
2023-04-04,10.13,10.64,10.13,10.32,1350336
2023-04-05,10.32,10.4,10.25,10.32,1122723
2023-04-06,10.48,10.56,10.36,10.4,2534060
2023-04-07,10.4,10.4,10.28,10.28,1079712
2023-04-10,10.36,10.48,10.25,10.32,1430872
2023-04-11,10.32,10.44,10.25,10.44,1295889
2023-04-12,10.52,10.52,10.32,10.36,1131744
2023-04-13,10.09,10.21,9.81,9.85,4502789
2023-04-14,9.85,9.97,9.61,9.65,1526704
2023-04-17,9.61,9.73,9.54,9.73,1058761
2023-04-18,9.73,9.81,9.61,9.73,564718
2023-04-19,9.73,9.89,9.69,9.77,672773
2023-04-20,9.69,9.81,9.65,9.77,487726
2023-04-21,9.69,9.73,9.65,9.65,482831
2023-04-24,9.65,9.69,9.46,9.5,705830
2023-04-25,9.54,9.69,9.46,9.5,631566
2023-04-26,9.5,9.54,9.42,9.5,540701
2023-04-27,9.5,9.73,9.5,9.61,620728
2023-04-28,9.61,9.69,9.54,9.54,550346
2023-05-04,10.17,10.17,10.05,10.17,1595184
2023-05-05,10.32,10.52,10.01,10.01,1809853
2023-05-08,9.61,9.89,9.61,9.65,2327274
2023-05-09,9.65,9.81,9.61,9.65,723588
2023-05-10,9.65,9.85,9.61,9.77,1136966
2023-05-11,9.77,9.97,9.73,9.77,892731
2023-05-12,9.65,9.77,9.65,9.77,698102
2023-05-15,9.97,9.97,9.77,9.81,1074448
2023-05-16,9.89,10.17,9.85,10.01,2108261
2023-05-17,10.09,10.13,9.85,9.85,1025604
2023-05-18,9.89,9.93,9.81,9.85,641117
2023-05-19,9.93,9.93,9.77,9.81,866846
2023-05-22,9.85,10.01,9.73,10.01,976179
2023-05-23,9.97,10.13,9.89,9.93,671997
2023-05-24,9.93,10.01,9.85,9.85,494674
2023-05-25,9.77,9.89,9.77,9.85,571981
2023-05-26,9.85,10.13,9.85,10.01,1263068
2023-05-29,10.17,10.44,10.01,10.32,2876376
2023-05-30,10.32,10.44,10.21,10.32,1778046
2023-05-31,10.4,10.4,10.25,10.36,1736040
2023-06-01,10.4,10.56,10.36,10.36,1639000
2023-06-02,10.44,10.48,10.32,10.4,1219899
2023-06-05,10.68,10.68,10.44,10.52,2201610
2023-06-06,10.52,10.56,10.36,10.56,1302773
2023-06-07,10.64,10.64,10.48,10.56,1932704
2023-06-08,10.56,11.03,10.52,10.76,3472645
2023-06-09,10.76,10.76,10.56,10.64,1268485
2023-06-12,10.72,10.72,10.48,10.6,1153517
2023-06-13,10.64,10.84,10.64,10.64,1337924
2023-06-14,10.72,10.8,10.48,10.48,1336274
2023-06-15,10.48,10.52,10.4,10.4,1175522
2023-06-16,10.44,10.68,10.4,10.4,2203433
2023-06-19,10.64,10.64,10.44,10.44,900325
2023-06-20,10.48,10.52,10.4,10.52,759035
2023-06-21,10.52,10.56,10.44,10.52,1054947
2023-06-22,10.6,11.23,10.6,10.95,4920532
2023-06-23,10.99,11.27,10.92,11.27,3682955
2023-06-26,11.55,11.82,11.35,11.47,4371519
2023-06-27,11.47,11.59,11.27,11.35,2039168
2023-06-28,11.35,11.62,11.27,11.35,1861471
2023-06-29,11.43,11.51,11.15,11.15,1758377
2023-06-30,11.15,11.19,10.95,10.95,1507394
2023-07-03,10.99,11.15,10.99,11.15,1104431
2023-07-04,11.15,11.51,11.15,11.39,1925626
2023-07-05,11.43,11.51,11.23,11.23,1585687
2023-07-06,10.56,10.88,10.48,10.48,8633400
2023-07-07,10.32,10.44,10.13,10.4,2622934
2023-07-10,10.4,10.64,10.4,10.44,1509828
2023-07-11,10.48,10.52,10.32,10.36,2021647
2023-07-12,10.25,10.4,9.97,10.01,2068006
2023-07-13,10.01,10.05,9.77,9.89,1678865
2023-07-14,9.89,10.4,9.81,10.4,2303391
2023-07-17,10.4,10.44,10.21,10.25,780982
2023-07-18,10.25,10.25,10.09,10.13,598454
2023-07-19,10.17,10.32,10.05,10.25,1013783
2023-07-20,10.25,10.25,10.09,10.17,431901
2023-07-21,10.17,10.25,10.13,10.21,815331
2023-07-24,10.21,10.28,10.17,10.25,939775
2023-07-25,10.64,10.64,10.17,10.28,847186
2023-07-26,10.28,10.36,10.17,10.25,608269
2023-07-27,10.17,10.25,10.09,10.21,933831
2023-07-28,10.09,10.13,9.69,10.13,1633932
2023-07-31,9.85,10.28,9.85,10.17,1364178
2023-08-01,10.17,10.4,10.13,10.36,2764370
2023-08-02,10.36,10.36,9.65,10.17,929056
2023-08-03,10.21,10.25,10.09,10.13,831328
2023-08-04,10.13,10.21,9.93,10.17,880234
2023-08-07,10.17,10.32,10.09,10.17,967629
2023-08-08,10.17,10.52,10.17,10.48,2694069
2023-08-09,10.48,11.11,10.4,10.95,3585867
2023-08-10,10.95,11.03,10.64,10.68,1222070
2023-08-11,10.68,10.68,10.4,10.48,1302138
2023-08-14,10.48,10.88,10.48,10.64,1041774
2023-08-15,10.64,10.76,10.56,10.6,651082
2023-08-16,10.6,10.84,10.56,10.6,1061711
2023-08-17,10.6,10.6,10.36,10.4,1088086
2023-08-18,10.25,10.36,9.69,9.69,2424836
2023-08-21,9.61,9.93,9.61,9.85,884562
2023-08-22,9.85,10.13,9.61,10.13,1056767
2023-08-23,9.97,10.13,9.65,9.85,521428
2023-08-24,9.85,10.01,9.81,9.97,547339
2023-08-25,9.69,9.97,9.58,9.89,414871
2023-08-28,9.89,10.25,9.89,10.17,728933
2023-08-29,10.17,10.17,10.01,10.09,464903
2023-08-30,10.21,10.21,10.01,10.13,485417
2023-08-31,10.13,10.32,10.09,10.25,706962
2023-09-05,10.25,10.8,10.09,10.64,1685715
2023-09-06,10.64,10.72,10.4,10.52,625606
2023-09-07,10.48,10.56,10.4,10.44,1184635
2023-09-08,10.44,10.64,10.44,10.48,872904
2023-09-11,10.72,10.95,10.52,10.52,1992268
2023-09-12,10.56,10.64,9.81,10.28,2332955
2023-09-13,10.4,10.44,10.09,10.17,1204697
2023-09-14,10.17,10.21,9.81,10.01,928906
2023-09-15,10.01,10.13,9.89,10.13,494573
2023-09-18,10.13,10.13,9.97,10.05,338425
2023-09-19,10.05,10.05,9.58,9.97,327869
2023-09-20,9.93,10.13,9.93,10.05,379983
2023-09-21,10.05,10.17,9.85,9.93,595362
2023-09-22,9.93,9.93,9.54,9.77,875387
2023-09-25,9.77,9.97,9.54,9.54,1020852
2023-09-26,9.54,9.58,9.34,9.38,637404
2023-09-27,9.38,9.46,9.22,9.38,580848
2023-09-28,9.38,9.38,9.18,9.22,433412
2023-09-29,9.46,9.46,8.98,9.34,497233
2023-10-02,9.3,9.5,9.3,9.34,259559
2023-10-03,9.34,9.34,8.75,8.98,680075
2023-10-04,8.98,9.18,8.94,8.98,627398
2023-10-05,8.98,9.14,8.98,8.98,258024
2023-10-06,8.98,9.22,8.98,9.18,302191
2023-10-09,9.18,9.3,9.06,9.3,281327
2023-10-10,9.3,9.46,9.14,9.3,237871
2023-10-11,9.14,9.42,9.06,9.22,209380
2023-10-12,9.22,9.34,9.14,9.22,245862
2023-10-13,9.22,9.26,9.06,9.26,198977
2023-10-16,9.34,9.46,9.06,9.14,300277
2023-10-17,9.14,9.18,9.1,9.1,226974
2023-10-18,9.1,9.14,8.67,8.83,615262
2023-10-19,8.83,9.06,8.67,8.67,334015
2023-10-20,8.67,8.83,8.59,8.83,288840
2023-10-23,8.83,8.83,8.67,8.71,210296
2023-10-24,8.71,8.83,8.67,8.83,195490
2023-10-25,8.87,8.94,8.71,8.75,155034
2023-10-26,8.75,8.75,8.24,8.31,622070
2023-10-27,8.31,8.43,8.12,8.35,417521
2023-10-30,8.35,8.35,8.2,8.31,188342
2023-10-31,8.31,8.43,8.04,8.04,410042
2023-11-01,8.12,8.28,7.88,8.08,293285
2023-11-02,8.2,8.55,8.2,8.43,671018
2023-11-03,8.47,8.47,8.12,8.31,576737
2023-11-06,8.31,8.51,8.31,8.35,254002
2023-11-07,8.39,8.39,8.28,8.31,217191
2023-11-08,8.35,8.59,8.28,8.59,352479
2023-11-09,8.67,8.87,8.55,8.79,511600
2023-11-10,8.83,8.83,8.59,8.71,265763
2023-11-13,8.51,8.71,8.51,8.63,199733
2023-11-14,8.67,8.79,8.63,8.63,206234
2023-11-15,8.67,8.83,8.59,8.59,590180
2023-11-16,8.67,8.71,8.59,8.71,206854
2023-11-17,8.67,8.75,8.55,8.55,549155
2023-11-20,8.55,8.71,8.43,8.63,238948
2023-11-21,8.59,8.75,8.55,8.75,356767
2023-11-22,8.75,8.83,8.67,8.75,276038
2023-11-23,8.67,9.1,8.67,8.91,571646
2023-11-24,8.91,8.94,8.75,8.83,254390
2023-11-27,8.75,9.1,8.51,8.91,403401
2023-11-28,8.91,9.06,8.79,8.94,196504
2023-11-29,8.94,9.06,8.87,8.94,181379
2023-11-30,8.98,8.98,8.87,8.87,277080
2023-12-01,8.83,8.91,8.75,8.87,165304
2023-12-04,8.87,9.1,8.67,8.94,433137
2023-12-05,8.94,9.1,8.94,8.98,420039
2023-12-06,8.98,9.06,8.91,8.98,199104
2023-12-07,8.98,8.98,8.83,8.91,260721
2023-12-08,8.91,9.02,8.83,8.91,443483
2023-12-11,8.87,8.87,8.35,8.63,897384
2023-12-12,8.63,8.67,8.51,8.63,373825
2023-12-13,8.63,8.71,8.59,8.67,321505
2023-12-14,8.67,8.71,8.55,8.63,309096
2023-12-15,8.63,8.63,8.55,8.59,317809
2023-12-18,8.55,8.59,8.35,8.47,442663
2023-12-19,8.47,8.51,8.39,8.43,161130
2023-12-20,8.43,8.71,8.39,8.51,244629
2023-12-21,8.59,8.59,8.43,8.59,170034
2023-12-22,8.59,8.67,8.55,8.67,214442
2023-12-25,8.67,9.26,8.63,9.26,533755
2023-12-26,9.26,9.89,9.26,9.89,1966150
2023-12-27,9.89,10.52,9.89,9.93,2490366
2023-12-28,9.93,9.97,9.61,9.73,1036663
2023-12-29,9.73,9.77,9.58,9.65,819213
2024-01-02,9.65,9.81,8.98,9.65,544184
2024-01-03,9.85,10.32,9.65,10.32,2929782
2024-01-04,10.32,10.64,10.21,10.28,1568114
2024-01-05,10.28,10.52,10.01,10.05,875359
2024-01-08,10.05,10.09,9.85,9.89,708647
2024-01-09,9.89,9.97,9.77,9.89,428657
2024-01-10,9.89,9.97,9.77,9.85,468750
2024-01-11,9.85,10.05,9.85,9.97,390133
2024-01-12,9.3,9.97,9.3,9.85,580033
2024-01-15,9.77,9.85,9.69,9.77,313043
2024-01-16,9.77,9.85,9.69,9.85,216171
2024-01-17,9.77,9.93,9.77,9.85,249092
2024-01-18,9.85,9.85,9.77,9.77,285340
2024-01-19,9.85,10.01,9.85,9.89,429774
2024-01-22,9.85,10.01,9.85,9.89,391932
2024-01-23,9.89,9.93,9.81,9.81,392816
2024-01-24,9.81,9.89,9.77,9.77,401358
2024-01-25,9.77,9.85,9.69,9.77,225297
2024-01-26,9.77,9.89,9.77,9.89,274951
2024-01-29,9.89,9.89,9.77,9.81,405630
2024-01-30,9.81,9.93,9.73,9.89,534452
2024-01-31,9.89,9.93,9.81,9.85,368801
2024-02-01,9.85,9.89,9.73,9.81,387253
2024-02-02,9.81,9.89,9.65,9.69,714635
2024-02-05,9.54,9.77,9.54,9.69,459784
2024-02-06,9.69,9.93,9.69,9.93,488296
2024-02-07,9.93,9.97,9.85,9.85,295821
2024-02-15,9.85,10.25,9.85,9.89,488560
2024-02-16,9.97,10.25,9.97,10.13,819556
2024-02-19,10.17,10.25,9.85,10.13,963574
2024-02-20,10.13,10.21,10.05,10.05,640588
2024-02-21,10.05,10.13,9.97,10.01,783244
2024-02-22,10.01,10.01,9.93,9.97,400394
2024-02-23,9.97,10.05,9.85,9.89,470027
2024-02-26,9.89,10.13,9.85,10.09,627858
2024-02-27,10.09,10.13,9.42,10.01,294131
2024-02-28,10.17,10.17,9.97,9.97,495207
2024-02-29,9.97,10.05,9.93,9.97,733926
2024-03-01,10.01,10.17,10.01,10.05,459102
2024-03-04,10.05,10.72,10.05,10.72,3787170
2024-03-05,10.76,10.88,10.56,10.72,1364478
2024-03-06,10.72,10.72,10.25,10.4,824782
2024-03-07,10.44,10.44,10.28,10.32,1253641
2024-03-08,10.28,10.76,10.17,10.56,1020129
2024-03-11,10.56,10.84,10.4,10.6,2151225
2024-03-12,10.6,10.92,10.4,10.72,1018911
2024-03-13,10.72,10.99,10.72,10.8,1012554
2024-03-14,10.8,10.88,10.4,10.64,983814
2024-03-15,10.64,10.68,10.44,10.52,682830
2024-03-18,10.4,10.48,10.17,10.4,889445
2024-03-19,10.44,10.76,10.4,10.52,601220
2024-03-20,10.56,10.72,10.52,10.6,525579
2024-03-21,10.64,10.64,10.56,10.56,696380
2024-03-22,10.56,10.6,10.48,10.56,645190
2024-03-25,10.56,10.72,10.52,10.56,646144
2024-03-26,10.48,10.64,10.48,10.56,483056
2024-03-27,10.56,10.56,10.48,10.52,444471
2024-03-28,10.52,10.6,10.52,10.6,547470
2024-03-29,10.6,10.68,9.89,10.64,697085
2024-04-01,10.64,11.35,10.64,11.35,4189226
2024-04-02,11.35,11.62,11.35,11.55,1663072
2024-04-03,11.55,11.62,11.19,11.19,1621557
2024-04-04,11.19,11.82,11.03,11.82,2447141
2024-04-05,11.82,12.61,11.82,12.61,4642679
2024-04-08,12.61,13.0,12.18,12.77,3836225
2024-04-09,12.77,12.81,12.49,12.65,2061226
2024-04-10,12.65,13.16,12.57,13.08,2817403
2024-04-11,13.08,13.08,12.65,13.08,2271211
2024-04-12,13.08,13.95,13.08,13.95,5476751
2024-04-15,13.91,13.95,13.12,13.16,3728936
2024-04-16,13.12,13.16,12.45,13.0,2766956
2024-04-17,13.0,13.2,12.45,12.57,2445474
2024-04-19,12.22,12.53,11.82,12.37,3890889
2024-04-22,12.25,13.08,12.25,13.04,2059921
2024-04-23,13.04,13.79,12.77,13.24,2962652
2024-04-24,13.24,13.83,13.0,13.44,1912789
2024-04-25,13.44,13.87,13.44,13.63,2843270
2024-04-26,13.79,13.79,13.44,13.59,1543118
2024-05-02,13.59,13.91,13.28,13.63,2041647
2024-05-03,13.71,14.58,13.71,14.58,6744109
2024-05-06,15.53,15.56,14.66,15.56,3920803
2024-05-07,15.56,16.63,15.56,16.12,13296123
2024-05-08,16.12,16.27,15.37,15.53,4623377
2024-05-09,15.53,16.59,15.37,16.39,6583995
2024-05-10,16.79,16.79,15.92,16.0,2519278
2024-05-13,16.0,16.55,15.64,16.23,3925942
2024-05-14,16.23,17.18,16.2,17.18,7219967
2024-05-15,17.18,18.09,16.94,17.18,5404492
2024-05-16,17.22,17.57,16.87,17.18,3150306
2024-05-17,17.18,17.57,16.39,16.94,4714675
2024-05-20,16.94,17.54,16.75,17.34,3679561
2024-05-21,17.34,17.42,16.94,17.3,2595800
2024-05-22,17.3,17.97,17.3,17.81,4162629
2024-05-23,17.81,18.76,17.42,18.68,4034165
2024-05-24,18.76,19.47,18.09,19.07,4657807
2024-05-27,19.07,19.98,18.91,19.82,6722694
2024-05-28,19.94,21.2,19.31,21.2,9325171
2024-05-29,21.2,22.42,21.2,22.3,6454495
2024-05-30,22.3,22.46,21.12,21.83,6121420
2024-05-31,21.83,23.33,21.75,21.91,4056921
2024-06-03,21.99,23.09,21.91,22.93,5412616
2024-06-04,22.93,23.56,22.85,23.29,3716440
2024-06-05,23.29,23.64,22.54,22.93,4174729
2024-06-06,22.93,23.41,21.63,21.99,6964400
2024-06-07,21.44,22.85,21.44,22.85,5300212
2024-06-10,22.85,23.41,22.62,22.82,2409073
2024-06-11,22.82,22.82,22.15,22.38,1829199
2024-06-12,22.38,22.7,21.91,22.46,2000305
2024-06-13,22.46,22.93,22.46,22.78,2417939
2024-06-14,22.78,24.35,22.78,24.12,11344684
2024-06-17,24.12,25.22,24.04,24.75,4217917
2024-06-18,24.83,25.61,24.75,25.61,5039601
2024-06-19,25.53,27.39,25.53,27.39,6197387
2024-06-20,27.43,29.0,27.39,27.94,7785835
2024-06-21,27.94,28.29,26.83,27.7,6838054
2024-06-24,26.8,27.7,25.77,25.77,7650928
2024-06-25,25.77,27.19,24.0,26.8,7703357
2024-06-26,25.85,27.94,25.85,27.03,2915795
2024-06-27,26.8,27.47,26.56,27.07,3060969
2024-06-28,27.07,27.19,25.77,26.16,4258249
2024-07-01,26.13,27.5,26.01,27.19,3024441
2024-07-02,27.19,27.94,27.19,27.43,2675042
2024-07-03,27.43,27.7,26.95,27.03,2026327
2024-07-04,27.03,27.54,26.91,26.95,2175794
2024-07-05,26.95,28.77,26.4,28.65,7539703
2024-07-08,28.77,29.16,27.62,28.06,5635316
2024-07-09,28.06,28.21,27.11,27.23,5580490
2024-07-10,27.23,27.58,26.8,26.95,5127103
2024-07-11,26.95,27.47,26.8,27.27,1489053
2024-07-12,27.27,27.54,27.03,27.15,1888920
2024-07-15,27.15,27.47,26.48,26.48,3049186
2024-07-16,26.48,26.64,24.63,24.63,10559472
2024-07-17,24.59,24.59,22.93,22.93,8182409
2024-07-18,21.48,22.85,21.36,22.15,8828217
2024-07-19,22.11,22.15,20.61,20.61,4586596
2024-07-22,19.31,19.7,19.19,19.19,1200617
2024-07-23,17.85,17.85,17.85,17.85,690806
2024-07-24,16.63,17.81,16.63,17.1,14381502
2024-07-25,17.1,17.1,15.92,15.92,7303548
2024-07-26,15.76,16.75,15.05,16.47,9687249
2024-07-29,16.47,17.61,16.23,17.61,3767330
2024-07-30,17.69,18.84,17.69,17.97,9664648
2024-07-31,18.13,18.68,16.75,16.75,6032914
2024-08-01,16.31,16.75,15.76,16.27,7323177
2024-08-02,16.27,17.38,15.8,17.38,5686541
2024-08-05,17.38,17.38,16.2,16.2,6650030
2024-08-06,16.39,17.3,16.35,17.26,3496098
2024-08-07,17.26,17.57,16.55,16.9,2756282
2024-08-08,16.9,17.14,15.72,15.72,6910733
2024-08-09,15.72,16.16,14.9,15.01,7661345
2024-08-12,15.01,16.04,14.97,16.04,4972086
2024-08-13,16.08,16.51,15.76,16.43,3427108
2024-08-14,16.43,16.55,16.0,16.27,2249508
2024-08-15,16.27,16.27,15.64,16.0,1391046
2024-08-16,16.55,17.1,16.55,16.87,3156522
2024-08-19,16.87,17.3,16.55,16.63,2054911
2024-08-20,16.55,17.77,16.39,17.46,5311124
2024-08-21,17.46,17.65,17.18,17.34,1945490
2024-08-22,17.34,17.73,17.18,17.38,1483990
2024-08-23,17.38,17.38,16.71,17.22,1889980
2024-08-26,16.63,17.26,16.04,16.63,2107830
2024-08-27,16.63,16.79,16.23,16.39,1427930
2024-08-28,16.35,16.87,16.27,16.79,1615975
2024-08-29,16.79,16.94,16.75,16.87,1752943
2024-08-30,16.94,17.61,16.83,17.42,2858289
2024-09-04,17.26,17.26,16.63,16.94,1739339
2024-09-05,16.94,17.22,16.63,16.94,1885181
2024-09-06,16.94,16.94,16.55,16.79,1074690
2024-09-09,16.79,16.87,16.16,16.35,1726425
2024-09-10,16.27,16.47,15.76,16.04,1516029
2024-09-11,16.04,16.59,15.72,16.39,1136156
2024-09-12,16.55,16.71,16.16,16.35,435072
2024-09-13,15.84,16.63,15.84,16.47,918259
2024-09-16,16.43,16.43,15.76,16.27,806396
2024-09-17,16.27,16.47,16.08,16.47,828965
2024-09-18,16.51,17.38,16.51,17.26,3179913
2024-09-19,17.26,17.26,16.98,17.18,934738
2024-09-20,17.18,17.46,16.9,17.14,1209503
2024-09-23,17.14,17.14,16.63,16.71,1235859
2024-09-24,16.71,16.79,16.67,16.79,600543
2024-09-25,16.98,17.14,16.87,17.1,1707960
2024-09-26,17.1,17.14,16.71,16.75,1442183
2024-09-27,16.79,16.94,16.67,16.9,1796970
2024-09-30,16.9,16.94,16.55,16.59,842129
2024-10-01,16.94,17.18,16.59,16.71,875556
2024-10-02,16.71,16.71,16.51,16.51,1454640
2024-10-03,16.59,16.63,16.08,16.16,1758519
2024-10-04,16.16,16.39,15.92,16.04,909340
2024-10-07,16.04,16.39,16.04,16.04,1098082
2024-10-08,16.04,16.23,16.0,16.08,544370
2024-10-09,16.12,16.71,15.05,16.59,1518398
2024-10-10,16.63,16.9,16.59,16.67,950929
2024-10-11,16.67,16.9,16.55,16.55,1060812
2024-10-14,16.55,16.71,16.39,16.51,717733
2024-10-15,16.51,16.51,16.23,16.23,940644
2024-10-16,16.23,16.43,16.16,16.2,640920
2024-10-17,16.23,16.39,15.96,16.23,1067280
2024-10-18,16.23,16.51,16.23,16.31,624197
2024-10-21,16.23,16.47,16.16,16.35,802058
2024-10-22,16.31,16.47,16.23,16.31,750765
2024-10-23,16.16,16.35,16.16,16.23,340085
2024-10-24,16.2,16.31,16.12,16.16,446954
2024-10-25,16.16,16.2,16.0,16.0,743111
2024-10-28,16.0,16.31,16.0,16.23,362471
2024-10-29,16.23,17.34,16.23,17.34,3881354
2024-10-30,17.34,18.09,17.26,17.61,2853777
2024-10-31,17.61,18.48,17.57,18.32,4048433
2024-11-01,18.4,18.4,17.34,17.73,2026180
2024-11-04,16.94,17.73,16.55,17.02,1697107
2024-11-05,17.02,18.01,17.02,17.97,2144334
2024-11-06,18.05,18.52,17.65,17.77,2090667
2024-11-07,17.97,18.68,17.89,18.32,3149215
2024-11-08,18.28,19.58,18.28,19.54,6074429
2024-11-11,19.54,20.49,19.54,20.37,3603059
2024-11-12,20.37,20.88,19.74,19.9,3270716
2024-11-13,19.74,20.49,19.31,20.49,3571683
2024-11-14,20.49,21.59,20.06,20.69,3984914
2024-11-15,20.18,20.57,19.31,20.18,2634181
2024-11-18,19.7,20.73,19.15,20.18,2080587
2024-11-19,20.33,21.12,19.39,19.51,3284953
2024-11-20,19.62,20.29,19.54,20.14,3021113
2024-11-21,20.18,21.08,20.14,20.92,3981728
2024-11-22,21.12,22.38,21.04,21.63,3713103
2024-11-25,21.59,22.54,21.59,22.15,3323587
2024-11-26,22.15,23.01,21.44,21.55,3893523
2024-11-27,21.59,21.91,21.44,21.55,1696056
2024-11-28,21.99,22.46,21.48,21.59,1406459
2024-11-29,21.67,22.22,21.59,21.99,2767720
2024-12-02,22.62,22.78,21.91,22.11,2978230
2024-12-03,22.11,22.42,21.71,21.71,3094363
2024-12-04,21.71,21.79,20.88,21.28,2879851
2024-12-05,21.63,21.83,20.61,20.61,4746619
2024-12-06,20.61,20.88,20.25,20.65,2145880
2024-12-09,20.65,21.52,20.65,21.44,2254511
2024-12-10,21.44,22.19,21.44,21.83,2760521
2024-12-11,21.99,22.07,21.4,21.52,2243363
2024-12-12,21.52,21.67,21.0,21.12,2022702
2024-12-13,21.12,21.28,20.85,20.88,1308042
2024-12-16,20.88,21.63,20.88,21.55,2058852
2024-12-17,21.55,21.75,21.28,21.32,1265459
2024-12-18,21.36,21.67,21.04,21.59,1771780
2024-12-19,21.55,21.67,21.32,21.59,1942353
2024-12-20,21.83,23.09,21.67,23.09,6495562
2024-12-23,23.09,24.71,23.09,24.0,4293835
2024-12-24,23.92,24.04,23.33,23.49,2594397
2024-12-25,23.64,23.76,22.46,22.58,5607959
2024-12-26,22.58,23.01,22.42,22.85,2533162
2024-12-27,23.25,23.25,22.38,22.85,1753384
2024-12-30,23.64,23.64,22.46,22.46,1279064
2024-12-31,22.46,22.58,22.07,22.58,1400537
2025-01-02,22.78,23.41,22.78,23.01,2546616
2025-01-03,23.01,23.01,22.26,22.38,1809250
2025-01-06,21.12,22.42,21.12,21.44,2442056
2025-01-07,21.99,22.93,21.36,21.48,1982692
2025-01-08,21.67,21.99,21.28,21.91,680573
2025-01-09,21.75,21.95,21.67,21.67,803758
2025-01-10,21.63,21.67,21.12,21.12,1425498
2025-01-13,21.12,21.12,20.1,20.49,2027583
2025-01-14,20.49,20.69,19.82,19.9,1740489
2025-01-15,19.94,20.73,19.94,20.69,1322141
2025-01-16,20.73,20.85,20.49,20.85,647348
2025-01-17,20.85,21.44,20.85,21.32,996944
2025-01-20,21.32,21.67,21.08,21.12,609015
2025-01-21,21.12,21.28,20.49,20.77,1156774
2025-01-22,20.81,21.28,20.69,21.28,1429734
2025-01-23,21.28,22.07,21.28,21.36,917937
2025-01-24,21.36,21.48,21.0,21.16,1734728
2025-02-03,21.12,22.62,21.12,21.75,1672172
2025-02-04,21.79,22.22,21.79,21.83,1264692
2025-02-05,21.83,21.87,21.44,21.63,1008632
2025-02-06,21.59,21.75,21.4,21.67,1136046
2025-02-07,21.67,21.99,21.59,21.67,996437
2025-02-10,21.67,21.71,21.0,21.0,1548497
2025-02-11,21.04,21.71,21.04,21.71,1694264
2025-02-12,21.71,21.87,21.44,21.55,457039
2025-02-13,20.96,21.55,20.96,21.48,668112
2025-02-14,21.55,22.97,21.48,22.97,5254064
2025-02-17,23.64,24.04,22.46,22.46,4355117
2025-02-18,22.54,22.93,22.07,22.54,2381274
2025-02-19,22.54,23.09,22.54,22.82,2700601
2025-02-20,22.82,22.97,22.22,22.34,2032589
2025-02-21,22.34,22.7,22.11,22.22,1231885
2025-02-24,22.22,22.3,21.75,21.99,1707247
2025-02-25,21.99,22.38,21.59,22.19,1338453
2025-02-26,22.85,22.85,21.99,22.07,1047318
2025-02-27,22.07,22.07,21.83,22.07,1222548
2025-02-28,22.07,22.22,21.91,21.95,1143385
2025-03-03,22.03,22.07,21.79,21.91,1248545
2025-03-04,21.87,22.54,21.59,22.38,1390920
2025-03-05,22.38,22.85,22.22,22.22,1782530
2025-03-06,22.3,22.85,22.22,22.54,1776041
2025-03-07,22.54,22.62,22.3,22.34,1000272
2025-03-10,22.34,22.85,22.26,22.38,1264173
2025-03-11,22.38,23.41,22.07,23.05,4189919
2025-03-12,23.05,23.33,22.66,22.78,1295600
2025-03-13,22.78,22.85,22.34,22.38,1578370
2025-03-14,22.07,22.46,21.79,21.95,2273681
2025-03-17,21.95,23.17,21.91,22.78,2770737
2025-03-18,22.78,22.85,22.3,22.38,1116357
2025-03-19,22.38,22.38,22.03,22.38,865973
2025-03-20,22.3,22.58,22.11,22.42,669058
2025-03-21,22.38,22.97,22.38,22.7,1999997
2025-03-24,22.7,24.12,22.7,23.6,5424515
2025-03-25,23.6,23.64,23.09,23.17,1840604
2025-03-26,23.17,23.17,22.54,23.01,2122167
2025-03-27,23.01,23.33,22.74,22.74,1660308
2025-03-28,22.85,22.85,22.46,22.7,1596781
2025-03-31,22.7,22.78,22.07,22.78,2499530
2025-04-01,22.78,23.56,22.78,23.13,2208071
2025-04-02,23.13,24.23,22.85,23.6,4241615
2025-04-03,22.85,22.85,21.99,21.99,859067
2025-04-04,20.49,22.82,20.45,22.38,6381289
2025-04-08,22.46,22.46,20.85,20.85,3667289
2025-04-09,20.06,21.16,19.39,20.33,3896416
2025-04-10,21.75,21.75,21.75,21.75,91321
2025-04-11,22.07,23.13,21.79,23.05,4304302
2025-04-14,23.09,24.63,22.7,24.63,10164921
2025-04-15,24.67,25.42,24.04,25.14,4811128
2025-04-16,25.06,25.1,24.04,24.27,4994736
2025-04-17,24.19,25.85,24.08,25.85,4827214
2025-04-18,25.81,26.68,24.43,24.43,5482801
2025-04-21,24.31,24.9,22.74,24.04,3320383
2025-04-22,24.04,25.38,22.42,25.14,7300770
2025-04-23,25.14,26.8,24.75,24.75,1715979
2025-04-24,24.75,25.22,24.43,24.63,1417270
2025-04-25,24.63,24.83,24.08,24.23,2106276
2025-04-28,24.27,25.38,24.23,24.47,2015241
2025-04-29,24.47,25.18,24.43,24.9,1953005
2025-05-05,26.32,26.32,25.42,25.61,2327300
2025-05-06,25.93,26.72,25.77,26.44,4382300
2025-05-07,26.52,27.58,26.52,27.54,6539900
2025-05-08,27.58,27.86,26.99,27.35,2795500
2025-05-09,27.27,27.27,26.4,27.27,3015000
2025-05-12,27.58,27.58,26.83,27.27,1697900
2025-05-13,27.27,27.54,26.95,27.47,2207500
2025-05-14,27.82,27.82,27.11,27.15,2384100
2025-05-15,27.5,27.5,27.11,27.23,2119200
2025-05-16,27.27,27.27,26.8,26.8,2539300
2025-05-19,26.4,27.11,26.13,26.8,3099900
2025-05-20,27.03,27.03,26.83,26.87,1872700
2025-05-21,26.91,28.73,26.91,28.73,7054300
2025-05-22,29.04,30.74,29.04,30.46,5198500
2025-05-23,30.42,30.85,29.55,30.34,2386800
2025-05-26,30.62,30.74,29.95,30.38,1726800
2025-05-27,30.42,31.84,30.38,31.64,3441800
2025-05-28,31.92,32.27,31.17,31.17,3214000
2025-05-29,31.21,31.21,30.22,30.74,3253000
2025-05-30,30.7,30.7,29.67,29.67,3220000
2025-06-02,29.91,30.07,29.71,29.91,3264200
2025-06-03,30.34,31.01,29.24,30.74,4652800
2025-06-04,30.62,30.66,30.03,30.58,1868600
2025-06-05,30.58,30.97,30.46,30.46,2724600
2025-06-06,30.42,30.5,30.11,30.18,1113100
2025-06-09,30.42,31.05,30.11,30.38,2827300
2025-06-10,30.38,31.01,30.38,30.5,1887700
2025-06-11,30.74,30.97,30.42,30.97,2700000
2025-06-12,31.13,31.84,31.13,31.76,2972800
2025-06-13,31.13,31.37,29.95,30.03,5935000
2025-06-16,30.26,30.26,29.4,29.87,3672200
2025-06-17,30.03,30.74,30.03,30.7,3400700
2025-06-18,30.66,31.13,30.38,30.38,1599700
2025-06-19,30.38,30.38,29.63,29.95,2030000
2025-06-20,29.79,29.79,29.63,29.63,1581400
2025-06-23,29.47,29.47,28.45,28.77,3406100
2025-06-24,30.5,30.5,29.59,29.87,2633100
2025-06-25,29.87,29.87,29.47,29.47,2046600
2025-06-26,29.75,30.18,29.55,29.79,1215600
2025-06-27,29.83,29.87,29.47,29.75,1450400
2025-06-30,29.71,30.07,29.4,29.87,1475200
2025-07-01,30.07,30.66,30.03,30.66,3204000
2025-07-02,30.85,30.97,30.34,30.42,1347100
2025-07-03,30.34,30.62,30.18,30.22,1350300
2025-07-04,30.34,30.58,30.18,30.26,1569000
2025-07-07,30.26,30.34,29.95,29.95,1813000
2025-07-08,30.22,30.22,29.87,29.95,2525700
2025-07-09,29.95,30.18,29.95,30.03,2308600
2025-07-10,30.03,30.11,29.79,29.79,1966000
2025-07-11,29.79,29.79,29.32,29.32,3140500
2025-07-14,29.44,29.51,29.36,29.4,1221400
2025-07-15,29.63,29.95,29.59,29.63,2380500
2025-07-16,29.95,29.95,29.71,29.71,1291000
2025-07-17,29.79,29.79,29.51,29.51,2772300
2025-07-18,29.83,29.87,29.47,29.55,3203400
2025-07-21,31.6,31.6,31.6,31.6,761100
2025-07-22,33.7,33.7,32.5,33.1,3865600
2025-07-23,33.4,34.95,33.4,34.0,3057300
2025-07-24,34.45,34.45,33.2,33.2,1106800
2025-07-25,32.9,33.7,32.9,33.55,1376900
2025-07-28,34.1,34.1,33.1,33.5,2443700
2025-07-29,33.55,33.55,32.0,32.0,2659500
2025-07-30,32.5,33.1,32.05,33.1,1668500
2025-07-31,33.5,33.6,32.55,32.8,1626700
2025-08-01,32.95,32.95,32.5,32.5,973100
2025-08-04,32.8,32.9,32.8,32.85,905400
2025-08-05,32.9,33.5,32.9,33.0,1708800
2025-08-06,33.0,33.0,32.8,32.85,969900
2025-08-07,32.9,33.0,32.7,32.75,1297600
2025-08-08,32.75,32.9,32.6,32.75,1706600
2025-08-11,32.7,32.7,32.55,32.65,1211200
2025-08-12,32.65,32.65,32.35,32.4,1403600
2025-08-13,32.3,32.3,31.7,31.75,1995200
2025-08-14,31.8,31.8,31.5,31.55,1472400
2025-08-15,31.55,31.55,30.5,30.5,2224100
2025-08-18,30.4,30.4,29.6,29.65,2876700
2025-08-19,29.8,31.7,29.8,31.7,1048600
2025-08-20,33.7,33.7,31.85,32.5,3283600
2025-08-21,33.0,33.0,32.0,32.05,1386000
2025-08-22,32.0,32.0,30.55,30.85,1234700
2025-08-25,31.05,31.25,30.3,30.4,1003500
2025-08-26,30.3,30.9,30.3,30.65,535000
2025-08-27,31.0,31.0,30.6,30.9,832000
2025-08-28,32.25,32.25,31.0,31.3,1469600
2025-08-29,31.25,31.25,30.8,31.0,1010400
2025-09-03,31.0,31.0,30.8,31.0,776900
2025-09-04,31.05,31.1,30.75,31.05,1094400
2025-09-05,31.0,31.05,30.8,30.95,1153800
2025-09-08,30.8,31.0,30.65,30.8,1214300
2025-09-09,30.7,31.5,30.7,31.5,877600
2025-09-10,32.0,32.4,31.5,32.0,1741700
2025-09-11,32.05,32.95,31.8,32.9,2859400
2025-09-12,33.2,33.95,32.8,33.95,4132500
2025-09-15,35.0,36.3,35.0,36.3,3659100
2025-09-16,38.0,38.45,37.5,38.25,6827400
2025-09-17,38.2,38.2,37.0,37.45,2045600
2025-09-18,37.8,38.0,37.45,37.9,2453800
2025-09-19,38.05,38.05,35.8,35.8,5583700
2025-09-22,36.0,37.5,36.0,37.5,3500600
2025-09-23,38.3,38.3,36.6,38.0,1579000
2025-09-24,37.9,38.2,36.6,38.2,1949700
2025-09-25,37.45,37.95,37.4,37.4,607000
2025-09-26,37.05,37.05,36.5,36.5,903300
2025-09-29,36.7,36.8,35.0,35.0,1355400
2025-09-30,34.2,35.3,34.2,35.0,1312500
2025-10-01,35.0,35.1,34.95,34.95,1023700
2025-10-02,35.0,35.0,34.9,34.9,1078500
2025-10-03,34.5,34.65,34.15,34.15,1022900
2025-10-06,34.2,35.0,34.2,35.0,623000
2025-10-07,35.05,35.05,34.2,34.3,969900
2025-10-08,34.95,34.95,34.7,34.9,523500
2025-10-09,35.0,35.2,34.45,34.7,1056500
2025-10-10,34.8,36.2,34.8,36.2,1039900
2025-10-13,35.4,36.0,35.4,35.7,655100
2025-10-14,35.8,35.95,35.2,35.2,1016200
2025-10-15,35.65,35.7,35.0,35.1,727200
2025-10-16,35.7,35.75,35.5,35.6,559200
2025-10-17,35.6,35.6,35.0,35.0,588100
2025-10-20,35.0,36.25,32.6,32.6,1402300
2025-10-21,34.0,34.5,33.5,34.5,1271700
