time,open,high,low,close,volume
2017-08-03,12.79,12.79,12.79,12.79,100
2017-08-04,14.68,14.68,14.68,14.68,3000
2017-08-07,14.68,14.68,14.68,14.68,500
2017-08-08,14.68,14.68,12.49,12.49,5500
2017-08-09,15.02,15.32,15.02,15.32,10000
2017-08-10,13.73,13.73,13.3,13.3,1500
2017-08-11,13.52,13.52,13.52,13.52,500
2017-08-14,13.3,13.3,13.3,13.3,500
2017-08-15,13.3,13.3,13.3,13.3,0
2017-08-16,13.09,13.09,13.09,13.09,500
2017-08-17,12.87,12.87,12.87,12.87,500
2017-08-18,13.09,13.09,13.09,13.09,2500
2017-08-21,12.87,12.87,12.66,12.66,1200
2017-08-22,12.87,14.59,12.87,14.59,67700
2017-08-23,12.87,12.87,12.66,12.66,5500
2017-08-24,12.87,12.87,12.87,12.87,5000
2017-08-25,12.87,12.87,12.87,12.87,0
2017-08-28,12.87,12.87,12.87,12.87,0
2017-08-29,12.87,12.87,12.87,12.87,0
2017-08-30,11.59,11.59,11.59,11.59,100
2017-08-31,11.59,11.59,11.59,11.59,0
2017-09-01,11.59,11.59,11.59,11.59,0
2017-09-05,13.3,13.3,13.3,13.3,1500
2017-09-06,13.73,13.73,13.73,13.73,5000
2017-09-07,15.79,15.79,15.79,15.79,100
2017-09-08,17.16,17.16,17.16,17.16,100
2017-09-11,19.74,19.74,16.74,16.74,1100
2017-09-12,17.12,17.12,17.12,17.12,0
2017-09-13,14.59,14.59,14.59,14.59,100
2017-09-14,14.59,14.59,14.59,14.59,0
2017-09-15,14.59,14.59,14.59,14.59,0
2017-09-18,15.66,15.66,15.66,15.66,100
2017-09-19,15.66,15.66,15.66,15.66,0
2017-09-20,16.95,16.95,16.95,16.95,100
2017-09-21,14.42,14.42,14.42,14.42,100
2017-09-22,15.88,15.88,15.88,15.88,100
2017-09-25,17.16,17.16,16.95,16.95,400
2017-09-26,16.99,16.99,16.99,16.99,0
2017-09-27,14.46,14.46,14.46,14.46,100
2017-09-28,12.32,16.31,12.32,16.31,300
2017-09-29,17.16,17.16,17.16,17.16,100
2017-10-02,17.16,17.16,17.16,17.16,0
2017-10-03,17.16,17.16,17.16,17.16,0
2017-10-04,17.16,17.16,17.16,17.16,0
2017-10-05,15.45,15.45,15.45,15.45,200
2017-10-06,15.45,15.45,15.45,15.45,0
2017-10-09,15.45,15.45,15.45,15.45,0
2017-10-10,15.45,15.45,15.45,15.45,0
2017-10-11,15.45,15.45,15.45,15.45,0
2017-10-12,15.45,15.45,15.45,15.45,0
2017-10-13,15.45,15.45,15.45,15.45,0
2017-10-16,15.45,15.45,15.45,15.45,0
2017-10-17,15.45,15.45,15.45,15.45,0
2017-10-18,15.45,15.45,15.45,15.45,0
2017-10-19,15.45,15.45,15.45,15.45,0
2017-10-20,15.45,15.45,15.45,15.45,0
2017-10-23,15.45,15.45,15.45,15.45,0
2017-10-24,13.3,13.3,13.3,13.3,2200
2017-10-25,13.3,13.3,13.3,13.3,0
2017-10-26,13.3,13.3,13.3,13.3,0
2017-10-27,13.3,13.3,13.3,13.3,0
2017-10-30,13.3,13.3,13.3,13.3,0
2017-10-31,14.55,14.55,14.55,14.55,100
2017-11-01,16.31,16.31,16.31,16.31,100
2017-11-02,15.15,15.15,15.15,15.15,100
2017-11-03,15.15,15.15,15.15,15.15,0
2017-11-06,15.15,15.15,15.15,15.15,0
2017-11-07,15.15,15.15,15.15,15.15,0
2017-11-08,15.15,15.15,15.15,15.15,0
2017-11-09,15.15,15.15,15.15,15.15,0
2017-11-10,12.92,12.92,12.92,12.92,100
2017-11-13,12.92,12.92,12.92,12.92,0
2017-11-14,14.85,14.85,14.85,14.85,100
2017-11-15,14.85,14.85,14.85,14.85,0
2017-11-16,14.85,14.85,14.85,14.85,0
2017-11-17,14.85,14.85,14.85,14.85,0
2017-11-20,14.85,14.85,14.85,14.85,0
2017-11-21,14.85,14.85,14.85,14.85,0
2017-11-22,14.85,14.85,14.85,14.85,0
2017-11-23,14.85,14.85,14.85,14.85,0
2017-11-24,14.85,14.85,14.85,14.85,0
2017-11-27,14.85,14.85,14.85,14.85,0
2017-11-28,12.87,12.87,12.66,12.66,900
2017-11-29,14.63,14.63,14.63,14.63,100
2017-11-30,16.31,16.31,16.31,16.31,100
2017-12-01,13.86,13.86,13.86,13.86,25500
2017-12-04,13.86,13.86,13.86,13.86,0
2017-12-05,15.66,15.92,15.66,15.92,600
2017-12-06,15.88,15.88,15.88,15.88,0
2017-12-07,15.88,15.88,15.88,15.88,0
2017-12-08,15.88,15.88,15.88,15.88,0
2017-12-11,13.52,13.52,13.52,13.52,600
2017-12-12,12.02,15.53,12.02,15.53,400
2017-12-13,12.92,12.92,12.92,15.53,50
2017-12-14,14.8,14.8,14.8,14.8,100
2017-12-15,14.8,14.8,14.8,14.8,10
2017-12-18,14.8,14.8,14.8,14.8,0
2017-12-19,12.62,12.62,12.62,12.62,200
2017-12-20,12.62,12.62,12.62,12.62,10
2017-12-21,12.62,12.62,12.62,12.62,31
2017-12-22,12.62,12.62,12.62,12.62,0
2017-12-25,14.46,14.46,14.46,14.46,100
2017-12-26,14.46,14.46,14.46,14.46,2500
2017-12-27,14.46,14.46,14.46,14.46,0
2017-12-28,14.46,14.46,14.46,14.46,0
2017-12-29,14.46,14.46,14.46,14.46,0
2018-01-02,14.46,14.46,14.46,14.46,0
2018-01-03,16.31,16.31,16.31,16.31,100
2018-01-04,16.31,16.31,16.31,16.31,0
2018-01-05,16.31,16.31,16.31,16.31,0
2018-01-08,16.31,16.31,16.31,16.31,0
2018-01-09,16.31,16.31,16.31,16.31,0
2018-01-10,16.31,16.31,16.31,16.31,0
2018-01-11,16.31,16.31,16.31,16.31,0
2018-01-12,16.31,16.31,16.31,16.31,0
2018-01-15,15.02,15.02,15.02,15.02,100
2018-01-16,15.02,15.02,15.02,15.02,0
2018-01-17,15.02,15.02,15.02,15.02,0
2018-01-18,15.02,15.02,15.02,15.02,0
2018-01-19,15.02,15.02,15.02,15.02,0
2018-01-22,15.02,15.02,15.02,15.02,0
2018-01-23,15.02,15.02,15.02,15.02,2300
2018-01-24,17.16,17.16,16.52,17.16,2700
2018-01-25,17.16,19.31,17.16,19.31,300
2018-01-26,17.89,17.89,17.89,17.89,0
2018-01-29,15.45,15.45,15.45,15.45,800
2018-01-30,16.26,16.26,16.26,16.26,100
2018-01-31,16.26,16.26,16.26,16.26,0
2018-02-01,16.26,16.26,16.26,16.26,0
2018-02-02,17.37,17.37,17.37,17.37,100
2018-02-05,17.37,17.37,17.37,17.37,0
2018-02-06,14.77,14.77,14.77,14.77,500
2018-02-07,16.97,16.97,16.97,16.97,100
2018-02-08,16.97,16.97,16.97,16.97,0
2018-02-09,16.97,16.97,16.97,16.97,0
2018-02-12,18.73,18.73,18.73,18.73,100
2018-02-13,18.73,18.73,18.73,18.73,0
2018-02-21,18.73,18.73,18.73,18.73,0
2018-02-22,18.73,18.73,18.73,18.73,0
2018-02-23,18.73,18.73,18.73,18.73,0
2018-02-26,18.73,18.73,18.73,18.73,0
2018-02-27,18.73,18.73,18.73,18.73,0
2018-02-28,20.5,20.5,20.5,20.5,100
2018-03-01,20.5,20.5,20.5,20.5,0
2018-03-02,20.5,20.5,20.5,20.5,0
2018-03-05,21.82,21.82,21.82,21.82,100
2018-03-06,21.82,21.82,21.82,21.82,0
2018-03-07,21.82,21.82,21.82,21.82,0
2018-03-08,22.04,24.02,18.56,22.04,7400
2018-03-09,22.04,22.04,17.23,18.51,7900
2018-03-12,21.82,21.82,21.11,21.11,1240
2018-03-13,18.51,22.48,18.51,22.48,300
2018-03-14,20.94,20.94,18.73,20.72,1700
2018-03-15,21.38,21.38,21.38,21.38,200
2018-03-16,21.6,21.6,21.6,21.6,100
2018-03-19,23.8,23.8,23.8,23.8,100
2018-03-20,23.8,23.8,23.8,23.8,0
2018-03-21,23.8,23.8,23.8,23.8,0
2018-03-22,23.8,23.8,23.8,23.8,0
2018-03-23,23.8,23.8,23.8,23.8,0
2018-03-26,23.8,23.8,23.8,23.8,2
2018-03-27,23.8,23.8,23.8,23.8,7
2018-03-28,23.8,23.8,23.8,23.8,0
2018-03-29,26.45,26.45,26.45,26.45,100
2018-03-30,26.45,26.45,26.45,26.45,0
2018-04-02,29.53,29.53,29.53,29.53,100
2018-04-03,29.53,29.53,29.53,29.53,0
2018-04-04,29.53,29.53,29.53,29.53,2
2018-04-05,29.53,29.53,29.53,29.53,0
2018-04-06,29.53,29.53,29.53,29.53,0
2018-04-09,29.53,29.53,29.53,29.53,0
2018-04-10,29.53,29.53,29.53,29.53,0
2018-04-11,29.53,29.53,29.53,29.53,0
2018-04-12,29.53,29.53,29.53,29.53,0
2018-04-13,29.53,29.53,29.53,29.53,2
2018-04-16,29.53,29.53,29.53,29.53,3
2018-04-17,29.53,29.53,29.53,29.53,1
2018-04-18,29.53,29.53,29.53,29.53,0
2018-04-19,29.53,29.53,29.53,29.53,0
2018-04-20,29.53,29.53,29.53,29.53,0
2018-04-23,29.53,29.53,29.53,29.53,0
2018-04-24,29.53,29.53,29.53,29.53,0
2018-04-26,29.53,29.53,29.53,29.53,1
2018-04-27,29.53,29.53,29.53,29.53,0
2018-05-02,25.12,25.12,25.12,25.12,100
2018-05-03,25.12,25.12,25.12,25.12,2
2018-05-04,25.12,25.12,25.12,25.12,2
2018-05-07,25.12,25.12,25.12,25.12,0
2018-05-08,25.12,25.12,25.12,25.12,0
2018-05-09,21.38,21.6,21.38,21.6,1000
2018-05-10,21.42,21.42,21.42,21.42,0
2018-05-11,21.42,21.42,21.42,21.42,0
2018-05-14,21.42,21.42,21.42,21.42,0
2018-05-15,21.16,21.16,21.16,21.16,2000
2018-05-16,21.16,21.16,21.16,21.16,0
2018-05-17,21.16,21.16,21.16,21.16,0
2018-05-18,21.16,21.16,21.16,21.16,0
2018-05-21,21.16,21.16,21.16,21.16,0
2018-05-22,21.16,21.16,21.16,21.16,0
2018-05-23,21.16,21.16,21.16,21.16,2
2018-05-24,21.16,21.16,21.16,21.16,0
2018-05-25,18.03,18.03,17.98,17.98,2000
2018-05-28,20.05,20.5,20.05,20.5,2400
2018-05-29,17.32,17.32,17.32,17.32,100
2018-05-30,17.63,19.39,17.63,19.39,700
2018-05-31,19.13,19.13,19.13,19.13,0
2018-06-01,19.13,19.13,19.13,19.13,0
2018-06-04,19.13,19.13,19.13,19.13,0
2018-06-05,16.26,16.26,16.26,16.26,100
2018-06-06,16.75,16.75,16.75,16.75,200
2018-06-07,14.24,14.24,14.24,14.24,100
2018-06-08,12.12,12.12,12.12,12.12,100
2018-06-11,13.93,13.93,13.93,13.93,100
2018-06-12,13.93,13.93,13.93,13.93,0
2018-06-13,15.87,15.87,15.87,15.87,100
2018-06-14,17.63,17.63,17.63,17.63,100
2018-06-15,17.63,17.63,17.63,17.63,0
2018-06-18,17.63,17.63,17.63,17.63,0
2018-06-19,17.63,17.63,17.63,17.63,0
2018-06-20,17.63,17.63,17.63,17.63,10
2018-06-21,17.63,17.63,17.63,17.63,0
2018-06-22,18.95,18.95,18.95,18.95,2080
2018-06-25,18.95,18.95,18.95,18.95,0
2018-06-26,18.95,18.95,18.95,18.95,0
2018-06-27,18.95,18.95,18.95,18.95,0
2018-06-28,18.95,18.95,18.95,18.95,0
2018-06-29,18.95,18.95,18.95,18.95,10
2018-07-02,18.95,18.95,18.95,18.95,0
2018-07-03,18.95,18.95,18.95,18.95,0
2018-07-04,18.95,18.95,18.95,18.95,0
2018-07-05,18.95,18.95,18.95,18.95,0
2018-07-06,18.95,18.95,18.95,18.95,0
2018-07-09,18.95,18.95,18.95,18.95,0
2018-07-10,18.95,18.95,18.95,18.95,0
2018-07-11,18.95,18.95,18.95,18.95,0
2018-07-12,18.95,18.95,18.95,18.95,0
2018-07-13,17.63,17.63,17.63,17.63,810
2018-07-16,17.63,17.63,17.63,17.63,0
2018-07-17,17.63,17.63,17.63,17.63,2
2018-07-18,17.63,17.63,17.63,17.63,0
2018-07-19,17.63,17.63,17.63,17.63,0
2018-07-20,17.63,17.63,17.63,17.63,0
2018-07-23,17.63,17.63,17.63,17.63,0
2018-07-24,17.15,17.15,17.15,17.15,0
2018-07-25,17.63,17.63,17.63,17.63,0
2018-07-26,17.63,17.63,17.63,17.63,0
2018-07-27,17.63,17.63,17.63,17.63,0
2018-07-30,18.13,18.13,18.13,18.13,102
2018-07-31,18.13,18.13,18.13,18.13,0
2018-08-01,18.13,18.13,18.13,18.13,0
2018-08-02,18.13,18.13,18.13,18.13,0
2018-08-03,18.13,18.13,18.13,18.13,0
2018-08-06,18.13,18.13,18.13,18.13,0
2018-08-07,18.13,18.13,18.13,18.13,0
2018-08-08,18.13,18.13,18.13,18.13,0
2018-08-09,18.13,18.13,18.13,18.13,0
2018-08-10,18.13,18.13,18.13,18.13,0
2018-08-13,18.13,18.13,18.13,18.13,0
2018-08-14,18.13,18.13,18.13,18.13,0
2018-08-15,18.13,18.13,18.13,18.13,0
2018-08-16,18.13,18.13,18.13,18.13,0
2018-08-17,18.13,18.13,18.13,18.13,0
2018-08-20,20.4,20.4,20.4,20.4,5100
2018-08-21,20.4,20.4,20.4,20.4,100
2018-08-22,20.4,23.11,20.4,23.11,4803
2018-08-23,21.17,21.17,21.17,21.17,0
2018-08-24,21.17,21.17,21.17,21.17,0
2018-08-27,21.3,24.34,21.17,24.34,11100
2018-08-28,23.66,23.66,23.66,24.34,65
2018-08-29,23.7,23.7,23.7,23.7,1300
2018-08-30,23.7,23.7,23.7,23.7,20
2018-08-31,23.79,23.79,23.79,23.79,1765
2018-09-04,23.79,23.79,23.79,23.79,0
2018-09-05,23.79,23.79,23.79,23.79,0
2018-09-06,23.79,23.79,23.79,23.79,0
2018-09-07,23.79,23.79,23.79,23.79,0
2018-09-10,23.98,23.98,23.98,23.98,200
2018-09-11,24.02,27.56,24.02,27.56,2700
2018-09-12,25.02,25.02,25.02,25.02,0
2018-09-13,25.02,25.02,25.02,25.02,0
2018-09-14,25.02,25.02,25.02,25.02,0
2018-09-17,25.02,25.02,25.02,25.02,0
2018-09-18,25.02,25.02,25.02,25.02,0
2018-09-19,25.06,25.06,25.06,25.06,100
2018-09-20,25.06,25.06,25.06,25.06,0
2018-09-21,25.06,25.06,25.06,25.06,100
2018-09-24,25.11,25.11,25.11,25.11,100
2018-09-25,26.29,26.74,26.29,26.74,2000
2018-09-26,26.51,26.51,26.51,26.51,100
2018-09-27,26.51,26.51,26.51,26.51,1200
2018-09-28,26.51,26.51,26.51,26.51,0
2018-10-01,26.56,26.56,26.56,26.56,100
2018-10-02,26.56,26.56,26.56,26.56,0
2018-10-03,26.56,26.56,26.56,26.56,0
2018-10-04,27.19,29.46,27.19,29.46,1900
2018-10-05,24.47,24.47,24.47,24.47,2050
2018-10-08,24.47,24.47,24.47,24.47,0
2018-10-09,27.65,28.15,27.65,28.1,400
2018-10-10,28.01,28.01,28.01,28.01,2400
2018-10-11,28.01,28.01,28.01,28.01,8300
2018-10-12,28.1,28.1,28.01,28.01,3400
2018-10-15,28.01,28.01,28.01,28.01,100
2018-10-16,28.01,28.01,28.01,28.01,200
2018-10-17,28.01,28.01,28.01,28.01,1000
2018-10-18,28.01,28.01,28.01,28.01,0
2018-10-19,28.01,28.01,28.01,28.01,0
2018-10-22,28.01,28.01,28.01,28.01,0
2018-10-23,28.01,28.01,28.01,28.01,0
2018-10-24,28.01,28.01,28.01,28.01,0
2018-10-25,31.73,31.73,31.27,31.73,1300
2018-10-26,31.45,31.45,31.45,31.45,0
2018-10-29,31.45,31.45,31.45,31.45,0
2018-10-30,31.45,31.45,31.45,31.45,100
2018-10-31,34.4,34.4,31.45,31.45,1500
2018-11-01,34.4,34.4,31.45,31.45,1500
2018-11-02,33.4,33.4,33.4,33.4,900
2018-11-05,33.4,33.4,33.4,33.4,100
2018-11-06,33.4,33.54,28.55,28.55,51100
2018-11-07,28.69,28.69,28.69,28.69,0
2018-11-08,32.95,32.95,31.77,32.95,13600
2018-11-09,34.45,37.39,31.73,37.16,71300
2018-11-12,38.07,38.52,38.07,38.52,900
2018-11-13,39.43,40.79,39.43,40.79,500
2018-11-14,39.97,42.6,39.97,42.6,500
2018-11-15,39.88,41.24,39.88,41.24,800
2018-11-16,40.79,40.79,40.79,40.79,2000
2018-11-19,41.7,41.7,41.7,41.7,400
2018-11-20,35.44,35.44,35.44,35.44,1400
2018-11-21,35.44,35.44,35.44,35.44,0
2018-11-22,35.44,35.44,35.44,35.44,0
2018-11-23,30.37,30.37,30.37,30.37,200
2018-11-26,30.37,30.37,30.37,30.37,0
2018-11-27,30.37,30.37,30.37,30.37,0
2018-11-28,34.45,34.45,25.83,25.83,200
2018-11-29,34.63,34.63,34.63,34.63,100
2018-11-30,34.63,34.63,34.63,34.63,1100
2018-12-03,35.8,35.8,34.63,34.63,1800
2018-12-04,38.52,39.88,35.03,39.88,48100
2018-12-05,39.88,40.79,39.48,40.79,33900
2018-12-06,39.88,40.79,39.88,39.88,35800
2018-12-07,34.45,41.24,34.45,41.24,3100
2018-12-10,32.81,38.57,32.81,38.57,2100
2018-12-11,37.62,37.62,37.62,37.62,100
2018-12-12,40.79,40.79,32.0,40.79,57600
2018-12-13,40.61,41.7,40.61,40.61,8000
2018-12-14,35.35,41.7,35.35,39.88,7200
2018-12-17,40.38,39.88,39.88,39.88,0
2018-12-18,40.38,40.38,40.38,40.38,1210
2018-12-19,40.38,41.92,34.45,40.38,10410
2018-12-20,39.43,40.38,40.38,40.38,0
2018-12-21,39.43,40.38,40.38,40.38,0
2018-12-24,39.43,40.38,40.38,40.38,0
2018-12-25,39.43,40.38,40.38,40.38,0
2018-12-26,42.6,42.6,38.52,42.6,1900
2018-12-27,42.6,43.51,38.93,38.93,4600
2018-12-28,43.96,43.96,43.96,43.96,100
2019-01-02,37.62,37.62,37.62,37.62,600
2019-01-03,32.18,32.18,32.0,32.0,2500
2019-01-04,29.46,29.46,29.46,29.46,200
2019-01-07,25.83,25.83,25.83,25.83,600
2019-01-08,22.21,22.21,22.21,22.21,300
2019-01-09,22.21,22.21,22.21,22.21,0
2019-01-10,22.21,22.21,22.21,22.21,0
2019-01-11,22.21,22.21,22.21,22.21,0
2019-01-14,22.21,22.21,22.21,22.21,0
2019-01-15,22.21,22.72,22.72,22.72,0
2019-01-16,22.21,22.72,22.72,22.72,0
2019-01-17,22.21,22.72,22.72,22.72,0
2019-01-18,22.21,22.21,22.21,22.72,1
2019-01-21,22.21,22.72,22.72,22.72,0
2019-01-22,22.21,22.72,22.72,22.72,0
2019-01-23,22.21,22.72,22.72,22.72,0
2019-01-24,22.21,22.72,22.72,22.72,0
2019-01-25,22.21,22.72,22.72,22.72,0
2019-01-28,22.21,22.72,22.72,22.72,0
2019-01-29,22.21,22.72,22.72,22.72,0
2019-01-30,22.21,22.72,22.72,22.72,0
2019-01-31,25.5,25.5,19.47,19.47,2000
2019-02-01,22.49,19.47,19.47,19.47,0
2019-02-11,22.49,19.47,19.47,19.47,0
2019-02-12,22.49,19.47,19.47,19.47,0
2019-02-13,22.49,19.47,19.47,19.47,0
2019-02-14,22.49,19.47,19.47,19.47,0
2019-02-15,22.49,19.47,19.47,19.47,0
2019-02-18,22.49,22.49,22.49,22.49,1000
2019-02-19,22.49,22.49,22.49,22.49,0
2019-02-20,22.49,22.49,22.49,22.49,0
2019-02-21,22.49,22.49,22.49,22.49,0
2019-02-22,22.49,22.49,22.49,22.49,0
2019-02-25,22.49,22.49,22.49,22.49,0
2019-02-26,22.49,22.49,22.49,22.49,0
2019-02-27,22.49,22.49,22.49,22.49,0
2019-02-28,22.49,22.49,22.49,22.49,0
2019-03-01,22.49,22.49,22.49,22.49,0
2019-03-04,22.49,22.49,22.49,22.49,0
2019-03-05,19.94,19.94,19.94,19.94,100
2019-03-06,20.03,20.03,20.03,20.03,100
2019-03-07,20.03,20.03,20.03,20.03,0
2019-03-08,20.03,20.03,20.03,20.03,0
2019-03-11,20.03,20.03,20.03,20.03,0
2019-03-12,20.86,20.86,20.86,20.86,100
2019-03-13,20.86,20.86,20.86,20.86,0
2019-03-14,23.97,23.97,23.97,23.97,1500
2019-03-15,27.54,27.54,27.54,27.54,100
2019-03-18,31.66,31.66,31.66,31.66,800
2019-03-19,36.39,36.39,36.39,36.39,2300
2019-03-20,36.39,36.39,36.39,36.39,4600
2019-03-21,36.39,36.39,36.35,36.39,6000
2019-03-22,36.39,36.39,36.39,36.39,0
2019-03-25,36.39,41.82,36.39,41.82,1500
2019-03-26,32.5,32.5,32.5,32.5,200
2019-03-27,32.92,32.92,32.92,32.92,1500
2019-03-28,37.09,37.09,37.09,37.09,100
2019-03-29,37.04,41.26,37.04,37.04,1400
2019-04-01,36.86,36.86,36.86,36.86,500
2019-04-02,37.09,37.09,37.09,37.09,100
2019-04-03,37.09,37.09,37.09,37.09,15
2019-04-04,31.76,31.76,31.76,31.76,100
2019-04-05,27.4,27.4,27.4,27.4,100
2019-04-08,31.48,31.48,28.37,28.37,200
2019-04-09,29.67,29.67,29.67,29.67,4400
2019-04-10,29.67,29.67,29.67,29.67,0
2019-04-11,29.67,29.67,29.67,29.67,0
2019-04-12,29.67,29.67,29.67,29.67,0
2019-04-16,29.67,29.67,29.67,29.67,0
2019-04-17,29.67,29.67,29.67,29.67,0
2019-04-18,29.67,29.67,29.67,29.67,0
2019-04-19,29.67,29.67,29.67,29.67,6
2019-04-22,29.62,29.62,29.62,29.62,27600
2019-04-23,29.9,29.9,29.72,29.72,29100
2019-04-24,32.45,32.45,25.5,25.5,5000
2019-04-25,29.16,29.16,29.16,25.5,1
2019-04-26,29.16,25.5,25.5,25.5,0
2019-05-02,29.16,25.5,25.5,25.5,0
2019-05-03,30.13,30.13,29.21,29.21,300
2019-05-06,29.53,29.21,29.21,29.21,0
2019-05-07,29.53,29.53,29.53,29.21,1
2019-05-08,29.53,29.21,29.21,29.21,0
2019-05-09,29.53,29.21,29.21,29.21,0
2019-05-10,29.53,29.21,29.21,29.21,0
2019-05-13,29.53,29.21,29.21,29.21,0
2019-05-14,29.53,29.21,29.21,29.21,0
2019-05-15,29.53,29.21,29.21,29.21,0
2019-05-16,29.53,29.21,29.21,29.21,0
2019-05-17,25.13,25.13,25.13,25.13,100
2019-05-20,28.28,28.28,28.28,28.28,300
2019-05-21,28.28,28.28,28.28,28.28,0
2019-05-22,28.28,28.28,28.28,28.28,0
2019-05-23,28.28,28.28,28.28,28.28,0
2019-05-24,28.28,28.28,28.28,28.28,0
2019-05-27,28.28,28.28,28.28,28.28,0
2019-05-28,28.28,28.28,28.28,28.28,0
2019-05-29,32.45,32.45,32.45,32.45,100
2019-05-30,32.45,32.45,32.45,32.45,0
2019-05-31,32.45,32.45,32.45,32.45,200
2019-06-03,32.45,32.45,32.45,32.45,144
2019-06-04,32.45,32.45,32.45,32.45,0
2019-06-05,32.45,32.45,32.45,32.45,0
2019-06-06,37.04,37.04,37.04,37.04,100
2019-06-07,37.04,37.04,37.04,37.04,600
2019-06-10,37.04,37.04,37.04,37.04,0
2019-06-11,37.04,37.04,37.04,37.04,0
2019-06-12,37.04,37.04,37.04,37.04,1000
2019-06-13,37.04,37.04,37.04,37.04,0
2019-06-14,37.04,37.04,37.04,37.04,0
2019-06-17,37.04,37.04,37.04,37.04,0
2019-06-18,37.04,37.04,37.04,37.04,0
2019-06-19,37.04,37.04,37.04,37.04,0
2019-06-20,37.04,37.04,37.04,37.04,0
2019-06-21,37.04,37.04,37.04,37.04,0
2019-06-24,37.04,37.04,37.04,37.04,0
2019-06-25,37.04,37.04,37.04,37.04,0
2019-06-26,37.04,37.04,37.04,37.04,0
2019-06-27,37.04,37.04,37.04,37.04,0
2019-06-28,37.04,37.04,37.04,37.04,0
2019-07-01,37.04,37.04,37.04,37.04,0
2019-07-02,37.04,37.04,37.04,37.04,0
2019-07-03,35.47,35.47,35.47,35.47,100
2019-07-04,35.47,35.47,35.47,35.47,0
2019-07-05,37.09,37.09,34.54,34.54,5800
2019-07-08,35.84,34.54,34.54,34.54,0
2019-07-09,35.84,34.54,34.54,34.54,0
2019-07-10,35.84,34.54,34.54,34.54,0
2019-07-11,35.84,34.54,34.54,34.54,0
2019-07-12,35.84,34.54,34.54,34.54,0
2019-07-15,35.84,34.54,34.54,34.54,0
2019-07-16,35.84,34.54,34.54,34.54,0
2019-07-17,35.84,34.54,34.54,34.54,0
2019-07-18,35.84,34.54,34.54,34.54,0
2019-07-19,35.84,34.54,34.54,34.54,0
2019-07-22,35.84,34.54,34.54,34.54,0
2019-07-23,35.84,35.04,35.04,35.04,0
2019-07-24,35.84,35.04,35.04,35.04,0
2019-07-25,35.84,35.04,35.04,35.04,0
2019-07-26,35.84,35.04,35.04,35.04,0
2019-07-29,35.84,35.04,35.04,35.04,0
2019-07-30,35.84,35.04,35.04,35.04,0
2019-07-31,35.84,35.04,35.04,35.04,0
2019-08-01,35.84,35.04,35.04,35.04,0
2019-08-02,35.84,35.04,35.04,35.04,0
2019-08-05,35.84,35.04,35.04,35.04,0
2019-08-06,35.84,35.04,35.04,35.04,0
2019-08-07,35.84,35.04,35.04,35.04,0
2019-08-08,35.84,35.04,35.04,35.04,0
2019-08-09,35.84,35.04,35.04,35.04,0
2019-08-12,35.84,35.04,35.04,35.04,0
2019-08-13,35.84,35.84,35.84,35.84,40000
2019-08-14,35.84,35.84,35.84,35.84,0
2019-08-15,35.84,35.84,35.84,35.84,0
2019-08-16,35.84,35.84,35.84,35.84,0
2019-08-19,35.84,35.84,35.84,35.84,0
2019-08-20,35.84,35.84,35.84,35.84,0
2019-08-21,35.84,35.84,35.84,35.84,0
2019-08-22,35.84,35.84,35.84,35.84,0
2019-08-23,30.57,30.57,30.57,30.57,100
2019-08-26,29.63,29.63,29.63,29.63,40000
2019-08-27,29.63,29.63,29.63,29.63,0
2019-08-28,29.63,29.63,29.63,29.63,0
2019-08-29,34.05,34.05,34.05,34.05,500
2019-08-30,34.05,34.05,34.05,34.05,0
2019-09-03,34.05,34.05,34.05,34.05,0
2019-09-04,34.05,34.05,34.05,34.05,0
2019-09-05,34.05,34.05,34.05,34.05,0
2019-09-06,34.05,34.05,34.05,34.05,0
2019-09-09,34.05,34.05,34.05,34.05,0
2019-09-10,34.05,34.05,34.05,34.05,0
2019-09-11,34.05,34.05,34.05,34.05,0
2019-09-12,34.05,34.05,34.05,34.05,0
2019-09-13,34.05,34.05,34.05,34.05,0
2019-09-16,34.05,34.05,34.05,34.05,0
2019-09-17,34.05,34.05,34.05,34.05,0
2019-09-18,34.05,34.05,34.05,34.05,0
2019-09-19,34.05,34.05,34.05,34.05,0
2019-09-20,34.05,34.05,34.05,34.05,0
2019-09-23,34.05,34.05,34.05,34.05,0
2019-09-24,34.05,34.05,34.05,34.05,0
2019-09-25,34.05,34.05,34.05,34.05,0
2019-09-26,36.92,36.92,36.92,36.92,2200
2019-09-27,39.03,39.03,39.03,39.03,300
2019-09-30,39.03,39.03,39.03,39.03,0
2019-10-01,39.03,39.03,39.03,39.03,0
2019-10-02,39.03,39.03,39.03,39.03,3300
2019-10-03,39.03,39.03,39.03,39.03,0
2019-10-04,39.03,39.03,39.03,39.03,0
2019-10-07,39.03,39.03,39.03,39.03,2
2019-10-08,39.03,39.03,39.03,39.03,0
2019-10-09,39.03,39.03,39.03,39.03,0
2019-10-10,39.03,39.03,39.03,39.03,0
2019-10-11,39.03,39.03,39.03,39.03,0
2019-10-14,39.03,39.03,39.03,39.03,400
2019-10-15,39.03,39.03,39.03,39.03,0
2019-10-16,39.03,39.03,39.03,39.03,0
2019-10-17,39.03,39.03,39.03,39.03,0
2019-10-18,39.03,39.03,39.03,39.03,0
2019-10-21,39.03,39.03,39.03,39.03,0
2019-10-22,39.03,39.03,39.03,39.03,0
2019-10-23,39.03,39.03,39.03,39.03,0
2019-10-24,39.03,39.03,39.03,39.03,0
2019-10-25,39.03,39.03,39.03,39.03,0
2019-10-28,39.03,39.03,39.03,39.03,400
2019-10-29,39.03,39.03,39.03,39.03,0
2019-10-30,39.03,39.03,39.03,39.03,0
2019-10-31,39.03,39.03,39.03,39.03,100
2019-11-01,39.03,39.03,39.03,39.03,0
2019-11-04,39.03,39.03,39.03,39.03,0
2019-11-05,39.03,39.03,39.03,39.03,0
2019-11-06,39.97,39.97,33.63,33.63,1700
2019-11-07,37.34,33.63,33.63,33.63,0
2019-11-08,37.34,33.63,33.63,33.63,0
2019-11-11,37.34,33.63,33.63,33.63,0
2019-11-12,37.34,33.63,33.63,33.63,0
2019-11-13,37.34,33.63,33.63,33.63,0
2019-11-14,37.34,33.63,33.63,33.63,0
2019-11-15,37.34,33.63,33.63,33.63,0
2019-11-18,37.34,37.34,37.34,37.34,550
2019-11-19,37.34,37.34,37.34,37.34,0
2019-11-20,37.34,37.34,37.34,37.34,0
2019-11-21,37.34,37.34,37.34,37.34,0
2019-11-22,40.44,40.44,31.98,31.98,1600
2019-11-25,36.73,31.98,31.98,31.98,0
2019-11-26,36.73,31.98,31.98,31.98,0
2019-11-27,36.73,31.98,31.98,31.98,0
2019-11-28,36.73,31.98,31.98,31.98,0
2019-11-29,36.73,31.98,31.98,31.98,0
2019-12-02,36.73,36.73,36.73,36.73,0
2019-12-03,36.73,31.98,31.98,31.98,0
2019-12-04,36.73,31.98,31.98,31.98,0
2019-12-05,36.73,31.98,31.98,31.98,0
2019-12-06,36.73,36.73,36.73,31.98,1
2019-12-09,36.73,31.98,31.98,31.98,0
2019-12-10,36.73,36.73,36.73,31.98,6
2019-12-11,36.73,31.98,31.98,31.98,0
2019-12-12,36.73,31.98,31.98,31.98,0
2019-12-13,36.73,31.98,31.98,31.98,0
2019-12-16,36.73,31.98,31.98,31.98,0
2019-12-17,36.73,31.98,31.98,31.98,0
2019-12-18,36.73,31.98,31.98,31.98,0
2019-12-19,36.73,31.98,31.98,31.98,0
2019-12-20,36.73,32.52,32.52,32.52,0
2019-12-23,39.93,39.93,39.93,39.93,23200
2019-12-24,40.22,40.22,40.22,40.22,6801
2019-12-25,40.12,43.04,36.82,36.82,9300
2019-12-26,40.17,36.82,36.82,36.82,0
2019-12-27,40.17,36.82,36.82,36.82,0
2019-12-30,40.17,36.82,36.82,36.82,0
2019-12-31,40.27,44.0,40.17,44.0,1200
2020-01-02,39.21,39.21,39.21,39.21,100
2020-01-03,39.21,39.21,39.21,39.21,0
2020-01-06,39.21,39.21,39.21,39.21,0
2020-01-07,39.21,39.21,39.21,39.21,0
2020-01-08,39.21,39.21,39.21,39.21,0
2020-01-09,39.21,39.21,39.21,39.21,0
2020-01-10,39.21,39.21,39.21,39.21,0
2020-01-13,39.21,39.21,39.21,39.21,0
2020-01-14,39.21,39.21,39.21,39.21,0
2020-01-15,39.21,39.21,39.21,39.21,0
2020-01-16,42.08,42.08,42.08,42.08,1200
2020-01-17,42.08,42.08,42.08,42.08,0
2020-01-20,42.08,42.08,42.08,42.08,0
2020-01-21,42.08,42.08,42.08,42.08,0
2020-01-22,42.08,42.08,42.08,42.08,0
2020-01-30,42.08,42.08,42.08,42.08,0
2020-01-31,42.08,42.08,42.08,42.08,0
2020-02-03,42.08,42.08,42.08,42.08,0
2020-02-04,42.08,42.08,42.08,42.08,0
2020-02-05,42.08,42.08,42.08,42.08,0
2020-02-06,42.08,42.08,37.3,37.3,300
2020-02-07,40.51,37.3,37.3,37.3,0
2020-02-10,40.51,37.3,37.3,37.3,0
2020-02-11,40.51,37.3,37.3,37.3,0
2020-02-12,40.51,37.3,37.3,37.3,0
2020-02-13,40.51,37.3,37.3,37.3,0
2020-02-14,40.51,37.3,37.3,37.3,0
2020-02-17,40.51,37.3,37.3,37.3,0
2020-02-18,40.51,37.3,37.3,37.3,0
2020-02-19,40.51,37.3,37.3,37.3,0
2020-02-20,40.51,37.3,37.3,37.3,0
2020-02-21,40.51,37.3,37.3,37.3,0
2020-02-24,40.51,37.3,37.3,37.3,0
2020-02-25,40.51,37.3,37.3,37.3,0
2020-02-26,40.51,37.3,37.3,37.3,0
2020-02-27,40.51,40.51,40.51,37.3,3
2020-02-28,42.56,42.56,38.21,38.21,1200
2020-03-02,40.41,38.21,38.21,38.21,0
2020-03-03,40.41,38.21,38.21,38.21,0
2020-03-04,40.41,38.21,38.21,38.21,0
2020-03-05,40.41,40.41,40.41,38.21,1
2020-03-06,40.41,40.41,40.41,38.21,1
2020-03-09,40.41,38.21,38.21,38.21,0
2020-03-10,40.41,38.21,38.21,38.21,0
2020-03-11,40.41,38.21,38.21,38.21,0
2020-03-12,40.41,38.21,38.21,38.21,0
2020-03-13,40.41,38.21,38.21,38.21,0
2020-03-16,40.41,38.21,38.21,38.21,0
2020-03-17,40.41,38.21,38.21,38.21,0
2020-03-18,40.41,38.21,38.21,38.21,0
2020-03-19,40.41,38.21,38.21,38.21,0
2020-03-20,40.41,38.21,38.21,38.21,0
2020-03-23,40.41,38.21,38.21,38.21,0
2020-03-24,40.41,38.21,38.21,38.21,0
2020-03-25,40.41,38.21,38.21,38.21,0
2020-03-26,40.41,38.21,38.21,38.21,0
2020-03-27,40.41,38.21,38.21,38.21,0
2020-03-30,40.41,38.21,38.21,38.21,0
2020-03-31,40.41,38.21,38.21,38.21,0
2020-04-01,40.41,38.21,38.21,38.21,0
2020-04-03,40.41,38.21,38.21,38.21,0
2020-04-06,40.41,38.21,38.21,38.21,0
2020-04-07,40.41,38.21,38.21,38.21,0
2020-04-08,40.41,38.21,38.21,38.21,0
2020-04-09,40.41,38.21,38.21,38.21,0
2020-04-10,40.41,38.21,38.21,38.21,0
2020-04-13,40.41,40.41,40.41,40.41,1600
2020-04-14,40.41,40.41,40.41,40.41,4
2020-04-15,40.41,40.41,40.41,40.41,0
2020-04-16,40.41,40.41,40.41,40.41,0
2020-04-17,41.61,41.61,41.61,41.61,100
2020-04-20,41.61,41.61,41.61,41.61,0
2020-04-21,41.61,41.61,41.61,41.61,0
2020-04-22,41.61,41.61,41.61,41.61,0
2020-04-23,41.61,41.61,41.61,41.61,0
2020-04-24,41.61,41.61,41.61,41.61,0
2020-04-27,41.61,41.61,41.61,41.61,0
2020-04-28,41.61,41.61,41.61,41.61,0
2020-04-29,41.61,41.61,41.61,41.61,0
2020-05-04,41.61,41.61,41.61,41.61,0
2020-05-05,41.61,41.61,41.61,41.61,0
2020-05-06,41.61,41.61,41.61,41.61,0
2020-05-07,41.61,41.61,41.61,41.61,0
2020-05-08,41.61,41.61,41.61,41.61,5
2020-05-11,41.61,41.61,41.61,41.61,0
2020-05-12,42.94,42.94,42.94,42.94,100
2020-05-13,42.94,42.94,42.94,42.94,1
2020-05-14,42.94,42.94,42.94,42.94,0
2020-05-15,42.94,42.94,42.94,42.94,0
2020-05-18,42.94,42.94,42.94,42.94,0
2020-05-19,42.94,42.94,42.94,42.94,0
2020-05-20,42.94,42.94,42.94,42.94,0
2020-05-21,42.94,42.94,42.94,42.94,0
2020-05-22,49.35,49.35,41.13,41.13,700
2020-05-25,42.32,41.13,41.13,41.13,0
2020-05-26,42.32,41.13,41.13,41.13,0
2020-05-27,42.32,41.13,41.13,41.13,0
2020-05-28,42.32,41.13,41.13,41.13,0
2020-05-29,42.32,41.13,41.13,41.13,0
2020-06-01,42.32,41.13,41.13,41.13,0
2020-06-02,42.32,41.13,41.13,41.13,0
2020-06-03,36.82,36.82,36.82,36.82,100
2020-06-04,36.82,36.82,36.82,36.82,0
2020-06-05,36.82,36.82,36.82,36.82,0
2020-06-08,36.82,36.82,36.82,36.82,0
2020-06-09,36.82,36.82,36.82,36.82,0
2020-06-10,36.82,36.82,36.82,36.82,0
2020-06-11,41.61,41.61,41.61,41.61,110
2020-06-12,41.61,41.61,41.61,41.61,0
2020-06-15,41.61,41.61,41.61,41.61,0
2020-06-16,41.61,41.61,41.61,41.61,0
2020-06-17,41.61,41.61,41.61,41.61,0
2020-06-18,41.61,41.61,41.61,41.61,0
2020-06-19,41.61,41.61,41.61,41.61,0
2020-06-22,41.61,41.61,41.61,41.61,0
2020-06-23,41.61,41.61,41.61,41.61,0
2020-06-24,41.61,41.61,41.61,41.61,0
2020-06-25,41.61,41.61,41.61,41.61,0
2020-06-26,41.61,41.61,41.61,41.61,0
2020-06-29,41.61,41.61,41.61,41.61,1
2020-06-30,41.61,41.61,41.61,41.61,0
2020-07-01,41.61,41.61,41.61,41.61,0
2020-07-02,41.61,41.61,41.61,41.61,0
2020-07-03,41.61,41.61,41.61,41.61,11
2020-07-06,41.13,41.13,41.13,41.13,600
2020-07-07,41.13,41.13,41.13,41.13,0
2020-07-08,41.13,41.13,41.13,41.13,0
2020-07-09,41.13,41.13,41.13,41.13,0
2020-07-10,41.13,41.13,41.13,41.13,0
2020-07-13,45.43,45.43,45.43,45.43,10000
2020-07-14,45.43,45.43,45.43,45.43,0
2020-07-15,45.43,45.43,45.43,45.43,0
2020-07-16,45.43,45.43,45.43,45.43,1
2020-07-17,45.43,45.43,45.43,45.43,500
2020-07-20,45.43,45.43,45.43,45.43,0
2020-07-21,45.43,45.43,45.43,45.43,0
2020-07-22,43.04,43.04,38.64,45.43,208
2020-07-23,34.72,34.72,34.72,34.72,700
2020-07-24,30.13,39.21,29.55,39.21,700
2020-07-27,35.15,35.15,34.86,35.15,1100
2020-07-28,35.01,35.01,35.01,35.01,500
2020-07-29,38.21,38.21,38.21,38.21,100
2020-07-30,33.48,33.48,33.48,33.48,650
2020-07-31,35.63,38.26,35.63,38.26,1100
2020-08-03,35.96,41.13,35.96,41.13,300
2020-08-04,39.41,39.41,39.41,41.13,1
2020-08-05,39.41,41.13,41.13,41.13,0
2020-08-06,45.29,45.29,33.62,33.62,300
2020-08-07,33.48,33.48,33.48,33.48,100
2020-08-10,38.5,38.5,38.5,38.5,170
2020-08-11,34.43,34.43,34.43,34.43,200
2020-08-12,34.43,34.43,34.43,34.43,0
2020-08-13,34.43,34.43,34.43,34.43,0
2020-08-14,34.43,34.43,34.43,34.43,0
2020-08-17,34.43,34.43,34.43,34.43,0
2020-08-18,34.43,34.43,34.43,34.43,0
2020-08-19,34.43,34.43,34.43,34.43,100
2020-08-20,34.43,34.43,34.43,34.43,0
2020-08-21,34.43,34.43,34.43,34.43,0
2020-08-24,33.24,33.24,33.24,33.24,100
2020-08-25,34.43,34.43,34.43,34.43,100
2020-08-26,35.15,35.15,35.15,35.15,100
2020-08-27,35.15,35.15,35.15,35.15,1
2020-08-28,34.86,40.41,34.86,40.41,310
2020-08-31,34.91,42.23,34.91,42.23,2010
2020-09-01,40.22,42.23,42.23,42.23,0
2020-09-03,40.22,42.23,42.23,42.23,0
2020-09-04,42.04,42.04,42.04,42.04,100
2020-09-07,42.04,42.04,42.04,42.04,0
2020-09-08,42.04,42.04,42.04,42.04,0
2020-09-09,42.04,42.04,42.04,42.04,0
2020-09-10,42.04,42.04,42.04,42.04,0
2020-09-11,35.77,35.77,35.77,35.77,250
2020-09-14,35.77,35.77,35.77,35.77,19
2020-09-15,31.32,31.32,31.32,31.32,100
2020-09-16,31.32,31.32,31.32,31.32,20
2020-09-17,31.32,31.32,31.32,31.32,0
2020-09-18,31.32,31.32,31.32,31.32,0
2020-09-21,35.96,35.96,35.96,35.96,100
2020-09-22,40.12,40.12,40.12,40.12,100
2020-09-23,40.12,40.12,40.12,40.12,0
2020-09-24,40.12,40.12,40.12,40.12,0
2020-09-25,40.12,40.12,40.12,40.12,0
2020-09-28,40.12,40.12,40.12,40.12,0
2020-09-29,40.12,40.12,40.12,40.12,0
2020-09-30,40.12,40.12,40.12,40.12,0
2020-10-01,40.12,40.12,40.12,40.12,0
2020-10-02,34.15,34.15,34.15,34.15,600
2020-10-05,34.15,34.15,34.15,34.15,0
2020-10-06,34.15,34.15,34.15,34.15,0
2020-10-07,34.15,34.15,34.15,34.15,0
2020-10-08,34.15,34.15,34.15,34.15,0
2020-10-09,29.03,29.03,29.03,29.03,2100
2020-10-12,29.03,29.03,29.03,29.03,0
2020-10-13,29.03,29.03,29.03,29.03,0
2020-10-14,29.03,29.03,29.03,29.03,0
2020-10-15,29.03,29.03,29.03,29.03,0
2020-10-16,33.33,33.33,33.33,33.33,100
2020-10-19,33.33,33.33,33.33,33.33,0
2020-10-20,33.33,33.33,33.33,33.33,0
2020-10-21,33.33,33.33,33.33,33.33,0
2020-10-22,33.33,33.33,33.33,33.33,0
2020-10-23,33.33,33.33,33.33,33.33,0
2020-10-26,33.33,33.33,33.33,33.33,0
2020-10-27,33.33,33.33,33.33,33.33,0
2020-10-28,33.33,33.33,33.33,33.33,0
2020-10-29,33.33,33.33,33.33,33.33,0
2020-10-30,33.33,33.33,33.33,33.33,0
2020-11-02,33.33,33.33,33.33,33.33,0
2020-11-03,33.33,33.33,33.33,33.33,0
2020-11-04,33.33,33.33,33.33,33.33,0
2020-11-05,33.33,33.33,33.33,33.33,0
2020-11-06,33.33,33.33,33.33,33.33,0
2020-11-09,33.33,33.33,33.33,33.33,0
2020-11-10,33.33,33.33,33.33,33.33,0
2020-11-11,33.33,33.33,33.33,33.33,0
2020-11-12,33.33,33.33,33.33,33.33,0
2020-11-13,33.33,33.33,33.33,33.33,0
2020-11-16,33.33,33.33,33.33,33.33,0
2020-11-17,33.33,33.33,33.33,33.33,0
2020-11-18,33.33,33.33,33.33,33.33,0
2020-11-19,33.33,33.33,33.33,33.33,0
2020-11-20,33.33,33.33,33.33,33.33,0
2020-11-23,33.33,33.33,33.33,33.33,0
2020-11-24,33.33,33.33,33.33,33.33,0
2020-11-25,33.33,33.33,33.33,33.33,0
2020-11-26,33.33,33.33,33.33,33.33,0
2020-11-27,33.33,33.33,33.33,33.33,0
2020-11-30,33.33,33.33,33.33,33.33,0
2020-12-01,33.33,33.33,33.33,33.33,0
2020-12-02,33.33,33.33,33.33,33.33,0
2020-12-03,33.33,33.33,33.33,33.33,0
2020-12-04,33.33,33.33,33.33,33.33,0
2020-12-07,33.33,33.33,33.33,33.33,0
2020-12-08,33.33,33.33,33.33,33.33,0
2020-12-09,33.33,33.33,33.33,33.33,0
2020-12-10,33.33,33.33,33.33,33.33,0
2020-12-11,38.16,38.16,38.16,38.16,100
2020-12-14,38.16,38.16,38.16,38.16,0
2020-12-15,38.16,38.16,38.16,38.16,0
2020-12-16,38.16,38.16,38.16,38.16,0
2020-12-17,38.16,38.16,38.16,38.16,0
2020-12-18,38.16,38.16,38.16,38.16,100
2020-12-21,38.16,38.16,38.16,38.16,0
2020-12-22,38.16,38.16,38.16,38.16,0
2020-12-23,38.16,38.16,38.16,38.16,0
2020-12-24,38.16,38.16,38.16,38.16,0
2020-12-25,37.73,43.85,37.73,43.85,1110
2020-12-28,42.75,43.85,43.85,43.85,0
2020-12-29,42.75,43.85,43.85,43.85,0
2020-12-30,42.75,43.85,43.85,43.85,0
2020-12-31,42.75,43.85,43.85,43.85,0
2021-01-04,42.75,43.85,43.85,43.85,0
2021-01-05,42.75,43.85,43.85,43.85,0
2021-01-06,42.75,43.85,43.85,43.85,0
2021-01-07,42.75,42.75,42.75,42.75,0
2021-01-08,42.75,43.85,43.85,43.85,0
2021-01-11,42.75,43.85,43.85,43.85,0
2021-01-12,42.75,43.85,43.85,43.85,0
2021-01-13,42.75,43.85,43.85,43.85,0
2021-01-14,42.75,43.85,43.85,43.85,0
2021-01-15,42.75,43.85,43.85,43.85,0
2021-01-18,42.75,43.85,43.85,43.85,0
2021-01-19,42.75,43.85,43.85,43.85,0
2021-01-20,42.75,43.85,43.85,43.85,0
2021-01-21,42.75,43.85,43.85,43.85,0
2021-01-22,42.75,42.75,42.75,42.75,0
2021-01-25,42.75,43.85,43.85,43.85,0
2021-01-26,42.75,43.85,43.85,43.85,0
2021-01-27,42.75,43.85,43.85,43.85,0
2021-01-28,42.75,43.85,43.85,43.85,0
2021-01-29,42.75,43.85,43.85,43.85,0
2021-02-01,42.75,43.85,43.85,43.85,0
2021-02-02,42.75,43.85,43.85,43.85,0
2021-02-03,42.75,43.85,43.85,43.85,0
2021-02-04,42.75,43.85,43.85,43.85,0
2021-02-05,42.75,43.85,43.85,43.85,0
2021-02-08,42.75,43.85,43.85,43.85,0
2021-02-09,42.75,43.85,43.85,43.85,0
2021-02-17,42.75,42.75,42.75,42.75,0
2021-02-18,42.75,43.85,43.85,43.85,0
2021-02-19,42.75,42.75,42.75,43.85,1
2021-02-22,42.75,43.85,43.85,43.85,0
2021-02-23,42.75,43.85,43.85,43.85,0
2021-02-24,42.75,43.85,43.85,43.85,0
2021-02-25,42.75,43.85,43.85,43.85,0
2021-02-26,42.75,43.85,43.85,43.85,0
2021-03-01,42.75,43.85,43.85,43.85,0
2021-03-02,42.75,43.85,43.85,43.85,0
2021-03-03,42.75,43.85,43.85,43.85,0
2021-03-04,42.75,43.85,43.85,43.85,0
2021-03-05,42.75,43.85,43.85,43.85,0
2021-03-08,42.75,43.85,43.85,43.85,0
2021-03-09,42.75,43.85,43.85,43.85,0
2021-03-10,42.75,43.85,43.85,43.85,0
2021-03-11,42.75,43.85,43.85,43.85,0
2021-03-12,42.75,43.85,43.85,43.85,0
2021-03-15,42.75,43.85,43.85,43.85,0
2021-03-16,42.75,43.85,43.85,43.85,0
2021-03-17,42.75,43.85,43.85,43.85,0
2021-03-18,42.75,43.85,43.85,43.85,0
2021-03-19,42.75,43.85,43.85,43.85,0
2021-03-22,42.75,43.85,43.85,43.85,0
2021-03-23,42.75,43.85,43.85,43.85,0
2021-03-24,42.75,43.85,43.85,43.85,0
2021-03-25,42.75,43.85,43.85,43.85,0
2021-03-26,42.75,43.85,43.85,43.85,0
2021-03-29,42.75,43.85,43.85,43.85,0
2021-03-30,42.75,43.85,43.85,43.85,0
2021-03-31,42.75,43.85,43.85,43.85,0
2021-04-01,42.75,43.85,43.85,43.85,0
2021-04-02,42.75,43.85,43.85,43.85,0
2021-04-05,42.75,43.85,43.85,43.85,0
2021-04-06,42.75,43.85,43.85,43.85,0
2021-04-07,42.75,43.85,43.85,43.85,0
2021-04-08,42.75,43.85,43.85,43.85,0
2021-04-09,42.75,43.85,43.85,43.85,0
2021-04-12,42.75,43.85,43.85,43.85,0
2021-04-13,42.75,43.85,43.85,43.85,0
2021-04-14,42.75,43.85,43.85,43.85,0
2021-04-15,42.75,43.85,43.85,43.85,0
2021-04-16,42.75,43.85,43.85,43.85,0
2021-04-19,42.75,43.85,43.85,43.85,0
2021-04-20,42.75,43.85,43.85,43.85,0
2021-04-22,42.75,43.85,43.85,43.85,0
2021-04-23,42.75,43.85,43.85,43.85,0
2021-04-26,42.75,43.85,43.85,43.85,0
2021-04-27,42.75,43.85,43.85,43.85,0
2021-04-28,42.75,43.85,43.85,43.85,0
2021-04-29,42.75,43.85,43.85,43.85,0
2021-05-04,42.75,43.85,43.85,43.85,0
2021-05-05,42.75,43.85,43.85,43.85,0
2021-05-06,42.75,43.85,43.85,43.85,0
2021-05-07,42.75,43.85,43.85,43.85,0
2021-05-10,42.75,43.85,43.85,43.85,0
2021-05-11,42.75,43.85,43.85,43.85,0
2021-05-12,42.75,43.85,43.85,43.85,0
2021-05-13,42.75,43.85,43.85,43.85,0
2021-05-14,42.75,43.85,43.85,43.85,0
2021-05-17,42.75,43.85,43.85,43.85,0
2021-05-18,42.75,43.85,43.85,43.85,0
2021-05-19,42.75,43.85,43.85,43.85,0
2021-05-20,42.75,43.85,43.85,43.85,0
2021-05-21,36.35,36.35,36.35,36.35,200
2021-05-24,36.35,36.35,36.35,36.35,0
2021-05-25,36.35,36.35,36.35,36.35,0
2021-05-26,36.35,36.35,36.35,36.35,0
2021-05-27,36.35,36.35,36.35,36.35,0
2021-05-28,36.35,36.35,36.35,36.35,0
2021-05-31,36.35,36.35,36.35,36.35,3
2021-06-01,36.35,36.35,36.35,36.35,0
2021-06-02,36.35,36.35,36.35,36.35,0
2021-06-03,36.35,36.35,36.35,36.35,0
2021-06-04,41.61,41.8,41.61,41.8,4181
2021-06-07,48.06,48.06,48.06,48.06,6802
2021-06-08,55.24,55.24,55.24,55.24,2210
2021-06-09,46.96,46.96,46.96,46.96,711
2021-06-10,39.93,39.93,39.93,39.93,500
2021-06-11,39.88,39.93,39.88,39.93,900
2021-06-14,33.95,38.26,33.95,38.26,2200
2021-06-15,38.26,38.26,38.26,38.26,2009
2021-06-16,38.5,38.5,38.26,38.26,4400
2021-06-17,38.35,38.35,38.35,38.26,1
2021-06-18,38.35,38.35,38.35,38.26,29
2021-06-21,33.48,40.65,33.48,40.65,9800
2021-06-22,33.62,40.65,40.65,40.65,0
2021-06-23,33.62,40.65,40.65,40.65,0
2021-06-24,33.62,40.65,40.65,40.65,0
2021-06-25,29.17,29.17,29.17,29.17,200
2021-06-28,29.17,29.17,29.17,29.17,22
2021-06-29,29.17,29.17,29.17,29.17,300
2021-06-30,29.17,29.17,29.17,29.17,0
2021-07-01,29.17,29.17,29.17,29.17,200
2021-07-02,29.17,29.17,29.17,29.17,0
2021-07-05,29.17,29.17,29.17,29.17,0
2021-07-06,29.17,29.17,29.17,29.17,100
2021-07-07,29.17,29.17,29.17,29.17,0
2021-07-08,29.17,29.17,29.17,29.17,0
2021-07-09,29.17,29.17,29.17,29.17,0
2021-07-12,29.17,29.65,29.17,29.41,1400
2021-07-13,29.51,29.41,29.41,29.41,0
2021-07-14,29.51,29.41,29.41,29.41,0
2021-07-15,29.51,29.41,29.41,29.41,0
2021-07-16,29.51,29.41,29.41,29.41,0
2021-07-19,33.91,33.91,33.48,33.48,210
2021-07-20,38.74,38.74,35.63,35.63,521
2021-07-21,37.35,35.63,35.63,35.63,0
2021-07-22,37.35,35.63,35.63,35.63,0
2021-07-23,37.35,35.63,35.63,35.63,0
2021-07-26,37.35,35.63,35.63,35.63,0
2021-07-27,37.35,35.63,35.63,35.63,0
2021-07-28,37.35,35.63,35.63,35.63,0
2021-07-29,37.35,35.63,35.63,35.63,0
2021-07-30,37.35,35.63,35.63,35.63,0
2021-08-02,37.35,37.35,37.35,37.35,0
2021-08-03,37.35,35.63,35.63,35.63,0
2021-08-04,37.35,35.63,35.63,35.63,0
2021-08-05,37.35,35.63,35.63,35.63,0
2021-08-06,32.52,32.57,31.75,31.75,3600
2021-08-09,32.09,31.75,31.75,31.75,0
2021-08-10,32.09,31.75,31.75,31.75,0
2021-08-11,32.09,31.75,31.75,31.75,0
2021-08-12,32.09,31.75,31.75,31.75,0
2021-08-13,32.04,32.09,27.31,32.09,4300
2021-08-16,31.18,32.09,32.09,32.09,0
2021-08-17,31.18,32.09,32.09,32.09,0
2021-08-18,31.18,32.09,32.09,32.09,0
2021-08-19,31.18,32.09,32.09,32.09,0
2021-08-20,28.69,31.18,28.69,28.74,2510
2021-08-23,29.89,28.74,28.74,28.74,0
2021-08-24,29.89,28.74,28.74,28.74,0
2021-08-25,29.89,28.74,28.74,28.74,0
2021-08-26,29.89,28.74,28.74,28.74,0
2021-08-27,29.65,30.13,29.65,30.13,2400
2021-08-30,29.7,29.7,29.7,29.7,0
2021-08-31,29.7,29.7,29.7,29.7,0
2021-09-01,29.7,29.7,29.7,29.7,0
2021-09-06,29.7,30.13,30.13,30.13,0
2021-09-07,29.7,30.13,30.13,30.13,0
2021-09-08,29.7,29.7,29.7,29.7,0
2021-09-09,29.7,29.7,29.7,29.7,0
2021-09-10,29.7,29.7,29.7,29.7,0
2021-09-13,29.7,29.7,29.7,29.7,0
2021-09-14,29.7,29.7,29.7,29.7,0
2021-09-15,29.7,29.7,29.7,29.7,0
2021-09-16,29.7,29.7,29.7,29.7,0
2021-09-17,25.82,29.7,25.82,29.7,1300
2021-09-20,29.12,29.12,29.12,29.12,0
2021-09-21,29.12,29.12,29.12,29.12,0
2021-09-22,29.12,29.12,29.12,29.12,0
2021-09-23,29.12,29.12,29.12,29.12,0
2021-09-24,29.12,29.12,29.12,29.12,0
2021-09-27,29.12,29.12,29.12,29.12,0
2021-09-28,29.12,29.12,29.12,29.12,0
2021-09-29,29.12,29.12,29.12,29.12,0
2021-09-30,29.12,29.12,29.12,29.12,0
2021-10-01,24.87,26.3,24.77,26.3,700
2021-10-04,25.2,25.2,25.2,25.2,0
2021-10-05,25.2,25.2,25.2,25.2,0
2021-10-06,25.2,25.2,25.2,25.2,0
2021-10-07,25.2,25.2,25.2,25.2,0
2021-10-08,25.2,25.2,25.2,25.2,0
2021-10-11,25.2,25.2,25.2,25.2,0
2021-10-12,25.2,25.2,25.2,25.2,0
2021-10-13,25.2,25.2,25.2,25.2,0
2021-10-14,25.2,25.2,25.2,25.2,0
2021-10-15,26.3,26.3,26.3,26.3,100
2021-10-18,26.3,26.3,26.3,26.3,0
2021-10-19,26.3,26.3,26.3,26.3,0
2021-10-20,26.3,26.3,26.3,26.3,0
2021-10-21,26.3,26.3,26.3,26.3,0
2021-10-22,27.74,27.74,27.74,27.74,1000
2021-10-25,27.74,27.74,27.74,27.74,0
2021-10-26,27.74,27.74,27.74,27.74,0
2021-10-27,27.74,27.74,27.74,27.74,0
2021-10-28,27.74,27.74,27.74,27.74,0
2021-10-29,27.74,27.74,27.74,27.74,0
2021-11-01,27.74,27.74,27.74,27.74,0
2021-11-02,27.74,27.74,27.74,27.74,0
2021-11-03,27.74,27.74,27.74,27.74,0
2021-11-04,27.74,27.74,27.74,27.74,0
2021-11-05,26.78,26.78,26.78,26.78,200
2021-11-08,26.78,26.78,26.78,26.78,0
2021-11-09,26.78,26.78,26.78,26.78,0
2021-11-10,26.78,26.78,26.78,26.78,0
2021-11-11,26.78,26.78,26.78,26.78,0
2021-11-12,22.95,26.78,22.95,26.78,600
2021-11-15,23.58,23.58,23.58,23.58,0
2021-11-16,23.58,23.58,23.58,23.58,0
2021-11-17,23.58,23.58,23.58,23.58,0
2021-11-18,23.58,23.58,23.58,23.58,0
2021-11-19,23.58,23.58,23.58,23.58,0
2021-11-22,23.58,23.58,23.58,23.58,0
2021-11-23,23.58,23.58,23.58,23.58,0
2021-11-24,23.58,23.58,23.58,23.58,0
2021-11-25,23.58,23.58,23.58,23.58,0
2021-11-26,23.43,23.43,23.43,23.43,4000
2021-11-29,23.43,23.43,23.43,23.43,0
2021-11-30,23.43,23.43,23.43,23.43,0
2021-12-01,23.43,23.43,23.43,23.43,0
2021-12-02,23.43,23.43,23.43,23.43,0
2021-12-03,19.99,19.99,19.99,19.99,100
2021-12-06,19.99,19.99,19.99,19.99,0
2021-12-07,19.99,19.99,19.99,19.99,0
2021-12-08,19.99,19.99,19.99,19.99,0
2021-12-09,19.99,19.99,19.99,19.99,0
2021-12-10,19.99,19.99,19.99,19.99,0
2021-12-13,19.99,19.99,19.99,19.99,0
2021-12-14,19.99,19.99,19.99,19.99,0
2021-12-15,19.99,19.99,19.99,19.99,0
2021-12-16,19.99,19.99,19.99,19.99,0
2021-12-17,19.99,19.99,19.99,19.99,0
2021-12-20,19.99,19.99,19.99,19.99,0
2021-12-21,19.99,19.99,19.99,19.99,0
2021-12-22,19.99,19.99,19.99,19.99,0
2021-12-23,19.99,19.99,19.99,19.99,0
2021-12-24,19.99,19.99,19.99,19.99,0
2021-12-27,17.02,17.02,17.02,17.02,100
2021-12-28,19.56,19.56,19.56,19.56,1000
2021-12-29,22.48,22.48,22.48,22.48,500
2021-12-30,23.91,23.91,23.91,23.91,300
2021-12-31,26.3,26.3,26.3,26.3,300
2022-01-04,26.3,26.3,26.3,26.3,0
2022-01-05,26.3,26.3,26.3,26.3,0
2022-01-06,26.3,26.3,26.3,26.3,0
2022-01-07,26.3,26.3,26.3,26.3,0
2022-01-10,26.3,26.3,26.3,26.3,0
2022-01-11,27.26,27.26,27.26,27.26,200
2022-01-12,27.26,27.26,27.26,27.26,0
2022-01-13,27.26,27.26,27.26,27.26,0
2022-01-14,27.26,27.26,27.26,27.26,0
2022-01-17,27.26,27.26,27.26,27.26,0
2022-01-18,27.26,27.26,27.26,27.26,0
2022-01-19,27.26,27.26,27.26,27.26,0
2022-01-20,27.26,27.26,27.26,27.26,0
2022-01-21,27.26,27.26,27.26,27.26,0
2022-01-24,27.26,27.26,27.26,27.26,0
2022-01-25,27.26,27.26,27.26,27.26,0
2022-01-26,27.26,27.26,27.26,27.26,0
2022-01-27,27.26,27.26,27.26,27.26,1
2022-01-28,27.26,27.26,27.26,27.26,0
2022-02-07,28.69,28.69,28.69,28.69,100
2022-02-08,28.69,28.69,28.69,28.69,0
2022-02-09,28.69,28.69,28.69,28.69,0
2022-02-10,28.69,28.69,28.69,28.69,0
2022-02-11,28.69,28.69,28.69,28.69,0
2022-02-14,28.69,28.69,28.69,28.69,0
2022-02-15,28.69,28.69,28.69,28.69,0
2022-02-16,28.69,28.69,28.69,28.69,0
2022-02-17,28.69,28.69,28.69,28.69,0
2022-02-18,28.69,28.69,28.69,28.69,0
2022-02-21,28.69,28.69,28.69,28.69,0
2022-02-22,28.69,28.69,28.69,28.69,0
2022-02-23,28.69,28.69,28.69,28.69,0
2022-02-24,28.69,28.69,28.69,28.69,0
2022-02-25,28.69,28.69,28.69,28.69,0
2022-02-28,28.69,28.69,28.69,28.69,0
2022-03-01,28.69,28.69,28.69,28.69,0
2022-03-02,28.69,28.69,28.69,28.69,0
2022-03-03,28.69,28.69,28.69,28.69,0
2022-03-04,28.69,28.69,28.69,28.69,0
2022-03-07,28.69,28.69,28.69,28.69,0
2022-03-08,28.69,28.69,28.69,28.69,28
2022-03-09,28.69,28.69,28.69,28.69,0
2022-03-10,28.69,28.69,28.69,28.69,0
2022-03-11,32.47,32.47,32.47,32.47,400
2022-03-14,32.47,32.47,32.47,32.47,0
2022-03-15,32.47,32.47,32.47,32.47,0
2022-03-16,32.47,32.47,32.47,32.47,0
2022-03-17,31.37,31.56,31.37,31.56,200
2022-03-18,31.47,31.47,31.47,31.47,0
2022-03-21,31.47,31.47,31.47,31.47,0
2022-03-22,31.47,31.47,31.47,31.47,0
2022-03-23,31.47,31.47,31.47,31.47,0
2022-03-24,31.47,31.47,31.47,31.47,0
2022-03-25,31.47,31.47,31.47,31.47,0
2022-03-28,31.47,31.47,31.47,31.47,0
2022-03-29,31.47,31.47,31.47,31.47,0
2022-03-30,31.47,31.47,31.47,31.47,0
2022-03-31,35.63,35.63,35.63,35.63,111
2022-04-01,35.63,35.63,35.63,35.63,0
2022-04-04,35.63,35.87,35.63,35.87,420
2022-04-05,35.77,35.77,35.77,35.77,1
2022-04-06,35.77,35.77,35.77,35.77,0
2022-04-07,35.77,35.77,35.77,35.77,0
2022-04-08,35.77,35.77,35.77,35.77,10
2022-04-12,35.77,35.77,35.77,35.77,0
2022-04-13,35.77,35.77,35.77,35.77,0
2022-04-14,35.77,35.77,35.77,35.77,0
2022-04-15,35.77,35.77,35.77,35.77,0
2022-04-18,35.77,35.77,35.77,35.77,0
2022-04-19,35.77,35.77,35.77,35.77,0
2022-04-20,35.77,35.77,35.77,35.77,0
2022-04-21,35.77,35.77,35.77,35.77,0
2022-04-22,35.77,35.77,35.77,35.77,0
2022-04-25,35.77,35.77,35.77,35.77,0
2022-04-26,35.77,35.77,35.77,35.77,0
2022-04-27,35.77,35.77,35.77,35.77,0
2022-04-28,35.77,35.77,35.77,35.77,0
2022-04-29,35.77,35.77,35.77,35.77,0
2022-05-04,35.77,35.77,35.77,35.77,0
2022-05-05,35.77,35.77,35.77,35.77,0
2022-05-06,35.77,35.77,35.77,35.77,0
2022-05-09,35.77,35.77,35.77,35.77,10
2022-05-10,35.77,35.77,35.77,35.77,0
2022-05-11,35.77,35.77,35.77,35.77,0
2022-05-12,32.52,32.52,32.52,32.52,100
2022-05-13,32.52,32.52,32.52,32.52,0
2022-05-16,32.52,32.52,32.52,32.52,0
2022-05-17,32.52,32.52,32.52,32.52,0
2022-05-18,32.52,32.52,32.52,32.52,0
2022-05-19,32.52,32.52,32.52,32.52,0
2022-05-20,32.52,32.52,32.52,32.52,0
2022-05-23,32.52,32.52,32.52,32.52,0
2022-05-24,32.52,32.52,32.52,32.52,0
2022-05-25,32.52,32.52,32.52,32.52,0
2022-05-26,32.52,32.52,32.52,32.52,0
2022-05-27,32.52,32.52,32.52,32.52,0
2022-05-30,32.52,32.52,32.52,32.52,0
2022-05-31,32.52,32.52,32.52,32.52,0
2022-06-01,32.52,32.52,32.52,32.52,0
2022-06-02,32.52,32.52,32.52,32.52,0
2022-06-03,32.52,32.52,32.52,32.52,0
2022-06-06,32.52,32.52,32.52,32.52,0
2022-06-07,32.52,32.52,32.52,32.52,0
2022-06-08,32.52,32.52,32.52,32.52,0
2022-06-09,32.52,32.52,32.52,32.52,0
2022-06-10,32.52,32.52,32.52,32.52,0
2022-06-13,32.52,32.52,32.52,32.52,0
2022-06-14,32.52,32.52,32.52,32.52,0
2022-06-15,31.56,31.56,31.08,31.08,200
2022-06-16,31.32,31.32,31.32,31.32,0
2022-06-17,31.32,31.32,31.32,31.32,0
2022-06-20,31.32,31.32,31.32,31.32,0
2022-06-21,31.32,31.32,31.32,31.32,0
2022-06-22,31.32,31.32,31.32,31.32,0
2022-06-23,31.32,31.32,31.32,31.32,0
2022-06-24,31.32,31.32,31.32,31.08,10
2022-06-27,31.32,31.32,31.32,31.32,0
2022-06-28,31.32,31.32,31.32,31.32,0
2022-06-29,31.32,31.32,31.32,31.32,0
2022-06-30,31.32,31.32,31.32,31.32,0
2022-07-01,31.32,31.32,31.32,31.32,0
2022-07-04,31.32,31.32,31.32,31.32,0
2022-07-05,31.32,31.32,31.32,31.32,0
2022-07-06,31.32,31.32,31.32,31.32,0
2022-07-07,31.32,31.32,31.32,31.32,0
2022-07-08,31.32,31.32,31.32,31.32,0
2022-07-11,31.32,31.32,31.32,31.32,0
2022-07-12,31.32,31.32,31.32,31.32,0
2022-07-13,31.32,31.32,31.32,31.32,0
2022-07-14,31.32,31.32,31.32,31.32,0
2022-07-15,31.32,31.32,31.32,31.32,0
2022-07-18,31.32,31.32,31.32,31.32,0
2022-07-19,31.32,31.32,31.32,31.32,0
2022-07-20,31.32,31.32,31.32,31.32,0
2022-07-21,31.32,31.32,31.32,31.32,0
2022-07-22,31.32,31.32,31.32,31.32,0
2022-07-25,31.32,31.32,31.32,31.32,0
2022-07-26,31.32,31.32,31.32,31.32,0
2022-07-27,31.32,31.32,31.32,31.32,0
2022-07-28,31.32,31.32,31.32,31.32,0
2022-07-29,31.32,31.32,31.32,31.32,0
2022-08-01,31.32,31.32,31.32,31.32,0
2022-08-02,31.32,31.32,31.32,31.32,0
2022-08-03,31.32,31.32,31.32,31.32,0
2022-08-04,31.32,31.32,31.32,31.32,0
2022-08-05,31.32,31.32,31.32,31.32,0
2022-08-08,31.32,31.32,31.32,31.32,0
2022-08-09,31.32,31.32,31.32,31.32,0
2022-08-10,31.32,31.32,31.32,31.32,0
2022-08-11,31.32,31.32,31.32,31.32,0
2022-08-12,31.32,31.32,31.32,31.32,0
2022-08-15,31.32,31.32,31.32,31.32,0
2022-08-16,31.32,31.32,31.32,31.32,0
2022-08-17,31.32,31.32,31.32,31.32,0
2022-08-18,31.32,31.32,31.32,31.32,0
2022-08-19,31.32,31.32,31.32,31.32,0
2022-08-22,31.32,31.32,31.32,31.32,0
2022-08-23,31.32,31.32,31.32,31.32,0
2022-08-24,31.32,31.32,31.32,31.32,0
2022-08-25,31.32,31.32,31.32,31.32,0
2022-08-26,31.32,31.32,31.32,31.32,0
2022-08-29,31.32,31.32,31.32,31.32,0
2022-08-30,31.32,31.32,31.32,31.32,0
2022-08-31,31.32,31.32,31.32,31.32,0
2022-09-05,31.32,31.32,31.32,31.32,200
2022-09-06,31.32,31.32,31.32,31.32,0
2022-09-07,31.32,31.32,31.32,31.32,0
2022-09-08,31.32,31.32,31.32,31.32,0
2022-09-09,31.32,31.32,31.32,31.32,0
2022-09-12,31.32,31.32,31.32,31.32,0
2022-09-13,31.32,31.32,31.32,31.32,0
2022-09-14,31.32,31.32,31.32,31.32,0
2022-09-15,31.32,31.32,31.32,31.32,0
2022-09-16,31.32,31.32,31.32,31.32,0
2022-09-19,31.32,31.32,31.32,31.32,0
2022-09-20,31.32,31.32,31.32,31.32,0
2022-09-21,31.32,31.32,31.32,31.32,0
2022-09-22,31.32,31.32,31.32,31.32,0
2022-09-23,31.32,31.32,31.32,31.32,0
2022-09-26,31.32,31.32,31.32,31.32,0
2022-09-27,31.32,31.32,31.32,31.32,0
2022-09-28,31.32,31.32,31.32,31.32,0
2022-09-29,31.32,31.32,31.32,31.32,0
2022-09-30,31.32,31.32,31.32,31.32,0
2022-10-03,31.32,31.32,31.32,31.32,0
2022-10-04,31.32,31.32,31.32,31.32,1
2022-10-05,31.32,31.32,31.32,31.32,0
2022-10-06,31.32,31.32,31.32,31.32,0
2022-10-07,31.32,31.32,31.32,31.32,0
2022-10-10,31.32,31.32,31.32,31.32,0
2022-10-11,31.32,31.32,31.32,31.32,0
2022-10-12,31.32,31.32,31.32,31.32,0
2022-10-13,31.32,31.32,31.32,31.32,0
2022-10-14,31.32,31.32,31.32,31.32,0
2022-10-17,31.32,31.32,31.32,31.32,0
2022-10-18,31.32,31.32,31.32,31.32,0
2022-10-19,31.32,31.32,31.32,31.32,0
2022-10-20,31.32,31.32,31.32,31.32,0
2022-10-21,31.32,31.32,31.32,31.32,0
2022-10-24,31.32,31.32,31.32,31.32,0
2022-10-25,31.32,31.32,31.32,31.32,0
2022-10-26,31.32,31.32,31.32,31.32,0
2022-10-27,31.32,31.32,31.32,31.32,0
2022-10-28,31.32,31.32,31.32,31.32,0
2022-10-31,31.32,31.32,31.32,31.32,0
2022-11-01,31.32,31.32,31.32,31.32,0
2022-11-02,31.32,31.32,31.32,31.32,0
2022-11-03,31.32,31.32,31.32,31.32,0
2022-11-04,31.32,31.32,31.32,31.32,0
2022-11-07,31.32,31.32,31.32,31.32,0
2022-11-08,31.32,31.32,31.32,31.32,0
2022-11-09,31.32,31.32,31.32,31.32,0
2022-11-10,31.32,31.32,31.32,31.32,0
2022-11-11,31.32,31.32,31.32,31.32,0
2022-11-14,31.32,31.32,31.32,31.32,0
2022-11-15,31.32,31.32,31.32,31.32,0
2022-11-16,31.32,31.32,31.32,31.32,0
2022-11-17,31.32,31.32,31.32,31.32,0
2022-11-18,31.32,31.32,31.32,31.32,0
2022-11-21,31.32,31.32,31.32,31.32,0
2022-11-22,31.32,31.32,31.32,31.32,0
2022-11-23,31.32,31.32,31.32,31.32,0
2022-11-24,31.32,31.32,31.32,31.32,0
2022-11-25,31.32,31.32,31.32,31.32,0
2022-11-28,31.32,31.32,31.32,31.32,0
2022-11-29,31.32,31.32,31.32,31.32,0
2022-11-30,31.32,31.32,31.32,31.32,0
2022-12-01,31.32,31.32,31.32,31.32,0
2022-12-02,31.32,31.32,31.32,31.32,0
2022-12-05,31.32,31.32,31.32,31.32,0
2022-12-06,31.32,31.32,31.32,31.32,0
2022-12-07,31.32,31.32,31.32,31.32,0
2022-12-08,31.32,31.32,31.32,31.32,0
2022-12-09,31.32,31.32,31.32,31.32,0
2022-12-12,31.32,31.32,31.32,31.32,0
2022-12-13,31.32,31.32,31.32,31.32,0
2022-12-14,31.32,31.32,31.32,31.32,0
2022-12-15,31.32,31.32,31.32,31.32,0
2022-12-16,31.32,31.32,31.32,31.32,0
2022-12-19,31.32,31.32,31.32,31.32,0
2022-12-20,43.85,43.85,43.85,43.85,100
2022-12-21,43.85,43.85,43.85,43.85,0
2022-12-22,43.85,43.85,43.85,43.85,0
2022-12-23,43.85,43.85,43.85,43.85,0
2022-12-26,47.82,47.82,47.82,47.82,100
2022-12-27,52.6,52.6,52.6,52.6,100
2022-12-28,52.6,52.6,52.6,52.6,0
2022-12-29,52.6,52.6,52.6,52.6,0
2022-12-30,52.6,52.6,52.6,52.6,0
2023-01-03,52.6,52.6,52.6,52.6,0
2023-01-04,52.6,52.6,52.6,52.6,0
2023-01-05,52.6,52.6,52.6,52.6,0
2023-01-06,52.6,52.6,52.6,52.6,0
2023-01-09,52.6,52.6,52.6,52.6,0
2023-01-10,52.6,52.6,52.6,52.6,0
2023-01-11,52.6,52.6,52.6,52.6,0
2023-01-12,52.6,52.6,52.6,52.6,0
2023-01-13,52.6,52.6,52.6,52.6,0
2023-01-16,52.6,52.6,52.6,52.6,0
2023-01-17,52.6,52.6,52.6,52.6,0
2023-01-18,52.6,52.6,52.6,52.6,0
2023-01-19,52.6,52.6,52.6,52.6,0
2023-01-27,52.6,52.6,52.6,52.6,0
2023-01-30,52.6,52.6,52.6,52.6,0
2023-01-31,52.6,52.6,52.6,52.6,0
2023-02-01,52.6,52.6,52.6,52.6,0
2023-02-02,52.6,52.6,52.6,52.6,0
2023-02-03,52.6,52.6,52.6,52.6,0
2023-02-06,52.6,52.6,52.6,52.6,0
2023-02-07,52.6,52.6,52.6,52.6,0
2023-02-08,52.6,52.6,52.6,52.6,1
2023-02-09,52.6,52.6,52.6,52.6,0
2023-02-10,52.6,52.6,52.6,52.6,0
2023-02-13,52.6,52.6,52.6,52.6,0
2023-02-14,52.6,52.6,52.6,52.6,0
2023-02-15,52.6,52.6,52.6,52.6,0
2023-02-16,52.6,52.6,52.6,52.6,0
2023-02-17,52.6,52.6,52.6,52.6,0
2023-02-20,43.04,43.04,43.04,43.04,100
2023-02-21,38.26,38.26,38.26,38.26,101
2023-02-22,38.26,38.26,38.26,38.26,0
2023-02-23,38.26,38.26,38.26,38.26,0
2023-02-24,38.26,38.26,38.26,38.26,0
2023-02-27,38.26,38.26,38.26,38.26,0
2023-02-28,38.26,38.26,38.26,38.26,0
2023-03-01,32.52,32.52,32.52,32.52,700
2023-03-02,32.52,32.52,32.52,32.52,9
2023-03-03,32.52,32.52,32.52,32.52,0
2023-03-06,32.52,32.52,32.52,32.52,0
2023-03-07,32.52,32.52,32.52,32.52,0
2023-03-08,32.52,32.52,32.52,32.52,0
2023-03-09,32.52,32.52,32.52,32.52,0
2023-03-10,32.52,32.52,32.52,32.52,0
2023-03-13,32.52,32.52,32.52,32.52,0
2023-03-14,32.52,32.52,32.52,32.52,0
2023-03-15,32.52,32.52,32.52,32.52,0
2023-03-16,32.52,32.52,32.52,32.52,0
2023-03-17,32.52,32.52,32.52,32.52,0
2023-03-20,32.52,32.52,32.52,32.52,0
2023-03-21,32.52,32.52,32.52,32.52,0
2023-03-22,32.52,32.52,32.52,32.52,5
2023-03-23,28.69,28.69,28.69,28.69,5000
2023-03-24,28.69,28.69,28.69,28.69,0
2023-03-27,28.69,28.69,28.69,28.69,0
2023-03-28,28.69,28.69,28.69,28.69,0
2023-03-29,28.69,28.69,28.69,28.69,0
2023-03-30,28.69,28.69,28.69,28.69,0
2023-03-31,28.69,28.69,28.69,28.69,23
2023-04-03,28.69,28.69,28.69,28.69,0
2023-04-04,26.78,26.78,26.78,26.78,100
2023-04-05,26.78,26.78,26.78,26.78,0
2023-04-06,26.78,26.78,26.78,26.78,0
2023-04-07,25.82,25.82,25.82,25.82,100
2023-04-10,29.7,29.7,29.7,29.7,8500
2023-04-11,26.3,26.3,26.3,26.3,103
2023-04-12,26.3,26.3,26.3,26.3,0
2023-04-13,26.3,26.3,26.3,26.3,0
2023-04-14,26.3,26.3,26.3,26.3,0
2023-04-17,26.3,26.3,26.3,26.3,0
2023-04-18,26.3,26.3,26.3,26.3,0
2023-04-19,26.3,26.3,26.3,26.3,0
2023-04-20,25.82,30.22,25.82,30.22,1303
2023-04-21,32.52,32.52,32.52,32.52,64340
2023-04-24,32.52,32.52,32.52,32.52,0
2023-04-25,31.08,31.08,31.08,31.08,11200
2023-04-26,31.08,31.08,31.08,31.08,0
2023-04-27,28.69,28.69,28.69,28.69,3101
2023-04-28,28.22,28.22,28.22,28.22,4000
2023-05-04,28.22,28.22,28.22,28.22,2
2023-05-05,28.22,28.22,28.22,28.22,0
2023-05-08,28.22,28.22,28.22,28.22,0
2023-05-09,28.22,28.22,28.22,28.22,0
2023-05-10,28.22,28.22,28.22,28.22,0
2023-05-11,28.22,28.22,28.22,28.22,0
2023-05-12,28.22,28.22,28.22,28.22,0
2023-05-15,28.22,28.22,28.22,28.22,0
2023-05-16,28.22,28.22,28.22,28.22,0
2023-05-17,28.22,28.22,28.22,28.22,0
2023-05-18,28.22,28.22,28.22,28.22,0
2023-05-19,28.22,28.22,28.22,28.22,0
2023-05-22,28.22,28.22,28.22,28.22,0
2023-05-23,28.22,28.22,28.22,28.22,0
2023-05-24,28.22,28.22,28.22,28.22,0
2023-05-25,28.22,28.22,28.22,28.22,0
2023-05-26,28.22,28.22,28.22,28.22,0
2023-05-29,28.22,28.22,28.22,28.22,0
2023-05-30,28.22,28.22,28.22,28.22,0
2023-05-31,28.22,28.22,28.22,28.22,0
2023-06-01,28.22,28.22,28.22,28.22,0
2023-06-02,28.22,28.22,28.22,28.22,0
2023-06-05,28.22,28.22,28.22,28.22,0
2023-06-06,28.22,28.22,28.22,28.22,0
2023-06-07,28.22,28.22,28.22,28.22,0
2023-06-08,28.22,28.22,28.22,28.22,0
2023-06-09,28.22,28.22,28.22,28.22,0
2023-06-12,28.22,28.22,28.22,28.22,0
2023-06-13,28.22,28.22,28.22,28.22,0
2023-06-14,28.22,28.22,28.22,28.22,0
2023-06-15,28.22,28.22,28.22,28.22,0
2023-06-16,28.22,28.22,28.22,28.22,0
2023-06-19,28.22,28.22,28.22,28.22,0
2023-06-20,28.22,28.22,28.22,28.22,0
2023-06-21,28.22,28.22,28.22,28.22,0
2023-06-22,28.22,28.22,28.22,28.22,0
2023-06-23,28.22,28.22,28.22,28.22,1
2023-06-26,28.22,28.22,28.22,28.22,0
2023-06-27,28.22,28.22,28.22,28.22,100
2023-06-28,28.22,28.22,28.22,28.22,0
2023-06-29,28.22,28.22,28.22,28.22,0
2023-06-30,28.22,28.22,28.22,28.22,3
2023-07-03,28.22,28.22,28.22,28.22,0
2023-07-04,28.22,28.22,28.22,28.22,0
2023-07-05,28.22,28.22,28.22,28.22,0
2023-07-06,28.22,28.22,28.22,28.22,0
2023-07-07,28.22,28.22,28.22,28.22,0
2023-07-10,28.22,28.22,28.22,28.22,0
2023-07-11,28.22,28.22,28.22,28.22,0
2023-07-12,28.22,28.22,28.22,28.22,0
2023-07-13,28.22,28.22,28.22,28.22,0
2023-07-14,28.22,28.22,28.22,28.22,0
2023-07-17,28.22,28.22,28.22,28.22,0
2023-07-18,28.22,28.22,28.22,28.22,0
2023-07-19,28.22,28.22,28.22,28.22,0
2023-07-20,28.22,28.22,28.22,28.22,0
2023-07-21,28.22,28.22,28.22,28.22,0
2023-07-24,28.22,28.22,28.22,28.22,0
2023-07-25,28.22,28.22,28.22,28.22,0
2023-07-26,28.22,28.22,28.22,28.22,0
2023-07-27,28.22,28.22,28.22,28.22,1
2023-07-28,28.22,28.22,28.22,28.22,0
2023-07-31,28.22,28.22,28.22,28.22,0
2023-08-01,28.22,28.22,28.22,28.22,0
2023-08-02,28.22,28.22,28.22,28.22,0
2023-08-03,28.22,28.22,28.22,28.22,0
2023-08-04,28.22,28.22,28.22,28.22,0
2023-08-07,28.22,28.22,28.22,28.22,0
2023-08-08,28.22,28.22,28.22,28.22,0
2023-08-09,28.22,28.22,28.22,28.22,0
2023-08-10,28.22,28.22,28.22,28.22,0
2023-08-11,28.22,28.22,28.22,28.22,0
2023-08-14,28.22,28.22,28.22,28.22,0
2023-08-15,28.22,28.22,28.22,28.22,0
2023-08-16,28.22,28.22,28.22,28.22,0
2023-08-17,28.22,28.22,28.22,28.22,0
2023-08-18,28.22,28.22,28.22,28.22,0
2023-08-21,16.98,28.22,16.98,28.22,200
2023-08-22,22.62,22.62,22.62,22.62,3
2023-08-23,19.32,19.32,19.32,19.32,100
2023-08-24,22.19,22.19,22.19,22.19,163
2023-08-25,18.94,25.49,18.94,25.49,204
2023-08-28,22.24,22.24,22.24,22.24,200
2023-08-29,25.54,25.54,25.54,25.54,100
2023-08-30,25.54,25.54,25.54,25.54,0
2023-08-31,29.36,29.36,29.36,29.36,100
2023-09-05,33.48,33.48,33.48,33.48,100
2023-09-06,33.48,33.48,33.48,33.48,0
2023-09-07,36.82,36.82,36.82,36.82,100
2023-09-08,36.82,36.82,36.82,36.82,0
2023-09-11,36.82,36.82,36.82,36.82,0
2023-09-12,31.32,31.32,31.32,31.32,300
2023-09-13,27.26,27.26,27.26,27.26,100
2023-09-14,27.26,27.26,27.26,27.26,0
2023-09-15,27.26,27.26,27.26,27.26,0
2023-09-18,27.26,27.26,27.26,27.26,0
2023-09-19,27.26,27.26,27.26,27.26,0
2023-09-20,27.26,27.26,27.26,27.26,0
2023-09-21,27.26,27.26,27.26,27.26,0
2023-09-22,27.26,27.26,27.26,27.26,0
2023-09-25,30.61,30.61,30.61,30.61,100
2023-09-26,34.91,34.91,34.91,34.91,100
2023-09-27,34.91,34.91,34.91,34.91,0
2023-09-28,34.91,34.91,34.91,34.91,0
2023-09-29,38.26,38.26,38.26,38.26,100
2023-10-02,38.26,38.26,38.26,38.26,0
2023-10-03,38.26,38.26,38.26,38.26,0
2023-10-04,38.26,38.26,38.26,38.26,0
2023-10-05,38.26,38.26,38.26,38.26,0
2023-10-06,38.26,38.26,38.26,38.26,0
2023-10-09,38.26,38.26,38.26,38.26,0
2023-10-10,38.26,38.26,38.26,38.26,0
2023-10-11,38.26,38.26,38.26,38.26,0
2023-10-12,38.26,38.26,38.26,38.26,0
2023-10-13,38.26,38.26,38.26,38.26,0
2023-10-16,38.26,38.26,38.26,38.26,0
2023-10-17,38.26,38.26,38.26,38.26,0
2023-10-18,38.26,38.26,38.26,38.26,0
2023-10-19,38.26,38.26,38.26,38.26,0
2023-10-20,38.26,38.26,38.26,38.26,0
2023-10-23,38.26,38.26,38.26,38.26,0
2023-10-24,38.26,38.26,38.26,38.26,0
2023-10-25,38.26,38.26,38.26,38.26,0
2023-10-26,32.52,32.52,32.52,32.52,100
2023-10-27,32.52,32.52,32.52,32.52,0
2023-10-30,32.52,32.52,32.52,32.52,0
2023-10-31,32.52,32.52,32.52,32.52,0
2023-11-01,32.52,32.52,32.52,32.52,0
2023-11-02,32.52,32.52,32.52,32.52,0
2023-11-03,32.52,32.52,32.52,32.52,0
2023-11-06,27.64,27.64,27.64,27.64,100
2023-11-07,27.64,27.64,27.64,27.64,0
2023-11-08,27.64,27.64,27.64,27.64,0
2023-11-09,27.64,27.64,27.64,27.64,0
2023-11-10,27.64,27.64,27.64,27.64,0
2023-11-13,27.64,27.64,27.64,27.64,0
2023-11-14,27.64,27.64,27.64,27.64,0
2023-11-15,27.64,27.64,27.64,27.64,0
2023-11-16,27.64,27.64,27.64,27.64,0
2023-11-17,27.64,27.64,27.64,27.64,0
2023-11-20,27.64,27.64,27.64,27.64,0
2023-11-21,27.64,27.64,27.64,27.64,0
2023-11-22,27.64,27.64,27.64,27.64,0
2023-11-23,27.64,27.64,27.64,27.64,0
2023-11-24,23.53,23.53,23.53,23.53,100
2023-11-27,23.53,23.53,23.53,23.53,0
2023-11-28,27.02,27.02,27.02,27.02,200
2023-11-29,31.04,31.04,31.04,31.04,100
2023-11-30,28.69,28.69,28.69,28.69,201
2023-12-01,33.0,33.0,33.0,33.0,100
2023-12-04,33.0,33.0,33.0,33.0,0
2023-12-05,28.07,37.3,28.07,35.87,1200
2023-12-06,35.34,35.34,35.34,35.34,0
2023-12-07,40.6,40.6,30.08,30.08,1208
2023-12-08,33.67,45.53,33.67,33.67,3700
2023-12-11,50.12,50.12,37.11,37.11,1600
2023-12-12,49.74,49.74,49.64,49.64,2000
2023-12-13,47.82,49.74,42.32,42.32,2100
2023-12-14,49.31,49.31,49.31,49.31,5003
2023-12-15,52.6,52.6,52.6,52.6,1000
2023-12-18,59.78,59.78,44.71,44.71,1203
2023-12-19,61.21,61.21,61.21,61.21,1005
2023-12-20,64.56,64.56,64.56,64.56,1003
2023-12-21,54.9,66.0,54.9,65.47,11439
2023-12-22,71.73,71.73,54.09,54.09,1243
2023-12-25,76.52,76.52,76.52,76.52,1001
2023-12-26,76.52,76.52,76.52,76.52,0
2023-12-27,76.52,76.52,76.52,76.52,0
2023-12-28,76.52,76.52,76.52,76.52,0
2023-12-29,65.04,65.04,65.04,65.04,1809
2024-01-02,65.04,65.04,65.04,65.04,8
2024-01-03,65.04,65.04,65.04,65.04,0
2024-01-04,65.04,65.04,65.04,65.04,0
2024-01-05,65.04,65.04,65.04,65.04,0
2024-01-08,65.04,65.04,65.04,65.04,0
2024-01-09,65.04,65.04,65.04,65.04,22
2024-01-10,65.04,65.04,65.04,65.04,0
2024-01-11,65.04,65.04,65.04,65.04,0
2024-01-12,65.04,65.04,65.04,65.04,0
2024-01-15,65.04,65.04,65.04,65.04,0
2024-01-16,65.04,65.04,65.04,65.04,0
2024-01-17,65.04,65.04,65.04,65.04,0
2024-01-18,65.04,65.04,65.04,65.04,0
2024-01-19,65.04,65.04,65.04,65.04,0
2024-01-22,65.04,65.04,65.04,65.04,0
2024-01-23,65.04,65.04,65.04,65.04,0
2024-01-24,65.04,65.04,65.04,65.04,0
2024-01-25,65.04,65.04,65.04,65.04,0
2024-01-26,65.04,65.04,65.04,65.04,0
2024-01-29,65.04,65.04,65.04,65.04,0
2024-01-30,65.04,65.04,65.04,65.04,0
2024-01-31,65.04,65.04,65.04,65.04,0
2024-02-01,65.04,65.04,65.04,65.04,0
2024-02-02,65.04,65.04,65.04,65.04,0
2024-02-05,65.04,65.04,65.04,65.04,0
2024-02-06,65.04,65.04,65.04,65.04,0
2024-02-07,65.04,65.04,65.04,65.04,0
2024-02-15,65.04,65.04,65.04,65.04,0
2024-02-16,65.04,65.04,65.04,65.04,0
2024-02-19,65.04,65.04,65.04,65.04,0
2024-02-20,65.04,65.04,65.04,65.04,0
2024-02-21,65.04,65.04,65.04,65.04,0
2024-02-22,65.04,65.04,65.04,65.04,0
2024-02-23,65.04,65.04,65.04,65.04,0
2024-02-26,65.04,65.04,65.04,65.04,0
2024-02-27,65.04,65.04,65.04,65.04,0
2024-02-28,65.04,65.04,65.04,65.04,0
2024-02-29,65.04,65.04,65.04,65.04,0
2024-03-01,65.04,65.04,65.04,65.04,0
2024-03-04,65.04,65.04,65.04,65.04,0
2024-03-05,65.04,65.04,65.04,65.04,0
2024-03-06,65.04,65.04,65.04,65.04,0
2024-03-07,65.04,65.04,65.04,65.04,0
2024-03-08,65.04,65.04,65.04,65.04,0
2024-03-11,65.04,65.04,65.04,65.04,0
2024-03-12,65.04,65.04,65.04,65.04,0
2024-03-13,65.04,65.04,65.04,65.04,0
2024-03-14,65.04,65.04,65.04,65.04,0
2024-03-15,65.04,65.04,65.04,65.04,0
2024-03-18,39.02,39.02,39.02,39.02,200
2024-03-19,39.02,39.02,39.02,39.02,0
2024-03-20,39.02,39.02,39.02,39.02,0
2024-03-21,39.02,39.02,39.02,39.02,100
2024-03-22,39.02,39.02,39.02,39.02,0
2024-03-25,39.02,39.02,39.02,39.02,0
2024-03-26,39.02,39.02,39.02,39.02,0
2024-03-27,39.02,39.02,39.02,39.02,0
2024-03-28,39.02,39.02,39.02,39.02,3
2024-03-29,39.02,39.02,39.02,39.02,0
2024-04-01,33.19,33.19,33.19,33.19,100
2024-04-02,33.19,33.19,33.19,33.19,0
2024-04-03,33.48,33.48,33.48,33.48,100
2024-04-04,33.48,33.48,33.48,33.48,0
2024-04-05,33.48,33.48,33.48,33.48,1
2024-04-08,33.48,33.48,33.48,33.48,0
2024-04-09,35.87,35.87,35.87,35.87,700
2024-04-10,35.87,35.87,35.87,35.87,0
2024-04-11,35.87,35.87,35.87,35.87,0
2024-04-12,38.26,41.22,38.26,39.21,4500
2024-04-15,40.6,46.45,40.6,46.45,4700
2024-04-16,46.94,46.94,46.94,46.94,100
2024-04-17,53.97,53.97,53.97,53.97,300
2024-04-19,61.99,61.99,46.55,61.99,1700
2024-04-22,59.22,59.22,59.22,59.22,0
2024-04-23,50.51,50.51,50.51,50.51,100
2024-04-24,50.51,50.51,50.51,50.51,0
2024-04-25,50.51,50.51,50.51,50.51,0
2024-04-26,50.51,50.51,50.51,50.51,0
2024-05-02,50.51,50.51,50.51,50.51,10
2024-05-03,50.51,50.51,50.51,50.51,0
2024-05-06,43.08,43.08,43.08,43.08,400
2024-05-07,43.08,43.08,43.08,43.08,109
2024-05-08,43.08,43.08,42.98,42.98,500
2024-05-09,43.08,43.08,43.08,43.08,0
2024-05-10,43.08,43.08,43.08,43.08,100
2024-05-13,43.08,43.08,43.08,43.08,1
2024-05-14,36.74,43.08,36.64,36.64,4100
2024-05-15,41.99,41.99,41.99,41.99,200
2024-05-16,47.83,47.83,45.55,45.55,200
2024-05-17,53.58,53.58,51.99,51.99,301
2024-05-20,53.58,53.58,48.53,48.53,400
2024-05-21,51.69,51.69,51.69,51.69,0
2024-05-22,57.34,57.34,49.32,49.32,1408
2024-05-23,50.01,50.01,50.01,50.01,1
2024-05-24,42.58,42.58,42.58,42.58,808
2024-05-27,42.58,42.58,42.58,42.58,4
2024-05-28,42.58,42.58,42.58,42.58,0
2024-05-29,36.44,36.64,36.44,36.64,508
2024-05-30,36.64,36.64,36.64,36.64,400
2024-05-31,36.54,36.54,36.54,36.54,202
2024-06-03,41.1,41.1,40.6,40.6,900
2024-06-04,44.56,44.56,43.57,44.56,1307
2024-06-05,46.55,46.55,46.55,46.55,210
2024-06-06,46.55,46.55,46.55,46.55,0
2024-06-07,46.55,46.55,46.55,46.55,0
2024-06-10,45.55,45.55,45.55,45.55,110
2024-06-11,48.53,48.53,38.72,38.82,1200
2024-06-12,43.57,44.07,38.62,38.62,1400
2024-06-13,42.29,42.29,42.29,42.29,0
2024-06-14,43.57,43.57,37.63,37.73,1400
2024-06-17,38.72,38.72,38.72,38.72,50
2024-06-18,38.72,38.72,38.72,38.72,41
2024-06-19,38.72,38.72,38.72,38.72,0
2024-06-20,38.72,38.72,38.72,38.72,0
2024-06-21,38.72,38.72,38.72,38.72,0
2024-06-24,32.98,32.98,32.98,32.98,100
2024-06-25,33.18,33.18,32.98,32.98,500
2024-06-26,33.08,33.08,33.08,33.08,30
2024-06-27,28.82,33.67,28.82,33.67,200
2024-06-28,35.75,35.85,34.66,35.85,1126
2024-07-01,35.65,35.65,35.65,35.65,0
2024-07-02,34.66,34.66,33.67,33.67,610
2024-07-03,29.81,29.81,29.81,29.81,100
2024-07-04,25.65,29.91,25.65,29.91,272
2024-07-05,31.99,31.99,31.99,31.99,379
2024-07-08,31.99,31.99,31.99,31.99,0
2024-07-09,31.99,31.99,31.99,31.99,600
2024-07-10,31.99,31.99,28.22,28.22,240
2024-07-11,32.68,32.68,32.68,32.68,100
2024-07-12,37.34,37.34,37.34,37.34,115
2024-07-15,36.44,36.44,36.44,36.44,213
2024-07-16,39.02,39.02,36.44,36.44,630
2024-07-17,36.94,36.94,36.94,36.94,0
2024-07-18,36.94,36.94,36.94,36.94,51
2024-07-19,36.94,36.94,36.94,36.94,32
2024-07-22,40.5,40.5,40.5,40.5,104
2024-07-23,34.46,34.46,34.46,34.46,1072
2024-07-24,29.71,30.11,29.41,30.01,2152
2024-07-25,29.71,29.71,29.71,29.71,0
2024-07-26,33.97,33.97,33.97,33.97,259
2024-07-29,30.2,30.2,29.02,29.21,921
2024-07-30,26.44,27.43,26.44,27.43,1112
2024-07-31,24.16,28.62,24.16,28.62,1104
2024-08-01,24.26,25.75,24.26,25.75,2094
2024-08-02,24.46,25.06,24.46,25.06,220
2024-08-05,22.78,24.76,22.78,22.78,2510
2024-08-06,23.17,23.17,23.17,23.17,50
2024-08-07,22.78,22.78,20.4,20.4,200009
2024-08-08,20.8,20.8,20.2,20.2,269468
2024-08-09,23.17,23.17,23.17,23.17,400
2024-08-12,26.64,26.64,26.64,26.64,6804
2024-08-13,26.64,26.64,26.64,26.64,242
2024-08-14,25.75,25.75,24.76,25.75,2415
2024-08-15,25.65,25.65,25.65,25.65,148
2024-08-16,25.65,27.73,25.65,27.23,668
2024-08-19,27.23,27.23,27.23,27.23,320
2024-08-20,26.64,27.23,26.64,27.23,3331
2024-08-21,27.13,30.7,27.13,27.73,5134
2024-08-22,33.18,33.18,28.22,28.22,1272
2024-08-23,34.66,34.66,28.72,28.72,742
2024-08-26,32.68,37.14,28.22,28.92,1539
2024-08-27,34.86,34.86,34.86,34.86,107
2024-08-28,34.66,37.63,32.68,32.68,1582
2024-08-29,34.96,39.61,32.68,32.68,5121
2024-08-30,35.65,41.59,33.87,35.16,6618
2024-09-04,45.65,45.65,34.66,36.64,13413
2024-09-05,49.42,49.42,37.14,39.02,19461
2024-09-06,41.0,41.0,41.0,41.0,330
2024-09-09,34.86,34.86,34.86,34.86,1821
2024-09-10,34.96,39.32,34.86,34.86,809
2024-09-11,35.65,35.65,35.65,35.65,62
2024-09-12,31.69,31.69,31.69,31.69,513
2024-09-13,31.69,31.69,31.69,31.69,34
2024-09-16,34.17,34.17,34.17,34.17,192
2024-09-17,34.07,34.07,31.69,31.79,1777
2024-09-18,33.67,33.67,31.69,33.67,2020
2024-09-19,35.45,36.44,33.77,33.97,4110
2024-09-20,36.44,38.23,34.66,37.04,4927
2024-09-23,39.61,41.59,36.84,36.94,2037
2024-09-24,40.21,44.56,36.84,37.43,2392
2024-09-25,41.79,46.55,37.14,39.51,2554
2024-09-26,45.55,46.35,39.51,39.51,2644
2024-09-27,38.62,44.86,38.62,44.76,13088
2024-09-30,44.07,44.07,44.07,44.07,2583
2024-10-01,43.97,43.97,43.97,43.97,601
2024-10-02,43.97,43.97,43.97,43.97,777
2024-10-03,43.97,43.97,43.97,43.97,143
2024-10-04,43.87,43.87,43.87,43.87,110
2024-10-07,43.77,50.01,43.77,50.01,326
2024-10-08,45.75,45.75,45.75,45.75,991
2024-10-09,45.75,45.75,45.75,45.75,0
2024-10-10,45.71,45.71,45.71,45.71,90
2024-10-11,45.71,45.71,45.71,45.71,14
2024-10-14,45.71,47.7,45.62,45.62,1326
2024-10-15,47.7,51.98,47.7,51.98,920
2024-10-16,54.66,57.64,53.67,53.67,471
2024-10-17,57.64,57.64,55.65,55.65,759
2024-10-18,64.6,64.6,57.14,57.14,6212
2024-10-21,58.14,58.14,58.14,58.14,215
2024-10-22,56.65,56.65,49.69,49.79,802
2024-10-23,58.14,58.14,58.04,58.04,301
2024-10-24,58.14,58.14,58.14,58.14,100
2024-10-25,58.14,58.14,58.14,58.14,100
2024-10-28,58.14,58.14,58.14,58.14,100
2024-10-29,58.14,58.14,58.14,58.14,104
2024-10-30,58.14,58.14,57.64,57.64,200
2024-10-31,57.94,57.94,49.39,49.39,212
2024-11-01,55.65,55.65,49.69,49.69,300
2024-11-04,53.67,53.67,53.67,53.67,400
2024-11-05,55.65,56.25,48.3,48.3,1213
2024-11-06,52.67,52.67,52.67,52.67,600
2024-11-07,53.17,53.17,53.17,53.17,100
2024-11-08,53.17,53.17,45.32,45.32,1228
2024-11-11,48.99,48.99,39.75,39.75,678
2024-11-12,46.61,46.61,46.61,46.61,417
2024-11-13,47.9,47.9,47.9,47.9,416
2024-11-14,47.9,47.9,47.9,47.9,0
2024-11-15,40.75,40.75,40.75,40.75,3771
2024-11-18,46.41,46.41,39.75,39.75,900
2024-11-19,47.7,47.7,39.75,39.75,320
2024-11-20,46.91,46.91,39.75,39.75,1709
2024-11-21,44.72,44.72,38.76,38.76,1532
2024-11-22,42.24,44.32,38.76,38.86,400
2024-11-25,44.22,44.32,39.06,39.75,540
2024-11-26,42.83,42.83,39.75,39.75,745
2024-11-27,41.94,42.73,41.94,42.73,511
2024-11-28,42.53,42.53,38.86,38.86,400
2024-11-29,41.74,41.74,41.74,41.74,200
2024-12-02,41.74,41.74,41.74,41.74,202
2024-12-03,41.74,41.74,41.74,41.74,200
2024-12-04,42.73,42.73,42.73,42.73,200
2024-12-05,43.23,43.23,43.23,43.23,200
2024-12-06,43.23,43.73,43.23,43.73,200
2024-12-09,43.53,43.53,43.53,43.53,119
2024-12-10,42.73,42.73,38.86,38.86,1500
2024-12-11,40.75,40.75,39.45,39.45,232
2024-12-12,41.24,41.24,38.86,38.86,322
2024-12-13,42.34,42.34,40.75,40.75,401
2024-12-16,42.24,42.24,42.24,42.24,100
2024-12-17,39.75,39.75,39.75,39.75,100
2024-12-18,39.75,39.75,39.75,39.75,0
2024-12-19,39.75,39.75,39.75,39.75,0
2024-12-20,39.75,39.75,39.75,39.75,0
2024-12-23,39.75,39.75,39.75,39.75,0
2024-12-24,39.75,39.75,39.75,39.75,0
2024-12-25,39.75,39.75,39.75,39.75,113
2024-12-26,39.75,39.75,39.75,39.75,0
2024-12-27,39.75,39.75,39.75,39.75,136
2024-12-30,39.75,39.75,39.75,39.75,0
2024-12-31,39.75,39.75,39.75,39.75,0
2025-01-02,39.75,39.75,39.75,39.75,0
2025-01-03,33.89,33.89,33.89,33.89,400
2025-01-06,33.89,34.09,33.89,33.99,502
2025-01-07,33.99,33.99,33.99,33.99,0
2025-01-08,33.99,33.99,33.99,33.99,0
2025-01-09,33.99,33.99,33.99,33.99,0
2025-01-10,33.99,33.99,33.99,33.99,4
2025-01-13,37.96,37.96,37.96,37.96,114
2025-01-14,32.4,32.4,32.4,32.4,306
2025-01-15,32.4,32.4,32.4,32.4,39
2025-01-16,32.4,32.4,32.4,32.4,101
2025-01-17,32.4,32.4,32.4,32.4,1
2025-01-20,32.4,32.4,32.4,32.4,0
2025-01-21,32.4,32.4,32.4,32.4,0
2025-01-22,32.4,32.4,32.4,32.4,0
2025-01-23,34.78,34.78,34.78,34.78,111
2025-01-24,34.78,34.78,34.78,34.78,0
2025-02-03,34.78,34.78,34.78,34.78,25
2025-02-04,34.78,34.78,34.78,34.78,7
2025-02-05,34.78,34.78,34.78,34.78,100
2025-02-06,34.78,34.78,34.78,34.78,0
2025-02-07,34.78,34.78,34.78,34.78,0
2025-02-10,34.78,34.78,34.78,34.78,100
2025-02-11,34.78,34.78,34.78,34.78,100
2025-02-12,34.78,34.78,34.78,34.78,50
2025-02-13,34.78,34.78,34.78,34.78,16
2025-02-14,29.71,29.91,29.71,29.91,400
2025-02-17,29.81,29.81,29.81,29.81,13
2025-02-18,31.8,32.4,31.8,32.4,400
2025-02-19,32.1,32.1,32.1,32.1,0
2025-02-20,32.1,32.1,32.1,32.1,1
2025-02-21,32.1,32.1,32.1,32.1,0
2025-02-24,32.1,32.1,32.1,32.1,14
2025-02-25,32.2,32.2,32.2,32.2,202
2025-02-26,28.22,28.22,28.22,28.22,101
2025-02-27,32.4,32.4,32.4,32.4,1000
2025-02-28,37.17,37.17,37.17,37.17,313
2025-03-03,40.05,40.05,37.17,37.17,1702
2025-03-04,37.37,37.37,37.37,37.37,2
2025-03-05,32.7,33.79,32.7,33.79,230
2025-03-06,33.99,33.99,33.79,33.79,202
2025-03-07,37.27,37.27,37.27,37.27,120
2025-03-10,35.28,35.28,35.28,35.28,410
2025-03-11,35.28,35.28,35.28,35.28,200
2025-03-12,34.29,34.29,34.29,34.29,104
2025-03-13,34.29,34.29,34.29,34.29,0
2025-03-14,34.29,34.29,33.79,33.79,1402
2025-03-17,36.17,36.17,36.17,36.17,102
2025-03-18,36.17,36.17,36.17,36.17,20
2025-03-19,36.47,36.47,36.47,36.47,106
2025-03-20,38.16,38.16,38.16,38.16,120
2025-03-21,37.76,37.76,37.76,37.76,100
2025-03-24,32.4,33.39,32.4,33.39,204
2025-03-25,32.89,32.89,32.89,32.89,0
2025-03-26,33.59,33.59,32.89,32.89,1019
2025-03-27,30.91,34.78,30.91,34.78,400
2025-03-28,31.6,35.28,31.6,31.6,604
2025-03-31,28.72,34.29,28.72,29.32,1600
2025-04-01,29.91,29.91,29.91,29.91,104
2025-04-02,34.29,34.39,34.29,34.39,309
2025-04-03,37.67,37.67,35.58,35.58,201
2025-04-04,32.1,32.1,32.1,32.1,117
2025-04-08,36.77,36.77,36.77,36.77,142
2025-04-09,37.67,37.67,37.67,37.67,120
2025-04-10,37.67,37.67,37.67,37.67,0
2025-04-11,37.67,37.67,37.67,37.67,0
2025-04-14,37.67,37.67,37.67,37.67,2
2025-04-15,43.23,43.23,38.66,38.66,301
2025-04-16,42.63,42.63,42.63,42.63,144
2025-04-17,42.63,42.63,42.63,42.63,0
2025-04-18,42.63,42.63,42.63,42.63,0
2025-04-21,42.63,42.63,42.63,42.63,40
2025-04-22,42.63,42.63,42.63,42.63,0
2025-04-23,42.63,42.63,42.63,42.63,0
2025-04-24,42.63,42.63,42.63,42.63,0
2025-04-25,36.27,36.27,36.27,36.27,518
2025-04-28,36.27,36.27,36.27,36.27,1
2025-04-29,31.01,31.21,31.01,31.21,4244
2025-05-05,35.68,35.68,35.68,35.68,243
2025-05-06,35.68,35.68,35.68,35.68,22
2025-05-07,35.68,35.68,35.68,35.68,0
2025-05-08,35.68,35.68,35.68,35.68,0
2025-05-09,35.68,35.68,35.68,35.68,0
2025-05-12,32.8,32.8,32.8,32.8,550
2025-05-13,32.8,32.8,32.8,32.8,120
2025-05-14,32.8,32.8,32.8,32.8,18
2025-05-15,28.62,28.62,28.62,28.62,121
2025-05-16,31.8,32.89,31.8,32.89,500
2025-05-19,33.29,33.29,33.19,33.19,2412
2025-05-20,28.72,28.72,28.72,28.72,100
2025-05-21,32.99,32.99,32.99,32.99,134
2025-05-22,32.99,32.99,32.99,32.99,17
2025-05-23,28.72,29.81,28.72,29.81,414
2025-05-26,33.29,33.29,33.19,33.19,504
2025-05-27,33.39,33.39,33.39,33.39,2104
2025-05-28,33.39,33.39,33.39,33.39,100
2025-05-29,33.39,33.39,33.39,33.39,0
2025-05-30,33.39,33.39,33.39,33.39,0
2025-06-02,29.81,29.81,29.81,29.81,100
2025-06-03,29.81,29.81,29.81,29.81,0
2025-06-04,29.81,29.81,29.81,29.81,0
2025-06-05,29.81,29.81,29.81,29.81,1000
2025-06-06,29.81,29.81,29.81,29.81,100
2025-06-09,29.81,29.81,29.81,29.81,304
2025-06-10,34.29,34.29,34.29,34.29,100
2025-06-11,33.79,33.79,33.79,33.79,100
2025-06-12,33.79,33.79,33.79,33.79,0
2025-06-13,33.79,33.79,33.79,33.79,0
2025-06-16,28.82,28.82,28.82,28.82,900
2025-06-17,28.82,28.82,28.82,28.82,0
2025-06-18,25.24,32.8,25.24,32.8,230
2025-06-19,29.02,29.02,29.02,29.02,0
2025-06-20,32.3,32.3,32.3,32.3,167
2025-06-23,32.3,32.3,32.3,32.3,130
2025-06-24,32.3,32.3,32.3,32.3,0
2025-06-25,32.3,32.3,32.3,32.3,25
2025-06-26,32.3,32.3,32.3,32.3,1
2025-06-27,36.0,36.0,36.0,36.0,216
2025-06-30,34.0,34.0,34.0,34.0,100
2025-07-01,34.0,34.0,34.0,34.0,0
2025-07-02,34.0,34.0,34.0,34.0,0
2025-07-03,38.0,38.0,38.0,38.0,200
2025-07-04,38.0,38.0,38.0,38.0,5
2025-07-07,38.0,38.0,38.0,38.0,0
2025-07-08,38.0,38.0,38.0,38.0,5
2025-07-09,38.0,39.0,38.0,39.0,200
2025-07-10,37.0,37.0,37.0,37.0,100
2025-07-11,35.0,36.5,35.0,36.5,300
2025-07-14,36.5,37.0,36.5,37.0,300
2025-07-16,36.5,36.5,36.5,36.5,200
2025-07-17,36.5,36.8,36.0,36.0,1300
2025-07-18,36.7,42.2,36.7,38.0,2200
2025-07-21,38.0,45.5,37.0,37.0,1100
2025-07-22,42.0,49.1,40.0,40.0,1400
2025-07-23,42.0,53.2,39.4,39.4,3400
2025-07-24,42.5,48.8,42.5,42.5,2900
2025-07-25,45.0,54.1,40.1,42.3,5900
2025-07-28,48.0,48.0,48.0,48.0,100
2025-07-29,40.8,40.8,40.8,40.8,100
2025-08-04,36.0,36.0,35.0,35.0,1000
2025-08-05,35.0,35.0,35.0,35.0,100
2025-08-06,35.0,35.0,35.0,35.0,700
2025-08-11,31.1,31.5,31.1,31.5,900
2025-08-12,35.4,35.4,35.4,35.4,100
2025-09-08,34.5,34.5,34.5,34.5,100
2025-09-11,34.5,35.0,34.5,35.0,700
2025-09-15,39.6,39.6,30.0,39.6,700
2025-09-17,39.6,39.6,39.6,39.6,100
2025-09-18,33.8,33.8,33.8,33.8,100
2025-10-01,33.8,33.8,33.8,33.8,300
2025-10-13,33.8,33.8,33.8,33.8,300
2025-10-14,30.0,30.0,30.0,30.0,1000
2025-10-16,34.0,34.0,34.0,34.0,100
