time,open,high,low,close,volume
2016-07-28,8.38,8.38,8.38,8.38,500
2016-07-29,8.38,8.38,8.38,8.38,0
2016-08-01,8.38,8.38,8.38,8.38,0
2016-08-02,8.38,8.38,8.38,8.38,0
2016-08-03,8.38,8.38,8.38,8.38,0
2016-08-04,8.38,8.38,8.38,8.38,0
2016-08-05,8.38,8.38,8.38,8.38,0
2016-08-08,8.38,8.38,8.38,8.38,0
2016-08-09,8.38,8.38,8.38,8.38,0
2016-08-10,8.38,8.38,8.38,8.38,0
2016-08-11,8.38,8.38,8.38,8.38,0
2016-08-12,8.38,8.38,8.38,8.38,0
2016-08-15,8.38,8.38,8.38,8.38,0
2016-08-16,8.38,8.38,8.38,8.38,0
2016-08-17,8.38,8.38,8.38,8.38,0
2016-08-18,8.38,8.38,8.38,8.38,0
2016-08-19,8.38,8.38,8.38,8.38,0
2016-08-22,8.38,8.38,8.38,8.38,0
2016-08-23,8.38,8.38,8.38,8.38,0
2016-08-24,8.38,8.38,8.38,8.38,0
2016-08-25,8.38,8.38,8.38,8.38,0
2016-08-26,8.38,8.38,8.38,8.38,0
2016-08-29,8.38,8.38,8.38,8.38,0
2016-08-30,8.38,8.38,8.38,8.38,0
2016-08-31,8.38,8.38,8.38,8.38,0
2016-09-01,8.38,8.38,8.38,8.38,0
2016-09-05,8.38,8.38,8.38,8.38,0
2016-09-06,8.38,8.38,8.38,8.38,0
2016-09-07,8.38,8.38,8.38,8.38,0
2016-09-08,8.38,8.38,8.38,8.38,0
2016-09-09,8.38,8.38,8.38,8.38,0
2016-09-12,8.38,8.38,8.38,8.38,0
2016-09-13,8.38,8.38,8.38,8.38,0
2016-09-14,8.38,8.38,8.38,8.38,0
2016-09-15,8.38,8.38,8.38,8.38,0
2016-09-16,8.38,8.38,8.38,8.38,0
2016-09-19,8.38,8.38,8.38,8.38,0
2016-09-20,8.38,8.38,8.38,8.38,0
2016-09-21,8.38,8.38,8.38,8.38,0
2016-09-22,8.38,8.38,8.38,8.38,0
2016-09-23,8.38,8.38,8.38,8.38,0
2016-09-26,8.38,8.38,8.38,8.38,0
2016-09-27,8.38,8.38,8.38,8.38,0
2016-09-28,8.38,8.38,8.38,8.38,0
2016-09-29,8.38,8.38,8.38,8.38,0
2016-09-30,8.38,8.38,8.38,8.38,0
2016-10-03,8.38,8.38,8.38,8.38,0
2016-10-04,8.38,8.38,8.38,8.38,0
2016-10-05,8.38,8.38,8.38,8.38,0
2016-10-06,8.38,8.38,8.38,8.38,0
2016-10-07,8.38,8.38,8.38,8.38,0
2016-10-10,8.38,8.38,8.38,8.38,0
2016-10-11,8.38,8.38,8.38,8.38,0
2016-10-12,8.38,8.38,8.38,8.38,0
2016-10-13,8.38,8.38,8.38,8.38,0
2016-10-14,8.38,8.38,8.38,8.38,0
2016-10-17,8.38,8.38,8.38,8.38,0
2016-10-18,8.38,8.38,8.38,8.38,0
2016-10-19,8.38,8.38,8.38,8.38,0
2016-10-20,8.38,8.38,8.38,8.38,0
2016-10-21,8.38,8.38,8.38,8.38,0
2016-10-24,8.38,8.38,8.38,8.38,0
2016-10-25,8.38,8.38,8.38,8.38,0
2016-10-26,8.38,8.38,8.38,8.38,0
2016-10-27,8.38,8.38,8.38,8.38,0
2016-10-28,8.38,8.38,8.38,8.38,0
2016-10-31,8.38,8.38,8.38,8.38,0
2016-11-01,8.38,8.38,8.38,8.38,0
2016-11-02,8.38,8.38,8.38,8.38,0
2016-11-03,8.38,8.38,8.38,8.38,0
2016-11-04,8.38,8.38,8.38,8.38,0
2016-11-07,8.38,8.38,8.38,8.38,0
2016-11-08,8.38,8.38,8.38,8.38,0
2016-11-09,8.38,8.38,8.38,8.38,0
2016-11-10,8.38,8.38,8.38,8.38,0
2016-11-11,8.38,8.38,8.38,8.38,0
2016-11-14,8.38,8.38,8.38,8.38,0
2016-11-15,5.03,5.03,5.03,5.03,200
2016-11-16,5.03,5.03,5.03,5.03,0
2016-11-17,5.03,5.03,5.03,5.03,0
2016-11-18,5.03,5.03,5.03,5.03,0
2016-11-21,5.03,5.03,5.03,5.03,0
2016-11-22,5.03,5.03,5.03,5.03,0
2016-11-23,5.03,5.03,5.03,5.03,0
2016-11-24,5.03,5.03,5.03,5.03,0
2016-11-25,5.03,5.03,5.03,5.03,0
2016-11-28,5.03,5.03,5.03,5.03,0
2016-11-29,5.03,5.03,5.03,5.03,0
2016-11-30,5.03,5.03,5.03,5.03,0
2016-12-01,5.03,5.03,5.03,5.03,0
2016-12-02,5.03,5.03,5.03,5.03,0
2016-12-05,5.03,5.03,5.03,5.03,0
2016-12-06,5.03,5.03,5.03,5.03,0
2016-12-07,5.03,5.03,5.03,5.03,0
2016-12-08,5.03,5.03,5.03,5.03,0
2016-12-09,5.03,5.03,5.03,5.03,0
2016-12-12,5.03,5.03,5.03,5.03,0
2016-12-13,5.03,5.03,5.03,5.03,0
2016-12-14,5.03,5.03,5.03,5.03,0
2016-12-15,5.03,5.03,5.03,5.03,0
2016-12-16,5.03,5.03,5.03,5.03,0
2016-12-19,5.03,5.03,5.03,5.03,0
2016-12-20,5.03,5.03,5.03,5.03,0
2016-12-21,5.03,5.03,5.03,5.03,0
2016-12-22,5.03,5.03,5.03,5.03,0
2016-12-23,5.03,5.03,5.03,5.03,0
2016-12-26,5.03,5.03,5.03,5.03,0
2016-12-27,5.03,5.03,5.03,5.03,0
2016-12-28,5.03,5.03,5.03,5.03,0
2016-12-29,5.03,5.03,5.03,5.03,0
2016-12-30,3.03,3.03,3.03,3.03,100
2017-01-03,3.03,3.03,3.03,3.03,0
2017-01-04,3.03,3.03,3.03,3.03,0
2017-01-05,3.03,3.03,3.03,3.03,0
2017-01-06,3.03,3.03,3.03,3.03,0
2017-01-09,3.03,3.03,3.03,3.03,0
2017-01-10,3.03,3.03,3.03,3.03,0
2017-01-11,3.03,3.03,3.03,3.03,0
2017-01-12,3.03,3.03,3.03,3.03,0
2017-01-13,3.03,3.03,3.03,3.03,0
2017-01-16,3.03,3.03,3.03,3.03,0
2017-01-17,3.03,3.03,3.03,3.03,0
2017-01-18,3.03,3.03,3.03,3.03,0
2017-01-19,3.03,3.03,3.03,3.03,0
2017-01-20,3.03,3.03,3.03,3.03,0
2017-01-23,3.03,3.03,3.03,3.03,0
2017-01-24,3.03,3.03,3.03,3.03,0
2017-01-25,3.03,3.03,3.03,3.03,0
2017-02-02,3.03,3.03,3.03,3.03,0
2017-02-03,3.03,3.03,3.03,3.03,0
2017-02-06,3.03,3.03,3.03,3.03,0
2017-02-07,3.03,3.03,3.03,3.03,0
2017-02-08,3.03,3.03,3.03,3.03,0
2017-02-09,3.03,3.03,3.03,3.03,0
2017-02-10,3.03,3.03,3.03,3.03,0
2017-02-13,3.03,3.03,3.03,3.03,0
2017-02-14,3.03,3.03,3.03,3.03,0
2017-02-15,3.03,3.03,3.03,3.03,0
2017-02-16,3.03,3.03,3.03,3.03,0
2017-02-17,3.03,3.03,3.03,3.03,0
2017-02-20,3.03,3.03,3.03,3.03,0
2017-02-21,3.03,3.03,3.03,3.03,0
2017-02-22,3.03,3.03,3.03,3.03,0
2017-02-23,3.03,3.03,3.03,3.03,0
2017-02-24,3.03,3.03,3.03,3.03,0
2017-02-27,3.03,3.03,3.03,3.03,0
2017-02-28,3.03,3.03,3.03,3.03,0
2017-03-01,3.03,3.03,3.03,3.03,0
2017-03-02,3.03,3.03,3.03,3.03,0
2017-03-03,3.03,3.03,3.03,3.03,0
2017-03-06,3.03,3.03,3.03,3.03,0
2017-03-07,3.03,3.03,3.03,3.03,0
2017-03-08,3.03,3.03,3.03,3.03,0
2017-03-09,3.03,3.03,3.03,3.03,0
2017-03-10,3.03,3.03,3.03,3.03,0
2017-03-13,3.03,3.03,3.03,3.03,0
2017-03-14,3.03,3.03,3.03,3.03,0
2017-03-15,3.03,3.03,3.03,3.03,0
2017-03-16,3.03,3.03,3.03,3.03,0
2017-03-17,3.03,3.03,3.03,3.03,0
2017-03-20,3.03,3.03,3.03,3.03,0
2017-03-21,3.03,3.03,3.03,3.03,0
2017-03-22,3.03,3.03,3.03,3.03,0
2017-03-23,3.03,3.03,3.03,3.03,0
2017-03-24,3.03,3.03,3.03,3.03,0
2017-03-27,3.03,3.03,3.03,3.03,0
2017-03-28,3.03,3.03,3.03,3.03,0
2017-03-29,3.03,3.03,3.03,3.03,0
2017-03-30,3.03,3.03,3.03,3.03,0
2017-03-31,3.03,3.03,3.03,3.03,0
2017-04-03,3.03,3.03,3.03,3.03,0
2017-04-04,3.03,3.03,3.03,3.03,0
2017-04-05,3.03,3.03,3.03,3.03,0
2017-04-07,3.03,3.03,3.03,3.03,0
2017-04-10,3.03,3.03,3.03,3.03,0
2017-04-11,3.03,3.03,3.03,3.03,0
2017-04-12,3.03,3.03,3.03,3.03,0
2017-04-13,3.03,3.03,3.03,3.03,0
2017-04-14,3.03,3.03,3.03,3.03,0
2017-04-17,3.03,3.03,3.03,3.03,0
2017-04-18,2.9,2.9,2.9,2.9,2000
2017-04-19,2.9,2.9,2.9,2.9,0
2017-04-20,2.9,2.9,2.9,2.9,0
2017-04-21,2.9,2.9,2.9,2.9,0
2017-04-24,2.9,2.9,2.9,2.9,0
2017-04-25,2.9,2.9,2.9,2.9,0
2017-04-26,2.9,2.9,2.9,2.9,0
2017-04-27,2.9,2.9,2.9,2.9,0
2017-04-28,2.9,2.9,2.9,2.9,0
2017-05-03,2.9,2.9,2.9,2.9,0
2017-05-04,2.9,2.9,2.9,2.9,0
2017-05-05,2.9,2.9,2.9,2.9,0
2017-05-08,2.9,2.9,2.9,2.9,0
2017-05-09,2.9,2.9,2.9,2.9,0
2017-05-10,2.9,2.9,2.9,2.9,0
2017-05-11,2.9,2.9,2.9,2.9,0
2017-05-12,2.9,2.9,2.9,2.9,0
2017-05-15,2.9,2.9,2.9,2.9,0
2017-05-16,2.9,2.9,2.9,2.9,0
2017-05-17,2.9,2.9,2.9,2.9,0
2017-05-18,2.9,2.9,2.9,2.9,0
2017-05-19,2.9,2.9,2.9,2.9,0
2017-05-22,2.9,2.9,2.9,2.9,0
2017-05-23,2.9,2.9,2.9,2.9,0
2017-05-24,2.9,2.9,2.9,2.9,0
2017-05-25,2.9,2.9,2.9,2.9,0
2017-05-26,2.9,2.9,2.9,2.9,0
2017-05-29,2.9,2.9,2.9,2.9,0
2017-05-30,2.9,2.9,2.9,2.9,0
2017-05-31,2.9,2.9,2.9,2.9,0
2017-06-01,2.9,2.9,2.9,2.9,0
2017-06-02,2.9,2.9,2.9,2.9,0
2017-06-05,2.9,2.9,2.9,2.9,0
2017-06-06,2.9,2.9,2.9,2.9,0
2017-06-07,2.9,2.9,2.9,2.9,0
2017-06-08,2.9,2.9,2.9,2.9,0
2017-06-09,2.9,2.9,2.9,2.9,0
2017-06-12,2.9,2.9,2.9,2.9,0
2017-06-13,2.9,2.9,2.9,2.9,0
2017-06-14,2.9,2.9,2.9,2.9,0
2017-06-15,2.9,2.9,2.9,2.9,0
2017-06-16,2.9,2.9,2.9,2.9,0
2017-06-19,2.9,2.9,2.9,2.9,0
2017-06-20,2.9,2.9,2.9,2.9,0
2017-06-21,2.9,2.9,2.9,2.9,0
2017-06-22,2.9,2.9,2.9,2.9,0
2017-06-23,2.9,2.9,2.9,2.9,0
2017-06-26,2.9,2.9,2.9,2.9,0
2017-06-27,2.9,2.9,2.9,2.9,0
2017-06-28,2.9,2.9,2.9,2.9,0
2017-06-29,2.58,2.58,2.58,2.58,200
2017-06-30,2.58,2.58,2.58,2.58,0
2017-07-03,2.58,2.58,2.58,2.58,0
2017-07-04,2.58,2.58,2.58,2.58,0
2017-07-05,2.58,2.58,2.58,2.58,0
2017-07-06,2.58,2.58,2.58,2.58,0
2017-07-07,2.97,2.97,2.97,2.97,500
2017-07-10,3.35,3.35,3.35,3.35,300
2017-07-11,3.8,3.8,3.8,3.8,100
2017-07-12,4.32,4.32,4.32,4.32,100
2017-07-13,4.32,4.32,4.32,4.32,0
2017-07-14,3.67,3.67,3.67,3.67,100
2017-07-17,4.19,4.19,4.19,4.19,300
2017-07-18,4.77,4.77,4.77,4.77,300
2017-07-19,5.48,5.48,5.48,5.48,1300
2017-07-20,6.25,6.25,6.25,6.25,500
2017-07-21,6.25,6.25,6.25,6.25,0
2017-07-24,6.25,6.25,6.25,6.25,0
2017-07-25,5.61,5.61,5.61,5.61,400
2017-07-26,6.45,6.45,5.61,5.61,2600
2017-07-27,5.48,6.45,5.48,5.48,700
2017-07-28,5.61,5.61,5.61,5.61,200
2017-07-31,5.61,5.61,5.61,5.61,0
2017-08-01,5.61,5.61,5.61,5.61,0
2017-08-02,5.61,5.61,5.61,5.61,0
2017-08-03,4.77,6.45,4.77,6.45,400
2017-08-04,5.61,5.61,5.61,5.61,0
2017-08-07,6.39,6.39,6.39,6.39,200
2017-08-08,6.39,6.39,6.39,6.39,0
2017-08-09,6.39,6.39,6.39,6.39,0
2017-08-10,6.39,6.39,6.39,6.39,0
2017-08-11,6.39,6.39,6.39,6.39,0
2017-08-14,6.39,6.39,6.39,6.39,0
2017-08-15,5.48,5.48,5.48,5.48,500
2017-08-16,5.48,5.48,5.48,5.48,0
2017-08-17,5.48,5.48,5.48,5.48,0
2017-08-18,4.7,6.26,4.7,6.26,600
2017-08-21,6.0,6.0,6.0,6.0,1000
2017-08-22,6.85,6.85,5.15,5.15,400
2017-08-23,6.85,6.85,6.85,6.85,500
2017-08-24,6.85,6.85,6.85,6.85,0
2017-08-25,6.85,7.83,5.87,7.83,4300
2017-08-28,7.76,7.76,7.76,7.76,0
2017-08-29,7.76,7.76,7.76,7.76,0
2017-08-30,7.76,7.76,7.76,7.76,0
2017-08-31,6.65,8.15,6.65,8.15,200
2017-09-01,7.43,7.43,7.43,7.43,0
2017-09-05,7.43,7.43,7.43,7.43,300
2017-09-06,7.43,7.43,7.43,7.43,0
2017-09-07,7.43,7.43,7.43,7.43,0
2017-09-08,7.43,7.43,7.43,7.43,0
2017-09-11,7.43,7.43,7.43,7.43,0
2017-09-12,7.43,7.43,7.43,7.43,0
2017-09-13,7.43,7.43,7.43,7.43,0
2017-09-14,7.43,7.43,7.43,7.43,0
2017-09-15,7.43,7.43,7.43,7.43,0
2017-09-18,7.43,7.43,7.43,7.43,0
2017-09-19,7.43,7.43,7.43,7.43,0
2017-09-20,7.43,7.43,7.43,7.43,0
2017-09-21,7.43,7.43,7.43,7.43,0
2017-09-22,7.5,7.5,7.5,7.5,300
2017-09-25,7.5,7.5,7.5,7.5,0
2017-09-26,7.5,7.5,7.5,7.5,0
2017-09-27,7.5,7.5,7.5,7.5,0
2017-09-28,7.5,7.5,7.5,7.5,0
2017-09-29,7.5,7.5,7.5,7.5,0
2017-10-02,6.39,6.39,6.39,6.39,100
2017-10-03,7.17,7.17,7.17,7.17,500
2017-10-04,7.17,7.17,7.17,7.17,0
2017-10-05,7.17,7.17,7.17,7.17,0
2017-10-06,7.17,7.17,7.17,7.17,0
2017-10-09,7.17,7.17,7.17,7.17,0
2017-10-10,7.17,7.17,7.17,7.17,0
2017-10-11,7.17,7.17,7.17,7.17,0
2017-10-12,7.17,7.17,7.17,7.17,0
2017-10-13,7.17,7.17,7.17,7.17,0
2017-10-16,7.17,7.17,7.17,7.17,0
2017-10-17,7.17,7.17,7.17,7.17,100
2017-10-18,7.17,7.17,7.17,7.17,0
2017-10-19,7.17,7.17,7.17,7.17,0
2017-10-20,7.17,7.17,7.17,7.17,0
2017-10-23,7.17,7.17,7.17,7.17,0
2017-10-24,7.17,7.17,7.17,7.17,0
2017-10-25,7.17,7.17,7.17,7.17,0
2017-10-26,7.17,7.17,7.17,7.17,0
2017-10-27,7.17,7.17,7.17,7.17,0
2017-10-30,7.17,7.17,7.17,7.17,0
2017-10-31,7.17,7.17,7.17,7.17,0
2017-11-01,7.17,7.17,7.17,7.17,0
2017-11-02,7.17,7.17,7.17,7.17,0
2017-11-03,7.17,7.17,7.17,7.17,0
2017-11-06,7.17,7.17,7.17,7.17,0
2017-11-07,7.17,7.17,7.17,7.17,0
2017-11-08,7.17,7.17,7.17,7.17,0
2017-11-09,7.17,7.17,7.17,7.17,0
2017-11-10,7.17,7.17,7.17,7.17,0
2017-11-13,7.17,7.17,7.17,7.17,0
2017-11-14,7.17,7.17,7.17,7.17,0
2017-11-15,7.17,7.17,7.17,7.17,0
2017-11-16,7.17,7.17,7.17,7.17,0
2017-11-17,7.17,7.17,7.17,7.17,0
2017-11-20,7.17,7.17,7.17,7.17,0
2017-11-21,7.17,7.17,7.17,7.17,0
2017-11-22,7.17,7.17,7.17,7.17,0
2017-11-23,7.17,7.17,7.17,7.17,0
2017-11-24,7.17,7.17,7.17,7.17,0
2017-11-27,7.17,7.17,7.17,7.17,0
2017-11-28,7.17,7.17,7.17,7.17,0
2017-11-29,7.17,7.17,7.17,7.17,0
2017-11-30,7.17,7.17,7.17,7.17,0
2017-12-01,7.17,7.17,7.17,7.17,0
2017-12-04,7.17,7.17,7.17,7.17,0
2017-12-05,7.17,7.17,7.17,7.17,0
2017-12-06,7.17,7.17,7.17,7.17,0
2017-12-07,7.17,7.17,7.17,7.17,0
2017-12-08,7.17,7.17,7.17,7.17,0
2017-12-11,7.17,7.17,7.17,7.17,0
2017-12-12,7.17,7.17,7.17,7.17,0
2017-12-13,7.17,7.17,7.17,7.17,0
2017-12-14,7.17,7.17,7.17,7.17,0
2017-12-15,7.17,7.17,7.17,7.17,0
2017-12-18,7.17,7.17,7.17,7.17,0
2017-12-19,7.17,7.17,7.17,7.17,0
2017-12-20,7.17,7.17,7.17,7.17,0
2017-12-21,7.17,7.17,7.17,7.17,0
2017-12-22,7.17,7.17,7.17,7.17,0
2017-12-25,7.17,7.17,7.17,7.17,0
2017-12-26,7.17,7.17,7.17,7.17,0
2017-12-27,7.17,7.17,7.17,7.17,0
2017-12-28,7.17,7.17,7.17,7.17,0
2017-12-29,7.17,7.17,7.17,7.17,0
2018-01-02,7.17,7.17,7.17,7.17,0
2018-01-03,7.17,7.17,7.17,7.17,0
2018-01-04,7.17,7.17,7.17,7.17,0
2018-01-05,7.17,7.17,7.17,7.17,0
2018-01-08,7.17,7.17,7.17,7.17,0
2018-01-09,7.17,7.17,7.17,7.17,0
2018-01-10,7.17,7.17,7.17,7.17,0
2018-01-11,7.17,7.17,7.17,7.17,0
2018-01-12,7.17,7.17,7.17,7.17,0
2018-01-15,7.17,7.17,7.17,7.17,0
2018-01-16,7.17,7.17,7.17,7.17,0
2018-01-17,7.17,7.17,7.17,7.17,0
2018-01-18,7.17,7.17,7.17,7.17,0
2018-01-19,7.17,7.17,7.17,7.17,0
2018-01-22,7.17,7.17,7.17,7.17,0
2018-01-23,7.17,7.17,7.17,7.17,0
2018-01-24,7.17,7.17,7.17,7.17,0
2018-01-25,7.17,7.17,7.17,7.17,0
2018-01-26,7.17,7.17,7.17,7.17,0
2018-01-29,7.17,7.17,7.17,7.17,0
2018-01-30,7.17,7.17,7.17,7.17,0
2018-01-31,7.17,7.17,7.17,7.17,0
2018-02-01,6.52,6.52,6.52,6.52,7500
2018-02-02,6.52,6.52,6.52,6.52,0
2018-02-05,6.52,6.52,6.52,6.52,0
2018-02-06,6.52,6.52,6.52,6.52,0
2018-02-07,6.52,6.52,6.52,6.52,0
2018-02-08,6.52,6.52,6.52,6.52,0
2018-02-09,6.52,6.52,6.52,6.52,0
2018-02-12,6.52,6.52,6.52,6.52,0
2018-02-13,6.52,6.52,6.52,6.52,0
2018-02-21,6.52,6.52,6.52,6.52,0
2018-02-22,6.52,6.52,6.52,6.52,0
2018-02-23,6.52,6.52,6.52,6.52,0
2018-02-26,6.52,6.52,6.52,6.52,0
2018-02-27,6.52,6.52,6.52,6.52,0
2018-02-28,6.52,6.52,6.52,6.52,0
2018-03-01,6.52,6.52,6.52,6.52,0
2018-03-02,6.52,6.52,6.52,6.52,0
2018-03-05,6.52,6.52,6.52,6.52,0
2018-03-06,6.52,6.52,6.52,6.52,0
2018-03-07,6.52,6.52,6.52,6.52,0
2018-03-08,6.52,6.52,6.52,6.52,0
2018-03-09,6.52,6.52,6.52,6.52,0
2018-03-12,6.52,6.52,6.52,6.52,0
2018-03-13,6.52,6.52,6.52,6.52,0
2018-03-14,6.52,6.52,6.52,6.52,0
2018-03-15,6.52,6.52,6.52,6.52,0
2018-03-16,6.52,6.52,6.52,6.52,0
2018-03-19,6.52,6.52,6.52,6.52,0
2018-03-20,6.52,6.52,6.52,6.52,0
2018-03-21,6.52,6.52,6.52,6.52,0
2018-03-22,6.52,6.52,6.52,6.52,0
2018-03-23,6.52,6.52,6.52,6.52,0
2018-03-26,6.52,6.52,6.52,6.52,0
2018-03-27,6.52,6.52,6.52,6.52,0
2018-03-28,6.52,6.52,6.52,6.52,0
2018-03-29,6.52,6.52,6.52,6.52,0
2018-03-30,6.52,6.52,6.52,6.52,0
2018-04-02,6.52,6.52,6.52,6.52,0
2018-04-03,6.52,6.52,6.52,6.52,0
2018-04-04,6.52,6.52,6.52,6.52,0
2018-04-05,6.52,6.52,6.52,6.52,0
2018-04-06,6.52,6.52,6.52,6.52,0
2018-04-09,6.52,6.52,6.52,6.52,0
2018-04-10,6.52,6.52,6.52,6.52,0
2018-04-11,6.52,6.52,6.52,6.52,0
2018-04-12,6.52,6.52,6.52,6.52,0
2018-04-13,6.52,6.52,6.52,6.52,0
2018-04-16,6.52,6.52,6.52,6.52,0
2018-04-17,6.52,6.52,6.52,6.52,0
2018-04-18,6.52,6.52,6.52,6.52,0
2018-04-19,6.52,6.52,6.52,6.52,0
2018-04-20,6.52,6.52,6.52,6.52,0
2018-04-23,6.52,6.52,6.52,6.52,0
2018-04-24,6.52,6.52,6.52,6.52,0
2018-04-26,6.52,6.52,6.52,6.52,0
2018-04-27,6.52,6.52,6.52,6.52,0
2018-05-02,6.52,6.52,6.52,6.52,0
2018-05-03,6.52,6.52,6.52,6.52,0
2018-05-04,6.52,6.52,6.52,6.52,0
2018-05-07,6.52,6.52,6.52,6.52,0
2018-05-08,6.52,6.52,6.52,6.52,0
2018-05-09,6.52,6.52,6.52,6.52,0
2018-05-10,6.52,6.52,6.52,6.52,0
2018-05-11,6.52,6.52,6.52,6.52,0
2018-05-14,6.52,6.52,6.52,6.52,0
2018-05-15,6.52,6.52,6.52,6.52,0
2018-05-16,6.52,6.52,6.52,6.52,0
2018-05-17,6.52,6.52,6.52,6.52,0
2018-05-18,6.52,6.52,6.52,6.52,0
2018-05-21,6.52,6.52,6.52,6.52,0
2018-05-22,6.52,6.52,6.52,6.52,0
2018-05-23,6.52,6.52,6.52,6.52,0
2018-05-24,6.52,6.52,6.52,6.52,0
2018-05-25,6.52,6.52,6.52,6.52,0
2018-05-28,6.52,6.52,6.52,6.52,0
2018-05-29,6.52,6.52,6.52,6.52,0
2018-05-30,6.52,6.52,6.52,6.52,0
2018-05-31,6.52,6.52,6.52,6.52,0
2018-06-01,6.52,6.52,6.52,6.52,0
2018-06-04,6.54,6.54,6.54,6.54,0
2018-06-05,6.54,6.54,6.54,6.54,0
2018-06-06,6.54,6.54,6.54,6.54,0
2018-06-07,6.54,6.54,6.54,6.54,0
2018-06-08,6.54,6.54,6.54,6.54,0
2018-06-11,6.54,6.54,6.54,6.54,0
2018-06-12,6.54,6.54,6.54,6.54,0
2018-06-13,6.54,6.54,6.54,6.54,0
2018-06-14,6.54,6.54,6.54,6.54,0
2018-06-15,6.54,6.54,6.54,6.54,0
2018-06-18,6.54,6.54,6.54,6.54,0
2018-06-19,6.54,6.54,6.54,6.54,0
2018-06-20,6.54,6.54,6.54,6.54,0
2018-06-21,6.54,6.54,6.54,6.54,0
2018-06-22,6.54,6.54,6.54,6.54,0
2018-06-25,6.54,6.54,6.54,6.54,0
2018-06-26,6.54,6.54,6.54,6.54,0
2018-06-27,6.54,6.54,6.54,6.54,0
2018-06-28,6.54,6.54,6.54,6.54,0
2018-06-29,6.54,6.54,6.54,6.54,0
2018-07-02,6.54,6.54,6.54,6.54,0
2018-07-03,6.54,6.54,6.54,6.54,0
2018-07-04,6.54,6.54,6.54,6.54,0
2018-07-05,6.54,6.54,6.54,6.54,0
2018-07-06,6.54,6.54,6.54,6.54,0
2018-07-09,6.54,6.54,6.54,6.54,0
2018-07-10,6.54,6.54,6.54,6.54,0
2018-07-11,6.54,6.54,6.54,6.54,0
2018-07-12,6.54,6.54,6.54,6.54,0
2018-07-13,6.54,6.54,6.54,6.54,0
2018-07-16,6.54,6.54,6.54,6.54,0
2018-07-17,6.54,6.54,6.54,6.54,0
2018-07-18,6.54,6.54,6.54,6.54,0
2018-07-19,6.54,6.54,6.54,6.54,0
2018-07-20,6.54,6.54,6.54,6.54,0
2018-07-23,6.54,6.54,6.54,6.54,0
2018-07-24,6.54,6.54,6.54,6.54,0
2018-07-25,6.54,6.54,6.54,6.54,0
2018-07-26,6.54,6.54,6.54,6.54,0
2018-07-27,6.54,6.54,6.54,6.54,0
2018-07-30,6.54,6.54,6.54,6.54,0
2018-07-31,6.54,6.54,6.54,6.54,0
2018-08-01,6.54,6.54,6.54,6.54,0
2018-08-02,6.54,6.54,6.54,6.54,0
2018-08-03,6.54,6.54,6.54,6.54,0
2018-08-06,6.54,6.54,6.54,6.54,0
2018-08-07,6.54,6.54,6.54,6.54,0
2018-08-08,6.54,6.54,6.54,6.54,0
2018-08-09,6.54,6.54,6.54,6.54,0
2018-08-10,6.54,6.54,6.54,6.54,0
2018-08-13,6.54,6.54,6.54,6.54,0
2018-08-14,6.54,6.54,6.54,6.54,0
2018-08-15,6.54,6.54,6.54,6.54,0
2018-08-16,6.54,6.54,6.54,6.54,0
2018-08-17,6.54,6.54,6.54,6.54,0
2018-08-20,6.54,6.54,6.54,6.54,0
2018-08-21,6.54,6.54,6.54,6.54,0
2018-08-22,6.54,6.54,6.54,6.54,0
2018-08-23,6.54,6.54,6.54,6.54,0
2018-08-24,6.54,6.54,6.54,6.54,0
2018-08-27,6.54,6.54,6.54,6.54,0
2018-08-28,6.54,6.54,6.54,6.54,0
2018-08-29,6.54,6.54,6.54,6.54,0
2018-08-30,6.54,6.54,6.54,6.54,0
2018-08-31,6.54,6.54,6.54,6.54,0
2018-09-04,6.54,6.54,6.54,6.54,0
2018-09-05,6.54,6.54,6.54,6.54,0
2018-09-06,6.54,6.54,6.54,6.54,0
2018-09-07,6.54,6.54,6.54,6.54,0
2018-09-10,6.54,6.54,6.54,6.54,0
2018-09-11,6.54,6.54,6.54,6.54,0
2018-09-12,6.54,6.54,6.54,6.54,0
2018-09-13,6.54,6.54,6.54,6.54,0
2018-09-14,6.54,6.54,6.54,6.54,0
2018-09-17,6.54,6.54,6.54,6.54,0
2018-09-18,6.54,6.54,6.54,6.54,0
2018-09-19,6.54,6.54,6.54,6.54,0
2018-09-20,6.54,6.54,6.54,6.54,0
2018-09-21,6.54,6.54,6.54,6.54,0
2018-09-24,6.54,6.54,6.54,6.54,0
2018-09-25,6.54,6.54,6.54,6.54,0
2018-09-26,6.54,6.54,6.54,6.54,0
2018-09-27,6.54,6.54,6.54,6.54,0
2018-09-28,6.54,6.54,6.54,6.54,0
2018-10-01,6.54,6.54,6.54,6.54,0
2018-10-02,6.54,6.54,6.54,6.54,0
2018-10-03,6.54,6.54,6.54,6.54,0
2018-10-04,6.54,6.54,6.54,6.54,0
2018-10-05,6.54,6.54,6.54,6.54,0
2018-10-08,6.54,6.54,6.54,6.54,0
2018-10-09,6.54,6.54,6.54,6.54,0
2018-10-10,6.54,6.54,6.54,6.54,0
2018-10-11,6.54,6.54,6.54,6.54,0
2018-10-12,6.54,6.54,6.54,6.54,0
2018-10-15,6.54,6.54,6.54,6.54,0
2018-10-16,6.54,6.54,6.54,6.54,0
2018-10-17,6.54,6.54,6.54,6.54,0
2018-10-18,6.54,6.54,6.54,6.54,0
2018-10-19,6.54,6.54,6.54,6.54,0
2018-10-22,6.54,6.54,6.54,6.54,0
2018-10-23,6.54,6.54,6.54,6.54,0
2018-10-24,6.54,6.54,6.54,6.54,0
2018-10-25,6.54,6.54,6.54,6.54,0
2018-10-26,6.54,6.54,6.54,6.54,0
2018-10-29,6.54,6.54,6.54,6.54,0
2018-10-30,6.54,6.54,6.54,6.54,0
2018-10-31,6.54,6.54,6.54,6.54,0
2018-11-01,6.54,6.54,6.54,6.54,0
2018-11-02,6.54,6.54,6.54,6.54,0
2018-11-05,6.54,6.54,6.54,6.54,0
2018-11-06,6.54,6.54,6.54,6.54,0
2018-11-07,6.54,6.54,6.54,6.54,0
2018-11-08,6.54,6.54,6.54,6.54,0
2018-11-09,6.54,6.54,6.54,6.54,0
2018-11-12,6.54,6.54,6.54,6.54,0
2018-11-13,6.54,6.54,6.54,6.54,0
2018-11-14,6.54,6.54,6.54,6.54,0
2018-11-15,6.54,6.54,6.54,6.54,0
2018-11-16,6.54,6.54,6.54,6.54,0
2018-11-19,6.54,6.54,6.54,6.54,0
2018-11-20,6.54,6.54,6.54,6.54,0
2018-11-21,6.54,6.54,6.54,6.54,0
2018-11-22,6.54,6.96,6.96,6.96,0
2018-11-23,6.54,6.96,6.96,6.96,0
2018-11-26,6.54,6.96,6.96,6.96,0
2018-11-27,6.54,6.96,6.96,6.96,0
2018-11-28,6.54,6.96,6.96,6.96,0
2018-11-29,6.54,6.96,6.96,6.96,0
2018-11-30,6.54,6.96,6.96,6.96,0
2018-12-03,6.54,6.96,6.96,6.96,0
2018-12-04,6.54,6.96,6.96,6.96,0
2018-12-05,6.54,6.96,6.96,6.96,0
2018-12-06,6.54,6.96,6.96,6.96,0
2018-12-07,6.54,6.96,6.96,6.96,0
2018-12-10,6.54,6.96,6.96,6.96,0
2018-12-11,6.54,6.96,6.96,6.96,0
2018-12-12,6.54,6.96,6.96,6.96,0
2018-12-13,6.54,6.96,6.96,6.96,0
2018-12-14,6.54,6.54,6.54,6.54,0
2018-12-17,6.54,6.96,6.96,6.96,0
2018-12-18,6.54,6.96,6.96,6.96,0
2018-12-19,6.54,6.96,6.96,6.96,0
2018-12-20,6.54,6.96,6.96,6.96,0
2018-12-21,6.54,6.96,6.96,6.96,0
2018-12-24,6.54,6.96,6.96,6.96,0
2018-12-25,6.54,6.96,6.96,6.96,0
2018-12-26,6.54,6.54,6.54,6.54,0
2018-12-27,6.54,6.96,6.96,6.96,0
2018-12-28,6.54,6.96,6.96,6.96,0
2019-01-02,6.54,6.96,6.96,6.96,0
2019-01-03,6.54,6.96,6.96,6.96,0
2019-01-04,6.54,6.96,6.96,6.96,0
2019-01-07,6.54,6.96,6.96,6.96,0
2019-01-08,6.54,6.96,6.96,6.96,0
2019-01-09,6.54,6.96,6.96,6.96,0
2019-01-10,6.54,6.96,6.96,6.96,0
2019-01-11,6.54,6.96,6.96,6.96,0
2019-01-14,6.54,6.96,6.96,6.96,0
2019-01-15,6.54,6.96,6.96,6.96,0
2019-01-16,6.54,6.96,6.96,6.96,0
2019-01-17,6.54,6.96,6.96,6.96,0
2019-01-18,6.54,6.96,6.96,6.96,0
2019-01-21,6.54,6.96,6.96,6.96,0
2019-01-22,6.54,6.96,6.96,6.96,0
2019-01-23,6.54,6.96,6.96,6.96,0
2019-01-24,6.54,6.96,6.96,6.96,0
2019-01-25,6.54,6.96,6.96,6.96,0
2019-01-28,6.54,6.96,6.96,6.96,0
2019-01-29,6.54,6.96,6.96,6.96,0
2019-01-30,6.54,6.96,6.96,6.96,0
2019-01-31,6.54,6.96,6.96,6.96,0
2019-02-01,6.54,6.96,6.96,6.96,0
2019-02-11,6.54,6.96,6.96,6.96,0
2019-02-12,6.54,6.96,6.96,6.96,0
2019-02-13,6.54,6.96,6.96,6.96,0
2019-02-14,6.54,6.96,6.96,6.96,0
2019-02-15,6.54,6.96,6.96,6.96,0
2019-02-18,6.54,6.96,6.96,6.96,0
2019-02-19,6.54,6.96,6.96,6.96,0
2019-02-20,6.54,6.96,6.96,6.96,0
2019-02-21,6.54,6.96,6.96,6.96,0
2019-02-22,6.54,6.96,6.96,6.96,0
2019-02-25,6.54,6.96,6.96,6.96,0
2019-02-26,6.54,6.96,6.96,6.96,0
2019-02-27,6.54,6.96,6.96,6.96,0
2019-02-28,6.54,6.96,6.96,6.96,0
2019-03-01,6.54,6.96,6.96,6.96,0
2019-03-04,6.54,6.96,6.96,6.96,0
2019-03-05,6.54,6.96,6.96,6.96,0
2019-03-06,6.54,6.96,6.96,6.96,0
2019-03-07,6.54,6.96,6.96,6.96,0
2019-03-08,6.54,6.96,6.96,6.96,0
2019-03-11,6.54,6.96,6.96,6.96,0
2019-03-12,6.54,6.96,6.96,6.96,0
2019-03-13,6.54,6.96,6.96,6.96,0
2019-03-14,6.54,6.96,6.96,6.96,0
2019-03-15,8.35,8.35,8.35,8.35,300
2019-03-18,9.05,9.05,9.05,9.05,100
2019-03-19,9.05,9.05,8.35,8.35,1800
2019-03-20,9.05,9.05,9.05,9.05,300
2019-03-21,9.05,9.05,8.7,9.05,3200
2019-03-22,8.98,8.98,8.98,8.98,300
2019-03-25,9.05,9.05,9.05,9.05,2000
2019-03-26,9.05,9.05,9.05,9.05,3000
2019-03-27,9.05,9.05,9.05,9.05,10000
2019-03-28,9.05,9.05,9.05,9.05,1000
2019-03-29,9.05,9.05,9.05,9.05,0
2019-04-01,9.05,9.05,9.05,9.05,0
2019-04-02,8.7,8.7,8.7,8.7,100
2019-04-03,8.7,8.7,8.7,8.7,0
2019-04-04,8.7,8.7,8.7,8.7,0
2019-04-05,8.35,8.35,8.35,8.35,200
2019-04-08,8.35,8.35,8.35,8.35,0
2019-04-09,8.35,8.35,8.35,8.35,0
2019-04-10,9.05,9.05,9.05,9.05,900
2019-04-11,9.05,9.05,9.05,9.05,0
2019-04-12,9.05,9.05,9.05,9.05,0
2019-04-16,9.05,9.05,9.05,9.05,0
2019-04-17,9.05,9.05,9.05,9.05,0
2019-04-18,9.05,9.05,9.05,9.05,0
2019-04-19,9.05,9.05,9.05,9.05,0
2019-04-22,9.05,9.05,9.05,9.05,0
2019-04-23,9.05,9.05,9.05,9.05,0
2019-04-24,9.05,9.05,9.05,9.05,0
2019-04-25,10.37,10.37,10.37,10.37,100
2019-04-26,11.9,11.9,11.9,11.9,100
2019-05-02,11.9,11.9,11.9,11.9,0
2019-05-03,11.9,11.9,11.9,11.9,0
2019-05-06,11.9,11.9,11.9,11.9,0
2019-05-07,11.9,11.9,11.9,11.9,0
2019-05-08,11.9,11.9,11.9,11.9,0
2019-05-09,11.9,11.9,11.9,11.9,0
2019-05-10,11.9,11.9,11.9,11.9,0
2019-05-13,11.9,11.9,11.9,11.9,0
2019-05-14,11.9,11.9,11.9,11.9,0
2019-05-15,11.9,13.22,11.9,13.22,1400
2019-05-16,12.95,13.22,13.22,13.22,0
2019-05-17,12.95,13.22,13.22,13.22,0
2019-05-20,12.95,13.22,13.22,13.22,0
2019-05-21,12.95,13.22,13.22,13.22,0
2019-05-22,12.95,13.22,13.22,13.22,0
2019-05-23,12.95,13.22,13.22,13.22,0
2019-05-24,12.95,13.22,13.22,13.22,0
2019-05-27,12.95,13.22,13.22,13.22,0
2019-05-28,12.95,13.22,13.22,13.22,0
2019-05-29,12.95,13.22,13.22,13.22,0
2019-05-30,12.95,13.22,13.22,13.22,0
2019-05-31,12.95,13.22,13.22,13.22,0
2019-06-03,14.82,14.82,11.07,11.07,1300
2019-06-04,13.64,13.64,12.6,13.64,600
2019-06-05,15.31,15.31,13.43,13.43,800
2019-06-06,15.03,15.03,12.81,12.81,1700
2019-06-07,11.14,11.14,11.14,11.14,100
2019-06-10,10.16,10.16,10.09,10.09,1500
2019-06-11,9.74,9.74,9.05,9.05,3100
2019-06-12,9.05,9.05,9.05,9.05,600
2019-06-13,9.05,9.05,9.05,9.05,0
2019-06-14,9.05,9.05,9.05,9.05,0
2019-06-17,9.05,9.05,9.05,9.05,0
2019-06-18,9.05,9.05,9.05,9.05,0
2019-06-19,9.05,9.05,9.05,9.05,0
2019-06-20,8.7,8.7,8.7,8.7,500
2019-06-21,8.7,8.7,8.7,8.7,1000
2019-06-24,8.7,8.7,8.7,8.7,500
2019-06-25,8.7,8.7,8.7,8.7,500
2019-06-26,8.7,8.7,8.7,8.7,0
2019-06-27,8.7,8.7,8.7,8.7,0
2019-06-28,8.7,8.7,8.7,8.7,0
2019-07-01,8.7,8.7,8.7,8.7,0
2019-07-02,8.7,8.7,8.7,8.7,0
2019-07-03,8.7,8.7,8.7,8.7,0
2019-07-04,8.7,8.7,8.7,8.7,0
2019-07-05,9.05,9.05,9.05,9.05,500
2019-07-08,9.05,9.05,9.05,9.05,500
2019-07-09,9.05,9.05,9.05,9.05,0
2019-07-10,9.05,9.05,7.73,7.73,1100
2019-07-11,8.91,7.73,7.73,7.73,0
2019-07-12,8.91,7.73,7.73,7.73,0
2019-07-15,8.91,7.73,7.73,7.73,0
2019-07-16,9.05,9.05,9.05,9.05,2000
2019-07-17,9.05,9.05,9.05,9.05,0
2019-07-18,9.05,9.05,9.05,9.05,500
2019-07-19,9.05,9.05,9.05,9.05,800
2019-07-22,9.05,9.05,9.05,9.05,0
2019-07-23,9.05,9.05,9.05,9.05,1000
2019-07-24,9.05,9.05,9.05,9.05,0
2019-07-25,9.05,9.05,9.05,9.05,0
2019-07-26,9.05,9.05,9.05,9.05,800
2019-07-29,9.05,9.05,9.05,9.05,0
2019-07-30,9.05,9.05,9.05,9.05,0
2019-07-31,9.05,9.05,9.05,9.05,0
2019-08-01,9.05,9.05,9.05,9.05,0
2019-08-02,9.05,9.05,9.05,9.05,0
2019-08-05,9.05,9.05,9.05,9.05,0
2019-08-06,9.05,9.05,9.05,9.05,0
2019-08-07,9.05,9.05,9.05,9.05,0
2019-08-08,9.05,9.05,9.05,9.05,0
2019-08-09,9.05,9.05,9.05,9.05,0
2019-08-12,9.05,9.05,9.05,9.05,0
2019-08-13,9.05,9.05,9.05,9.05,2200
2019-08-14,9.08,9.23,9.23,9.23,0
2019-08-15,9.08,9.23,9.23,9.23,0
2019-08-16,9.08,9.23,9.23,9.23,0
2019-08-19,9.08,9.23,9.23,9.23,0
2019-08-20,9.08,9.23,9.23,9.23,0
2019-08-21,9.08,9.23,9.23,9.23,0
2019-08-22,9.08,9.23,9.23,9.23,0
2019-08-23,9.08,9.23,9.23,9.23,0
2019-08-26,9.08,9.23,9.23,9.23,0
2019-08-27,9.08,9.23,9.23,9.23,0
2019-08-28,9.08,9.23,9.23,9.23,0
2019-08-29,9.08,9.23,9.23,9.23,0
2019-08-30,9.08,9.23,9.23,9.23,0
2019-09-03,9.08,9.23,9.23,9.23,0
2019-09-04,9.08,9.23,9.23,9.23,0
2019-09-05,9.08,9.23,9.23,9.23,0
2019-09-06,9.08,9.23,9.23,9.23,0
2019-09-09,9.08,9.23,9.23,9.23,0
2019-09-10,9.08,9.23,9.23,9.23,0
2019-09-11,9.08,9.23,9.23,9.23,0
2019-09-12,9.08,9.23,9.23,9.23,0
2019-09-13,9.08,9.23,9.23,9.23,0
2019-09-16,9.23,9.23,9.23,9.23,100
2019-09-17,9.23,9.23,9.23,9.23,0
2019-09-18,9.23,9.23,9.23,9.23,0
2019-09-19,9.23,9.23,9.23,9.23,0
2019-09-20,9.23,9.23,9.23,9.23,0
2019-09-23,9.23,9.23,9.23,9.23,0
2019-09-24,9.23,9.23,9.23,9.23,0
2019-09-25,9.23,9.23,9.23,9.23,0
2019-09-26,9.23,9.23,9.23,9.23,0
2019-09-27,9.23,9.23,9.23,9.23,0
2019-09-30,9.23,9.23,9.23,9.23,0
2019-10-01,9.23,9.23,9.23,9.23,0
2019-10-02,9.23,9.23,9.23,9.23,0
2019-10-03,9.23,9.23,9.23,9.23,0
2019-10-04,9.23,9.23,9.23,9.23,0
2019-10-07,9.23,9.23,9.23,9.23,0
2019-10-08,9.23,9.23,9.23,9.23,0
2019-10-09,9.23,9.23,9.23,9.23,0
2019-10-10,9.23,9.23,9.23,9.23,0
2019-10-11,9.23,9.23,9.23,9.23,0
2019-10-14,9.23,9.23,9.23,9.23,0
2019-10-15,9.23,9.23,9.23,9.23,0
2019-10-16,9.23,9.23,9.23,9.23,0
2019-10-17,9.23,9.23,9.23,9.23,0
2019-10-18,9.23,9.23,9.23,9.23,0
2019-10-21,9.23,9.23,9.23,9.23,0
2019-10-22,9.23,9.23,9.23,9.23,0
2019-10-23,9.23,9.23,9.23,9.23,0
2019-10-24,9.23,9.23,9.23,9.23,0
2019-10-25,9.23,9.23,9.23,9.23,0
2019-10-28,9.23,9.23,9.23,9.23,0
2019-10-29,9.23,9.23,9.23,9.23,0
2019-10-30,9.23,9.23,9.23,9.23,0
2019-10-31,9.23,9.23,9.23,9.23,0
2019-11-01,9.23,9.23,9.23,9.23,0
2019-11-04,9.23,9.23,9.23,9.23,0
2019-11-05,9.23,9.23,9.23,9.23,0
2019-11-06,9.23,9.23,9.23,9.23,0
2019-11-07,9.23,9.23,9.23,9.23,0
2019-11-08,9.23,9.23,9.23,9.23,0
2019-11-11,9.23,9.23,9.23,9.23,0
2019-11-12,9.23,9.23,9.23,9.23,0
2019-11-13,9.23,9.23,9.23,9.23,0
2019-11-14,9.23,9.23,9.23,9.23,0
2019-11-15,9.23,9.23,9.23,9.23,0
2019-11-18,9.23,9.23,9.23,9.23,0
2019-11-19,9.23,9.23,9.23,9.23,0
2019-11-20,9.23,9.23,9.23,9.23,0
2019-11-21,9.23,9.23,9.23,9.23,0
2019-11-22,9.23,9.23,9.23,9.23,0
2019-11-25,9.23,9.23,9.23,9.23,0
2019-11-26,9.23,9.23,9.23,9.23,0
2019-11-27,9.23,9.23,9.23,9.23,0
2019-11-28,9.23,9.23,9.23,9.23,0
2019-11-29,9.23,9.23,9.23,9.23,0
2019-12-02,9.23,9.23,9.23,9.23,0
2019-12-03,9.23,9.23,9.23,9.23,0
2019-12-04,9.23,9.23,9.23,9.23,0
2019-12-05,9.23,9.23,9.23,9.23,0
2019-12-06,9.23,9.23,9.23,9.23,0
2019-12-09,9.23,9.23,9.23,9.23,0
2019-12-10,9.23,9.23,9.23,9.23,0
2019-12-11,9.23,9.23,9.23,9.23,0
2019-12-12,9.23,9.23,9.23,9.23,0
2019-12-13,9.23,9.23,9.23,9.23,0
2019-12-16,9.23,9.23,9.23,9.23,0
2019-12-17,9.23,9.23,9.23,9.23,0
2019-12-18,9.23,9.23,9.23,9.23,0
2019-12-19,9.23,9.23,9.23,9.23,0
2019-12-20,9.23,9.23,9.23,9.23,0
2019-12-23,9.23,9.23,9.23,9.23,0
2019-12-24,9.23,9.23,9.23,9.23,0
2019-12-25,9.23,9.23,9.23,9.23,0
2019-12-26,9.23,9.23,9.23,9.23,0
2019-12-27,9.23,9.23,9.23,9.23,0
2019-12-30,9.23,9.23,9.23,9.23,0
2019-12-31,9.23,9.23,9.23,9.23,0
2020-01-02,9.23,9.23,9.23,9.23,0
2020-01-03,9.23,9.23,9.23,9.23,0
2020-01-06,9.23,9.23,9.23,9.23,0
2020-01-07,9.23,9.23,9.23,9.23,0
2020-01-08,9.23,9.23,9.23,9.23,0
2020-01-09,9.23,9.23,9.23,9.23,0
2020-01-10,9.23,9.23,9.23,9.23,0
2020-01-13,9.23,9.23,9.23,9.23,0
2020-01-14,9.23,9.23,9.23,9.23,0
2020-01-15,9.23,9.23,9.23,9.23,0
2020-01-16,9.23,9.23,9.23,9.23,0
2020-01-17,9.23,9.23,9.23,9.23,0
2020-01-20,9.23,9.23,9.23,9.23,0
2020-01-21,9.23,9.23,9.23,9.23,0
2020-01-22,9.23,9.23,9.23,9.23,0
2020-01-30,9.23,9.23,9.23,9.23,0
2020-01-31,9.23,9.23,9.23,9.23,0
2020-02-03,9.23,9.23,9.23,9.23,0
2020-02-04,9.23,9.23,9.23,9.23,0
2020-02-05,9.23,9.23,9.23,9.23,0
2020-02-06,9.23,9.23,9.23,9.23,0
2020-02-07,9.23,9.23,9.23,9.23,0
2020-02-10,9.23,9.23,9.23,9.23,0
2020-02-11,9.23,9.23,9.23,9.23,0
2020-02-12,9.23,9.23,9.23,9.23,0
2020-02-13,9.23,9.23,9.23,9.23,0
2020-02-14,9.23,9.23,9.23,9.23,0
2020-02-17,9.23,9.23,9.23,9.23,0
2020-02-18,9.23,9.23,9.23,9.23,0
2020-02-19,9.23,9.23,9.23,9.23,0
2020-02-20,9.23,9.23,9.23,9.23,0
2020-02-21,9.23,9.23,9.23,9.23,0
2020-02-24,9.23,9.23,9.23,9.23,0
2020-02-25,9.23,9.23,9.23,9.23,0
2020-02-26,9.23,9.23,9.23,9.23,0
2020-02-27,9.23,9.23,9.23,9.23,0
2020-02-28,9.23,9.23,9.23,9.23,0
2020-03-02,9.23,9.23,9.23,9.23,0
2020-03-03,9.23,9.23,9.23,9.23,0
2020-03-04,9.23,9.23,9.23,9.23,0
2020-03-05,9.23,9.23,9.23,9.23,0
2020-03-06,9.23,9.23,9.23,9.23,0
2020-03-09,9.23,9.23,9.23,9.23,0
2020-03-10,9.23,9.23,9.23,9.23,0
2020-03-11,9.23,9.23,9.23,9.23,0
2020-03-12,9.23,9.23,9.23,9.23,0
2020-03-13,9.23,9.23,9.23,9.23,0
2020-03-16,9.23,9.23,9.23,9.23,0
2020-03-17,9.23,9.23,9.23,9.23,0
2020-03-18,9.23,9.23,9.23,9.23,0
2020-03-19,9.23,9.23,9.23,9.23,0
2020-03-20,9.23,9.23,9.23,9.23,0
2020-03-23,9.23,9.23,9.23,9.23,0
2020-03-24,9.23,9.23,9.23,9.23,0
2020-03-25,9.23,9.23,9.23,9.23,0
2020-03-26,9.23,9.23,9.23,9.23,0
2020-03-27,9.23,9.23,9.23,9.23,0
2020-03-30,9.23,9.23,9.23,9.23,0
2020-03-31,9.23,9.23,9.23,9.23,0
2020-04-01,9.23,9.23,9.23,9.23,0
2020-04-03,9.23,9.23,9.23,9.23,0
2020-04-06,9.23,9.23,9.23,9.23,0
2020-04-07,9.23,9.23,9.23,9.23,0
2020-04-08,9.23,9.23,9.23,9.23,0
2020-04-09,9.23,9.23,9.23,9.23,0
2020-04-10,9.23,9.23,9.23,9.23,0
2020-04-13,9.23,9.23,9.23,9.23,0
2020-04-14,9.23,9.23,9.23,9.23,0
2020-04-15,9.23,9.23,9.23,9.23,0
2020-04-16,9.23,9.23,9.23,9.23,0
2020-04-17,9.23,9.23,9.23,9.23,0
2020-04-20,9.23,9.23,9.23,9.23,0
2020-04-21,9.23,9.23,9.23,9.23,0
2020-04-22,9.23,9.23,9.23,9.23,0
2020-04-23,9.23,9.23,9.23,9.23,0
2020-04-24,9.23,9.23,9.23,9.23,0
2020-04-27,9.23,9.23,9.23,9.23,0
2020-04-28,9.23,9.23,9.23,9.23,0
2020-04-29,9.23,9.23,9.23,9.23,0
2020-05-04,9.23,9.23,9.23,9.23,0
2020-05-05,9.23,9.23,9.23,9.23,0
2020-05-06,9.23,9.23,9.23,9.23,0
2020-05-07,9.23,9.23,9.23,9.23,0
2020-05-08,9.23,9.23,9.23,9.23,0
2020-05-11,9.23,9.23,9.23,9.23,0
2020-05-12,9.23,9.23,9.23,9.23,0
2020-05-13,9.23,9.23,9.23,9.23,0
2020-05-14,9.23,9.23,9.23,9.23,0
2020-05-15,9.23,9.23,9.23,9.23,0
2020-05-18,9.23,9.23,9.23,9.23,0
2020-05-19,9.23,9.23,9.23,9.23,0
2020-05-20,9.23,9.23,9.23,9.23,0
2020-05-21,9.23,9.23,9.23,9.23,0
2020-05-22,9.23,9.23,9.23,9.23,0
2020-05-25,9.23,9.23,9.23,9.23,0
2020-05-26,9.23,9.23,9.23,9.23,0
2020-05-27,9.23,9.23,9.23,9.23,0
2020-05-28,9.23,9.23,9.23,9.23,0
2020-05-29,9.23,9.23,9.23,9.23,0
2020-06-01,9.23,9.23,9.23,9.23,0
2020-06-02,9.23,9.23,9.23,9.23,0
2020-06-03,9.23,9.23,9.23,9.23,0
2020-06-04,9.23,9.23,9.23,9.23,0
2020-06-05,9.23,9.23,9.23,9.23,0
2020-06-08,9.23,9.23,9.23,9.23,0
2020-06-09,9.23,9.23,9.23,9.23,0
2020-06-10,9.23,9.23,9.23,9.23,0
2020-06-11,9.23,9.23,9.23,9.23,0
2020-06-12,9.23,9.23,9.23,9.23,0
2020-06-15,9.23,9.23,9.23,9.23,0
2020-06-16,9.23,9.23,9.23,9.23,0
2020-06-17,9.23,9.23,9.23,9.23,0
2020-06-18,9.23,9.23,9.23,9.23,0
2020-06-19,9.23,9.23,9.23,9.23,0
2020-06-22,9.23,9.23,9.23,9.23,0
2020-06-23,9.23,9.23,9.23,9.23,0
2020-06-24,9.23,9.23,9.23,9.23,0
2020-06-25,9.23,9.23,9.23,9.23,0
2020-06-26,9.23,9.23,9.23,9.23,0
2020-06-29,9.23,9.23,9.23,9.23,0
2020-06-30,9.23,9.23,9.23,9.23,0
2020-07-01,9.23,9.23,9.23,9.23,0
2020-07-02,9.23,9.23,9.23,9.23,0
2020-07-03,9.23,9.23,9.23,9.23,0
2020-07-06,9.23,9.23,9.23,9.23,0
2020-07-07,9.23,9.23,9.23,9.23,0
2020-07-08,9.23,9.23,9.23,9.23,0
2020-07-09,9.19,11.37,11.37,11.37,0
2020-07-10,9.19,11.37,11.37,11.37,0
2020-07-13,9.19,11.37,11.37,11.37,0
2020-07-14,9.19,11.37,11.37,11.37,0
2020-07-15,9.19,11.37,11.37,11.37,0
2020-07-16,9.19,11.37,11.37,11.37,0
2020-07-17,9.19,11.37,11.37,11.37,0
2020-07-20,9.19,11.37,11.37,11.37,0
2020-07-21,9.19,11.37,11.37,11.37,0
2020-07-22,9.19,11.37,11.37,11.37,0
2020-07-23,9.19,11.37,11.37,11.37,0
2020-07-24,9.19,11.37,11.37,11.37,0
2020-07-27,9.22,11.64,11.64,11.64,0
2020-07-28,9.22,11.64,11.64,11.64,0
2020-07-29,9.22,11.64,11.64,11.64,0
2020-07-30,9.22,11.64,11.64,11.64,0
2020-07-31,9.22,11.64,11.64,11.64,0
2020-08-03,9.22,11.64,11.64,11.64,0
2020-08-04,9.22,11.64,11.64,11.64,0
2020-08-05,9.22,11.64,11.64,11.64,0
2020-08-06,9.22,11.64,11.64,11.64,0
2020-08-07,8.95,8.95,8.95,8.95,100
2020-08-10,8.95,8.95,8.95,8.95,0
2020-08-11,8.95,8.95,8.95,8.95,0
2020-08-12,8.95,8.95,8.95,8.95,0
2020-08-13,8.95,8.95,8.95,8.95,0
2020-08-14,8.95,8.95,8.95,8.95,0
2020-08-17,8.95,8.95,8.95,8.95,0
2020-08-18,8.95,8.95,8.95,8.95,0
2020-08-19,8.95,8.95,8.95,8.95,0
2020-08-20,8.95,8.95,8.95,8.95,0
2020-08-21,8.95,8.95,8.95,8.95,0
2020-08-24,8.95,8.95,8.95,8.95,0
2020-08-25,8.06,8.06,8.06,8.06,1000
2020-08-26,6.98,6.98,6.98,6.98,200
2020-08-27,6.98,6.98,6.98,6.98,0
2020-08-28,6.98,6.98,6.98,6.98,0
2020-08-31,6.98,6.98,6.98,6.98,0
2020-09-01,6.98,6.98,6.98,6.98,0
2020-09-03,7.52,7.52,7.52,7.52,500
2020-09-04,8.51,8.51,8.51,8.51,200
2020-09-07,8.51,8.51,8.51,8.51,0
2020-09-08,8.51,8.51,8.51,8.51,0
2020-09-09,8.51,8.51,8.51,8.51,0
2020-09-10,8.51,8.51,8.51,8.51,0
2020-09-11,8.51,8.51,8.51,8.51,0
2020-09-14,8.51,8.51,8.51,8.51,0
2020-09-15,8.51,8.51,8.51,8.51,0
2020-09-16,8.51,8.51,8.51,8.51,0
2020-09-17,8.51,8.51,8.51,8.51,0
2020-09-18,8.51,8.51,8.51,8.51,0
2020-09-21,8.51,8.51,8.51,8.51,0
2020-09-22,8.51,8.51,8.51,8.51,0
2020-09-23,8.51,8.51,8.51,8.51,0
2020-09-24,8.51,8.51,8.51,8.51,0
2020-09-25,8.51,8.51,8.51,8.51,0
2020-09-28,8.51,8.51,8.51,8.51,0
2020-09-29,8.51,8.51,8.51,8.51,0
2020-09-30,8.51,8.51,8.51,8.51,0
2020-10-01,8.51,8.51,8.51,8.51,0
2020-10-02,8.51,8.51,8.51,8.51,0
2020-10-05,8.51,8.51,8.51,8.51,0
2020-10-06,8.51,8.51,8.51,8.51,0
2020-10-07,8.51,8.51,8.51,8.51,0
2020-10-08,8.51,8.51,8.51,8.51,0
2020-10-09,8.51,8.51,8.51,8.51,0
2020-10-12,8.51,8.51,8.51,8.51,0
2020-10-13,8.51,8.51,8.51,8.51,0
2020-10-14,8.51,8.51,8.51,8.51,0
2020-10-15,8.51,8.51,8.51,8.51,0
2020-10-16,8.51,8.51,8.51,8.51,0
2020-10-19,8.51,8.51,8.51,8.51,0
2020-10-20,8.51,8.51,8.51,8.51,0
2020-10-21,8.51,8.51,8.51,8.51,0
2020-10-22,8.51,8.51,8.51,8.51,0
2020-10-23,8.51,8.51,8.51,8.51,0
2020-10-26,8.51,8.51,8.51,8.51,0
2020-10-27,8.51,8.51,8.51,8.51,0
2020-10-28,8.51,8.51,8.51,8.51,0
2020-10-29,8.51,8.51,8.51,8.51,0
2020-10-30,8.51,8.51,8.51,8.51,0
2020-11-02,8.51,8.51,8.51,8.51,0
2020-11-03,8.51,8.51,8.51,8.51,0
2020-11-04,8.51,8.51,8.51,8.51,0
2020-11-05,8.51,8.51,8.51,8.51,0
2020-11-06,8.51,8.51,8.51,8.51,0
2020-11-09,8.51,8.51,8.51,8.51,0
2020-11-10,8.51,8.51,8.51,8.51,0
2020-11-11,8.51,8.51,8.51,8.51,0
2020-11-12,8.51,8.51,8.51,8.51,0
2020-11-13,8.51,8.51,8.51,8.51,0
2020-11-16,8.51,8.51,8.51,8.51,0
2020-11-17,8.51,8.51,8.51,8.51,0
2020-11-18,8.51,8.51,8.51,8.51,0
2020-11-19,8.51,8.51,8.51,8.51,0
2020-11-20,8.51,8.51,8.51,8.51,0
2020-11-23,8.51,8.51,8.51,8.51,0
2020-11-24,8.51,8.51,8.51,8.51,0
2020-11-25,8.51,8.51,8.51,8.51,0
2020-11-26,8.51,8.51,8.51,8.51,0
2020-11-27,8.51,8.51,8.51,8.51,0
2020-11-30,8.51,8.51,8.51,8.51,0
2020-12-01,8.51,8.51,8.51,8.51,0
2020-12-02,8.51,8.51,8.51,8.51,0
2020-12-03,8.51,8.51,8.51,8.51,0
2020-12-04,8.51,8.51,8.51,8.51,0
2020-12-07,8.51,8.51,8.51,8.51,0
2020-12-08,8.51,8.51,8.51,8.51,0
2020-12-09,8.51,8.51,8.51,8.51,0
2020-12-10,8.51,8.51,8.51,8.51,0
2020-12-11,8.51,8.51,8.51,8.51,0
2020-12-14,8.51,8.51,8.51,8.51,0
2020-12-15,8.51,8.51,8.51,8.51,0
2020-12-16,8.51,8.51,8.51,8.51,0
2020-12-17,8.51,8.51,8.51,8.51,0
2020-12-18,8.51,8.51,8.51,8.51,0
2020-12-21,8.51,8.51,8.51,8.51,0
2020-12-22,8.51,8.51,8.51,8.51,0
2020-12-23,8.51,8.51,8.51,8.51,0
2020-12-24,8.51,8.51,8.51,8.51,0
2020-12-25,8.51,8.51,8.51,8.51,0
2020-12-28,8.51,8.51,8.51,8.51,0
2020-12-29,11.91,11.91,11.91,11.91,200
2020-12-30,11.91,11.91,11.91,11.91,0
2020-12-31,11.91,11.91,11.91,11.91,0
2021-01-04,11.91,11.91,11.91,11.91,0
2021-01-05,11.91,11.91,11.91,11.91,100
2021-01-06,11.91,11.91,11.91,11.91,0
2021-01-07,11.91,11.91,11.91,11.91,0
2021-01-08,11.19,11.19,10.21,10.21,200
2021-01-11,10.75,10.21,10.21,10.21,0
2021-01-12,10.75,10.21,10.21,10.21,0
2021-01-13,9.13,9.31,9.13,9.31,2000
2021-01-14,9.22,9.22,9.22,9.22,500
2021-01-15,9.22,9.22,8.51,8.51,5000
2021-01-18,8.78,8.51,8.51,8.51,0
2021-01-19,8.78,8.51,8.51,8.51,0
2021-01-20,8.78,8.51,8.51,8.51,0
2021-01-21,8.78,8.51,8.51,8.51,0
2021-01-22,8.78,8.78,8.78,8.78,0
2021-01-25,8.78,8.51,8.51,8.51,0
2021-01-26,8.78,8.51,8.51,8.51,0
2021-01-27,8.95,8.95,8.95,8.95,8900
2021-01-28,8.95,8.95,8.95,8.95,0
2021-01-29,8.95,8.95,8.95,8.95,100
2021-02-01,8.95,8.95,8.95,8.95,0
2021-02-02,8.95,8.95,8.95,8.95,0
2021-02-03,8.95,8.95,8.95,8.95,0
2021-02-04,8.95,8.95,8.95,8.95,0
2021-02-05,8.95,8.95,8.95,8.95,0
2021-02-08,8.95,8.95,8.95,8.95,0
2021-02-09,8.95,8.95,8.95,8.95,0
2021-02-17,8.95,10.3,8.95,9.13,5800
2021-02-18,10.3,10.3,10.3,10.3,100
2021-02-19,10.3,11.55,10.3,11.55,5300
2021-02-22,11.19,11.19,11.19,11.19,5800
2021-02-23,12.09,12.81,12.09,12.81,11300
2021-02-24,14.06,14.6,14.06,14.6,33000
2021-02-25,16.75,16.75,16.75,16.75,13500
2021-02-26,19.25,19.25,17.91,18.8,9300
2021-03-01,17.91,17.91,16.03,16.12,11500
2021-03-02,16.12,18.89,14.33,18.89,7700
2021-03-03,16.75,16.75,16.66,16.75,4500
2021-03-04,17.91,18.8,17.91,18.8,6300
2021-03-05,18.8,20.6,18.45,18.8,7500
2021-03-08,18.54,20.15,18.0,20.15,13300
2021-03-09,19.97,19.97,18.8,19.34,700
2021-03-10,18.09,18.09,17.46,17.46,3400
2021-03-11,17.28,17.28,17.01,17.01,800
2021-03-12,16.75,16.75,16.66,16.66,300
2021-03-15,16.48,16.48,16.12,16.12,3900
2021-03-16,16.12,17.91,16.12,17.91,700
2021-03-17,17.91,17.91,17.91,17.91,100
2021-03-18,17.82,17.82,16.48,16.66,3600
2021-03-19,16.83,17.01,16.66,16.66,8400
2021-03-22,17.91,19.25,17.91,18.8,5200
2021-03-23,18.54,18.8,18.8,18.8,0
2021-03-24,17.91,18.36,17.01,18.36,7600
2021-03-25,17.64,18.36,18.36,18.36,0
2021-03-26,17.64,18.36,18.36,18.36,0
2021-03-29,15.22,17.01,15.22,17.01,500
2021-03-30,16.57,16.57,16.57,16.57,900
2021-03-31,16.21,16.21,16.12,16.12,3200
2021-04-01,16.12,17.91,16.12,17.91,10900
2021-04-02,17.46,17.46,17.46,17.46,100
2021-04-05,17.01,17.91,17.01,17.01,6600
2021-04-06,19.7,19.7,19.25,19.61,3800
2021-04-07,19.61,22.39,16.75,17.91,8400
2021-04-08,20.51,20.6,16.12,16.66,12500
2021-04-09,19.52,19.52,16.21,19.43,3300
2021-04-12,18.98,18.98,16.21,17.91,1000
2021-04-13,19.7,19.7,16.39,18.36,3200
2021-04-14,21.4,21.4,18.36,18.36,1000
2021-04-15,18.27,20.42,18.27,19.7,9000
2021-04-16,19.7,19.7,17.37,19.25,13200
2021-04-19,20.51,20.51,19.61,19.61,300
2021-04-20,17.28,19.25,17.28,18.8,3000
2021-04-22,18.0,18.8,18.8,18.8,0
2021-04-23,16.12,20.69,16.12,19.43,12600
2021-04-26,18.63,21.31,18.27,19.61,6900
2021-04-27,18.36,19.97,18.09,19.97,2300
2021-04-28,17.91,20.42,17.91,20.42,14700
2021-04-29,20.6,20.6,20.6,20.6,2300
2021-05-04,18.98,22.3,18.98,22.3,1600
2021-05-05,20.6,21.85,20.6,20.6,2700
2021-05-06,20.69,23.73,20.69,23.73,12600
2021-05-07,25.7,25.7,25.61,25.7,26600
2021-05-10,29.55,29.55,29.55,29.55,2100
2021-05-11,31.34,33.94,31.34,33.94,42900
2021-05-12,33.13,34.03,28.74,30.18,11200
2021-05-13,30.18,30.18,30.18,30.18,100
2021-05-14,28.3,28.65,25.88,26.33,8100
2021-05-17,23.46,25.52,23.46,25.52,21600
2021-05-18,24.36,27.94,24.36,27.76,13400
2021-05-19,24.89,27.76,24.89,27.76,1700
2021-05-20,23.73,25.97,23.73,25.97,4000
2021-05-21,25.52,26.86,25.52,26.86,4900
2021-05-24,25.88,27.04,25.88,26.86,27200
2021-05-25,26.86,29.55,25.61,28.21,20600
2021-05-26,26.95,28.12,26.86,27.76,5500
2021-05-27,28.12,28.12,26.6,26.86,7800
2021-05-28,26.95,27.76,26.86,26.86,10300
2021-05-31,26.42,30.98,26.42,27.67,4800
2021-06-01,27.76,27.76,26.86,27.31,16702
2021-06-02,26.42,27.22,26.42,27.22,26100
2021-06-03,26.86,30.89,26.86,27.58,3900
2021-06-04,26.86,27.58,26.86,27.31,12300
2021-06-07,27.31,30.98,26.86,26.86,13200
2021-06-08,30.98,30.98,26.06,27.76,7600
2021-06-09,26.42,27.76,25.97,27.76,9800
2021-06-10,27.76,28.65,27.22,28.65,6100
2021-06-11,27.94,30.0,27.76,30.0,13500
2021-06-14,28.65,28.83,28.65,28.83,14600
2021-06-15,28.65,33.04,28.65,32.15,14200
2021-06-16,30.45,30.45,29.64,30.45,14600
2021-06-17,29.73,33.94,28.83,33.94,22400
2021-06-18,30.45,32.24,30.45,31.34,12800
2021-06-21,35.82,35.82,29.55,31.34,15600
2021-06-22,30.27,31.34,28.21,31.34,25400
2021-06-23,29.55,30.89,29.55,30.45,6600
2021-06-24,32.24,32.24,29.55,30.45,10300
2021-06-25,32.24,32.24,29.55,31.34,31700
2021-06-28,31.34,31.34,28.65,30.0,18200
2021-06-29,29.37,30.45,28.65,29.55,8200
2021-06-30,29.1,29.55,29.1,29.19,13000
2021-07-01,29.46,29.46,28.83,29.37,6500
2021-07-02,29.1,29.1,28.65,28.83,14500
2021-07-05,28.65,30.89,28.65,28.83,11500
2021-07-06,30.45,31.34,28.65,28.65,4600
2021-07-07,27.76,29.1,27.76,29.1,28700
2021-07-08,28.21,29.1,28.21,29.1,3100
2021-07-09,28.65,28.65,28.65,28.65,4400
2021-07-12,27.76,27.76,26.86,27.76,12900
2021-07-13,29.37,29.37,27.31,27.94,2300
2021-07-14,26.86,27.76,26.86,27.76,4400
2021-07-15,27.31,28.21,27.31,28.21,5700
2021-07-16,27.76,28.65,26.86,28.65,8700
2021-07-19,26.86,29.1,26.86,27.76,1400
2021-07-20,28.65,28.65,26.86,27.76,5000
2021-07-21,27.67,28.65,27.4,27.4,1600
2021-07-22,28.12,28.12,27.76,28.03,10200
2021-07-23,27.76,28.03,28.03,28.03,0
2021-07-26,27.76,28.21,27.76,28.21,4200
2021-07-27,28.21,29.55,27.76,28.65,33200
2021-07-28,28.3,30.0,28.21,30.0,19200
2021-07-29,31.34,31.43,29.73,30.18,26710
2021-07-30,30.0,30.27,29.55,30.0,12800
2021-08-02,29.55,30.0,29.55,30.0,8000
2021-08-03,29.55,30.18,29.55,30.0,10200
2021-08-04,30.45,30.89,30.09,30.8,13388
2021-08-05,30.89,31.34,30.89,31.16,19100
2021-08-06,31.16,35.91,31.16,34.48,77600
2021-08-09,34.03,34.92,33.22,34.92,16100
2021-08-10,33.22,33.58,33.13,33.31,14400
2021-08-11,33.22,34.83,32.86,34.39,14600
2021-08-12,33.58,33.58,32.95,33.58,8500
2021-08-13,33.58,34.03,30.89,32.86,39400
2021-08-16,31.79,33.04,31.79,32.95,13300
2021-08-17,32.51,32.68,31.88,32.68,5410
2021-08-18,31.52,33.13,31.34,32.95,9100
2021-08-19,33.13,33.13,31.79,32.24,2400
2021-08-20,31.61,32.15,30.89,32.06,31000
2021-08-23,32.06,32.24,31.34,32.15,8600
2021-08-24,32.7,34.16,31.42,33.7,13600
2021-08-25,34.16,34.16,32.43,33.52,2400
2021-08-26,33.7,33.7,32.34,33.43,12300
2021-08-27,31.88,33.25,31.88,33.25,9000
2021-08-30,33.25,37.44,33.25,35.8,35398
2021-08-31,36.43,37.25,35.98,36.89,29100
2021-09-01,36.34,37.53,36.34,37.25,17900
2021-09-06,35.52,41.08,35.52,38.26,12000
2021-09-07,37.8,38.07,36.53,37.8,10800
2021-09-08,36.98,37.35,36.53,37.35,7000
2021-09-09,36.53,36.89,35.98,36.89,2850
2021-09-10,36.25,36.43,35.98,36.16,6000
2021-09-13,36.16,36.16,35.52,36.07,6900
2021-09-14,36.07,36.43,35.52,35.8,11600
2021-09-15,35.8,39.17,35.8,36.98,20800
2021-09-16,37.07,42.63,37.07,42.63,94500
2021-09-17,47.18,47.27,42.72,44.36,48000
2021-09-20,44.54,44.63,42.81,44.45,17900
2021-09-21,40.99,42.63,40.99,41.72,59000
2021-09-22,42.81,45.54,40.99,45.54,93000
2021-09-23,47.36,47.36,45.54,46.45,29300
2021-09-24,45.54,46.0,43.36,45.36,7800
2021-09-27,44.63,44.63,41.99,42.63,27700
2021-09-28,41.17,43.63,41.08,43.63,14500
2021-09-29,41.9,43.63,41.72,43.27,2800
2021-09-30,42.81,43.63,42.26,43.63,9100
2021-10-01,44.36,44.36,41.54,43.45,13600
2021-10-04,42.99,45.09,42.99,43.72,16300
2021-10-05,43.72,44.54,43.27,43.27,13100
2021-10-06,43.63,43.72,42.9,43.54,15500
2021-10-07,43.27,43.36,42.35,43.08,25800
2021-10-08,42.81,43.36,42.45,43.36,13700
2021-10-11,43.27,43.36,42.45,42.99,9900
2021-10-12,42.81,42.9,42.45,42.63,13500
2021-10-13,42.54,42.81,42.35,42.72,17000
2021-10-14,44.18,44.63,43.63,44.54,44700
2021-10-15,44.63,46.45,44.63,45.73,49200
2021-10-18,46.0,52.65,46.0,51.83,47500
2021-10-19,51.01,53.74,51.01,51.92,61900
2021-10-20,50.1,52.83,50.1,51.37,35800
2021-10-21,51.92,51.92,49.19,50.1,19200
2021-10-22,48.37,50.46,48.37,50.37,13500
2021-10-25,51.01,51.01,49.73,49.82,11100
2021-10-26,50.1,50.55,49.19,50.55,10700
2021-10-27,51.01,51.92,50.55,51.83,25400
2021-10-28,50.19,51.74,50.19,51.74,12300
2021-10-29,51.74,52.56,50.92,51.92,74217
2021-11-01,51.46,53.74,49.19,51.01,22200
2021-11-02,49.92,51.46,47.36,51.46,30500
2021-11-03,51.46,51.46,47.64,49.1,27100
2021-11-04,47.55,49.0,47.55,49.0,4000
2021-11-05,48.64,48.64,47.55,48.28,6900
2021-11-08,48.18,48.18,47.36,48.09,19900
2021-11-09,47.55,48.09,47.36,48.09,9400
2021-11-10,47.73,47.73,47.27,47.36,15300
2021-11-11,47.36,48.18,46.64,47.91,18200
2021-11-12,47.55,51.74,47.55,51.01,14400
2021-11-15,56.29,56.29,48.46,50.1,5500
2021-11-16,50.01,50.1,48.73,49.64,14600
2021-11-17,47.36,49.46,47.36,49.46,12030
2021-11-18,46.45,49.1,46.45,47.64,24400
2021-11-19,46.54,46.54,46.0,46.0,19100
2021-11-22,46.0,46.27,44.72,45.54,10700
2021-11-23,43.81,46.27,43.81,45.09,6700
2021-11-24,46.36,46.36,44.72,45.0,4000
2021-11-25,45.54,47.82,45.54,47.36,17500
2021-11-26,46.45,46.45,45.54,45.54,6000
2021-11-29,45.54,46.09,45.54,46.0,3900
2021-11-30,46.09,46.45,46.0,46.45,7000
2021-12-01,46.45,46.91,46.45,46.54,7900
2021-12-02,46.64,46.64,46.45,46.45,2800
2021-12-03,46.54,46.54,46.27,46.27,3900
2021-12-06,43.81,46.09,43.81,46.09,4200
2021-12-07,45.82,46.45,45.82,46.45,7100
2021-12-08,46.09,46.09,46.09,46.09,700
2021-12-09,45.54,45.54,45.36,45.54,7500
2021-12-10,45.09,45.54,44.81,44.91,3900
2021-12-13,45.18,45.18,44.63,44.72,7800
2021-12-14,45.54,46.0,44.81,44.81,6700
2021-12-15,45.54,46.0,45.45,45.45,10900
2021-12-16,45.18,45.73,45.18,45.73,9200
2021-12-17,45.63,45.63,45.45,45.54,3700
2021-12-20,45.09,45.54,45.09,45.54,22400
2021-12-21,45.54,45.54,45.54,45.54,6900
2021-12-22,45.09,45.09,44.63,44.63,3800
2021-12-23,44.81,44.91,44.09,44.81,10600
2021-12-24,44.45,44.45,44.45,44.45,8100
2021-12-27,44.45,49.1,44.45,49.1,1600
2021-12-28,45.54,45.54,43.72,43.81,12300
2021-12-29,43.81,44.45,43.81,44.45,600
2021-12-30,45.09,45.09,43.81,43.81,1600
2021-12-31,45.0,45.09,45.0,45.0,2000
2022-01-04,45.0,45.54,44.63,45.54,4700
2022-01-05,45.09,45.54,44.63,44.63,3900
2022-01-06,45.09,45.09,43.9,45.09,7600
2022-01-07,44.54,44.63,43.9,44.63,4000
2022-01-10,42.81,44.63,42.81,43.72,6600
2022-01-11,44.18,44.18,43.72,44.18,8000
2022-01-12,43.72,45.54,43.72,45.54,4900
2022-01-13,45.54,45.54,44.18,44.18,1100
2022-01-14,43.99,43.99,43.72,43.99,7700
2022-01-17,41.99,45.36,41.9,45.36,2800
2022-01-18,44.45,44.45,44.09,44.09,200
2022-01-19,37.8,43.81,37.8,43.81,2300
2022-01-20,42.99,44.54,41.08,44.54,500
2022-01-21,45.45,45.45,42.81,44.18,3400
2022-01-24,43.17,43.72,43.17,43.72,500
2022-01-25,44.18,44.18,40.17,44.18,500
2022-01-26,43.36,45.18,43.36,44.54,1000
2022-01-27,43.9,43.9,43.9,43.9,0
2022-01-28,43.9,43.9,43.9,43.9,0
2022-02-07,45.36,45.36,45.36,45.36,100
2022-02-08,45.36,45.36,45.36,45.36,0
2022-02-09,45.36,45.36,45.36,45.36,0
2022-02-10,42.9,45.09,42.9,44.72,2000
2022-02-11,44.72,44.72,43.54,43.54,600
2022-02-14,43.54,45.36,42.81,42.81,3100
2022-02-15,42.81,44.63,42.35,44.63,4500
2022-02-16,42.81,45.54,42.81,45.54,4900
2022-02-17,43.72,45.09,43.72,45.09,300
2022-02-18,44.91,44.91,43.08,43.08,10200
2022-02-21,45.45,45.45,45.09,45.09,1700
2022-02-22,45.09,45.36,45.09,45.36,200
2022-02-23,45.09,46.0,45.09,45.27,14400
2022-02-24,45.36,45.54,44.27,44.63,830
2022-02-25,44.63,45.27,44.18,44.63,2100
2022-02-28,44.91,44.91,44.27,44.54,8400
2022-03-01,44.54,44.54,43.9,43.9,2700
2022-03-02,45.54,45.54,44.27,44.27,300
2022-03-03,45.54,46.45,44.54,46.45,26900
2022-03-04,46.45,50.1,46.36,47.64,30300
2022-03-07,48.28,51.01,47.46,50.83,38206
2022-03-08,51.28,51.46,50.01,50.1,48700
2022-03-09,51.83,57.84,51.01,54.65,70524
2022-03-10,50.19,53.83,50.19,52.92,18700
2022-03-11,52.83,52.83,49.73,50.92,27301
2022-03-14,50.55,50.55,46.45,46.64,50500
2022-03-15,46.45,46.91,46.45,46.73,7700
2022-03-16,46.73,48.18,46.73,47.73,11400
2022-03-17,47.64,50.01,47.64,49.55,29900
2022-03-18,49.55,50.55,48.28,49.92,20800
2022-03-21,50.01,50.1,48.37,49.64,18700
2022-03-22,48.09,49.55,48.0,48.0,11600
2022-03-23,48.37,48.73,47.91,48.28,6100
2022-03-24,48.46,49.0,47.82,47.82,9000
2022-03-25,48.28,48.64,48.18,48.28,8400
2022-03-28,48.28,49.64,48.28,48.28,9200
2022-03-29,48.28,48.28,48.18,48.18,2400
2022-03-30,46.82,47.82,46.73,47.82,4900
2022-03-31,47.46,48.28,47.46,47.55,2000
2022-04-01,45.54,48.0,45.54,47.91,6600
2022-04-04,47.36,47.36,46.73,46.91,9300
2022-04-05,47.36,47.36,47.36,47.36,7600
2022-04-06,49.19,49.19,47.18,47.36,8000
2022-04-07,47.36,47.36,46.0,46.91,6400
2022-04-08,46.54,48.28,46.0,48.28,2700
2022-04-12,46.45,46.54,46.45,46.45,4700
2022-04-13,46.91,46.91,45.54,45.54,2300
2022-04-14,45.63,46.45,45.54,46.36,2700
2022-04-15,45.54,45.54,45.54,45.54,1100
2022-04-18,42.35,45.54,42.35,43.72,16000
2022-04-19,43.72,43.81,43.72,43.72,6000
2022-04-20,43.72,43.72,43.63,43.72,7100
2022-04-21,43.72,43.72,41.9,43.72,11000
2022-04-22,43.72,43.72,42.99,42.99,3200
2022-04-25,43.63,43.63,43.63,43.63,0
2022-04-26,38.26,43.63,38.26,43.63,200
2022-04-27,44.63,44.63,44.63,44.63,100
2022-04-28,46.45,46.45,41.54,44.63,600
2022-04-29,43.72,46.0,41.9,46.0,3700
2022-05-04,42.9,46.0,42.81,46.0,2000
2022-05-05,45.54,45.54,45.45,45.45,200
2022-05-06,44.63,44.63,44.63,44.63,200
2022-05-09,42.81,42.81,40.99,42.81,5700
2022-05-10,40.99,44.63,39.35,44.63,2600
2022-05-11,44.63,44.63,44.63,44.63,200
2022-05-12,40.99,40.99,39.62,39.62,2300
2022-05-13,38.26,39.17,37.35,37.35,5300
2022-05-16,38.16,38.16,38.16,38.16,500
2022-05-17,36.89,41.9,36.53,41.72,6700
2022-05-18,42.45,42.45,40.99,40.99,1400
2022-05-19,42.17,42.17,42.17,42.17,0
2022-05-20,42.17,42.17,42.17,42.17,0
2022-05-23,48.28,48.28,48.28,48.28,100
2022-05-24,41.08,41.08,41.08,41.08,3000
2022-05-25,36.53,40.81,36.53,40.81,4600
2022-05-26,40.53,40.53,40.53,40.53,100
2022-05-27,38.44,38.44,38.35,38.35,1000
2022-05-30,41.72,41.72,39.17,39.17,700
2022-05-31,38.35,39.8,38.26,39.8,1400
2022-06-01,40.08,40.08,40.08,40.08,100
2022-06-02,40.08,40.08,38.35,38.35,400
2022-06-03,40.99,40.99,40.08,40.08,200
2022-06-06,36.53,37.53,36.53,37.44,2100
2022-06-07,39.17,39.17,37.35,37.35,3500
2022-06-08,37.53,37.53,37.35,37.35,1100
2022-06-09,37.44,37.44,37.44,37.44,500
2022-06-10,38.26,39.53,38.26,39.53,1100
2022-06-13,37.35,39.17,36.43,36.43,5100
2022-06-14,38.71,38.71,38.71,38.71,100
2022-06-15,37.35,37.35,37.35,37.35,500
2022-06-16,37.35,37.35,37.35,37.35,0
2022-06-17,36.43,36.43,36.43,36.43,1100
2022-06-20,36.89,36.89,36.89,36.89,1200
2022-06-21,36.89,36.89,36.89,36.89,0
2022-06-22,36.8,36.8,36.62,36.62,1700
2022-06-23,36.71,36.71,35.52,35.52,4300
2022-06-24,42.08,42.08,35.52,35.52,600
2022-06-27,36.89,36.98,36.89,36.98,800
2022-06-28,36.98,37.35,36.16,37.35,4100
2022-06-29,38.89,38.89,38.89,38.89,100
2022-06-30,38.89,38.89,38.89,38.89,0
2022-07-01,38.89,38.89,38.89,38.89,0
2022-07-04,33.25,36.89,33.25,36.89,1400
2022-07-05,36.89,36.89,36.89,36.89,300
2022-07-06,36.43,36.43,36.43,36.43,500
2022-07-07,36.43,36.43,36.43,36.43,0
2022-07-08,40.08,40.08,40.08,40.08,100
2022-07-11,37.71,37.71,37.71,37.71,100
2022-07-12,35.52,35.61,35.52,35.52,1200
2022-07-13,35.52,35.52,35.52,35.52,0
2022-07-14,30.97,35.52,30.97,35.52,400
2022-07-15,34.07,35.43,31.88,35.25,1600
2022-07-18,35.52,36.43,35.52,36.43,200
2022-07-19,35.98,35.98,35.98,35.98,0
2022-07-20,35.71,35.71,35.07,35.07,400
2022-07-21,34.61,35.25,34.61,35.25,400
2022-07-22,35.71,35.71,31.88,35.43,1500
2022-07-25,33.61,33.61,33.61,33.61,0
2022-07-26,31.52,33.52,31.52,33.52,400
2022-07-27,32.06,34.07,32.06,33.43,400
2022-07-28,32.34,34.61,32.34,34.61,700
2022-07-29,34.98,34.98,34.98,34.98,1000
2022-08-01,34.61,34.61,32.34,34.61,400
2022-08-02,34.07,34.07,34.07,34.07,200
2022-08-03,31.52,34.52,31.52,34.52,5100
2022-08-04,33.52,34.52,33.52,34.52,2500
2022-08-05,32.79,32.79,32.79,32.79,100
2022-08-08,33.7,33.7,33.7,33.7,100
2022-08-09,33.61,34.52,32.79,34.52,800
2022-08-10,34.52,34.52,34.52,34.52,1100
2022-08-11,34.34,35.34,34.34,35.34,7300
2022-08-12,35.07,35.07,35.07,35.07,0
2022-08-15,32.79,37.35,32.79,37.35,2900
2022-08-16,36.71,36.71,36.71,36.71,1500
2022-08-17,38.26,38.26,37.35,37.35,2200
2022-08-18,37.35,37.8,37.35,37.8,200
2022-08-19,37.62,37.62,37.62,37.62,0
2022-08-22,37.53,37.53,37.53,37.53,100
2022-08-23,37.53,37.53,37.53,37.53,0
2022-08-24,37.53,37.53,37.53,37.53,0
2022-08-25,32.88,36.43,32.34,36.43,5200
2022-08-26,32.79,36.43,32.7,34.98,1800
2022-08-29,36.47,37.71,34.19,37.71,400
2022-08-30,36.38,36.95,36.38,36.95,200
2022-08-31,36.66,36.66,36.66,36.66,0
2022-09-05,36.66,36.66,36.66,36.66,0
2022-09-06,36.66,36.66,36.66,36.66,0
2022-09-07,36.66,36.66,36.66,36.66,0
2022-09-08,36.66,36.66,36.66,36.66,0
2022-09-09,36.66,36.66,36.66,36.66,0
2022-09-12,36.66,36.66,36.66,36.66,0
2022-09-13,32.48,34.67,32.29,34.67,1400
2022-09-14,33.72,34.19,33.72,34.19,3100
2022-09-15,33.24,39.32,33.24,35.14,6200
2022-09-16,34.57,37.99,34.57,37.99,1700
2022-09-19,37.61,37.61,37.61,37.61,0
2022-09-20,32.48,37.04,32.48,37.04,300
2022-09-21,37.04,37.04,37.04,37.04,100
2022-09-22,37.04,37.04,37.04,37.04,0
2022-09-23,39.89,39.89,33.24,37.04,1300
2022-09-26,39.89,39.89,39.89,39.89,900
2022-09-27,34.29,34.29,34.19,34.19,300
2022-09-28,36.09,36.09,36.09,36.09,100
2022-09-29,32.39,32.39,32.39,32.39,200
2022-09-30,35.71,35.71,33.24,33.24,600
2022-10-03,31.34,31.82,31.34,31.82,600
2022-10-04,33.62,36.09,33.62,36.09,500
2022-10-05,35.33,35.33,35.33,35.33,0
2022-10-06,30.87,30.87,30.87,30.87,100
2022-10-07,33.24,33.24,30.39,33.24,1600
2022-10-10,33.15,33.15,30.39,33.15,6700
2022-10-11,31.82,31.82,31.34,31.34,300
2022-10-12,34.19,34.19,34.19,34.19,3000
2022-10-13,34.19,34.19,34.19,34.19,0
2022-10-14,30.11,30.39,30.11,30.3,5600
2022-10-17,32.1,32.1,32.1,32.1,2800
2022-10-18,36.85,36.85,27.73,34.19,5101
2022-10-19,35.14,35.14,32.48,32.48,2300
2022-10-20,34.67,34.67,34.67,34.67,0
2022-10-21,29.92,32.77,29.63,30.39,4400
2022-10-24,33.24,33.24,27.54,27.54,1100
2022-10-25,32.77,32.77,28.49,28.49,700
2022-10-26,32.77,32.77,32.77,32.77,100
2022-10-27,32.77,32.77,32.77,32.77,0
2022-10-28,36.09,36.09,36.09,36.09,100
2022-10-31,36.09,36.09,36.09,36.09,0
2022-11-01,36.09,36.09,36.09,36.09,0
2022-11-02,36.09,36.09,36.09,36.09,0
2022-11-03,36.09,36.09,36.09,36.09,100
2022-11-04,36.09,36.09,36.09,36.09,0
2022-11-07,30.68,30.68,30.68,30.68,2800
2022-11-08,26.69,29.44,26.69,29.44,200
2022-11-09,32.29,32.29,26.59,26.59,1300
2022-11-10,33.05,33.05,33.05,33.05,6000
2022-11-11,34.19,34.19,33.24,33.24,4500
2022-11-14,29.06,29.06,29.06,29.06,100
2022-11-15,24.79,24.79,24.79,24.79,1600
2022-11-16,27.92,27.92,27.92,27.92,100
2022-11-17,27.92,27.92,27.92,27.92,0
2022-11-18,32.1,32.1,32.1,32.1,500
2022-11-21,32.1,32.1,32.1,32.1,300
2022-11-22,32.1,32.1,32.1,32.1,0
2022-11-23,32.1,32.1,32.1,32.1,0
2022-11-24,27.35,27.35,27.35,27.35,3300
2022-11-25,27.35,27.35,23.27,27.35,1800
2022-11-28,28.49,28.49,28.49,28.49,100
2022-11-29,28.49,28.49,28.49,28.49,0
2022-11-30,24.22,24.22,24.22,24.22,6700
2022-12-01,24.22,27.54,24.22,27.54,1500
2022-12-02,20.9,24.12,20.8,24.12,2100
2022-12-05,19.57,19.57,19.47,19.47,2100
2022-12-06,22.32,22.32,22.32,22.32,1900
2022-12-07,20.04,24.69,20.04,24.69,200
2022-12-08,24.69,24.69,24.69,24.69,100
2022-12-09,24.69,24.69,24.69,24.69,0
2022-12-12,24.69,24.69,23.27,24.69,1400
2022-12-13,23.27,24.31,23.27,23.56,6500
2022-12-14,23.74,23.74,23.74,23.74,2200
2022-12-15,27.26,27.26,26.59,26.59,800
2022-12-16,26.59,26.59,23.27,26.59,7400
2022-12-19,25.64,27.83,25.64,26.59,700
2022-12-20,26.4,26.4,26.4,26.4,100
2022-12-21,23.74,23.74,22.8,22.8,2900
2022-12-22,23.08,23.08,23.08,23.08,0
2022-12-23,26.12,26.12,26.12,26.12,100
2022-12-26,26.12,26.12,26.12,26.12,0
2022-12-27,26.12,26.12,26.12,26.12,0
2022-12-28,26.12,26.12,26.12,26.12,0
2022-12-29,26.12,26.59,26.12,26.59,1500
2022-12-30,28.49,28.49,28.49,28.49,100
2023-01-03,24.22,24.31,24.22,24.31,1200
2023-01-04,24.22,24.22,24.22,24.22,100
2023-01-05,27.07,27.07,27.07,27.07,900
2023-01-06,26.59,27.54,26.59,27.54,1500
2023-01-09,27.16,27.16,27.16,27.16,0
2023-01-10,27.16,27.26,27.16,27.16,2400
2023-01-11,27.16,27.16,27.16,27.16,0
2023-01-12,30.39,30.39,28.49,28.49,2000
2023-01-13,28.49,28.49,28.49,28.49,1000
2023-01-16,28.49,28.49,28.49,28.49,2100
2023-02-02,26.21,28.49,26.21,28.49,200
2023-02-03,27.54,27.54,27.54,27.54,1300
2023-02-06,24.79,28.97,24.79,28.97,200
2023-02-07,26.12,29.35,26.12,29.35,1200
2023-02-08,28.49,28.49,28.49,28.49,100
2023-02-09,28.49,28.49,28.49,28.49,900
2023-02-10,26.59,28.97,26.59,28.97,200
2023-02-13,26.12,28.49,26.12,28.49,1100
2023-02-14,31.34,31.34,26.59,28.97,500
2023-02-15,28.97,28.97,28.97,28.97,0
2023-02-16,28.97,28.97,28.97,28.97,0
2023-02-17,26.59,26.59,26.59,26.59,700
2023-02-20,26.12,28.87,26.12,28.87,38200
2023-02-21,28.87,28.87,28.87,28.87,0
2023-02-22,28.87,28.87,28.87,28.87,0
2023-02-23,28.87,28.87,28.87,28.87,0
2023-02-24,27.54,27.54,26.02,26.02,1400
2023-02-27,26.02,26.02,26.02,26.02,0
2023-02-28,23.46,28.49,23.46,28.49,2900
2023-03-01,26.59,26.59,26.59,26.59,100
2023-03-02,24.69,24.69,23.93,24.03,1300
2023-03-03,24.03,24.03,24.03,24.03,0
2023-03-06,23.74,23.74,23.74,23.74,600
2023-03-07,23.74,23.74,23.74,23.74,100
2023-03-08,23.74,23.74,23.74,23.74,0
2023-03-09,23.74,23.74,23.74,23.74,300
2023-03-10,23.74,23.74,23.74,23.74,100
2023-03-13,23.74,23.74,23.74,23.74,0
2023-03-14,23.74,23.74,23.74,23.74,0
2023-03-15,21.37,23.18,21.37,23.18,2400
2023-03-16,23.18,23.18,23.18,23.18,0
2023-03-17,23.18,23.18,23.18,23.18,0
2023-03-20,23.18,23.18,23.18,23.18,3000
2023-03-21,23.18,23.18,23.18,23.18,300
2023-03-22,21.85,21.85,21.85,21.85,300
2023-03-23,21.85,21.85,21.85,21.85,0
2023-03-24,23.18,23.18,23.18,23.18,100
2023-03-27,21.85,24.6,21.85,24.6,5300
2023-03-28,24.6,24.6,24.6,24.6,0
2023-03-29,25.64,25.64,25.64,25.64,100
2023-03-30,25.64,25.64,25.64,25.64,0
2023-03-31,25.64,25.64,25.64,25.64,0
2023-04-03,25.64,25.64,25.64,25.64,0
2023-04-04,23.74,23.74,23.74,23.74,400
2023-04-05,23.74,23.74,23.74,23.74,0
2023-04-06,23.74,23.74,21.47,21.66,300
2023-04-07,21.75,23.74,19.57,23.74,6200
2023-04-10,21.47,25.45,21.47,25.45,900
2023-04-11,22.99,22.99,22.99,22.99,700
2023-04-12,23.27,24.88,23.27,24.88,600
2023-04-13,24.79,24.79,22.51,22.51,500
2023-04-14,24.69,24.69,24.69,24.69,100
2023-04-17,24.69,24.69,24.69,24.69,0
2023-04-18,24.69,24.69,24.69,24.69,0
2023-04-19,24.69,24.69,24.69,24.69,0
2023-04-20,24.6,24.69,24.6,24.69,1700
2023-04-21,22.32,24.69,22.32,24.69,1500
2023-04-24,26.02,26.02,26.02,26.02,800
2023-04-25,26.02,26.02,24.69,26.02,7200
2023-04-26,24.69,25.93,24.69,25.93,702
2023-04-27,25.93,25.93,25.93,25.93,0
2023-04-28,24.69,24.69,24.69,24.69,700
2023-05-04,24.69,24.69,24.69,24.69,0
2023-05-05,24.69,24.69,24.69,24.69,1100
2023-05-08,24.69,24.69,24.69,24.69,1000
2023-05-09,24.69,27.07,24.69,27.07,602
2023-05-10,27.54,27.54,25.17,27.07,1400
2023-05-11,24.41,24.41,24.41,24.41,400
2023-05-12,24.5,24.5,24.5,24.5,100
2023-05-15,24.03,25.17,22.42,25.17,4201
2023-05-16,25.17,25.17,25.17,25.17,0
2023-05-17,25.17,25.17,25.17,25.17,0
2023-05-18,25.17,25.17,25.17,25.17,0
2023-05-19,24.98,24.98,24.69,24.69,200
2023-05-22,23.27,24.5,23.27,24.5,600
2023-05-23,24.41,24.41,24.41,24.41,100
2023-05-24,24.41,24.41,24.41,24.41,0
2023-05-25,23.27,26.5,22.32,26.5,8880
2023-05-26,24.69,25.64,23.93,25.64,21636
2023-05-29,23.37,26.59,23.37,26.59,1523
2023-05-30,23.93,25.55,23.93,25.55,1700
2023-05-31,23.46,25.36,23.37,25.36,1400
2023-06-01,22.99,24.6,22.89,24.6,9000
2023-06-02,24.6,24.6,24.6,24.6,0
2023-06-05,24.22,24.5,23.74,24.22,5900
2023-06-06,24.12,24.5,24.03,24.5,1410
2023-06-07,23.93,24.5,23.93,24.5,1200
2023-06-08,24.6,25.36,24.5,25.36,2040
2023-06-09,25.36,25.36,25.26,25.26,8107
2023-06-12,23.84,25.17,23.84,25.17,200
2023-06-13,25.07,25.07,25.07,25.07,300
2023-06-14,24.98,27.54,24.98,25.17,3401
2023-06-15,25.07,25.07,25.07,25.07,2102
2023-06-16,25.07,25.17,24.69,24.69,1000
2023-06-19,23.93,25.17,23.93,25.17,1829
2023-06-20,24.31,25.64,24.31,25.64,200
2023-06-21,25.64,25.64,23.93,25.64,1201
2023-06-22,25.64,25.64,25.64,25.64,0
2023-06-23,25.64,25.64,25.64,25.64,0
2023-06-26,24.69,24.69,24.69,24.69,300
2023-06-27,24.69,24.69,24.69,24.69,100
2023-06-28,24.69,24.69,24.69,24.69,1
2023-06-29,23.93,24.6,23.74,24.6,1101
2023-06-30,23.74,24.41,22.51,24.41,2300
2023-07-03,22.99,26.78,22.8,23.93,14300
2023-07-04,24.41,24.5,23.74,24.5,3200
2023-07-05,24.41,25.36,23.74,23.74,300
2023-07-06,24.98,25.07,24.98,25.07,205
2023-07-07,25.07,25.07,25.07,25.07,0
2023-07-10,24.69,25.45,24.69,25.07,1200
2023-07-11,24.69,24.69,24.69,24.69,100
2023-07-12,24.6,24.6,24.22,24.22,3203
2023-07-13,23.74,23.74,23.74,23.74,9000
2023-07-14,23.74,23.74,23.37,23.37,10000
2023-07-17,23.37,24.22,22.8,24.22,6400
2023-07-18,24.12,24.22,22.89,22.99,4590
2023-07-19,22.8,23.74,22.51,23.74,1500
2023-07-20,23.74,23.74,23.46,23.46,300
2023-07-21,23.46,23.74,22.99,23.74,5100
2023-07-24,23.65,23.93,22.99,23.74,3000
2023-07-25,22.99,23.74,22.89,23.74,400
2023-07-26,23.74,23.74,23.74,23.74,3601
2023-07-27,23.93,26.12,23.93,26.12,34002
2023-07-28,28.4,28.4,26.21,27.16,9411
2023-07-31,27.16,27.16,26.5,26.5,9905
2023-08-01,26.5,28.97,26.12,26.97,4010
2023-08-02,26.97,26.97,26.97,26.97,0
2023-08-03,26.97,29.35,26.21,26.59,10101
2023-08-04,26.21,26.21,26.12,26.12,2401
2023-08-07,26.12,28.11,26.12,26.12,1100
2023-08-08,26.21,27.92,26.12,27.07,3500
2023-08-09,25.36,29.73,24.69,27.07,8704
2023-08-10,26.69,26.69,25.74,25.93,3400
2023-08-11,25.93,25.93,24.88,24.88,3600
2023-08-14,26.02,27.07,26.02,27.07,3824
2023-08-15,25.17,25.45,25.17,25.45,1201
2023-08-16,25.45,25.45,25.45,25.45,1603
2023-08-17,25.36,25.45,24.69,25.45,1000
2023-08-18,24.69,24.69,24.6,24.6,2211
2023-08-21,24.6,24.6,24.6,24.6,3812
2023-08-22,24.5,24.5,24.41,24.41,600
2023-08-23,24.5,24.6,24.5,24.6,5100
2023-08-24,24.69,26.59,24.69,24.79,712
2023-08-25,24.79,24.79,23.74,23.74,1100
2023-08-28,24.69,24.69,24.69,24.69,4000
2023-08-29,24.98,24.98,24.98,24.98,601
2023-08-30,25.17,25.17,25.07,25.17,1700
2023-08-31,27.45,27.45,26.12,26.12,4611
2023-09-05,27.07,28.49,26.31,26.59,6449
2023-09-06,26.59,27.54,26.59,27.54,3222
2023-09-07,28.4,28.4,26.59,26.59,635
2023-09-08,28.21,28.21,28.11,28.21,5020
2023-09-11,28.49,30.96,28.49,30.96,75203
2023-09-12,34.0,34.0,33.91,34.0,134300
2023-09-13,37.33,37.33,37.33,37.33,213910
2023-09-14,41.03,41.03,37.23,39.42,281210
2023-09-15,39.42,39.42,36.09,37.04,93705
2023-09-18,37.52,40.75,35.14,40.75,71734
2023-09-19,44.64,44.74,41.13,42.17,142452
2023-09-20,42.55,42.55,37.99,40.84,69028
2023-09-21,40.84,40.84,38.56,39.42,51123
2023-09-22,39.42,39.42,36.09,38.18,91519
2023-09-25,36.19,38.18,36.09,37.42,62901
2023-09-26,36.09,36.57,35.81,36.09,38702
2023-09-27,36.09,37.04,35.24,35.52,43200
2023-09-28,35.52,37.9,35.05,36.95,29843
2023-09-29,36.95,38.47,36.95,37.52,36800
2023-10-02,37.8,38.75,37.52,37.99,32800
2023-10-03,36.95,36.95,36.09,36.09,57200
2023-10-04,36.09,36.98,35.8,36.29,21200
2023-10-05,37.37,39.92,37.37,39.92,49400
2023-10-06,43.84,43.84,41.19,41.78,127131
2023-10-09,41.78,44.14,41.19,41.19,62208
2023-10-10,41.59,41.59,39.72,39.72,46227
2023-10-11,39.72,39.72,37.27,37.86,45802
2023-10-12,37.86,39.33,37.86,38.35,16909
2023-10-13,38.35,38.35,37.07,37.37,33002
2023-10-16,38.05,38.05,35.9,36.19,33590
2023-10-17,36.19,37.27,35.31,35.31,48805
2023-10-18,35.5,35.5,32.37,34.43,24038
2023-10-19,34.33,34.33,32.86,33.35,14400
2023-10-20,33.35,33.35,32.07,33.15,28500
2023-10-23,33.25,34.23,32.37,32.37,35500
2023-10-24,34.23,34.23,32.86,32.95,18753
2023-10-25,33.15,34.03,32.37,33.54,37400
2023-10-26,33.45,33.74,32.17,33.25,22927
2023-10-27,33.74,34.03,32.37,33.74,28181
2023-10-30,33.64,33.74,31.78,33.25,32319
2023-10-31,36.39,36.39,32.37,32.37,20800
2023-11-01,32.37,33.15,31.97,33.05,14700
2023-11-02,33.84,33.84,31.88,32.17,34007
2023-11-03,32.56,34.33,32.37,33.35,21006
2023-11-06,33.84,34.13,32.95,33.35,11200
2023-11-07,32.86,32.95,32.37,32.46,20250
2023-11-08,32.17,33.15,32.07,32.86,12043
2023-11-09,33.15,33.15,32.37,32.56,18802
2023-11-10,32.56,32.76,32.37,32.37,17106
2023-11-13,32.37,32.37,31.97,32.07,9640
2023-11-14,32.07,32.46,32.07,32.07,10204
2023-11-15,32.37,32.86,32.07,32.07,12200
2023-11-16,32.07,32.17,32.07,32.07,4009
2023-11-17,32.07,32.46,31.48,31.88,13810
2023-11-20,31.39,31.88,31.39,31.58,9109
2023-11-21,31.58,31.58,31.29,31.48,16136
2023-11-22,31.48,31.48,30.7,30.7,12024
2023-11-23,30.7,31.09,30.31,30.31,10572
2023-11-24,30.31,30.31,29.13,29.42,15107
2023-11-27,29.42,32.37,29.33,31.39,22170
2023-11-28,30.99,31.29,30.89,31.29,2255
2023-11-29,31.29,31.29,30.01,31.09,4553
2023-11-30,31.09,31.09,30.11,30.31,9481
2023-12-01,30.31,32.17,30.11,30.7,900
2023-12-04,30.7,31.29,30.5,30.7,9717
2023-12-05,30.6,30.6,30.01,30.21,12962
2023-12-06,30.21,30.4,29.23,29.91,41983
2023-12-07,30.31,32.37,30.11,30.6,18200
2023-12-08,30.99,30.99,29.91,30.4,27600
2023-12-11,30.4,30.99,29.42,30.99,25510
2023-12-12,30.99,31.48,30.8,31.19,11900
2023-12-13,30.99,30.99,30.11,30.11,13648
2023-12-14,30.21,30.4,29.62,29.62,7020
2023-12-15,29.62,29.72,29.23,29.52,12300
2023-12-18,29.91,30.5,29.42,29.42,10600
2023-12-19,29.42,30.01,28.93,29.33,7235
2023-12-20,29.82,30.11,29.52,29.82,2934
2023-12-21,29.82,29.82,29.42,29.42,5222
2023-12-22,29.42,29.72,29.33,29.33,4700
2023-12-25,29.72,29.82,29.13,29.72,9539
2023-12-26,29.82,29.82,28.93,29.42,14124
2023-12-27,29.42,29.82,29.33,29.82,6600
2023-12-28,30.21,30.21,29.52,29.62,3932
2023-12-29,29.42,29.62,29.23,29.42,11605
2024-01-02,29.72,29.72,28.93,29.13,12112
2024-01-03,29.23,29.52,29.03,29.42,7800
2024-01-04,29.62,29.62,29.03,29.13,21301
2024-01-05,29.13,29.23,29.03,29.03,4400
2024-01-08,29.03,29.03,28.93,29.03,4700
2024-01-09,29.03,29.13,28.84,29.03,12900
2024-01-10,29.03,29.03,28.54,28.54,9600
2024-01-11,28.54,28.54,28.44,28.54,5114
2024-01-12,28.54,28.54,27.95,27.95,6200
2024-01-15,27.95,28.15,27.95,28.05,5421
2024-01-16,27.95,27.95,27.76,27.76,4239
2024-01-17,27.76,27.76,27.17,27.27,18143
2024-01-18,27.17,27.17,26.97,27.17,2204
2024-01-19,27.27,27.46,27.17,27.36,8104
2024-01-22,27.07,27.07,26.97,26.97,4700
2024-01-23,27.46,27.46,26.09,27.07,3753
2024-01-24,26.97,27.36,26.97,27.07,1518
2024-01-25,27.07,27.07,26.29,26.97,930
2024-01-26,26.97,27.27,26.97,27.17,3400
2024-01-29,27.17,27.27,26.48,26.48,5963
2024-01-30,26.48,26.97,26.48,26.97,3102
2024-01-31,26.97,28.44,26.97,27.36,6300
2024-02-01,26.58,27.36,26.58,27.17,1300
2024-02-02,27.17,27.27,26.48,27.27,6331
2024-02-05,27.27,27.27,26.58,27.17,3700
2024-02-06,26.58,27.07,26.58,27.07,3503
2024-02-07,27.07,27.07,26.58,26.87,12000
2024-02-15,26.87,27.17,26.87,26.97,8529
2024-02-16,26.97,27.27,26.97,27.27,4500
2024-02-19,27.36,27.36,26.97,27.27,7909
2024-02-20,27.27,28.44,27.27,28.44,8630
2024-02-21,28.44,28.44,27.85,28.34,11203
2024-02-22,28.44,28.44,27.95,28.05,1035
2024-02-23,28.05,28.05,26.68,27.46,8836
2024-02-26,27.46,30.21,27.17,30.21,51622
2024-02-27,30.4,33.15,30.21,32.07,27697
2024-02-28,32.37,32.76,29.62,30.21,30475
2024-02-29,30.11,30.89,29.52,30.89,15530
2024-03-01,30.89,31.58,29.42,30.6,9807
2024-03-04,30.89,30.89,28.64,30.31,10114
2024-03-05,29.42,30.11,28.44,29.03,25050
2024-03-06,29.03,29.13,27.27,28.34,33422
2024-03-07,27.95,28.84,27.46,28.84,5360
2024-03-08,28.84,28.93,28.84,28.84,9712
2024-03-11,28.84,28.84,28.05,28.34,4952
2024-03-12,28.34,28.34,27.46,28.25,6501
2024-03-13,28.25,28.74,28.15,28.74,8538
2024-03-14,29.23,29.23,28.44,28.44,10408
2024-03-15,28.84,28.84,27.56,28.54,4687
2024-03-18,28.74,28.74,27.95,28.44,1436
2024-03-19,28.64,28.74,27.95,28.44,2535
2024-03-20,28.05,28.84,28.05,28.34,11327
2024-03-21,28.34,28.44,28.25,28.44,12353
2024-03-22,28.44,28.44,28.05,28.15,8400
2024-03-25,28.15,28.44,27.56,28.44,22700
2024-03-26,27.56,28.25,27.56,28.15,4800
2024-03-27,28.15,28.15,27.46,27.46,9600
2024-03-28,27.56,28.84,27.46,27.85,19015
2024-03-29,27.76,27.85,27.36,27.56,7501
2024-04-01,27.95,27.95,26.97,27.66,18831
2024-04-02,27.46,27.85,27.07,27.66,2352
2024-04-03,28.05,28.05,27.36,27.36,6801
2024-04-04,27.17,27.36,27.17,27.36,5500
2024-04-05,27.07,27.36,26.87,27.36,8000
2024-04-08,27.36,27.66,27.07,27.66,3159
2024-04-09,27.66,27.66,27.36,27.66,4300
2024-04-10,27.66,27.66,27.66,27.66,9770
2024-04-11,27.36,28.05,27.36,28.05,8758
2024-04-12,28.44,28.44,28.34,28.34,1600
2024-04-15,29.42,29.42,27.46,27.46,14898
2024-04-16,27.66,27.76,26.68,26.68,17600
2024-04-17,27.66,27.66,27.56,27.56,445
2024-04-19,27.56,27.56,27.07,27.56,4800
2024-04-22,27.56,27.66,27.46,27.66,2720
2024-04-23,27.95,27.95,27.27,27.27,3310
2024-04-24,27.27,27.85,27.27,27.85,421
2024-04-25,27.36,27.76,27.36,27.46,8000
2024-04-26,27.27,27.46,27.27,27.36,4000
2024-05-02,28.25,28.54,27.36,27.36,24910
2024-05-03,27.17,27.46,27.17,27.46,4600
2024-05-06,27.46,27.66,27.36,27.56,4000
2024-05-07,27.56,27.95,27.46,27.95,11500
2024-05-08,27.95,28.44,27.66,28.44,11700
2024-05-09,28.05,28.05,27.66,28.05,3201
2024-05-10,28.34,28.54,27.95,28.54,5135
2024-05-13,28.15,28.34,27.95,27.95,5100
2024-05-14,28.44,28.74,28.25,28.34,12700
2024-05-15,28.84,31.09,28.84,31.09,80887
2024-05-16,31.39,34.13,31.09,31.88,55025
2024-05-17,31.48,34.13,31.48,33.25,57931
2024-05-20,33.25,35.8,33.25,35.21,113022
2024-05-21,35.31,35.5,33.84,34.62,31869
2024-05-22,35.11,35.11,33.84,34.33,18753
2024-05-23,33.35,34.13,32.95,33.15,28029
2024-05-24,33.25,33.25,32.37,32.76,17105
2024-05-27,32.86,34.33,32.86,33.45,15900
2024-05-28,33.45,34.72,33.45,34.23,10301
2024-05-29,34.52,35.11,33.64,33.94,16069
2024-05-30,33.94,33.94,32.95,33.54,20100
2024-05-31,33.35,33.64,33.05,33.64,3211
2024-06-03,33.64,33.84,33.35,33.35,13325
2024-06-04,33.45,36.58,33.35,35.01,50532
2024-06-05,35.31,36.98,35.01,35.5,26965
2024-06-06,35.31,36.29,34.82,35.31,20801
2024-06-07,35.31,35.41,34.62,34.62,8500
2024-06-10,34.03,34.62,34.03,34.13,4954
2024-06-11,34.33,34.33,33.54,34.13,20754
2024-06-12,33.94,34.82,33.84,34.82,22519
2024-06-13,34.43,35.11,34.33,34.62,10224
2024-06-14,34.62,34.82,34.33,34.33,9120
2024-06-17,34.13,34.33,34.13,34.33,6300
2024-06-18,34.33,35.21,34.33,34.62,20678
2024-06-19,34.62,38.05,34.62,38.05,68698
2024-06-20,41.19,41.78,37.27,38.55,31501
2024-06-21,38.55,38.74,36.29,38.05,43237
2024-06-24,38.05,38.05,35.6,35.6,29655
2024-06-25,35.41,36.49,35.31,35.6,11834
2024-06-26,35.6,36.09,35.5,35.9,7700
2024-06-27,36.78,36.78,35.11,35.9,13644
2024-06-28,35.41,35.41,34.62,34.72,17800
2024-07-01,34.72,34.82,33.35,34.72,11301
2024-07-02,34.72,34.92,34.33,34.92,3500
2024-07-03,36.0,36.0,35.31,35.31,700
2024-07-04,36.0,36.0,35.41,36.0,11520
2024-07-05,35.9,35.9,35.31,35.8,18534
2024-07-08,37.07,37.07,35.11,35.9,20433
2024-07-09,35.6,36.09,35.5,35.5,5375
2024-07-10,35.6,35.6,35.31,35.31,12603
2024-07-11,35.31,35.9,35.01,35.01,6300
2024-07-12,36.0,36.0,34.92,35.41,3500
2024-07-15,35.41,35.7,35.41,35.5,10200
2024-07-16,35.7,36.39,35.6,36.29,13064
2024-07-17,36.0,36.09,35.7,35.7,16401
2024-07-18,35.7,35.7,34.52,35.5,4810
2024-07-19,35.31,35.31,34.72,34.72,13400
2024-07-22,34.72,36.39,34.33,36.39,23056
2024-07-23,36.49,39.92,36.49,36.78,38580
2024-07-24,36.68,36.78,36.09,36.19,7200
2024-07-25,35.8,35.8,34.33,34.33,34300
2024-07-26,34.33,35.6,34.33,35.6,5600
2024-07-29,35.8,37.66,34.92,35.31,9375
2024-07-30,35.5,38.84,35.5,38.84,128947
2024-07-31,42.66,42.66,41.68,42.66,393954
2024-08-01,46.88,46.88,43.65,46.88,334790
2024-08-02,48.06,51.49,48.06,51.49,417464
2024-08-05,56.59,56.59,52.47,56.59,334599
2024-08-06,62.08,62.08,56.49,61.59,203709
2024-08-07,61.59,64.63,55.51,55.51,240403
2024-08-08,57.87,58.55,52.47,56.2,45590
2024-08-09,56.98,57.77,50.61,50.61,125594
2024-08-12,50.81,55.61,45.9,47.86,222496
2024-08-13,46.1,50.02,46.1,47.47,60424
2024-08-14,47.47,49.55,47.07,47.57,78746
2024-08-15,47.57,51.33,46.58,50.94,60813
2024-08-16,51.53,51.53,49.55,50.14,55292
2024-08-19,53.51,53.51,50.14,51.73,44511
2024-08-20,50.74,52.42,50.74,51.53,20416
2024-08-21,51.53,51.83,49.95,50.14,51526
2024-08-22,51.93,51.93,49.05,49.55,25813
2024-08-23,50.34,50.74,49.45,49.55,13807
2024-08-26,51.53,51.53,48.96,50.34,33719
2024-08-27,50.05,55.3,49.15,55.3,83751
2024-08-28,55.5,60.65,55.5,60.45,41298
2024-08-29,59.96,60.25,56.49,56.78,27401
2024-08-30,56.78,62.43,56.78,62.43,68439
2024-09-04,61.44,65.51,59.46,61.44,69835
2024-09-05,62.23,62.23,59.46,61.14,34200
2024-09-06,61.14,61.44,58.47,59.36,21605
2024-09-09,58.96,59.46,56.49,56.88,16630
2024-09-10,56.88,57.38,52.13,52.32,79334
2024-09-11,52.32,54.41,52.32,52.82,27521
2024-09-12,52.92,53.51,49.85,52.42,23702
2024-09-13,52.92,55.5,51.53,55.0,21403
2024-09-16,54.5,55.5,52.92,52.92,6322
2024-09-17,54.5,54.5,52.52,53.51,10210
2024-09-18,54.01,57.48,52.52,53.51,18467
2024-09-19,54.21,54.21,51.53,52.92,16830
2024-09-20,52.52,53.02,52.23,53.02,11465
2024-09-23,52.92,52.92,51.73,51.83,2003
2024-09-24,50.84,53.51,50.84,53.51,20300
2024-09-25,56.98,58.07,53.51,55.0,40489
2024-09-26,57.38,57.48,53.61,53.91,16869
2024-09-27,55.5,56.09,53.51,54.41,15315
2024-09-30,54.5,55.89,53.61,54.8,5917
2024-10-01,54.01,55.99,53.91,54.5,38743
2024-10-02,53.71,54.41,53.71,54.41,1904
2024-10-03,54.41,54.41,52.52,53.12,14807
2024-10-04,53.12,53.12,52.72,52.72,17257
2024-10-07,53.51,53.51,51.53,53.12,8114
2024-10-08,52.72,53.22,51.93,51.93,4180
2024-10-09,51.93,52.42,51.73,51.93,3005
2024-10-10,52.03,52.52,51.33,51.33,11000
2024-10-11,51.14,51.43,49.75,50.54,15680
2024-10-14,50.44,50.44,49.65,49.65,14680
2024-10-15,49.75,50.34,49.55,49.65,2400
2024-10-16,49.75,49.75,49.35,49.35,16843
2024-10-17,49.35,50.44,44.6,49.55,13407
2024-10-18,49.95,49.95,48.56,48.56,4200
2024-10-21,48.56,51.04,48.56,49.65,21807
2024-10-22,49.55,49.55,48.26,49.55,13956
2024-10-23,48.06,49.55,48.06,49.55,3100
2024-10-24,49.55,49.55,48.76,48.76,1803
2024-10-25,49.35,49.35,48.56,48.66,3200
2024-10-28,48.66,49.45,48.66,49.45,1351
2024-10-29,49.55,49.55,48.56,49.45,3110
2024-10-30,49.45,49.45,48.16,48.26,9900
2024-10-31,49.55,53.02,49.55,53.02,50234
2024-11-01,58.27,58.27,55.0,56.29,71215
2024-11-04,55.99,55.99,52.52,52.52,17927
2024-11-05,50.74,53.41,50.74,52.42,28928
2024-11-06,51.73,52.62,51.63,52.03,17301
2024-11-07,53.02,54.5,51.43,51.53,22837
2024-11-08,51.63,51.73,50.84,51.53,6011
2024-11-11,50.54,51.53,50.54,51.33,30058
2024-11-12,52.03,52.03,50.74,51.43,8537
2024-11-13,51.14,51.53,50.54,51.53,9536
2024-11-14,51.14,51.14,50.14,50.14,27939
2024-11-15,50.14,50.14,49.25,49.35,15666
2024-11-18,50.34,50.44,48.66,48.76,4795
2024-11-19,49.45,53.61,49.45,51.04,25240
2024-11-20,51.93,51.93,49.55,49.55,16288
2024-11-21,51.43,51.43,49.05,50.44,2502
2024-11-22,50.44,50.44,45.49,49.35,31911
2024-11-25,49.35,49.95,44.5,44.5,47161
2024-11-26,48.06,48.76,42.61,44.2,82026
2024-11-27,44.6,46.58,43.6,44.5,22713
2024-11-28,45.39,46.48,44.6,45.29,20821
2024-11-29,46.28,47.47,45.59,46.68,51294
2024-12-02,47.17,47.17,46.38,46.68,9498
2024-12-03,46.38,46.58,45.59,46.18,24280
2024-12-04,46.18,50.74,46.08,50.74,101152
2024-12-05,50.74,55.1,50.74,53.51,86366
2024-12-06,54.7,55.4,52.32,52.52,21475
2024-12-09,52.52,57.78,52.52,57.78,115477
2024-12-10,58.47,63.52,58.37,63.52,75730
2024-12-11,69.87,69.87,69.87,69.87,149659
2024-12-12,76.8,76.8,68.48,69.87,98785
2024-12-13,70.26,70.26,63.42,65.6,66101
2024-12-16,66.1,72.14,66.1,72.14,21773
2024-12-17,79.28,79.28,73.33,79.28,172383
2024-12-18,80.27,85.52,79.28,81.16,113339
2024-12-19,81.16,81.16,77.5,80.27,99409
2024-12-20,79.28,88.3,78.49,88.3,169670
2024-12-23,89.19,97.12,89.19,97.12,70245
2024-12-24,104.06,106.83,99.1,106.83,136417
2024-12-25,112.97,117.43,112.97,117.43,43584
2024-12-26,129.13,129.13,128.83,129.13,42872
2024-12-27,142.01,142.01,117.43,130.81,225759
2024-12-30,130.81,130.81,117.73,117.73,179427
2024-12-31,110.2,115.95,106.04,106.04,198523
2025-01-02,95.43,107.03,95.43,101.28,232917
2025-01-03,104.06,111.39,98.11,111.39,115815
2025-01-06,122.49,122.49,109.01,113.17,115295
2025-01-07,113.27,116.44,107.52,107.52,65859
2025-01-08,107.23,117.93,104.06,115.95,81220
2025-01-09,115.95,119.12,114.46,117.93,69519
2025-01-10,117.93,129.72,115.95,129.72,168670
2025-01-13,126.85,139.14,126.85,134.18,48920
2025-01-14,135.77,135.77,125.86,132.79,48744
2025-01-15,132.69,133.69,127.94,128.14,33871
2025-01-16,130.32,140.92,128.14,140.92,75793
2025-01-17,141.71,154.99,140.92,148.15,101068
2025-01-20,148.15,162.52,143.79,158.56,32616
2025-01-21,158.56,173.42,154.6,166.98,46066
2025-01-22,156.58,173.42,156.58,158.56,72645
2025-01-23,158.56,173.42,158.56,163.51,104567
2025-01-24,164.01,168.97,148.65,158.56,44151
2025-02-03,158.56,165.5,158.56,161.63,78299
2025-02-04,168.47,177.79,163.12,177.79,93815
2025-02-05,187.5,195.52,180.96,195.52,66244
2025-02-06,211.08,215.05,201.17,215.05,45478
2025-02-07,235.86,236.55,215.05,220.0,144538
2025-02-10,223.97,242.0,220.99,239.82,85953
2025-02-11,237.84,239.82,223.17,228.13,58062
2025-02-12,234.37,239.82,224.96,231.0,63792
2025-02-13,237.34,254.09,231.89,254.09,101326
2025-02-14,275.5,279.46,267.57,279.46,64470
2025-02-17,292.05,307.41,287.39,296.8,129421
2025-02-18,316.13,316.13,267.17,267.17,88698
2025-02-19,247.75,257.66,240.52,240.52,40044
2025-02-20,217.03,264.5,216.53,255.28,147515
2025-02-21,255.68,262.32,232.88,234.47,66189
2025-02-24,234.47,234.57,211.08,211.08,173625
2025-02-25,189.97,210.09,189.97,189.97,163368
2025-02-26,175.41,189.78,171.24,188.29,150821
2025-02-27,188.29,207.12,188.29,207.12,88710
2025-02-28,217.03,224.96,205.14,217.03,123118
2025-03-03,217.03,231.89,217.03,223.17,53870
2025-03-04,225.16,225.16,201.77,216.53,54172
2025-03-05,217.82,225.95,212.27,216.53,45746
2025-03-06,219.9,220.99,202.16,202.66,64634
2025-03-07,205.14,208.01,182.74,190.27,116856
2025-03-10,190.27,209.3,190.27,209.3,67232
2025-03-11,210.09,224.96,207.32,207.32,85093
2025-03-12,207.32,213.06,196.22,197.21,70428
2025-03-13,204.05,208.11,187.4,190.27,91904
2025-03-14,196.12,207.22,189.38,203.16,61730
2025-03-17,203.16,209.1,190.97,192.95,51317
2025-03-18,203.16,203.16,192.15,194.43,41004
2025-03-19,194.43,194.43,178.38,189.78,64789
2025-03-20,190.27,191.26,185.52,187.6,25868
2025-03-21,187.6,192.95,187.6,189.28,25491
2025-03-24,188.29,188.29,180.36,182.84,34006
2025-03-25,185.32,188.88,183.14,184.33,44207
2025-03-26,188.09,192.25,186.31,189.28,48353
2025-03-27,189.28,191.76,186.41,188.29,29747
2025-03-28,188.29,191.36,185.52,185.52,24825
2025-03-31,186.01,190.07,183.53,186.11,52604
2025-04-01,186.31,204.64,186.31,204.64,80423
2025-04-02,204.64,225.06,204.64,225.06,192379
2025-04-03,225.06,247.55,216.04,247.55,198325
2025-04-04,272.23,272.23,254.69,254.69,94018
2025-04-08,249.73,249.73,229.22,229.22,16578
2025-04-09,206.33,206.33,206.33,206.33,26697
2025-04-10,187.3,226.94,187.3,226.94,82067
2025-04-11,242.8,244.68,204.25,208.51,112467
2025-04-14,226.15,229.32,209.1,219.01,57453
2025-04-15,221.98,222.88,206.13,213.06,76367
2025-04-16,213.06,215.15,207.12,211.28,30376
2025-04-17,215.05,226.74,211.28,224.96,82827
2025-04-18,227.73,237.84,214.16,214.16,81250
2025-04-21,214.25,220.79,206.43,209.4,56798
2025-04-22,209.4,216.04,188.49,199.09,131026
2025-04-23,200.18,209.99,196.22,199.09,43735
2025-04-24,199.09,204.05,196.22,198.89,30362
2025-04-25,207.02,207.02,194.93,200.18,47514
2025-04-28,198.2,202.16,196.22,196.22,22885
2025-04-29,196.22,198.2,195.23,195.23,25350
2025-05-05,198.7,198.7,189.48,191.46,25623
2025-05-06,191.76,196.22,191.76,193.24,25189
2025-05-07,195.13,195.13,191.86,191.96,16076
2025-05-08,192.25,192.25,186.31,187.3,65061
2025-05-09,187.3,187.99,182.34,187.99,37311
2025-05-12,196.22,196.22,188.29,188.29,24226
2025-05-13,194.14,194.14,188.29,188.88,22403
2025-05-14,190.27,190.27,186.31,186.31,59685
2025-05-15,188.29,189.28,181.55,181.85,69436
2025-05-16,181.85,168.47,168.47,168.47,117145
2025-05-19,168.47,171.34,157.57,157.57,91632
2025-05-20,158.56,173.33,157.57,173.33,38515
2025-05-21,190.57,190.57,181.35,186.31,119639
2025-05-22,186.31,186.31,173.42,177.69,34228
2025-05-23,177.39,178.38,170.65,171.84,30496
2025-05-26,171.84,175.21,171.44,171.84,26926
2025-05-27,172.33,172.33,158.56,165.4,80909
2025-05-28,168.47,173.82,166.98,166.98,38201
2025-05-29,173.42,176.4,166.49,167.58,12894
2025-05-30,167.58,167.88,164.9,164.9,29126
2025-06-02,160.54,166.29,160.54,161.93,28175
2025-06-03,167.38,167.38,162.82,163.51,12478
2025-06-04,163.51,165.99,163.51,163.71,20546
2025-06-05,163.71,180.06,163.61,179.97,140887
2025-06-06,179.97,182.24,172.43,172.43,30913
2025-06-09,172.43,174.42,163.51,164.51,56913
2025-06-10,164.51,167.58,162.52,163.51,28104
2025-06-11,163.71,170.45,163.51,166.98,20173
2025-06-12,166.49,167.48,165.0,165.79,12629
2025-06-13,166.98,172.43,165.99,169.46,35263
2025-06-16,169.46,169.46,164.51,167.18,19437
2025-06-17,167.08,168.57,165.7,165.89,23179
2025-06-18,166.49,168.37,166.49,166.98,10201
2025-06-19,166.98,167.38,165.6,167.38,9204
2025-06-20,167.48,167.48,165.6,166.09,16546
2025-06-23,166.09,166.79,163.51,165.0,19670
2025-06-24,165.2,166.49,164.41,165.1,18732
2025-06-25,166.29,166.29,163.22,163.51,24852
2025-06-26,163.61,166.49,163.51,163.51,19650
2025-06-27,163.61,164.51,161.93,162.72,35509
2025-06-30,161.73,164.51,161.73,162.72,18480
2025-07-01,162.13,163.51,162.13,162.82,14046
2025-07-02,163.51,164.41,162.72,162.72,13507
2025-07-03,163.02,165.1,161.73,162.03,30418
2025-07-04,162.03,163.02,161.53,162.42,23517
2025-07-07,162.52,163.51,162.42,162.52,14568
2025-07-08,162.33,164.01,162.23,162.42,17428
2025-07-09,163.51,172.43,163.51,167.48,101446
2025-07-10,168.47,168.47,165.5,165.5,23523
2025-07-11,166.49,167.97,163.61,165.0,43405
2025-07-14,164.51,164.51,163.22,163.71,32384
2025-07-15,163.51,166.09,163.51,163.81,21048
2025-07-16,163.51,165.1,163.51,163.81,11435
2025-07-17,163.81,170.85,163.32,166.88,58742
2025-07-18,167.88,177.39,167.88,171.34,52252
2025-07-21,171.34,179.97,171.34,172.43,34911
2025-07-22,176.4,189.68,176.3,189.68,155049
2025-07-23,203.16,208.61,186.31,186.31,63480
2025-07-24,186.31,187.4,174.42,177.29,55374
2025-07-25,178.38,182.24,175.21,176.4,40658
2025-07-28,180.36,180.36,173.42,173.42,80948
2025-07-29,173.42,173.72,156.08,162.62,80909
2025-07-30,162.62,170.25,162.62,164.31,30404
2025-07-31,166.49,166.49,162.03,162.62,41137
2025-08-01,162.13,164.7,161.53,162.62,28369
2025-08-04,166.39,166.39,163.32,165.99,16596
2025-08-05,166.49,167.48,163.51,164.01,34019
2025-08-06,164.01,166.98,164.01,164.7,15363
2025-08-07,166.49,167.88,166.49,166.98,25039
2025-08-08,166.98,167.18,165.5,166.69,21906
2025-08-11,167.48,168.67,165.5,166.49,29252
2025-08-12,167.88,167.88,165.5,165.6,27942
2025-08-13,166.49,166.49,164.51,164.51,35989
2025-08-14,167.2,168.6,164.0,168.6,46289
2025-08-15,169.3,170.2,166.5,166.5,35039
2025-08-18,166.5,166.5,163.5,164.0,33549
2025-08-19,164.0,164.0,162.0,162.4,34615
2025-08-20,162.4,167.0,161.2,163.9,19047
2025-08-21,166.7,166.7,161.0,161.5,18870
2025-08-22,161.5,161.5,155.0,157.0,51256
2025-08-25,157.0,160.0,153.1,153.1,10561
2025-08-26,153.1,153.1,146.8,148.0,40718
2025-08-27,149.0,160.0,148.6,155.5,26500
2025-08-28,155.6,157.6,153.1,156.8,20400
2025-08-29,157.0,157.3,153.2,153.2,14600
2025-09-03,160.0,160.0,155.7,156.0,21200
2025-09-04,156.5,159.9,156.5,158.5,21100
2025-09-05,160.0,160.0,157.5,158.0,7600
2025-09-08,158.0,158.0,153.7,154.0,23300
2025-09-09,153.9,155.5,152.0,152.3,14100
2025-09-10,152.3,156.0,152.3,154.8,6500
2025-09-11,154.8,154.8,148.3,151.0,20100
2025-09-12,151.1,153.8,151.0,153.0,3300
2025-09-15,152.1,153.8,143.9,152.0,12500
2025-09-16,154.8,154.8,150.0,150.3,18700
2025-09-17,150.3,151.5,150.0,150.3,6100
2025-09-18,150.3,153.2,149.9,150.0,9100
2025-09-19,150.0,152.0,149.5,149.9,2400
2025-09-22,150.0,150.0,145.0,145.0,12500
2025-09-23,146.0,148.5,144.6,144.6,7200
2025-09-24,144.7,146.6,143.6,145.0,8900
2025-09-25,145.0,147.9,145.0,146.0,7700
2025-09-26,147.6,160.6,146.1,160.6,74200
2025-09-29,162.0,172.0,160.0,160.8,46800
2025-09-30,160.8,160.8,150.5,156.0,19000
2025-10-01,165.0,165.0,151.9,154.6,20500
2025-10-02,154.6,154.6,148.0,148.0,20900
2025-10-03,148.1,149.0,144.1,145.3,20600
2025-10-06,149.5,149.8,145.2,145.5,16300
2025-10-07,146.0,148.0,145.7,145.7,5900
2025-10-08,149.7,149.7,147.2,147.5,15900
2025-10-09,145.0,147.6,145.0,147.3,11900
2025-10-10,150.6,151.0,147.3,149.6,13100
2025-10-13,157.6,164.5,155.0,164.5,111800
2025-10-14,169.9,178.0,156.0,164.0,94600
2025-10-15,158.0,165.0,150.0,154.9,90200
2025-10-16,154.9,161.8,154.9,157.0,51300
2025-10-17,160.0,172.7,160.0,172.7,194200
2025-10-20,172.7,189.9,172.7,178.2,227100
2025-10-21,182.0,192.5,180.0,182.8,65000
