time,open,high,low,close,volume
2016-01-07,17.64,18.18,17.64,18.18,240
2016-01-08,17.64,19.16,17.33,19.16,1420
2016-01-11,19.16,19.16,17.94,18.3,140
2016-01-12,18.55,18.55,18.24,18.49,80
2016-01-13,18.49,18.49,18.24,18.37,680
2016-01-14,18.3,18.3,18.3,18.3,40
2016-01-15,18.87,19.44,18.87,19.44,200
2016-01-18,18.12,18.12,18.12,18.12,470
2016-01-19,17.61,19.25,17.61,18.87,2130
2016-01-20,18.12,18.24,17.93,18.24,1060
2016-01-21,18.56,18.56,17.61,18.18,7030
2016-01-22,17.61,18.24,17.61,18.24,1020
2016-01-25,18.81,19.5,18.81,19.5,940
2016-01-26,19.5,19.5,18.24,18.24,1850
2016-01-27,19.37,19.37,18.24,19.06,2560
2016-01-28,18.87,19.44,18.3,19.31,790
2016-01-29,19.44,20.13,18.87,20.07,1200
2016-02-01,21.07,21.07,18.87,18.87,320
2016-02-02,17.61,17.61,17.61,17.61,30
2016-02-03,18.81,18.81,18.81,18.81,10
2016-02-04,18.24,20.0,18.24,19.69,2220
2016-02-05,18.37,20.63,18.37,20.13,1190
2016-02-15,20.13,20.69,20.07,20.07,80
2016-02-16,19.75,19.75,19.75,19.75,160
2016-02-17,19.75,19.75,18.56,18.56,160
2016-02-18,19.44,19.44,18.62,18.62,4760
2016-02-19,19.81,19.81,17.99,18.87,150
2016-02-22,18.87,20.13,18.87,20.13,7360
2016-02-23,20.13,20.13,18.81,18.81,5800
2016-02-24,19.94,19.94,18.81,19.5,4230
2016-02-25,19.5,19.5,19.5,19.5,100
2016-02-26,20.69,20.69,20.69,20.69,370
2016-02-29,20.44,20.69,19.25,19.25,8490
2016-03-01,18.87,19.25,17.99,19.25,1830
2016-03-02,19.25,19.88,19.25,19.81,1190
2016-03-03,18.56,19.75,18.56,19.5,410
2016-03-04,19.81,20.76,19.5,19.5,4380
2016-03-07,20.07,20.13,19.37,19.75,6060
2016-03-08,19.56,20.13,19.56,20.13,9340
2016-03-09,19.94,19.94,19.5,19.94,1650
2016-03-10,20.13,21.32,19.62,20.76,3430
2016-03-11,20.57,21.39,20.13,21.39,5000
2016-03-14,20.76,20.76,20.25,20.25,250
2016-03-15,20.76,20.76,19.88,19.88,30
2016-03-16,20.69,20.69,19.81,19.88,830
2016-03-17,20.44,20.44,19.94,19.94,2840
2016-03-18,19.81,20.13,19.5,19.5,3140
2016-03-21,20.76,20.76,19.5,20.44,4000
2016-03-22,20.44,20.44,20.44,20.44,550
2016-03-23,21.32,21.32,20.44,20.51,5880
2016-03-24,20.51,20.51,19.88,19.88,990
2016-03-25,19.88,20.76,19.88,20.44,690
2016-03-28,20.44,21.39,19.94,20.63,9300
2016-03-29,20.76,20.76,20.13,20.13,22530
2016-03-30,20.63,20.69,20.13,20.32,15550
2016-03-31,20.69,21.39,20.13,21.07,22890
2016-04-01,21.39,22.14,20.76,21.32,890
2016-04-04,21.32,21.95,20.32,21.32,3180
2016-04-05,20.76,20.76,20.13,20.13,13310
2016-04-06,21.2,21.26,20.13,20.25,250
2016-04-07,20.76,20.76,19.06,20.76,450
2016-04-08,20.88,20.95,19.5,20.88,16110
2016-04-11,21.26,21.32,21.01,21.26,4900
2016-04-12,21.32,21.39,20.25,20.25,1100
2016-04-13,20.44,20.69,20.13,20.25,8380
2016-04-14,20.25,20.25,20.0,20.0,6000
2016-04-15,20.13,21.13,20.0,21.13,35910
2016-04-19,20.25,20.69,19.88,20.63,16530
2016-04-20,20.63,20.63,20.0,20.0,17690
2016-04-21,20.07,20.07,19.94,20.0,21580
2016-04-22,19.5,20.0,19.5,20.0,6180
2016-04-25,19.88,20.13,19.56,19.56,5170
2016-04-26,19.56,20.13,19.5,20.13,22680
2016-04-27,19.5,20.0,19.5,19.75,8480
2016-04-28,20.07,20.88,19.75,20.76,34950
2016-04-29,20.76,21.76,19.62,20.63,14910
2016-05-04,20.63,20.76,19.81,20.44,6320
2016-05-05,20.19,20.19,19.56,20.13,3350
2016-05-06,19.5,19.81,19.18,19.81,2030
2016-05-09,19.81,19.88,19.25,19.25,6930
2016-05-10,19.88,19.88,19.37,19.5,12950
2016-05-11,19.81,19.81,19.5,19.75,2770
2016-05-12,19.75,19.81,19.56,19.56,7570
2016-05-13,20.63,20.69,19.5,19.81,24630
2016-05-16,19.31,19.81,18.93,19.75,40950
2016-05-17,19.5,20.32,19.5,20.0,56990
2016-05-18,19.81,19.94,19.81,19.81,19570
2016-05-19,19.81,19.94,19.81,19.81,18550
2016-05-20,20.13,21.07,20.13,20.13,470
2016-05-23,20.19,20.19,19.94,20.07,17010
2016-05-24,20.13,20.63,19.06,20.57,51050
2016-05-25,20.44,21.26,19.88,21.07,3600
2016-05-26,20.95,21.07,20.0,20.57,1820
2016-05-27,20.51,20.63,20.07,20.51,960
2016-05-30,20.51,21.39,20.51,20.76,17240
2016-05-31,21.01,21.07,20.76,20.95,1250
2016-06-01,20.76,20.88,20.0,20.76,10370
2016-06-02,20.76,21.39,20.76,21.39,1570
2016-06-03,20.76,21.57,20.76,20.76,17710
2016-06-06,20.88,21.39,19.94,21.07,3630
2016-06-07,21.84,21.84,20.5,21.71,53600
2016-06-08,20.75,21.39,20.75,21.39,2390
2016-06-09,20.75,22.03,20.75,21.96,31930
2016-06-10,21.39,21.84,21.39,21.77,6140
2016-06-13,21.39,21.65,21.39,21.39,2120
2016-06-14,21.33,21.39,21.33,21.39,4580
2016-06-15,21.07,21.26,21.07,21.26,7180
2016-06-16,21.2,21.39,21.2,21.39,4900
2016-06-17,21.33,21.39,21.33,21.39,5000
2016-06-20,21.33,21.33,21.26,21.26,3470
2016-06-21,21.2,21.71,21.07,21.71,3310
2016-06-22,21.01,21.77,21.01,21.71,7900
2016-06-23,21.39,22.03,21.39,21.39,2170
2016-06-24,21.13,21.33,20.88,21.33,2200
2016-06-27,21.2,21.65,21.2,21.65,4570
2016-06-28,21.07,21.65,21.07,21.65,233990
2016-06-29,21.65,23.11,21.07,23.11,166570
2016-06-30,23.31,24.71,22.35,22.35,118620
2016-07-01,23.82,23.88,22.35,23.88,27440
2016-07-04,24.84,25.03,24.01,24.58,66410
2016-07-05,24.58,25.03,24.58,24.84,49420
2016-07-06,24.9,25.03,24.58,24.71,25610
2016-07-07,24.77,25.09,24.26,24.65,31670
2016-07-08,24.58,25.54,24.58,24.9,26610
2016-07-11,24.58,25.16,24.58,24.58,40360
2016-07-12,24.65,25.09,24.33,24.77,33850
2016-07-13,24.9,26.5,24.9,26.5,73630
2016-07-14,26.56,27.14,26.56,26.56,37790
2016-07-15,26.56,27.14,26.56,26.63,43410
2016-07-18,26.69,27.01,26.63,26.69,32600
2016-07-19,26.69,26.75,26.5,26.69,52380
2016-07-20,26.69,26.69,25.86,26.56,23620
2016-07-21,26.5,26.5,24.71,24.71,56550
2016-07-22,24.33,24.9,23.94,23.94,29940
2016-07-25,23.63,24.2,23.31,24.14,7640
2016-07-26,23.63,24.14,23.37,24.07,10980
2016-07-27,24.07,24.07,23.5,23.94,21650
2016-07-28,23.94,25.35,23.56,25.29,33500
2016-07-29,25.16,25.16,23.94,24.77,7370
2016-08-01,24.71,24.77,23.94,23.94,2770
2016-08-02,22.28,24.14,22.28,23.63,17840
2016-08-03,23.94,24.26,22.67,23.56,9270
2016-08-04,23.94,24.07,22.73,22.79,5340
2016-08-05,23.75,23.75,23.18,23.18,6200
2016-08-08,23.5,24.52,23.05,24.01,5050
2016-08-09,23.69,24.58,23.69,24.52,15570
2016-08-10,24.52,24.65,24.33,24.65,6790
2016-08-11,24.77,24.84,24.01,24.58,4820
2016-08-12,24.58,24.58,24.01,24.01,2070
2016-08-15,24.52,24.52,24.01,24.01,2600
2016-08-16,24.52,24.58,23.43,24.26,19310
2016-08-17,24.33,24.33,23.63,23.69,12110
2016-08-18,23.94,23.94,23.69,23.69,3370
2016-08-19,24.2,24.2,23.63,23.75,2550
2016-08-22,23.82,24.52,23.82,23.82,5860
2016-08-23,24.2,24.26,23.88,24.26,9020
2016-08-24,23.94,24.14,23.82,24.14,10150
2016-08-25,24.14,24.14,24.07,24.07,2060
2016-08-26,24.07,24.46,24.07,24.26,21850
2016-08-29,24.26,24.39,24.14,24.39,17700
2016-08-30,24.9,24.9,24.39,24.9,7330
2016-08-31,24.9,25.54,24.9,24.9,10800
2016-09-01,25.41,25.41,24.9,25.22,620
2016-09-05,24.33,25.09,24.26,25.09,740
2016-09-06,25.09,25.09,24.46,24.58,130
2016-09-07,24.58,24.84,24.58,24.65,17380
2016-09-08,24.9,24.9,24.65,24.71,35560
2016-09-09,24.65,24.77,24.14,24.71,16410
2016-09-12,24.49,24.49,23.63,23.63,4630
2016-09-13,25.03,25.03,23.31,23.63,19860
2016-09-14,24.84,24.9,23.63,23.63,6040
2016-09-15,24.71,24.71,23.31,23.63,2110
2016-09-16,24.23,24.23,23.11,23.11,560
2016-09-19,22.41,23.63,22.41,23.11,4540
2016-09-20,23.56,24.2,22.41,22.73,8410
2016-09-21,22.73,23.94,22.73,22.79,7160
2016-09-22,23.63,23.94,23.31,23.31,11350
2016-09-23,24.26,24.9,23.02,23.02,160
2016-09-26,24.2,24.2,23.4,24.14,3580
2016-09-27,24.07,24.26,23.63,23.63,380
2016-09-28,24.2,24.2,23.63,24.14,21290
2016-09-29,23.43,24.14,23.43,23.63,2220
2016-09-30,24.07,24.07,23.63,23.63,6030
2016-10-03,22.99,23.94,22.99,23.94,66220
2016-10-04,23.63,24.01,23.63,23.82,127200
2016-10-05,23.63,24.14,23.63,24.1,79550
2016-10-06,24.1,24.1,24.07,24.1,4780
2016-10-07,22.73,24.1,22.73,23.31,1540
2016-10-10,24.1,24.9,22.99,22.99,1530
2016-10-11,24.07,24.2,22.99,23.11,3320
2016-10-12,23.63,23.63,22.99,23.11,1530
2016-10-13,23.11,23.88,23.11,23.88,620
2016-10-14,23.88,23.88,23.31,23.63,160
2016-10-17,23.63,23.63,23.63,23.63,0
2016-10-18,22.48,23.88,22.48,23.75,2260
2016-10-19,23.11,23.75,23.05,23.75,410
2016-10-20,23.69,23.69,23.63,23.63,2060
2016-10-21,23.63,23.63,22.99,23.56,970
2016-10-24,23.82,23.94,23.56,23.56,130
2016-10-25,23.94,23.94,22.35,22.35,5340
2016-10-26,23.5,23.63,22.35,22.35,610
2016-10-27,23.59,23.59,20.78,22.35,8120
2016-10-28,23.5,23.5,22.35,22.41,6380
2016-10-31,22.41,23.5,22.41,23.37,2840
2016-11-01,23.47,23.47,22.99,23.43,2250
2016-11-02,23.31,23.63,22.99,22.99,22080
2016-11-03,23.56,23.56,23.31,23.31,7170
2016-11-04,23.31,24.93,23.31,24.93,9170
2016-11-07,24.9,24.9,23.63,23.94,15250
2016-11-08,23.94,24.14,23.18,23.94,12480
2016-11-09,23.88,23.88,22.99,22.99,10230
2016-11-10,24.14,24.58,24.07,24.58,3620
2016-11-11,24.26,25.54,23.5,25.29,6760
2016-11-14,23.63,25.16,23.63,23.69,6780
2016-11-15,24.46,24.46,23.69,23.69,880
2016-11-16,25.03,25.03,23.69,23.69,2420
2016-11-17,24.39,24.84,23.69,24.58,18060
2016-11-18,23.75,25.54,23.75,25.54,30590
2016-11-21,25.54,25.54,24.14,25.54,10580
2016-11-22,25.03,25.41,24.07,25.22,3160
2016-11-23,25.22,25.22,24.26,24.3,940
2016-11-24,24.3,24.3,24.26,24.26,2970
2016-11-25,24.26,24.9,23.47,23.63,10200
2016-11-28,23.94,23.94,23.63,23.94,450
2016-11-29,23.94,25.48,22.99,25.29,13770
2016-11-30,25.03,25.48,24.14,24.14,31060
2016-12-01,24.14,25.25,24.14,24.26,6780
2016-12-02,24.26,25.22,23.82,25.03,450
2016-12-05,25.03,25.03,25.03,25.03,40
2016-12-06,24.07,24.77,23.69,23.69,7510
2016-12-07,24.07,24.07,23.69,23.69,3140
2016-12-08,24.07,24.58,22.76,24.58,7800
2016-12-09,24.58,25.41,23.75,24.58,17830
2016-12-12,24.58,24.9,23.63,23.63,1710
2016-12-13,24.58,24.58,23.63,24.46,6560
2016-12-14,24.46,24.84,23.56,24.77,670
2016-12-15,24.58,24.58,24.01,24.26,3900
2016-12-16,24.26,24.9,23.18,23.31,180
2016-12-19,24.9,24.9,22.99,22.99,770
2016-12-20,24.2,24.58,22.35,22.35,16940
2016-12-21,22.09,23.91,21.77,21.77,20200
2016-12-22,23.27,23.27,20.27,21.77,18240
2016-12-23,23.27,23.27,21.77,21.77,19230
2016-12-26,23.27,23.27,21.45,22.22,13180
2016-12-27,23.27,23.27,22.22,23.11,1130
2016-12-28,22.99,24.71,22.41,23.5,26920
2016-12-29,25.03,25.13,23.63,25.13,41070
2016-12-30,26.37,26.88,25.0,26.88,25950
2017-01-03,28.67,28.67,25.09,25.48,2930
2017-01-04,27.07,27.07,25.29,25.54,3620
2017-01-05,25.54,27.33,25.54,27.33,25900
2017-01-06,28.09,28.73,27.14,27.39,53040
2017-01-09,28.09,28.09,26.5,26.5,1280
2017-01-10,26.5,28.29,25.54,25.54,2770
2017-01-11,25.54,27.33,24.52,24.52,4890
2017-01-12,26.21,26.21,24.65,26.21,6290
2017-01-13,26.21,28.03,26.21,26.21,43410
2017-01-16,27.88,28.04,27.88,28.04,90
2017-01-17,26.83,27.82,26.11,26.11,11000
2017-01-18,27.85,27.85,24.31,24.31,12380
2017-01-19,24.74,26.02,22.61,22.61,20630
2017-01-20,24.18,24.18,22.84,23.23,28810
2017-01-23,22.74,24.18,22.74,22.91,2590
2017-01-24,23.04,23.76,23.04,23.04,14010
2017-01-25,23.89,23.89,23.23,23.23,3000
2017-02-02,23.23,24.22,23.23,23.89,170
2017-02-03,23.1,23.56,23.1,23.56,1540
2017-02-06,23.86,23.89,23.56,23.89,1660
2017-02-07,24.15,24.15,23.1,23.3,1250
2017-02-08,23.92,24.15,23.23,23.3,190
2017-02-09,23.86,24.87,23.4,23.89,530
2017-02-10,22.97,24.22,22.97,23.23,450
2017-02-13,23.23,24.58,23.23,23.37,2240
2017-02-14,23.5,23.89,23.5,23.86,1100
2017-02-15,23.56,24.61,23.56,24.61,580
2017-02-16,23.63,24.54,23.23,23.56,4220
2017-02-17,24.15,24.15,23.46,23.89,220
2017-02-20,23.89,23.89,23.89,23.89,160
2017-02-21,23.89,24.22,23.89,24.22,7900
2017-02-22,24.22,25.13,24.22,25.13,310
2017-02-23,24.41,24.41,24.22,24.22,1010
2017-02-24,23.56,23.56,23.56,23.56,140
2017-02-27,24.74,24.77,23.56,24.22,2390
2017-02-28,23.95,24.22,23.95,24.22,580
2017-03-01,23.56,23.59,23.56,23.56,840
2017-03-02,23.27,24.15,23.27,23.56,1090
2017-03-03,23.95,25.07,23.3,23.56,1090
2017-03-06,23.43,23.89,23.43,23.89,10720
2017-03-07,23.56,23.95,23.56,23.95,8060
2017-03-08,23.56,23.92,23.27,23.89,8970
2017-03-09,23.56,23.89,23.56,23.89,4020
2017-03-10,23.82,23.82,22.91,23.43,2050
2017-03-13,23.04,23.43,22.38,22.38,3810
2017-03-14,22.38,23.53,21.73,21.73,3100
2017-03-15,20.94,22.87,20.94,22.87,840
2017-03-16,21.6,22.84,21.6,22.12,190
2017-03-17,23.04,23.56,21.79,22.25,2070
2017-03-20,22.87,22.87,21.27,22.87,30
2017-03-21,22.91,23.56,21.6,23.56,3210
2017-03-22,23.56,23.56,23.56,23.56,0
2017-03-23,23.56,23.56,23.56,23.56,0
2017-03-24,23.56,23.56,23.56,23.56,0
2017-03-27,22.38,22.91,22.25,22.91,2820
2017-03-28,21.66,22.87,21.3,22.78,4100
2017-03-29,22.58,22.58,21.6,22.58,60
2017-03-30,22.55,23.23,22.55,23.04,10820
2017-03-31,23.2,23.89,21.83,23.89,6280
2017-04-03,22.48,22.48,22.48,22.48,100
2017-04-04,22.45,22.58,22.45,22.58,3400
2017-04-05,22.25,22.25,21.93,22.19,4040
2017-04-07,22.91,22.91,21.6,22.55,3750
2017-04-10,21.66,22.48,21.66,22.48,3230
2017-04-11,21.6,22.84,20.98,21.6,6670
2017-04-12,21.6,22.19,20.98,20.98,1380
2017-04-13,22.35,22.38,22.06,22.06,2110
2017-04-14,22.25,22.38,20.98,22.09,2230
2017-04-17,22.25,22.25,21.01,22.09,3330
2017-04-18,20.98,22.22,20.98,22.09,4210
2017-04-19,22.19,22.22,22.19,22.22,20
2017-04-20,22.22,22.74,21.27,21.93,70
2017-04-21,22.12,22.25,20.94,21.01,4200
2017-04-24,22.15,22.15,22.15,22.15,20
2017-04-25,21.53,22.09,21.53,22.09,7740
2017-04-26,21.14,21.83,21.14,21.6,40
2017-04-27,22.06,23.1,20.94,22.97,3670
2017-04-28,21.43,22.84,21.43,22.84,8560
2017-05-03,22.84,22.84,22.84,22.84,0
2017-05-04,22.74,22.78,22.74,22.78,80
2017-05-05,22.78,24.35,21.37,24.22,1400
2017-05-08,24.22,25.52,24.22,25.52,1840
2017-05-09,23.82,26.18,23.79,25.13,2000
2017-05-10,23.4,25.07,23.4,24.54,2770
2017-05-11,24.15,25.52,24.15,25.52,1780
2017-05-12,23.92,25.13,23.92,25.13,50
2017-05-15,25.13,25.13,25.13,25.13,900
2017-05-16,25.13,25.13,25.13,25.13,100
2017-05-17,25.13,25.13,25.13,25.13,500
2017-05-18,24.87,24.87,23.43,24.84,650
2017-05-19,24.84,25.13,23.56,23.56,370
2017-05-22,22.42,24.54,22.42,23.56,1490
2017-05-23,23.56,24.41,23.56,24.08,2320
2017-05-24,23.56,24.87,23.56,24.08,3550
2017-05-25,24.08,25.2,24.08,24.08,1220
2017-05-26,24.61,24.61,24.61,24.61,110
2017-05-29,24.87,24.87,22.91,24.74,410
2017-05-30,25.07,26.18,24.08,24.84,1950
2017-05-31,25.2,26.18,23.1,25.46,3550
2017-06-01,25.46,26.11,23.89,25.16,1550
2017-06-02,24.87,24.87,24.87,24.87,110
2017-06-05,24.08,24.87,24.08,24.67,440
2017-06-06,24.67,24.67,24.67,24.67,0
2017-06-07,24.87,24.87,24.54,24.54,60
2017-06-08,24.18,26.18,23.3,26.18,4240
2017-06-09,24.35,26.18,24.35,26.18,350
2017-06-12,26.18,26.18,24.35,25.82,1110
2017-06-13,25.82,25.82,24.22,25.3,2060
2017-06-14,25.3,25.56,23.53,23.69,4610
2017-06-15,24.8,24.87,22.06,24.87,4350
2017-06-16,23.37,24.87,23.33,24.87,1780
2017-06-19,23.63,25.52,23.63,23.95,11250
2017-06-20,24.87,25.13,23.76,24.87,2370
2017-06-21,24.87,24.87,23.76,24.8,2390
2017-06-22,23.56,24.74,23.07,24.22,7790
2017-06-23,24.22,24.22,23.1,24.22,18790
2017-06-26,24.74,25.52,23.56,24.74,4070
2017-06-27,23.43,24.54,23.04,24.54,2570
2017-06-28,23.3,24.48,23.3,24.48,220
2017-06-29,23.56,24.54,22.91,24.54,28330
2017-06-30,22.91,24.54,22.91,24.54,6540
2017-07-03,23.3,24.22,23.04,24.15,1170
2017-07-04,22.97,23.69,22.84,22.91,5230
2017-07-05,22.71,22.71,22.71,22.71,380
2017-07-06,22.91,22.91,22.58,22.58,4910
2017-07-07,22.58,22.58,22.25,22.58,660
2017-07-10,22.84,22.91,22.06,22.81,260
2017-07-11,21.27,22.84,21.24,22.81,1620
2017-07-12,22.25,22.81,21.96,22.81,1180
2017-07-13,22.02,22.38,21.24,22.35,1770
2017-07-14,22.91,23.56,21.6,23.56,6850
2017-07-17,22.02,23.2,21.99,22.87,3930
2017-07-18,22.87,22.87,21.63,22.58,480
2017-07-19,22.25,22.38,22.25,22.38,750
2017-07-20,21.63,22.22,21.6,22.22,320
2017-07-21,22.25,22.84,22.25,22.84,480
2017-07-24,21.6,22.81,21.6,22.71,1640
2017-07-25,22.78,23.53,22.78,23.53,1130
2017-07-26,22.25,22.58,21.93,22.58,2090
2017-07-27,22.58,22.58,22.58,22.58,0
2017-07-28,22.58,22.58,22.58,22.58,0
2017-07-31,21.27,21.93,21.27,21.34,500
2017-08-01,21.34,21.47,20.94,20.94,13860
2017-08-02,21.47,21.47,20.88,21.4,5810
2017-08-03,20.94,20.94,20.94,20.94,10
2017-08-04,20.75,20.94,20.62,20.62,8870
2017-08-07,19.18,20.62,19.18,19.63,200070
2017-08-08,18.98,20.62,18.98,20.62,15010
2017-08-09,19.31,20.62,19.31,20.62,5100
2017-08-10,20.81,20.81,20.29,20.62,6010
2017-08-11,20.94,20.94,20.29,20.62,90
2017-08-14,20.29,20.62,19.63,20.62,300100
2017-08-15,20.49,20.94,20.49,20.94,7110
2017-08-16,19.63,20.81,19.63,20.81,490
2017-08-17,20.81,20.81,20.81,20.81,0
2017-08-18,19.63,21.86,19.63,21.86,3070
2017-08-21,21.93,21.93,21.93,21.93,10
2017-08-22,22.12,22.25,21.43,21.43,3910
2017-08-23,22.19,22.91,21.93,21.93,4071890
2017-08-24,23.43,23.43,21.93,21.93,3380
2017-08-25,21.6,21.6,21.6,21.6,1750
2017-08-28,23.04,23.04,20.32,20.32,70
2017-08-29,19.7,21.6,18.95,21.6,1540
2017-08-30,22.25,22.25,22.25,22.25,20
2017-08-31,21.93,22.25,21.93,22.25,20
2017-09-01,20.71,22.22,20.71,22.22,410
2017-09-05,20.68,20.68,20.68,20.68,30
2017-09-06,20.68,21.6,20.29,21.6,1280
2017-09-07,21.6,21.6,21.6,21.6,0
2017-09-08,20.09,21.99,20.09,21.99,40
2017-09-11,22.12,22.12,20.45,21.99,3200
2017-09-12,22.12,22.12,22.12,22.12,10
2017-09-13,22.12,22.12,22.12,22.12,0
2017-09-14,20.58,21.6,20.58,20.58,2610
2017-09-15,19.63,21.57,19.63,21.27,2670
2017-09-18,22.12,22.12,19.8,19.8,870
2017-09-19,20.88,20.88,18.78,18.78,1740
2017-09-20,20.03,20.03,17.67,20.03,2400
2017-09-21,19.93,19.93,19.93,19.93,80
2017-09-22,19.9,19.93,19.9,19.93,110
2017-09-25,20.22,20.94,20.16,20.94,15210
2017-09-26,21.34,21.34,19.96,21.11,2670
2017-09-27,20.94,21.6,20.94,21.6,4550
2017-09-28,21.86,21.86,21.6,21.79,4770
2017-09-29,21.86,21.86,21.86,21.86,30
2017-10-02,21.73,23.23,21.73,23.23,1690
2017-10-03,23.23,23.23,23.23,23.23,0
2017-10-04,22.25,23.56,22.25,23.56,7640
2017-10-05,25.13,25.13,22.91,25.13,4250
2017-10-06,25.13,25.13,25.13,25.13,0
2017-10-09,25.13,25.13,25.13,25.13,20
2017-10-10,23.4,23.4,23.4,23.4,10
2017-10-11,23.56,23.56,23.56,23.56,10
2017-10-12,24.87,24.87,24.87,24.87,30
2017-10-13,23.14,23.14,23.14,23.14,60
2017-10-16,23.14,23.14,23.14,23.14,500
2017-10-17,21.6,22.91,21.6,22.91,250
2017-10-18,21.6,22.25,21.6,22.25,30
2017-10-19,20.94,22.25,20.71,22.25,140
2017-10-20,23.56,23.56,23.56,23.56,60
2017-10-23,23.56,23.56,23.56,23.56,0
2017-10-24,22.87,22.91,22.87,22.91,140
2017-10-25,21.34,22.58,21.3,22.58,2000
2017-10-26,23.56,23.56,21.01,22.58,2020
2017-10-27,21.01,21.6,21.01,21.01,2090
2017-10-30,21.6,21.93,21.6,21.93,40
2017-10-31,22.26,22.26,22.26,22.26,320
2017-11-01,20.73,20.73,20.73,20.73,170
2017-11-02,19.93,20.7,19.93,20.7,110
2017-11-03,19.27,19.83,19.27,19.83,2430
2017-11-06,20.56,20.56,19.9,19.93,1020
2017-11-07,19.93,19.93,19.93,19.93,100
2017-11-08,19.93,19.93,19.93,19.93,110
2017-11-09,19.93,19.93,19.93,19.93,0
2017-11-10,20.56,20.6,19.27,20.6,110
2017-11-13,21.89,21.89,19.33,20.6,240
2017-11-14,19.33,20.53,19.33,20.53,700
2017-11-15,20.5,20.5,20.5,20.5,60
2017-11-16,19.9,19.9,19.9,19.9,100
2017-11-17,21.19,21.19,19.9,19.9,380
2017-11-20,19.27,19.6,18.54,19.17,3580
2017-11-21,19.23,19.27,17.87,19.2,1690
2017-11-22,19.13,19.13,18.0,18.0,1520
2017-11-23,16.91,18.57,16.91,18.27,1780
2017-11-24,19.2,19.2,17.27,19.07,840
2017-11-27,17.94,18.8,17.94,18.8,620
2017-11-28,18.0,18.77,17.94,17.97,1370
2017-11-29,17.61,17.94,17.61,17.94,2160
2017-11-30,17.94,19.13,17.94,17.94,840
2017-12-01,17.27,17.94,17.27,17.94,190
2017-12-04,18.27,18.54,17.94,18.54,1900
2017-12-05,17.94,17.94,17.94,17.94,300
2017-12-06,17.94,17.94,17.61,17.94,260
2017-12-07,17.27,18.6,17.27,18.6,2010
2017-12-08,17.94,18.6,17.84,18.47,1200
2017-12-11,17.94,19.27,17.94,18.6,2020
2017-12-12,17.81,18.27,17.81,18.27,820
2017-12-13,17.94,18.93,17.27,17.94,3530
2017-12-14,17.87,17.94,17.61,17.94,550
2017-12-15,17.27,18.6,17.27,18.34,4830
2017-12-18,17.61,18.34,17.27,18.34,1020
2017-12-19,18.34,18.34,18.34,18.34,0
2017-12-20,18.74,18.74,18.74,18.74,10
2017-12-21,18.93,18.93,17.94,18.67,160
2017-12-22,18.27,18.27,18.27,18.27,930
2017-12-25,17.94,18.6,17.94,18.6,1010
2017-12-26,17.94,17.94,17.94,17.94,300
2017-12-27,17.94,18.57,17.94,18.47,760
2017-12-28,18.6,18.6,18.6,18.6,320
2017-12-29,19.27,19.87,19.13,19.87,11110
2018-01-02,19.87,20.53,19.87,20.53,50
2018-01-03,19.1,19.87,19.1,19.87,750
2018-01-04,19.8,20.53,19.27,19.83,42150
2018-01-05,19.93,19.93,19.93,19.93,5010
2018-01-08,20.6,20.6,20.6,20.6,10
2018-01-09,19.17,20.56,19.17,20.56,3940
2018-01-10,19.27,20.26,19.27,19.27,4020
2018-01-11,19.07,19.93,18.0,19.93,8990
2018-01-12,18.54,19.93,18.54,19.27,3990
2018-01-15,19.93,19.93,19.4,19.93,1900
2018-01-16,19.93,20.6,19.27,19.93,1290
2018-01-17,19.93,19.93,19.93,19.93,4030
2018-01-18,19.93,20.0,19.93,19.93,5730
2018-01-19,19.93,20.33,19.93,20.33,1510
2018-01-22,20.26,20.26,20.06,20.26,1330
2018-01-23,20.26,20.26,20.26,20.26,0
2018-01-24,20.26,20.26,20.26,20.26,0
2018-01-25,20.6,20.8,20.6,20.8,1160
2018-01-26,20.99,21.59,20.99,21.59,5000
2018-01-29,21.73,21.92,21.73,21.92,4650
2018-01-30,21.92,21.92,21.92,21.92,4730
2018-01-31,21.92,22.59,21.92,21.92,3980
2018-02-01,21.92,22.59,21.92,22.59,3990
2018-02-02,23.22,23.59,22.26,23.59,53690
2018-02-05,23.25,23.49,22.26,23.49,1850
2018-02-06,23.49,23.49,22.26,23.25,10200
2018-02-07,22.26,22.26,22.26,22.26,2750
2018-02-08,22.26,22.26,22.26,22.26,2000
2018-02-09,20.73,21.59,20.73,21.59,2260
2018-02-12,21.59,21.59,21.59,21.59,2180
2018-02-13,21.59,21.59,21.59,21.59,21860
2018-02-21,21.59,21.59,21.59,21.59,4380
2018-02-22,21.59,22.26,21.59,22.26,24610
2018-02-23,22.26,22.26,22.26,22.26,0
2018-02-26,22.26,22.26,22.26,22.26,1070
2018-02-27,22.26,22.26,22.26,22.26,0
2018-02-28,22.26,22.26,22.26,22.26,0
2018-03-01,22.26,22.26,22.26,22.26,0
2018-03-02,22.26,22.26,22.26,22.26,0
2018-03-05,22.26,22.26,22.26,22.26,0
2018-03-06,20.73,20.8,20.73,20.73,2010
2018-03-07,21.26,21.59,21.26,21.26,2400
2018-03-08,21.92,21.92,21.92,21.92,220
2018-03-09,20.6,20.6,20.6,20.6,30
2018-03-12,20.6,20.6,20.6,20.6,10
2018-03-13,20.26,20.26,19.93,19.93,2110
2018-03-14,19.93,19.93,19.93,19.93,0
2018-03-15,19.27,19.6,19.27,19.6,2450
2018-03-16,19.6,19.6,19.6,19.6,480
2018-03-19,19.6,19.6,19.6,19.6,0
2018-03-20,19.6,19.67,19.6,19.67,130
2018-03-21,19.67,19.67,19.67,19.67,0
2018-03-22,19.67,19.67,19.27,19.67,10100
2018-03-23,19.93,20.06,19.93,20.06,5420
2018-03-26,20.06,20.06,18.87,18.87,1510
2018-03-27,20.06,20.06,20.06,20.06,1000
2018-03-28,20.06,20.06,20.06,20.06,0
2018-03-29,21.19,21.26,21.19,21.26,7800
2018-03-30,21.26,21.26,21.26,21.26,2620
2018-04-02,21.26,21.26,21.26,21.26,1000
2018-04-03,21.26,21.26,21.26,21.26,1600
2018-04-04,19.8,20.53,19.8,20.53,50
2018-04-05,20.53,21.92,20.53,21.92,1880
2018-04-06,21.26,21.26,20.6,20.6,6150
2018-04-09,19.17,19.2,19.17,19.2,510
2018-04-10,18.04,20.53,18.04,20.53,5950
2018-04-11,21.86,21.86,19.93,20.53,2240
2018-04-12,21.92,21.92,19.93,21.23,2290
2018-04-13,21.33,21.33,21.19,21.26,2630
2018-04-16,19.8,19.87,19.8,19.87,40
2018-04-17,18.54,20.56,18.54,20.56,210
2018-04-18,20.6,20.66,19.27,19.27,220
2018-04-19,19.93,20.6,19.93,20.6,2310
2018-04-20,22.02,22.02,19.27,20.6,240
2018-04-23,19.27,21.26,19.27,19.93,2030
2018-04-24,19.93,19.93,19.93,19.93,10
2018-04-26,19.93,19.93,19.93,19.93,800
2018-04-27,18.67,18.67,18.67,18.67,10
2018-05-02,18.67,18.67,18.67,18.67,120
2018-05-11,14.28,0.0,0.0,0.0,0
2018-05-14,21.26,21.26,21.26,21.26,100
2018-05-15,21.26,21.26,21.26,21.26,0
2018-05-16,21.26,21.26,21.26,21.26,0
2018-05-17,19.27,19.93,19.27,19.93,8014
2018-05-18,19.53,19.53,19.53,19.53,0
2018-05-21,21.26,21.26,21.26,21.26,4332
2018-05-22,21.26,21.26,21.26,21.26,3112
2018-05-23,21.26,21.26,21.26,21.26,0
2018-05-24,21.26,21.26,21.26,21.26,6500
2018-05-25,21.26,21.26,21.26,21.26,2400
2018-05-28,21.26,21.26,21.26,21.26,0
2018-05-29,24.45,24.45,24.45,24.45,106
2018-05-30,24.45,24.45,24.45,24.45,0
2018-05-31,24.45,24.45,24.45,24.45,0
2018-06-01,28.1,28.1,28.1,28.1,108
2018-06-04,28.1,28.1,28.1,28.1,0
2018-06-05,28.1,28.1,28.1,28.1,0
2018-06-06,28.1,28.1,28.1,28.1,0
2018-06-07,28.1,28.1,28.1,28.1,0
2018-06-08,28.1,28.1,28.1,28.1,0
2018-06-11,28.1,28.1,28.1,28.1,0
2018-06-12,28.1,28.1,28.1,28.1,0
2018-06-13,28.1,28.1,28.1,28.1,0
2018-06-14,28.1,28.1,28.1,28.1,0
2018-06-15,29.9,29.9,29.9,29.9,100
2018-06-18,29.9,29.9,29.9,29.9,74
2018-06-19,29.9,29.9,29.9,29.9,0
2018-06-20,29.9,29.9,29.9,29.9,0
2018-06-21,29.9,29.9,29.9,29.9,0
2018-06-22,25.45,25.45,25.45,25.45,300
2018-06-25,23.25,23.25,23.25,23.25,2058
2018-06-26,23.25,23.25,23.25,23.25,108
2018-06-27,26.71,26.71,26.71,26.71,110
2018-06-28,26.71,26.71,26.71,26.71,0
2018-06-29,26.71,26.71,26.71,26.71,0
2018-07-02,26.71,26.71,26.71,26.71,0
2018-07-03,26.71,26.71,25.25,25.25,36418
2018-07-04,26.58,26.71,25.25,25.25,19215
2018-07-05,26.58,26.58,26.58,26.58,0
2018-07-06,26.71,30.5,26.71,30.5,18809
2018-07-09,32.36,32.42,29.9,29.9,21900
2018-07-10,31.89,33.22,31.89,33.22,300
2018-07-11,32.75,32.75,32.75,32.75,339
2018-07-12,37.6,37.6,36.54,37.21,14400
2018-07-13,43.05,43.05,43.05,43.05,1600
2018-07-16,43.05,43.05,43.05,43.05,0
2018-07-17,36.61,36.61,36.61,36.61,3300
2018-07-18,36.61,36.61,36.61,36.61,3036
2018-07-19,36.61,36.61,34.55,34.55,2641
2018-07-20,36.61,36.67,36.61,36.67,3600
2018-07-23,36.67,36.87,36.67,36.87,3204
2018-07-24,31.36,31.36,31.36,31.36,144
2018-07-25,31.36,31.36,31.36,31.36,96
2018-07-26,31.36,31.36,31.36,31.36,0
2018-07-27,31.36,31.36,31.36,31.36,51
2018-07-30,31.23,31.23,31.23,31.23,223
2018-07-31,31.23,31.23,31.23,31.23,0
2018-08-01,35.15,35.15,35.15,35.15,100
2018-08-02,35.15,35.15,35.15,35.15,8
2018-08-03,35.15,35.15,35.15,35.15,112
2018-08-06,34.55,34.55,34.55,34.55,4500
2018-08-07,34.55,34.55,34.55,34.55,58
2018-08-08,34.55,34.55,34.55,34.55,232
2018-08-09,31.89,32.89,31.89,31.89,1498
2018-08-10,27.9,27.97,27.9,27.97,358
2018-08-13,27.97,27.97,27.97,27.97,10
2018-08-14,27.97,27.97,27.97,27.97,0
2018-08-15,31.82,31.82,31.82,31.82,119
2018-08-16,36.54,36.54,36.54,36.54,278
2018-08-17,31.09,31.09,31.09,31.09,700
2018-08-20,35.68,35.68,30.83,30.89,1200
2018-08-21,31.29,31.29,31.29,31.29,0
2018-08-22,27.57,27.57,27.57,27.57,110
2018-08-23,27.57,27.9,27.57,27.9,391
2018-08-24,31.89,31.89,31.89,31.89,100
2018-08-27,36.67,36.67,36.67,36.67,104
2018-08-28,36.67,36.67,36.67,36.67,0
2018-08-29,36.67,36.67,36.67,36.67,0
2018-08-30,36.67,36.67,36.67,36.67,0
2018-08-31,39.8,39.8,39.8,39.8,100
2018-09-04,39.8,39.8,39.8,39.8,0
2018-09-05,45.71,45.71,33.88,33.88,200
2018-09-06,39.8,39.8,39.8,39.8,0
2018-09-07,45.71,45.71,33.88,33.88,200
2018-09-10,45.11,45.11,45.11,45.11,100
2018-09-11,38.4,39.86,38.4,39.86,11800
2018-09-12,39.8,39.8,39.8,39.8,0
2018-09-13,45.71,45.71,45.71,45.71,110
2018-09-14,45.71,45.71,45.71,45.71,0
2018-09-17,45.71,45.71,45.71,45.71,0
2018-09-18,45.71,45.71,45.71,45.71,0
2018-09-19,45.71,45.71,45.71,45.71,0
2018-09-20,38.87,38.87,38.87,38.87,110
2018-09-21,33.09,33.09,33.09,33.09,300
2018-09-24,28.17,37.14,28.17,37.14,3430
2018-09-25,28.44,28.44,28.44,37.14,6
2018-09-26,28.44,28.44,28.44,28.44,0
2018-09-27,28.44,28.44,28.44,28.44,0
2018-09-28,25.05,25.11,25.05,25.11,3017
2018-10-01,28.5,28.5,28.5,28.5,100
2018-10-02,28.5,28.5,28.5,28.5,500
2018-10-03,28.5,28.5,28.5,28.5,0
2018-10-04,32.75,32.75,26.58,27.24,1000
2018-10-05,31.89,31.89,25.25,25.91,807
2018-10-08,26.31,26.31,26.31,26.31,100
2018-10-09,26.31,26.31,23.59,25.91,416
2018-10-10,24.91,24.91,24.91,25.91,7
2018-10-11,24.91,24.91,24.91,24.91,0
2018-10-12,25.58,25.58,25.58,25.58,150
2018-10-15,25.58,25.58,25.58,25.58,50
2018-10-16,25.58,25.58,25.58,25.58,104
2018-10-17,25.58,25.58,25.58,25.58,0
2018-10-18,22.39,22.39,22.26,22.26,540
2018-10-19,23.25,23.25,23.25,23.25,105
2018-10-22,23.25,23.25,23.25,23.25,0
2018-10-23,25.45,25.45,25.45,25.45,100
2018-10-24,28.5,28.5,28.5,28.5,100
2018-10-25,28.5,28.5,28.5,28.5,0
2018-10-26,24.25,24.25,24.25,24.25,340
2018-10-29,27.44,27.44,27.44,27.44,100
2018-10-30,27.44,27.44,27.44,27.44,0
2018-10-31,26.04,26.04,26.04,26.04,100
2018-11-01,25.91,25.91,25.91,25.91,100
2018-11-02,25.91,25.91,25.91,25.91,0
2018-11-05,25.91,25.91,25.91,25.91,0
2018-11-06,25.91,25.91,25.91,25.91,0
2018-11-07,25.91,25.91,25.91,25.91,0
2018-11-08,25.91,25.91,25.91,25.91,0
2018-11-09,25.91,25.91,25.91,25.91,0
2018-11-12,26.6,26.6,26.6,26.6,204
2018-11-13,26.25,26.25,26.25,26.25,140
2018-11-14,25.56,25.56,24.32,24.32,985
2018-11-15,25.22,25.22,25.22,24.32,11
2018-11-16,25.22,25.22,25.22,24.32,45
2018-11-19,24.87,24.87,24.87,24.87,400
2018-11-20,25.91,25.91,25.91,25.91,100
2018-11-21,25.91,25.91,25.91,25.91,2
2018-11-22,26.94,29.78,26.94,29.78,2200
2018-11-23,31.09,31.09,31.09,31.09,160
2018-11-26,35.72,35.72,34.54,35.72,6583
2018-11-27,36.48,40.69,35.92,40.69,2710
2018-11-28,37.65,37.65,37.65,37.65,560
2018-11-29,43.19,43.19,43.19,43.19,128
2018-11-30,36.78,41.54,36.78,41.54,400
2018-12-03,32.37,32.46,32.37,32.37,960
2018-12-04,27.7,30.29,27.7,29.43,620
2018-12-05,30.29,30.29,30.29,30.29,258
2018-12-06,34.53,34.53,34.53,34.53,100
2018-12-07,29.43,39.64,29.43,39.64,921
2018-12-10,36.52,36.52,36.52,36.52,123
2018-12-11,36.52,36.52,36.52,36.52,30
2018-12-12,36.52,36.52,36.52,36.52,60
2018-12-13,36.52,36.52,36.52,36.52,22
2018-12-14,34.62,34.62,32.89,32.89,300
2018-12-17,33.75,33.75,33.75,33.75,200
2018-12-18,33.75,33.75,31.16,31.16,200
2018-12-19,32.02,32.02,32.02,32.02,500
2018-12-20,33.75,33.75,33.75,33.75,400
2018-12-21,33.75,33.75,33.75,33.75,0
2018-12-24,32.89,32.89,32.89,32.89,100
2018-12-25,32.89,32.89,32.89,32.89,0
2018-12-26,32.89,32.89,32.89,32.89,0
2018-12-27,32.89,32.89,32.89,32.89,0
2018-12-28,32.46,34.45,32.46,34.45,200
2019-01-02,33.49,34.45,34.45,34.45,0
2019-01-03,33.49,34.45,34.45,34.45,0
2019-01-04,33.49,34.45,34.45,34.45,0
2019-01-07,33.49,34.45,34.45,34.45,0
2019-01-08,33.49,34.45,34.45,34.45,0
2019-01-09,33.49,33.49,33.49,34.45,10
2019-01-10,33.49,34.45,34.45,34.45,0
2019-01-11,34.53,38.43,34.53,38.43,200
2019-01-14,36.52,38.43,38.43,38.43,0
2019-01-15,37.13,37.13,37.13,37.13,100
2019-01-16,37.13,37.13,37.13,37.13,0
2019-01-17,37.13,37.13,37.13,37.13,10
2019-01-18,37.13,37.13,37.13,37.13,0
2019-01-21,37.13,37.13,37.13,37.13,0
2019-01-22,37.13,37.13,37.13,37.13,0
2019-01-23,31.59,31.59,31.59,31.59,100
2019-01-24,36.18,36.18,36.18,36.18,100
2019-01-25,36.18,36.18,36.18,36.18,0
2019-01-28,37.91,37.91,37.91,37.91,100
2019-01-29,37.91,37.91,37.91,37.91,10
2019-01-30,37.91,37.91,37.91,37.91,0
2019-01-31,37.91,41.98,37.91,41.98,200
2019-02-01,34.01,40.68,34.01,40.68,510
2019-02-11,35.31,40.68,40.68,40.68,0
2019-02-12,35.31,40.68,40.68,40.68,0
2019-02-13,35.31,35.31,35.31,40.68,10
2019-02-14,35.31,40.68,40.68,40.68,0
2019-02-15,35.31,40.68,40.68,40.68,0
2019-02-18,35.31,40.68,40.68,40.68,0
2019-02-19,35.31,35.31,35.31,40.68,62
2019-02-20,35.31,35.31,35.31,35.31,102
2019-02-21,35.31,35.31,35.31,35.31,0
2019-02-22,35.31,35.31,35.31,35.31,0
2019-02-25,35.31,35.31,35.31,35.31,50
2019-02-26,30.12,30.12,30.03,30.03,401
2019-02-27,30.03,30.03,30.03,30.03,607
2019-02-28,30.12,30.12,30.12,30.12,100
2019-03-01,26.83,26.83,25.62,25.62,1810
2019-03-04,23.37,23.46,23.37,23.46,211
2019-03-05,26.83,26.92,26.83,26.92,410
2019-03-06,30.73,30.73,25.1,30.73,600
2019-03-07,27.96,30.73,30.73,30.73,0
2019-03-08,30.29,30.29,30.29,30.29,201
2019-03-11,30.29,30.29,30.29,30.29,0
2019-03-12,26.05,26.05,26.05,26.05,1682
2019-03-13,24.32,24.41,24.32,24.41,502
2019-03-14,27.96,27.96,23.11,27.96,512
2019-03-15,26.05,27.96,27.96,27.96,0
2019-03-18,29.86,29.86,29.86,29.86,100
2019-03-19,29.77,29.77,27.44,27.44,1100
2019-03-20,29.25,29.25,29.25,27.44,8
2019-03-21,29.25,29.25,29.25,27.44,1
2019-03-22,29.43,29.43,29.43,29.43,200
2019-03-25,29.43,29.43,29.43,29.43,0
2019-03-26,29.43,29.43,29.43,29.43,8
2019-03-27,29.43,29.43,29.43,29.43,0
2019-03-28,29.43,29.43,29.43,29.43,0
2019-03-29,29.43,29.43,29.43,29.43,10
2019-04-01,29.43,29.43,29.43,29.43,3
2019-04-02,29.43,29.43,29.43,29.43,0
2019-04-03,26.48,26.48,26.48,26.48,360
2019-04-04,26.48,26.48,26.48,26.48,0
2019-04-05,26.48,26.48,26.48,26.48,0
2019-04-08,26.48,26.48,26.48,26.48,0
2019-04-09,26.48,26.48,26.48,26.48,42
2019-04-10,26.48,26.48,26.48,26.48,0
2019-04-11,26.48,26.48,26.48,26.48,30
2019-04-12,26.48,26.48,26.48,26.48,50
2019-04-16,26.57,26.57,26.57,26.57,200
2019-04-17,26.57,26.57,26.57,26.57,10
2019-04-18,26.57,26.57,26.57,26.57,0
2019-04-19,26.57,26.57,26.57,26.57,0
2019-04-22,26.57,26.57,26.57,26.57,0
2019-04-23,28.56,30.47,26.57,26.57,700
2019-04-24,29.08,26.57,26.57,26.57,0
2019-04-25,29.08,26.57,26.57,26.57,0
2019-04-26,29.08,26.57,26.57,26.57,0
2019-05-02,27.7,27.7,27.7,27.7,100
2019-05-03,27.87,27.87,27.7,27.7,200
2019-05-06,27.26,27.26,27.26,27.26,270
2019-05-07,29.25,29.43,29.25,29.43,800
2019-05-08,26.05,26.05,25.96,26.05,1000
2019-05-09,25.96,26.05,26.05,26.05,0
2019-05-10,26.14,26.14,26.14,26.14,200
2019-05-13,26.14,26.14,26.14,26.14,96
2019-05-14,26.14,26.14,26.14,26.14,200
2019-05-15,26.14,26.14,26.14,26.14,4
2019-05-16,26.14,26.14,26.05,26.05,900
2019-05-17,25.96,25.96,25.19,25.19,300
2019-05-20,25.71,25.71,25.71,25.71,224
2019-05-21,25.71,25.71,25.71,25.71,0
2019-05-22,25.53,25.53,25.53,25.53,100
2019-05-23,25.53,25.53,25.53,25.53,0
2019-05-24,25.62,25.71,25.62,25.71,210
2019-05-27,25.71,25.71,25.71,25.71,10
2019-05-28,25.71,25.71,25.71,25.71,0
2019-05-29,25.71,25.71,25.71,25.71,0
2019-05-30,25.71,25.71,25.71,25.71,0
2019-05-31,25.71,25.71,25.71,25.71,0
2019-06-03,25.71,25.71,25.71,25.71,10
2019-06-04,25.71,25.71,25.71,25.71,2
2019-06-05,25.71,25.71,25.71,25.71,0
2019-06-06,25.71,25.71,25.71,25.71,0
2019-06-07,25.71,25.71,25.71,25.71,0
2019-06-10,25.71,25.71,25.71,25.71,0
2019-06-11,26.48,26.48,26.48,26.48,210
2019-06-12,26.48,26.48,26.48,26.48,0
2019-06-13,26.48,26.48,26.48,26.48,0
2019-06-14,26.48,26.48,26.48,26.48,0
2019-06-17,26.48,26.48,26.48,26.48,0
2019-06-18,26.48,26.48,26.48,26.48,3
2019-06-19,26.48,26.48,26.48,26.48,0
2019-06-20,26.48,26.48,26.48,26.48,0
2019-06-21,26.48,26.48,26.48,26.48,0
2019-06-24,25.96,25.96,25.96,25.96,100
2019-06-25,25.96,25.96,25.96,25.96,0
2019-06-26,25.53,25.53,25.53,25.53,100
2019-06-27,25.53,25.53,25.53,25.53,0
2019-06-28,25.53,25.53,25.53,25.53,0
2019-07-01,25.53,25.53,25.53,25.53,0
2019-07-02,25.53,25.53,25.53,25.53,0
2019-07-03,25.53,25.53,25.53,25.53,0
2019-07-04,25.53,25.53,25.53,25.53,0
2019-07-05,25.53,25.53,25.53,25.53,0
2019-07-08,25.53,25.53,25.53,25.53,0
2019-07-09,25.53,25.53,25.53,25.53,5
2019-07-10,25.53,25.53,25.53,25.53,0
2019-07-11,25.53,25.53,25.53,25.53,0
2019-07-12,25.53,25.53,25.53,25.53,0
2019-07-15,25.53,25.53,25.53,25.53,12
2019-07-16,25.53,25.53,25.53,25.53,300
2019-07-17,25.53,25.53,25.53,25.53,0
2019-07-18,25.53,25.53,25.53,25.53,0
2019-07-19,26.66,26.66,26.66,26.66,119
2019-07-22,26.66,26.66,26.66,26.66,0
2019-07-23,26.66,26.66,26.66,26.66,0
2019-07-24,23.11,23.71,23.11,23.63,300
2019-07-25,23.46,23.46,23.46,23.63,10
2019-07-26,23.46,23.63,23.63,23.63,0
2019-07-29,21.72,21.72,21.72,21.72,100
2019-07-30,21.72,21.72,21.72,21.72,0
2019-07-31,21.72,21.72,21.72,21.72,0
2019-08-01,24.93,24.93,24.93,24.93,100
2019-08-02,24.93,24.93,24.93,24.93,0
2019-08-05,24.93,24.93,24.93,24.93,0
2019-08-06,26.4,26.4,26.4,26.4,100
2019-08-07,24.32,24.32,24.32,24.32,100
2019-08-08,24.32,24.32,24.32,24.32,0
2019-08-09,21.72,27.7,21.72,27.7,2500
2019-08-12,27.0,27.7,27.7,27.7,0
2019-08-13,27.0,27.7,27.7,27.7,0
2019-08-14,24.23,27.0,24.23,27.0,2000
2019-08-15,26.83,27.0,27.0,27.0,0
2019-08-16,26.83,27.0,27.0,27.0,0
2019-08-19,22.94,22.94,22.85,22.85,1000
2019-08-20,22.85,22.85,22.85,22.85,0
2019-08-21,25.96,25.96,25.96,25.96,100
2019-08-22,25.88,25.96,25.88,25.96,1008
2019-08-23,25.88,25.96,25.96,25.96,0
2019-08-26,25.88,25.96,25.96,25.96,0
2019-08-27,25.88,25.96,25.96,25.96,0
2019-08-28,25.88,25.96,25.96,25.96,0
2019-08-29,25.88,25.88,25.88,25.96,5
2019-08-30,25.88,25.96,25.96,25.96,0
2019-09-03,25.88,25.88,25.88,25.88,100
2019-09-04,25.88,25.88,25.88,25.88,77
2019-09-05,25.88,25.88,25.88,25.88,0
2019-09-06,25.88,25.88,25.88,25.88,0
2019-09-09,26.22,26.22,26.22,26.22,100
2019-09-10,26.22,26.22,26.22,26.22,84
2019-09-11,26.22,26.22,26.22,26.22,3000
2019-09-12,26.22,26.22,26.22,26.22,0
2019-09-13,26.22,26.22,26.22,26.22,24
2019-09-16,26.22,26.22,26.22,26.22,0
2019-09-17,26.22,26.22,26.22,26.22,0
2019-09-18,26.22,26.22,26.22,26.22,4
2019-09-19,25.1,25.1,22.94,22.94,1100
2019-09-20,22.5,25.96,22.5,24.23,508
2019-09-23,26.22,26.22,26.22,26.22,300
2019-09-24,26.83,26.83,22.76,22.76,302
2019-09-25,25.45,22.76,22.76,22.76,0
2019-09-26,25.45,22.76,22.76,22.76,0
2019-09-27,25.45,22.76,22.76,22.76,0
2019-09-30,25.45,22.76,22.76,22.76,0
2019-10-01,25.53,25.53,25.1,25.1,220
2019-10-02,25.36,25.36,25.36,25.1,4
2019-10-03,25.36,25.1,25.1,25.1,0
2019-10-04,25.36,25.1,25.1,25.1,0
2019-10-07,25.36,25.1,25.1,25.1,0
2019-10-08,25.36,25.36,25.36,25.1,8
2019-10-09,25.36,25.1,25.1,25.1,0
2019-10-10,22.94,22.94,22.94,22.94,100
2019-10-11,22.94,22.94,22.94,22.94,0
2019-10-14,22.94,22.94,22.94,22.94,0
2019-10-15,22.94,22.94,22.94,22.94,0
2019-10-16,22.94,22.94,22.94,22.94,0
2019-10-17,22.94,22.94,22.94,22.94,100
2019-10-18,22.94,22.94,22.94,22.94,0
2019-10-21,20.77,20.77,20.77,20.77,100
2019-10-22,23.71,23.71,23.71,23.71,100
2019-10-23,23.71,23.71,23.71,23.71,9
2019-10-24,23.71,23.71,23.71,23.71,0
2019-10-25,25.88,26.74,25.88,26.74,2000
2019-10-28,29.77,29.86,29.77,29.86,2100
2019-10-29,29.86,29.86,29.43,29.43,3300
2019-10-30,29.69,29.43,29.43,29.43,0
2019-10-31,29.69,29.69,29.69,29.69,700
2019-11-01,29.69,29.69,29.69,29.69,0
2019-11-04,29.69,29.69,29.69,29.69,0
2019-11-05,29.69,29.69,29.69,29.69,1
2019-11-06,29.69,29.69,29.69,29.69,0
2019-11-07,29.69,29.69,29.69,29.69,0
2019-11-08,29.69,29.69,29.69,29.69,0
2019-11-11,29.69,29.69,29.69,29.69,0
2019-11-12,29.69,29.69,29.69,29.69,0
2019-11-13,29.69,29.69,29.69,29.69,0
2019-11-14,25.36,25.36,25.36,25.36,200
2019-11-15,21.9,21.9,21.81,21.81,300
2019-11-18,21.81,21.81,21.81,21.81,0
2019-11-19,24.93,24.93,24.93,24.93,100
2019-11-20,24.93,24.93,24.93,24.93,0
2019-11-21,24.93,24.93,24.93,24.93,300
2019-11-22,0.0,0.0,0.0,24.93,22
2019-11-25,24.93,24.93,24.93,24.93,0
2019-11-26,24.93,24.93,24.93,24.93,0
2019-11-27,24.93,24.93,24.93,24.93,0
2019-11-28,24.93,24.93,24.93,24.93,0
2019-11-29,24.93,24.93,24.93,24.93,5
2019-12-02,24.93,24.93,24.93,24.93,0
2019-12-03,24.93,24.93,24.93,24.93,0
2019-12-04,24.93,24.93,24.93,24.93,0
2019-12-05,24.93,24.93,24.93,24.93,0
2019-12-06,24.93,24.93,24.93,24.93,0
2019-12-09,24.84,28.56,24.84,28.56,508
2019-12-10,26.74,26.74,26.74,26.74,4000
2019-12-11,27.7,27.7,27.7,27.7,3000
2019-12-12,28.56,29.43,28.56,29.43,1900
2019-12-13,29.43,31.16,29.43,31.16,900
2019-12-16,33.75,34.62,33.75,34.62,2630
2019-12-17,29.43,37.13,29.43,37.13,1400
2019-12-18,36.0,37.13,37.13,37.13,0
2019-12-19,36.0,37.13,37.13,37.13,0
2019-12-20,36.0,37.13,37.13,37.13,0
2019-12-23,36.0,37.13,37.13,37.13,0
2019-12-24,36.0,37.13,37.13,37.13,0
2019-12-25,36.0,37.13,37.13,37.13,0
2019-12-26,36.0,37.13,31.16,37.13,1500
2019-12-27,35.4,37.13,37.13,37.13,0
2019-12-30,31.59,40.68,31.59,35.4,1896
2019-12-31,37.74,37.74,37.74,35.4,10
2020-01-02,37.74,37.74,37.74,35.4,62
2020-01-03,37.74,37.74,37.74,35.4,95
2020-01-06,32.54,32.54,32.54,32.54,500
2020-01-07,27.87,27.87,27.87,27.87,300
2020-01-08,27.87,27.87,27.87,27.87,0
2020-01-09,27.87,27.87,27.87,27.87,0
2020-01-10,27.87,27.87,27.78,27.78,400
2020-01-13,27.87,27.87,27.87,27.87,3800
2020-01-14,27.87,27.87,27.87,27.87,0
2020-01-15,27.87,27.87,27.87,27.87,0
2020-01-16,27.7,27.87,27.7,27.87,908
2020-01-17,27.7,27.87,27.87,27.87,0
2020-01-20,27.7,27.87,27.87,27.87,0
2020-01-21,27.7,27.7,27.7,27.7,108
2020-01-22,27.7,27.78,27.7,27.78,400
2020-01-30,27.78,27.78,27.78,27.78,800
2020-01-31,27.78,27.78,27.78,27.78,0
2020-02-03,30.55,30.55,30.55,30.55,100
2020-02-04,30.55,30.55,30.55,30.55,0
2020-02-05,30.55,30.55,30.55,30.55,30
2020-02-06,30.55,30.55,30.55,30.55,0
2020-02-07,30.55,30.55,30.55,30.55,0
2020-02-10,30.55,30.55,30.55,30.55,0
2020-02-11,30.55,30.55,30.55,30.55,0
2020-02-12,28.56,30.47,28.56,30.47,900
2020-02-13,29.34,29.34,29.34,30.47,10
2020-02-14,33.67,33.67,33.67,33.67,100
2020-02-17,33.67,33.67,33.67,33.67,0
2020-02-18,34.62,34.62,33.32,33.32,2500
2020-02-19,33.75,33.75,33.75,33.75,100
2020-02-20,33.75,33.75,33.75,33.75,0
2020-02-21,33.75,33.75,33.75,33.75,0
2020-02-24,33.75,33.75,33.75,33.75,0
2020-02-25,33.75,33.75,33.75,33.75,0
2020-02-26,33.67,33.67,33.67,33.67,300
2020-02-27,33.67,33.67,33.67,33.67,0
2020-02-28,33.67,33.67,33.67,33.67,0
2020-03-02,33.67,33.67,33.67,33.67,5
2020-03-03,33.67,33.67,33.67,33.67,0
2020-03-04,33.67,33.67,33.67,33.67,0
2020-03-05,33.67,33.67,33.67,33.67,0
2020-03-06,33.67,33.67,33.67,33.67,0
2020-03-09,33.67,33.67,33.67,33.67,0
2020-03-10,33.67,33.67,33.67,33.67,0
2020-03-11,33.67,33.67,33.67,33.67,0
2020-03-12,33.67,33.67,33.67,33.67,0
2020-03-13,33.67,33.67,33.67,33.67,0
2020-03-16,33.67,33.67,33.67,33.67,30
2020-03-17,33.67,33.67,33.67,33.67,0
2020-03-18,33.67,33.67,33.67,33.67,0
2020-03-19,33.67,33.67,33.67,33.67,0
2020-03-20,33.67,33.67,33.67,33.67,0
2020-03-23,33.67,33.67,33.67,33.67,0
2020-03-24,33.67,33.67,33.67,33.67,0
2020-03-25,33.67,33.67,33.67,33.67,0
2020-03-26,33.67,33.67,33.67,33.67,0
2020-03-27,33.67,33.67,33.67,33.67,0
2020-03-30,33.67,33.67,33.67,33.67,0
2020-03-31,33.67,33.67,33.67,33.67,20
2020-04-01,33.67,33.67,33.67,33.67,0
2020-04-03,37.22,38.51,34.62,34.62,9700
2020-04-06,36.35,36.7,36.35,36.7,1000
2020-04-07,36.61,36.7,36.7,36.7,0
2020-04-08,36.61,36.7,36.7,36.7,0
2020-04-09,36.61,36.7,36.7,36.7,0
2020-04-10,36.61,36.7,36.7,36.7,0
2020-04-13,36.61,36.7,36.7,36.7,0
2020-04-14,36.61,36.7,36.7,36.7,0
2020-04-15,36.61,36.7,36.7,36.7,0
2020-04-16,36.61,36.7,36.7,36.7,0
2020-04-17,36.61,36.7,36.7,36.7,0
2020-04-20,36.7,36.78,36.7,36.78,4900
2020-04-21,36.7,36.7,36.7,36.78,7
2020-04-22,36.7,36.78,36.78,36.78,0
2020-04-23,36.7,36.7,36.7,36.78,6
2020-04-24,36.7,36.78,36.78,36.78,0
2020-04-27,36.7,36.7,36.7,36.78,26
2020-04-28,36.7,36.78,36.78,36.78,0
2020-04-29,31.33,31.33,31.33,31.33,100
2020-05-04,35.49,35.49,35.49,35.49,164
2020-05-05,36.35,40.68,35.49,40.68,6907
2020-05-06,39.9,40.68,40.68,40.68,0
2020-05-07,39.9,40.68,40.68,40.68,0
2020-05-08,39.9,45.87,39.9,45.87,4900
2020-05-11,38.0,49.33,38.0,49.33,1300
2020-05-12,44.75,44.75,44.75,49.33,10
2020-05-13,44.75,49.33,49.33,49.33,0
2020-05-14,44.75,49.33,49.33,49.33,0
2020-05-15,44.75,49.33,49.33,49.33,0
2020-05-18,44.75,49.33,49.33,49.33,0
2020-05-19,44.75,49.33,49.33,49.33,0
2020-05-20,44.75,49.33,49.33,49.33,0
2020-05-21,44.75,44.75,44.75,49.33,2
2020-05-22,44.75,49.33,49.33,49.33,0
2020-05-25,44.75,49.33,49.33,49.33,0
2020-05-26,44.75,49.33,49.33,49.33,0
2020-05-27,44.75,49.33,49.33,49.33,0
2020-05-28,44.75,49.33,49.33,49.33,0
2020-05-29,44.75,49.33,49.33,49.33,0
2020-06-01,44.75,49.33,49.33,49.33,0
2020-06-02,44.75,49.33,49.33,49.33,0
2020-06-03,44.75,49.33,49.33,49.33,0
2020-06-04,44.75,49.33,49.33,49.33,0
2020-06-05,44.75,44.75,44.75,49.33,2
2020-06-08,44.75,49.33,49.33,49.33,0
2020-06-09,38.08,38.08,38.08,38.08,6100
2020-06-10,38.08,38.08,38.08,38.08,0
2020-06-11,38.08,38.08,38.08,38.08,0
2020-06-12,38.08,38.08,38.08,38.08,0
2020-06-15,38.08,38.08,38.08,38.08,20
2020-06-16,38.08,38.08,38.08,38.08,0
2020-06-17,38.08,38.08,38.08,38.08,0
2020-06-18,38.08,38.08,38.08,38.08,0
2020-06-19,38.08,38.08,38.08,38.08,0
2020-06-22,38.08,38.08,38.08,38.08,0
2020-06-23,38.08,38.08,38.08,38.08,0
2020-06-24,38.08,38.08,38.08,38.08,0
2020-06-25,38.08,38.08,38.08,38.08,0
2020-06-26,38.08,38.08,38.08,38.08,0
2020-06-29,38.08,38.08,38.08,38.08,0
2020-06-30,38.08,38.08,38.08,38.08,0
2020-07-01,38.08,38.08,38.08,38.08,0
2020-07-02,38.08,38.08,38.08,38.08,0
2020-07-03,38.08,38.08,38.08,38.08,0
2020-07-06,38.08,38.08,38.08,38.08,0
2020-07-07,38.08,38.08,38.08,38.08,0
2020-07-08,38.08,38.08,38.08,38.08,0
2020-07-09,38.08,38.08,38.08,38.08,0
2020-07-10,38.08,38.08,38.08,38.08,0
2020-07-13,38.08,38.08,38.08,38.08,0
2020-07-14,38.08,38.08,38.08,38.08,0
2020-07-15,38.08,38.08,38.08,38.08,0
2020-07-16,38.08,38.08,38.08,38.08,0
2020-07-17,38.08,38.08,38.08,38.08,0
2020-07-20,38.08,38.08,38.08,38.08,0
2020-07-21,38.08,38.08,38.08,38.08,0
2020-07-22,38.08,38.08,38.08,38.08,0
2020-07-23,38.08,38.08,38.08,38.08,0
2020-07-24,38.08,38.08,38.08,38.08,0
2020-07-27,38.08,38.08,38.08,38.08,0
2020-07-28,38.08,38.08,38.08,38.08,0
2020-07-29,38.08,38.08,38.08,38.08,0
2020-07-30,38.08,38.08,38.08,38.08,0
2020-07-31,38.08,38.08,38.08,38.08,0
2020-08-03,38.08,38.08,38.08,38.08,0
2020-08-04,38.08,38.08,38.08,38.08,0
2020-08-05,38.08,38.08,38.08,38.08,0
2020-08-06,38.08,38.08,38.08,38.08,0
2020-08-07,38.08,38.08,38.08,38.08,0
2020-08-10,38.08,38.08,38.08,38.08,0
2020-08-11,38.08,38.08,38.08,38.08,0
2020-08-12,38.08,38.08,38.08,38.08,0
2020-08-13,38.08,38.08,38.08,38.08,0
2020-08-14,38.08,38.08,38.08,38.08,0
2020-08-17,22.85,23.37,22.85,22.85,8600
2020-08-18,23.02,23.02,23.02,22.85,5
2020-08-19,23.02,23.02,23.02,22.85,8
2020-08-20,23.02,23.02,23.02,23.02,246
2020-08-21,23.02,23.02,23.02,23.02,40
2020-08-24,23.02,23.02,23.02,23.02,8
2020-08-25,23.02,23.02,23.02,23.02,0
2020-08-26,23.02,23.02,23.02,23.02,6
2020-08-27,23.02,23.02,23.02,23.02,1
2020-08-28,23.02,23.02,23.02,23.02,58
2020-08-31,23.02,23.02,23.02,23.02,100
2020-09-01,23.02,23.02,23.02,23.02,0
2020-09-03,23.02,23.02,23.02,23.02,0
2020-09-04,23.02,23.02,23.02,23.02,0
2020-09-07,23.02,23.02,23.02,23.02,0
2020-09-08,26.4,26.4,26.4,26.4,8326
2020-09-09,30.29,30.29,30.29,30.29,178
2020-09-10,34.79,34.79,34.79,34.79,2385
2020-09-11,39.99,39.99,39.99,39.99,8426
2020-09-14,45.96,45.96,45.87,45.96,9031
2020-09-15,45.96,45.96,39.38,39.38,1310
2020-09-16,44.92,45.01,41.98,44.83,4371
2020-09-17,37.7,47.5,37.7,46.9,1794
2020-09-18,39.2,39.2,39.2,39.2,130
2020-09-21,35.0,35.0,34.0,34.0,2626
2020-09-22,31.1,31.1,31.0,31.0,1050
2020-09-23,31.0,31.0,31.0,31.0,202
2020-09-24,31.0,31.0,31.0,31.0,2214
2020-09-25,30.1,30.2,30.1,30.2,1400
2020-09-28,30.2,30.2,30.2,30.2,20
2020-09-29,30.0,34.7,28.0,34.6,2601
2020-09-30,29.9,34.6,34.6,34.6,0
2020-10-01,30.0,34.0,30.0,34.0,1600
2020-10-02,33.0,33.0,32.0,32.0,393
2020-10-05,32.7,32.0,32.0,32.0,0
2020-10-06,32.7,32.7,32.7,32.7,100
2020-10-07,32.6,32.6,31.0,31.0,700
2020-10-08,33.0,33.0,33.0,33.0,1600
2020-10-09,33.0,33.0,33.0,33.0,0
2020-10-12,33.0,33.0,33.0,33.0,0
2020-10-13,33.0,33.0,33.0,33.0,100
2020-10-14,33.0,33.0,33.0,33.0,0
2020-10-15,33.0,33.0,33.0,33.0,0
2020-10-16,29.3,29.3,28.1,28.1,18500
2020-10-19,28.4,28.4,24.3,24.3,6400
2020-10-20,24.4,24.4,21.5,23.0,10000
2020-10-21,20.8,23.0,20.5,20.8,11700
2020-10-22,23.0,24.0,23.0,24.0,1700
2020-10-23,25.9,25.9,24.0,24.5,1600
2020-10-26,25.2,25.2,25.0,25.1,2900
2020-10-27,22.6,22.6,22.6,22.6,2000
2020-10-28,22.2,22.2,22.2,22.2,700
2020-10-29,22.0,22.0,21.0,21.8,800
2020-10-30,22.1,22.1,22.1,22.1,700
2020-11-02,23.8,24.4,23.4,23.5,2800
2020-11-03,23.7,23.5,23.5,23.5,0
2020-11-04,23.7,24.5,23.0,23.0,2200
2020-11-05,23.6,23.0,23.0,23.0,0
2020-11-06,23.6,23.0,23.0,23.0,0
2020-11-09,23.6,23.6,23.6,23.6,100
2020-11-10,22.4,23.0,22.4,23.0,2400
2020-11-11,23.5,23.5,23.5,23.5,100
2020-11-12,23.3,23.3,23.3,23.3,100
2020-11-13,23.3,23.3,23.3,23.3,0
2020-11-16,23.4,23.4,23.4,23.4,300
2020-11-17,23.5,23.7,23.0,23.0,12400
2020-11-18,23.3,23.3,22.8,22.8,200
2020-11-19,23.1,22.8,22.8,22.8,0
2020-11-20,23.1,22.8,22.8,22.8,0
2020-11-23,23.1,22.8,22.8,22.8,0
2020-11-24,23.1,22.8,22.8,22.8,0
2020-11-25,23.1,23.1,23.1,23.1,100
2020-11-26,23.1,23.9,23.1,23.9,200
2020-11-27,23.5,23.5,23.0,23.0,500
2020-11-30,23.2,23.0,23.0,23.0,0
2020-12-01,23.1,23.1,23.0,23.0,1100
2020-12-02,23.0,23.0,23.0,23.0,0
2020-12-03,23.0,23.2,22.1,22.1,4800
2020-12-04,23.5,23.5,23.5,23.5,100
2020-12-07,24.0,24.0,23.5,23.5,2200
2020-12-08,23.5,24.0,22.5,23.5,6900
2020-12-09,23.4,23.4,23.4,23.4,900
2020-12-10,23.4,23.4,23.4,23.4,0
2020-12-11,23.4,23.4,23.4,23.4,14
2020-12-14,23.3,23.4,22.5,23.0,8030
2020-12-15,22.0,24.3,22.0,24.3,1800
2020-12-16,23.6,23.6,23.6,23.6,765
2020-12-17,23.6,23.6,23.6,23.6,0
2020-12-18,23.6,24.0,23.6,24.0,354
2020-12-21,23.7,23.7,23.7,23.7,608
2020-12-22,23.7,23.7,23.7,23.7,119
2020-12-23,23.7,23.9,23.7,23.7,2029
2020-12-24,23.7,23.7,23.7,23.7,0
2020-12-25,23.0,23.0,22.5,23.0,1408
2020-12-28,22.7,23.5,22.7,23.5,3021
2020-12-29,23.0,23.5,23.0,23.5,1535
2020-12-30,24.0,24.0,24.0,24.0,1176
2020-12-31,23.5,23.6,23.5,23.6,378
2021-01-04,24.0,24.4,24.0,24.4,5005
2021-01-05,24.4,24.4,24.4,24.4,307
2021-01-06,24.5,26.5,24.0,24.0,3001
2021-01-07,24.5,26.0,24.5,26.0,1324
2021-01-08,24.3,26.5,24.3,26.5,4633
2021-01-11,27.0,27.0,26.7,26.7,317
2021-01-12,25.5,25.5,25.5,25.5,116
2021-01-13,26.0,26.0,26.0,26.0,1108
2021-01-14,26.0,26.0,26.0,26.0,217
2021-01-15,25.5,26.0,25.5,26.0,1128
2021-01-18,26.0,26.0,26.0,26.0,1900
2021-01-19,26.5,26.5,26.0,26.0,7100
2021-01-20,26.0,26.0,26.0,26.0,1500
2021-01-21,26.0,26.0,26.0,26.0,100
2021-01-22,25.9,25.9,25.9,25.9,450
2021-01-25,26.0,26.0,26.0,26.0,704
2021-01-26,26.0,26.0,26.0,26.0,400
2021-01-27,26.0,26.0,26.0,26.0,400
2021-01-28,26.0,26.0,26.0,26.0,10
2021-01-29,27.0,27.0,26.9,26.9,1200
2021-02-01,26.5,27.5,26.0,27.5,2100
2021-02-02,26.0,26.0,26.0,26.0,1300
2021-02-03,25.6,25.6,25.6,25.6,300
2021-02-04,26.0,26.0,26.0,26.0,300
2021-02-05,25.6,25.6,25.6,25.6,300
2021-02-08,25.7,25.7,25.7,25.7,800
2021-02-09,25.7,25.7,25.7,25.7,0
2021-02-17,25.7,25.7,25.7,25.7,0
2021-02-18,25.7,25.7,25.7,25.7,0
2021-02-19,26.1,26.2,26.1,26.1,600
2021-02-22,22.9,26.0,22.9,26.0,700
2021-02-23,26.1,26.1,26.1,26.1,200
2021-02-24,26.1,26.5,26.0,26.5,3900
2021-02-25,26.5,26.6,26.5,26.6,2100
2021-02-26,26.6,26.6,26.0,26.5,2900
2021-03-01,26.6,27.0,26.6,27.0,2700
2021-03-02,27.0,27.2,27.0,27.2,1503
2021-03-03,27.0,27.0,27.0,27.0,1808
2021-03-04,27.0,27.0,27.0,27.0,906
2021-03-05,27.0,27.0,27.0,27.0,4
2021-03-08,27.1,27.1,27.1,27.1,100
2021-03-09,27.1,27.1,27.1,27.1,0
2021-03-10,27.1,27.1,27.1,27.1,410
2021-03-11,27.2,30.0,27.2,30.0,2338
2021-03-12,31.0,31.0,30.0,31.0,6100
2021-03-15,30.0,30.1,30.0,30.1,1800
2021-03-16,29.0,29.0,29.0,29.0,100
2021-03-17,31.0,31.0,29.0,31.0,1501
2021-03-18,30.9,30.9,29.0,29.0,2100
2021-03-19,30.0,30.0,30.0,30.0,1500
2021-03-22,30.0,30.0,30.0,30.0,1500
2021-03-23,30.0,30.0,30.0,30.0,1200
2021-03-24,30.0,30.0,30.0,30.0,28
2021-03-25,27.0,30.0,27.0,28.5,800
2021-03-26,27.0,27.0,27.0,27.0,108
2021-03-29,28.0,29.0,28.0,29.0,500
2021-03-30,28.4,28.4,28.4,29.0,30
2021-03-31,28.0,28.0,28.0,28.0,162
2021-04-01,28.0,28.0,28.0,28.0,505
2021-04-02,28.0,28.0,28.0,28.0,510
2021-04-05,30.0,30.0,29.9,29.9,800
2021-04-06,28.0,29.0,28.0,29.0,305
2021-04-07,29.0,29.0,29.0,29.0,1119
2021-04-08,29.0,29.0,29.0,29.0,301
2021-04-09,30.5,30.5,30.5,30.5,420
2021-04-12,28.5,28.5,28.5,28.5,118
2021-04-13,28.5,29.0,28.5,28.5,600
2021-04-14,28.8,28.8,28.8,28.5,20
2021-04-15,30.0,30.0,30.0,30.0,100
2021-04-16,28.1,28.1,26.1,26.3,600
2021-04-19,26.8,26.3,26.3,26.3,0
2021-04-20,26.8,26.3,26.3,26.3,0
2021-04-22,27.0,27.0,27.0,27.0,300
2021-04-23,27.0,27.0,27.0,27.0,0
2021-04-26,27.0,27.0,27.0,27.0,0
2021-04-27,27.0,27.0,27.0,27.0,0
2021-04-28,27.0,27.0,27.0,27.0,8
2021-04-29,28.0,28.0,28.0,28.0,100
2021-05-04,28.0,28.0,28.0,28.0,400
2021-05-05,28.0,28.0,28.0,28.0,100
2021-05-06,27.9,32.0,27.9,28.0,4710
2021-05-07,30.0,28.0,28.0,28.0,0
2021-05-10,30.0,28.0,28.0,28.0,0
2021-05-11,28.0,28.5,28.0,28.5,319
2021-05-12,28.3,28.3,28.3,28.3,751
2021-05-13,28.3,28.3,28.3,28.3,1
2021-05-14,28.3,28.3,28.3,28.3,540
2021-05-17,28.3,28.3,28.3,28.3,0
2021-05-18,28.3,28.3,28.3,28.3,100
2021-05-19,29.0,29.0,29.0,29.0,202
2021-05-20,29.0,29.0,29.0,29.0,0
2021-05-21,29.0,29.0,29.0,29.0,1
2021-05-24,29.0,29.0,29.0,29.0,47
2021-05-25,29.0,29.0,29.0,29.0,0
2021-05-26,28.5,28.5,28.5,28.5,223
2021-05-27,27.5,27.5,27.5,27.5,2539
2021-05-28,27.5,27.5,27.5,27.5,0
2021-05-31,27.5,27.5,27.5,27.5,0
2021-06-01,26.1,26.1,26.0,26.0,200
2021-06-02,26.2,26.2,26.0,26.0,902
2021-06-03,26.0,28.5,26.0,26.5,1924
2021-06-04,27.0,27.0,27.0,27.0,100
2021-06-07,26.0,27.0,26.0,27.0,300
2021-06-08,26.3,26.3,26.3,27.0,1
2021-06-09,27.0,27.0,27.0,27.0,100
2021-06-10,27.0,27.0,27.0,27.0,0
2021-06-11,27.0,27.0,27.0,27.0,8
2021-06-14,29.4,29.5,29.4,29.4,3454
2021-06-15,29.4,29.4,29.4,29.4,0
2021-06-16,29.3,29.3,29.0,29.3,1202
2021-06-17,29.0,29.0,29.0,29.0,100
2021-06-18,29.0,29.0,29.0,29.0,0
2021-06-21,29.0,29.0,29.0,29.0,0
2021-06-22,28.0,28.0,26.0,26.0,2000
2021-06-23,29.0,29.0,29.0,29.0,200
2021-06-24,29.0,29.0,29.0,29.0,0
2021-06-25,29.0,29.0,29.0,29.0,0
2021-06-28,29.0,29.0,27.8,27.8,400
2021-06-29,29.0,29.0,29.0,29.0,500
2021-06-30,29.0,29.0,29.0,29.0,1
2021-07-01,29.0,29.0,29.0,29.0,0
2021-07-02,28.0,28.0,28.0,28.0,1000
2021-07-05,28.0,28.0,28.0,28.0,0
2021-07-06,28.0,28.0,28.0,28.0,1400
2021-07-07,28.0,28.0,28.0,28.0,0
2021-07-08,28.0,28.0,28.0,28.0,400
2021-07-09,28.0,28.0,28.0,28.0,100
2021-07-12,28.0,28.0,28.0,28.0,0
2021-07-13,28.0,28.0,28.0,28.0,0
2021-07-14,28.0,28.0,28.0,28.0,5
2021-07-15,28.0,28.0,28.0,28.0,0
2021-07-16,28.0,28.0,28.0,28.0,0
2021-07-19,26.5,28.0,26.5,28.0,1200
2021-07-20,26.8,26.8,26.8,28.0,16
2021-07-21,26.8,26.8,26.8,28.0,8
2021-07-22,26.8,28.0,28.0,28.0,0
2021-07-23,26.8,28.0,28.0,28.0,0
2021-07-26,26.8,28.0,28.0,28.0,0
2021-07-27,26.8,28.0,28.0,28.0,0
2021-07-28,26.8,28.0,28.0,28.0,0
2021-07-29,26.8,28.0,28.0,28.0,0
2021-07-30,26.8,28.0,28.0,28.0,0
2021-08-02,26.8,26.8,26.8,26.8,0
2021-08-03,26.8,28.0,28.0,28.0,0
2021-08-04,26.8,28.0,28.0,28.0,0
2021-08-05,26.8,28.0,28.0,28.0,0
2021-08-06,27.0,27.0,26.5,26.5,600
2021-08-09,26.6,26.5,26.5,26.5,0
2021-08-10,26.6,26.5,26.5,26.5,0
2021-08-11,26.6,26.5,26.5,26.5,0
2021-08-12,26.6,26.5,26.5,26.5,0
2021-08-13,27.0,27.0,27.0,27.0,100
2021-08-16,27.0,27.0,27.0,27.0,0
2021-08-17,27.0,27.0,27.0,27.0,0
2021-08-18,27.0,27.0,27.0,27.0,0
2021-08-19,27.0,27.0,27.0,27.0,0
2021-08-20,24.0,27.5,23.6,27.5,819
2021-08-23,26.5,27.5,27.5,27.5,0
2021-08-24,26.5,27.5,27.5,27.5,0
2021-08-25,26.5,27.5,27.5,27.5,0
2021-08-26,26.5,27.5,27.5,27.5,0
2021-08-27,26.5,26.5,26.5,26.5,200
2021-08-30,26.5,26.5,26.5,26.5,0
2021-08-31,26.5,26.5,26.5,26.5,0
2021-09-01,26.5,26.5,26.5,26.5,0
2021-09-06,26.5,26.5,26.5,26.5,0
2021-09-07,26.5,26.5,26.5,26.5,0
2021-09-08,26.5,26.5,26.5,26.5,0
2021-09-09,26.5,26.5,26.5,26.5,0
2021-09-10,28.0,28.0,26.0,26.0,3113
2021-09-13,26.4,26.4,26.4,26.4,0
2021-09-14,26.4,26.4,26.4,26.4,0
2021-09-15,26.4,26.4,26.4,26.4,0
2021-09-16,26.4,26.4,26.4,26.4,0
2021-09-17,24.5,24.6,24.5,24.6,878
2021-09-20,24.6,24.6,24.6,24.6,0
2021-09-21,24.6,24.6,24.6,24.6,0
2021-09-22,24.6,24.6,24.6,24.6,0
2021-09-23,24.6,24.6,24.6,24.6,0
2021-09-24,24.6,24.6,24.1,24.1,400
2021-09-27,24.5,24.5,24.5,24.5,0
2021-09-28,24.5,24.5,24.5,24.5,0
2021-09-29,24.5,24.5,24.5,24.5,0
2021-09-30,24.5,24.5,24.5,24.5,0
2021-10-01,23.0,23.6,23.0,23.6,1905
2021-10-04,23.3,23.3,23.3,23.3,0
2021-10-05,23.3,23.3,23.3,23.3,0
2021-10-06,23.3,23.3,23.3,23.3,0
2021-10-07,23.3,23.3,23.3,23.3,0
2021-10-08,23.6,26.7,23.6,23.7,1200
2021-10-11,26.1,26.1,26.1,26.1,0
2021-10-12,26.1,26.1,26.1,26.1,0
2021-10-13,26.1,26.1,26.1,26.1,0
2021-10-14,26.1,26.1,26.1,26.1,0
2021-10-15,27.5,30.0,24.0,30.0,12000
2021-10-18,28.8,28.8,28.8,28.8,0
2021-10-19,28.8,28.8,28.8,28.8,0
2021-10-20,28.8,28.8,28.8,28.8,0
2021-10-21,28.8,28.8,28.8,28.8,0
2021-10-22,33.1,33.1,33.0,33.0,6931
2021-10-25,33.1,33.1,33.1,33.1,0
2021-10-26,33.1,33.1,33.1,33.1,0
2021-10-27,33.1,33.1,33.1,33.1,0
2021-10-28,33.1,33.1,33.1,33.1,0
2021-10-29,32.0,33.0,32.0,33.0,9500
2021-11-01,33.0,33.0,33.0,33.0,0
2021-11-02,33.0,33.0,33.0,33.0,0
2021-11-03,33.0,33.0,33.0,33.0,0
2021-11-04,33.0,33.0,33.0,33.0,0
2021-11-05,33.0,33.0,32.0,32.0,691
2021-11-08,32.2,32.2,32.2,32.2,0
2021-11-09,32.2,32.2,32.2,32.2,0
2021-11-10,32.2,32.2,32.2,32.2,0
2021-11-11,32.2,32.2,32.2,32.2,0
2021-11-12,27.4,30.0,27.4,30.0,1943
2021-11-15,29.4,29.4,29.4,29.4,0
2021-11-16,29.4,29.4,29.4,29.4,0
2021-11-17,29.4,29.4,29.4,29.4,0
2021-11-18,29.4,29.4,29.4,29.4,0
2021-11-19,29.5,29.5,29.4,29.4,7200
2021-11-22,29.4,29.4,29.4,29.4,0
2021-11-23,29.4,29.4,29.4,29.4,0
2021-11-24,29.4,29.4,29.4,29.4,0
2021-11-25,29.4,29.4,29.4,29.4,0
2021-11-26,29.4,30.0,29.4,29.4,16700
2021-11-29,29.7,29.7,29.7,29.7,0
2021-11-30,29.7,29.7,29.7,29.7,0
2021-12-01,29.7,29.7,29.7,29.7,0
2021-12-02,29.7,29.7,29.7,29.7,0
2021-12-03,29.5,30.0,29.5,29.8,6200
2021-12-06,29.9,29.9,29.9,29.9,0
2021-12-07,29.9,29.9,29.9,29.9,0
2021-12-08,29.9,29.9,29.9,29.9,0
2021-12-09,29.9,29.9,29.9,29.9,0
2021-12-10,28.0,28.0,28.0,28.0,898
2021-12-13,28.0,28.0,28.0,28.0,0
2021-12-14,28.0,28.0,28.0,28.0,0
2021-12-15,28.0,28.0,28.0,28.0,0
2021-12-16,28.0,28.0,28.0,28.0,0
2021-12-17,30.0,30.0,29.3,30.0,4006
2021-12-20,29.9,29.9,29.9,29.9,0
2021-12-21,29.0,29.0,29.0,29.0,200
2021-12-22,28.9,29.0,28.9,29.0,6000
2021-12-23,29.0,29.0,29.0,29.0,1200
2021-12-24,29.0,29.0,29.0,29.0,200
2021-12-27,29.0,29.0,29.0,29.0,558
2021-12-28,29.0,29.0,29.0,29.0,700
2021-12-29,30.0,30.0,29.0,29.0,1100
2021-12-30,29.0,29.0,29.0,29.0,1700
2021-12-31,29.0,29.0,29.0,29.0,500
2022-01-04,29.0,29.0,29.0,29.0,2070
2022-01-05,30.0,30.0,30.0,30.0,2600
2022-01-06,31.0,31.0,30.0,30.0,600
2022-01-07,30.0,30.0,30.0,30.0,110
2022-01-10,30.0,30.0,30.0,30.0,1000
2022-01-11,29.0,29.0,29.0,29.0,416
2022-01-12,29.0,29.0,29.0,29.0,0
2022-01-13,30.0,30.0,30.0,30.0,676
2022-01-14,30.0,30.0,30.0,30.0,0
2022-01-17,29.0,29.0,29.0,29.0,3300
2022-01-18,29.0,29.0,29.0,29.0,301
2022-01-19,30.0,30.0,30.0,30.0,100
2022-01-20,30.0,30.0,30.0,30.0,0
2022-01-21,28.0,28.0,28.0,28.0,420
2022-01-24,28.0,28.0,28.0,28.0,12
2022-01-25,28.0,28.0,28.0,28.0,0
2022-01-26,28.0,28.0,28.0,28.0,0
2022-01-27,28.0,28.0,28.0,28.0,0
2022-01-28,28.0,28.0,28.0,28.0,500
2022-02-07,30.0,31.0,30.0,31.0,1001
2022-02-08,30.5,30.5,30.5,30.5,1000
2022-02-09,30.5,30.5,30.5,30.5,306
2022-02-10,30.4,31.0,30.4,30.5,3400
2022-02-11,32.5,32.5,32.5,32.5,100
2022-02-14,29.0,29.0,29.0,29.0,129
2022-02-15,29.0,29.0,29.0,29.0,5
2022-02-16,29.0,29.0,29.0,29.0,0
2022-02-17,29.0,29.0,29.0,29.0,1512
2022-02-18,29.5,29.5,29.5,29.5,720
2022-02-21,31.0,31.0,31.0,31.0,100
2022-02-22,31.0,31.0,31.0,31.0,0
2022-02-23,31.0,31.0,31.0,31.0,1900
2022-02-24,31.0,31.0,31.0,31.0,0
2022-02-25,31.0,31.0,31.0,31.0,0
2022-02-28,30.0,30.0,30.0,30.0,608
2022-03-01,30.0,30.0,30.0,30.0,0
2022-03-02,30.0,30.0,30.0,30.0,0
2022-03-03,29.0,29.0,28.0,28.0,1026
2022-03-04,29.0,29.0,29.0,29.0,400
2022-03-07,30.0,30.0,29.0,29.0,2270
2022-03-08,27.0,31.0,27.0,29.0,2403
2022-03-09,27.1,27.1,27.0,27.0,506
2022-03-10,30.0,30.0,30.0,30.0,502
2022-03-11,30.0,30.0,30.0,30.0,0
2022-03-14,30.0,30.0,30.0,30.0,0
2022-03-15,30.0,30.0,30.0,30.0,7
2022-03-16,29.0,29.0,29.0,29.0,2000
2022-03-17,29.0,29.0,29.0,29.0,0
2022-03-18,29.0,29.0,29.0,29.0,4
2022-03-21,29.0,29.0,29.0,29.0,200
2022-03-22,29.0,29.0,29.0,29.0,7
2022-03-23,28.5,28.5,27.0,27.0,5500
2022-03-24,27.0,27.0,27.0,27.0,5021
2022-03-25,27.0,27.0,27.0,27.0,0
2022-03-28,27.0,27.0,27.0,27.0,106
2022-03-29,27.0,27.1,27.0,27.1,600
2022-03-30,27.1,27.1,27.1,27.1,62
2022-03-31,27.1,27.1,27.1,27.1,0
2022-04-01,27.1,27.1,27.1,27.1,0
2022-04-04,27.1,27.1,27.1,27.1,0
2022-04-05,27.5,28.0,24.5,28.0,2100
2022-04-06,26.4,26.4,26.4,26.4,100
2022-04-07,26.4,26.4,26.4,26.4,0
2022-04-08,27.0,27.0,27.0,27.0,208
2022-04-12,27.0,27.0,27.0,27.0,0
2022-04-13,27.0,28.0,27.0,28.0,500
2022-04-15,25.8,25.8,25.8,25.8,200
2022-04-18,25.0,25.0,24.0,24.0,1000
2022-04-19,24.7,24.7,24.7,24.7,0
2022-04-20,24.7,24.7,24.7,24.7,0
2022-04-21,24.0,24.7,24.0,24.7,800
2022-04-22,24.2,24.2,24.2,24.2,0
2022-04-25,24.2,24.2,24.2,24.2,0
2022-04-26,26.9,26.9,26.9,26.9,100
2022-05-04,26.8,26.8,25.0,25.0,404
2022-05-05,26.9,26.9,26.9,26.9,100
2022-05-06,26.8,26.8,26.8,26.8,3414
2022-05-09,28.0,28.0,27.5,27.5,600
2022-05-10,27.6,27.6,27.6,27.6,0
2022-05-11,28.0,28.0,28.0,28.0,100
2022-05-12,28.0,28.0,28.0,28.0,0
2022-05-13,28.0,28.0,28.0,28.0,0
2022-05-16,28.0,28.0,28.0,28.0,0
2022-05-17,28.0,28.0,28.0,28.0,0
2022-05-18,27.5,27.5,23.8,23.8,2400
2022-05-19,23.0,23.0,23.0,23.0,600
2022-05-23,25.9,25.9,25.9,25.9,0
2022-05-24,25.9,25.9,25.9,25.9,0
2022-05-25,25.9,25.9,25.9,25.9,0
2022-05-26,22.2,26.7,22.2,26.7,200
2022-05-27,25.0,25.0,25.0,25.0,200
2022-05-30,25.0,25.0,25.0,25.0,0
2022-05-31,25.0,25.0,25.0,25.0,0
2022-06-01,25.0,25.0,25.0,25.0,0
2022-06-02,25.0,25.0,25.0,25.0,0
2022-06-03,25.0,25.0,25.0,25.0,4
2022-06-06,25.0,25.0,25.0,25.0,2
2022-06-07,25.0,25.0,25.0,25.0,60
2022-06-08,25.0,25.0,25.0,25.0,0
2022-06-09,24.0,24.0,24.0,24.0,200
2022-06-10,24.0,24.0,24.0,24.0,1
2022-06-13,24.0,24.0,24.0,24.0,2
2022-06-14,24.0,24.0,24.0,24.0,0
2022-06-15,20.4,23.0,20.4,23.0,200
2022-06-16,21.7,21.7,21.7,21.7,0
2022-06-17,24.8,24.8,24.8,24.8,100
2022-06-20,24.8,24.8,24.8,24.8,0
2022-06-21,24.8,24.8,24.8,24.8,0
2022-06-22,24.8,24.8,24.8,24.8,0
2022-06-23,24.8,24.8,24.8,24.8,0
2022-06-24,24.8,24.8,24.8,24.8,0
2022-06-27,24.8,24.8,24.8,24.8,0
2022-06-28,24.8,24.8,24.8,24.8,58
2022-06-29,24.8,24.8,24.8,24.8,0
2022-06-30,25.0,25.0,21.1,21.2,4513
2022-07-01,19.0,19.0,19.0,19.0,5200
2022-07-04,21.8,21.8,21.8,21.8,1500
2022-07-05,21.8,21.8,21.8,21.8,0
2022-07-06,21.8,21.8,21.8,21.8,0
2022-07-07,23.3,23.3,23.3,23.3,100
2022-07-08,20.5,20.5,20.0,20.0,800
2022-07-11,22.9,22.9,22.9,22.9,100
2022-07-12,22.9,22.9,22.9,22.9,0
2022-07-13,22.9,22.9,22.9,22.9,0
2022-07-14,22.9,22.9,22.9,22.9,900
2022-07-15,22.9,22.9,22.9,22.9,14
2022-07-18,22.9,22.9,22.9,22.9,100
2022-07-19,22.9,22.9,22.9,22.9,0
2022-07-20,21.0,21.0,21.0,21.0,100
2022-07-21,21.0,21.0,21.0,21.0,0
2022-07-22,21.0,21.0,21.0,21.0,1
2022-07-25,21.0,21.0,21.0,21.0,1
2022-07-26,21.0,21.0,21.0,21.0,0
2022-07-27,21.0,21.0,21.0,21.0,0
2022-07-28,21.0,21.0,21.0,21.0,0
2022-08-02,23.7,23.7,23.7,23.7,100
2022-08-11,23.7,23.7,21.2,23.7,1000
2022-08-16,23.4,23.5,23.4,23.5,1300
2022-08-22,20.0,21.0,20.0,21.0,300
2022-08-23,23.7,23.8,23.7,23.8,200
2022-08-30,23.8,23.8,23.8,23.8,600
2022-09-05,23.8,23.8,23.8,23.8,200
2022-09-06,20.5,23.8,20.5,23.8,200
2022-09-07,19.5,25.4,19.5,25.4,200
2022-09-09,22.5,22.5,22.5,22.5,100
2022-09-15,24.2,24.2,24.2,24.2,100
2022-09-19,23.5,23.5,23.5,23.5,100
2022-09-21,23.0,23.0,23.0,23.0,200
2022-09-22,21.0,21.0,21.0,21.0,5000
2022-09-23,21.0,21.0,21.0,21.0,5000
2022-09-26,20.3,21.0,20.3,21.0,200
2022-10-04,21.9,21.9,21.9,21.9,100
2022-10-14,16.5,16.5,16.5,16.5,200
2022-10-19,18.9,18.9,18.9,18.9,200
2022-10-21,21.0,21.0,21.0,21.0,1100
2022-10-27,22.0,22.0,21.5,21.5,200
2022-10-31,18.6,18.6,18.6,18.6,200
2022-11-04,19.0,19.0,17.2,17.2,200
2022-11-07,17.1,17.1,17.1,17.1,100
2022-11-08,19.5,19.5,19.5,19.5,100
2022-11-11,17.0,17.0,16.6,16.6,200
2022-11-14,15.1,15.1,15.0,15.0,600
2022-11-15,17.2,17.2,17.2,17.2,500
2022-11-16,18.8,18.8,18.8,18.8,8200
2022-11-17,16.0,19.5,16.0,16.0,1400
2022-11-18,14.0,18.5,13.9,13.9,7500
2022-11-21,12.0,15.0,12.0,13.5,800
2022-11-22,14.9,14.9,14.9,14.9,100
2022-11-23,13.4,14.3,12.7,14.3,2300
2022-11-29,12.5,12.5,12.5,12.5,100
2022-11-30,14.0,14.0,14.0,14.0,200
2022-12-01,14.1,14.3,14.0,14.0,1600
2022-12-05,14.1,14.1,14.1,14.1,100
2022-12-07,14.0,14.0,14.0,14.0,100
2022-12-08,11.9,12.8,11.9,12.8,2500
2022-12-12,13.4,13.5,12.5,12.5,1100
2022-12-20,13.8,13.8,13.8,13.8,100
2022-12-30,14.6,14.6,11.8,11.8,200
2023-01-10,14.5,14.5,14.5,14.5,100
2023-01-13,13.0,13.0,13.0,13.0,200
2023-01-19,11.2,13.5,11.1,13.5,2000
2023-01-27,12.8,12.8,11.2,12.5,400
2023-01-30,11.9,12.0,11.9,12.0,700
2023-01-31,11.9,11.9,11.9,11.9,3900
2023-02-01,11.2,11.2,11.2,11.2,500
2023-02-02,12.0,12.0,12.0,12.0,1000
2023-02-06,12.0,12.0,12.0,12.0,600
2023-02-07,12.0,12.0,12.0,12.0,1100
2023-02-08,11.8,11.8,11.8,11.8,200
2023-02-09,13.5,13.5,12.0,12.0,500
2023-02-17,10.8,11.0,10.8,10.8,1200
2023-02-20,10.0,10.2,10.0,10.2,1800
2023-02-21,10.2,10.2,10.2,10.2,100
2023-02-22,10.1,10.1,10.1,10.1,2500
2023-02-23,11.6,11.6,9.6,9.6,5100
2023-02-24,9.6,9.6,9.6,9.6,100
2023-02-28,10.0,10.0,10.0,10.0,500
2023-03-01,10.0,10.0,10.0,10.0,500
2023-03-02,11.4,11.4,11.4,11.4,100
2023-03-06,12.9,12.9,11.8,11.8,300
2023-03-07,13.9,13.9,10.6,10.6,1800
2023-03-08,9.6,9.6,9.6,9.6,100
2023-03-09,9.8,9.8,9.8,9.8,500
2023-03-10,9.8,9.8,9.8,9.8,800
2023-03-13,9.8,9.8,9.8,9.8,200
2023-03-14,9.9,9.9,9.9,9.9,1200
2023-03-16,9.4,9.4,9.4,9.4,200
2023-03-17,10.1,10.1,10.1,10.1,2100
2023-03-20,10.0,10.1,10.0,10.1,1200
2023-03-21,10.1,10.1,10.1,10.1,300
2023-03-22,10.1,10.1,10.1,10.1,400
2023-03-24,10.1,10.1,10.1,10.1,1000
2023-03-30,10.2,10.2,10.2,10.2,200
2023-04-03,10.1,10.1,10.1,10.1,3700
2023-04-04,10.2,10.2,10.0,10.0,1700
2023-04-05,10.1,10.1,10.1,10.1,200
2023-04-10,9.6,9.6,9.6,9.6,100
2023-04-12,9.9,9.9,9.9,9.9,100
2023-04-14,10.0,10.0,10.0,10.0,1000
2023-04-17,10.0,10.0,10.0,10.0,400
2023-04-18,9.6,9.6,9.6,9.6,100
2023-04-19,9.6,9.6,9.6,9.6,500
2023-04-21,10.0,10.0,10.0,10.0,1200
2023-04-26,10.0,10.0,9.5,9.5,200
2023-04-27,10.0,10.2,10.0,10.0,7400
2023-05-04,9.6,9.7,9.6,9.7,200
2023-05-15,9.8,9.8,9.8,9.8,1000
2023-05-16,9.7,9.7,9.7,9.7,1000
2023-05-17,10.0,10.0,9.9,9.9,5000
2023-05-18,10.0,10.0,10.0,10.0,500
2023-05-22,10.0,10.0,10.0,10.0,100
2023-05-23,9.6,11.0,9.6,11.0,3700
2023-05-24,10.0,10.0,9.1,9.1,7400
2023-05-25,10.6,10.6,9.5,9.5,800
2023-05-26,9.5,9.5,9.2,9.2,4700
2023-05-29,10.7,10.7,9.0,9.1,2300
2023-05-30,8.8,9.0,7.8,9.0,2900
2023-05-31,9.3,9.3,8.5,8.5,7800
2023-06-01,8.0,8.2,8.0,8.2,2500
2023-06-02,8.2,8.9,8.2,8.9,500
2023-06-05,7.7,8.2,7.7,8.2,3000
2023-06-06,9.0,9.2,8.6,8.6,3100
2023-06-07,9.1,9.1,9.1,9.1,100
2023-06-08,8.8,8.8,8.7,8.7,2000
2023-06-09,8.7,8.8,8.7,8.7,2500
2023-06-12,7.4,8.4,7.4,8.4,5500
2023-06-13,8.6,8.7,7.7,8.7,7600
2023-06-14,8.7,8.7,8.4,8.5,6700
