time,open,high,low,close,volume
2017-10-05,8.47,0.0,0.0,0.0,0
2017-10-06,8.47,8.47,8.47,8.47,0
2017-10-09,8.47,8.47,8.47,8.47,0
2017-10-10,8.47,8.47,8.47,8.47,0
2017-10-11,8.47,8.47,8.47,8.47,0
2017-10-12,11.86,11.86,11.86,11.86,6400
2017-10-13,13.64,13.64,13.64,13.64,1670
2017-10-16,15.67,15.67,15.67,15.67,4100
2017-10-17,17.96,17.96,17.96,17.96,10490
2017-10-18,20.58,20.58,19.06,19.48,3600
2017-10-19,19.48,19.48,19.06,19.06,1300
2017-10-20,18.21,19.06,18.21,18.97,1420
2017-10-23,19.14,19.14,18.97,18.97,3460
2017-10-24,19.14,19.14,19.14,18.97,10
2017-10-25,19.14,19.14,19.14,18.97,70
2017-10-26,19.14,19.14,19.14,19.14,0
2017-10-27,16.35,16.35,16.35,16.35,4700
2017-10-30,16.35,16.35,16.35,16.35,100
2017-10-31,16.35,16.35,16.35,16.35,0
2017-11-01,16.35,16.35,16.35,16.35,0
2017-11-02,13.98,13.98,13.98,13.98,3000
2017-11-03,11.94,11.94,11.94,11.94,1270
2017-11-06,10.16,10.16,10.16,10.16,4179
2017-11-07,8.64,8.64,8.64,8.64,1970
2017-11-08,8.56,8.56,7.45,7.45,9080
2017-11-09,8.22,8.22,8.22,8.22,0
2017-11-10,8.47,9.32,8.47,9.32,1750
2017-11-13,9.32,9.49,9.32,9.49,1200
2017-11-14,9.66,9.66,9.32,9.32,2170
2017-11-15,8.13,8.89,8.13,8.89,1970
2017-11-16,9.49,9.49,9.49,9.49,1600
2017-11-17,8.89,8.89,8.89,8.89,370
2017-11-20,8.47,8.47,8.47,8.47,1998
2017-11-21,8.47,8.47,8.47,8.47,341
2017-11-22,7.62,7.62,7.62,7.62,380
2017-11-23,8.72,8.72,8.72,8.72,700
2017-11-24,8.72,8.72,8.72,8.72,0
2017-11-27,8.72,8.72,8.64,8.64,670
2017-11-28,9.32,9.49,9.32,9.49,1129
2017-11-29,9.4,9.4,9.4,9.49,70
2017-11-30,9.4,9.4,9.4,9.4,0
2017-12-01,8.64,8.64,8.64,8.64,5300
2017-12-04,8.64,8.72,8.64,8.72,2850
2017-12-05,9.06,9.32,9.06,9.32,1410
2017-12-06,9.32,9.32,9.32,9.32,0
2017-12-07,8.47,9.32,8.47,8.47,370
2017-12-08,8.47,9.15,8.47,9.15,2210
2017-12-11,9.15,9.15,9.15,9.15,400
2017-12-12,9.06,9.06,9.06,9.06,1000
2017-12-13,9.06,9.06,9.06,9.06,460
2017-12-14,8.47,8.47,8.47,8.47,600
2017-12-15,8.89,8.89,8.89,8.89,641
2017-12-18,8.05,8.89,8.05,8.89,1600
2017-12-19,8.98,8.98,8.98,8.98,100
2017-12-20,8.89,8.89,8.89,8.89,100
2017-12-21,8.89,9.32,8.89,8.89,2630
2017-12-22,8.89,8.89,8.89,8.89,0
2017-12-25,8.89,8.89,8.89,8.89,0
2017-12-26,8.89,8.89,8.89,8.89,0
2017-12-27,9.32,9.32,9.32,9.32,350
2017-12-28,8.81,8.81,8.81,8.81,400
2017-12-29,8.81,8.81,8.81,8.81,0
2018-01-02,8.81,8.81,8.81,8.81,70
2018-01-03,8.81,8.81,8.81,8.81,0
2018-01-04,8.81,8.81,8.81,8.81,0
2018-01-05,8.81,8.81,8.81,8.81,0
2018-01-08,8.81,8.81,8.47,8.72,2400
2018-01-09,8.81,8.89,8.72,8.89,500
2018-01-10,8.81,8.81,8.81,8.81,0
2018-01-11,8.81,8.81,8.81,8.89,10
2018-01-12,8.89,8.89,8.81,8.81,2500
2018-01-15,8.89,9.06,8.81,9.06,1100
2018-01-16,8.89,8.98,8.89,8.98,2990
2018-01-17,8.89,8.89,8.72,8.89,4010
2018-01-18,8.89,8.89,8.72,8.89,1300
2018-01-19,8.72,8.72,8.56,8.56,1440
2018-01-22,8.81,8.81,8.81,8.81,100
2018-01-23,8.81,8.81,8.81,8.81,0
2018-01-24,8.81,8.81,8.81,8.81,0
2018-01-25,8.98,8.98,8.98,8.98,600
2018-01-26,9.06,9.06,8.98,8.98,5500
2018-01-29,8.98,8.98,8.98,8.98,0
2018-01-30,8.98,8.98,8.98,8.98,0
2018-01-31,8.98,8.98,8.98,8.98,2200
2018-02-01,8.98,8.98,8.98,8.98,0
2018-02-02,8.81,8.89,8.81,8.89,8300
2018-02-05,9.32,9.32,8.72,8.72,1200
2018-02-06,8.56,9.32,8.56,9.32,1800
2018-02-07,8.64,8.64,8.64,8.64,2000
2018-02-08,8.64,8.64,8.64,8.64,0
2018-02-09,8.64,8.64,8.64,8.64,0
2018-02-12,8.64,8.64,8.64,8.64,0
2018-02-13,8.47,8.47,8.47,8.47,800
2018-02-21,8.47,8.47,8.47,8.47,0
2018-02-22,8.47,8.47,8.47,8.47,0
2018-02-23,8.47,8.47,8.47,8.47,0
2018-02-26,8.47,8.47,8.47,8.47,370
2018-02-27,9.15,9.32,9.15,9.32,270
2018-02-28,8.47,8.64,8.47,8.64,2000
2018-03-01,8.47,8.56,8.39,8.56,2460
2018-03-02,8.47,8.47,8.47,8.47,110
2018-03-05,8.47,8.47,8.47,8.47,1620
2018-03-06,8.56,8.56,8.56,8.56,770
2018-03-07,8.56,8.56,8.56,8.56,0
2018-03-08,8.56,8.56,8.56,8.56,0
2018-03-09,8.72,8.72,8.72,8.72,1000
2018-03-12,8.72,8.72,8.72,8.72,1824
2018-03-13,8.72,8.72,8.72,8.72,0
2018-03-14,8.47,8.47,8.47,8.47,2600
2018-03-15,8.39,8.39,8.39,8.39,1000
2018-03-16,8.22,8.22,8.22,8.22,1000
2018-03-19,8.22,8.22,8.22,8.22,0
2018-03-20,8.22,8.22,8.22,8.22,0
2018-03-21,8.39,8.56,8.39,8.56,6404
2018-03-22,8.64,8.64,8.64,8.64,1200
2018-03-23,8.89,9.23,8.89,8.89,2400
2018-03-26,8.72,8.89,8.72,8.89,2080
2018-03-27,8.89,9.32,8.89,9.32,1660
2018-03-28,9.32,9.32,9.32,9.32,700
2018-03-29,9.32,9.32,9.32,9.32,700
2018-03-30,9.4,9.4,9.32,9.32,200
2018-04-02,9.4,9.4,9.4,9.4,0
2018-04-03,8.89,8.89,8.89,8.89,400
2018-04-04,9.32,9.32,9.32,9.32,5600
2018-04-05,9.32,9.32,9.32,9.32,0
2018-04-06,9.32,9.32,9.32,9.32,0
2018-04-09,9.32,9.32,9.32,9.32,0
2018-04-10,9.32,9.32,9.32,9.32,0
2018-04-11,9.32,9.32,9.32,9.32,0
2018-04-12,9.32,9.32,9.32,9.32,0
2018-04-13,8.47,8.47,8.47,8.47,100
2018-04-16,8.47,8.47,8.47,8.47,0
2018-04-17,8.47,8.47,8.47,8.47,1000
2018-04-18,8.47,8.47,8.47,8.47,0
2018-04-19,9.32,9.32,9.32,9.32,700
2018-04-20,9.32,9.32,9.32,9.32,1000
2018-04-23,9.32,9.32,9.32,9.32,0
2018-04-24,9.32,9.32,9.32,9.32,1000
2018-04-26,9.32,9.32,9.32,9.32,2000
2018-04-27,9.32,9.32,9.32,9.32,0
2018-05-02,9.32,9.32,9.32,9.32,0
2018-05-03,9.32,9.32,9.32,9.32,0
2018-05-04,9.32,9.32,9.32,9.32,0
2018-05-07,9.32,9.32,9.32,9.32,0
2018-05-08,9.32,9.32,9.32,9.32,0
2018-05-09,9.32,9.32,9.32,9.32,0
2018-05-10,9.32,9.32,9.32,9.32,0
2018-05-11,8.72,8.72,8.72,8.72,1000
2018-05-14,8.72,8.72,8.72,8.72,0
2018-05-15,8.72,8.72,8.72,8.72,0
2018-05-16,8.72,8.72,8.72,8.72,1000
2018-05-17,8.81,8.81,8.72,8.72,200
2018-05-18,8.81,8.81,8.81,8.81,0
2018-05-21,8.72,8.81,8.64,8.72,3696
2018-05-22,8.72,8.72,8.72,8.72,14
2018-05-23,8.72,8.72,8.72,8.72,0
2018-05-24,8.72,8.72,8.72,8.72,0
2018-05-25,8.72,8.72,8.72,8.72,0
2018-05-28,8.72,8.72,8.72,8.72,0
2018-05-29,8.05,8.05,8.05,8.05,1100
2018-05-30,8.47,8.47,8.47,8.47,1300
2018-05-31,8.47,8.47,8.47,8.47,0
2018-06-01,8.56,8.56,8.56,8.56,600
2018-06-04,8.56,8.56,8.56,8.56,300
2018-06-05,8.56,8.56,8.56,8.56,0
2018-06-06,8.05,8.47,8.05,8.47,1230
2018-06-07,8.39,8.39,8.39,8.39,0
2018-06-08,7.2,8.47,7.2,8.47,2800
2018-06-11,8.47,8.47,8.05,8.39,2470
2018-06-12,8.05,8.05,8.05,8.05,370
2018-06-13,8.05,8.05,8.05,8.05,0
2018-06-14,8.05,8.05,8.05,8.05,1000
2018-06-15,8.3,8.3,8.3,8.3,200
2018-06-18,8.13,8.13,8.05,8.05,470
2018-06-19,8.22,8.47,8.22,8.47,1500
2018-06-20,8.39,8.39,8.39,8.39,100
2018-06-21,8.22,8.22,8.22,8.22,100
2018-06-22,8.22,8.22,8.22,8.22,0
2018-06-25,8.3,8.3,8.3,8.3,1700
2018-06-26,8.3,8.3,8.3,8.3,0
2018-06-27,8.3,8.47,8.3,8.47,1200
2018-06-28,8.13,8.47,8.13,8.47,1100
2018-06-29,8.47,8.47,8.47,8.47,100
2018-07-02,8.22,8.47,8.22,8.47,500
2018-07-03,8.22,8.47,8.13,8.47,4300
2018-07-04,8.47,8.47,8.47,8.47,100
2018-07-05,8.22,8.47,8.22,8.47,600
2018-07-06,8.13,8.47,8.05,8.47,570
2018-07-09,8.47,8.47,8.47,8.47,200
2018-07-10,8.13,8.89,8.13,8.89,1100
2018-07-11,8.05,8.72,8.05,8.72,200
2018-07-12,8.39,8.39,8.39,8.39,0
2018-07-13,8.13,8.47,8.13,8.13,400
2018-07-16,8.3,8.3,8.3,8.3,0
2018-07-17,8.47,8.47,8.13,8.13,516
2018-07-18,8.05,8.05,8.05,8.05,100
2018-07-19,8.05,8.05,8.05,8.05,0
2018-07-20,8.05,8.05,8.05,8.05,0
2018-07-23,8.05,8.05,8.05,8.05,0
2018-07-24,8.47,8.47,8.39,8.39,700
2018-07-25,8.89,8.89,8.89,8.89,340
2018-07-26,8.3,8.3,8.3,8.3,100
2018-07-27,8.13,8.13,8.13,8.13,100
2018-07-30,8.13,8.13,8.13,8.13,0
2018-07-31,8.13,8.13,8.13,8.13,0
2018-08-01,8.13,8.13,8.13,8.13,8000
2018-08-02,8.13,8.56,8.13,8.56,470
2018-08-03,8.22,8.22,8.22,8.22,0
2018-08-06,8.22,8.22,8.22,8.22,0
2018-08-07,8.47,8.47,8.3,8.3,1400
2018-08-08,8.13,8.13,8.13,8.13,100
2018-08-09,8.13,8.13,8.13,8.13,0
2018-08-10,8.05,8.05,8.05,8.05,110
2018-08-13,7.96,7.96,7.96,7.96,100
2018-08-14,7.96,7.96,7.96,7.96,0
2018-08-15,7.96,7.96,7.96,7.96,10
2018-08-16,7.96,7.96,7.96,7.96,0
2018-08-17,7.96,7.96,7.96,7.96,0
2018-08-20,8.05,8.05,8.05,8.05,214
2018-08-21,8.47,8.47,8.13,8.13,300
2018-08-22,7.88,7.88,7.88,7.88,100
2018-08-23,7.88,7.88,7.88,7.88,0
2018-08-24,7.88,7.88,7.88,7.88,10
2018-08-27,7.88,7.88,7.88,7.88,2000
2018-08-28,7.88,7.88,7.88,7.88,0
2018-08-29,7.88,7.88,7.88,7.88,0
2018-08-30,7.96,7.96,7.96,7.96,100
2018-08-31,7.88,7.88,7.79,7.79,200
2018-09-04,7.88,7.88,7.88,7.88,0
2018-09-05,7.96,8.05,7.96,8.05,446
2018-09-06,7.96,7.96,7.96,7.96,0
2018-09-07,7.96,7.96,7.96,7.96,370
2018-09-10,8.13,8.13,8.13,8.13,1000
2018-09-11,8.13,8.13,8.13,8.13,0
2018-09-12,7.96,8.13,7.96,8.13,1000
2018-09-13,7.96,7.96,7.96,7.96,170
2018-09-14,8.13,8.13,8.13,8.13,800
2018-09-17,8.13,8.13,8.13,8.13,0
2018-09-18,8.13,8.13,8.13,8.13,1540
2018-09-19,8.13,8.13,8.13,8.13,440
2018-09-20,8.13,8.13,8.13,8.13,0
2018-09-21,8.13,8.39,8.13,8.39,470
2018-09-24,8.13,8.13,8.13,8.13,2200
2018-09-25,8.13,8.13,8.13,8.13,1100
2018-09-26,8.39,8.39,8.22,8.22,200
2018-09-27,8.3,8.3,8.22,8.22,1005
2018-09-28,8.3,8.3,8.3,8.3,100
2018-10-01,8.22,8.22,8.22,8.22,165
2018-10-02,8.05,8.22,8.05,8.22,2370
2018-10-03,8.39,8.47,8.39,8.47,1500
2018-10-04,8.13,8.13,8.13,8.13,110
2018-10-05,8.3,8.3,8.22,8.22,400
2018-10-08,8.22,8.22,8.22,8.22,1800
2018-10-09,8.13,8.3,8.13,8.3,1000
2018-10-10,8.13,8.22,8.13,8.22,1000
2018-10-11,7.79,7.79,7.79,7.79,100
2018-10-12,7.79,7.79,7.79,7.79,0
2018-10-15,7.79,7.79,7.79,7.79,0
2018-10-16,7.54,7.79,7.54,7.79,470
2018-10-17,7.71,7.71,7.71,7.71,0
2018-10-18,7.37,7.37,7.37,7.37,100
2018-10-19,7.37,7.37,7.37,7.37,0
2018-10-22,7.37,7.37,7.37,7.37,0
2018-10-23,7.37,7.37,7.37,7.37,0
2018-10-24,7.37,7.37,7.37,7.37,0
2018-10-25,7.37,7.37,7.37,7.37,0
2018-10-26,7.37,7.37,7.37,7.37,0
2018-10-29,7.37,7.37,7.37,7.37,45
2018-10-30,8.47,8.47,7.88,7.88,800
2018-10-31,8.05,8.05,8.05,8.05,100
2018-11-01,8.13,8.13,8.05,8.05,4500
2018-11-02,8.05,8.05,8.05,8.05,0
2018-11-05,7.88,8.05,7.88,8.05,470
2018-11-06,8.22,8.22,8.22,8.22,645
2018-11-07,8.13,8.47,8.13,8.47,800
2018-11-08,8.22,8.22,8.22,8.22,2500
2018-11-09,7.71,8.22,7.71,8.22,215
2018-11-12,7.96,7.96,7.96,7.96,0
2018-11-13,7.96,7.96,7.96,7.96,0
2018-11-14,8.56,8.56,8.56,8.56,100
2018-11-15,8.22,8.89,8.22,8.56,1070
2018-11-16,8.13,9.32,8.13,9.06,610
2018-11-19,8.56,8.98,8.56,8.98,725
2018-11-20,8.22,8.22,8.22,8.22,100
2018-11-21,8.89,8.89,8.89,8.89,100
2018-11-22,8.13,8.89,8.13,8.89,210
2018-11-23,8.13,8.89,8.13,8.56,470
2018-11-26,8.13,8.13,8.13,8.13,100
2018-11-27,8.89,8.89,8.89,8.89,100
2018-11-28,8.47,9.15,8.47,8.89,3000
2018-11-29,8.64,8.64,8.64,8.89,70
2018-11-30,8.39,8.39,8.22,8.22,200
2018-12-03,9.32,9.32,9.32,9.32,665
2018-12-04,8.47,9.74,8.47,9.74,1100
2018-12-05,8.81,10.0,8.81,10.0,8540
2018-12-06,8.89,10.0,8.89,10.0,300
2018-12-07,8.89,9.32,8.89,9.32,200
2018-12-10,8.89,8.89,8.89,8.89,100
2018-12-11,8.72,9.32,8.72,8.81,520
2018-12-12,8.89,8.89,8.89,8.81,10
2018-12-13,9.74,9.74,9.74,9.74,2900
2018-12-14,8.98,9.74,8.98,9.74,900
2018-12-17,9.15,9.74,9.15,9.74,1670
2018-12-18,9.32,9.83,9.32,9.83,3700
2018-12-19,9.4,9.4,9.4,9.4,115
2018-12-20,9.83,9.83,9.83,9.83,200
2018-12-21,9.4,11.27,9.4,11.01,2220
2018-12-24,9.49,10.67,9.49,10.67,800
2018-12-25,9.49,9.49,9.32,9.32,400
2018-12-26,10.16,10.16,10.16,10.16,2615
2018-12-27,9.66,9.66,9.66,9.66,110
2018-12-28,9.49,10.16,9.49,9.91,800
2019-01-02,9.83,9.83,9.83,9.83,200
2019-01-03,9.74,9.91,9.74,9.91,5300
2019-01-04,9.49,9.49,9.49,9.49,110
2019-01-07,9.49,9.49,9.49,9.49,0
2019-01-08,10.16,10.59,10.16,10.59,1100
2019-01-09,9.74,9.74,9.74,9.74,100
2019-01-10,10.08,10.08,10.08,10.08,300
2019-01-11,10.08,10.08,10.08,10.08,0
2019-01-14,9.66,9.66,9.66,9.66,100
2019-01-15,9.66,9.66,9.66,9.66,0
2019-01-16,9.66,9.66,9.66,9.66,0
2019-01-17,10.16,10.16,10.16,10.16,100
2019-01-18,9.83,10.25,9.83,10.25,300
2019-01-21,9.83,9.83,9.83,9.83,100
2019-01-22,9.74,10.16,9.74,10.16,500
2019-01-23,9.91,9.91,9.91,9.91,100
2019-01-24,9.74,9.74,9.74,9.74,100
2019-01-25,9.66,9.66,9.66,9.66,100
2019-01-28,10.25,10.25,10.16,10.16,10730
2019-01-29,9.83,9.83,9.83,9.83,100
2019-01-30,10.16,10.16,10.16,10.16,200
2019-01-31,9.83,10.16,9.83,10.16,500
2019-02-01,9.91,9.91,9.91,9.91,100
2019-02-11,9.91,9.91,9.91,9.91,0
2019-02-12,9.83,9.83,9.83,9.83,100
2019-02-13,9.74,9.74,9.74,9.74,100
2019-02-14,10.16,10.16,10.16,10.16,10500
2019-02-15,10.16,10.16,10.16,10.16,0
2019-02-18,9.74,10.16,9.74,10.16,235
2019-02-19,9.74,9.74,9.74,9.74,150
2019-02-20,9.74,9.74,9.74,9.74,0
2019-02-21,9.74,9.74,9.74,9.74,0
2019-02-22,9.66,9.66,9.66,9.66,100
2019-02-25,9.57,9.57,9.57,9.57,100
2019-02-26,9.57,9.57,9.57,9.57,0
2019-02-27,10.16,10.16,10.16,10.16,1000
2019-02-28,10.25,10.25,10.25,10.25,300
2019-03-01,9.83,9.83,9.83,9.83,600
2019-03-04,9.74,9.74,9.74,9.74,300
2019-03-05,10.16,10.25,10.16,10.25,700
2019-03-06,9.83,10.25,9.83,10.25,1555
2019-03-07,9.91,10.16,9.91,10.16,2200
2019-03-08,10.16,10.16,10.16,10.16,10000
2019-03-11,10.0,10.0,9.91,10.0,1210
2019-03-12,9.83,9.91,9.83,9.91,470
2019-03-13,10.08,10.08,10.08,10.08,200
2019-03-14,10.08,10.08,10.08,10.08,0
2019-03-15,9.74,9.74,9.74,9.74,370
2019-03-18,9.74,9.74,9.74,9.74,0
2019-03-19,9.91,10.16,9.91,10.16,600
2019-03-20,10.16,10.16,10.16,10.16,200
2019-03-21,10.16,10.16,10.16,10.16,1500
2019-03-22,10.42,10.42,10.42,10.42,100
2019-03-25,10.42,10.42,10.42,10.42,0
2019-03-26,10.16,10.16,10.16,10.16,500
2019-03-27,10.16,10.16,10.16,10.16,0
2019-03-28,10.16,10.16,10.16,10.16,500
2019-03-29,10.16,10.16,10.16,10.16,0
2019-04-01,10.16,10.16,10.16,10.16,0
2019-04-02,10.16,10.16,10.16,10.16,0
2019-04-03,10.16,10.16,10.16,10.16,300
2019-04-04,10.16,10.16,10.16,10.16,0
2019-04-05,10.16,10.25,10.16,10.25,2200
2019-04-08,9.83,10.16,9.83,10.16,400
2019-04-09,10.16,10.16,10.16,10.16,370
2019-04-10,10.16,10.42,10.16,10.42,2600
2019-04-11,10.16,10.16,10.16,10.16,300
2019-04-12,10.5,10.5,10.5,10.5,900
2019-04-16,10.5,10.5,10.5,10.5,0
2019-04-17,10.59,10.59,10.59,10.59,500
2019-04-18,10.59,10.59,10.59,10.59,0
2019-04-19,10.59,10.59,10.59,10.59,0
2019-04-22,10.59,10.59,10.59,10.59,0
2019-04-23,10.59,10.59,10.59,10.59,0
2019-04-24,10.59,10.59,10.59,10.59,0
2019-04-25,10.33,10.33,10.33,10.33,330
2019-04-26,10.33,10.33,10.33,10.33,0
2019-05-02,10.33,10.33,10.33,10.33,10
2019-05-03,10.42,10.59,10.42,10.42,1640
2019-05-06,10.42,10.42,10.42,10.42,20
2019-05-07,10.42,10.42,10.42,10.42,0
2019-05-08,10.42,10.42,10.42,10.42,0
2019-05-09,10.42,10.42,10.42,10.42,0
2019-05-10,9.06,9.06,8.89,8.89,399
2019-05-13,10.25,10.25,10.25,10.25,1541
2019-05-14,10.25,10.25,10.25,10.25,0
2019-05-15,9.74,10.25,9.74,10.25,670
2019-05-16,10.25,10.25,10.25,10.25,100
2019-05-17,10.25,10.25,10.25,10.25,0
2019-05-20,10.84,11.01,10.84,11.01,1500
2019-05-21,11.44,11.44,11.44,11.44,5100
2019-05-22,10.42,11.35,10.42,11.35,3040
2019-05-23,10.59,10.59,10.59,11.35,30
2019-05-24,10.59,10.59,10.59,11.35,40
2019-05-27,11.44,11.44,11.44,11.44,2070
2019-05-28,10.59,10.59,10.59,10.59,100
2019-05-29,11.01,11.01,11.01,11.01,100
2019-05-30,10.59,10.59,10.59,10.59,370
2019-05-31,10.59,10.59,10.59,10.59,0
2019-06-03,10.59,10.59,10.59,10.59,0
2019-06-04,10.67,10.67,10.67,10.67,5920
2019-06-05,10.67,10.67,10.67,10.67,370
2019-06-06,10.67,10.67,10.67,10.67,0
2019-06-07,10.67,10.67,10.67,10.67,0
2019-06-10,10.67,10.67,10.67,10.67,100
2019-06-11,10.67,10.67,10.67,10.67,0
2019-06-12,10.67,10.67,10.67,10.67,10
2019-06-13,10.67,10.67,10.67,10.67,0
2019-06-14,10.67,10.67,10.67,10.67,100
2019-06-17,10.67,10.67,10.67,10.67,0
2019-06-18,10.67,10.67,10.67,10.67,0
2019-06-19,10.67,10.67,10.67,10.67,400
2019-06-20,10.76,10.76,10.76,10.76,370
2019-06-21,10.76,10.76,10.25,10.67,1040
2019-06-24,10.67,10.67,10.67,10.67,0
2019-06-25,10.59,10.59,10.59,10.59,910
2019-06-26,10.59,10.76,10.59,10.59,400
2019-06-27,10.16,10.16,10.16,10.16,370
2019-06-28,10.16,10.16,10.16,10.16,0
2019-07-01,10.42,10.84,10.42,10.67,870
2019-07-02,11.01,11.01,11.01,11.01,100
2019-07-03,11.44,12.54,11.44,12.54,7300
2019-07-04,11.44,11.44,11.44,11.52,200
2019-07-05,10.16,10.16,10.16,10.16,381
2019-07-08,10.16,10.16,10.16,10.16,5000
2019-07-09,10.08,10.08,10.08,10.08,3000
2019-07-10,10.16,10.59,10.16,10.59,2070
2019-07-11,10.59,10.59,10.59,10.59,2900
2019-07-12,10.59,10.59,10.59,10.59,320
2019-07-15,10.59,10.59,10.59,10.59,0
2019-07-16,10.59,10.59,10.59,10.59,100
2019-07-17,10.59,10.59,10.59,10.59,0
2019-07-18,10.59,10.59,10.59,10.59,370
2019-07-19,10.59,11.01,10.59,11.01,4500
2019-07-22,11.01,11.01,11.01,11.01,0
2019-07-23,10.59,10.59,10.59,10.59,870
2019-07-24,10.59,10.59,10.59,10.59,1100
2019-07-25,10.59,10.59,10.59,10.59,0
2019-07-26,10.59,10.59,10.59,10.59,600
2019-07-29,10.59,10.59,10.59,10.59,0
2019-07-30,10.5,10.5,10.5,10.5,370
2019-07-31,10.5,10.5,10.5,10.5,10
2019-08-01,10.5,10.5,10.5,10.5,0
2019-08-02,10.5,10.5,10.5,10.5,0
2019-08-05,10.5,10.5,10.5,10.5,0
2019-08-06,10.33,10.33,10.33,10.33,170
2019-08-07,10.59,10.59,10.59,10.59,300
2019-08-08,10.59,10.59,10.59,10.59,0
2019-08-09,9.74,9.74,9.74,9.74,440
2019-08-12,9.74,9.74,9.74,9.74,10
2019-08-13,9.74,9.74,9.74,9.74,0
2019-08-14,10.33,10.33,10.33,10.33,500
2019-08-15,10.33,10.33,10.33,10.33,0
2019-08-16,11.01,11.01,11.01,11.01,1000
2019-08-19,11.01,11.01,11.01,11.01,0
2019-08-20,11.01,11.01,11.01,11.01,0
2019-08-21,11.01,11.01,11.01,11.01,0
2019-08-22,11.01,11.01,11.01,11.01,0
2019-08-23,9.83,9.83,9.83,9.83,370
2019-08-26,11.01,11.01,11.01,11.01,2000
2019-08-27,11.01,11.01,11.01,11.01,0
2019-08-28,10.93,11.01,10.93,11.01,2900
2019-08-29,11.01,11.01,11.01,11.01,0
2019-08-30,11.01,11.01,11.01,11.01,0
2019-09-03,10.59,10.59,10.59,10.59,370
2019-09-04,11.01,11.01,11.01,11.01,2000
2019-09-05,11.01,11.01,11.01,11.01,0
2019-09-06,11.01,11.01,11.01,11.01,0
2019-09-09,11.01,11.01,11.01,11.01,0
2019-09-10,10.93,11.01,10.93,11.01,3000
2019-09-11,9.91,9.91,9.91,9.91,440
2019-09-12,9.91,9.91,9.91,9.91,0
2019-09-13,9.91,9.91,9.91,9.91,0
2019-09-16,11.35,11.35,11.35,11.35,100
2019-09-17,11.35,11.35,11.35,11.35,80
2019-09-18,11.35,11.35,11.35,11.35,0
2019-09-19,10.59,10.67,10.59,10.67,2000
2019-09-20,10.42,10.42,10.42,10.42,800
2019-09-23,10.16,10.16,10.16,10.16,500
2019-09-24,10.16,10.16,10.16,10.16,470
2019-09-25,10.16,10.16,10.16,10.16,0
2019-09-26,10.16,10.16,10.16,10.16,0
2019-09-27,10.16,10.16,10.16,10.16,270
2019-09-30,10.16,10.16,10.16,10.16,4000
2019-10-01,10.16,10.16,10.16,10.16,0
2019-10-02,9.91,9.91,9.74,9.74,370
2019-10-03,10.59,10.59,10.59,10.59,100
2019-10-04,10.59,10.59,10.59,10.59,0
2019-10-07,10.16,10.16,10.16,10.16,1200
2019-10-08,10.16,10.16,10.16,10.16,0
2019-10-09,10.16,10.16,10.16,10.16,200
2019-10-10,10.16,10.16,10.16,10.16,0
2019-10-11,10.16,10.16,10.16,10.16,0
2019-10-14,10.16,10.16,9.83,9.83,740
2019-10-15,10.08,10.08,10.08,10.08,0
2019-10-16,10.08,9.83,9.83,9.83,0
2019-10-17,10.08,9.83,9.83,9.83,0
2019-10-18,10.16,10.16,10.16,10.16,100
2019-10-21,10.16,10.16,10.16,10.16,500
2019-10-22,9.66,9.66,9.57,9.57,370
2019-10-23,9.66,9.57,9.57,9.57,0
2019-10-24,9.66,9.57,9.57,9.57,0
2019-10-25,10.16,10.16,10.16,10.16,300
2019-10-28,10.16,10.16,10.16,10.16,200
2019-10-29,10.16,10.16,10.16,10.16,0
2019-10-30,10.16,10.16,10.16,10.16,1800
2019-10-31,10.16,10.16,10.16,10.16,0
2019-11-01,10.16,10.16,10.16,10.16,0
2019-11-04,10.16,10.16,10.16,10.16,0
2019-11-05,10.16,10.16,10.16,10.16,0
2019-11-06,10.16,10.16,10.16,10.16,0
2019-11-07,10.16,10.16,10.16,10.16,600
2019-11-08,10.16,10.16,10.16,10.16,0
2019-11-11,10.16,10.16,10.16,10.16,0
2019-11-12,10.16,10.16,10.16,10.16,0
2019-11-13,11.6,11.6,10.93,10.93,701
2019-11-14,11.52,11.52,11.52,11.52,500
2019-11-15,13.21,13.21,13.21,13.21,200
2019-11-18,13.21,13.21,13.21,13.21,100
2019-11-19,13.21,13.21,13.21,13.21,0
2019-11-20,13.21,13.21,13.21,13.21,0
2019-11-21,11.27,11.27,11.27,11.27,700
2019-11-22,11.27,11.27,11.27,11.27,0
2019-11-25,10.16,10.16,10.16,10.16,610
2019-11-26,10.16,10.16,10.16,10.16,0
2019-11-27,10.25,10.25,10.25,10.25,740
2019-11-28,10.25,10.25,10.08,10.08,1770
2019-11-29,11.01,11.01,11.01,11.01,2800
2019-12-02,11.01,11.01,11.01,11.01,0
2019-12-03,11.01,11.01,11.01,11.01,300
2019-12-04,11.01,11.01,11.01,11.01,0
2019-12-05,11.01,11.01,11.01,11.01,3000
2019-12-06,11.01,11.01,11.01,11.01,0
2019-12-09,11.01,11.01,11.01,11.01,2900
2019-12-10,9.74,9.74,9.74,9.74,100
2019-12-11,9.74,9.74,9.74,9.74,0
2019-12-12,9.74,9.74,9.74,9.74,0
2019-12-13,9.83,9.83,9.83,9.83,100
2019-12-16,9.83,9.83,9.83,9.83,0
2019-12-17,9.83,9.83,9.83,9.83,0
2019-12-18,9.83,9.83,9.83,9.83,0
2019-12-19,10.16,10.16,10.16,10.16,300
2019-12-20,9.15,9.15,9.15,9.15,100
2019-12-23,9.15,9.15,9.15,9.15,70
2019-12-24,9.15,9.15,9.15,9.15,0
2019-12-25,9.32,9.4,9.32,9.4,400
2019-12-26,9.32,9.4,9.4,9.4,0
2019-12-27,9.32,9.4,9.4,9.4,0
2019-12-30,9.4,9.4,9.4,9.4,100
2019-12-31,10.59,10.76,10.59,10.76,3000
2020-01-02,9.57,12.2,9.57,12.2,200
2020-01-03,10.93,10.93,10.93,12.2,20
2020-01-06,9.91,10.25,9.91,10.25,1000
2020-01-07,10.25,10.25,10.16,10.16,1500
2020-01-08,10.25,10.16,10.16,10.16,0
2020-01-09,10.08,11.77,10.08,11.77,500
2020-01-10,11.01,11.01,11.01,11.77,70
2020-01-13,11.44,11.44,11.44,11.44,100
2020-01-14,11.44,11.44,11.44,11.44,0
2020-01-15,10.59,10.59,10.59,10.59,1000
2020-01-16,10.59,10.59,10.59,10.59,0
2020-01-17,10.59,10.59,10.59,10.59,0
2020-01-20,9.91,9.91,9.91,9.91,370
2020-01-21,9.91,9.91,9.91,9.91,0
2020-01-22,11.35,11.35,11.35,11.35,100
2020-01-30,11.35,11.35,11.35,11.35,0
2020-01-31,11.35,11.35,11.35,11.35,0
2020-02-03,11.35,11.35,11.35,11.35,0
2020-02-04,11.35,11.35,11.35,11.35,0
2020-02-05,11.35,11.35,11.35,11.35,1180
2020-02-06,11.35,11.35,11.35,11.35,0
2020-02-07,11.35,11.35,11.35,11.35,0
2020-02-10,9.83,9.83,9.83,9.83,370
2020-02-11,9.83,9.83,9.83,9.83,0
2020-02-12,9.83,9.83,9.83,9.83,0
2020-02-13,9.83,9.83,9.83,9.83,0
2020-02-14,9.83,9.83,9.83,9.83,0
2020-02-17,9.83,9.83,9.83,9.83,0
2020-02-18,9.83,9.83,9.83,9.83,0
2020-02-19,10.93,10.93,10.93,10.93,300
2020-02-20,10.93,10.93,10.93,10.93,0
2020-02-21,10.93,10.93,10.93,10.93,0
2020-02-24,10.93,10.93,10.93,10.93,0
2020-02-25,10.93,10.93,10.93,10.93,0
2020-02-26,10.93,10.93,10.93,10.93,0
2020-02-27,10.93,10.93,10.93,10.93,0
2020-02-28,10.93,10.93,10.93,10.93,0
2020-03-02,10.93,10.93,10.93,10.93,0
2020-03-03,10.93,10.93,10.93,10.93,0
2020-03-04,10.93,10.93,10.93,10.93,0
2020-03-05,10.93,10.93,10.93,10.93,0
2020-03-06,10.93,10.93,10.93,10.93,0
2020-03-09,9.4,9.4,9.4,9.4,300
2020-03-10,8.05,10.76,8.05,10.76,600
2020-03-11,8.47,10.76,10.76,10.76,0
2020-03-12,7.79,7.96,7.79,7.79,1700
2020-03-13,6.95,8.89,6.95,8.89,700
2020-03-16,8.05,8.89,8.89,8.89,0
2020-03-17,9.23,9.23,9.23,9.23,700
2020-03-18,9.23,9.23,9.23,9.23,0
2020-03-19,9.15,9.32,9.15,9.32,1030
2020-03-20,9.32,9.32,9.32,9.32,0
2020-03-23,8.47,8.47,8.47,8.47,700
2020-03-24,8.47,8.47,8.47,8.47,0
2020-03-25,9.74,9.74,9.74,9.74,200
2020-03-26,9.74,9.74,9.74,9.74,0
2020-03-27,9.74,9.74,9.74,9.74,0
2020-03-30,9.74,9.74,9.74,9.74,0
2020-03-31,8.3,8.47,8.3,8.47,2400
2020-04-01,8.39,8.47,8.47,8.47,0
2020-04-03,8.39,8.47,8.47,8.47,0
2020-04-06,8.39,8.47,8.47,8.47,0
2020-04-07,8.39,8.47,8.47,8.47,0
2020-04-08,8.39,8.47,8.47,8.47,0
2020-04-09,9.4,9.4,9.4,9.4,300
2020-04-10,8.13,8.13,8.13,8.13,440
2020-04-13,9.32,9.32,9.32,9.32,300
2020-04-14,9.32,9.32,9.32,9.32,70
2020-04-15,9.32,9.32,9.32,9.32,0
2020-04-16,9.32,9.32,9.32,9.32,0
2020-04-17,9.23,9.23,9.23,9.23,170
2020-04-20,8.47,8.47,8.47,8.47,500
2020-04-21,8.47,8.47,8.47,8.47,0
2020-04-22,8.47,8.47,8.47,8.47,470
2020-04-23,9.66,9.66,9.66,9.66,170
2020-04-24,9.66,9.66,9.66,9.66,100
2020-04-27,9.66,9.66,9.66,9.66,0
2020-04-28,8.89,8.89,8.89,8.89,200
2020-04-29,8.89,8.89,8.89,8.89,0
2020-05-04,8.47,8.47,8.47,8.47,2000
2020-05-05,8.39,8.47,8.39,8.47,10370
2020-05-06,8.47,8.47,8.47,8.47,0
2020-05-07,8.47,8.47,8.47,8.47,0
2020-05-08,8.89,8.89,8.89,8.89,100
2020-05-11,8.89,8.89,8.89,8.89,2000
2020-05-12,8.89,8.89,8.89,8.89,0
2020-05-13,8.89,8.89,8.89,8.89,600
2020-05-14,8.89,8.89,8.89,8.89,0
2020-05-15,8.89,8.89,8.89,8.89,600
2020-05-18,9.32,9.32,9.32,9.32,870
2020-05-19,9.49,9.49,9.49,9.49,1870
2020-05-20,9.49,9.49,9.49,9.49,0
2020-05-21,9.49,9.49,9.49,9.49,1
2020-05-22,9.49,9.49,9.49,9.49,100
2020-05-25,9.49,9.49,9.49,9.49,300
2020-05-26,9.49,9.49,9.49,9.49,200
2020-05-27,9.49,9.49,9.49,9.49,370
2020-05-28,9.32,9.32,9.32,9.32,300
2020-05-29,9.32,9.32,9.32,9.32,140
2020-06-01,9.32,9.32,9.15,9.15,600
2020-06-02,9.15,9.15,9.15,9.15,0
2020-06-03,9.32,9.32,9.32,9.32,140
2020-06-04,10.67,10.67,10.67,10.67,130
2020-06-05,10.67,11.01,9.74,9.74,1700
2020-06-08,9.74,11.35,9.32,9.32,700
2020-06-09,10.16,10.16,10.16,10.16,100
2020-06-10,10.16,10.16,10.16,10.16,0
2020-06-11,9.32,9.74,9.32,9.74,400
2020-06-12,9.57,9.57,9.57,9.57,100
2020-06-15,9.57,9.57,9.57,9.57,0
2020-06-16,8.72,8.72,8.56,8.56,370
2020-06-17,8.64,8.56,8.56,8.56,0
2020-06-18,8.72,8.72,8.64,8.64,370
2020-06-19,8.72,9.49,8.72,9.49,470
2020-06-22,9.49,9.49,9.49,9.49,100
2020-06-23,9.49,9.49,9.49,9.49,100
2020-06-24,9.49,9.49,9.49,9.49,0
2020-06-25,9.49,9.49,9.49,9.49,0
2020-06-26,9.32,9.32,9.06,9.06,570
2020-06-29,9.15,9.06,9.06,9.06,0
2020-06-30,9.15,9.06,9.06,9.06,0
2020-07-01,9.15,9.06,9.06,9.06,0
2020-07-02,9.32,9.32,8.98,8.98,470
2020-07-03,9.06,8.98,8.98,8.98,0
2020-07-06,8.56,8.56,8.47,8.47,400
2020-07-07,8.98,8.98,8.98,8.98,300
2020-07-08,9.32,9.32,9.32,9.32,170
2020-07-09,8.98,8.98,8.98,8.98,100
2020-07-10,8.98,8.98,8.98,8.98,0
2020-07-13,8.98,8.98,8.98,8.98,0
2020-07-14,8.89,8.89,8.89,8.89,300
2020-07-15,8.89,8.89,8.89,8.89,0
2020-07-16,8.89,8.89,8.89,8.89,0
2020-07-17,9.15,9.15,9.15,9.15,300
2020-07-20,8.72,8.72,8.56,8.56,370
2020-07-21,8.64,8.56,8.56,8.56,0
2020-07-22,8.64,8.56,8.56,8.56,0
2020-07-23,8.81,8.81,8.81,8.81,1000
2020-07-24,8.81,8.81,8.81,8.81,0
2020-07-27,8.81,8.81,8.81,8.81,400
2020-07-28,8.81,8.89,8.81,8.89,1200
2020-07-29,8.81,8.89,8.89,8.89,0
2020-07-30,8.81,8.81,8.81,8.89,10
2020-07-31,8.81,8.81,8.81,8.89,60
2020-08-03,8.81,8.89,8.89,8.89,0
2020-08-04,8.81,8.89,8.89,8.89,0
2020-08-05,8.81,9.32,8.81,9.32,770
2020-08-06,9.15,9.32,9.32,9.32,0
2020-08-07,9.15,9.32,9.32,9.32,0
2020-08-10,9.15,9.15,9.15,9.15,100
2020-08-11,9.15,9.15,9.15,9.15,0
2020-08-12,9.15,9.15,9.15,9.15,0
2020-08-13,9.32,9.32,9.32,9.32,100
2020-08-14,9.32,9.32,9.15,9.15,640
2020-08-17,9.23,9.15,9.15,9.15,0
2020-08-18,9.23,9.15,9.15,9.15,0
2020-08-19,9.32,9.32,9.32,9.32,1100
2020-08-20,9.32,9.32,9.32,9.32,400
2020-08-21,9.32,9.4,9.32,9.4,1900
2020-08-24,9.32,9.32,9.32,9.4,99
2020-08-25,9.32,9.32,9.32,9.32,100
2020-08-26,9.15,9.15,9.15,9.15,371
2020-08-27,9.15,9.15,9.15,9.15,120
2020-08-28,9.15,9.15,9.15,9.15,0
2020-08-31,9.15,9.15,9.15,9.15,100
2020-09-01,8.89,8.89,8.89,8.89,100
2020-09-03,9.06,9.06,8.89,8.89,370
2020-09-04,8.56,8.56,8.56,8.56,370
2020-09-07,8.56,8.56,8.56,8.56,135
2020-09-08,8.56,8.56,8.56,8.56,0
2020-09-09,8.89,8.89,8.89,8.89,400
2020-09-10,8.89,9.15,8.89,9.15,200
2020-09-11,9.06,9.06,9.06,9.15,5
2020-09-14,9.23,9.23,8.89,8.89,2075
2020-09-15,8.89,8.89,8.89,8.89,0
2020-09-16,8.89,8.89,8.89,8.89,50
2020-09-17,8.89,8.89,8.89,8.89,0
2020-09-18,8.89,8.89,8.89,8.89,0
2020-09-21,9.15,9.15,9.15,9.15,100
2020-09-22,9.15,9.15,9.15,9.15,0
2020-09-23,9.15,9.15,9.15,9.15,0
2020-09-24,9.15,9.15,9.15,9.15,0
2020-09-25,9.15,9.15,9.15,9.15,0
2020-09-28,9.15,9.15,9.15,9.15,0
2020-09-29,9.15,9.15,9.15,9.15,0
2020-09-30,8.89,8.89,8.89,8.89,300
2020-10-01,8.89,8.89,8.89,8.89,0
2020-10-02,8.89,8.89,8.89,8.89,0
2020-10-05,8.89,8.89,8.89,8.89,0
2020-10-06,9.32,9.32,9.32,9.32,2400
2020-10-07,9.91,9.91,9.91,9.91,3600
2020-10-08,9.91,9.91,9.91,9.91,0
2020-10-09,9.91,9.91,9.91,9.91,0
2020-10-12,9.32,9.32,9.32,9.32,100
2020-10-13,9.32,9.32,9.32,9.32,0
2020-10-14,9.32,9.32,9.32,9.32,700
2020-10-15,9.32,9.32,9.32,9.32,300
2020-10-16,9.32,9.32,9.32,9.32,0
2020-10-19,9.32,9.32,9.32,9.32,0
2020-10-20,9.32,9.32,9.32,9.32,100
2020-10-21,9.32,9.32,9.32,9.32,0
2020-10-22,9.32,9.32,9.32,9.32,0
2020-10-23,9.32,9.32,9.32,9.32,0
2020-10-26,9.32,9.32,9.32,9.32,300
2020-10-27,9.32,9.32,9.32,9.32,0
2020-10-28,9.32,9.32,9.32,9.32,0
2020-10-29,9.32,9.32,9.32,9.32,0
2020-10-30,9.32,9.32,9.32,9.32,0
2020-11-02,9.32,9.32,9.32,9.32,0
2020-11-03,9.74,9.74,9.74,9.74,3500
2020-11-04,9.74,9.74,9.74,9.74,0
2020-11-05,9.74,9.74,9.74,9.74,0
2020-11-06,9.74,9.74,9.74,9.74,0
2020-11-09,9.74,9.74,9.74,9.74,0
2020-11-10,8.89,8.89,8.47,8.47,300
2020-11-11,8.64,8.47,8.47,8.47,0
2020-11-12,9.15,9.15,9.15,9.15,100
2020-11-13,9.15,9.32,9.15,9.32,300
2020-11-16,9.23,9.32,9.32,9.32,0
2020-11-17,9.23,9.32,9.32,9.32,0
2020-11-18,9.32,9.32,9.32,9.32,600
2020-11-19,9.32,9.32,9.32,9.32,0
2020-11-20,9.32,9.32,9.32,9.32,0
2020-11-23,9.32,9.32,9.32,9.32,0
2020-11-24,9.32,9.32,9.32,9.32,0
2020-11-25,9.32,9.32,9.32,9.32,0
2020-11-26,9.32,9.32,9.32,9.32,0
2020-11-27,9.32,9.32,9.32,9.32,0
2020-11-30,9.32,9.32,9.32,9.32,0
2020-12-01,9.32,9.32,9.32,9.32,0
2020-12-02,9.32,9.32,9.32,9.32,0
2020-12-03,9.32,9.32,9.32,9.32,0
2020-12-04,9.32,9.32,9.32,9.32,0
2020-12-07,9.32,9.32,9.32,9.32,0
2020-12-08,9.32,9.32,9.32,9.32,0
2020-12-09,9.32,9.49,9.32,9.49,900
2020-12-10,9.4,9.49,9.49,9.49,0
2020-12-11,9.32,9.32,9.32,9.32,440
2020-12-14,9.49,9.49,9.49,9.49,400
2020-12-15,9.4,9.4,9.32,9.32,370
2020-12-16,9.32,10.67,9.32,10.67,970
2020-12-17,10.5,10.67,10.67,10.67,0
2020-12-18,10.16,10.16,10.16,10.16,690
2020-12-21,10.16,10.33,10.16,10.33,935
2020-12-22,10.16,10.25,10.16,10.25,300
2020-12-23,9.32,9.32,8.98,8.98,711
2020-12-24,10.25,10.25,10.25,10.25,10400
2020-12-25,10.25,10.25,10.25,10.25,0
2020-12-28,10.25,10.25,9.32,9.4,3900
2020-12-29,9.49,9.49,8.98,8.98,1070
2020-12-30,9.4,9.4,9.32,9.32,380
2020-12-31,9.49,9.49,9.4,9.4,1330
2021-01-04,9.32,9.4,9.32,9.4,570
2021-01-05,9.4,9.4,9.4,9.4,1000
2021-01-06,9.4,9.4,9.4,9.4,0
2021-01-07,9.74,9.74,9.74,9.74,1600
2021-01-08,9.74,9.74,9.74,9.74,0
2021-01-11,10.16,11.1,10.16,11.1,4800
2021-01-12,11.01,11.44,11.01,11.44,1500
2021-01-13,12.71,12.71,12.71,12.71,5380
2021-01-14,11.44,11.44,11.44,11.44,370
2021-01-15,11.35,11.44,11.18,11.44,670
2021-01-18,11.6,11.6,11.6,11.6,660
2021-01-19,11.6,11.6,11.44,11.44,1200
2021-01-20,11.44,11.44,11.44,11.44,1000
2021-01-21,11.44,11.44,11.44,11.44,500
2021-01-22,11.44,11.44,11.44,11.44,2860
2021-01-25,11.44,11.44,11.44,11.44,2000
2021-01-26,11.52,11.52,11.44,11.44,3700
2021-01-27,11.44,11.44,11.44,11.44,0
2021-01-28,11.44,11.44,11.44,11.44,0
2021-01-29,11.44,11.44,11.44,11.44,0
2021-02-01,11.01,11.01,11.01,11.01,1200
2021-02-02,11.01,11.01,11.01,11.01,100
2021-02-03,11.01,11.01,11.01,11.01,2170
2021-02-04,11.01,11.01,11.01,11.01,500
2021-02-05,11.01,11.01,11.01,11.01,800
2021-02-08,10.84,10.84,10.84,10.84,370
2021-02-09,10.84,10.84,10.84,10.84,170
2021-02-17,11.01,11.01,11.01,11.01,2200
2021-02-18,11.01,11.01,11.01,11.01,200
2021-02-19,11.01,11.01,11.01,11.01,4500
2021-02-22,11.01,11.01,11.01,11.01,0
2021-02-23,11.01,11.01,11.01,11.01,100
2021-02-24,11.01,11.01,11.01,11.01,0
2021-02-25,11.01,11.01,11.01,11.01,0
2021-02-26,11.01,11.01,11.01,11.01,830
2021-03-01,11.01,11.01,11.01,11.01,0
2021-03-02,11.01,11.01,11.01,11.01,0
2021-03-03,10.16,10.16,10.16,10.16,375
2021-03-04,10.25,10.25,10.25,10.25,300
2021-03-05,10.25,11.01,10.25,11.01,1080
2021-03-08,10.76,10.76,10.25,10.76,1310
2021-03-09,11.01,11.01,11.01,11.01,310
2021-03-10,11.01,11.01,10.59,10.59,570
2021-03-11,11.01,11.01,11.01,11.01,600
2021-03-12,11.01,11.01,11.01,11.01,4
2021-03-15,11.01,11.01,10.59,10.59,670
2021-03-16,10.59,10.59,10.59,10.59,370
2021-03-17,10.59,10.59,10.59,10.59,0
2021-03-18,11.01,11.01,11.01,11.01,600
2021-03-19,11.01,11.01,11.01,11.01,30
2021-03-22,11.01,11.01,11.01,11.01,500
2021-03-23,11.01,11.01,10.84,10.84,440
2021-03-24,10.93,10.84,10.84,10.84,0
2021-03-25,10.93,10.84,10.84,10.84,0
2021-03-26,11.01,11.01,11.01,11.01,170
2021-03-29,11.01,11.01,11.01,11.01,600
2021-03-30,11.01,11.01,11.01,11.01,0
2021-03-31,11.01,11.01,11.01,11.01,0
2021-04-01,11.01,11.01,11.01,11.01,100
2021-04-02,11.01,11.01,11.01,11.01,40
2021-04-05,11.01,11.44,11.01,11.44,900
2021-04-06,11.1,11.44,11.44,11.44,0
2021-04-07,11.1,11.1,11.1,11.1,500
2021-04-08,10.59,10.59,10.59,10.59,300
2021-04-09,10.67,10.67,10.67,10.67,100
2021-04-12,10.67,10.67,10.0,10.0,10550
2021-04-13,10.84,10.84,10.84,10.84,4500
2021-04-14,10.59,10.93,10.59,10.93,11700
2021-04-15,10.84,10.84,10.84,10.84,10788
2021-04-16,10.84,10.84,10.5,10.5,6670
2021-04-19,10.5,10.5,10.5,10.5,300
2021-04-20,10.5,10.5,10.5,10.5,0
2021-04-22,10.5,10.59,10.25,10.59,3570
2021-04-23,9.57,10.67,9.57,10.5,20600
2021-04-26,10.16,10.16,10.08,10.08,840
2021-04-27,10.5,10.5,10.42,10.5,7100
2021-04-28,10.5,10.67,10.5,10.59,5700
2021-04-29,10.59,10.59,10.42,10.42,41700
2021-05-04,10.16,10.5,10.16,10.5,10700
2021-05-05,10.16,10.25,10.16,10.25,19417
2021-05-06,10.33,10.33,10.08,10.16,50800
2021-05-07,10.16,10.16,10.16,10.16,100
2021-05-10,10.16,10.16,9.83,9.83,590
2021-05-11,10.0,10.0,10.0,10.0,12567
2021-05-12,10.0,10.0,10.0,10.0,20100
2021-05-13,9.4,10.0,9.4,10.0,20500
2021-05-14,10.16,10.84,9.74,10.33,900
2021-05-17,10.84,11.35,10.84,11.01,3201
2021-05-18,11.01,11.01,10.16,10.42,12138
2021-05-19,10.42,10.42,10.42,10.42,115000
2021-05-20,10.42,10.42,10.42,10.42,0
2021-05-21,10.42,10.42,10.0,10.0,1169
2021-05-24,10.16,10.16,10.16,10.16,3000
2021-05-25,10.59,10.59,10.59,10.59,1740
2021-05-26,10.59,10.59,10.59,10.59,70
2021-05-27,10.59,10.59,10.59,10.59,140
2021-05-28,10.59,10.59,10.59,10.59,4019
2021-05-31,10.59,11.01,10.59,10.59,4900
2021-06-01,10.25,10.25,10.25,10.25,100
2021-06-02,10.25,10.25,10.25,10.25,0
2021-06-03,10.25,10.25,10.25,10.25,900
2021-06-04,10.25,10.25,10.0,10.0,17080
2021-06-07,10.25,10.25,10.25,10.25,100
2021-06-08,10.25,10.25,10.25,10.25,0
2021-06-09,10.25,10.25,10.25,10.25,200
2021-06-10,10.25,10.25,10.25,10.25,0
2021-06-11,10.25,10.25,10.16,10.16,800
2021-06-14,10.16,10.16,10.16,10.16,188
2021-06-15,10.16,10.16,10.16,10.16,1
2021-06-16,10.16,10.16,10.16,10.16,0
2021-06-17,10.16,10.16,10.16,10.16,0
2021-06-18,10.0,10.33,10.0,10.33,8102
2021-06-21,10.25,10.25,10.16,10.16,2870
2021-06-22,10.16,10.16,10.16,10.16,2023
2021-06-23,10.0,10.25,10.0,10.16,25130
2021-06-24,10.16,10.16,10.0,10.16,38100
2021-06-25,10.16,10.16,10.16,10.16,50910
2021-06-28,10.16,10.25,10.16,10.25,9100
2021-06-29,10.16,10.16,10.16,10.25,10
2021-06-30,10.16,10.25,10.25,10.25,0
2021-07-01,10.25,10.25,10.25,10.25,7520
2021-07-02,10.25,10.25,10.25,10.25,0
2021-07-05,10.33,10.33,10.25,10.25,5300
2021-07-06,10.33,10.33,10.33,10.33,2100
2021-07-07,10.25,10.33,10.25,10.33,8010
2021-07-08,10.25,10.25,10.25,10.25,9006
2021-07-09,10.25,10.25,10.25,10.25,2000
2021-07-12,10.25,10.25,10.25,10.25,0
2021-07-13,10.25,10.25,10.16,10.16,19600
2021-07-14,10.25,10.25,9.91,9.91,5370
2021-07-15,9.32,10.25,9.32,10.25,10370
2021-07-16,11.77,11.77,10.25,10.25,4100
2021-07-19,10.33,10.25,10.25,10.25,0
2021-07-20,10.25,10.25,10.16,10.16,2000
2021-07-21,10.08,10.08,10.08,10.08,300
2021-07-22,10.16,10.16,10.16,10.16,2500
2021-07-23,10.16,10.16,10.16,10.16,10300
2021-07-26,10.16,10.16,10.16,10.16,10
2021-07-27,10.16,10.16,10.16,10.16,0
2021-07-28,10.16,10.16,10.16,10.16,0
2021-07-29,10.16,10.16,10.16,10.16,500
2021-07-30,10.16,10.16,10.08,10.16,20900
2021-08-02,10.08,10.08,10.08,10.08,0
2021-08-03,9.74,9.74,9.74,9.74,370
2021-08-04,9.74,9.74,9.74,9.74,0
2021-08-05,9.74,9.74,9.74,9.74,1000
2021-08-06,10.0,10.16,10.0,10.16,4970
2021-08-09,10.16,10.16,10.08,10.08,4501
2021-08-10,9.66,10.16,9.66,10.16,10300
2021-08-11,10.16,10.16,9.66,10.0,13200
2021-08-12,10.16,10.16,10.08,10.08,11750
2021-08-13,10.16,10.08,10.08,10.08,0
2021-08-16,10.16,10.16,10.16,10.16,1020
2021-08-17,10.16,10.16,10.0,10.0,1200
2021-08-18,10.16,10.16,10.16,10.16,11000
2021-08-19,10.16,10.16,10.16,10.16,10500
2021-08-20,10.16,10.16,10.16,10.16,0
2021-08-23,10.0,10.0,10.0,10.0,1000
2021-08-24,10.0,10.0,10.0,10.0,2170
2021-08-25,10.0,10.0,10.0,10.0,50
2021-08-26,10.16,10.16,10.16,10.16,110
2021-08-27,10.16,10.16,10.16,10.16,70
2021-08-30,10.08,10.08,10.08,10.08,3000
2021-08-31,10.08,10.08,10.08,10.08,0
2021-09-01,10.0,10.16,10.0,10.16,11900
2021-09-06,10.0,10.0,9.83,10.0,3100
2021-09-07,10.08,10.16,10.08,10.16,13700
2021-09-08,10.16,10.16,10.16,10.16,10300
2021-09-09,10.16,10.16,10.16,10.16,11200
2021-09-10,10.16,10.16,10.16,10.16,14820
2021-09-13,10.16,10.16,10.16,10.16,10000
2021-09-14,10.16,10.25,10.16,10.16,33200
2021-09-15,10.25,11.69,10.25,11.01,52000
2021-09-16,11.69,11.69,10.84,11.01,8733
2021-09-17,10.93,10.93,10.93,10.93,100
2021-09-20,10.93,10.93,10.93,10.93,0
2021-09-21,10.16,10.93,9.74,10.16,19203
2021-09-22,10.84,10.84,10.84,10.84,100
2021-09-23,10.76,10.84,10.76,10.84,900
2021-09-24,10.42,10.84,10.42,10.84,3000
2021-09-27,10.33,10.76,10.33,10.76,3500
2021-09-28,10.67,10.67,10.67,10.67,0
2021-09-29,10.67,10.67,10.67,10.67,0
2021-09-30,10.16,10.16,10.16,10.16,3900
2021-10-01,10.16,10.16,10.16,10.16,13770
2021-10-04,10.16,10.93,10.16,10.67,44000
2021-10-05,10.67,10.67,10.5,10.59,4300
2021-10-06,10.42,10.59,10.42,10.59,1223
2021-10-07,10.42,10.42,10.16,10.42,21500
2021-10-08,10.16,10.16,10.16,10.16,42670
2021-10-11,10.16,11.1,10.16,10.16,16600
2021-10-12,10.08,10.08,10.08,10.08,1700
2021-10-13,10.16,10.16,10.16,10.16,16882
2021-10-14,10.16,10.16,10.16,10.16,13200
2021-10-15,10.16,10.16,9.91,10.16,19200
2021-10-18,10.16,10.33,10.16,10.16,14875
2021-10-19,10.25,10.93,10.25,10.76,130400
2021-10-20,10.5,10.84,10.5,10.84,76920
2021-10-21,10.67,10.93,10.67,10.93,26960
2021-10-22,10.84,10.84,10.84,10.84,67700
2021-10-25,11.01,11.27,10.84,11.01,37800
2021-10-26,11.18,11.18,10.84,11.01,5427
2021-10-27,10.93,10.93,10.67,10.84,12405
2021-10-28,10.76,11.01,10.67,11.01,27550
2021-10-29,10.84,11.1,10.76,11.1,59500
2021-11-01,11.01,11.27,11.01,11.27,32320
2021-11-02,11.18,11.44,11.01,11.44,86900
2021-11-03,11.18,11.52,11.18,11.18,34948
2021-11-04,11.35,11.35,11.27,11.27,400
2021-11-05,11.18,11.27,10.84,11.18,49300
2021-11-08,10.93,11.1,10.93,10.93,19170
2021-11-09,10.93,10.93,10.84,10.93,23870
2021-11-10,10.93,11.27,10.84,11.18,54600
2021-11-11,11.01,11.6,11.01,11.44,171670
2021-11-12,11.77,12.11,11.27,11.86,186300
2021-11-15,11.86,12.37,11.6,12.28,94771
2021-11-16,11.94,12.37,11.94,12.11,113000
2021-11-17,12.11,12.11,11.94,12.03,44800
2021-11-18,12.03,12.2,11.94,12.03,95800
2021-11-19,12.03,12.03,11.6,11.77,32270
2021-11-22,11.69,11.69,11.27,11.35,19600
2021-11-23,11.01,11.27,10.93,11.27,70000
2021-11-24,11.18,11.52,11.18,11.35,22507
2021-11-25,11.44,11.44,11.18,11.18,45070
2021-11-26,11.1,11.35,11.1,11.35,33928
2021-11-29,11.44,11.44,11.27,11.35,28770
2021-11-30,10.93,11.18,10.93,11.18,31800
2021-12-01,11.18,11.35,11.18,11.27,8200
2021-12-02,11.18,12.03,11.18,11.52,91000
2021-12-03,11.77,12.03,11.27,11.27,15110
2021-12-06,11.44,11.69,11.35,11.44,23200
2021-12-07,11.6,11.69,11.44,11.69,28400
2021-12-08,11.6,11.69,11.6,11.6,24300
2021-12-09,11.6,12.03,11.6,12.03,39999
2021-12-10,12.11,12.71,11.94,11.94,10130
2021-12-13,12.28,12.28,11.44,12.03,1601
2021-12-14,11.69,12.03,11.69,11.69,15033
2021-12-15,11.6,12.03,11.6,11.86,88000
2021-12-16,11.69,11.69,11.69,11.69,5300
2021-12-17,11.69,11.86,11.6,11.77,28040
2021-12-20,11.6,12.28,11.6,12.03,118200
2021-12-21,12.03,12.03,12.03,12.03,0
2021-12-22,11.69,12.11,11.69,11.86,10600
2021-12-23,11.69,11.94,11.69,11.69,49400
2021-12-24,11.69,11.94,11.69,11.94,20900
2021-12-27,11.69,11.77,11.69,11.69,13213
2021-12-28,11.69,12.03,11.69,12.03,2910
2021-12-29,11.69,12.11,11.69,11.86,4500
2021-12-30,11.77,11.77,11.77,11.77,700
2021-12-31,11.77,11.94,11.77,11.86,13770
2022-01-04,11.86,11.86,11.69,11.69,58171
2022-01-05,11.69,11.94,11.69,11.77,15300
2022-01-06,11.69,11.86,11.69,11.77,11943
2022-01-07,11.86,12.03,11.69,11.69,70170
2022-01-10,11.77,11.86,11.77,11.77,9714
2022-01-11,11.77,11.86,11.52,11.52,88756
2022-01-12,11.69,11.77,11.6,11.6,18000
2022-01-13,11.6,11.6,11.52,11.52,10800
2022-01-14,11.44,11.52,11.44,11.44,5240
2022-01-17,11.44,11.44,11.27,11.44,38970
2022-01-18,11.35,11.6,11.35,11.44,26100
2022-01-19,11.35,11.44,11.27,11.27,15900
2022-01-20,11.27,11.6,11.18,11.6,16130
2022-01-21,11.44,11.52,11.44,11.52,1770
2022-01-24,10.25,11.69,10.25,11.69,20570
2022-01-25,11.18,11.27,11.01,11.01,9470
2022-01-26,11.6,11.77,11.44,11.44,8700
2022-01-27,11.27,11.27,11.01,11.01,5100
2022-01-28,11.01,11.01,11.01,11.01,0
2022-02-07,11.77,11.77,11.27,11.27,19700
2022-02-08,11.27,11.27,11.18,11.27,36270
2022-02-09,11.27,11.52,11.27,11.44,59110
2022-02-10,11.44,11.6,11.35,11.6,35900
2022-02-11,11.35,11.44,11.35,11.44,41450
2022-02-14,11.35,11.44,11.18,11.18,17600
2022-02-15,11.1,11.69,11.1,11.69,76700
2022-02-16,11.52,11.52,11.27,11.27,1900
2022-02-17,11.6,11.6,11.35,11.52,17900
2022-02-18,11.52,11.6,11.18,11.27,72220
2022-02-21,11.69,11.69,11.69,11.69,2660
2022-02-22,11.27,11.27,11.27,11.27,19800
2022-02-23,11.27,11.44,11.27,11.35,6840
2022-02-24,11.35,11.35,11.27,11.27,50400
2022-02-25,11.27,11.44,11.27,11.35,14330
2022-02-28,11.35,11.44,11.35,11.35,4500
2022-03-01,11.35,11.44,11.35,11.35,4000
2022-03-02,11.44,11.6,11.35,11.52,18405
2022-03-03,11.44,11.6,11.44,11.52,7943
2022-03-04,11.77,12.03,11.52,11.52,6200
2022-03-07,11.52,11.6,11.52,11.52,17000
2022-03-08,11.52,11.69,11.52,11.6,8070
2022-03-09,11.6,11.77,11.52,11.69,46517
2022-03-10,11.69,12.28,11.69,12.11,61653
2022-03-11,12.45,12.45,11.94,12.03,12825
2022-03-14,12.03,12.03,11.77,12.03,17966
2022-03-15,11.69,12.11,11.69,12.11,8785
2022-03-16,11.69,11.69,11.69,11.69,4000
2022-03-17,11.69,11.86,11.69,11.86,300
2022-03-18,11.77,11.86,11.52,11.69,5610
2022-03-21,11.69,11.94,11.52,11.86,66900
2022-03-22,11.86,11.86,11.6,11.6,31205
2022-03-23,12.37,12.54,11.86,11.86,3731
2022-03-24,11.69,12.03,11.69,11.69,7240
2022-03-25,12.03,12.03,11.94,11.94,16630
2022-03-28,11.86,12.03,11.86,11.86,13690
2022-03-29,11.94,12.2,11.94,12.2,49230
2022-03-30,12.2,12.62,12.2,12.62,40199
2022-03-31,12.71,12.96,12.62,12.79,31078
2022-04-01,12.87,12.96,12.87,12.87,10800
2022-04-04,12.87,12.96,11.6,12.28,2050
2022-04-05,12.11,12.28,12.11,12.2,610
2022-04-06,12.96,13.13,12.87,12.87,10000
2022-04-07,13.13,13.38,13.13,13.3,7800
2022-04-08,13.3,13.38,13.13,13.13,10300
2022-04-12,13.3,13.3,13.13,13.21,29600
2022-04-13,13.21,13.21,13.13,13.13,22817
2022-04-14,13.21,13.21,13.13,13.13,8821
2022-04-15,13.21,13.3,13.21,13.3,2981
2022-04-18,13.3,13.3,13.3,13.3,0
2022-04-19,13.3,13.3,13.3,13.3,24
2022-04-20,13.13,13.13,12.96,13.13,18100
2022-04-21,13.04,13.38,13.04,13.04,26800
2022-04-22,13.04,13.3,13.04,13.13,23500
2022-04-25,13.13,13.13,11.18,11.18,11700
2022-04-26,12.71,12.96,12.54,12.96,5800
2022-04-27,13.55,13.55,12.87,12.87,3800
2022-04-28,13.13,13.47,13.13,13.47,2300
2022-04-29,13.13,13.13,13.13,13.13,8800
2022-05-04,12.71,13.38,12.28,13.38,1100
2022-05-05,13.13,13.3,13.13,13.21,7100
2022-05-06,12.79,13.13,12.79,13.13,524
2022-05-09,12.71,13.38,12.54,13.38,23200
2022-05-10,12.71,12.87,12.71,12.87,1270
2022-05-11,13.3,13.3,13.04,13.3,2100
2022-05-12,12.54,13.13,12.54,12.71,39800
2022-05-13,12.96,12.96,12.96,12.96,0
2022-05-16,12.87,12.96,12.87,12.96,1570
2022-05-17,12.54,12.54,11.44,11.44,1000
2022-05-18,11.94,11.94,11.94,11.94,200
2022-05-19,11.94,11.94,11.94,11.94,0
2022-05-20,12.87,13.04,12.71,13.04,3200
2022-05-23,12.87,12.87,12.87,12.87,1100
2022-05-24,11.94,11.94,11.94,11.94,370
2022-05-25,12.03,12.03,12.03,12.03,100
2022-05-26,12.96,12.96,12.96,12.96,800
2022-05-27,12.96,13.04,12.96,13.04,21500
2022-05-30,12.62,13.38,12.62,13.38,19400
2022-05-31,12.71,12.71,12.71,12.71,0
2022-06-01,12.71,12.71,12.71,12.71,0
2022-06-02,12.45,12.45,12.45,12.45,200
2022-06-03,12.45,12.45,12.45,12.45,0
2022-06-06,12.45,12.45,12.45,12.45,300
2022-06-07,12.45,12.54,12.45,12.45,8715
2022-06-08,12.71,13.04,12.71,12.79,5200
2022-06-09,13.47,13.47,13.13,13.13,700
2022-06-10,13.21,14.15,13.21,13.38,22200
2022-06-13,13.38,13.38,13.13,13.13,6400
2022-06-14,12.87,13.13,12.87,13.04,5300
2022-06-15,12.87,12.87,12.87,12.87,2000
2022-06-16,12.45,12.45,12.45,12.45,200
2022-06-17,12.45,13.38,12.45,13.38,21700
2022-06-20,12.96,12.96,12.96,12.96,2000
2022-06-21,13.38,13.55,12.96,13.13,13600
2022-06-22,13.04,13.04,12.54,12.71,4500
2022-06-23,13.13,13.13,13.13,13.13,2000
2022-06-24,13.13,13.47,12.96,13.13,30270
2022-06-27,13.47,13.72,13.13,13.72,6300
2022-06-28,13.72,13.72,13.72,13.72,151
2022-06-29,13.72,13.72,13.72,13.72,0
2022-06-30,13.3,13.3,13.3,13.3,100
2022-07-01,13.3,13.3,13.13,13.3,3100
2022-07-04,13.21,13.21,13.21,13.21,0
2022-07-05,13.3,13.3,13.3,13.3,400
2022-07-06,13.55,13.55,13.55,13.55,120
2022-07-07,13.55,13.55,13.55,13.55,300
2022-07-08,13.72,13.98,13.55,13.98,800
2022-07-11,13.98,14.15,13.98,14.15,1100
2022-07-12,14.15,14.15,14.15,14.15,200
2022-07-13,14.23,14.23,13.64,14.15,4683
2022-07-14,14.4,14.4,14.15,14.15,1309
2022-07-15,12.71,12.71,12.71,12.71,200
2022-07-18,14.4,14.57,14.4,14.4,21400
2022-07-19,15.59,15.59,15.59,15.59,12100
2022-07-20,16.09,16.09,16.09,16.09,24400
2022-07-21,15.75,16.09,15.25,16.09,6000
2022-07-22,14.06,14.82,14.06,14.48,2500
2022-07-25,14.23,14.23,14.23,14.23,500
2022-07-26,14.23,14.23,14.23,14.23,0
2022-07-27,14.91,14.91,14.91,14.91,300
2022-07-28,15.08,16.26,15.08,16.26,300
2022-07-29,16.01,16.09,16.01,16.09,13700
2022-08-01,16.09,16.09,16.09,16.09,6200
2022-08-02,16.09,16.09,16.09,16.09,5364
2022-08-03,15.59,15.59,15.59,15.59,100
2022-08-04,15.84,15.84,15.84,15.84,3070
2022-08-05,15.33,15.33,15.33,15.33,106
2022-08-08,15.67,16.94,15.59,16.09,10570
2022-08-09,16.26,16.26,16.26,16.26,0
2022-08-10,16.26,16.26,16.26,16.26,0
2022-08-11,15.84,15.84,15.84,15.84,1300
2022-08-12,16.52,16.94,16.52,16.94,61500
2022-08-15,14.99,14.99,14.99,14.99,200
2022-08-16,15.67,15.67,15.67,15.67,1310
2022-08-17,15.67,15.67,15.67,15.67,100
2022-08-18,15.33,16.09,15.33,15.92,7800
2022-08-19,15.59,15.59,15.59,15.59,1000
2022-08-22,15.67,15.67,15.67,15.67,400
2022-08-23,15.25,15.25,15.25,15.25,2000
2022-08-24,15.67,15.92,15.67,15.92,3000
2022-08-25,15.84,15.92,15.84,15.92,2430
2022-08-26,15.84,15.84,15.84,15.84,500
2022-08-29,15.25,15.92,15.25,15.92,9300
2022-08-30,15.75,15.75,15.75,15.75,300
2022-08-31,16.09,16.09,16.09,16.09,5664
2022-09-05,15.5,16.6,15.42,16.6,670
2022-09-06,15.67,15.84,15.67,15.84,1600
2022-09-07,15.67,16.52,15.59,16.52,500
2022-09-08,16.09,16.09,16.01,16.01,3100
2022-09-09,16.52,16.6,16.01,16.52,5700
2022-09-12,15.92,16.94,15.92,16.01,5300
2022-09-13,15.92,16.01,15.92,16.01,4338
2022-09-14,16.01,16.09,16.01,16.09,7747
2022-09-15,16.09,16.09,16.09,16.09,100
2022-09-16,16.09,16.35,16.09,16.35,16530
2022-09-19,16.09,16.09,16.09,16.09,1500
2022-09-20,16.09,16.52,16.09,16.52,6600
2022-09-21,16.52,16.52,16.52,16.52,6100
2022-09-22,16.52,16.52,16.52,16.52,4000
2022-09-23,16.52,16.52,16.52,16.52,10400
2022-09-26,16.09,16.09,16.09,16.09,153
2022-09-27,16.52,16.52,16.52,16.52,25800
2022-09-28,16.52,16.52,16.52,16.52,1000
2022-09-29,16.52,17.79,16.52,17.79,800
2022-09-30,16.77,16.94,16.18,16.77,18600
2022-10-03,16.6,16.6,16.6,16.6,6900
2022-10-04,16.6,16.77,16.6,16.77,23201
2022-10-05,16.94,16.94,16.18,16.52,3000
2022-10-06,14.82,16.94,14.82,16.52,11800
2022-10-07,16.35,16.69,16.35,16.52,8540
2022-10-10,16.86,16.86,16.18,16.52,1340
2022-10-11,16.77,16.77,16.77,16.77,400
2022-10-12,16.77,16.77,16.77,16.77,0
2022-10-13,16.35,16.35,16.35,16.35,500
2022-10-14,16.26,16.26,16.09,16.09,1500
2022-10-17,14.74,14.74,14.74,14.74,139
2022-10-18,15.5,15.5,15.42,15.42,370
2022-10-19,13.55,16.43,13.38,15.42,770
2022-10-20,14.31,17.11,14.31,16.52,35400
2022-10-21,16.18,16.35,16.09,16.09,5470
2022-10-24,16.09,16.09,15.75,15.75,5600
2022-10-25,16.94,16.94,15.25,15.25,4100
2022-10-26,15.33,15.33,15.25,15.25,4600
2022-10-27,15.33,15.33,15.33,15.33,33
2022-10-28,16.09,16.09,16.09,16.09,677
2022-10-31,15.42,15.42,15.42,15.42,1097
2022-11-01,15.33,16.01,15.25,16.01,4343
2022-11-02,15.33,15.42,15.33,15.42,41980
2022-11-03,15.92,16.52,15.92,16.43,10707
2022-11-04,15.5,16.26,15.42,16.18,1163
2022-11-07,14.99,14.99,14.91,14.91,2800
2022-11-08,14.57,14.57,14.48,14.48,500
2022-11-09,14.48,14.48,14.48,14.48,0
2022-11-10,14.23,14.23,14.23,14.23,2770
2022-11-11,14.23,14.23,14.23,14.23,2
2022-11-14,14.23,14.23,14.23,14.23,68
2022-11-15,15.59,15.59,15.59,15.59,1500
2022-11-16,15.59,15.59,15.59,15.59,0
2022-11-17,15.5,15.84,15.5,15.67,6000
2022-11-18,15.84,15.84,15.84,15.84,0
2022-11-21,13.55,15.42,13.55,15.42,470
2022-11-22,15.5,15.59,15.25,15.25,2700
2022-11-23,14.15,14.15,14.15,14.15,200
2022-11-24,13.98,14.82,13.98,14.82,2770
2022-11-25,14.23,14.23,14.23,14.23,370
2022-11-28,14.4,14.4,14.4,14.4,1501
2022-11-29,14.4,15.16,14.23,15.16,4500
2022-11-30,14.15,14.4,14.15,14.4,4420
2022-12-01,15.92,16.09,14.65,14.82,2900
2022-12-02,14.82,14.82,14.82,14.82,50
2022-12-05,14.06,14.82,13.98,14.82,32600
2022-12-06,14.82,14.82,14.4,14.4,17800
2022-12-07,14.74,14.74,14.4,14.4,1000
2022-12-08,13.81,15.25,13.81,14.23,4100
2022-12-09,15.08,15.08,15.08,15.08,200
2022-12-12,15.08,15.08,15.08,15.08,170
2022-12-13,14.82,14.82,14.82,14.82,370
2022-12-14,14.82,14.91,14.82,14.91,538
2022-12-15,14.91,14.91,14.91,14.91,0
2022-12-16,14.4,14.4,14.4,14.4,370
2022-12-19,14.82,14.99,14.82,14.82,5500
2022-12-20,14.82,15.25,14.82,14.82,7400
2022-12-21,14.82,15.25,14.82,15.25,2770
2022-12-22,15.08,15.08,15.08,15.08,0
2022-12-23,14.99,14.99,14.99,14.99,300
2022-12-26,14.4,14.4,14.4,14.4,100
2022-12-27,14.4,14.82,14.4,14.82,600
2022-12-28,14.82,14.82,14.57,14.57,5800
2022-12-29,14.4,14.4,14.4,14.4,570
2022-12-30,14.4,14.4,14.4,14.4,70
2023-01-03,14.4,14.4,14.4,14.4,70
2023-01-04,14.4,14.4,14.4,14.4,0
2023-01-05,14.4,15.25,14.23,14.31,7400
2023-01-06,14.23,14.82,14.15,14.82,6227
2023-01-09,14.15,15.25,14.06,15.25,3600
2023-01-10,14.4,15.08,14.4,15.08,10300
2023-01-11,14.91,14.91,14.91,14.91,0
2023-01-12,14.91,14.91,14.91,14.91,100
2023-01-13,14.91,14.91,14.91,14.91,5100
2023-01-16,14.91,14.91,14.91,14.91,0
2023-01-17,15.25,15.25,15.25,15.25,500
2023-01-18,15.25,15.42,15.25,15.25,1700
2023-01-19,14.91,14.91,14.57,14.91,900
2023-01-27,14.74,14.74,14.74,14.74,0
2023-01-30,15.25,16.01,15.25,16.01,8001
2023-01-31,15.67,16.01,15.67,16.01,9510
2023-02-01,15.92,15.92,15.67,15.67,3900
2023-02-02,15.75,15.75,15.75,15.75,0
2023-02-03,15.75,15.75,15.75,15.75,300
2023-02-06,15.75,15.75,15.75,15.75,4500
2023-02-07,15.75,15.84,13.72,13.72,10000
2023-02-08,14.4,15.59,14.4,15.59,3501
2023-02-09,15.5,15.5,15.5,15.5,0
2023-02-10,15.5,15.5,15.5,15.5,0
2023-02-13,15.5,15.5,15.5,15.5,5100
2023-02-14,15.67,15.67,15.67,15.67,500
2023-02-15,15.67,15.67,15.67,15.67,0
2023-02-16,15.92,15.92,15.92,15.92,300
2023-02-17,15.75,16.01,15.75,15.92,8300
2023-02-20,15.67,15.84,15.67,15.84,1110
2023-02-21,15.92,15.92,15.92,15.92,1200
2023-02-22,15.42,15.42,15.42,15.42,1500
2023-02-23,14.57,15.92,14.57,15.92,700
2023-02-24,15.67,15.67,15.67,15.67,0
2023-02-27,15.67,15.67,15.67,15.67,4000
2023-02-28,15.67,15.67,15.67,15.67,1970
2023-03-01,15.67,15.75,15.67,15.75,5000
2023-03-02,15.75,15.75,15.75,15.75,0
2023-03-03,15.67,15.67,15.67,15.67,100
2023-03-06,15.67,15.67,15.67,15.67,100
2023-03-07,15.67,15.75,15.67,15.75,7600
2023-03-08,15.75,15.75,15.75,15.75,100
2023-03-09,15.75,15.75,15.75,15.75,100
2023-03-10,14.4,15.5,14.4,15.5,200
2023-03-13,15.5,15.92,15.5,15.92,1950
2023-03-14,15.5,15.5,15.33,15.5,11000
2023-03-15,15.5,15.5,15.5,15.5,140
2023-03-16,15.5,15.5,15.5,15.5,10000
2023-03-17,15.5,15.5,15.5,15.5,25
2023-03-20,15.5,15.5,15.5,15.5,10000
2023-03-21,15.5,15.5,15.5,15.5,10100
2023-03-22,15.5,15.5,15.42,15.42,2700
2023-03-23,14.99,15.33,14.99,15.33,11006
2023-03-24,15.33,15.67,15.33,15.33,6224
2023-03-27,15.33,15.33,15.33,15.33,3
2023-03-28,14.48,15.33,14.48,15.33,576
2023-03-29,15.25,15.33,15.25,15.33,200
2023-03-30,15.25,15.5,15.25,15.42,2970
2023-03-31,15.42,15.42,15.42,15.42,200
2023-04-03,15.42,15.42,15.33,15.42,18970
2023-04-04,15.42,15.92,15.42,15.67,15511
2023-04-05,15.75,15.75,15.75,15.75,2700
2023-04-06,15.75,15.75,15.67,15.67,1000
2023-04-07,15.42,15.67,15.42,15.67,700
2023-04-10,15.5,16.01,15.5,16.01,200
2023-04-11,15.59,15.59,15.42,15.42,4500
2023-04-12,15.5,15.59,15.5,15.59,3419
2023-04-13,15.59,15.67,15.59,15.67,2400
2023-04-14,15.59,15.59,15.5,15.59,3000
2023-04-17,15.5,15.5,15.33,15.33,11500
2023-04-18,15.42,15.42,15.42,15.42,1703
2023-04-19,15.33,15.42,15.33,15.42,3000
2023-04-20,15.33,15.42,15.33,15.42,10300
2023-04-21,15.33,15.33,15.25,15.25,2700
2023-04-24,15.42,15.42,15.42,15.42,5000
2023-04-25,15.25,15.25,15.25,15.25,2793
2023-04-26,15.25,15.25,15.25,15.25,0
2023-04-27,15.25,15.25,15.25,15.25,0
2023-04-28,15.33,15.33,15.33,15.33,3100
2023-05-04,15.16,15.42,15.16,15.42,713
2023-05-05,15.16,15.16,15.16,15.16,0
2023-05-08,15.59,15.59,15.33,15.33,300
2023-05-09,14.99,15.25,14.99,15.25,200
2023-05-10,15.25,15.25,15.25,15.25,100
2023-05-11,15.25,15.25,15.25,15.25,10
2023-05-12,15.25,15.25,15.25,15.25,0
2023-05-15,15.33,15.33,15.33,15.33,100
2023-05-16,15.25,15.5,15.25,15.5,3900
2023-05-17,15.42,15.42,15.42,15.42,134
2023-05-18,15.42,15.42,15.42,15.42,0
2023-05-19,15.42,15.42,15.33,15.33,900
2023-05-22,15.42,15.42,15.42,15.42,315
2023-05-23,14.99,15.42,14.99,15.33,8100
2023-05-24,15.42,15.42,15.42,15.42,0
2023-05-25,15.25,15.33,15.25,15.25,7100
2023-05-26,15.25,15.25,15.25,15.25,9900
2023-05-29,15.25,15.25,15.25,15.25,608
2023-05-30,15.25,15.25,15.25,15.25,0
2023-05-31,14.99,14.99,14.99,14.99,100
2023-06-01,15.25,15.25,15.25,15.25,400
2023-06-02,15.25,15.25,15.25,15.25,0
2023-06-05,14.99,15.33,14.48,15.25,6800
2023-06-06,15.5,15.59,15.5,15.59,1166
2023-06-07,15.67,15.67,15.59,15.59,500
2023-06-08,15.59,15.75,15.59,15.75,1245
2023-06-09,15.67,16.09,15.59,16.09,11913
2023-06-12,15.59,15.59,15.59,15.59,100
2023-06-13,15.08,15.33,15.08,15.33,840
2023-06-14,15.16,15.7,15.16,15.7,5500
2023-06-15,15.7,15.7,15.7,15.7,40
2023-06-16,15.7,15.7,15.52,15.52,1600
2023-06-19,15.52,15.52,15.52,15.52,0
2023-06-20,15.7,15.7,15.7,15.7,1600
2023-06-21,16.15,16.15,16.15,16.15,100
2023-06-22,15.7,15.79,15.7,15.7,2569
2023-06-23,15.7,16.15,15.7,16.15,631
2023-06-26,15.7,16.15,15.25,15.25,893
2023-06-27,16.06,16.06,15.7,15.7,300
2023-06-28,15.97,15.97,15.97,15.97,521
2023-06-29,15.79,15.97,15.79,15.97,2000
2023-06-30,15.07,15.43,15.07,15.43,370
2023-07-03,15.79,15.79,15.7,15.7,700
2023-07-04,15.7,15.7,15.7,15.7,400
2023-07-05,15.7,15.7,15.7,15.7,300
2023-07-06,15.7,15.7,15.7,15.7,550
2023-07-07,15.7,15.7,15.7,15.7,0
2023-07-10,15.7,15.7,15.7,15.7,700
2023-07-11,15.7,15.79,15.7,15.79,6500
2023-07-12,15.7,15.7,15.7,15.7,800
2023-07-13,15.7,15.7,15.7,15.7,500
2023-07-14,15.7,15.7,15.7,15.7,901
2023-07-17,15.7,15.7,15.7,15.7,3300
2023-07-18,15.25,15.7,15.16,15.7,1580
2023-07-19,15.7,15.7,15.7,15.7,6700
2023-07-20,15.7,15.7,15.52,15.52,2070
2023-07-21,15.52,15.7,15.52,15.52,8949
2023-07-24,15.52,15.52,15.52,15.52,4000
2023-07-25,15.7,15.7,15.7,15.7,2970
2023-07-26,15.7,15.7,15.7,15.7,9
2023-07-27,15.7,15.79,15.7,15.79,1740
2023-07-28,15.61,15.61,15.52,15.52,1601
2023-07-31,15.61,15.61,15.16,15.43,2441
2023-08-01,15.25,15.25,15.25,15.25,1900
2023-08-02,15.25,15.61,15.16,15.61,8316
2023-08-03,15.43,15.61,15.43,15.61,2100
2023-08-04,15.43,15.43,15.43,15.43,2100
2023-08-07,15.34,15.34,15.25,15.25,470
2023-08-08,15.34,15.34,15.34,15.34,470
2023-08-09,15.34,16.06,15.34,16.06,23500
2023-08-10,15.97,15.97,15.97,15.97,18
2023-08-11,15.97,15.97,15.97,15.97,5052
2023-08-14,15.97,15.97,15.7,15.7,6214
2023-08-15,15.7,15.7,15.7,15.7,300
2023-08-16,15.79,15.79,15.79,15.79,102
2023-08-17,15.88,15.97,15.88,15.97,8102
2023-08-18,15.61,15.7,15.61,15.7,1100
2023-08-21,15.7,15.7,15.25,15.25,470
2023-08-22,15.25,15.25,15.25,15.25,700
2023-08-23,15.25,15.25,15.25,15.25,0
2023-08-24,15.25,15.25,15.25,15.25,108
2023-08-25,15.7,15.79,15.7,15.79,1260
2023-08-28,16.06,16.06,15.88,15.88,392
2023-08-29,15.25,15.34,15.25,15.25,1200
2023-08-30,15.25,15.25,15.25,15.25,0
2023-08-31,15.97,15.97,15.97,15.97,100
2023-09-05,15.88,15.97,15.43,15.43,2500
2023-09-06,15.88,15.88,15.88,15.88,11070
2023-09-07,15.88,15.88,15.88,15.88,14
2023-09-08,15.88,15.97,15.88,15.97,1109
2023-09-11,15.97,15.97,15.88,15.88,11800
2023-09-12,15.88,15.97,15.88,15.97,3700
2023-09-13,15.34,15.88,15.34,15.7,3200
2023-09-14,15.61,15.7,15.61,15.7,10619
2023-09-15,15.61,15.61,15.61,15.61,0
2023-09-18,15.34,15.7,15.34,15.7,1570
2023-09-19,16.06,16.06,16.06,16.06,100
2023-09-20,15.97,16.15,15.97,16.15,1000
2023-09-21,15.97,15.97,15.79,15.79,610
2023-09-22,15.79,16.15,15.7,16.15,12801
2023-09-25,16.06,16.06,15.88,15.88,4571
2023-09-26,16.06,16.06,15.61,15.61,3200
2023-09-27,15.61,15.61,15.61,15.61,300
2023-09-28,15.61,15.61,15.61,15.61,2
2023-09-29,15.88,15.88,15.88,15.88,400
2023-10-02,15.79,15.79,15.79,15.79,600
2023-10-03,15.79,15.79,15.79,15.79,503
2023-10-04,15.79,15.97,15.79,15.97,66918
2023-10-05,15.79,15.79,15.79,15.79,2700
2023-10-06,15.79,15.79,15.79,15.79,372
2023-10-09,15.79,15.97,15.79,15.97,77979
2023-10-10,15.88,15.88,15.88,15.88,0
2023-10-11,15.97,15.97,15.97,15.97,59200
2023-10-12,15.97,15.97,15.97,15.97,100
2023-10-13,15.97,16.06,15.97,16.06,74071
2023-10-16,15.97,15.97,15.97,15.97,3500
2023-10-17,16.06,16.6,15.97,15.97,300
2023-10-18,15.7,15.7,15.7,15.7,1370
2023-10-19,15.97,16.15,15.97,16.15,26600
2023-10-20,15.88,15.88,15.7,15.7,3500
2023-10-23,15.79,15.79,15.79,15.79,3
2023-10-24,15.79,15.79,15.79,15.79,0
2023-10-25,15.79,15.79,15.79,15.79,1000
2023-10-26,15.7,15.79,15.34,15.34,5622
2023-10-27,15.52,15.52,15.52,15.52,70
2023-10-30,15.61,15.7,15.61,15.61,4700
2023-10-31,15.61,15.61,15.61,15.61,0
2023-11-01,15.7,15.97,15.7,15.97,3100
2023-11-02,16.06,16.06,16.06,16.06,270
2023-11-03,16.43,16.43,16.34,16.34,3070
2023-11-06,16.34,16.34,16.34,16.34,1100
2023-11-07,16.34,16.34,15.69,15.69,1603
2023-11-08,16.25,16.25,16.25,16.25,1200
2023-11-09,16.25,16.8,16.25,16.8,5640
2023-11-10,16.8,16.89,16.8,16.89,4012
2023-11-13,16.8,16.8,16.8,16.8,1000
2023-11-14,16.61,16.61,15.88,15.88,1401
2023-11-15,16.34,16.61,16.34,16.52,4400
2023-11-16,16.61,16.8,16.61,16.8,12900
2023-11-17,16.61,16.61,16.61,16.61,100
2023-11-20,16.71,17.35,16.43,17.35,7300
2023-11-21,16.71,17.08,16.61,17.08,1402
2023-11-22,16.71,16.71,16.71,16.71,0
2023-11-23,16.71,16.71,16.71,16.71,2802
2023-11-24,17.17,17.17,16.8,16.8,1400
2023-11-27,16.89,16.89,16.61,16.61,8240
2023-11-28,16.71,16.71,16.71,16.71,0
2023-11-29,16.61,16.61,16.61,16.61,440
2023-11-30,16.61,16.61,16.61,16.61,0
2023-12-01,16.61,16.61,16.61,16.61,5000
2023-12-04,16.61,16.61,16.61,16.61,1045
2023-12-05,16.8,16.8,16.8,16.8,100
2023-12-06,17.08,17.08,17.08,17.08,137
2023-12-07,17.08,17.08,17.08,17.08,70
2023-12-08,16.98,18.0,16.98,18.0,9703
2023-12-11,17.08,17.17,17.08,17.08,4375
2023-12-12,17.08,17.08,17.08,17.08,89
2023-12-13,16.89,17.08,16.71,17.08,4971
2023-12-14,16.61,16.71,16.61,16.71,1431
2023-12-15,17.54,17.54,17.54,17.54,3200
2023-12-18,17.54,17.54,17.35,17.35,2100
2023-12-19,17.35,17.35,17.35,17.35,800
2023-12-20,17.35,17.35,17.08,17.08,6605
2023-12-21,17.08,17.08,17.08,17.08,1107
2023-12-22,17.54,18.0,17.54,18.0,1220
2023-12-25,17.63,17.63,17.63,17.63,0
2023-12-26,17.63,17.63,17.63,17.63,0
2023-12-27,16.71,17.08,16.71,17.08,3455
2024-01-12,19.2,19.38,16.98,17.08,70700
2024-01-15,17.54,18.23,17.21,18.23,62080
2024-01-16,18.46,19.48,18.46,19.48,35187
2024-01-17,20.81,20.81,20.77,20.81,28439
2024-01-18,22.25,22.25,20.81,22.11,112784
2024-01-19,22.15,22.15,20.58,20.58,78228
2024-01-22,20.58,20.68,20.58,20.58,20184
2024-01-23,20.58,20.77,20.58,20.58,47212
2024-01-24,20.58,20.68,19.75,20.58,7241
2024-01-25,19.85,20.58,19.85,20.58,3205
2024-01-26,20.58,20.58,20.58,20.58,7670
2024-01-29,20.58,20.58,20.49,20.58,30101
2024-01-30,20.4,20.45,20.31,20.31,5699
2024-01-31,19.85,19.85,19.85,19.85,1001
2024-02-01,19.89,21.18,19.89,20.77,11112
2024-02-02,20.77,20.77,20.77,20.77,0
2024-02-05,20.31,20.31,19.85,19.85,671
2024-02-06,19.94,19.94,19.94,19.94,211
2024-02-07,19.94,19.94,19.94,19.94,507
2024-02-15,19.94,20.03,19.94,20.03,275
2024-02-16,20.31,20.72,20.31,20.72,1400
2024-02-19,20.72,20.72,20.21,20.31,15700
2024-02-20,20.72,21.23,20.63,21.18,79603
2024-02-21,21.18,21.18,21.18,21.18,96
2024-02-22,21.05,21.05,21.0,21.0,202
2024-02-23,20.4,20.86,20.4,20.86,603
2024-02-26,20.31,20.45,20.31,20.45,1086
2024-02-27,20.77,20.77,20.68,20.68,12800
2024-02-28,20.77,20.77,19.94,20.77,17671
2024-02-29,20.12,20.68,20.12,20.68,1100
2024-03-01,20.68,20.77,20.4,20.4,14000
2024-03-04,20.77,20.77,20.31,20.4,8440
2024-03-05,20.45,20.77,20.45,20.77,19924
2024-03-06,20.68,20.68,20.4,20.4,427
2024-03-07,20.4,20.86,20.4,20.77,18600
2024-03-08,20.68,20.68,20.49,20.49,1024
2024-03-11,20.49,20.58,20.49,20.54,4770
2024-03-12,20.54,20.77,20.54,20.77,42442
2024-03-13,20.58,21.23,20.58,21.23,4156
2024-03-14,20.77,20.86,20.77,20.86,6602
2024-03-15,20.86,21.05,20.86,20.95,14200
2024-03-18,21.69,21.69,20.86,20.86,11307
2024-03-19,20.86,20.86,20.03,20.77,15208
2024-03-20,20.86,20.95,20.77,20.86,7702
2024-03-21,20.95,20.95,20.86,20.86,15563
2024-03-22,20.86,20.95,20.77,20.77,1601
2024-03-25,20.77,20.77,20.49,20.49,12100
2024-03-26,20.58,20.58,20.58,20.58,7702
2024-03-27,20.77,20.77,20.63,20.63,24800
2024-03-28,20.86,20.95,20.86,20.95,1111
2024-03-29,20.95,21.05,20.95,21.05,2002
2024-04-01,20.58,20.86,20.58,20.86,800
2024-04-02,20.31,20.77,20.31,20.77,670
2024-04-03,20.68,20.77,20.68,20.72,6844
2024-04-04,20.58,20.77,20.58,20.72,11100
2024-04-05,20.72,20.95,20.72,20.95,2726
2024-04-08,20.68,20.95,20.68,20.86,32600
2024-04-09,20.86,20.86,20.68,20.72,64900
2024-04-10,20.72,20.86,20.72,20.86,13802
2024-04-11,20.91,20.91,20.86,20.86,11902
2024-04-12,20.86,20.95,20.77,20.77,27201
2024-04-15,20.77,20.77,20.54,20.54,6350
2024-04-16,19.89,20.68,19.89,20.68,2051
2024-04-17,19.38,20.77,19.38,20.72,18470
2024-04-19,20.72,20.72,20.4,20.4,10100
2024-04-22,20.68,20.77,20.68,20.77,5500
2024-04-23,20.77,20.77,20.58,20.58,570
2024-04-24,20.68,20.68,20.68,20.68,300
2024-04-25,20.49,20.77,20.49,20.49,17800
2024-04-26,20.58,20.58,20.58,20.58,400
2024-05-02,20.77,20.77,20.77,20.77,2100
2024-05-03,20.77,20.77,20.77,20.77,3006
2024-05-06,20.77,20.86,20.26,20.86,51470
2024-05-07,20.77,20.86,20.77,20.86,16311
2024-05-08,20.81,20.81,20.81,20.81,2106
2024-05-09,20.86,20.91,20.81,20.91,22374
2024-05-10,20.91,21.0,20.91,21.0,17200
2024-05-13,21.0,21.0,20.95,20.95,2600
2024-05-14,21.0,21.0,21.0,21.0,6400
2024-05-15,21.23,22.43,20.86,20.86,5811
2024-05-16,20.86,22.29,20.77,21.32,110458
2024-05-17,21.32,21.41,21.32,21.41,1400
2024-05-20,21.41,21.88,20.86,20.95,11500
2024-05-21,20.95,20.95,20.86,20.86,2025
2024-05-22,20.86,20.95,20.86,20.95,4224
2024-05-23,20.95,20.95,20.95,20.95,1
2024-05-24,21.05,21.41,21.05,21.09,2386
2024-05-27,21.09,21.14,21.09,21.14,2721
2024-05-28,21.23,21.6,21.14,21.6,6020
2024-05-29,21.69,21.69,21.69,21.69,3049
2024-05-30,21.05,22.29,21.05,21.09,870
2024-05-31,21.51,22.52,21.51,21.51,74605
2024-06-03,21.6,21.78,21.6,21.78,802
2024-06-04,21.6,21.78,21.6,21.78,471
2024-06-05,21.88,21.88,21.88,21.88,244
2024-06-06,22.15,22.29,21.97,21.97,5107
2024-06-07,23.49,23.49,22.06,22.06,2801
2024-06-10,22.06,22.34,22.06,22.34,26924
2024-06-11,22.2,22.8,22.2,22.8,9469
2024-06-12,22.8,24.18,22.8,23.26,26002
2024-06-13,23.26,23.26,22.85,22.85,300
2024-06-14,23.08,23.08,22.89,23.08,1900
2024-06-17,23.08,23.08,23.08,23.08,202
2024-06-18,24.65,24.69,24.65,24.69,66719
2024-06-19,26.4,26.4,24.92,25.66,26573
2024-06-20,24.0,26.77,24.0,25.48,29537
2024-06-21,24.09,25.11,24.0,24.46,8900
2024-06-24,24.0,24.41,24.0,24.23,10070
2024-06-25,24.23,24.28,24.0,24.28,6600
2024-06-26,24.0,25.38,24.0,24.09,1827
2024-06-27,24.23,24.65,24.23,24.65,55901
2024-06-28,24.65,24.65,24.46,24.65,4400
2024-07-01,24.65,24.65,23.95,24.18,2400
2024-07-02,24.0,24.46,24.0,24.09,15905
2024-07-03,24.18,24.51,24.18,24.51,7902
2024-07-04,24.46,24.46,24.18,24.46,7705
2024-07-05,24.18,24.55,24.18,24.18,1546
2024-07-08,24.28,24.46,24.28,24.46,3040
2024-07-09,24.69,26.12,24.32,24.55,3900
2024-07-10,26.12,26.26,24.55,26.12,7960
2024-07-11,24.37,24.65,24.37,24.65,6774
2024-07-12,24.65,24.65,24.65,24.65,201
2024-07-15,24.46,24.69,24.46,24.65,19370
2024-07-16,24.65,24.65,24.65,24.65,302
2024-07-17,25.52,25.85,24.65,24.65,800
2024-07-18,24.92,25.11,24.92,25.11,3203
2024-07-19,25.85,25.85,25.01,25.01,400
2024-07-22,26.31,26.31,24.65,24.65,572
2024-07-23,24.0,24.92,24.0,24.83,7100
2024-07-24,24.83,24.83,24.83,24.83,315
2024-07-25,24.46,24.83,24.37,24.65,6770
2024-07-26,24.65,24.74,24.65,24.74,2001
2024-07-29,24.78,24.78,24.46,24.46,5508
2024-07-30,24.46,24.46,24.28,24.46,5530
2024-07-31,24.46,24.46,24.46,24.46,552
2024-08-01,24.46,24.46,24.09,24.09,3000
2024-08-02,24.09,24.09,24.09,24.09,6
2024-08-05,24.09,25.01,24.09,25.01,400
2024-08-06,25.01,25.01,25.01,25.01,71
2024-08-07,24.55,24.55,24.46,24.55,8300
2024-08-08,24.46,24.46,24.09,24.09,307
2024-08-09,24.37,24.46,22.43,24.37,39527
2024-08-12,24.37,24.37,24.37,24.37,0
2024-08-13,24.0,24.09,24.0,24.09,2153
2024-08-14,24.0,24.09,24.0,24.09,6129
2024-08-15,24.09,24.09,24.0,24.0,3300
2024-08-16,24.0,24.0,24.0,24.0,9000
2024-08-19,25.66,25.66,24.09,24.09,3670
2024-08-20,24.0,24.0,24.0,24.0,700
2024-08-21,24.0,24.18,24.0,24.18,9400
2024-08-22,24.18,24.18,24.18,24.18,0
2024-08-23,24.18,24.18,24.0,24.0,5500
2024-08-26,24.0,24.0,23.81,23.81,13109
2024-08-27,23.81,23.81,23.81,23.81,103
2024-08-28,24.0,24.09,24.0,24.0,3603
2024-08-29,24.0,24.0,24.0,24.0,31070
2024-08-30,24.0,24.0,24.0,24.0,1182
2024-09-04,24.0,24.0,24.0,24.0,3400
2024-09-05,23.54,23.54,23.54,23.54,102
2024-09-06,23.54,24.09,23.54,24.09,26949
2024-09-09,24.09,24.18,24.09,24.18,15603
2024-09-10,24.09,24.09,24.09,24.09,102
2024-09-11,24.0,24.92,24.0,24.92,66001
2024-09-12,24.0,24.0,24.0,24.0,373
2024-09-13,24.0,24.0,24.0,24.0,38
2024-09-16,24.0,24.0,24.0,24.0,100
2024-09-17,24.0,24.0,24.0,24.0,26600
2024-09-18,24.0,24.0,24.0,24.0,600
2024-09-19,23.54,23.54,23.54,23.54,1402
2024-09-20,23.54,23.54,23.54,23.54,2
2024-09-23,25.15,25.15,23.54,23.54,208
2024-09-24,23.54,23.54,23.54,23.54,0
2024-09-25,23.54,23.54,23.54,23.54,0
2024-09-26,23.08,23.08,23.08,23.08,5003
2024-09-27,23.08,23.08,23.08,23.08,3
2024-09-30,23.08,23.08,23.08,23.08,6
2024-10-01,24.46,24.69,23.4,23.4,4381
2024-10-02,23.4,23.4,23.4,23.4,0
2024-10-03,23.4,23.63,23.4,23.58,1511
2024-10-04,24.92,24.92,23.26,23.26,3501
2024-10-07,23.26,23.26,23.26,23.26,110
2024-10-08,23.26,23.26,23.26,23.26,400
2024-10-09,24.46,24.83,23.45,23.45,1612
2024-10-10,23.08,23.08,23.08,23.08,438
2024-10-11,22.06,22.29,22.06,22.06,4301
2024-10-14,22.06,22.06,22.06,22.06,2
2024-10-15,22.34,23.45,22.34,23.45,7626
2024-10-16,23.45,23.45,23.45,23.45,2
2024-10-17,22.61,23.08,22.61,22.71,1400
2024-10-18,23.08,23.08,23.08,23.08,100
2024-10-21,23.26,23.26,22.43,22.43,2201
2024-10-22,23.54,23.54,23.54,23.54,101
2024-10-23,22.25,23.91,22.25,23.91,300
2024-10-24,22.43,22.43,22.43,22.43,100
2024-10-25,22.43,22.43,22.43,22.43,0
2024-10-28,24.0,24.0,23.31,23.31,3200
2024-10-29,24.0,24.46,24.0,24.46,3200
2024-10-30,24.46,24.46,24.46,24.46,0
2024-10-31,23.31,24.0,23.31,24.0,2100
2024-11-01,24.0,24.0,24.0,24.0,1
2024-11-04,24.0,24.0,24.0,24.0,50
2024-11-05,23.26,24.88,23.26,23.68,1600
2024-11-06,23.68,23.68,23.68,23.68,36
2024-11-07,23.72,23.72,23.63,23.68,1612
2024-11-08,23.63,23.63,23.63,23.63,1096
2024-11-11,23.63,23.63,23.63,23.63,100
2024-11-12,23.63,23.63,23.63,23.63,1074
2024-11-13,23.63,23.63,23.63,23.63,100
2024-11-14,23.63,24.18,23.63,23.81,3971
2024-11-15,23.17,23.81,23.17,23.81,834
2024-11-18,24.18,24.18,24.18,24.18,272
2024-11-19,23.35,23.35,23.35,23.35,377
2024-11-20,23.81,23.81,23.35,23.35,4000
2024-11-21,23.35,23.35,23.35,23.35,24
2024-11-22,24.46,24.46,24.46,24.46,200
2024-11-25,24.0,24.0,24.0,24.0,154
2024-11-26,24.0,24.0,24.0,24.0,900
2024-11-27,24.0,24.0,24.0,24.0,200
2024-11-28,24.0,24.0,24.0,24.0,0
2024-11-29,24.0,24.0,24.0,24.0,0
2024-12-02,23.52,24.0,23.52,24.0,480
2024-12-03,24.0,24.48,24.0,24.48,1400
2024-12-04,24.48,24.48,24.48,24.48,3000
2024-12-05,24.53,24.67,24.53,24.67,62382
2024-12-06,24.67,24.67,24.67,24.67,6000
2024-12-09,24.67,24.67,24.67,24.67,0
2024-12-10,23.42,23.86,23.42,23.86,558
2024-12-11,23.14,23.86,23.14,23.86,1362
2024-12-12,23.33,23.33,23.33,23.33,352
2024-12-13,22.94,22.94,22.94,22.94,371
2024-12-16,24.53,24.53,23.04,24.48,1870
2024-12-17,22.94,23.52,22.94,23.09,1700
2024-12-18,23.52,23.52,23.42,23.42,1108
2024-12-19,23.33,24.0,23.33,24.0,3440
2024-12-20,24.0,24.0,24.0,24.0,2020
2024-12-23,23.14,24.0,23.14,24.0,1500
2024-12-24,24.1,24.1,24.1,24.1,500
2024-12-25,24.1,24.19,24.1,24.19,6000
2024-12-26,23.23,23.23,23.23,23.23,381
2024-12-27,23.33,23.33,23.33,23.33,2000
2024-12-30,23.42,23.42,23.42,23.42,200
2024-12-31,24.0,24.0,24.0,24.0,300
2025-01-02,24.0,24.0,24.0,24.0,71
2025-01-03,24.0,24.0,24.0,24.0,0
2025-01-06,24.0,24.48,24.0,24.48,4500
2025-01-07,24.0,24.0,24.0,24.0,500
2025-01-08,24.0,24.0,24.0,24.0,1201
2025-01-09,23.42,23.42,23.33,23.42,4909
2025-01-10,23.42,23.52,23.33,23.33,4933
2025-01-13,23.33,23.33,22.94,22.94,8601
2025-01-14,22.94,22.94,22.94,22.94,4918
2025-01-15,22.94,22.94,22.94,22.94,70
2025-01-16,23.33,23.33,23.33,23.33,485
2025-01-17,23.33,23.33,23.33,23.33,77
2025-01-20,23.33,23.33,23.33,23.33,302
2025-01-21,23.33,23.33,23.33,23.33,69
2025-01-22,24.1,24.1,24.0,24.0,2100
2025-01-23,25.63,25.63,23.33,23.33,1603
2025-01-24,24.38,24.38,24.29,24.29,3500
2025-02-03,24.19,24.19,24.19,24.19,200
2025-02-04,23.23,23.38,23.23,23.38,2148
2025-02-05,24.48,24.48,24.48,24.48,101
2025-02-06,24.0,24.0,24.0,24.0,120
2025-02-07,24.0,24.0,24.0,24.0,246
2025-02-10,24.38,24.38,24.38,24.38,303
2025-02-11,24.38,24.38,24.38,24.38,5700
2025-02-12,24.38,24.38,24.38,24.38,119
2025-02-13,24.38,24.38,24.38,24.38,0
2025-02-14,24.38,24.38,24.38,24.38,600
2025-02-17,23.86,23.86,23.86,23.86,100
2025-02-18,24.1,24.1,24.1,24.1,921
2025-02-19,24.1,24.1,24.0,24.0,5405
2025-02-20,23.42,24.0,23.42,23.62,13400
2025-02-21,23.62,24.1,23.62,24.1,1500
2025-02-24,24.1,24.1,24.1,24.1,0
2025-02-25,24.0,24.0,24.0,24.0,6107
2025-02-26,24.0,24.0,24.0,24.0,0
2025-02-27,24.0,24.0,24.0,24.0,49
2025-02-28,23.33,24.0,23.33,24.0,600
2025-03-03,24.0,24.0,24.0,24.0,1400
2025-03-04,23.52,24.0,23.52,24.0,1742
2025-03-05,23.33,23.33,23.33,23.33,1000
2025-03-06,23.33,23.33,23.33,23.33,70
2025-03-07,24.0,24.0,24.0,24.0,1400
2025-03-10,24.0,24.0,24.0,24.0,1614
2025-03-11,24.0,24.0,24.0,24.0,1000
2025-03-12,23.81,23.81,23.81,23.81,220
2025-03-13,23.81,23.81,23.81,23.81,0
2025-03-14,23.81,23.81,23.81,23.81,0
2025-03-17,23.71,23.71,23.71,23.71,430
2025-03-18,23.71,23.71,23.33,23.71,5900
2025-03-19,23.71,23.71,22.18,22.18,2740
2025-03-20,23.33,23.33,23.33,23.33,511
2025-03-21,23.71,23.71,23.52,23.52,522
2025-03-24,23.14,23.14,23.04,23.04,3086
2025-03-25,23.14,23.23,23.14,23.23,3125
2025-03-26,23.04,23.04,23.04,23.04,1482
2025-03-27,23.42,23.42,23.42,23.42,200
2025-03-28,23.42,23.42,23.42,23.42,2
2025-03-31,23.42,23.42,23.42,23.42,18
2025-04-01,23.33,23.33,23.33,23.33,110
2025-04-02,23.23,23.23,23.23,23.23,401
2025-04-03,23.23,23.23,23.23,23.23,0
2025-04-04,23.04,23.04,22.94,23.04,1100
2025-04-08,21.79,21.79,21.5,21.55,7900
2025-04-09,21.55,21.55,20.83,20.83,12139
2025-04-10,22.27,22.27,22.22,22.22,600
2025-04-11,22.22,22.22,22.22,22.22,4
2025-04-14,22.27,23.52,22.27,23.52,341
2025-04-15,23.52,23.52,23.52,23.52,0
2025-04-16,23.52,23.52,23.52,23.52,0
2025-04-17,23.52,23.52,23.52,23.52,0
2025-04-18,23.52,23.52,23.52,23.52,0
2025-04-21,23.04,24.1,23.04,24.1,201
2025-04-22,23.04,23.04,22.46,22.46,3600
2025-04-23,24.0,24.0,24.0,24.0,100
2025-04-24,24.0,24.0,24.0,24.0,0
2025-04-25,24.0,24.0,24.0,24.0,0
2025-04-28,24.0,24.0,24.0,24.0,1
2025-04-29,24.0,24.0,24.0,24.0,0
2025-05-05,24.19,24.19,23.52,23.52,11310
2025-05-06,23.14,23.14,23.14,23.14,2100
2025-05-07,23.04,24.0,23.04,24.0,1200
2025-05-08,24.0,24.0,24.0,24.0,0
2025-05-09,24.0,24.0,24.0,24.0,0
2025-05-12,24.1,24.1,24.0,24.0,9501
2025-05-13,24.1,24.1,24.0,24.0,10903
2025-05-14,24.0,24.0,24.0,24.0,2
2025-05-15,24.0,24.1,24.0,24.0,8962
2025-05-16,24.19,24.19,24.19,24.19,4090
2025-05-19,24.19,24.19,24.19,24.19,1
2025-05-20,24.19,24.19,24.19,24.19,0
2025-05-21,24.0,24.0,24.0,24.0,200
2025-05-22,24.0,24.0,24.0,24.0,5000
2025-05-23,24.0,24.0,24.0,24.0,0
2025-05-26,24.1,24.1,24.1,24.1,11701
2025-05-27,24.1,24.1,23.52,23.52,300
2025-05-28,23.33,24.1,23.33,24.1,776
2025-05-29,23.42,23.42,23.42,23.42,200
2025-05-30,23.57,23.57,23.52,23.52,4000
2025-06-02,23.52,23.52,23.52,23.52,0
2025-06-03,24.0,24.0,24.0,24.0,1102
2025-06-04,24.0,24.0,23.9,23.9,213
2025-06-05,24.0,24.0,24.0,24.0,2400
2025-06-06,24.0,24.0,24.0,24.0,0
2025-06-09,23.14,23.14,23.04,23.04,675
2025-06-10,23.52,24.0,23.52,24.0,1470
2025-06-11,23.81,23.81,23.18,23.18,2240
2025-06-12,23.18,23.52,23.18,23.52,2571
2025-06-13,23.52,23.52,23.52,23.52,300
2025-06-16,23.52,24.0,23.52,24.0,1100
2025-06-17,24.0,24.0,23.52,23.52,957
2025-06-18,23.52,23.52,23.52,23.52,0
2025-06-19,23.52,23.52,23.52,23.52,758
2025-06-20,23.52,23.52,23.52,23.52,0
2025-06-23,23.04,23.04,22.18,22.56,1813
2025-06-24,23.52,23.52,23.52,23.52,1500
2025-06-25,23.81,23.81,23.81,23.81,500
2025-06-26,23.81,23.81,23.81,23.81,15
2025-06-27,23.52,23.52,23.52,23.52,100
2025-06-30,23.42,23.52,23.04,23.04,1770
2025-07-01,23.42,23.42,23.04,23.04,1219
2025-07-02,22.61,23.52,22.61,23.38,22322
2025-07-03,23.04,23.38,22.75,23.04,17476
2025-07-04,23.52,23.52,23.52,23.52,100
2025-07-07,23.52,23.52,23.04,23.42,1814
2025-07-08,23.33,23.62,23.33,23.62,3305
2025-07-09,23.62,23.62,23.52,23.52,1000
2025-07-10,23.04,23.52,23.04,23.52,15400
2025-07-11,23.04,23.04,22.94,22.94,1130
2025-07-14,23.04,23.04,22.94,22.94,5605
2025-07-15,23.04,23.04,22.94,22.94,7800
2025-07-16,23.33,23.52,23.14,23.14,1300
2025-07-17,24.34,24.34,23.04,23.47,11300
2025-07-18,23.47,23.47,23.47,23.47,0
2025-07-21,23.14,24.86,22.99,24.86,10570
2025-07-22,24.24,24.67,23.14,23.52,17100
2025-07-23,24.43,24.43,23.62,23.62,4110
2025-07-24,24.67,24.67,23.62,23.62,11025
2025-07-25,23.52,23.57,23.42,23.42,11220
2025-07-28,23.52,23.52,23.33,23.47,4700
2025-07-29,23.47,23.47,23.42,23.42,1610
2025-07-30,23.42,23.42,23.42,23.42,1
2025-07-31,23.04,24.82,22.85,24.82,8901
2025-08-01,23.18,23.18,23.14,23.14,2020
2025-08-04,23.47,23.47,23.47,23.47,1624
2025-08-05,23.52,24.0,23.42,24.0,308
2025-08-06,23.95,24.0,23.14,24.0,1880
2025-08-07,24.0,24.0,24.0,24.0,404
2025-08-08,24.0,24.0,24.0,24.0,1000
2025-08-11,24.48,24.96,24.0,24.77,19408
2025-08-12,24.48,24.48,24.48,24.48,3746
2025-08-13,24.48,24.48,24.24,24.24,3112
2025-08-14,24.24,24.38,24.0,24.0,14600
2025-08-15,24.1,25.65,24.0,24.5,25501
2025-08-18,25.0,25.0,24.0,24.0,1520
2025-08-19,24.0,24.0,23.8,23.8,675
2025-08-20,23.85,23.85,23.8,23.8,3726
2025-08-21,23.8,23.8,23.8,23.8,3400
2025-08-22,23.8,23.8,23.8,23.8,2070
2025-08-25,24.25,24.3,24.25,24.3,10420
2025-08-26,24.3,25.45,24.3,25.45,800
2025-08-27,25.0,25.0,25.0,25.0,500
2025-08-28,24.1,24.75,23.8,24.75,8400
2025-08-29,24.0,24.75,23.8,23.8,17100
2025-09-03,23.8,24.2,23.8,24.2,5400
2025-09-04,23.7,24.2,23.7,24.0,7700
2025-09-05,25.45,25.45,23.9,24.0,2400
2025-09-08,23.5,23.6,23.4,23.5,12800
2025-09-09,23.7,23.7,23.5,23.5,300
2025-09-10,23.5,24.3,23.5,23.5,8100
2025-09-11,23.5,24.05,21.9,24.05,51900
2025-09-12,24.05,24.8,24.05,24.15,1700
2025-09-15,24.15,24.75,23.5,23.5,12800
2025-09-16,23.5,24.25,23.5,24.25,5100
2025-09-17,24.25,24.25,23.4,23.45,10900
2025-09-18,23.45,23.95,23.25,23.3,4300
2025-09-19,23.3,23.3,23.25,23.25,2500
2025-09-22,23.5,23.5,23.25,23.25,200
2025-09-23,23.25,23.5,23.25,23.5,8800
2025-09-24,23.5,23.5,23.4,23.4,900
2025-09-25,23.1,23.7,23.1,23.7,10300
2025-09-26,23.3,23.95,23.3,23.95,3100
2025-09-29,23.85,23.9,23.85,23.9,4800
2025-09-30,23.85,23.85,23.4,23.45,3700
2025-10-01,23.35,23.45,23.35,23.45,5500
2025-10-02,23.45,23.7,23.3,23.4,6700
2025-10-03,23.35,23.4,23.35,23.4,800
2025-10-07,23.25,24.0,23.25,23.45,900
2025-10-08,23.3,24.0,23.3,23.9,900
2025-10-09,23.5,23.95,23.5,23.95,2900
2025-10-10,23.95,23.95,23.95,23.95,1700
2025-10-14,23.3,23.3,23.3,23.3,1000
2025-10-15,23.35,23.35,23.3,23.35,25800
2025-10-16,24.1,24.1,23.2,23.95,2800
2025-10-17,23.8,23.95,23.8,23.95,1400
2025-10-20,23.35,24.0,23.3,23.3,3700
2025-10-21,24.0,24.0,23.3,23.3,20200
