time,open,high,low,close,volume
2017-01-12,6.93,6.93,5.44,6.24,3300
2017-01-13,5.33,6.02,5.33,5.33,800
2017-01-16,5.97,5.97,5.97,5.97,100
2017-01-17,5.12,5.12,5.12,5.12,500
2017-01-18,4.37,4.37,4.37,4.37,1200
2017-01-19,3.73,3.73,3.73,3.73,3300
2017-01-20,3.73,3.73,3.73,3.73,3000
2017-01-23,4.21,4.21,4.21,4.21,3000
2017-01-24,4.26,4.26,3.73,3.73,200
2017-01-25,4.0,4.16,4.0,4.16,2000
2017-02-02,4.69,4.69,4.53,4.53,600
2017-02-03,4.81,4.81,4.81,4.81,0
2017-02-06,4.81,4.81,4.81,4.81,0
2017-02-07,4.81,4.81,4.81,4.81,0
2017-02-08,4.3,4.36,3.91,3.91,9700
2017-02-09,4.02,4.02,3.96,3.96,600
2017-02-10,4.3,4.3,4.3,4.3,100
2017-02-13,4.36,4.36,4.36,4.36,100
2017-02-14,4.36,4.36,4.02,4.08,8300
2017-02-15,3.96,3.96,3.96,3.96,2000
2017-02-16,3.96,3.96,3.68,3.68,4600
2017-02-17,3.68,3.68,3.68,3.68,0
2017-02-20,3.68,3.68,3.68,3.68,0
2017-02-21,3.68,3.68,3.68,3.68,0
2017-02-22,4.02,4.08,4.02,4.08,700
2017-02-23,4.08,4.08,4.08,4.08,0
2017-02-24,3.96,3.96,3.96,3.96,1000
2017-02-27,3.96,3.96,3.96,3.96,6
2017-02-28,3.51,3.51,3.4,3.4,300
2017-03-01,3.96,3.96,3.62,3.68,8347
2017-03-02,3.85,3.85,3.68,3.68,2130
2017-03-03,3.74,3.74,3.74,3.74,502
2017-03-06,3.74,3.74,3.74,3.74,0
2017-03-07,3.4,3.4,3.23,3.23,2300
2017-03-08,3.51,3.51,3.23,3.23,20000
2017-03-09,3.23,3.23,3.23,3.23,0
2017-03-10,3.17,3.28,2.89,3.28,32212
2017-03-13,2.89,2.94,2.89,2.94,2200
2017-03-14,3.28,3.28,3.28,3.28,100
2017-03-15,3.51,3.74,2.89,2.89,2100
2017-03-16,3.17,3.51,3.17,3.51,200
2017-03-17,3.0,3.0,3.0,3.0,100
2017-03-20,3.4,3.4,3.4,3.4,2100
2017-03-21,3.91,3.91,3.4,3.4,800
2017-03-22,3.4,3.4,3.4,3.4,71
2017-03-23,3.45,3.45,3.45,3.45,0
2017-03-24,3.45,3.45,3.45,3.45,1000
2017-03-27,3.45,3.45,3.45,3.45,0
2017-03-28,3.45,3.45,3.45,3.45,66
2017-03-29,3.45,3.45,3.06,3.06,5553
2017-03-30,3.57,3.57,3.17,3.57,12440
2017-03-31,3.74,3.74,3.51,3.74,15000
2017-04-03,4.08,4.08,3.68,4.02,20213
2017-04-04,4.02,4.02,4.02,4.02,0
2017-04-05,3.96,4.59,3.96,4.08,830
2017-04-07,3.74,3.74,3.57,3.62,7000
2017-04-10,3.57,3.57,3.57,3.57,0
2017-04-11,3.57,3.57,3.57,3.57,0
2017-04-12,3.57,3.57,3.57,3.57,0
2017-04-13,3.4,3.4,3.4,3.4,100
2017-04-14,3.4,3.4,3.4,3.4,0
2017-04-17,3.91,3.91,3.91,3.91,100
2017-04-18,3.91,3.91,3.91,3.91,500
2017-04-19,3.91,3.91,3.91,3.91,0
2017-04-20,3.91,3.91,3.91,3.91,0
2017-04-21,3.91,3.91,3.91,3.91,89
2017-04-24,3.91,3.91,3.91,3.91,0
2017-04-25,3.91,3.91,3.91,3.91,0
2017-04-26,3.91,3.91,3.91,3.91,0
2017-04-27,3.91,3.91,3.91,3.91,0
2017-04-28,3.4,3.4,3.4,3.4,100
2017-05-03,3.51,3.51,3.51,3.51,100
2017-05-04,3.91,3.91,3.91,3.91,100
2017-05-05,3.91,3.91,3.91,3.91,10
2017-05-08,3.62,3.91,3.4,3.91,3200
2017-05-09,3.68,3.68,3.51,3.51,6283
2017-05-10,3.68,3.68,3.68,3.68,4000
2017-05-11,3.85,3.85,3.85,3.85,1000
2017-05-12,3.85,3.85,3.85,3.85,0
2017-05-15,3.85,3.85,3.68,3.68,7700
2017-05-16,3.79,3.79,3.68,3.79,5500
2017-05-17,3.74,3.74,3.74,3.74,0
2017-05-18,3.8,3.8,3.8,3.8,2000
2017-05-19,3.8,3.8,3.8,3.8,400
2017-05-22,3.8,3.8,3.8,3.8,3200
2017-05-23,3.8,3.8,3.8,3.8,0
2017-05-24,3.92,3.92,3.92,3.92,0
2017-05-25,3.92,3.92,3.92,3.92,0
2017-05-26,3.68,3.68,3.55,3.55,1900
2017-05-29,3.43,3.68,3.43,3.68,2900
2017-05-30,3.68,3.68,3.68,3.68,2000
2017-05-31,3.68,3.68,3.68,3.68,0
2017-06-01,3.49,3.49,3.49,3.49,1000
2017-06-02,3.68,3.8,3.68,3.68,6900
2017-06-05,3.86,3.92,3.8,3.8,38000
2017-06-06,3.86,3.86,3.8,3.8,5800
2017-06-07,3.8,3.86,3.8,3.86,2200
2017-06-08,3.86,3.86,3.86,3.86,1000
2017-06-09,3.61,3.61,3.61,3.61,200
2017-06-12,3.74,3.86,3.74,3.86,2000
2017-06-13,3.74,3.74,3.74,3.74,800
2017-06-14,3.74,3.8,3.74,3.8,3000
2017-06-15,3.68,3.68,3.19,3.19,8400
2017-06-16,3.68,3.92,3.68,3.86,22400
2017-06-19,3.86,3.86,3.86,3.86,0
2017-06-20,3.86,4.04,3.86,3.86,6400
2017-06-21,3.68,3.92,3.68,3.92,4900
2017-06-22,3.8,3.8,3.8,3.8,200
2017-06-23,3.68,3.68,3.68,3.68,2000
2017-06-26,3.68,3.68,3.68,3.68,0
2017-06-27,3.74,3.74,3.74,3.74,4000
2017-06-28,3.74,3.74,3.74,3.74,0
2017-06-29,3.86,3.86,3.86,3.86,9950
2017-06-30,3.86,3.98,3.86,3.98,11900
2017-07-03,3.92,3.92,3.92,3.92,14400
2017-07-04,3.92,3.92,3.92,3.92,10
2017-07-05,3.68,3.92,3.68,3.8,11100
2017-07-06,3.92,3.98,3.92,3.98,5500
2017-07-07,3.92,4.23,3.92,4.23,106550
2017-07-10,4.04,4.04,4.04,4.04,3110
2017-07-11,3.98,3.98,3.98,3.98,1900
2017-07-12,3.68,3.98,3.68,3.98,10100
2017-07-13,3.68,4.23,3.68,4.04,42100
2017-07-14,3.86,4.23,3.86,4.17,37900
2017-07-17,4.11,4.11,4.04,4.11,31500
2017-07-18,4.11,4.11,4.11,4.11,2
2017-07-19,4.11,4.11,4.11,4.11,0
2017-07-20,4.11,4.11,4.11,4.11,1000
2017-07-21,4.17,4.17,4.17,4.17,1000
2017-07-24,4.66,4.66,4.17,4.6,5102
2017-07-25,4.17,4.17,4.17,4.17,0
2017-07-26,4.17,4.17,4.17,4.17,3000
2017-07-27,4.17,4.17,4.17,4.17,0
2017-07-28,3.92,4.47,3.92,4.23,43000
2017-07-31,3.92,4.53,3.86,3.86,400
2017-08-01,4.17,4.17,4.17,4.17,1000
2017-08-02,4.29,4.78,4.29,4.78,5000
2017-08-03,4.6,4.6,4.41,4.6,5900
2017-08-04,4.6,4.6,4.47,4.47,24000
2017-08-07,4.11,4.11,4.11,4.11,2000
2017-08-08,4.29,4.35,4.29,4.35,6700
2017-08-09,4.35,4.53,4.35,4.41,7004
2017-08-10,4.47,4.6,4.47,4.6,9100
2017-08-11,4.6,4.6,4.6,4.6,1000
2017-08-14,4.6,4.72,4.6,4.66,28876
2017-08-15,4.66,4.66,4.66,4.66,0
2017-08-16,4.66,4.66,4.66,4.66,4077
2017-08-17,4.66,5.09,4.66,4.84,8100
2017-08-18,4.9,4.9,4.9,4.9,100
2017-08-21,4.6,4.6,4.6,4.6,100
2017-08-22,4.9,4.9,4.9,4.9,1700
2017-08-23,4.9,4.9,4.9,4.9,504
2017-08-24,4.72,4.9,4.66,4.9,12400
2017-08-25,4.6,4.6,4.6,4.6,200
2017-08-28,4.84,4.9,4.84,4.9,3300
2017-08-29,4.47,4.78,4.47,4.47,35100
2017-08-30,4.35,4.35,4.35,4.35,1000
2017-08-31,4.35,4.35,4.35,4.35,2500
2017-09-01,4.23,4.47,4.23,4.47,4100
2017-09-05,3.92,4.78,3.92,4.29,13900
2017-09-06,4.04,4.53,4.04,4.47,59500
2017-09-07,4.17,4.53,4.17,4.47,5200
2017-09-08,3.8,4.41,3.8,4.41,3300
2017-09-11,3.74,4.41,3.74,4.41,7400
2017-09-12,4.47,4.6,4.47,4.6,1500
2017-09-13,4.6,4.6,4.6,4.6,2004
2017-09-14,4.72,4.78,4.72,4.78,4500
2017-09-15,4.78,4.9,4.78,4.84,6000
2017-09-18,4.84,4.84,4.78,4.84,2400
2017-09-19,4.84,4.84,4.84,4.84,8000
2017-09-20,4.84,4.84,4.84,4.84,5000
2017-09-21,4.84,4.84,4.84,4.84,15500
2017-09-22,5.51,5.51,4.9,4.9,5826
2017-09-25,4.9,4.9,4.9,4.9,4060
2017-09-26,5.33,5.33,5.33,5.33,500
2017-09-27,5.33,5.33,5.33,5.33,0
2017-09-28,4.9,4.9,4.9,4.9,4100
2017-09-29,5.33,5.33,5.33,5.33,100
2017-10-02,5.33,5.33,5.33,5.33,0
2017-10-03,5.33,5.33,5.33,5.33,0
2017-10-04,5.02,5.02,5.02,5.02,14000
2017-10-05,5.27,5.27,5.02,5.02,3599
2017-10-06,5.09,5.09,5.09,5.09,0
2017-10-09,5.27,5.27,5.27,5.27,400
2017-10-10,5.27,5.27,5.27,5.27,0
2017-10-11,5.27,5.27,5.27,5.27,0
2017-10-12,4.9,4.9,4.9,4.9,6100
2017-10-13,5.09,5.09,5.09,5.09,1000
2017-10-16,4.9,5.21,4.9,5.21,2600
2017-10-17,5.15,5.45,5.15,5.45,24400
2017-10-18,5.15,5.15,5.15,5.15,0
2017-10-19,5.15,5.15,5.15,5.15,0
2017-10-20,5.82,5.82,5.82,5.82,1567
2017-10-23,5.51,5.82,5.39,5.45,13600
2017-10-24,5.45,5.45,5.39,5.39,8000
2017-10-25,5.45,5.51,5.33,5.39,4230
2017-10-26,5.45,6.19,5.45,5.82,13800
2017-10-27,5.76,6.0,5.76,6.0,2400
2017-10-30,6.13,6.13,5.51,5.94,4200
2017-10-31,6.13,6.74,5.88,6.74,7200
2017-11-01,7.11,7.11,7.11,7.11,460
2017-11-02,7.29,7.29,6.31,6.31,4300
2017-11-03,8.15,8.21,6.25,7.17,2000
2017-11-06,6.25,6.25,6.25,6.25,5600
2017-11-07,5.51,5.51,5.45,5.45,4700
2017-11-08,5.45,5.45,5.45,5.45,0
2017-11-09,4.9,5.45,4.9,5.45,1200
2017-11-10,5.39,5.39,5.39,5.39,0
2017-11-13,5.51,5.51,5.51,5.51,8200
2017-11-14,5.51,5.51,5.51,5.51,3000
2017-11-15,5.51,5.51,5.45,5.45,4408
2017-11-16,5.51,5.51,5.51,5.51,5500
2017-11-17,5.51,5.51,5.21,5.21,16900
2017-11-20,5.39,5.39,5.39,5.39,0
2017-11-21,4.9,5.82,4.9,5.51,11200
2017-11-22,5.51,5.51,5.51,5.51,11600
2017-11-23,5.51,5.64,5.51,5.64,2000
2017-11-24,5.76,5.76,5.64,5.64,3200
2017-11-27,5.76,5.76,5.76,5.76,0
2017-11-28,5.76,5.76,5.76,5.76,0
2017-11-29,5.33,5.33,5.33,5.33,5000
2017-11-30,4.96,5.33,4.96,5.27,8900
2017-12-01,5.27,5.27,5.27,5.27,0
2017-12-04,5.27,5.27,5.27,5.27,0
2017-12-05,5.33,5.33,5.27,5.27,1500
2017-12-06,5.27,5.76,5.27,5.76,1500
2017-12-07,5.27,5.76,5.27,5.27,3600
2017-12-08,5.27,5.27,5.27,5.27,0
2017-12-11,5.27,5.33,5.27,5.33,4000
2017-12-12,5.27,5.27,5.27,5.27,1100
2017-12-13,5.27,5.27,5.27,5.27,1000
2017-12-14,5.27,5.27,5.27,5.27,0
2017-12-15,5.27,5.27,5.21,5.21,3000
2017-12-18,5.82,5.82,5.82,5.82,400
2017-12-19,5.82,5.82,5.82,5.82,0
2017-12-20,5.82,5.82,5.82,5.82,0
2017-12-21,5.33,5.33,5.33,5.33,400
2017-12-22,5.33,5.33,5.33,5.33,0
2017-12-25,4.6,4.6,4.6,4.6,1000
2017-12-26,5.27,5.27,5.27,5.27,1400
2017-12-27,5.7,5.7,5.7,5.7,300
2017-12-28,5.7,5.7,5.7,5.7,0
2017-12-29,5.7,5.7,5.7,5.7,0
2018-01-02,6.31,6.31,6.31,6.31,300
2018-01-03,6.31,6.31,6.31,6.31,0
2018-01-04,6.98,6.98,6.98,6.98,500
2018-01-05,6.98,6.98,6.98,6.98,0
2018-01-08,5.94,5.94,5.94,5.94,1200
2018-01-09,5.94,5.94,5.94,5.94,0
2018-01-10,6.68,6.68,6.68,6.68,500
2018-01-11,6.68,6.68,6.68,6.68,0
2018-01-12,5.7,5.7,5.7,5.7,3000
2018-01-15,5.7,5.7,5.7,5.7,0
2018-01-16,6.37,6.37,6.37,6.37,1000
2018-01-17,6.37,6.37,6.37,6.37,0
2018-01-18,6.37,6.37,6.37,6.37,0
2018-01-19,6.37,6.37,6.37,6.37,0
2018-01-22,6.37,6.37,6.37,6.37,0
2018-01-23,6.37,6.37,6.37,6.37,0
2018-01-24,7.29,7.29,6.37,6.37,1300
2018-01-25,6.37,6.37,6.37,6.37,2000
2018-01-26,5.76,5.76,5.51,5.51,9000
2018-01-29,5.64,5.64,5.64,5.64,0
2018-01-30,6.0,6.0,6.0,6.0,100
2018-01-31,6.0,6.0,6.0,6.0,0
2018-02-01,6.0,6.0,6.0,6.0,0
2018-02-02,6.0,6.0,6.0,6.0,0
2018-02-05,6.25,6.25,6.25,6.25,500
2018-02-06,6.25,6.25,6.25,6.25,0
2018-02-07,6.25,6.25,6.25,6.25,0
2018-02-08,6.25,6.25,6.25,6.25,0
2018-02-09,6.25,6.25,6.25,6.25,0
2018-02-12,6.25,6.25,6.25,6.25,0
2018-02-13,6.25,6.25,6.25,6.25,0
2018-02-21,6.25,6.25,6.25,6.25,0
2018-02-22,6.92,6.92,6.92,6.92,500
2018-02-23,6.92,6.92,6.92,6.92,0
2018-02-26,6.92,6.92,6.92,6.92,0
2018-02-27,6.92,6.92,6.92,6.92,0
2018-02-28,6.92,6.92,6.92,6.92,0
2018-03-01,6.92,6.92,6.92,6.92,0
2018-03-02,6.92,6.92,6.92,6.92,0
2018-03-05,6.92,6.92,6.92,6.92,2
2018-03-06,6.92,6.92,6.92,6.92,0
2018-03-07,6.92,6.92,6.92,6.92,0
2018-03-08,6.92,6.92,6.92,6.92,0
2018-03-09,6.92,6.92,6.92,6.92,0
2018-03-12,6.92,6.92,6.92,6.92,0
2018-03-13,6.92,6.92,6.92,6.92,0
2018-03-14,6.92,6.92,6.92,6.92,0
2018-03-15,6.92,6.92,6.92,6.92,0
2018-03-16,6.92,6.92,6.92,6.92,0
2018-03-19,6.92,6.92,6.92,6.92,0
2018-03-20,6.92,6.92,6.92,6.92,0
2018-03-21,6.92,6.92,6.92,6.92,0
2018-03-22,5.94,5.94,5.94,5.94,500
2018-03-23,5.94,5.94,5.94,5.94,0
2018-03-26,5.94,5.94,5.94,5.94,0
2018-03-27,5.94,5.94,5.94,5.94,0
2018-03-28,5.94,5.94,5.94,5.94,0
2018-03-29,5.51,5.58,5.51,5.58,2000
2018-03-30,5.7,5.7,5.7,5.7,200
2018-04-02,5.7,5.7,5.7,5.7,0
2018-04-03,5.33,5.33,5.33,5.33,100
2018-04-04,4.9,4.9,4.53,4.53,4350
2018-04-05,3.86,3.98,3.86,3.98,13610
2018-04-06,3.31,4.41,3.31,4.41,17800
2018-04-09,4.41,4.41,4.41,4.41,5000
2018-04-10,5.02,5.02,5.02,5.02,210
2018-04-11,4.41,4.41,4.41,4.41,100
2018-04-12,4.41,4.41,4.41,4.41,2400
2018-04-13,4.6,4.6,4.6,4.6,600
2018-04-16,4.6,4.6,4.6,4.6,5000
2018-04-17,4.6,4.6,4.6,4.6,5041
2018-04-18,4.6,4.6,4.6,4.6,0
2018-04-19,4.6,4.6,4.6,4.6,1000
2018-04-20,4.6,4.6,4.6,4.6,0
2018-04-23,4.6,4.6,4.6,4.6,0
2018-04-24,4.6,4.6,4.6,4.6,0
2018-04-26,4.6,4.6,4.6,4.6,0
2018-04-27,4.6,4.6,4.6,4.6,0
2018-05-02,4.6,4.6,4.6,4.6,0
2018-05-03,4.6,4.6,4.6,4.6,7041
2018-05-04,4.6,4.6,4.6,4.6,80
2018-05-07,4.6,4.6,4.6,4.6,0
2018-05-08,4.9,4.9,4.9,4.9,100
2018-05-09,4.9,4.9,4.9,4.9,0
2018-05-10,4.9,4.9,4.9,4.9,0
2018-05-11,4.9,4.9,4.9,4.9,0
2018-05-14,4.9,4.9,4.9,4.9,0
2018-05-15,4.9,4.9,4.9,4.9,0
2018-05-16,4.9,4.9,4.9,4.9,0
2018-05-17,4.9,4.9,4.9,4.9,0
2018-05-18,4.9,4.9,4.9,4.9,0
2018-05-21,4.9,4.9,4.9,4.9,0
2018-05-22,4.9,4.9,4.9,4.9,0
2018-05-23,4.9,4.9,4.9,4.9,0
2018-05-24,4.9,4.9,4.9,4.9,0
2018-05-25,4.9,4.9,4.9,4.9,0
2018-05-28,4.9,4.9,4.9,4.9,0
2018-05-29,4.9,4.9,4.9,4.9,0
2018-05-30,4.9,4.9,4.9,4.9,0
2018-05-31,4.9,4.9,4.9,4.9,0
2018-06-01,4.9,4.9,4.9,4.9,0
2018-06-04,4.9,4.9,4.9,4.9,0
2018-06-05,4.9,4.9,4.9,4.9,0
2018-06-06,4.9,4.9,4.9,4.9,0
2018-06-07,4.9,4.9,4.9,4.9,0
2018-06-08,4.9,4.9,4.9,4.9,0
2018-06-11,4.9,4.9,4.9,4.9,0
2018-06-12,4.9,4.9,4.9,4.9,0
2018-06-13,4.9,4.9,4.9,4.9,0
2018-06-14,4.9,4.9,4.9,4.9,0
2018-06-15,4.9,4.9,4.9,4.9,0
2018-06-18,4.9,4.9,4.9,4.9,0
2018-06-19,4.9,4.9,4.9,4.9,0
2018-06-20,4.9,4.9,4.9,4.9,0
2018-06-21,4.9,4.9,4.9,4.9,0
2018-06-22,4.9,4.9,4.9,4.9,0
2018-06-25,4.9,4.9,4.9,4.9,0
2018-06-26,4.9,4.9,4.9,4.9,0
2018-06-27,4.9,4.9,4.9,4.9,0
2018-06-28,4.9,4.9,4.9,4.9,0
2018-06-29,4.9,4.9,4.9,4.9,0
2018-07-02,4.9,4.9,4.9,4.9,0
2018-07-03,4.9,4.9,4.9,4.9,0
2018-07-04,4.9,4.9,4.9,4.9,0
2018-07-05,4.9,4.9,4.9,4.9,0
2018-07-06,4.9,4.9,4.9,4.9,0
2018-07-09,4.9,4.9,4.9,4.9,0
2018-07-10,4.9,4.9,4.9,4.9,0
2018-07-11,4.9,4.9,4.9,4.9,0
2018-07-12,4.9,4.9,4.9,4.9,0
2018-07-13,4.9,4.9,4.9,4.9,0
2018-07-16,4.9,4.9,4.9,4.9,0
2018-07-17,4.9,4.9,4.9,4.9,0
2018-07-18,4.9,4.9,4.9,4.9,0
2018-07-19,4.9,4.9,4.9,4.9,0
2018-07-20,4.9,4.9,4.9,4.9,0
2018-07-23,4.9,4.9,4.9,4.9,0
2018-07-24,4.9,4.9,4.9,4.9,0
2018-07-25,4.9,4.9,4.9,4.9,0
2018-07-26,4.9,4.9,4.9,4.9,0
2018-07-27,4.9,4.9,4.9,4.9,0
2018-07-30,4.9,4.9,4.9,4.9,0
2018-07-31,4.9,4.9,4.9,4.9,0
2018-08-01,4.9,4.9,4.9,4.9,0
2018-08-02,4.9,4.9,4.9,4.9,0
2018-08-03,4.9,4.9,4.9,4.9,0
2018-08-06,4.9,4.9,4.9,4.9,0
2018-08-07,4.9,4.9,4.9,4.9,0
2018-08-08,4.9,4.9,4.9,4.9,0
2018-08-09,5.16,5.16,5.16,5.16,800
2018-08-10,5.16,5.16,5.16,5.16,0
2018-08-13,5.16,5.16,5.16,5.16,0
2018-08-14,5.16,5.16,5.16,5.16,0
2018-08-15,5.16,5.16,5.16,5.16,0
2018-08-16,5.16,5.16,5.16,5.16,0
2018-08-17,5.16,5.16,5.16,5.16,0
2018-08-20,5.16,5.16,5.16,5.16,0
2018-08-21,5.16,5.16,5.16,5.16,0
2018-08-22,5.16,5.16,5.16,5.16,0
2018-08-23,5.16,5.16,5.16,5.16,200
2018-08-24,5.16,5.16,5.16,5.16,0
2018-08-27,5.16,5.16,5.16,5.16,0
2018-08-28,5.16,5.16,5.16,5.16,0
2018-08-29,5.16,5.16,5.16,5.16,0
2018-08-30,5.16,5.16,5.16,5.16,0
2018-08-31,5.16,5.16,5.16,5.16,0
2018-09-04,5.16,5.16,5.16,5.16,0
2018-09-05,5.16,5.16,5.16,5.16,0
2018-09-06,5.16,5.16,5.16,5.16,0
2018-09-07,5.16,5.16,5.16,5.16,0
2018-09-10,5.16,5.16,5.16,5.16,0
2018-09-11,5.16,5.16,5.16,5.16,0
2018-09-12,5.16,5.16,5.16,5.16,0
2018-09-13,5.16,5.16,5.16,5.16,0
2018-09-14,5.16,5.16,5.16,5.16,0
2018-09-17,5.16,5.16,5.16,5.16,0
2018-09-18,5.16,5.16,5.16,5.16,0
2018-09-19,5.16,5.16,5.16,5.16,2
2018-09-20,5.16,5.16,5.16,5.16,0
2018-09-21,5.16,5.16,5.16,5.16,0
2018-09-24,5.16,5.16,5.16,5.16,0
2018-09-25,5.16,5.16,5.16,5.16,0
2018-09-26,5.16,5.16,5.16,5.16,0
2018-09-27,5.16,5.16,5.16,5.16,0
2018-09-28,5.16,5.16,5.16,5.16,0
2018-10-01,5.16,5.16,5.16,5.16,0
2018-10-02,5.16,5.16,5.16,5.16,0
2018-10-03,5.16,5.16,5.16,5.16,0
2018-10-04,5.16,5.16,5.16,5.16,0
2018-10-05,5.16,5.16,5.16,5.16,0
2018-10-08,5.16,5.16,5.16,5.16,0
2018-10-09,5.16,5.16,5.16,5.16,0
2018-10-10,5.16,5.16,5.16,5.16,1900
2018-10-11,5.16,5.16,5.16,5.16,100
2018-10-12,5.16,5.16,5.16,5.16,0
2018-10-15,5.16,5.16,5.16,5.16,900
2018-10-16,5.16,5.16,5.16,5.16,0
2018-10-17,5.16,5.16,5.16,5.16,0
2018-10-18,5.23,5.86,5.23,5.86,4300
2018-10-19,5.93,5.93,5.93,5.93,300
2018-10-22,6.07,6.07,6.07,6.07,1000
2018-10-23,6.07,6.07,6.07,6.07,0
2018-10-24,6.07,6.07,6.07,6.07,0
2018-10-25,6.07,6.07,6.07,6.07,0
2018-10-26,6.07,6.07,6.07,6.07,0
2018-10-29,6.07,6.07,6.07,6.07,0
2018-10-30,5.16,5.16,5.16,5.16,200
2018-10-31,5.16,5.16,5.16,5.16,0
2018-11-01,5.16,5.16,5.16,5.16,0
2018-11-02,5.16,5.16,5.16,5.16,0
2018-11-05,5.16,5.16,5.16,5.16,0
2018-11-06,5.16,5.16,5.16,5.16,0
2018-11-07,5.16,5.16,5.16,5.16,0
2018-11-08,5.16,5.16,5.16,5.16,0
2018-11-09,5.16,5.16,5.16,5.16,0
2018-11-12,4.4,4.4,4.4,4.4,100
2018-11-13,4.4,4.4,4.4,4.4,0
2018-11-14,4.4,4.4,4.4,4.4,0
2018-11-15,4.88,5.02,4.88,5.02,1000
2018-11-16,4.95,4.95,4.95,4.95,0
2018-11-19,4.95,4.95,4.95,4.95,0
2018-11-20,4.95,4.95,4.95,4.95,0
2018-11-21,4.95,4.95,4.95,4.95,0
2018-11-22,4.95,5.02,5.02,5.02,0
2018-11-23,4.95,5.02,5.02,5.02,0
2018-11-26,4.95,5.02,5.02,5.02,0
2018-11-27,4.95,5.02,5.02,5.02,0
2018-11-28,4.95,5.02,5.02,5.02,0
2018-11-29,4.95,5.02,5.02,5.02,0
2018-11-30,4.95,5.02,5.02,5.02,0
2018-12-03,4.95,5.02,5.02,5.02,0
2018-12-04,5.65,5.65,4.26,4.26,1408
2018-12-05,6.0,6.0,6.0,6.0,500
2018-12-06,6.0,6.0,6.0,6.0,500
2018-12-07,6.0,6.0,6.0,6.0,1
2018-12-10,6.0,6.0,6.0,6.0,0
2018-12-11,6.0,6.0,6.0,6.0,2
2018-12-12,6.0,6.0,6.0,6.0,0
2018-12-13,6.0,6.0,6.0,6.0,0
2018-12-14,6.0,6.0,6.0,6.0,0
2018-12-17,6.0,6.0,6.0,6.0,0
2018-12-18,6.0,6.0,6.0,6.0,0
2018-12-19,6.0,6.0,6.0,6.0,0
2018-12-20,6.0,6.0,6.0,6.0,0
2018-12-21,6.0,6.0,6.0,6.0,0
2018-12-24,6.0,6.0,6.0,6.0,0
2018-12-25,6.0,6.0,6.0,6.0,0
2018-12-26,6.0,6.0,6.0,6.0,0
2018-12-27,6.0,6.0,6.0,6.0,0
2018-12-28,5.23,5.23,5.23,5.23,500
2019-01-02,5.58,5.58,5.58,5.58,300
2019-01-03,5.58,5.58,5.58,5.58,0
2019-01-04,5.58,5.58,5.58,5.58,0
2019-01-07,5.58,5.58,5.58,5.58,0
2019-01-08,5.58,5.58,5.58,5.58,0
2019-01-09,5.58,5.58,5.58,5.58,0
2019-01-10,5.58,5.58,5.58,5.58,0
2019-01-11,5.58,5.58,5.58,5.58,0
2019-01-14,5.58,5.58,5.58,5.58,0
2019-01-15,5.58,5.58,5.58,5.58,0
2019-01-16,4.88,4.88,4.88,4.88,500
2019-01-17,4.88,4.88,4.88,4.88,0
2019-01-18,4.88,4.88,4.88,4.88,0
2019-01-21,4.88,4.88,4.88,4.88,0
2019-01-22,4.88,4.88,4.88,4.88,0
2019-01-23,4.88,4.88,4.88,4.88,0
2019-01-24,4.88,4.88,4.88,4.88,0
2019-01-25,4.88,4.88,4.88,4.88,0
2019-01-28,4.88,4.88,4.88,4.88,0
2019-01-29,4.88,4.88,4.88,4.88,0
2019-01-30,4.88,4.88,4.88,4.88,0
2019-01-31,4.88,4.88,4.88,4.88,0
2019-02-01,4.88,4.88,4.88,4.88,0
2019-02-11,4.88,4.88,4.88,4.88,0
2019-02-12,4.88,4.88,4.88,4.88,0
2019-02-13,4.88,4.88,4.88,4.88,0
2019-02-14,4.88,4.88,4.88,4.88,0
2019-02-15,4.88,4.88,4.88,4.88,0
2019-02-18,4.88,4.88,4.88,4.88,0
2019-02-19,4.88,4.88,4.88,4.88,0
2019-02-20,4.88,4.88,4.88,4.88,0
2019-02-21,4.88,4.88,4.88,4.88,0
2019-02-22,4.88,4.88,4.88,4.88,0
2019-02-25,4.88,4.88,4.88,4.88,0
2019-02-26,4.88,4.88,4.88,4.88,0
2019-02-27,4.88,4.88,4.88,4.88,0
2019-02-28,4.88,4.88,4.88,4.88,0
2019-03-01,4.88,4.88,4.88,4.88,0
2019-03-04,4.88,4.88,4.88,4.88,0
2019-03-05,4.88,4.88,4.88,4.88,0
2019-03-06,4.88,4.88,4.88,4.88,0
2019-03-07,4.88,4.88,4.88,4.88,0
2019-03-08,4.88,4.88,4.88,4.88,0
2019-03-11,4.88,4.88,4.88,4.88,0
2019-03-12,4.88,4.88,4.88,4.88,0
2019-03-13,4.88,4.88,4.88,4.88,0
2019-03-14,4.88,4.88,4.88,4.88,0
2019-03-15,4.88,4.88,4.88,4.88,0
2019-03-18,4.88,4.88,4.88,4.88,0
2019-03-19,4.88,4.88,4.88,4.88,0
2019-03-20,4.88,4.88,4.88,4.88,0
2019-03-21,4.88,4.88,4.88,4.88,0
2019-03-22,4.88,6.28,2.93,6.28,9900
2019-03-25,3.91,3.91,3.91,6.28,8
2019-03-26,3.91,6.28,6.28,6.28,0
2019-03-27,3.91,6.28,6.28,6.28,0
2019-03-28,3.91,6.28,6.28,6.28,0
2019-03-29,4.47,4.47,4.47,4.47,605
2019-04-01,5.09,5.09,5.09,5.09,104
2019-04-02,5.79,5.79,5.79,5.79,103
2019-04-03,5.79,5.79,5.79,5.79,0
2019-04-04,5.86,5.86,5.86,5.86,200
2019-04-05,5.86,5.86,5.86,5.86,0
2019-04-08,5.86,5.86,5.86,5.86,101
2019-04-09,5.86,5.86,5.86,5.86,0
2019-04-10,5.86,5.86,5.86,5.86,0
2019-04-11,5.86,5.86,5.86,5.86,0
2019-04-12,5.86,5.86,5.86,5.86,0
2019-04-16,5.86,5.86,5.86,5.86,0
2019-04-17,5.86,5.86,5.86,5.86,0
2019-04-18,5.86,5.86,5.86,5.86,0
2019-04-19,5.86,5.86,5.86,5.86,0
2019-04-22,5.86,5.86,5.86,5.86,0
2019-04-23,5.86,5.86,5.86,5.86,0
2019-04-24,5.86,5.86,5.86,5.86,0
2019-04-25,5.86,5.86,5.86,5.86,0
2019-04-26,5.86,5.86,5.86,5.86,0
2019-05-02,5.86,5.86,5.86,5.86,0
2019-05-03,5.86,5.86,5.86,5.86,0
2019-05-06,5.58,5.58,5.58,5.58,2513
2019-05-07,5.58,5.58,5.58,5.58,0
2019-05-08,5.58,5.58,5.58,5.58,100
2019-05-09,5.58,5.58,5.58,5.58,0
2019-05-10,5.58,5.58,5.58,5.58,0
2019-05-13,5.58,5.58,5.58,5.58,0
2019-05-14,5.58,5.58,5.58,5.58,0
2019-05-15,5.58,5.58,5.58,5.58,0
2019-05-16,5.58,5.58,5.58,5.58,0
2019-05-17,5.58,5.58,5.58,5.58,0
2019-05-20,5.58,5.58,5.58,5.58,0
2019-05-21,5.58,5.58,5.58,5.58,0
2019-05-22,5.58,5.58,5.58,5.58,0
2019-05-23,5.58,5.58,5.58,5.58,0
2019-05-24,5.58,5.58,5.58,5.58,0
2019-05-27,5.58,5.58,5.58,5.58,0
2019-05-28,4.74,4.74,4.74,4.74,5000
2019-05-29,4.88,4.88,4.88,4.88,11200
2019-05-30,4.19,4.19,4.19,4.19,10000
2019-05-31,4.19,4.19,4.19,4.19,0
2019-06-03,3.63,3.63,3.63,3.63,10000
2019-06-04,3.63,3.63,3.63,3.63,0
2019-06-05,3.63,3.63,3.63,3.63,0
2019-06-06,3.63,3.63,3.63,3.63,3068
2019-06-07,3.63,3.63,3.63,3.63,0
2019-06-10,3.63,3.63,3.63,3.63,0
2019-06-11,4.12,4.12,4.12,4.12,100
2019-06-12,4.12,4.12,4.12,4.12,0
2019-06-13,4.12,4.12,4.12,4.12,0
2019-06-14,4.12,4.12,4.12,4.12,0
2019-06-17,4.12,4.12,4.12,4.12,0
2019-06-18,4.12,4.12,4.12,4.12,0
2019-06-19,4.67,4.67,4.67,4.67,224
2019-06-20,5.37,5.37,3.98,5.37,100
2019-06-21,6.14,6.14,5.58,5.58,10100
2019-06-24,5.58,5.58,5.58,5.58,0
2019-06-25,5.58,5.58,5.58,5.58,0
2019-06-26,5.23,5.23,5.23,5.23,300
2019-06-27,4.54,4.54,4.54,4.54,100
2019-06-28,4.54,4.54,4.54,4.54,0
2019-07-01,5.16,5.16,5.16,5.16,100
2019-07-02,5.16,5.16,5.16,5.16,2
2019-07-03,5.23,5.93,5.23,5.93,1700
2019-07-04,5.72,5.72,5.72,5.72,0
2019-07-05,5.72,5.93,5.93,5.93,0
2019-07-08,5.72,5.93,5.93,5.93,0
2019-07-09,5.72,5.93,5.93,5.93,0
2019-07-10,5.72,5.93,5.93,5.93,0
2019-07-11,5.72,5.93,5.93,5.93,0
2019-07-12,5.72,5.93,5.93,5.93,0
2019-07-15,5.72,5.93,5.93,5.93,0
2019-07-16,5.72,5.93,5.93,5.93,0
2019-07-17,5.72,5.93,5.93,5.93,0
2019-07-18,5.72,5.93,5.93,5.93,0
2019-07-19,5.72,5.93,5.93,5.93,0
2019-07-22,5.72,5.93,5.93,5.93,0
2019-07-23,5.72,5.93,5.93,5.93,0
2019-07-24,5.72,5.72,5.72,5.93,10
2019-07-25,5.72,5.93,5.93,5.93,0
2019-07-26,5.72,5.93,5.93,5.93,0
2019-07-29,5.72,5.93,5.93,5.93,0
2019-07-30,5.72,5.93,5.93,5.93,0
2019-07-31,5.72,5.93,5.93,5.93,0
2019-08-01,5.72,5.93,5.93,5.93,0
2019-08-02,5.72,5.93,5.93,5.93,0
2019-08-05,5.72,5.93,5.93,5.93,0
2019-08-06,5.72,5.93,5.93,5.93,0
2019-08-07,5.72,5.93,5.93,5.93,0
2019-08-08,5.72,5.93,5.93,5.93,0
2019-08-09,5.72,5.93,5.93,5.93,0
2019-08-12,5.72,5.93,5.93,5.93,0
2019-08-13,3.49,3.49,3.49,3.49,100000
2019-08-14,3.49,3.49,3.49,3.49,0
2019-08-15,3.07,3.07,3.07,3.07,81014
2019-08-16,3.07,3.07,3.07,3.07,0
2019-08-19,3.0,3.0,3.0,3.0,62701
2019-08-20,3.0,3.0,3.0,3.0,0
2019-08-21,3.0,3.0,3.0,3.0,2
2019-08-22,3.0,3.0,3.0,3.0,13
2019-08-23,3.0,3.0,3.0,3.0,0
2019-08-26,3.0,3.0,3.0,3.0,0
2019-08-27,3.0,3.0,3.0,3.0,0
2019-08-28,3.0,3.0,3.0,3.0,0
2019-08-29,3.0,3.0,3.0,3.0,0
2019-08-30,3.0,3.0,3.0,3.0,20
2019-09-03,3.0,3.0,3.0,3.0,0
2019-09-04,3.0,3.0,3.0,3.0,0
2019-09-05,3.0,3.0,3.0,3.0,0
2019-09-06,3.0,3.0,3.0,3.0,0
2019-09-09,3.0,3.0,3.0,3.0,0
2019-09-10,3.0,3.0,3.0,3.0,0
2019-09-11,3.0,3.0,3.0,3.0,0
2019-09-12,3.0,3.0,3.0,3.0,0
2019-09-13,3.0,3.0,3.0,3.0,0
2019-09-16,3.0,3.0,3.0,3.0,0
2019-09-17,3.0,3.0,3.0,3.0,0
2019-09-18,3.0,3.0,3.0,3.0,0
2019-09-19,3.0,3.0,3.0,3.0,0
2019-09-20,3.0,3.0,3.0,3.0,0
2019-09-23,3.0,3.0,3.0,3.0,0
2019-09-24,3.0,3.0,3.0,3.0,0
2019-09-25,3.0,3.0,3.0,3.0,0
2019-09-26,3.0,3.0,3.0,3.0,0
2019-09-27,3.0,3.0,3.0,3.0,0
2019-09-30,3.0,3.0,3.0,3.0,0
2019-10-01,3.0,3.0,3.0,3.0,0
2019-10-02,3.0,3.0,3.0,3.0,0
2019-10-03,3.0,3.0,3.0,3.0,0
2019-10-04,3.0,3.0,3.0,3.0,0
2019-10-07,3.0,3.0,3.0,3.0,0
2019-10-08,3.0,3.0,3.0,3.0,0
2019-10-09,3.0,3.0,3.0,3.0,0
2019-10-10,3.0,3.0,3.0,3.0,0
2019-10-11,3.0,3.0,3.0,3.0,0
2019-10-14,3.0,3.0,3.0,3.0,0
2019-10-15,3.0,3.0,3.0,3.0,0
2019-10-16,3.0,3.0,3.0,3.0,0
2019-10-17,3.0,3.0,3.0,3.0,0
2019-10-18,3.0,3.0,3.0,3.0,0
2019-10-21,3.0,3.0,3.0,3.0,0
2019-10-22,4.19,4.19,4.19,4.19,20000
2019-10-23,4.81,4.81,4.81,4.81,100
2019-10-24,5.23,5.51,5.23,5.51,13000
2019-10-25,5.51,5.51,5.51,5.51,3000
2019-10-28,5.51,5.51,5.51,5.51,6200
2019-10-29,5.51,5.65,5.51,5.58,13000
2019-10-30,5.58,5.58,5.58,5.58,7000
2019-10-31,5.58,5.58,5.58,5.58,9200
2019-11-01,5.58,5.72,5.58,5.72,14700
2019-11-04,5.65,5.72,5.72,5.72,0
2019-11-05,5.79,5.93,5.79,5.93,33300
2019-11-06,6.07,6.07,6.07,6.07,27588
2019-11-07,6.28,6.28,6.28,6.28,1000
2019-11-08,6.28,6.28,6.28,6.28,0
2019-11-11,6.28,6.28,6.28,6.28,0
2019-11-12,6.28,6.28,6.28,6.28,0
2019-11-13,6.28,6.28,6.28,6.28,0
2019-11-14,6.42,6.42,6.35,6.35,8000
2019-11-15,6.42,6.42,6.35,6.35,4000
2019-11-18,6.35,6.35,6.35,6.35,6400
2019-11-19,6.35,6.35,6.35,6.35,8500
2019-11-20,6.35,6.35,6.35,6.35,6000
2019-11-21,6.42,6.42,6.42,6.42,2000
2019-11-22,6.42,6.49,6.42,6.49,9100
2019-11-25,6.49,6.49,6.49,6.49,0
2019-11-26,6.49,6.49,6.49,6.49,10000
2019-11-27,6.49,6.49,6.49,6.49,8300
2019-11-28,6.49,6.49,6.49,6.49,0
2019-11-29,6.56,6.56,6.56,6.56,1000
2019-12-02,6.56,6.56,6.56,6.56,0
2019-12-03,6.56,6.56,6.56,6.56,0
2019-12-04,6.56,6.56,6.56,6.56,0
2019-12-05,6.77,6.77,6.77,6.77,500
2019-12-06,6.77,6.77,6.77,6.77,0
2019-12-09,6.84,6.84,6.84,6.84,15500
2019-12-10,6.84,6.84,6.84,6.84,6200
2019-12-11,6.84,6.84,6.84,6.84,0
2019-12-12,6.84,6.84,6.84,6.84,0
2019-12-13,6.84,6.84,6.84,6.84,0
2019-12-16,6.84,6.84,6.84,6.84,0
2019-12-17,6.84,6.84,6.84,6.84,0
2019-12-18,6.84,6.84,6.84,6.84,0
2019-12-19,6.98,6.98,6.98,6.98,1000
2019-12-20,6.98,6.98,6.98,6.98,0
2019-12-23,6.98,6.98,6.98,6.98,0
2019-12-24,5.93,5.93,5.93,5.93,2000
2019-12-25,6.28,6.28,6.28,6.28,3000
2019-12-26,6.63,6.63,6.63,6.63,1000
2019-12-27,6.84,6.84,6.84,6.84,2000
2019-12-30,6.84,6.84,6.84,6.84,4000
2019-12-31,5.93,5.93,5.93,5.93,500
2020-01-02,5.93,5.93,5.93,5.93,0
2020-01-03,5.93,5.93,5.93,5.93,0
2020-01-06,5.93,5.93,5.93,5.93,0
2020-01-07,5.93,5.93,5.93,5.93,0
2020-01-08,5.93,5.93,5.93,5.93,0
2020-01-09,6.28,6.77,6.28,6.77,3500
2020-01-10,6.84,6.84,6.84,6.84,2000
2020-01-13,6.84,6.84,6.84,6.84,5000
2020-01-14,6.84,6.84,6.84,6.84,0
2020-01-15,6.63,6.63,6.63,6.63,1000
2020-01-16,6.63,6.63,6.63,6.63,0
2020-01-17,6.84,6.84,6.84,6.84,4000
2020-01-20,6.91,6.91,6.91,6.91,1000
2020-01-21,6.91,6.91,6.91,6.91,0
2020-01-22,6.91,6.91,6.91,6.91,0
2020-01-30,6.91,6.91,6.91,6.91,0
2020-01-31,6.91,6.91,6.91,6.91,0
2020-02-03,6.91,6.91,6.91,6.91,0
2020-02-04,6.91,6.91,6.91,6.91,0
2020-02-05,6.91,6.91,6.91,6.91,0
2020-02-06,6.91,6.91,6.91,6.91,0
2020-02-07,6.91,6.91,6.91,6.91,0
2020-02-10,6.91,6.91,6.91,6.91,0
2020-02-11,6.91,6.91,6.91,6.91,0
2020-02-12,6.91,6.91,6.91,6.91,0
2020-02-13,6.91,6.91,6.91,6.91,0
2020-02-14,6.91,6.91,6.91,6.91,0
2020-02-17,6.91,6.91,6.91,6.91,0
2020-02-18,6.91,6.91,6.91,6.91,0
2020-02-19,6.91,6.91,6.91,6.91,0
2020-02-20,6.91,6.91,6.91,6.91,0
2020-02-21,6.91,6.91,6.91,6.91,0
2020-02-24,6.91,6.91,6.91,6.91,0
2020-02-25,6.91,6.91,6.91,6.91,1
2020-02-26,6.91,6.91,6.91,6.91,0
2020-02-27,6.91,6.91,6.91,6.91,0
2020-02-28,6.91,6.91,6.91,6.91,0
2020-03-02,6.91,6.91,6.91,6.91,0
2020-03-03,6.91,6.91,6.91,6.91,0
2020-03-04,6.91,6.91,6.91,6.91,0
2020-03-05,6.91,6.91,6.91,6.91,0
2020-03-06,6.91,6.91,6.91,6.91,0
2020-03-09,6.91,6.91,6.91,6.91,0
2020-03-10,6.91,6.91,6.91,6.91,0
2020-03-11,6.91,6.91,6.91,6.91,0
2020-03-12,6.91,6.91,6.91,6.91,0
2020-03-13,6.91,6.91,6.91,6.91,0
2020-03-16,6.91,6.91,6.91,6.91,0
2020-03-17,6.91,6.91,6.91,6.91,0
2020-03-18,6.91,6.91,6.91,6.91,0
2020-03-19,6.91,6.91,6.91,6.91,0
2020-03-20,6.91,6.91,6.91,6.91,0
2020-03-23,6.91,6.91,6.91,6.91,0
2020-03-24,6.91,6.91,6.91,6.91,0
2020-03-25,6.91,6.91,6.91,6.91,0
2020-03-26,6.91,6.91,6.91,6.91,0
2020-03-27,6.91,6.91,6.91,6.91,0
2020-03-30,6.91,6.91,6.91,6.91,0
2020-03-31,6.91,6.91,6.91,6.91,0
2020-04-01,6.91,6.91,6.91,6.91,0
2020-04-03,6.91,6.91,6.91,6.91,0
2020-04-06,6.91,6.91,6.91,6.91,0
2020-04-07,6.91,6.91,6.91,6.91,0
2020-04-08,6.91,6.91,6.91,6.91,0
2020-04-09,6.91,6.91,6.91,6.91,0
2020-04-10,6.91,6.91,6.91,6.91,0
2020-04-13,6.91,6.91,6.91,6.91,0
2020-04-14,6.91,6.91,6.91,6.91,0
2020-04-15,6.91,6.91,6.91,6.91,0
2020-04-16,6.91,6.91,6.91,6.91,0
2020-04-17,6.91,6.91,6.91,6.91,0
2020-04-20,6.91,6.91,6.91,6.91,0
2020-04-21,6.91,6.91,6.91,6.91,0
2020-04-22,6.91,6.91,6.91,6.91,0
2020-04-23,6.91,6.91,6.91,6.91,0
2020-04-24,6.91,6.91,6.91,6.91,0
2020-04-27,6.91,6.91,6.91,6.91,0
2020-04-28,6.91,6.91,6.91,6.91,0
2020-04-29,6.91,6.91,6.91,6.91,0
2020-05-04,6.91,6.91,6.91,6.91,0
2020-05-05,6.91,6.91,6.91,6.91,0
2020-05-06,6.91,6.91,6.91,6.91,0
2020-05-07,6.91,6.91,6.91,6.91,0
2020-05-08,6.91,6.91,6.91,6.91,0
2020-05-11,6.91,6.91,6.91,6.91,0
2020-05-12,6.91,6.91,6.91,6.91,0
2020-05-13,6.91,6.91,6.91,6.91,0
2020-05-14,6.91,6.91,6.91,6.91,0
2020-05-15,6.91,6.91,6.91,6.91,0
2020-05-18,6.91,6.91,6.91,6.91,0
2020-05-19,6.91,6.91,6.91,6.91,0
2020-05-20,6.91,6.91,6.91,6.91,0
2020-05-21,6.91,6.91,6.91,6.91,0
2020-05-22,6.91,6.91,6.91,6.91,0
2020-05-25,6.91,6.91,6.91,6.91,0
2020-05-26,6.91,6.91,6.91,6.91,0
2020-05-27,6.91,6.91,6.91,6.91,0
2020-05-28,6.91,6.91,6.91,6.91,0
2020-05-29,6.91,6.91,6.91,6.91,0
2020-06-01,6.91,6.91,6.91,6.91,0
2020-06-02,6.91,6.91,6.91,6.91,0
2020-06-03,6.91,6.91,6.91,6.91,0
2020-06-04,6.91,6.91,6.91,6.91,0
2020-06-05,6.91,6.91,6.91,6.91,0
2020-06-08,6.91,6.91,6.91,6.91,0
2020-06-09,6.91,6.91,6.91,6.91,0
2020-06-10,6.91,6.91,6.91,6.91,0
2020-06-11,6.91,6.91,6.91,6.91,0
2020-06-12,6.91,6.91,6.91,6.91,0
2020-06-15,6.91,6.91,6.91,6.91,3000
2020-06-16,6.91,6.91,6.91,6.91,0
2020-06-17,6.91,6.91,6.91,6.91,2000
2020-06-18,6.91,6.91,6.91,6.91,0
2020-06-19,6.91,6.91,6.91,6.91,0
2020-06-22,6.91,6.91,6.91,6.91,0
2020-06-23,6.91,6.91,6.91,6.91,0
2020-06-24,6.91,6.91,6.91,6.91,7500
2020-06-25,6.98,6.98,6.91,6.91,14000
2020-06-26,6.91,6.91,6.91,6.91,30
2020-06-29,6.91,6.91,6.91,6.91,2001
2020-06-30,6.91,6.91,6.91,6.91,1000
2020-07-01,6.91,6.91,6.91,6.91,500
2020-07-02,6.91,6.91,6.91,6.91,3500
2020-07-03,6.91,6.91,6.91,6.91,0
2020-07-06,6.91,6.91,6.91,6.91,0
2020-07-07,6.91,6.91,6.91,6.91,0
2020-07-08,6.91,6.91,6.91,6.91,0
2020-07-09,6.91,6.91,6.91,6.91,0
2020-07-10,6.91,6.91,6.91,6.91,0
2020-07-13,6.91,6.91,6.91,6.91,0
2020-07-14,6.91,6.91,6.91,6.91,0
2020-07-15,6.91,6.91,6.91,6.91,0
2020-07-16,6.91,6.91,6.91,6.91,0
2020-07-17,6.91,6.91,6.91,6.91,0
2020-07-20,6.91,6.91,6.91,6.91,0
2020-07-21,6.91,6.91,6.91,6.91,0
2020-07-22,6.91,6.91,6.91,6.91,0
2020-07-23,7.33,7.33,7.33,7.33,13000
2020-07-24,6.98,6.98,6.98,6.98,11600
2020-07-27,6.91,7.19,6.91,7.19,93100
2020-07-28,6.98,7.19,7.19,7.19,0
2020-07-29,6.98,7.19,7.19,7.19,0
2020-07-30,6.98,7.67,6.98,7.67,11200
2020-07-31,6.98,8.02,6.98,8.02,25100
2020-08-03,7.4,8.02,8.02,8.02,0
2020-08-04,7.67,8.44,7.67,8.44,8100
2020-08-05,9.35,9.35,9.35,9.35,7600
2020-08-06,9.35,9.35,9.35,9.35,2569
2020-08-07,9.35,9.35,9.35,9.35,60
2020-08-10,7.95,7.95,7.95,7.95,140
2020-08-11,7.95,7.95,6.77,6.77,200
2020-08-12,7.4,6.77,6.77,6.77,0
2020-08-13,7.4,6.77,6.77,6.77,0
2020-08-14,6.98,6.98,6.98,6.98,1257
2020-08-17,6.98,6.98,6.98,6.98,0
2020-08-18,6.98,6.98,6.98,6.98,0
2020-08-19,6.98,6.98,6.98,6.98,0
2020-08-20,6.98,6.98,6.98,6.98,0
2020-08-21,6.98,6.98,6.98,6.98,0
2020-08-24,8.02,8.02,8.02,8.02,16005
2020-08-25,9.21,9.21,9.21,9.21,700
2020-08-26,9.21,9.21,9.21,9.21,0
2020-08-27,9.21,9.21,9.21,9.21,0
2020-08-28,9.21,9.21,9.21,9.21,0
2020-08-31,9.21,9.21,9.21,9.21,6356
2020-09-01,9.21,9.21,9.21,9.21,0
2020-09-03,9.21,9.21,9.21,9.21,0
2020-09-04,9.07,9.07,9.07,9.07,2900
2020-09-07,9.07,9.07,9.07,9.07,0
2020-09-08,9.07,9.07,9.07,9.07,1
2020-09-09,9.07,9.07,9.07,9.07,0
2020-09-10,7.81,7.81,7.74,7.74,9500
2020-09-11,7.12,7.12,7.12,7.12,10000
2020-09-14,6.77,6.77,6.77,6.77,10000
2020-09-15,6.77,6.77,6.77,6.77,0
2020-09-16,6.42,6.42,5.86,5.86,10001
2020-09-17,5.86,5.86,5.86,5.86,0
2020-09-18,5.86,5.86,5.86,5.86,0
2020-09-21,6.7,6.7,6.7,6.7,100
2020-09-22,7.6,7.6,7.6,7.6,100
2020-09-23,8.65,8.65,6.7,6.7,2800
2020-09-24,8.3,8.3,8.3,8.3,100
2020-09-25,8.3,8.3,8.3,8.3,0
2020-09-28,8.3,8.3,8.3,8.3,0
2020-09-29,9.49,9.49,9.49,9.49,101
2020-09-30,9.49,9.49,9.49,9.49,0
2020-10-01,9.49,9.49,9.49,9.49,0
2020-10-02,9.49,9.49,9.49,9.49,0
2020-10-05,8.09,8.09,8.09,8.09,15100
2020-10-06,8.09,8.09,8.09,8.09,0
2020-10-07,8.09,8.09,8.09,8.09,0
2020-10-08,9.28,9.28,9.28,9.28,100
2020-10-09,9.28,9.28,9.28,9.28,0
2020-10-12,9.28,9.28,9.28,9.28,0
2020-10-13,10.54,10.54,10.54,10.54,100
2020-10-14,10.54,10.54,10.54,10.54,0
2020-10-15,10.54,10.54,10.54,10.54,0
2020-10-16,10.54,10.54,10.54,10.54,0
2020-10-19,10.54,10.54,10.54,10.54,0
2020-10-20,10.54,10.54,10.54,10.54,0
2020-10-21,10.54,10.54,10.54,10.54,0
2020-10-22,10.54,10.54,10.54,10.54,0
2020-10-23,10.54,10.54,10.54,10.54,0
2020-10-26,12.07,12.07,12.07,12.07,100
2020-10-27,12.07,12.07,12.07,12.07,0
2020-10-28,10.33,10.33,10.33,10.33,32400
2020-10-29,8.79,8.79,8.79,8.79,200
2020-10-30,7.54,7.54,7.54,7.54,100
2020-11-02,7.54,7.54,7.54,7.54,0
2020-11-03,7.54,7.54,7.54,7.54,0
2020-11-04,7.74,7.74,7.74,7.74,100
2020-11-05,8.86,8.86,8.86,8.86,100
2020-11-06,7.74,8.02,7.67,7.67,17800
2020-11-09,6.7,8.86,6.7,8.86,79700
2020-11-10,8.58,8.86,8.86,8.86,0
2020-11-11,8.37,8.37,8.37,8.37,400
2020-11-12,9.0,9.0,9.0,9.0,100
2020-11-13,10.33,10.33,10.33,10.33,100
2020-11-16,11.86,11.86,11.86,11.86,100
2020-11-17,11.86,11.86,11.86,11.86,0
2020-11-18,11.86,11.86,11.86,11.86,0
2020-11-19,10.12,10.12,10.12,10.12,100
2020-11-20,11.58,11.58,8.65,8.65,200
2020-11-23,10.12,8.65,8.65,8.65,0
2020-11-24,8.65,8.65,8.65,8.65,100
2020-11-25,8.02,8.37,8.02,8.09,43200
2020-11-26,7.81,7.81,7.81,7.81,300
2020-11-27,7.81,7.81,7.67,7.67,10000
2020-11-30,7.74,7.67,7.67,7.67,0
2020-12-01,6.63,6.63,6.63,6.63,100
2020-12-02,5.65,7.6,5.65,7.6,200
2020-12-03,6.63,7.6,7.6,7.6,0
2020-12-04,5.65,5.65,5.65,5.65,100
2020-12-07,6.49,6.49,6.49,6.49,100
2020-12-08,7.4,7.4,7.4,7.4,100
2020-12-09,6.56,6.56,6.56,6.56,100
2020-12-10,6.56,6.56,6.56,6.56,0
2020-12-11,6.56,6.56,6.56,6.56,0
2020-12-14,7.54,7.54,7.54,7.54,100
2020-12-15,8.58,8.58,8.58,8.58,100
2020-12-16,9.77,9.77,7.4,7.4,200
2020-12-17,8.58,7.4,7.4,7.4,0
2020-12-18,8.16,8.72,8.16,8.72,800
2020-12-21,7.4,9.7,7.4,9.7,5900
2020-12-22,8.65,8.65,8.65,8.65,100
2020-12-23,9.07,9.07,9.07,9.07,100
2020-12-24,9.07,9.07,9.07,9.07,0
2020-12-25,7.74,7.74,7.74,7.74,8000
2020-12-28,7.12,7.12,7.12,7.12,100
2020-12-29,7.12,7.12,7.12,7.12,0
2020-12-30,7.12,7.12,7.12,7.12,0
2020-12-31,7.12,7.12,7.12,7.12,8100
2021-01-04,7.12,7.12,7.12,7.12,0
2021-01-05,7.12,7.12,7.12,7.12,0
2021-01-06,6.7,6.7,6.7,6.7,100
2021-01-07,6.7,6.7,6.7,6.7,0
2021-01-08,6.63,6.63,6.63,6.63,8000
2021-01-11,6.63,6.63,6.63,6.63,0
2021-01-12,6.63,6.63,6.63,6.63,0
2021-01-13,6.63,6.63,6.63,6.63,0
2021-01-14,6.63,6.63,6.63,6.63,0
2021-01-15,6.63,6.63,6.63,6.63,100
2021-01-18,6.63,6.63,6.63,6.63,0
2021-01-19,6.63,6.63,6.63,6.63,0
2021-01-20,7.6,7.6,7.6,7.6,4900
2021-01-21,7.6,7.6,7.6,7.6,0
2021-01-22,7.6,7.6,7.6,7.6,0
2021-01-25,6.7,6.7,6.7,6.7,100
2021-01-26,6.7,6.7,6.7,6.7,0
2021-01-27,7.67,7.67,7.67,7.67,5100
2021-01-28,6.7,6.7,6.7,6.7,100
2021-01-29,6.42,7.67,6.42,7.67,200
2021-02-01,6.42,6.42,6.42,6.42,9500
2021-02-02,7.33,7.33,7.33,7.33,100
2021-02-03,7.33,7.33,7.33,7.33,0
2021-02-04,6.49,8.02,6.49,8.02,200
2021-02-05,6.49,6.49,6.49,6.49,100
2021-02-08,7.4,7.4,7.4,7.4,100
2021-02-09,7.4,7.4,7.4,7.4,0
2021-02-17,7.4,7.4,7.4,7.4,0
2021-02-18,6.49,7.88,6.49,7.88,200
2021-02-19,7.67,7.67,7.67,7.67,400
2021-02-22,6.7,6.7,6.7,6.7,200
2021-02-23,6.7,6.7,6.7,6.7,0
2021-02-24,6.7,6.7,6.7,6.7,0
2021-02-25,6.7,6.7,6.7,6.7,0
2021-02-26,6.49,6.49,6.49,6.49,100
2021-03-01,6.49,6.49,6.49,6.49,0
2021-03-02,6.49,6.49,6.49,6.49,0
2021-03-03,7.4,7.4,7.4,7.4,2700
2021-03-04,7.26,7.26,7.26,7.26,3000
2021-03-05,6.63,6.63,6.63,6.63,100
2021-03-08,7.6,7.6,7.6,7.6,12000
2021-03-09,6.7,6.7,6.7,6.7,200
2021-03-10,6.7,6.7,6.7,6.7,0
2021-03-11,6.49,6.49,6.49,6.49,100
2021-03-12,6.49,6.49,6.49,6.49,0
2021-03-15,6.49,6.49,6.49,6.49,0
2021-03-16,7.4,7.4,7.4,7.4,12400
2021-03-17,6.7,6.7,6.7,6.7,100
2021-03-18,6.7,6.7,6.7,6.7,0
2021-03-19,6.7,6.7,6.7,6.7,0
2021-03-22,6.7,6.7,6.7,6.7,0
2021-03-23,6.7,6.7,6.7,6.7,83
2021-03-24,6.7,6.7,6.7,6.7,0
2021-03-25,6.7,6.7,6.7,6.7,0
2021-03-26,6.7,6.7,6.7,6.7,0
2021-03-29,6.7,6.7,6.7,6.7,0
2021-03-30,6.7,6.7,6.7,6.7,0
2021-03-31,6.7,6.7,6.7,6.7,0
2021-04-01,7.67,7.67,7.67,7.67,100
2021-04-02,7.67,7.67,7.67,7.67,0
2021-04-05,7.67,7.67,7.67,7.67,0
2021-04-06,8.37,8.37,8.37,8.37,100
2021-04-07,8.37,8.37,7.67,7.67,500
2021-04-08,7.67,7.67,7.67,7.67,100
2021-04-09,7.67,7.67,7.67,7.67,7600
2021-04-12,7.67,7.67,7.67,7.67,3100
2021-04-13,7.67,7.67,7.67,7.67,0
2021-04-14,7.67,7.67,7.67,7.67,0
2021-04-15,8.37,8.37,8.37,8.37,29200
2021-04-16,8.37,8.37,8.37,8.37,0
2021-04-19,8.37,8.37,8.37,8.37,300
2021-04-20,8.37,8.37,8.37,8.37,0
2021-04-22,8.37,8.37,8.37,8.37,0
2021-04-23,8.37,8.37,8.37,8.37,0
2021-04-26,8.37,8.37,8.37,8.37,0
2021-04-27,8.37,8.37,8.37,8.37,0
2021-04-28,8.37,8.37,8.37,8.37,0
2021-04-29,8.37,8.37,8.37,8.37,0
2021-05-04,8.37,8.37,8.37,8.37,0
2021-05-05,8.37,8.37,8.37,8.37,87
2021-05-06,8.37,8.37,8.37,8.37,0
2021-05-07,8.37,8.37,8.37,8.37,0
2021-05-10,8.37,8.37,8.37,8.37,0
2021-05-11,8.37,8.37,8.37,8.37,0
2021-05-12,8.37,8.37,8.37,8.37,0
2021-05-13,8.37,8.37,8.37,8.37,0
2021-05-14,8.37,8.37,8.37,8.37,0
2021-05-17,8.37,8.37,8.37,8.37,0
2021-05-18,8.37,8.37,8.37,8.37,0
2021-05-19,8.37,8.37,8.37,8.37,0
2021-05-20,8.37,8.37,8.37,8.37,0
2021-05-21,8.37,8.37,8.37,8.37,0
2021-05-24,8.37,8.37,8.37,8.37,0
2021-05-25,8.37,8.37,8.37,8.37,0
2021-05-26,8.37,8.37,8.37,8.37,0
2021-05-27,8.37,8.37,8.37,8.37,0
2021-05-28,8.37,8.37,8.37,8.37,0
2021-05-31,8.37,8.37,8.37,8.37,0
2021-06-01,7.19,7.19,7.12,7.12,900
2021-06-02,6.28,6.28,6.28,6.28,100
2021-06-03,5.51,5.51,5.51,5.51,100
2021-06-04,5.51,5.51,5.51,5.51,0
2021-06-07,4.81,4.81,4.81,4.81,500
2021-06-08,4.95,4.95,4.95,4.95,300
2021-06-09,5.65,5.65,5.65,5.65,100
2021-06-10,6.49,6.49,6.49,6.49,520
2021-06-11,7.4,7.4,7.4,7.4,100
2021-06-14,7.4,7.4,7.4,7.4,0
2021-06-15,6.35,6.63,6.35,6.63,803
2021-06-16,6.35,6.35,6.35,6.35,100
2021-06-17,6.35,6.35,6.35,6.35,64
2021-06-18,6.35,6.35,6.35,6.35,0
2021-06-21,5.79,5.79,5.79,5.79,100
2021-06-22,6.63,6.63,6.63,6.63,225
2021-06-23,6.63,6.63,6.63,6.63,0
2021-06-24,6.63,6.63,6.63,6.63,0
2021-06-25,5.65,5.65,5.65,5.65,100
2021-06-28,5.65,5.65,5.65,5.65,0
2021-06-29,6.49,6.49,6.49,6.49,100
2021-06-30,6.49,6.49,6.49,6.49,0
2021-07-01,6.49,6.49,6.49,6.49,0
2021-07-02,5.58,5.58,5.58,5.58,100
2021-07-05,5.58,5.58,5.58,5.58,0
2021-07-06,6.42,6.42,6.42,6.42,100
2021-07-07,5.51,5.51,5.51,5.51,100
2021-07-08,5.51,5.51,5.51,5.51,5
2021-07-09,5.51,5.51,5.51,5.51,0
2021-07-12,5.51,5.51,5.51,5.51,0
2021-07-13,5.51,5.51,5.51,5.51,0
2021-07-14,4.74,4.74,4.74,4.74,100
2021-07-15,4.74,4.74,4.74,4.74,0
2021-07-16,4.74,4.74,4.74,4.74,0
2021-07-19,4.74,4.74,4.74,4.74,0
2021-07-20,4.05,4.05,4.05,4.05,100
2021-07-21,4.05,4.05,4.05,4.05,0
2021-07-22,4.05,4.05,4.05,4.05,0
2021-07-23,4.05,4.05,4.05,4.05,0
2021-07-26,4.05,4.05,4.05,4.05,0
2021-07-27,4.05,4.05,4.05,4.05,0
2021-07-28,3.7,3.7,3.7,3.7,100
2021-07-29,3.7,3.7,3.7,3.7,0
2021-07-30,3.7,3.7,3.7,3.7,0
2021-08-02,3.21,3.21,3.21,3.21,100
2021-08-03,3.21,3.21,3.21,3.21,0
2021-08-04,3.21,3.21,3.21,3.21,0
2021-08-05,3.21,3.21,3.21,3.21,0
2021-08-06,3.21,3.21,3.21,3.21,0
2021-08-09,3.21,3.21,3.21,3.21,0
2021-08-10,3.21,3.21,3.21,3.21,0
2021-08-11,3.21,3.21,3.21,3.21,0
2021-08-12,3.21,3.21,3.21,3.21,0
2021-08-13,3.21,3.21,3.21,3.21,0
2021-08-16,3.21,3.21,3.21,3.21,0
2021-08-17,3.21,3.21,3.21,3.21,0
2021-08-18,3.21,3.21,3.21,3.21,0
2021-08-19,3.21,3.21,3.21,3.21,0
2021-08-20,3.21,3.21,3.21,3.21,10
2021-08-23,3.21,3.21,3.21,3.21,0
2021-08-24,3.21,3.21,3.21,3.21,0
2021-08-25,3.21,3.21,3.21,3.21,0
2021-08-26,3.21,3.21,3.21,3.21,0
2021-08-27,3.21,3.21,3.21,3.21,0
2021-08-30,3.63,3.63,3.63,3.63,100
2021-08-31,3.63,3.63,3.63,3.63,0
2021-09-01,4.12,4.12,4.12,4.12,167
2021-09-06,4.12,4.12,4.12,4.12,0
2021-09-07,4.12,4.12,4.12,4.12,0
2021-09-08,4.12,4.12,4.12,4.12,0
2021-09-09,4.12,4.12,4.12,4.12,0
2021-09-10,3.56,3.56,3.56,3.56,100
2021-09-13,3.56,3.56,3.56,3.56,0
2021-09-14,3.56,3.56,3.56,3.56,0
2021-09-15,3.56,3.56,3.56,3.56,0
2021-09-16,3.56,3.56,3.56,3.56,0
2021-09-17,3.56,3.56,3.56,3.56,0
2021-09-20,3.56,3.56,3.56,3.56,0
2021-09-21,3.56,3.56,3.56,3.56,0
2021-09-22,3.56,3.56,3.56,3.56,0
2021-09-23,3.56,3.56,3.56,3.56,0
2021-09-24,3.56,3.56,3.56,3.56,0
2021-09-27,3.56,3.56,3.56,3.56,0
2021-09-28,3.56,3.56,3.56,3.56,0
2021-09-29,3.56,3.56,3.56,3.56,0
2021-09-30,3.56,3.56,3.56,3.56,0
2021-10-01,3.56,3.56,3.56,3.56,0
2021-10-04,3.56,3.56,3.56,3.56,0
2021-10-05,3.56,3.56,3.56,3.56,0
2021-10-06,3.56,3.56,3.56,3.56,0
2021-10-07,3.56,3.56,3.56,3.56,4
2021-10-08,3.56,3.56,3.56,3.56,0
2021-10-11,3.56,3.56,3.56,3.56,0
2021-10-12,3.56,3.56,3.56,3.56,0
2021-10-13,3.56,3.56,3.56,3.56,0
2021-10-14,3.56,3.56,3.56,3.56,0
2021-10-15,3.56,3.56,3.56,3.56,0
2021-10-18,3.56,3.56,3.56,3.56,0
2021-10-19,3.56,3.56,3.56,3.56,0
2021-10-20,3.56,3.56,3.56,3.56,0
2021-10-21,3.56,3.56,3.56,3.56,0
2021-10-22,3.56,3.56,3.56,3.56,0
2021-10-25,4.12,4.12,4.12,4.12,100
2021-10-26,4.67,4.67,4.67,4.67,100
2021-10-27,5.37,5.37,5.37,5.37,100
2021-10-28,6.14,6.14,6.14,6.14,310
2021-10-29,7.05,7.05,7.05,7.05,8900
2021-11-01,6.14,6.14,6.14,6.14,100
2021-11-02,7.05,7.05,7.05,7.05,100
2021-11-03,7.88,7.88,6.98,6.98,1150
2021-11-04,7.12,7.12,7.12,7.12,322
2021-11-05,7.54,7.54,7.12,7.12,1900
2021-11-08,7.12,7.12,7.05,7.05,500
2021-11-09,7.05,7.05,7.05,7.05,0
2021-11-10,6.14,7.05,6.14,7.05,1229
2021-11-11,6.98,6.98,6.98,6.98,0
2021-11-12,6.98,6.98,6.98,6.98,11923
2021-11-15,7.05,7.26,7.05,7.26,44128
2021-11-16,7.19,7.19,7.19,7.19,0
2021-11-17,7.19,7.19,7.19,7.19,0
2021-11-18,7.19,7.19,7.19,7.19,13
2021-11-19,7.19,7.19,7.19,7.19,0
2021-11-22,7.19,7.19,7.19,7.19,3400
2021-11-23,7.19,7.19,7.19,7.19,1900
2021-11-24,7.19,7.19,7.19,7.19,2900
2021-11-25,7.19,7.19,7.19,7.19,9000
2021-11-26,7.19,7.19,7.19,7.19,6500
2021-11-29,7.19,8.23,7.19,8.23,25600
2021-11-30,9.28,9.28,9.28,9.28,2736
2021-12-01,10.61,10.61,8.16,10.61,18900
2021-12-02,10.19,11.3,10.19,11.3,11300
2021-12-03,11.3,12.98,11.3,12.98,35501
2021-12-06,11.02,11.02,11.02,11.02,11900
2021-12-07,12.56,12.63,12.14,12.21,4015
2021-12-08,10.54,12.56,10.54,10.88,20400
2021-12-09,12.28,12.28,12.28,12.28,200
2021-12-10,12.28,12.28,10.47,11.79,12500
2021-12-13,11.16,11.16,9.84,11.16,4600
2021-12-14,11.3,12.0,11.3,12.0,11000
2021-12-15,10.67,13.74,10.67,13.74,13222
2021-12-16,15.35,15.63,13.26,13.26,18100
2021-12-17,14.65,15.28,14.65,14.65,50000
2021-12-20,13.95,13.95,13.95,13.95,3000
2021-12-21,13.95,13.95,13.95,13.95,400
2021-12-22,13.95,13.95,13.95,13.95,600
2021-12-23,13.95,13.95,13.95,13.95,0
2021-12-24,13.95,13.95,13.95,13.95,0
2021-12-27,13.95,13.95,13.95,13.95,0
2021-12-28,11.86,15.35,11.86,15.35,13600
2021-12-29,12.21,14.65,12.21,14.65,3500
2021-12-30,12.21,13.95,12.21,12.91,4500
2021-12-31,13.95,14.65,13.95,13.95,32200
2022-01-04,14.65,14.65,14.65,14.65,20000
2022-01-05,12.63,14.65,12.63,14.65,400
2022-01-06,14.65,14.65,14.65,14.65,29000
2022-01-07,12.56,12.56,12.56,12.56,1000
2022-01-10,13.95,14.44,13.95,14.44,39826
2022-01-11,14.65,14.65,14.65,14.65,6500
2022-01-12,14.65,14.65,14.65,14.65,14497
2022-01-13,16.81,16.81,16.81,16.81,400
2022-01-14,14.65,14.65,14.65,14.65,2502
2022-01-17,13.95,13.95,13.95,13.95,1500
2022-01-18,13.95,13.95,13.95,13.95,0
2022-01-19,13.95,13.95,13.95,13.95,26
2022-01-20,14.65,14.65,14.65,14.65,1001
2022-01-21,14.65,14.65,14.65,14.65,4
2022-01-24,14.3,14.3,13.61,13.61,1200
2022-01-25,14.23,14.65,14.23,14.65,5600
2022-01-26,13.95,16.74,13.95,16.74,13200
2022-01-27,17.44,19.05,17.44,19.05,11200
2022-01-28,19.19,21.7,19.19,21.7,6400
2022-02-07,24.7,24.7,24.7,24.7,21012
2022-02-08,28.4,28.4,28.4,28.4,4700
2022-02-09,28.4,32.65,28.4,32.65,20600
2022-02-10,32.09,32.09,32.09,32.09,516
2022-02-11,32.09,32.09,32.09,32.09,1
2022-02-14,32.09,32.09,32.09,32.09,0
2022-02-15,32.09,32.09,32.09,32.09,0
2022-02-16,32.09,32.09,32.09,32.09,0
2022-02-17,32.09,32.09,32.09,32.09,0
2022-02-18,32.09,32.09,32.09,32.09,0
2022-02-21,32.09,32.09,32.09,32.09,22
2022-02-22,32.09,32.09,32.09,32.09,0
2022-02-23,32.09,32.09,32.09,32.09,0
2022-02-24,32.09,32.09,32.09,32.09,0
2022-02-25,32.09,32.09,32.09,32.09,0
2022-02-28,27.28,27.28,27.28,27.28,100
2022-03-01,27.28,27.28,27.28,27.28,0
2022-03-02,27.28,27.28,27.28,27.28,0
2022-03-03,27.28,27.28,27.28,27.28,0
2022-03-04,27.28,27.28,27.28,27.28,0
2022-03-07,23.23,23.23,23.23,23.23,200
2022-03-08,19.81,26.51,19.81,26.51,94000
2022-03-09,23.23,23.23,23.02,23.02,9000
2022-03-10,23.23,26.58,23.23,26.58,17100
2022-03-11,27.84,27.84,21.28,27.14,49300
2022-03-14,27.21,27.21,27.21,27.21,100
2022-03-15,23.16,27.21,23.16,27.21,25400
2022-03-16,23.23,27.91,22.33,22.33,33900
2022-03-17,23.02,23.86,23.02,23.72,6870
2022-03-18,27.28,27.28,23.72,23.72,7184
2022-03-21,23.72,23.72,23.72,23.72,23000
2022-03-22,23.72,23.72,23.72,23.72,37
2022-03-23,23.72,23.72,23.72,23.72,78
2022-03-24,23.72,23.72,23.72,23.72,0
2022-03-25,23.72,23.72,23.72,23.72,0
2022-03-28,20.3,21.0,20.3,20.93,4000
2022-03-29,23.58,23.65,23.58,23.65,1500
2022-03-30,23.02,23.02,23.02,23.02,27800
2022-03-31,23.65,23.72,23.65,23.72,2800
2022-04-01,23.72,23.72,23.72,23.72,0
2022-04-04,22.33,23.72,22.33,22.4,16500
2022-04-05,23.72,23.72,23.72,23.72,5000
2022-04-06,20.93,23.65,20.3,23.65,12100
2022-04-07,23.65,23.72,23.65,23.72,23500
2022-04-08,23.65,23.72,23.65,23.72,17100
2022-04-12,20.3,23.72,20.3,23.72,6800
2022-04-13,25.54,25.54,25.54,25.54,110
2022-04-14,28.95,28.95,28.95,28.95,100
2022-04-15,28.61,33.28,28.61,33.28,15101
2022-04-18,36.7,36.7,31.4,31.4,2700
2022-04-19,41.72,41.72,30.84,30.84,1107
2022-04-20,34.88,34.88,34.68,34.68,1200
2022-04-21,29.65,29.65,29.65,29.65,100
2022-04-22,29.65,29.65,29.65,29.65,0
2022-04-25,29.65,29.65,29.65,29.65,0
2022-04-26,34.05,34.05,25.26,25.26,11806
2022-04-27,33.42,33.42,33.42,33.42,0
2022-04-28,33.42,33.42,33.42,33.42,0
2022-04-29,33.42,33.42,33.42,33.42,0
2022-05-04,33.42,33.42,33.42,33.42,0
2022-05-05,33.42,33.42,33.42,33.42,0
2022-05-06,33.42,33.42,33.42,33.42,0
2022-05-09,33.42,33.42,33.42,33.42,0
2022-05-10,33.42,33.42,33.42,33.42,0
2022-05-11,33.42,33.42,33.42,33.42,0
2022-05-12,33.42,33.42,33.42,33.42,0
2022-05-13,33.42,33.42,33.42,33.42,0
2022-05-16,38.3,38.3,38.3,38.3,1011
2022-05-17,38.3,38.3,38.3,38.3,0
2022-05-18,38.3,38.3,38.3,38.3,0
2022-05-19,38.3,38.3,38.3,38.3,0
2022-05-20,38.3,38.3,38.3,38.3,0
2022-05-23,38.3,38.3,38.3,38.3,0
2022-05-24,38.3,38.3,38.3,38.3,0
2022-05-25,38.3,38.3,38.3,38.3,0
2022-05-26,38.3,38.3,38.3,38.3,0
2022-05-27,38.3,38.3,38.3,38.3,0
2022-05-30,38.3,38.3,38.3,38.3,0
2022-05-31,38.3,38.3,38.3,38.3,0
2022-06-01,38.3,38.3,38.3,38.3,0
2022-06-02,38.3,38.3,38.3,38.3,0
2022-06-03,38.3,38.3,38.3,38.3,0
2022-06-06,38.3,38.3,38.3,38.3,0
2022-06-07,38.3,38.3,38.3,38.3,1
2022-06-08,38.3,38.3,38.3,38.3,0
2022-06-09,38.3,38.3,38.3,38.3,0
2022-06-10,38.3,38.3,38.3,38.3,0
2022-06-13,38.3,38.3,38.3,38.3,0
2022-06-14,38.3,38.3,38.3,38.3,0
2022-06-15,38.3,38.3,38.3,38.3,0
2022-06-16,38.3,38.3,38.3,38.3,0
2022-06-17,38.3,38.3,38.3,38.3,0
2022-06-20,38.3,38.3,38.3,38.3,0
2022-06-21,38.3,38.3,38.3,38.3,0
2022-06-22,38.3,38.3,38.3,38.3,0
2022-06-23,38.3,38.3,38.3,38.3,0
2022-06-24,38.3,38.3,38.3,38.3,0
2022-06-27,38.3,38.3,38.3,38.3,0
2022-06-28,38.3,38.3,38.3,38.3,0
2022-06-29,38.3,38.3,38.3,38.3,0
2022-06-30,38.3,38.3,38.3,38.3,0
2022-07-01,38.3,38.3,38.3,38.3,0
2022-07-04,38.3,38.3,38.3,38.3,0
2022-07-05,38.3,38.3,38.3,38.3,0
2022-07-06,38.3,38.3,38.3,38.3,0
2022-07-07,38.3,38.3,38.3,38.3,0
2022-07-08,38.3,38.3,38.3,38.3,0
2022-07-11,38.3,38.3,38.3,38.3,0
2022-07-12,38.3,38.3,38.3,38.3,0
2022-07-13,38.3,38.3,38.3,38.3,0
2022-07-14,38.3,38.3,38.3,38.3,0
2022-07-15,38.3,38.3,38.3,38.3,0
2022-07-18,38.3,38.3,38.3,38.3,0
2022-07-19,38.3,38.3,38.3,38.3,0
2022-07-20,38.3,38.3,38.3,38.3,0
2022-07-21,38.3,38.3,38.3,38.3,0
2022-07-22,38.3,38.3,38.3,38.3,0
2022-07-25,38.3,38.3,38.3,38.3,0
2022-07-26,38.3,38.3,38.3,38.3,0
2022-07-27,38.3,38.3,38.3,38.3,0
2022-07-28,38.3,38.3,38.3,38.3,0
2022-07-29,38.3,38.3,38.3,38.3,0
2022-08-01,38.3,38.3,38.3,38.3,0
2022-08-02,38.3,38.3,38.3,38.3,0
2022-08-03,38.3,38.3,38.3,38.3,0
2022-08-04,38.3,38.3,38.3,38.3,0
2022-08-05,38.3,38.3,38.3,38.3,0
2022-08-08,23.02,23.09,23.02,23.02,3300
2022-08-09,23.02,26.44,23.02,26.44,7287
2022-08-10,23.72,23.72,23.72,23.72,6400
2022-08-11,22.33,24.42,20.16,23.72,23955
2022-08-12,24.98,24.98,24.98,24.98,513
2022-08-15,28.68,28.68,28.68,28.68,1035
2022-08-16,28.68,28.68,28.68,28.68,0
2022-08-17,28.68,28.68,28.68,28.68,0
2022-08-18,24.42,32.79,24.42,24.42,4300
2022-08-19,29.93,29.93,29.93,29.93,0
2022-08-22,29.93,29.93,29.93,29.93,0
2022-08-23,25.47,33.49,25.47,25.47,9132
2022-08-24,24.07,30.7,24.07,30.7,2100
2022-08-25,25.12,30.0,25.12,30.0,4000
2022-08-26,25.81,31.33,25.81,31.33,13600
2022-08-29,28.61,33.28,25.88,32.09,14308
2022-08-30,34.82,34.88,34.82,34.88,7500
2022-08-31,34.88,39.07,34.19,39.07,28000
2022-09-05,34.88,34.88,34.88,34.88,1200
2022-09-06,34.88,34.88,34.88,34.88,1200
2022-09-07,40.12,40.12,40.12,40.12,5000
2022-09-08,40.12,40.12,40.12,40.12,0
2022-09-09,34.88,34.88,34.88,34.88,500
2022-09-12,34.88,34.88,34.88,34.88,0
2022-09-13,34.88,34.88,34.88,34.88,0
2022-09-14,34.19,34.19,33.49,33.49,1588
2022-09-15,33.98,33.98,33.98,33.98,40
2022-09-16,33.98,33.98,33.98,33.98,84
2022-09-19,32.79,32.79,32.79,32.79,100
2022-09-20,32.79,32.79,32.79,32.79,100
2022-09-21,37.33,37.33,37.33,37.33,17700
2022-09-22,37.33,37.33,37.33,37.33,0
2022-09-23,37.33,37.33,37.33,37.33,0
2022-09-26,37.33,37.33,37.33,37.33,0
2022-09-27,37.33,37.33,37.33,37.33,0
2022-09-28,37.33,37.33,37.33,37.33,0
2022-09-29,37.33,37.33,37.33,37.33,1
2022-09-30,37.33,37.33,37.33,37.33,0
2022-10-03,37.33,37.33,37.33,37.33,0
2022-10-04,37.33,37.33,37.33,37.33,1
2022-10-05,37.33,37.33,37.33,37.33,0
2022-10-06,37.33,37.33,37.33,37.33,0
2022-10-07,37.33,37.33,37.33,37.33,0
2022-10-10,37.33,37.33,37.33,37.33,0
2022-10-11,37.33,37.33,37.33,37.33,0
2022-10-12,37.33,37.33,37.33,37.33,0
2022-10-13,41.86,41.86,41.86,41.86,100
2022-10-14,41.86,41.86,41.86,41.86,0
2022-10-17,41.86,41.86,41.86,41.86,0
2022-10-18,41.86,41.86,41.86,41.86,0
2022-10-19,41.86,41.86,41.86,41.86,0
2022-10-20,41.86,41.86,41.86,41.86,0
2022-10-21,41.86,41.86,41.86,41.86,0
2022-10-24,41.86,41.86,41.86,41.86,0
2022-10-25,41.86,41.86,41.86,41.86,0
2022-10-26,41.86,41.86,41.86,41.86,0
2022-10-27,41.86,41.86,41.86,41.86,0
2022-10-28,41.86,41.86,41.86,41.86,0
2022-10-31,41.86,41.86,41.86,41.86,0
2022-11-01,35.58,40.47,35.58,40.47,400
2022-11-02,39.77,39.77,39.77,39.77,100
2022-11-03,39.77,39.77,39.77,39.77,0
2022-11-04,39.77,39.77,39.77,39.77,0
2022-11-07,39.77,39.77,39.77,39.77,0
2022-11-08,39.77,39.77,39.77,39.77,0
2022-11-09,39.77,39.77,39.77,39.77,0
2022-11-10,39.77,39.77,39.77,39.77,0
2022-11-11,39.77,39.77,39.77,39.77,0
2022-11-14,39.77,39.77,39.77,39.77,0
2022-11-15,39.77,39.77,39.77,39.77,0
2022-11-16,39.77,39.77,39.77,39.77,0
2022-11-17,39.77,39.77,39.77,39.77,0
2022-11-18,39.77,39.77,39.77,39.77,0
2022-11-21,39.77,39.77,39.77,39.77,0
2022-11-22,39.77,39.77,39.77,39.77,0
2022-11-23,39.77,39.77,39.77,39.77,0
2022-11-24,39.77,39.77,39.77,39.77,0
2022-11-25,39.77,39.77,39.77,39.77,0
2022-11-28,39.77,39.77,39.77,39.77,0
2022-11-29,39.77,39.77,39.77,39.77,0
2022-11-30,39.77,39.77,39.77,39.77,0
2022-12-01,39.77,39.77,39.77,39.77,0
2022-12-02,39.77,39.77,39.77,39.77,0
2022-12-05,39.77,39.77,39.77,39.77,0
2022-12-06,39.77,39.77,39.77,39.77,0
2022-12-07,39.77,39.77,39.77,39.77,0
2022-12-08,39.77,39.77,39.77,39.77,0
2022-12-09,39.77,39.77,39.77,39.77,0
2022-12-12,39.77,39.77,39.77,39.77,0
2022-12-13,39.77,39.77,39.77,39.77,0
2022-12-14,39.77,39.77,39.77,39.77,0
2022-12-15,39.77,39.77,39.77,39.77,0
2022-12-16,39.77,39.77,39.77,39.77,0
2022-12-19,23.86,39.07,23.86,37.68,900
2022-12-20,37.05,37.05,37.05,37.05,0
2022-12-21,37.05,37.05,37.05,37.05,0
2022-12-22,37.05,37.05,37.05,37.05,10
2022-12-23,37.05,37.05,37.05,37.05,0
2022-12-26,37.05,37.05,37.05,37.05,0
2022-12-27,37.05,37.05,37.05,37.05,0
2022-12-28,37.05,37.05,37.05,37.05,0
2022-12-29,37.05,37.05,37.05,37.05,0
2022-12-30,37.05,37.05,37.05,37.05,0
2023-01-03,37.05,37.05,37.05,37.05,0
2023-01-04,37.05,37.05,37.05,37.05,0
2023-01-05,37.05,37.05,37.05,37.05,0
2023-01-06,37.05,37.05,37.05,37.05,0
2023-01-09,37.05,37.05,37.05,37.05,0
2023-01-10,37.05,37.05,37.05,37.05,0
2023-01-11,37.05,37.05,37.05,37.05,0
2023-01-12,37.05,37.05,37.05,37.05,0
2023-01-13,37.05,37.05,37.05,37.05,0
2023-01-16,37.05,37.05,37.05,37.05,0
2023-01-17,37.05,37.05,37.05,37.05,0
2023-01-18,37.05,37.05,37.05,37.05,0
2023-01-19,37.05,37.05,37.05,37.05,0
2023-01-27,37.05,37.05,37.05,37.05,0
2023-01-30,32.65,32.65,32.65,32.65,100
2023-01-31,32.65,32.65,32.65,32.65,0
2023-02-01,32.65,32.65,32.65,32.65,0
2023-02-02,32.65,32.65,32.65,32.65,0
2023-02-03,32.65,32.65,32.65,32.65,0
2023-02-06,32.65,32.65,32.65,32.65,0
2023-02-07,32.65,32.65,32.65,32.65,0
2023-02-08,36.98,36.98,36.98,36.98,100
2023-02-09,36.98,36.98,36.98,36.98,0
2023-02-10,36.98,36.98,36.98,36.98,0
2023-02-13,36.98,36.98,36.98,36.98,0
2023-02-14,36.98,36.98,36.98,36.98,0
2023-02-15,36.98,36.98,36.98,36.98,0
2023-02-16,36.98,36.98,36.98,36.98,0
2023-02-17,36.98,36.98,36.98,36.98,0
2023-02-20,36.98,36.98,36.98,36.98,0
2023-02-21,36.98,36.98,36.98,36.98,0
2023-02-22,36.98,36.98,36.98,36.98,0
2023-02-23,36.98,36.98,36.98,36.98,0
2023-02-24,36.98,36.98,36.98,36.98,0
2023-02-27,36.98,36.98,36.98,36.98,0
2023-02-28,36.98,36.98,36.98,36.98,0
2023-03-01,36.98,36.98,36.98,36.98,0
2023-03-02,36.98,36.98,36.98,36.98,0
2023-03-03,36.98,36.98,36.98,36.98,0
2023-03-06,36.98,36.98,36.98,36.98,0
2023-03-07,36.98,36.98,36.98,36.98,0
2023-03-08,36.98,36.98,36.98,36.98,0
2023-03-09,36.98,36.98,36.98,36.98,0
2023-03-10,36.98,36.98,36.98,36.98,0
2023-03-13,36.98,36.98,36.98,36.98,0
2023-03-14,36.98,36.98,36.98,36.98,0
2023-03-15,36.98,36.98,36.98,36.98,0
2023-03-16,36.98,36.98,36.98,36.98,0
2023-03-17,36.98,36.98,36.98,36.98,0
2023-03-20,36.98,36.98,36.98,36.98,0
2023-03-21,36.98,36.98,36.98,36.98,0
2023-03-22,36.98,36.98,36.98,36.98,0
2023-03-23,36.98,36.98,36.98,36.98,0
2023-03-24,36.98,36.98,36.98,36.98,0
2023-03-27,36.98,36.98,36.98,36.98,0
2023-03-28,36.98,36.98,36.98,36.98,0
2023-03-29,36.98,36.98,36.98,36.98,0
2023-03-30,36.98,36.98,36.98,36.98,0
2023-03-31,36.98,36.98,36.98,36.98,0
2023-04-03,36.98,36.98,36.98,36.98,0
2023-04-04,36.98,36.98,36.98,36.98,0
2023-04-05,36.98,36.98,36.98,36.98,0
2023-04-06,36.98,36.98,36.98,36.98,0
2023-04-07,36.98,36.98,36.98,36.98,0
2023-04-10,36.98,36.98,36.98,36.98,0
2023-04-11,36.98,36.98,36.98,36.98,0
2023-04-12,36.98,36.98,36.98,36.98,0
2023-04-13,36.98,36.98,36.98,36.98,0
2023-04-14,36.98,36.98,36.98,36.98,0
2023-04-17,36.98,36.98,36.98,36.98,0
2023-04-18,36.98,36.98,36.98,36.98,0
2023-04-19,36.98,36.98,36.98,36.98,0
2023-04-20,36.98,36.98,36.98,36.98,0
2023-04-21,36.98,36.98,36.98,36.98,0
2023-04-24,36.98,36.98,36.98,36.98,0
2023-04-25,36.98,36.98,36.98,36.98,0
2023-04-26,36.98,36.98,36.98,36.98,0
2023-04-27,36.98,36.98,36.98,36.98,0
2023-04-28,36.98,36.98,36.98,36.98,0
2023-05-04,36.98,36.98,36.98,36.98,0
2023-05-05,36.98,36.98,36.98,36.98,0
2023-05-08,51.77,51.77,36.98,36.98,200
2023-05-09,44.37,44.37,44.37,44.37,0
2023-05-10,44.37,44.37,44.37,44.37,0
2023-05-11,44.37,44.37,44.37,44.37,0
2023-05-12,44.37,44.37,44.37,44.37,0
2023-05-15,44.37,44.37,44.37,44.37,0
2023-05-16,44.37,44.37,44.37,44.37,0
2023-05-17,44.37,44.37,44.37,44.37,0
2023-05-18,44.37,44.37,44.37,44.37,0
2023-05-19,44.37,44.37,44.37,44.37,0
2023-05-22,44.37,44.37,44.37,44.37,0
2023-05-23,44.37,44.37,44.37,44.37,0
2023-05-24,51.0,51.0,51.0,51.0,101
2023-05-25,51.0,51.0,51.0,51.0,1
2023-05-26,51.0,51.0,51.0,51.0,0
2023-05-29,51.0,51.0,51.0,51.0,1
2023-05-30,51.0,51.0,51.0,51.0,0
2023-05-31,51.0,51.0,51.0,51.0,0
2023-06-01,51.0,51.0,51.0,51.0,0
2023-06-02,51.0,51.0,51.0,51.0,0
2023-06-05,51.0,51.0,51.0,51.0,0
2023-06-06,51.0,51.0,51.0,51.0,0
2023-06-07,51.0,51.0,51.0,51.0,0
2023-06-08,51.0,51.0,51.0,51.0,0
2023-06-09,51.0,51.0,51.0,51.0,0
2023-06-12,51.0,51.0,51.0,51.0,0
2023-06-13,51.0,51.0,51.0,51.0,0
2023-06-14,51.0,51.0,51.0,51.0,0
2023-06-15,51.0,51.0,51.0,51.0,0
2023-06-16,51.0,51.0,51.0,51.0,0
2023-06-19,51.0,51.0,51.0,51.0,0
2023-06-20,51.0,51.0,51.0,51.0,0
2023-06-21,51.0,51.0,51.0,51.0,0
2023-06-22,51.0,51.0,51.0,51.0,0
2023-06-23,51.0,51.0,51.0,51.0,0
2023-06-26,51.0,51.0,51.0,51.0,0
2023-06-27,51.0,51.0,51.0,51.0,0
2023-06-28,51.0,51.0,51.0,51.0,0
2023-06-29,51.0,51.0,51.0,51.0,0
2023-06-30,51.0,51.0,51.0,51.0,0
2023-07-03,51.0,51.0,51.0,51.0,0
2023-07-04,51.0,51.0,51.0,51.0,0
2023-07-05,51.0,51.0,51.0,51.0,0
2023-07-06,51.0,51.0,51.0,51.0,0
2023-07-07,51.0,51.0,51.0,51.0,0
2023-07-10,51.0,51.0,51.0,51.0,0
2023-07-11,51.0,51.0,51.0,51.0,10
2023-07-12,51.0,51.0,51.0,51.0,0
2023-07-13,51.0,51.0,51.0,51.0,0
2023-07-14,51.0,51.0,51.0,51.0,0
2023-07-17,51.0,51.0,51.0,51.0,0
2023-07-18,51.0,51.0,51.0,51.0,0
2023-07-19,51.0,51.0,51.0,51.0,0
2023-07-20,51.0,51.0,51.0,51.0,0
2023-07-21,51.0,51.0,51.0,51.0,0
2023-07-24,51.0,51.0,51.0,51.0,0
2023-07-25,51.0,51.0,51.0,51.0,0
2023-07-26,51.0,51.0,51.0,51.0,0
2023-07-27,51.0,51.0,51.0,51.0,0
2023-07-28,51.0,51.0,51.0,51.0,0
2023-07-31,30.63,71.37,30.63,30.63,8600
2023-08-01,63.35,63.35,63.35,63.35,0
2023-08-02,63.35,63.35,63.35,63.35,0
2023-08-03,63.35,63.35,63.35,63.35,0
2023-08-04,63.35,63.35,63.35,63.35,0
2023-08-07,63.35,63.35,63.35,63.35,0
2023-08-08,63.35,63.35,63.35,63.35,2
2023-08-09,63.35,63.35,63.35,63.35,2
2023-08-10,63.35,63.35,63.35,63.35,0
2023-08-11,63.35,63.35,63.35,63.35,2
2023-08-14,63.35,63.35,63.35,63.35,1
2023-08-15,63.35,63.35,63.35,63.35,0
2023-08-16,63.35,63.35,63.35,63.35,0
2023-08-17,63.35,63.35,63.35,63.35,1
2023-08-18,63.35,63.35,63.35,63.35,1
2023-08-21,63.35,63.35,63.35,63.35,0
2023-08-22,63.35,63.35,63.35,63.35,0
2023-08-23,63.35,63.35,63.35,63.35,0
2023-08-24,63.35,63.35,63.35,63.35,0
2023-08-25,63.35,63.35,63.35,63.35,0
2023-08-28,63.35,63.35,63.35,63.35,1
2023-08-29,63.35,63.35,63.35,63.35,0
2023-08-30,63.35,63.35,63.35,63.35,0
2023-08-31,63.35,63.35,63.35,63.35,0
2023-09-05,63.35,63.35,63.35,63.35,0
2023-09-06,63.35,63.35,63.35,63.35,0
2023-09-07,63.35,63.35,63.35,63.35,0
2023-09-08,63.35,63.35,63.35,63.35,0
2023-09-11,63.35,63.35,63.35,63.35,0
2023-09-12,63.35,63.35,63.35,63.35,0
2023-09-13,63.35,63.35,63.35,63.35,0
2023-09-14,63.35,63.35,63.35,63.35,0
2023-09-15,63.35,63.35,63.35,63.35,0
2023-09-18,63.35,63.35,63.35,63.35,0
2023-09-19,63.35,63.35,63.35,63.35,0
2023-09-20,63.35,63.35,63.35,63.35,0
2023-09-21,63.35,63.35,63.35,63.35,0
2023-09-22,63.35,63.35,63.35,63.35,0
2023-09-25,63.35,63.35,63.35,63.35,0
2023-09-26,63.35,63.35,63.35,63.35,0
2023-09-27,63.35,63.35,63.35,63.35,0
2023-09-28,63.35,63.35,63.35,63.35,0
2023-09-29,63.35,63.35,63.35,63.35,0
2023-10-02,63.35,63.35,63.35,63.35,0
2023-10-03,63.35,63.35,63.35,63.35,0
2023-10-04,63.35,63.35,63.35,63.35,0
2023-10-05,63.35,63.35,63.35,63.35,0
2023-10-06,63.35,63.35,63.35,63.35,0
2023-10-09,63.35,63.35,63.35,63.35,0
2023-10-10,63.35,63.35,63.35,63.35,0
2023-10-11,63.35,63.35,63.35,63.35,0
2023-10-12,63.35,63.35,63.35,63.35,0
2023-10-13,63.35,63.35,63.35,63.35,0
2023-10-16,63.35,63.35,63.35,63.35,0
2023-10-17,63.35,63.35,63.35,63.35,0
2023-10-18,63.35,63.35,63.35,63.35,0
2023-10-19,63.35,63.35,63.35,63.35,0
2023-10-20,63.35,63.35,63.35,63.35,0
2023-10-23,63.35,63.35,63.35,63.35,0
2023-10-24,63.35,63.35,63.35,63.35,0
2023-10-25,63.35,63.35,63.35,63.35,0
2023-10-26,63.35,63.35,63.35,63.35,0
2023-10-27,63.35,63.35,63.35,63.35,0
2023-10-30,63.35,63.35,63.35,63.35,0
2023-10-31,63.35,63.35,63.35,63.35,0
2023-11-01,63.35,63.35,63.35,63.35,0
2023-11-02,63.35,63.35,63.35,63.35,0
2023-11-03,63.35,63.35,63.35,63.35,0
2023-11-06,63.35,63.35,63.35,63.35,0
2023-11-07,63.35,63.35,63.35,63.35,0
2023-11-08,63.35,63.35,63.35,63.35,0
2023-11-09,63.35,63.35,63.35,63.35,0
2023-11-10,63.35,63.35,63.35,63.35,0
2023-11-13,63.35,63.35,63.35,63.35,0
2023-11-14,63.35,63.35,63.35,63.35,0
2023-11-15,63.35,63.35,63.35,63.35,0
2023-11-16,63.35,63.35,63.35,63.35,0
2023-11-17,63.35,63.35,63.35,63.35,0
2023-11-20,63.35,63.35,63.35,63.35,0
2023-11-21,63.35,63.35,63.35,63.35,0
2023-11-22,63.35,63.35,63.35,63.35,0
2023-11-23,63.35,63.35,63.35,63.35,0
2023-11-24,63.35,63.35,63.35,63.35,0
2023-11-27,63.35,63.35,63.35,63.35,0
2023-11-28,63.35,63.35,63.35,63.35,0
2023-11-29,63.35,63.35,63.35,63.35,0
2023-11-30,63.35,63.35,63.35,63.35,0
2023-12-01,63.35,63.35,63.35,63.35,0
2023-12-04,63.35,63.35,63.35,63.35,0
2023-12-05,63.35,63.35,63.35,63.35,0
2023-12-06,63.35,63.35,63.35,63.35,0
2023-12-07,63.35,63.35,63.35,63.35,0
2023-12-08,63.35,63.35,63.35,63.35,0
2023-12-11,63.35,63.35,63.35,63.35,0
2023-12-12,63.35,63.35,63.35,63.35,0
2023-12-13,63.35,63.35,63.35,63.35,0
2023-12-14,63.35,63.35,63.35,63.35,0
2023-12-15,63.35,63.35,63.35,63.35,0
2023-12-18,63.35,63.35,63.35,63.35,0
2023-12-19,63.35,63.35,63.35,63.35,0
2023-12-20,63.35,63.35,63.35,63.35,0
2023-12-21,63.35,63.35,63.35,63.35,0
2023-12-22,63.35,63.35,63.35,63.35,0
2023-12-25,63.35,63.35,63.35,63.35,0
2023-12-26,63.35,63.35,63.35,63.35,0
2023-12-27,63.35,63.35,63.35,63.35,0
2023-12-28,63.35,63.35,63.35,63.35,0
2023-12-29,63.35,63.35,63.35,63.35,0
2024-01-02,63.35,63.35,63.35,63.35,0
2024-01-03,63.35,63.35,63.35,63.35,0
2024-01-04,63.35,63.35,63.35,63.35,0
2024-01-05,63.35,63.35,63.35,63.35,0
2024-01-08,63.35,63.35,63.35,63.35,0
2024-01-09,63.35,63.35,63.35,63.35,0
2024-01-10,63.35,63.35,63.35,63.35,0
2024-01-11,63.35,63.35,63.35,63.35,0
2024-01-12,63.35,63.35,63.35,63.35,0
2024-01-15,63.35,63.35,63.35,63.35,0
2024-01-16,63.35,63.35,63.35,63.35,0
2024-01-17,63.35,63.35,63.35,63.35,0
2024-01-18,63.35,63.35,63.35,63.35,0
2024-01-19,63.35,63.35,63.35,63.35,0
2024-01-22,63.35,63.35,63.35,63.35,0
2024-01-23,63.35,63.35,63.35,63.35,0
2024-01-24,63.35,63.35,63.35,63.35,0
2024-01-25,63.35,63.35,63.35,63.35,0
2024-01-26,63.35,63.35,63.35,63.35,0
2024-01-29,63.35,63.35,63.35,63.35,0
2024-01-30,38.02,52.33,38.02,52.33,6500
2024-01-31,47.44,47.44,36.07,36.07,1020
2024-02-01,38.37,38.37,38.37,38.37,500
2024-02-02,38.37,38.37,38.37,38.37,0
2024-02-05,38.37,38.37,38.37,38.37,20
2024-02-06,38.37,38.37,38.37,38.37,2
2024-02-07,38.37,38.37,38.37,38.37,10
2024-02-15,32.65,38.02,32.65,38.02,1127
2024-02-16,39.77,39.77,39.77,39.77,515
2024-02-19,39.77,39.77,39.77,39.77,0
2024-02-20,33.84,39.42,33.84,39.42,8071
2024-02-21,35.93,35.93,35.93,35.93,0
2024-02-22,30.7,30.7,30.7,30.7,4601
2024-02-23,35.3,35.3,26.09,30.7,21100
2024-02-26,29.02,29.02,26.51,26.51,700
2024-02-27,27.91,30.84,27.91,30.84,1400
2024-02-28,27.91,27.91,27.91,27.91,257
2024-02-29,30.7,30.7,30.0,30.0,1411
2024-03-01,30.63,30.63,30.63,30.63,0
2024-03-04,28.61,30.0,28.61,28.61,5660
2024-03-05,30.63,30.7,29.65,29.65,400
2024-03-06,34.61,34.61,30.0,30.0,18412
2024-03-07,33.49,33.49,33.49,33.49,0
2024-03-08,33.49,33.49,33.49,33.49,0
2024-03-11,30.0,30.35,30.0,30.0,2100
2024-03-12,30.07,30.07,30.07,30.07,0
2024-03-13,29.65,30.14,29.65,30.0,3200
2024-03-14,30.0,30.0,30.0,30.0,0
2024-03-15,30.0,30.0,30.0,30.0,1900
2024-03-18,29.3,29.3,29.3,29.3,500
2024-03-19,29.3,29.3,29.3,29.3,0
2024-03-20,30.0,30.0,30.0,30.0,1300
2024-03-21,30.0,30.0,30.0,30.0,317
2024-03-22,30.7,31.4,30.7,31.4,429
2024-03-25,31.26,31.26,31.26,31.26,1
2024-03-26,35.86,35.93,35.86,35.93,1110
2024-03-27,35.93,35.93,35.93,35.93,52
2024-03-28,30.63,30.63,30.63,30.63,110
2024-03-29,35.16,35.16,35.16,35.16,1016
2024-04-01,35.16,35.16,35.16,35.16,0
2024-04-02,35.16,35.16,35.16,35.16,7
2024-04-03,35.16,35.16,35.16,35.16,0
2024-04-04,35.16,35.16,35.16,35.16,0
2024-04-05,30.7,30.7,30.7,30.7,300
2024-04-08,31.05,31.05,31.05,31.05,100
2024-04-09,26.44,34.88,26.44,34.88,2005
2024-04-10,34.19,34.19,34.19,34.19,100
2024-04-11,34.19,34.19,34.19,34.19,0
2024-04-12,34.19,34.19,34.19,34.19,0
2024-04-15,29.16,34.19,29.16,29.3,801
2024-04-16,28.61,28.61,27.21,27.21,2703
2024-04-17,23.72,27.91,23.72,27.91,800
2024-04-19,30.28,30.28,30.28,30.28,100
2024-04-22,30.28,30.28,30.28,30.28,59
2024-04-23,30.0,30.0,29.3,29.3,200
2024-04-24,29.65,29.65,29.65,29.65,0
2024-04-25,29.65,29.65,29.65,29.65,0
2024-04-26,28.95,28.95,28.95,28.95,100
2024-05-02,27.91,27.91,27.91,27.91,100
2024-05-03,25.81,28.54,25.12,28.54,3400
2024-05-06,27.91,28.61,27.21,27.21,700
2024-05-07,27.91,27.91,27.91,27.91,100
2024-05-08,27.91,27.91,27.91,27.91,0
2024-05-09,27.91,27.91,27.91,27.91,100
2024-05-10,27.91,27.91,27.91,27.91,100
2024-05-13,27.91,27.91,27.91,27.91,1000
2024-05-14,27.91,27.91,27.91,27.91,0
2024-05-15,27.91,27.91,27.91,27.91,2
2024-05-16,28.61,28.61,28.61,28.61,500
2024-05-17,28.61,28.61,28.61,28.61,17
2024-05-20,32.79,32.79,32.79,32.79,100
2024-05-21,32.79,32.79,32.79,32.79,0
2024-05-22,32.79,32.79,32.79,32.79,1
2024-05-23,32.79,32.79,32.79,32.79,0
2024-05-24,27.91,27.91,27.91,27.91,117
2024-05-27,27.91,27.91,27.91,27.91,0
2024-05-28,27.91,27.91,27.91,27.91,1100
2024-05-29,27.91,27.91,27.91,27.91,5
2024-05-30,27.91,27.91,27.91,27.91,2000
2024-05-31,30.7,31.75,30.7,31.75,200
2024-06-03,29.3,29.3,29.3,29.3,100
2024-06-04,28.61,28.61,27.91,27.91,601
2024-06-05,28.12,28.12,27.91,27.91,800
2024-06-06,27.91,27.91,27.91,27.91,500
2024-06-07,27.91,27.91,27.91,27.91,502
2024-06-10,27.91,27.91,27.91,27.91,0
2024-06-11,27.91,27.91,27.91,27.91,0
2024-06-12,27.91,27.91,27.91,27.91,0
2024-06-13,27.91,27.91,27.91,27.91,0
2024-06-14,27.91,27.91,27.91,27.91,0
2024-06-17,27.91,27.91,27.91,27.91,0
2024-06-18,27.91,27.91,27.91,27.91,0
2024-06-19,27.91,27.91,27.91,27.91,0
2024-06-20,27.91,27.91,27.91,27.91,0
2024-06-21,30.7,30.7,30.7,30.7,500
2024-06-24,30.7,30.7,30.7,30.7,1
2024-06-25,30.7,30.7,30.7,30.7,0
2024-06-26,30.7,30.7,30.7,30.7,0
2024-06-27,30.7,30.7,30.7,30.7,0
2024-06-28,30.7,30.7,30.7,30.7,0
2024-07-01,30.7,30.7,30.7,30.7,0
2024-07-02,30.7,30.7,30.7,30.7,0
2024-07-03,30.7,30.7,30.7,30.7,0
2024-07-04,30.7,30.7,30.7,30.7,0
2024-07-05,30.7,30.7,30.7,30.7,0
2024-07-08,30.7,35.3,30.7,35.3,700
2024-07-09,33.98,33.98,33.98,33.98,0
2024-07-10,33.98,33.98,33.98,33.98,0
2024-07-11,33.98,33.98,33.98,33.98,0
2024-07-12,33.98,33.98,33.98,33.98,0
2024-07-15,33.98,33.98,33.98,33.98,0
2024-07-16,33.98,33.98,33.98,33.98,0
2024-07-17,33.98,33.98,33.98,33.98,0
2024-07-18,33.98,33.98,33.98,33.98,0
2024-07-19,33.98,33.98,33.98,33.98,0
2024-07-22,33.98,33.98,33.98,33.98,0
2024-07-23,33.98,33.98,33.98,33.98,0
2024-07-24,33.98,33.98,33.98,33.98,0
2024-07-25,33.98,33.98,33.98,33.98,0
2024-07-26,33.98,33.98,33.98,33.98,0
2024-07-29,33.98,33.98,33.98,33.98,2
2024-07-30,33.98,33.98,33.98,33.98,0
2024-07-31,33.98,33.98,33.98,33.98,0
2024-08-01,33.98,33.98,33.98,33.98,0
2024-08-02,33.98,33.98,33.98,33.98,0
2024-08-05,33.98,33.98,33.98,33.98,0
2024-08-06,33.98,33.98,33.98,33.98,0
2024-08-07,33.98,33.98,33.98,33.98,0
2024-08-08,33.98,33.98,33.98,33.98,0
2024-08-09,33.98,33.98,33.98,33.98,0
2024-08-12,33.98,33.98,33.98,33.98,0
2024-08-13,33.98,33.98,33.98,33.98,0
2024-08-14,33.14,47.51,33.14,47.51,4100
2024-08-15,50.37,50.37,50.37,50.37,103
2024-08-16,50.37,50.37,50.37,50.37,0
2024-08-19,50.37,50.37,50.37,50.37,0
2024-08-20,50.37,50.37,50.37,50.37,0
2024-08-21,50.37,50.37,50.37,50.37,1
2024-08-22,50.37,50.37,50.37,50.37,0
2024-08-23,50.37,50.37,50.37,50.37,0
2024-08-26,50.37,50.37,50.37,50.37,0
2024-08-27,50.37,50.37,50.37,50.37,0
2024-08-28,50.37,50.37,50.37,50.37,0
2024-08-29,50.37,50.37,50.37,50.37,0
2024-08-30,50.37,50.37,50.37,50.37,0
2024-09-04,50.37,50.37,50.37,50.37,0
2024-09-05,50.37,50.37,50.37,50.37,0
2024-09-06,50.37,50.37,50.37,50.37,0
2024-09-09,50.37,50.37,50.37,50.37,0
2024-09-10,50.37,50.37,50.37,50.37,0
2024-09-11,50.37,50.37,50.37,50.37,0
2024-09-12,50.37,50.37,50.37,50.37,0
2024-09-13,50.37,50.37,50.37,50.37,0
2024-09-16,50.37,50.37,50.37,50.37,0
2024-09-17,50.37,50.37,50.37,50.37,0
2024-09-18,50.37,50.37,50.37,50.37,0
2024-09-19,50.37,50.37,50.37,50.37,0
2024-09-20,50.37,50.37,50.37,50.37,0
2024-09-23,50.37,50.37,50.37,50.37,0
2024-09-24,50.37,50.37,50.37,50.37,0
2024-09-25,50.37,50.37,50.37,50.37,0
2024-09-26,50.37,50.37,50.37,50.37,0
2024-09-27,50.37,50.37,50.37,50.37,0
2024-09-30,50.37,50.37,50.37,50.37,0
2024-10-01,50.37,50.37,50.37,50.37,0
2024-10-02,50.37,50.37,50.37,50.37,0
2024-10-03,50.37,50.37,50.37,50.37,0
2024-10-04,50.37,50.37,50.37,50.37,0
2024-10-07,50.37,50.37,50.37,50.37,0
2024-10-08,50.37,50.37,50.37,50.37,0
2024-10-09,50.37,50.37,50.37,50.37,0
2024-10-10,50.37,50.37,50.37,50.37,0
2024-10-11,50.37,50.37,50.37,50.37,0
2024-10-14,50.37,50.37,50.37,50.37,0
2024-10-15,50.37,50.37,50.37,50.37,0
2024-10-16,50.37,50.37,50.37,50.37,0
2024-10-17,50.37,50.37,50.37,50.37,0
2024-10-18,50.37,50.37,50.37,50.37,0
2024-10-21,50.37,50.37,50.37,50.37,0
2024-10-22,50.37,50.37,50.37,50.37,0
2024-10-23,50.37,50.37,50.37,50.37,0
2024-10-24,50.37,50.37,50.37,50.37,0
2024-10-25,50.37,50.37,50.37,50.37,0
2024-10-28,50.37,50.37,50.37,50.37,0
2024-10-29,50.37,50.37,50.37,50.37,0
2024-10-30,50.37,50.37,50.37,50.37,0
2024-10-31,30.28,41.51,30.28,41.51,1100
2024-11-01,41.37,41.37,34.4,34.4,800
2024-11-04,36.14,36.14,36.14,36.14,0
2024-11-05,36.14,36.14,36.14,36.14,0
2024-11-06,36.14,36.14,36.14,36.14,0
2024-11-07,36.14,36.14,36.14,36.14,0
2024-11-08,36.14,36.14,36.14,36.14,0
2024-11-11,36.14,36.14,36.14,36.14,1
2024-11-12,41.16,41.16,41.16,41.16,500
2024-11-13,41.16,41.16,41.16,41.16,18
2024-11-14,41.16,41.16,41.16,41.16,0
2024-11-15,41.16,41.16,41.16,41.16,0
2024-11-18,47.09,47.09,35.02,35.02,300
2024-11-19,43.05,43.05,43.05,43.05,0
2024-11-20,43.05,43.05,43.05,43.05,0
2024-11-21,43.05,43.05,43.05,43.05,0
2024-11-22,43.05,43.05,43.05,43.05,0
2024-11-25,43.05,43.05,43.05,43.05,0
2024-11-26,48.14,48.14,48.14,48.14,200
2024-11-27,48.14,48.14,48.14,48.14,0
2024-11-28,48.14,48.14,48.14,48.14,0
2024-11-29,48.14,48.14,48.14,48.14,0
2024-12-02,48.14,48.14,48.14,48.14,0
2024-12-03,48.14,48.14,48.14,48.14,0
2024-12-04,48.14,48.14,48.14,48.14,0
2024-12-05,48.14,48.14,48.14,48.14,0
2024-12-06,48.14,48.14,48.14,48.14,0
2024-12-09,48.14,48.14,48.14,48.14,0
2024-12-10,48.14,48.14,48.14,48.14,0
2024-12-11,48.14,48.14,48.14,48.14,0
2024-12-12,48.14,48.14,48.14,48.14,0
2024-12-13,48.14,48.14,48.14,48.14,1
2024-12-16,48.14,48.14,48.14,48.14,0
2024-12-17,48.14,48.14,48.14,48.14,0
2024-12-18,48.14,48.14,48.14,48.14,0
2024-12-19,48.14,48.14,48.14,48.14,0
2024-12-20,48.14,48.14,48.14,48.14,0
2024-12-23,48.14,48.14,48.14,48.14,0
2024-12-24,48.14,48.14,48.14,48.14,0
2024-12-25,48.14,48.14,48.14,48.14,0
2024-12-26,48.14,48.14,48.14,48.14,0
2024-12-27,48.14,48.14,48.14,48.14,0
2024-12-30,48.14,48.14,48.14,48.14,1
2024-12-31,48.14,48.14,48.14,48.14,17
2025-01-02,48.14,48.14,48.14,48.14,0
2025-01-03,28.88,40.82,28.88,28.88,2300
2025-01-06,28.88,31.75,28.88,31.75,1800
2025-01-07,34.82,34.82,34.82,34.82,208
2025-01-08,34.82,34.82,34.82,34.82,0
2025-01-09,34.82,34.82,34.82,34.82,0
2025-01-10,34.82,34.82,34.82,34.82,2
2025-01-13,34.82,34.82,34.82,34.82,5
2025-01-14,34.82,34.82,34.82,34.82,2
2025-01-15,34.82,34.82,34.82,34.82,3
2025-01-16,34.82,34.82,34.82,34.82,6
2025-01-17,34.82,34.82,34.82,34.82,12
2025-01-20,29.65,29.65,29.65,29.65,202
2025-01-21,25.33,29.37,25.26,29.23,2000
2025-01-22,28.61,32.72,28.61,32.72,3100
2025-01-23,32.58,32.58,32.58,32.58,3000
2025-01-24,32.58,32.58,32.58,32.58,10
2025-02-03,32.58,32.58,32.58,32.58,0
2025-02-04,32.58,32.58,32.58,32.58,0
2025-02-05,34.82,34.82,34.82,34.82,1000
2025-02-06,34.82,34.82,34.82,34.82,0
2025-02-07,34.82,34.82,34.82,34.82,0
2025-02-10,34.82,34.82,34.82,34.82,0
2025-02-11,34.82,34.82,34.82,34.82,0
2025-02-12,34.82,34.82,34.82,34.82,0
2025-02-13,34.82,34.82,34.82,34.82,0
2025-02-14,34.82,34.82,34.82,34.82,85
2025-02-17,34.82,34.82,34.82,34.82,0
2025-02-18,34.82,34.82,34.82,34.82,0
2025-02-19,34.82,34.82,34.82,34.82,0
2025-02-20,29.65,29.65,29.65,29.65,100
2025-02-21,32.09,33.84,29.65,29.65,9543
2025-02-24,35.23,35.23,35.23,35.23,501
2025-02-25,40.12,40.12,40.12,40.12,2011
2025-02-26,40.12,40.12,40.12,40.12,0
2025-02-27,40.12,40.12,40.12,40.12,0
2025-02-28,40.12,40.12,40.12,40.12,0
2025-03-03,40.12,40.12,40.12,40.12,0
2025-03-04,40.12,40.12,40.12,40.12,0
2025-03-05,40.12,40.12,40.12,40.12,0
2025-03-06,40.12,40.12,40.12,40.12,2
2025-03-07,40.12,40.12,40.12,40.12,1
2025-03-10,40.12,40.12,40.12,40.12,92
2025-03-11,40.12,40.12,40.12,40.12,0
2025-03-12,40.12,40.12,40.12,40.12,0
2025-03-13,40.12,40.12,40.12,40.12,0
2025-03-14,40.12,40.12,40.12,40.12,1
2025-03-17,34.88,34.88,34.88,34.88,100
2025-03-18,34.88,34.88,34.88,34.88,3
2025-03-19,34.88,34.88,34.88,34.88,0
2025-03-20,39.42,39.42,39.42,39.42,2003
2025-03-21,39.42,39.42,39.42,39.42,0
2025-03-24,39.42,39.42,39.42,39.42,0
2025-03-25,39.42,39.42,39.42,39.42,0
2025-03-26,39.42,39.42,39.42,39.42,0
2025-03-27,39.42,39.42,39.42,39.42,0
2025-03-28,35.23,35.23,35.23,35.23,100
2025-03-31,35.23,35.23,35.23,35.23,0
2025-04-01,38.37,38.37,38.37,38.37,100
2025-04-02,38.37,38.37,38.37,38.37,0
2025-04-03,38.37,38.37,38.37,38.37,0
2025-04-04,38.37,38.37,38.37,38.37,0
2025-04-08,38.37,38.37,38.37,38.37,0
2025-04-09,38.37,38.37,38.37,38.37,1
2025-04-10,38.37,38.37,38.37,38.37,0
2025-04-11,38.37,38.37,38.37,38.37,0
2025-04-14,32.65,32.65,32.65,32.65,535
2025-04-15,27.91,32.09,27.77,32.09,6743
2025-04-16,30.98,30.98,30.7,30.7,2400
2025-04-17,30.91,30.91,30.91,30.91,0
2025-04-18,30.91,30.91,30.91,30.91,19
2025-04-21,30.91,30.91,30.91,30.91,0
2025-04-22,26.3,35.23,26.3,35.23,1705
2025-04-23,36.84,36.84,36.84,36.84,102
2025-04-24,36.84,36.84,36.84,36.84,0
2025-04-25,36.84,36.84,36.84,36.84,0
2025-04-28,36.84,36.84,36.84,36.84,0
2025-04-29,36.84,36.84,36.84,36.84,0
2025-05-05,36.84,36.84,36.84,36.84,0
2025-05-06,36.84,36.84,36.84,36.84,0
2025-05-07,36.84,36.84,36.84,36.84,0
2025-05-08,36.84,36.84,36.84,36.84,0
2025-05-09,36.84,36.84,36.84,36.84,0
2025-05-12,36.84,36.84,36.84,36.84,0
2025-05-13,31.4,35.58,31.33,31.4,605
2025-05-14,34.88,34.88,28.26,32.79,805
2025-05-15,32.72,34.75,32.72,34.75,201
2025-05-16,28.75,38.72,28.75,28.75,449
2025-05-19,35.86,35.86,35.86,35.86,100
2025-05-20,35.86,35.86,35.86,35.86,4
2025-05-21,35.86,35.86,35.86,35.86,100
2025-05-22,35.86,35.86,35.86,35.86,0
2025-05-23,35.86,35.86,35.86,35.86,0
2025-05-26,35.86,35.86,35.86,35.86,132
2025-05-27,35.86,35.86,35.86,35.86,395
2025-05-28,41.2,41.2,41.2,41.2,8500
2025-05-29,41.2,41.2,41.2,41.2,18
2025-05-30,41.2,41.2,41.2,41.2,0
2025-06-02,41.2,41.2,41.2,41.2,26
2025-06-03,47.0,47.0,47.0,47.0,100
2025-06-04,40.1,47.0,40.0,47.0,838
2025-06-05,50.0,50.0,50.0,50.0,105
2025-06-06,42.5,50.0,42.5,50.0,300
2025-06-09,40.4,49.0,40.4,49.0,310
2025-06-10,50.0,50.0,40.1,40.1,1600
2025-06-11,42.0,50.0,42.0,42.0,400
2025-06-12,46.0,46.0,46.0,46.0,100
2025-06-17,40.0,48.5,39.3,39.3,1300
2025-06-18,45.0,45.0,45.0,45.0,200
2025-06-19,40.0,44.9,38.3,44.9,400
2025-06-20,44.8,44.8,44.8,44.8,100
2025-07-02,41.0,41.0,41.0,41.0,100
2025-07-03,44.0,44.0,44.0,44.0,100
2025-07-16,42.0,42.0,42.0,42.0,100
2025-07-31,35.8,41.6,35.7,41.6,1000
2025-08-01,42.0,42.0,42.0,42.0,200
2025-08-05,35.7,41.9,35.7,35.7,1000
2025-08-06,42.0,42.0,42.0,42.0,100
2025-08-07,35.7,42.0,35.7,41.8,500
2025-08-11,39.4,41.7,39.4,41.7,200
2025-08-12,35.2,35.2,35.1,35.1,1200
2025-08-13,39.8,39.8,35.1,39.4,700
2025-08-14,39.3,39.3,39.0,39.0,200
2025-08-18,34.2,38.4,34.1,38.4,2000
2025-08-19,38.0,38.0,38.0,38.0,100
2025-08-22,33.0,33.1,33.0,33.1,10600
2025-08-25,37.0,37.0,37.0,37.0,100
2025-08-26,38.5,38.5,38.5,38.5,100
2025-08-27,43.0,43.0,37.9,37.9,200
2025-08-28,39.6,39.6,34.5,34.5,5700
2025-08-29,35.0,35.0,33.5,35.0,19800
2025-09-03,35.0,39.0,35.0,35.0,2900
2025-09-05,35.0,35.0,35.0,35.0,2500
2025-09-09,35.0,35.0,35.0,35.0,100
2025-09-10,35.0,35.0,35.0,35.0,2000
2025-09-11,35.0,35.0,35.0,35.0,1000
2025-09-12,35.0,35.0,35.0,35.0,400
2025-09-15,35.0,35.0,35.0,35.0,2100
2025-09-18,35.0,35.0,35.0,35.0,3000
2025-09-22,36.0,36.0,36.0,36.0,1000
2025-09-23,36.0,36.0,36.0,36.0,300
2025-09-24,37.0,37.0,37.0,37.0,2000
2025-09-26,37.0,37.0,36.9,37.0,2200
2025-09-29,37.0,37.0,37.0,37.0,1500
2025-09-30,38.0,39.9,38.0,39.9,600
2025-10-01,39.0,39.0,39.0,39.0,1900
2025-10-02,39.0,39.0,39.0,39.0,100
2025-10-06,40.0,40.0,39.5,39.5,600
2025-10-07,40.0,40.0,40.0,40.0,300
2025-10-09,40.0,40.0,40.0,40.0,100
2025-10-13,40.0,40.0,40.0,40.0,500
2025-10-15,40.0,40.0,40.0,40.0,1000
2025-10-16,39.0,40.0,39.0,40.0,2200
2025-10-17,39.3,39.3,39.3,39.3,2000
2025-10-20,42.0,42.0,42.0,42.0,500
2025-10-21,42.0,42.0,42.0,42.0,1000
