time,open,high,low,close,volume
2015-05-21,3.77,4.93,3.77,4.93,800
2015-05-22,4.73,4.73,4.04,4.28,700
2015-05-25,3.87,3.87,3.87,3.87,1000
2015-05-26,3.49,3.49,3.49,3.49,100
2015-05-27,3.49,3.49,3.49,3.49,5
2015-05-28,3.49,3.49,3.49,3.49,0
2015-05-29,3.42,3.42,3.42,3.42,700
2015-06-01,3.08,3.08,3.08,3.08,105
2015-06-02,3.08,3.08,3.08,3.08,500
2015-06-03,3.08,3.08,3.08,3.08,0
2015-06-04,3.39,3.39,3.39,3.39,100
2015-06-05,3.29,3.29,3.29,3.29,100
2015-06-08,3.56,3.56,3.49,3.53,1400
2015-06-09,3.63,3.63,3.53,3.53,2000
2015-06-10,3.56,3.6,3.56,3.56,10200
2015-06-11,3.7,3.7,3.7,3.7,1000
2015-06-12,3.7,3.7,3.63,3.63,2000
2015-06-15,3.63,3.63,3.63,3.63,0
2015-06-16,3.56,3.56,3.56,3.56,100
2015-06-17,3.56,3.56,3.56,3.56,100
2015-06-18,3.56,3.56,3.56,3.56,0
2015-06-19,3.56,3.56,3.56,3.56,0
2015-06-22,3.56,3.56,3.56,3.56,0
2015-06-23,3.56,3.56,3.56,3.56,0
2015-06-24,3.56,3.56,3.56,3.56,0
2015-06-25,3.53,3.53,3.53,3.53,100
2015-06-26,3.25,3.56,3.25,3.56,400
2015-06-29,3.56,3.56,3.56,3.56,0
2015-06-30,3.56,3.56,3.56,3.56,0
2015-07-01,3.56,3.56,3.56,3.56,0
2015-07-02,2.91,2.91,2.91,2.91,100
2015-07-03,2.91,2.91,2.91,2.91,0
2015-07-06,2.91,2.91,2.91,2.91,0
2015-07-07,2.91,2.91,2.91,2.91,0
2015-07-08,2.91,2.91,2.91,2.91,0
2015-07-09,3.32,3.32,3.32,3.32,300
2015-07-10,3.32,3.32,3.32,3.32,0
2015-07-13,3.32,3.32,3.32,3.32,0
2015-07-14,3.32,3.32,3.32,3.32,0
2015-07-15,3.32,3.32,3.32,3.32,0
2015-07-16,3.32,3.32,3.32,3.32,0
2015-07-17,3.32,3.32,3.32,3.32,0
2015-07-20,3.32,3.32,3.32,3.32,0
2015-07-21,3.53,3.53,3.53,3.53,4100
2015-07-22,3.53,3.53,3.53,3.53,1500
2015-07-23,3.53,3.53,3.53,3.53,600
2015-07-24,3.53,3.53,3.53,3.53,0
2015-07-27,3.53,3.53,3.53,3.53,0
2015-07-28,3.53,3.53,3.53,3.53,0
2015-07-29,3.53,3.53,3.53,3.53,0
2015-07-30,3.53,3.53,3.53,3.53,0
2015-07-31,3.53,3.53,3.53,3.53,200
2015-08-03,3.53,3.53,3.53,3.53,0
2015-08-04,3.53,3.53,3.53,3.53,400
2015-08-05,3.53,3.53,3.53,3.53,200
2015-08-06,3.53,3.53,3.53,3.53,1000
2015-08-07,3.6,3.6,3.6,3.6,1000
2015-08-10,3.6,3.6,3.6,3.6,1700
2015-08-11,3.32,3.32,3.32,3.32,100
2015-08-12,3.32,3.32,3.32,3.32,0
2015-08-13,3.32,3.32,3.32,3.32,0
2015-08-14,3.53,3.53,3.53,3.53,100
2015-08-17,3.56,3.56,3.56,3.56,100
2015-08-18,3.56,3.56,3.56,3.56,0
2015-08-19,3.56,3.56,3.56,3.56,0
2015-08-20,3.56,3.56,3.56,3.56,0
2015-08-21,3.56,3.56,3.56,3.56,0
2015-08-24,3.56,3.56,3.56,3.56,0
2015-08-25,3.77,3.77,3.77,3.77,100
2015-08-26,3.77,3.77,3.77,3.77,0
2015-08-27,3.77,3.77,3.77,3.77,0
2015-08-28,3.6,3.77,3.6,3.77,1100
2015-08-31,3.77,3.77,3.77,3.77,0
2015-09-01,3.77,3.77,3.77,3.77,0
2015-09-03,3.77,3.77,3.77,3.77,0
2015-09-04,3.42,3.42,3.42,3.42,1000
2015-09-07,3.39,3.39,3.39,3.39,200
2015-09-08,3.39,3.39,3.39,3.39,0
2015-09-09,3.39,3.39,3.39,3.39,0
2015-09-10,3.39,3.39,3.39,3.39,0
2015-09-11,3.39,3.39,3.39,3.39,0
2015-09-14,3.53,3.53,3.53,3.53,200
2015-09-15,3.53,3.53,3.53,3.53,0
2015-09-16,3.53,3.53,3.53,3.53,0
2015-09-17,3.53,3.53,3.53,3.53,0
2015-09-18,3.53,3.53,3.53,3.53,0
2015-09-21,3.39,3.39,3.39,3.39,500
2015-09-22,3.53,3.53,3.53,3.53,1000
2015-09-23,3.53,3.53,3.53,3.53,0
2015-09-24,3.53,3.53,3.53,3.53,0
2015-09-25,3.53,3.53,3.53,3.53,0
2015-09-28,3.53,3.53,3.53,3.53,0
2015-09-29,3.53,3.53,3.53,3.53,0
2015-09-30,3.53,3.53,3.53,3.53,0
2015-10-01,3.53,3.53,3.53,3.53,0
2015-10-02,3.53,3.53,3.53,3.53,0
2015-10-05,3.53,3.53,3.53,3.53,0
2015-10-06,3.53,3.53,3.53,3.53,0
2015-10-07,3.53,3.53,3.53,3.53,0
2015-10-08,3.53,3.53,3.53,3.53,0
2015-10-09,3.53,3.53,3.53,3.53,0
2015-10-12,3.53,3.53,3.53,3.53,0
2015-10-13,3.53,3.53,3.53,3.53,0
2015-10-14,3.53,3.53,3.53,3.53,0
2015-10-15,3.53,3.53,3.53,3.53,0
2015-10-16,3.53,3.53,3.53,3.53,0
2015-10-19,3.53,3.53,3.53,3.53,0
2015-10-20,3.53,3.53,3.53,3.53,0
2015-10-21,3.53,3.53,3.53,3.53,0
2015-10-22,3.53,3.53,3.53,3.53,0
2015-10-23,3.53,3.53,3.53,3.53,0
2015-10-26,3.53,3.53,3.53,3.53,0
2015-10-27,3.53,3.53,3.53,3.53,0
2015-10-28,3.53,3.53,3.53,3.53,0
2015-10-29,3.53,3.53,3.53,3.53,0
2015-10-30,3.53,3.53,3.53,3.53,0
2015-11-02,3.53,3.53,3.53,3.53,0
2015-11-03,3.53,3.53,3.53,3.53,0
2015-11-04,3.53,3.53,3.53,3.53,0
2015-11-05,3.42,3.42,3.42,3.42,100
2015-11-06,2.91,2.91,2.91,2.91,100
2015-11-09,2.91,2.91,2.91,2.91,0
2015-11-10,3.32,3.32,3.32,3.32,5400
2015-11-11,3.32,3.32,3.32,3.32,0
2015-11-12,3.32,3.32,3.32,3.32,0
2015-11-13,3.32,3.32,3.32,3.32,0
2015-11-16,3.32,3.32,3.32,3.32,0
2015-11-17,3.32,3.32,3.32,3.32,0
2015-11-18,3.32,3.32,3.32,3.32,0
2015-11-19,3.32,3.32,3.32,3.32,0
2015-11-20,3.32,3.32,3.32,3.32,0
2015-11-23,3.32,3.32,3.32,3.32,0
2015-11-24,3.32,3.32,3.32,3.32,0
2015-11-25,3.32,3.32,3.32,3.32,0
2015-11-26,3.32,3.32,3.32,3.32,0
2015-11-27,3.42,3.42,3.42,3.42,1900
2015-11-30,3.42,3.42,3.42,3.42,0
2015-12-01,3.42,3.42,3.42,3.42,0
2015-12-02,3.42,3.42,3.42,3.42,0
2015-12-03,3.42,3.42,3.42,3.42,0
2015-12-04,3.42,3.42,3.42,3.42,0
2015-12-07,3.08,3.08,3.08,3.08,100
2015-12-08,3.42,3.42,3.42,3.42,1200
2015-12-09,3.42,3.42,3.42,3.42,0
2015-12-10,3.42,3.42,3.42,3.42,0
2015-12-11,3.42,3.42,3.42,3.42,0
2015-12-14,3.42,3.42,3.42,3.42,0
2015-12-15,3.42,3.42,3.42,3.42,0
2015-12-16,3.42,3.42,3.42,3.42,0
2015-12-17,3.42,3.42,3.42,3.42,0
2015-12-18,3.42,3.42,3.42,3.42,0
2015-12-21,3.42,3.42,3.42,3.42,0
2015-12-22,3.42,3.42,3.42,3.42,0
2015-12-23,3.42,3.42,3.42,3.42,0
2015-12-24,3.73,3.73,3.73,3.73,100
2015-12-25,3.73,3.73,3.73,3.73,0
2015-12-28,3.73,3.73,3.73,3.73,0
2015-12-29,3.73,3.73,3.73,3.73,0
2015-12-30,3.73,3.73,3.73,3.73,0
2015-12-31,3.73,3.73,3.73,3.73,0
2016-01-04,3.73,3.73,3.73,3.73,0
2016-01-05,3.73,3.73,3.73,3.73,0
2016-01-06,3.73,3.73,3.73,3.73,0
2016-01-07,3.73,3.73,3.73,3.73,0
2016-01-08,3.73,3.73,3.73,3.73,0
2016-01-11,3.73,3.73,3.73,3.73,0
2016-01-12,3.6,3.6,3.6,3.6,2000
2016-01-13,3.6,3.6,3.6,3.6,0
2016-01-14,3.6,3.6,3.6,3.6,0
2016-01-15,3.56,3.56,3.56,3.56,100
2016-01-18,3.25,3.25,3.05,3.05,3300
2016-01-19,3.05,3.05,3.05,3.05,0
2016-01-20,3.05,3.05,3.05,3.05,0
2016-01-21,3.05,3.05,3.05,3.05,0
2016-01-22,3.53,3.53,3.53,3.53,900
2016-01-25,3.53,3.53,3.53,3.53,0
2016-01-26,3.53,3.53,3.53,3.53,0
2016-01-27,3.53,3.53,3.53,3.53,0
2016-01-28,3.53,3.53,3.53,3.53,0
2016-01-29,3.53,3.53,3.53,3.53,0
2016-02-01,3.53,3.53,3.53,3.53,0
2016-02-02,3.53,3.53,3.53,3.53,0
2016-02-03,3.53,3.53,3.53,3.53,0
2016-02-04,3.53,3.53,3.53,3.53,0
2016-02-05,3.53,3.53,3.53,3.53,0
2016-02-15,3.53,3.53,3.53,3.53,0
2016-02-16,3.53,3.53,3.53,3.53,0
2016-02-17,3.53,3.53,3.53,3.53,0
2016-02-18,3.53,3.53,3.53,3.53,0
2016-02-19,3.53,3.53,3.53,3.53,0
2016-02-22,3.53,3.53,3.46,3.46,1100
2016-02-23,3.46,3.46,3.46,3.46,0
2016-02-24,3.46,3.46,3.46,3.46,0
2016-02-25,3.46,3.46,3.46,3.46,0
2016-02-26,3.46,3.46,3.46,3.46,0
2016-02-29,3.46,3.46,3.46,3.46,0
2016-03-01,3.46,3.46,3.46,3.46,0
2016-03-02,3.46,3.46,3.46,3.46,0
2016-03-03,3.46,3.46,3.46,3.46,0
2016-03-04,3.46,3.46,3.46,3.46,0
2016-03-07,3.46,3.46,3.46,3.46,0
2016-03-08,3.46,3.46,3.46,3.46,0
2016-03-09,3.46,3.46,3.46,3.46,0
2016-03-10,3.46,3.46,3.46,3.46,0
2016-03-11,3.46,3.46,3.46,3.46,0
2016-03-14,3.46,3.46,3.46,3.46,0
2016-03-15,3.6,3.6,3.6,3.6,500
2016-03-16,3.6,3.6,3.6,3.6,0
2016-03-17,3.6,3.6,3.6,3.6,0
2016-03-18,3.6,3.6,3.6,3.6,0
2016-03-21,3.6,3.6,3.6,3.6,0
2016-03-22,3.6,3.6,3.6,3.6,600
2016-03-23,3.6,3.6,3.6,3.6,0
2016-03-24,3.77,3.77,3.77,3.77,200
2016-03-25,3.77,3.77,3.77,3.77,0
2016-03-28,3.77,3.77,3.77,3.77,0
2016-03-29,3.77,3.77,3.77,3.77,0
2016-03-30,3.77,3.77,3.77,3.77,0
2016-03-31,3.77,3.77,3.77,3.77,0
2016-04-01,3.6,3.6,3.6,3.6,300
2016-04-04,3.6,3.6,3.6,3.6,0
2016-04-05,3.6,3.6,3.6,3.6,0
2016-04-06,3.6,3.6,3.6,3.6,0
2016-04-07,3.6,3.6,3.6,3.6,0
2016-04-08,3.6,3.6,3.6,3.6,0
2016-04-11,3.6,3.6,3.6,3.6,0
2016-04-12,3.6,3.6,3.6,3.6,0
2016-04-13,3.6,3.6,3.6,3.6,0
2016-04-14,3.6,3.6,3.6,3.6,0
2016-04-15,3.6,3.6,3.6,3.6,0
2016-04-19,3.6,3.6,3.6,3.6,0
2016-04-20,3.6,3.6,3.6,3.6,0
2016-04-21,3.6,3.6,3.6,3.6,0
2016-04-22,3.6,3.6,3.6,3.6,0
2016-04-25,3.6,3.6,3.6,3.6,0
2016-04-26,3.6,3.6,3.6,3.6,0
2016-04-27,3.6,3.6,3.6,3.6,0
2016-04-28,3.6,3.6,3.6,3.6,0
2016-04-29,3.6,3.6,3.6,3.6,0
2016-05-04,3.6,3.6,3.6,3.6,0
2016-05-05,3.6,3.6,3.6,3.6,0
2016-05-06,3.6,3.6,3.6,3.6,0
2016-05-09,3.77,3.77,3.77,3.77,300
2016-05-10,3.77,3.77,3.77,3.77,0
2016-05-11,3.77,3.77,3.77,3.77,0
2016-05-12,3.84,3.84,3.6,3.6,3200
2016-05-13,3.6,3.6,3.6,3.6,0
2016-05-16,3.6,3.6,3.6,3.6,0
2016-05-17,3.6,3.6,3.6,3.6,0
2016-05-18,3.6,3.6,3.6,3.6,0
2016-05-19,3.6,3.6,3.6,3.6,0
2016-05-20,3.9,4.21,3.9,4.21,5200
2016-05-23,4.21,4.21,4.21,4.21,0
2016-05-24,4.21,4.21,4.21,4.21,0
2016-05-25,4.21,4.21,4.21,4.21,0
2016-05-26,3.9,3.9,3.9,3.9,3300
2016-05-27,3.9,3.9,3.9,3.9,0
2016-05-30,3.9,3.9,3.9,3.9,0
2016-05-31,3.9,3.9,3.9,3.9,0
2016-06-01,3.9,3.9,3.9,3.9,0
2016-06-02,3.9,3.9,3.9,3.9,0
2016-06-03,3.9,3.9,3.9,3.9,0
2016-06-06,3.9,3.9,3.9,3.9,0
2016-06-07,3.9,3.9,3.9,3.9,0
2016-06-08,3.9,3.9,3.9,3.9,0
2016-06-09,3.9,3.9,3.9,3.9,0
2016-06-10,3.9,3.9,3.9,3.9,0
2016-06-13,3.9,3.9,3.9,3.9,0
2016-06-14,3.9,3.9,3.9,3.9,0
2016-06-15,3.9,3.9,3.9,3.9,0
2016-06-16,3.9,3.9,3.9,3.9,0
2016-06-17,3.9,3.9,3.9,3.9,0
2016-06-20,3.9,3.9,3.9,3.9,0
2016-06-21,3.9,3.9,3.9,3.9,0
2016-06-22,3.9,3.9,3.9,3.9,0
2016-06-23,3.9,3.9,3.9,3.9,0
2016-06-24,3.9,3.9,3.9,3.9,0
2016-06-27,3.9,3.9,3.9,3.9,0
2016-06-28,3.9,3.9,3.9,3.9,0
2016-06-29,3.9,3.9,3.9,3.9,0
2016-06-30,3.9,3.9,3.9,3.9,0
2016-07-01,3.9,3.9,3.9,3.9,0
2016-07-04,3.9,3.9,3.9,3.9,0
2016-07-05,3.9,3.9,3.9,3.9,0
2016-07-06,3.9,3.9,3.9,3.9,0
2016-07-07,3.9,3.9,3.9,3.9,0
2016-07-08,3.84,3.84,3.84,3.84,1500
2016-07-11,3.84,3.84,3.84,3.84,0
2016-07-12,3.84,3.84,3.84,3.84,0
2016-07-13,3.87,3.87,3.87,3.87,600
2016-07-14,3.84,3.84,3.84,3.84,400
2016-07-15,3.84,3.84,3.84,3.84,0
2016-07-18,3.84,3.84,3.84,3.84,0
2016-07-19,3.84,3.84,3.84,3.84,0
2016-07-20,3.84,3.84,3.84,3.84,0
2016-07-21,3.84,3.84,3.84,3.84,0
2016-07-22,3.84,3.84,3.84,3.84,0
2016-07-25,3.84,3.84,3.84,3.84,0
2016-07-26,3.84,3.84,3.84,3.84,0
2016-07-27,3.87,3.87,3.87,3.87,500
2016-07-28,3.87,3.87,3.87,3.87,0
2016-07-29,3.87,3.87,3.87,3.87,0
2016-08-01,3.87,3.87,3.87,3.87,0
2016-08-02,3.87,3.87,3.87,3.87,0
2016-08-03,3.87,3.87,3.87,3.87,0
2016-08-04,3.87,3.87,3.87,3.87,0
2016-08-05,3.87,3.87,3.87,3.87,0
2016-08-08,3.87,3.87,3.87,3.87,0
2016-08-09,3.87,3.87,3.87,3.87,0
2016-08-10,3.87,3.87,3.87,3.87,0
2016-08-11,3.87,3.87,3.87,3.87,0
2016-08-12,4.42,4.42,4.42,4.42,4500
2016-08-15,4.21,4.28,4.21,4.28,1000
2016-08-16,4.28,4.28,4.28,4.28,0
2016-08-17,4.28,4.28,4.28,4.28,0
2016-08-18,4.28,4.28,4.28,4.28,0
2016-08-19,4.28,4.28,4.28,4.28,0
2016-08-22,4.28,4.28,4.28,4.28,0
2016-08-23,4.28,4.28,4.28,4.28,0
2016-08-24,4.28,4.28,4.28,4.28,0
2016-08-25,4.28,4.28,4.28,4.28,0
2016-08-26,4.28,4.28,4.28,4.28,0
2016-08-29,4.45,4.45,4.45,4.45,500
2016-08-30,4.45,4.45,4.45,4.45,0
2016-08-31,4.62,4.62,4.62,4.62,400
2016-09-01,4.62,4.62,4.62,4.62,0
2016-09-05,4.62,4.62,4.62,4.62,0
2016-09-06,4.62,4.62,4.62,4.62,0
2016-09-07,4.11,4.11,4.11,4.11,400
2016-09-08,4.11,4.11,4.11,4.11,0
2016-09-09,4.01,4.35,4.01,4.35,2800
2016-09-12,4.28,4.49,4.28,4.49,2200
2016-09-13,4.49,4.62,4.49,4.62,600
2016-09-14,4.62,4.62,4.62,4.62,0
2016-09-15,4.51,4.7,4.51,4.7,600
2016-09-16,4.59,4.59,4.59,4.59,500
2016-09-19,4.62,4.85,4.62,4.85,1000
2016-09-20,4.85,4.85,4.85,4.85,0
2016-09-21,4.97,4.97,4.97,4.97,1000
2016-09-22,4.97,5.16,4.97,5.16,500
2016-09-23,4.78,4.78,4.78,4.78,200
2016-09-26,4.97,5.16,4.97,5.16,1800
2016-09-27,5.16,5.16,5.16,5.16,0
2016-09-28,4.97,5.35,4.97,5.35,18600
2016-09-29,5.35,5.35,5.35,5.35,0
2016-09-30,5.35,5.35,5.35,5.35,3300
2016-10-03,5.35,5.35,5.35,5.35,1600
2016-10-04,5.35,5.35,5.35,5.35,2200
2016-10-05,5.35,5.35,5.35,5.35,3000
2016-10-06,5.39,5.54,5.39,5.54,3800
2016-10-07,5.54,5.54,5.54,5.54,0
2016-10-10,5.54,5.54,5.54,5.54,0
2016-10-11,5.35,5.54,5.35,5.54,500
2016-10-12,5.54,5.54,5.54,5.54,0
2016-10-13,5.54,5.54,5.54,5.54,0
2016-10-14,5.54,5.54,5.54,5.54,0
2016-10-17,5.54,5.54,5.54,5.54,0
2016-10-18,4.66,5.16,4.66,4.66,2100
2016-10-19,4.66,4.66,4.66,4.66,0
2016-10-20,4.66,4.66,4.66,4.66,0
2016-10-21,4.66,4.66,4.66,4.66,0
2016-10-24,4.66,4.66,4.66,4.66,0
2016-10-25,4.28,4.28,4.28,4.28,100
2016-10-26,4.28,4.28,4.28,4.28,0
2016-10-27,4.78,4.78,3.94,3.97,800
2016-10-28,4.78,4.78,4.78,4.78,300
2016-10-31,5.46,5.46,5.46,5.46,1000
2016-11-01,5.46,5.46,5.46,5.46,0
2016-11-02,5.35,5.35,5.35,5.35,1000
2016-11-03,4.55,5.31,4.55,5.31,800
2016-11-04,5.31,5.31,5.31,5.31,0
2016-11-07,5.31,5.31,5.31,5.31,0
2016-11-08,4.51,5.35,4.51,5.35,2100
2016-11-09,5.31,5.31,5.31,5.31,1000
2016-11-10,5.31,5.31,5.31,5.31,0
2016-11-11,5.31,5.31,5.31,5.31,0
2016-11-14,4.55,4.55,4.55,4.55,100
2016-11-15,4.2,4.2,4.2,4.2,100
2016-11-16,4.2,4.2,4.2,4.2,0
2016-11-17,4.2,4.2,4.2,4.2,0
2016-11-18,4.81,4.81,4.81,4.81,9200
2016-11-21,4.81,4.81,4.81,4.81,2000
2016-11-22,4.81,4.81,4.81,4.81,0
2016-11-23,4.81,4.81,4.81,4.81,0
2016-11-24,4.81,4.97,4.81,4.97,1500
2016-11-25,4.97,4.97,4.97,4.97,0
2016-11-28,4.97,4.97,4.97,4.97,0
2016-11-29,4.93,4.97,4.93,4.97,700
2016-11-30,4.97,4.97,4.97,4.97,0
2016-12-01,4.97,4.97,4.97,4.97,0
2016-12-02,4.39,4.39,4.39,4.39,100
2016-12-05,3.94,3.94,3.94,3.94,100
2016-12-06,3.94,3.94,3.94,3.94,0
2016-12-07,3.94,3.94,3.94,3.94,0
2016-12-08,3.94,3.94,3.94,3.94,0
2016-12-09,3.94,3.94,3.94,3.94,0
2016-12-12,3.94,3.94,3.94,3.94,0
2016-12-13,3.94,3.94,3.94,3.94,0
2016-12-14,3.94,3.94,3.94,3.94,0
2016-12-15,4.51,4.51,4.51,4.51,3000
2016-12-16,3.94,3.94,3.94,3.94,100
2016-12-19,4.51,4.51,3.86,4.51,2200
2016-12-20,5.08,5.08,4.97,5.08,5100
2016-12-21,5.16,5.16,5.16,5.16,1000
2016-12-22,5.16,5.16,5.16,5.16,2000
2016-12-23,5.12,5.16,5.12,5.16,4200
2016-12-26,5.16,5.16,5.12,5.16,8800
2016-12-27,5.16,5.16,5.16,5.16,0
2016-12-28,5.16,5.16,5.16,5.16,0
2016-12-29,5.16,5.16,5.16,5.16,1000
2016-12-30,5.12,5.23,5.12,5.23,6400
2017-01-03,4.66,4.66,4.66,4.66,100
2017-01-04,4.66,4.66,4.66,4.66,700
2017-01-05,4.05,4.05,4.05,4.05,100
2017-01-06,3.94,3.94,3.94,3.94,100
2017-01-09,3.86,3.86,3.86,3.86,100
2017-01-10,3.86,3.86,3.86,3.86,0
2017-01-11,3.86,3.86,3.86,3.86,0
2017-01-12,3.86,3.86,3.86,3.86,0
2017-01-13,3.86,3.86,3.86,3.86,0
2017-01-16,3.86,3.86,3.86,3.86,0
2017-01-17,3.86,3.86,3.86,3.86,0
2017-01-18,3.86,3.86,3.86,3.86,0
2017-01-19,4.43,4.43,4.43,4.43,500
2017-01-20,4.43,4.43,4.43,4.43,0
2017-01-23,5.08,5.08,5.08,5.08,400
2017-01-24,5.08,5.08,5.08,5.08,0
2017-01-25,5.08,5.08,5.08,5.08,0
2017-02-02,5.16,5.16,5.16,5.16,100
2017-02-03,5.16,5.16,5.16,5.16,0
2017-02-06,5.35,5.39,5.35,5.39,600
2017-02-07,5.35,5.35,5.16,5.16,2400
2017-02-08,5.39,5.39,5.39,5.39,400
2017-02-09,5.16,5.16,5.16,5.16,900
2017-02-10,5.16,5.16,5.16,5.16,0
2017-02-13,5.43,5.92,5.43,5.73,3600
2017-02-14,5.73,5.73,5.73,5.73,0
2017-02-15,6.5,6.5,4.97,4.97,200
2017-02-16,5.08,5.08,5.08,5.08,100
2017-02-17,5.08,5.08,5.08,5.08,0
2017-02-20,5.69,5.69,5.08,5.08,200
2017-02-21,5.08,5.08,5.08,5.08,0
2017-02-22,5.35,5.35,5.27,5.27,2000
2017-02-23,5.54,5.54,5.54,5.54,10100
2017-02-24,5.16,5.35,5.16,5.35,600
2017-02-27,5.08,5.16,5.08,5.16,1100
2017-02-28,5.16,5.16,5.16,5.16,0
2017-03-01,5.16,5.16,5.16,5.16,700
2017-03-02,5.16,5.16,5.16,5.16,0
2017-03-03,5.16,5.16,5.16,5.16,0
2017-03-06,5.16,5.16,5.16,5.16,0
2017-03-07,5.16,5.16,5.16,5.16,0
2017-03-08,5.16,5.16,5.16,5.16,0
2017-03-09,5.65,5.73,5.65,5.73,500
2017-03-10,5.69,5.69,5.69,5.69,400
2017-03-13,5.27,5.27,5.27,5.27,600
2017-03-14,5.27,5.27,5.27,5.27,0
2017-03-15,5.27,5.27,5.27,5.27,0
2017-03-16,5.81,6.04,5.81,6.04,400
2017-03-17,6.04,6.04,6.04,6.04,0
2017-03-20,6.04,6.04,6.04,6.04,0
2017-03-21,6.0,6.0,6.0,6.0,0
2017-03-22,5.2,5.2,5.2,5.2,100
2017-03-23,5.2,5.2,5.2,5.2,0
2017-03-24,5.2,5.2,5.2,5.2,0
2017-03-27,5.58,5.58,5.58,5.58,900
2017-03-28,6.38,6.38,6.38,6.38,100
2017-03-29,6.11,6.11,6.11,6.11,100
2017-03-30,6.11,6.11,6.11,6.11,0
2017-03-31,5.2,6.11,5.2,6.11,3300
2017-04-03,5.46,5.46,5.46,5.46,0
2017-04-04,6.19,6.27,6.19,6.27,3200
2017-04-05,6.11,6.11,6.11,6.11,1000
2017-04-07,6.11,6.11,6.11,6.11,1200
2017-04-10,6.11,6.11,6.11,6.11,0
2017-04-11,6.3,6.3,6.11,6.11,1100
2017-04-12,6.3,6.3,6.3,6.3,0
2017-04-13,6.11,6.5,6.11,6.5,2800
2017-04-14,6.38,6.38,6.38,6.38,0
2017-04-17,6.11,6.11,6.11,6.11,100
2017-04-18,6.11,6.11,6.11,6.11,0
2017-04-19,6.11,6.11,6.11,6.11,0
2017-04-20,5.85,5.85,5.85,5.85,100
2017-04-21,5.85,5.85,5.85,5.85,0
2017-04-24,5.85,5.85,5.85,5.85,0
2017-04-25,5.85,5.85,5.85,5.85,0
2017-04-26,5.85,5.85,5.85,5.85,0
2017-04-27,5.85,5.85,5.85,5.85,0
2017-04-28,5.85,5.85,5.85,5.85,0
2017-05-03,5.85,5.85,5.85,5.85,0
2017-05-04,5.85,5.85,5.85,5.85,0
2017-05-05,5.01,5.01,5.01,5.01,100
2017-05-08,5.01,5.01,5.01,5.01,0
2017-05-09,5.01,5.01,5.01,5.01,0
2017-05-10,5.01,5.01,5.01,5.01,0
2017-05-11,5.01,5.01,5.01,5.01,0
2017-05-12,5.73,5.73,5.35,5.35,1200
2017-05-15,6.23,6.23,5.2,5.2,400
2017-05-16,6.11,6.11,6.11,6.11,200
2017-05-17,5.46,6.11,5.46,6.11,700
2017-05-18,6.04,6.04,6.04,6.04,0
2017-05-19,6.04,6.04,6.04,6.04,0
2017-05-22,6.11,6.11,6.11,6.11,600
2017-05-23,5.27,5.27,5.27,5.27,100
2017-05-24,5.27,4.51,4.51,4.51,0
2017-05-25,4.93,4.93,4.93,4.93,0
2017-05-26,4.93,4.93,4.93,4.93,0
2017-05-29,5.65,5.65,5.62,5.65,900
2017-05-30,6.11,6.27,6.11,6.27,1100
2017-05-31,5.31,6.5,5.31,6.5,200
2017-06-01,6.42,6.5,6.42,6.5,2100
2017-06-02,6.69,6.69,6.69,6.69,100
2017-06-05,5.85,5.85,5.85,5.85,100
2017-06-06,5.54,5.54,5.54,5.54,100
2017-06-07,4.89,4.89,4.89,4.89,100
2017-06-08,4.39,4.39,4.39,4.39,100
2017-06-09,4.39,4.39,4.39,4.39,0
2017-06-12,4.39,4.39,4.39,4.39,0
2017-06-13,5.04,5.04,5.04,5.04,100
2017-06-14,5.77,5.77,5.77,5.77,100
2017-06-15,5.77,5.77,5.77,5.77,0
2017-06-16,6.11,6.11,6.11,6.11,400
2017-06-19,5.31,5.31,5.31,5.31,100
2017-06-20,5.31,5.31,5.31,5.31,0
2017-06-21,5.39,5.39,5.39,5.39,100
2017-06-22,5.39,5.39,5.39,5.39,0
2017-06-23,5.39,5.39,5.39,5.39,0
2017-06-26,5.73,6.19,5.73,6.19,1600
2017-06-27,6.15,6.15,6.15,6.15,0
2017-06-28,6.15,6.15,6.15,6.15,0
2017-06-29,6.88,6.88,6.88,6.88,1500
2017-06-30,6.11,6.11,6.11,6.11,200
2017-07-03,6.15,6.19,6.11,6.11,6000
2017-07-04,7.03,7.03,7.03,7.03,100
2017-07-05,7.03,7.03,7.03,7.03,0
2017-07-06,6.11,6.11,6.11,6.11,6300
2017-07-07,6.11,6.11,6.11,6.11,0
2017-07-10,6.11,6.11,6.11,6.11,0
2017-07-11,6.65,6.69,6.65,6.69,4100
2017-07-12,6.8,6.8,6.8,6.8,100
2017-07-13,6.8,6.8,6.8,6.8,0
2017-07-14,6.8,6.8,6.8,6.8,0
2017-07-17,6.88,6.88,6.88,6.88,100
2017-07-18,6.88,6.88,6.88,6.88,0
2017-07-19,6.88,6.88,6.88,6.88,0
2017-07-20,6.72,6.76,6.72,6.76,2500
2017-07-21,6.72,6.72,6.72,6.72,1000
2017-07-24,5.73,5.73,5.73,5.73,100
2017-07-25,4.89,4.89,4.89,4.89,100
2017-07-26,4.89,4.89,4.89,4.89,0
2017-07-27,4.89,4.89,4.89,4.89,0
2017-07-28,4.39,4.39,4.39,4.39,100
2017-07-31,4.39,4.39,4.39,4.39,0
2017-08-01,4.39,4.39,4.39,4.39,0
2017-08-02,4.39,4.39,4.39,4.39,0
2017-08-03,4.39,4.39,4.39,4.39,0
2017-08-04,4.39,4.39,4.39,4.39,0
2017-08-07,4.39,4.39,4.39,4.39,0
2017-08-08,4.39,4.39,4.39,4.39,0
2017-08-09,4.39,4.39,4.39,4.39,0
2017-08-10,4.39,4.39,4.39,4.39,0
2017-08-11,4.39,4.39,4.39,4.39,0
2017-08-14,4.39,4.39,4.39,4.39,0
2017-08-15,4.39,4.39,4.39,4.39,0
2017-08-16,4.39,4.39,4.39,4.39,0
2017-08-17,4.39,4.39,4.39,4.39,0
2017-08-18,4.47,4.47,4.47,4.47,100
2017-08-21,4.47,4.47,4.47,4.47,100
2017-08-22,4.47,4.47,4.47,4.47,0
2017-08-23,5.12,5.12,3.86,3.86,200
2017-08-24,5.16,5.16,5.16,5.16,100
2017-08-25,5.92,5.92,5.2,5.92,500
2017-08-28,5.5,5.5,5.5,5.5,0
2017-08-29,4.97,4.97,4.97,4.97,200
2017-08-30,5.69,5.69,5.69,5.69,100
2017-08-31,5.16,5.16,5.16,5.16,100
2017-09-01,5.92,5.92,5.92,5.92,100
2017-09-05,6.15,6.15,6.15,6.15,100
2017-09-06,6.19,6.19,6.19,6.19,100
2017-09-07,5.27,6.27,5.27,6.27,2100
2017-09-08,6.3,6.3,6.3,6.3,1000
2017-09-11,6.3,6.3,6.3,6.3,1000
2017-09-12,5.92,6.11,5.92,6.11,1100
2017-09-13,6.5,6.5,6.5,6.5,300
2017-09-14,6.5,6.5,6.5,6.5,0
2017-09-15,6.5,6.5,6.5,6.5,0
2017-09-18,6.34,6.34,6.34,6.34,100
2017-09-19,6.34,6.34,6.34,6.34,0
2017-09-20,6.34,6.34,6.34,6.34,2000
2017-09-21,6.38,6.38,6.38,6.38,2000
2017-09-22,6.38,6.38,6.38,6.38,2000
2017-09-25,5.46,6.38,5.46,6.38,900
2017-09-26,6.27,6.27,6.27,6.27,0
2017-09-27,6.27,6.27,6.27,6.27,0
2017-09-28,5.43,5.43,5.43,5.43,100
2017-09-29,5.01,6.15,5.01,6.15,2100
2017-10-02,5.35,6.11,5.35,6.11,2100
2017-10-03,5.39,6.95,5.39,6.95,200
2017-10-04,5.35,5.35,5.35,5.35,100
2017-10-05,5.05,5.05,5.05,5.05,100
2017-10-06,5.05,5.05,5.05,5.05,0
2017-10-09,5.05,5.05,5.05,5.05,0
2017-10-10,5.05,5.05,5.05,5.05,0
2017-10-11,5.05,5.05,5.05,5.05,0
2017-10-12,5.05,5.05,5.05,5.05,0
2017-10-13,5.05,5.05,5.05,5.05,0
2017-10-16,5.05,5.05,5.05,5.05,0
2017-10-17,5.05,5.05,5.05,5.05,0
2017-10-18,5.05,5.05,5.05,5.05,0
2017-10-19,5.05,5.05,5.05,5.05,0
2017-10-20,5.05,5.05,5.05,5.05,0
2017-10-23,5.05,5.05,5.05,5.05,0
2017-10-24,5.05,5.05,5.05,5.05,0
2017-10-25,5.05,5.05,5.05,5.05,0
2017-10-26,5.05,5.05,5.05,5.05,0
2017-10-27,5.05,5.05,5.05,5.05,0
2017-10-30,5.05,5.05,5.05,5.05,0
2017-10-31,5.05,5.05,5.05,5.05,0
2017-11-01,5.05,5.05,5.05,5.05,0
2017-11-02,5.81,5.81,4.34,4.34,200
2017-11-03,4.93,4.93,4.93,4.93,100
2017-11-06,4.93,4.93,4.93,4.93,0
2017-11-07,4.93,4.93,4.93,4.93,0
2017-11-08,4.93,4.93,4.93,4.93,0
2017-11-09,5.64,5.64,5.22,5.22,3600
2017-11-10,5.22,5.22,5.22,5.22,0
2017-11-13,5.98,5.98,5.98,5.98,100
2017-11-14,6.87,6.87,6.87,6.87,300
2017-11-15,6.87,6.87,6.87,6.87,4800
2017-11-16,7.46,7.46,7.46,7.46,100
2017-11-17,7.46,7.46,7.46,7.46,0
2017-11-20,7.46,7.46,7.46,7.46,0
2017-11-21,7.46,7.46,7.46,7.46,0
2017-11-22,7.46,7.46,7.46,7.46,0
2017-11-23,7.46,7.46,7.46,7.46,0
2017-11-24,7.46,7.46,7.46,7.46,0
2017-11-27,7.03,7.03,7.03,7.03,1000
2017-11-28,7.37,7.37,7.37,7.37,100
2017-11-29,7.16,7.16,7.16,7.16,1000
2017-11-30,7.16,7.16,7.16,7.16,3000
2017-12-01,7.16,7.16,7.16,7.16,0
2017-12-04,7.16,7.16,7.16,7.16,0
2017-12-05,7.16,7.16,7.16,7.16,0
2017-12-06,7.16,7.16,7.16,7.16,0
2017-12-07,7.16,7.16,7.16,7.16,0
2017-12-08,7.16,7.16,7.16,7.16,0
2017-12-11,7.16,7.16,7.16,7.16,0
2017-12-12,6.74,6.74,6.74,6.74,400
2017-12-13,7.16,7.16,7.16,7.16,100
2017-12-14,7.16,7.16,7.16,7.16,0
2017-12-15,7.16,7.37,7.16,7.37,13200
2017-12-18,7.33,7.33,7.33,7.33,0
2017-12-19,7.37,7.37,7.37,7.37,100
2017-12-20,7.37,7.37,7.37,7.37,0
2017-12-21,7.37,7.37,7.37,7.37,0
2017-12-22,7.37,7.37,7.37,7.37,0
2017-12-25,7.37,7.37,7.37,7.37,0
2017-12-26,7.37,7.37,7.37,7.37,0
2017-12-27,7.37,7.37,7.37,7.37,0
2017-12-28,7.37,7.37,7.37,7.37,500
2017-12-29,6.95,6.95,6.95,6.95,1700
2018-01-02,7.37,7.37,7.37,7.37,100
2018-01-03,6.95,6.95,6.95,6.95,2000
2018-01-04,6.95,6.95,6.95,6.95,2100
2018-01-05,6.95,6.95,6.95,6.95,2000
2018-01-08,6.95,6.95,6.95,6.95,2000
2018-01-09,6.95,6.95,6.95,6.95,0
2018-01-10,6.95,7.16,6.95,7.16,5000
2018-01-11,7.08,7.08,7.08,7.08,0
2018-01-12,7.16,7.29,7.08,7.29,17300
2018-01-15,7.2,7.2,7.2,7.2,0
2018-01-16,7.2,7.2,7.2,7.2,0
2018-01-17,7.25,7.25,7.25,7.25,5000
2018-01-18,7.16,7.16,7.16,7.16,2000
2018-01-19,7.16,7.16,7.16,7.16,4500
2018-01-22,7.16,7.16,7.16,7.16,0
2018-01-23,7.16,7.16,7.16,7.16,0
2018-01-24,7.16,7.16,7.16,7.16,0
2018-01-25,7.16,7.16,7.16,7.16,0
2018-01-26,7.16,7.16,7.16,7.16,0
2018-01-29,7.16,7.16,7.16,7.16,0
2018-01-30,7.16,7.16,7.16,7.16,0
2018-01-31,7.16,7.16,7.16,7.16,0
2018-02-01,6.95,7.25,6.95,7.25,30000
2018-02-02,7.16,7.25,7.12,7.25,30500
2018-02-05,7.25,7.25,7.25,7.25,5000
2018-02-06,7.08,7.25,7.08,7.25,18100
2018-02-07,7.2,7.37,6.95,7.25,15100
2018-02-08,7.25,7.25,7.25,7.25,0
2018-02-09,7.16,7.16,7.16,7.16,2000
2018-02-12,7.16,7.16,7.16,7.16,0
2018-02-13,7.16,7.16,7.16,7.16,0
2018-02-21,7.16,7.16,7.16,7.16,0
2018-02-22,7.16,7.16,7.16,7.16,0
2018-02-23,7.16,7.16,7.16,7.16,0
2018-02-26,6.11,7.03,6.11,7.03,1100
2018-02-27,5.94,5.94,5.94,5.94,100
2018-02-28,5.94,5.94,5.94,5.94,0
2018-03-01,6.82,6.82,6.82,6.82,100
2018-03-02,7.25,7.37,7.25,7.37,4300
2018-03-05,6.28,6.28,6.28,6.28,100
2018-03-06,6.28,6.28,6.28,6.28,0
2018-03-07,6.28,6.28,6.28,6.28,0
2018-03-08,5.48,5.48,5.48,5.48,100
2018-03-09,5.48,5.48,5.48,5.48,0
2018-03-12,5.48,5.48,5.48,5.48,0
2018-03-13,5.48,5.48,5.48,5.48,0
2018-03-14,5.48,5.48,5.48,5.48,0
2018-03-15,5.48,5.48,5.48,5.48,0
2018-03-16,5.48,5.48,5.48,5.48,0
2018-03-19,5.48,5.48,5.48,5.48,0
2018-03-20,5.48,5.48,5.48,5.48,0
2018-03-21,5.48,5.48,5.48,5.48,0
2018-03-22,5.48,5.48,5.48,5.48,0
2018-03-23,6.28,6.28,6.28,6.28,100
2018-03-26,6.28,6.28,6.28,6.28,0
2018-03-27,6.28,6.28,6.28,6.28,0
2018-03-28,6.28,6.28,6.28,6.28,0
2018-03-29,7.2,7.2,7.2,7.2,5200
2018-03-30,6.4,7.58,6.4,7.58,300
2018-04-02,7.2,7.2,7.2,7.2,0
2018-04-03,6.44,7.46,6.44,7.41,600
2018-04-04,6.78,7.58,6.78,7.58,300
2018-04-05,7.33,7.33,7.33,7.33,0
2018-04-06,7.33,7.33,7.33,7.33,0
2018-04-09,7.33,7.33,7.33,7.33,0
2018-04-10,7.62,7.67,6.23,6.23,1000
2018-04-11,6.78,7.67,6.78,7.67,3100
2018-04-12,7.75,7.75,7.75,7.75,1000
2018-04-13,7.03,7.03,7.03,7.03,100
2018-04-16,6.4,6.4,6.4,6.4,100
2018-04-17,6.4,6.4,6.4,6.4,0
2018-04-18,6.4,6.4,6.4,6.4,0
2018-04-19,6.4,6.4,6.4,6.4,0
2018-04-20,7.33,7.33,7.33,7.33,500
2018-04-23,7.33,7.33,7.33,7.33,0
2018-04-24,7.33,7.33,7.33,7.33,0
2018-04-26,7.33,7.33,7.33,7.33,0
2018-04-27,7.33,7.33,7.33,7.33,0
2018-05-02,7.33,7.33,7.33,7.33,0
2018-05-03,7.33,7.33,7.33,7.33,0
2018-05-04,7.33,7.33,7.33,7.33,0
2018-05-07,7.33,7.33,7.33,7.33,0
2018-05-08,7.33,7.33,7.33,7.33,0
2018-05-09,7.33,7.33,7.33,7.33,0
2018-05-10,7.33,7.33,7.33,7.33,0
2018-05-11,7.33,7.33,7.33,7.33,0
2018-05-14,7.33,7.33,7.33,7.33,0
2018-05-15,7.33,7.33,7.33,7.33,0
2018-05-16,8.42,8.42,6.23,6.23,400
2018-05-17,7.33,7.33,7.33,7.33,0
2018-05-18,7.33,7.33,7.33,7.33,0
2018-05-21,7.33,7.33,7.33,7.33,0
2018-05-22,7.33,7.33,7.33,7.33,0
2018-05-23,7.58,7.58,6.28,6.28,300
2018-05-24,6.61,6.61,6.61,6.61,100
2018-05-25,7.58,7.58,5.73,5.73,400
2018-05-28,6.66,6.66,6.66,6.66,0
2018-05-29,6.66,6.66,6.66,6.66,0
2018-05-30,6.66,6.66,6.66,6.66,0
2018-05-31,6.66,6.66,6.66,6.66,0
2018-06-01,6.66,6.66,6.66,6.66,0
2018-06-04,6.66,6.66,6.66,6.66,0
2018-06-05,6.66,6.66,6.66,6.66,0
2018-06-06,6.66,6.66,6.66,6.66,0
2018-06-07,6.66,6.66,6.66,6.66,0
2018-06-08,6.66,6.66,6.66,6.66,0
2018-06-11,6.66,6.66,6.66,6.66,0
2018-06-12,6.66,6.66,6.66,6.66,0
2018-06-13,6.66,6.66,6.66,6.66,0
2018-06-14,6.66,6.66,6.66,6.66,0
2018-06-15,6.66,6.66,6.66,6.66,0
2018-06-18,6.66,6.66,6.66,6.66,0
2018-06-19,6.66,6.66,6.66,6.66,0
2018-06-20,6.66,6.66,6.66,6.66,0
2018-06-21,6.66,6.66,6.66,6.66,0
2018-06-22,6.66,6.66,6.66,6.66,0
2018-06-25,6.66,6.66,6.66,6.66,0
2018-06-26,6.66,6.66,6.66,6.66,0
2018-06-27,6.66,6.66,6.66,6.66,0
2018-06-28,6.66,6.66,6.66,6.66,0
2018-06-29,6.66,6.66,6.66,6.66,0
2018-07-02,6.66,6.66,6.66,6.66,0
2018-07-03,5.84,5.84,5.84,5.84,100
2018-07-04,5.84,5.84,5.84,5.84,0
2018-07-05,5.84,5.84,5.84,5.84,0
2018-07-06,5.84,5.84,5.84,5.84,0
2018-07-09,5.84,5.84,5.84,5.84,0
2018-07-10,5.84,5.84,5.84,5.84,0
2018-07-11,5.84,5.84,5.84,5.84,0
2018-07-12,5.84,5.84,5.84,5.84,0
2018-07-13,5.84,5.84,5.84,5.84,0
2018-07-16,5.84,5.84,5.84,5.84,0
2018-07-17,5.84,5.84,5.84,5.84,0
2018-07-18,5.84,5.84,5.84,5.84,0
2018-07-19,5.84,5.84,5.84,5.84,0
2018-07-20,5.84,5.84,5.84,5.84,0
2018-07-23,5.84,5.84,5.84,5.84,0
2018-07-24,5.84,5.84,5.84,5.84,0
2018-07-25,5.84,5.84,5.84,5.84,0
2018-07-26,5.84,5.84,5.84,5.84,0
2018-07-27,5.84,5.84,5.84,5.84,0
2018-07-30,5.84,5.84,5.84,5.84,0
2018-07-31,5.84,5.84,5.84,5.84,0
2018-08-01,5.84,5.84,5.84,5.84,0
2018-08-02,5.84,5.84,5.84,5.84,0
2018-08-03,5.84,5.84,5.84,5.84,0
2018-08-06,5.84,5.84,5.84,5.84,0
2018-08-07,5.84,5.84,5.84,5.84,0
2018-08-08,5.84,5.84,5.84,5.84,0
2018-08-09,8.15,8.15,6.99,6.99,1000
2018-08-10,8.15,8.15,6.32,6.32,200
2018-08-13,6.32,6.32,6.32,6.32,300
2018-08-14,6.32,6.32,6.32,6.32,0
2018-08-15,6.32,6.32,6.32,6.32,0
2018-08-16,6.32,6.32,6.32,6.32,0
2018-08-17,6.32,6.32,6.32,6.32,0
2018-08-20,6.32,6.32,6.32,6.32,0
2018-08-21,6.32,6.32,6.32,6.32,0
2018-08-22,6.32,6.32,6.32,6.32,0
2018-08-23,6.32,6.32,6.32,6.32,0
2018-08-24,6.7,6.7,6.7,6.7,100
2018-08-27,6.7,6.7,6.7,6.7,0
2018-08-28,7.67,7.67,5.74,5.74,600
2018-08-29,6.7,6.7,6.7,6.7,0
2018-08-30,7.67,7.67,5.84,5.84,400
2018-08-31,7.76,7.76,5.74,5.74,200
2018-09-04,7.76,7.76,7.76,7.76,100
2018-09-05,6.7,7.81,6.7,7.81,400
2018-09-06,7.52,7.52,7.52,7.52,0
2018-09-07,6.75,6.75,6.75,6.75,100
2018-09-10,6.75,6.75,6.75,6.75,0
2018-09-11,6.75,6.75,6.75,6.75,0
2018-09-12,6.75,6.75,6.75,6.75,0
2018-09-13,6.75,6.75,6.75,6.75,0
2018-09-14,6.75,6.75,6.75,6.75,0
2018-09-17,6.75,6.75,6.75,6.75,0
2018-09-18,6.75,6.75,6.75,6.75,0
2018-09-19,6.75,6.75,6.75,6.75,0
2018-09-20,7.76,7.76,7.76,7.76,1000
2018-09-21,8.44,8.44,8.44,8.44,1000
2018-09-24,8.01,8.01,8.01,8.01,100
2018-09-25,7.04,7.04,7.04,7.04,100
2018-09-26,7.04,7.04,7.04,7.04,0
2018-09-27,7.04,7.04,7.04,7.04,0
2018-09-28,7.04,7.04,7.04,7.04,0
2018-10-01,8.05,8.05,8.05,8.05,800
2018-10-02,7.04,8.2,7.04,8.2,1700
2018-10-03,7.19,7.19,7.19,7.19,100
2018-10-04,7.19,7.19,7.19,7.19,0
2018-10-05,7.09,7.09,7.09,7.09,100
2018-10-08,7.09,7.09,7.09,7.09,0
2018-10-09,7.09,7.09,7.09,7.09,0
2018-10-10,7.09,7.09,7.09,7.09,0
2018-10-11,7.09,7.09,7.09,7.09,0
2018-10-12,7.09,7.09,7.09,7.09,0
2018-10-15,7.09,7.09,7.09,7.09,0
2018-10-16,7.09,7.09,7.09,7.09,0
2018-10-17,7.09,7.09,7.09,7.09,0
2018-10-18,7.09,7.09,7.09,7.09,0
2018-10-19,7.09,7.09,7.09,7.09,0
2018-10-22,7.09,7.09,7.09,7.09,0
2018-10-23,7.09,7.09,7.09,7.09,0
2018-10-24,7.09,7.09,7.09,7.09,0
2018-10-25,7.09,7.09,7.09,7.09,0
2018-10-26,7.09,7.09,7.09,7.09,0
2018-10-29,7.09,7.09,7.09,7.09,0
2018-10-30,7.09,7.09,7.09,7.09,0
2018-10-31,7.09,7.09,7.09,7.09,0
2018-11-01,7.09,7.09,7.09,7.09,0
2018-11-02,8.15,8.15,8.15,8.15,1300
2018-11-05,7.14,7.14,7.14,7.14,100
2018-11-06,7.14,7.14,7.14,7.14,0
2018-11-07,7.14,7.14,7.14,7.14,0
2018-11-08,7.14,7.14,7.14,7.14,0
2018-11-09,8.2,8.2,8.2,8.2,3500
2018-11-12,7.19,8.73,7.19,8.73,1600
2018-11-13,7.38,7.38,7.38,7.38,100
2018-11-14,7.14,8.44,7.14,8.44,400
2018-11-15,8.1,8.1,8.1,8.1,0
2018-11-16,7.14,7.14,7.14,7.14,100
2018-11-19,7.14,7.14,7.14,7.14,0
2018-11-20,8.2,8.2,8.2,8.2,100
2018-11-21,7.23,8.2,7.23,8.2,200
2018-11-22,7.19,8.2,7.19,8.2,600
2018-11-23,7.38,8.2,7.38,8.2,400
2018-11-26,7.14,8.2,7.14,8.2,2100
2018-11-27,8.15,8.2,8.2,8.2,0
2018-11-28,7.57,7.57,7.57,7.57,100
2018-11-29,7.57,7.57,7.57,7.57,0
2018-11-30,6.9,6.9,6.46,6.46,500
2018-12-03,7.52,7.52,7.52,7.52,100
2018-12-04,6.94,8.34,6.94,8.3,4200
2018-12-05,7.48,8.3,7.48,8.3,500
2018-12-06,7.76,8.34,7.76,8.34,200
2018-12-07,8.05,8.34,8.34,8.34,0
2018-12-10,8.3,8.3,8.3,8.3,1400
2018-12-11,8.34,8.34,8.34,8.34,1200
2018-12-12,7.91,8.34,7.91,8.34,700
2018-12-13,8.3,8.3,8.3,8.3,100
2018-12-14,8.3,8.3,8.3,8.3,0
2018-12-17,8.3,8.3,8.3,8.3,0
2018-12-18,8.68,8.68,8.68,8.68,1000
2018-12-19,9.19,9.19,9.19,9.19,200
2018-12-20,9.19,9.19,9.19,9.19,0
2018-12-21,9.19,9.19,9.19,9.19,0
2018-12-24,9.19,9.19,9.19,9.19,0
2018-12-25,9.19,9.19,9.19,9.19,0
2018-12-26,9.19,9.19,9.19,9.19,0
2018-12-27,9.19,9.19,9.19,9.19,0
2018-12-28,9.19,9.19,9.19,9.19,0
2019-01-02,9.19,9.19,9.19,9.19,0
2019-01-03,9.19,9.19,9.19,9.19,0
2019-01-04,9.19,9.19,9.19,9.19,0
2019-01-07,9.19,9.19,9.19,9.19,0
2019-01-08,9.19,9.19,9.19,9.19,0
2019-01-09,9.19,9.19,9.19,9.19,0
2019-01-10,9.19,9.19,9.19,9.19,0
2019-01-11,9.19,9.19,9.19,9.19,0
2019-01-14,9.19,9.19,9.19,9.19,0
2019-01-15,7.81,7.81,7.81,7.81,100
2019-01-16,7.81,7.81,7.81,7.81,0
2019-01-17,7.81,7.81,7.81,7.81,0
2019-01-18,7.56,7.56,7.56,7.56,100
2019-01-21,7.56,7.56,7.56,7.56,0
2019-01-22,7.56,7.56,7.56,7.56,0
2019-01-23,7.56,7.56,7.56,7.56,0
2019-01-24,7.56,7.56,7.56,7.56,0
2019-01-25,7.56,7.56,7.56,7.56,0
2019-01-28,7.56,7.56,7.56,7.56,0
2019-01-29,7.56,7.56,7.56,7.56,0
2019-01-30,7.56,7.56,7.56,7.56,0
2019-01-31,7.56,7.56,7.56,7.56,0
2019-02-01,7.56,7.56,7.56,7.56,0
2019-02-11,7.56,7.56,7.56,7.56,0
2019-02-12,7.56,7.56,7.56,7.56,0
2019-02-13,7.56,7.56,7.56,7.56,0
2019-02-14,7.56,7.56,7.56,7.56,0
2019-02-15,7.56,7.56,7.56,7.56,0
2019-02-18,7.56,7.56,7.56,7.56,0
2019-02-19,7.56,7.56,7.56,7.56,0
2019-02-20,7.56,7.56,7.56,7.56,0
2019-02-21,7.56,7.56,7.56,7.56,0
2019-02-22,7.56,7.56,7.56,7.56,0
2019-02-25,7.56,7.56,7.56,7.56,0
2019-02-26,7.56,7.56,7.56,7.56,0
2019-02-27,7.56,7.56,7.56,7.56,0
2019-02-28,7.56,7.56,7.56,7.56,0
2019-03-01,7.56,7.56,7.56,7.56,0
2019-03-04,7.56,7.56,7.56,7.56,0
2019-03-05,10.21,10.21,10.21,10.21,1300
2019-03-06,10.21,10.21,10.21,10.21,0
2019-03-07,10.21,10.21,10.21,10.21,0
2019-03-08,8.83,8.83,8.83,8.83,100
2019-03-11,10.11,10.11,10.11,10.11,900
2019-03-12,9.24,9.24,9.24,9.24,100
2019-03-13,8.68,8.68,8.68,8.68,100
2019-03-14,9.96,9.96,9.96,9.96,100
2019-03-15,9.4,9.4,9.4,9.4,1300
2019-03-18,9.4,9.4,9.4,9.4,0
2019-03-19,9.4,9.4,9.4,9.4,0
2019-03-20,9.4,9.4,9.4,9.4,0
2019-03-21,9.4,9.4,9.4,9.4,0
2019-03-22,9.4,9.4,9.4,9.4,0
2019-03-25,9.4,9.4,9.4,9.4,0
2019-03-26,9.4,9.4,9.4,9.4,0
2019-03-27,9.4,9.4,9.4,9.4,0
2019-03-28,9.45,9.45,9.45,9.45,1800
2019-03-29,9.45,9.45,9.45,9.45,300
2019-04-01,9.45,9.45,9.45,9.45,0
2019-04-02,9.45,9.45,9.45,9.45,0
2019-04-03,9.45,9.45,9.45,9.45,0
2019-04-04,9.45,9.45,9.45,9.45,0
2019-04-05,10.47,10.47,10.47,10.47,100
2019-04-08,9.7,9.7,9.7,9.7,100
2019-04-09,9.7,9.7,9.7,9.7,0
2019-04-10,9.7,9.7,9.7,9.7,0
2019-04-11,9.7,9.7,9.7,9.7,0
2019-04-12,9.7,9.7,9.7,9.7,0
2019-04-16,9.7,9.7,9.7,9.7,0
2019-04-17,9.7,9.7,9.7,9.7,0
2019-04-18,9.7,9.7,9.7,9.7,0
2019-04-19,9.7,9.7,9.7,9.7,0
2019-04-22,9.7,9.7,9.7,9.7,0
2019-04-23,9.7,9.7,9.7,9.7,0
2019-04-24,9.7,9.7,9.7,9.7,0
2019-04-25,9.7,9.7,9.7,9.7,0
2019-04-26,10.72,10.72,10.72,10.72,900
2019-05-02,12.31,12.31,12.0,12.0,300
2019-05-03,10.32,10.47,10.32,10.47,600
2019-05-06,10.47,10.47,10.47,10.47,0
2019-05-07,11.23,11.23,11.23,11.23,500
2019-05-08,11.23,11.23,11.23,11.23,0
2019-05-09,9.8,9.8,9.8,9.8,300
2019-05-10,11.23,11.23,11.23,11.23,100
2019-05-13,11.23,11.23,11.23,11.23,0
2019-05-14,11.95,11.95,11.95,11.95,500
2019-05-15,11.95,11.95,11.95,11.95,0
2019-05-16,10.72,10.72,10.72,10.72,500
2019-05-17,10.21,10.21,10.21,10.21,500
2019-05-20,9.7,10.21,9.7,10.21,1500
2019-05-21,10.06,10.21,10.21,10.21,0
2019-05-22,10.06,10.21,10.21,10.21,0
2019-05-23,10.06,10.21,10.21,10.21,0
2019-05-24,10.06,10.21,10.21,10.21,0
2019-05-27,10.06,10.21,10.21,10.21,0
2019-05-28,10.06,10.21,10.21,10.21,0
2019-05-29,10.06,10.21,10.21,10.21,0
2019-05-30,10.06,10.21,10.21,10.21,0
2019-05-31,10.06,10.21,10.21,10.21,0
2019-06-03,10.06,10.21,10.21,10.21,0
2019-06-04,10.06,10.21,10.21,10.21,0
2019-06-05,10.06,10.21,10.21,10.21,0
2019-06-06,10.06,10.21,10.21,10.21,0
2019-06-07,10.06,10.21,10.21,10.21,0
2019-06-10,10.06,10.21,10.21,10.21,0
2019-06-11,10.06,10.21,10.21,10.21,0
2019-06-12,10.06,10.21,10.21,10.21,0
2019-06-13,10.06,10.21,10.21,10.21,0
2019-06-14,10.06,10.21,10.21,10.21,0
2019-06-17,10.06,10.21,10.21,10.21,0
2019-06-18,8.68,8.68,8.68,8.68,300
2019-06-19,8.68,8.68,8.68,8.68,0
2019-06-20,8.68,8.68,8.68,8.68,0
2019-06-21,8.68,8.68,8.68,8.68,0
2019-06-24,8.68,8.68,8.68,8.68,0
2019-06-25,8.68,8.68,8.68,8.68,0
2019-06-26,8.68,8.68,8.68,8.68,0
2019-06-27,8.68,8.68,8.68,8.68,0
2019-06-28,8.68,8.68,8.68,8.68,0
2019-07-01,8.68,8.68,8.68,8.68,0
2019-07-02,8.68,8.68,8.68,8.68,0
2019-07-03,8.68,8.68,8.68,8.68,0
2019-07-04,8.68,8.68,8.68,8.68,0
2019-07-05,8.68,8.68,8.68,8.68,0
2019-07-08,8.68,8.68,8.68,8.68,0
2019-07-09,8.68,8.68,8.68,8.68,0
2019-07-10,8.68,8.68,8.68,8.68,0
2019-07-11,8.68,8.68,8.68,8.68,0
2019-07-12,8.68,8.68,8.68,8.68,0
2019-07-15,8.68,8.68,8.68,8.68,0
2019-07-16,8.68,8.68,8.68,8.68,0
2019-07-17,8.68,8.68,8.68,8.68,0
2019-07-18,8.68,8.68,8.68,8.68,0
2019-07-19,8.68,8.68,8.68,8.68,0
2019-07-22,8.68,8.68,8.68,8.68,0
2019-07-23,8.68,8.68,8.68,8.68,0
2019-07-24,8.68,8.68,8.68,8.68,0
2019-07-25,8.68,8.68,8.68,8.68,0
2019-07-26,8.68,8.68,8.68,8.68,0
2019-07-29,8.68,8.68,8.68,8.68,0
2019-07-30,8.68,8.68,8.68,8.68,0
2019-07-31,8.68,8.68,8.68,8.68,0
2019-08-01,8.68,8.68,8.68,8.68,0
2019-08-02,8.68,8.68,8.68,8.68,0
2019-08-05,8.68,8.68,8.68,8.68,0
2019-08-06,8.68,8.68,8.68,8.68,0
2019-08-07,8.68,8.68,8.68,8.68,0
2019-08-08,8.68,8.68,8.68,8.68,0
2019-08-09,8.68,8.68,8.68,8.68,0
2019-08-12,8.68,8.68,8.68,8.68,0
2019-08-13,8.68,8.68,8.68,8.68,0
2019-08-14,8.68,8.68,8.68,8.68,0
2019-08-15,9.96,9.96,9.96,9.96,200
2019-08-16,9.96,9.96,9.96,9.96,0
2019-08-19,9.96,9.96,9.96,9.96,0
2019-08-20,9.96,9.96,9.96,9.96,0
2019-08-21,9.96,9.96,9.96,9.96,0
2019-08-22,9.96,9.96,9.96,9.96,0
2019-08-23,9.19,9.19,9.19,9.19,100
2019-08-26,9.19,9.19,9.19,9.19,0
2019-08-27,9.19,9.19,9.19,9.19,0
2019-08-28,9.19,9.19,9.19,9.19,0
2019-08-29,9.19,9.19,9.19,9.19,0
2019-08-30,9.19,9.19,9.19,9.19,0
2019-09-03,8.94,8.94,8.94,8.94,400
2019-09-04,8.94,8.94,8.94,8.94,0
2019-09-05,8.94,8.94,8.94,8.94,0
2019-09-06,8.94,8.94,8.94,8.94,0
2019-09-09,9.19,9.19,9.19,9.19,200
2019-09-10,9.19,9.19,9.19,9.19,0
2019-09-11,9.19,9.19,9.19,9.19,0
2019-09-12,9.19,9.19,9.19,9.19,400
2019-09-13,9.19,9.19,9.19,9.19,200
2019-09-16,9.19,9.19,9.19,9.19,0
2019-09-17,9.19,9.19,9.19,9.19,100
2019-09-18,9.19,9.19,9.19,9.19,0
2019-09-19,9.19,9.19,9.19,9.19,0
2019-09-20,9.19,9.19,9.19,9.19,200
2019-09-23,9.19,9.19,9.19,9.19,0
2019-09-24,9.19,9.19,9.19,9.19,0
2019-09-25,9.19,9.19,9.19,9.19,0
2019-09-26,9.19,9.19,9.19,9.19,0
2019-09-27,9.19,9.19,9.19,9.19,0
2019-09-30,9.19,9.19,9.19,9.19,0
2019-10-01,9.19,9.19,9.19,9.19,0
2019-10-02,9.19,9.19,9.19,9.19,0
2019-10-03,9.19,9.19,9.19,9.19,0
2019-10-04,9.19,9.19,9.19,9.19,0
2019-10-07,9.19,9.19,9.19,9.19,0
2019-10-08,9.19,9.19,9.19,9.19,0
2019-10-09,9.19,9.19,9.19,9.19,0
2019-10-10,9.19,9.19,9.19,9.19,0
2019-10-11,9.19,9.19,9.19,9.19,0
2019-10-14,9.19,9.19,9.19,9.19,0
2019-10-15,9.19,9.19,9.19,9.19,0
2019-10-16,9.19,9.19,9.19,9.19,0
2019-10-17,9.19,9.19,9.19,9.19,0
2019-10-18,9.19,9.19,9.19,9.19,0
2019-10-21,9.19,9.19,9.19,9.19,0
2019-10-22,9.19,9.19,9.19,9.19,0
2019-10-23,9.19,9.19,9.19,9.19,0
2019-10-24,8.22,8.22,8.22,8.22,10500
2019-10-25,8.22,8.22,8.22,8.22,0
2019-10-28,8.22,8.22,8.22,8.22,0
2019-10-29,8.22,8.22,8.22,8.22,0
2019-10-30,8.22,8.22,8.22,8.22,0
2019-10-31,8.22,8.22,8.22,8.22,0
2019-11-01,8.22,8.22,8.22,8.22,0
2019-11-04,8.22,8.22,8.22,8.22,0
2019-11-05,8.22,8.22,8.22,8.22,0
2019-11-06,8.22,8.22,8.22,8.22,0
2019-11-07,8.22,8.22,8.22,8.22,0
2019-11-08,8.22,8.22,8.22,8.22,0
2019-11-11,8.22,8.22,8.22,8.22,0
2019-11-12,8.22,8.22,8.22,8.22,0
2019-11-13,8.22,8.22,8.22,8.22,0
2019-11-14,8.22,8.22,8.22,8.22,0
2019-11-15,8.22,8.22,8.22,8.22,0
2019-11-18,8.22,8.22,8.22,8.22,0
2019-11-19,8.22,8.22,8.22,8.22,0
2019-11-20,8.22,8.22,8.22,8.22,0
2019-11-21,7.0,7.0,7.0,7.0,300
2019-11-22,7.0,7.0,7.0,7.0,0
2019-11-25,7.0,7.0,7.0,7.0,0
2019-11-26,7.0,7.0,7.0,7.0,0
2019-11-27,7.0,7.0,7.0,7.0,0
2019-11-28,7.0,7.0,7.0,7.0,0
2019-11-29,7.0,7.0,7.0,7.0,0
2019-12-02,6.64,6.64,6.64,7.0,300
2019-12-03,7.0,6.64,6.64,6.64,0
2019-12-04,7.0,6.64,6.64,6.64,0
2019-12-05,7.03,7.61,7.61,7.61,0
2019-12-06,7.03,7.61,7.61,7.61,0
2019-12-09,7.03,7.61,7.61,7.61,0
2019-12-10,7.03,7.61,7.61,7.61,0
2019-12-11,7.03,7.61,7.61,7.61,0
2019-12-12,7.03,7.61,7.61,7.61,0
2019-12-13,7.03,7.61,7.61,7.61,0
2019-12-16,7.03,7.61,7.61,7.61,0
2019-12-17,7.03,7.61,7.61,7.61,0
2019-12-18,7.55,7.55,7.55,7.55,300
2019-12-19,7.55,7.55,7.55,7.55,0
2019-12-20,8.66,8.66,8.66,8.66,100
2019-12-23,9.95,9.95,9.95,9.95,100
2019-12-24,9.95,9.95,9.95,9.95,0
2019-12-25,9.95,9.95,9.95,9.95,0
2019-12-26,9.95,9.95,9.95,9.95,0
2019-12-27,9.95,9.95,9.95,9.95,0
2019-12-30,9.95,9.95,9.95,9.95,0
2019-12-31,9.95,9.95,9.95,9.95,0
2020-01-02,9.95,9.95,9.95,9.95,0
2020-01-03,9.95,9.95,9.95,9.95,0
2020-01-06,9.95,9.95,9.95,9.95,0
2020-01-07,8.78,8.78,8.78,8.78,200
2020-01-08,8.78,8.78,8.78,8.78,0
2020-01-09,8.78,8.78,8.78,8.78,0
2020-01-10,10.07,10.07,10.07,10.07,200
2020-01-13,10.07,10.07,10.07,10.07,0
2020-01-14,10.07,10.07,10.07,10.07,0
2020-01-15,10.07,10.07,10.07,10.07,0
2020-01-16,10.07,10.07,10.07,10.07,0
2020-01-17,10.07,10.07,10.07,10.07,0
2020-01-20,10.07,10.07,10.07,10.07,0
2020-01-21,10.07,10.07,10.07,10.07,0
2020-01-22,10.07,10.07,10.07,10.07,0
2020-01-30,10.07,10.07,10.07,10.07,0
2020-01-31,10.07,10.07,10.07,10.07,0
2020-02-03,10.07,10.07,10.07,10.07,0
2020-02-04,10.07,10.07,10.07,10.07,0
2020-02-05,10.07,10.07,10.07,10.07,0
2020-02-06,10.07,10.07,10.07,10.07,0
2020-02-07,10.07,10.07,10.07,10.07,0
2020-02-10,10.07,10.07,10.07,10.07,0
2020-02-11,10.07,10.07,10.07,10.07,0
2020-02-12,8.96,8.96,8.96,8.96,100
2020-02-13,8.78,10.19,8.78,10.19,1600
2020-02-14,9.84,10.19,10.19,10.19,0
2020-02-17,9.84,10.19,10.19,10.19,0
2020-02-18,9.84,10.19,10.19,10.19,0
2020-02-19,9.84,10.19,10.19,10.19,0
2020-02-20,8.78,8.78,8.78,8.78,300
2020-02-21,8.78,8.78,8.78,8.78,0
2020-02-24,7.61,7.61,7.61,7.61,3200
2020-02-25,7.61,7.61,7.61,7.61,0
2020-02-26,7.61,7.61,7.61,7.61,0
2020-02-27,7.61,7.61,7.61,7.61,0
2020-02-28,7.61,7.61,7.61,7.61,0
2020-03-02,7.61,7.61,7.61,7.61,0
2020-03-03,7.61,7.61,7.61,7.61,0
2020-03-04,7.61,7.61,7.61,7.61,0
2020-03-05,7.61,7.61,7.61,7.61,0
2020-03-06,7.61,7.61,7.61,7.61,0
2020-03-09,7.08,7.08,7.08,7.08,900
2020-03-10,7.08,7.08,7.08,7.08,0
2020-03-11,8.14,8.14,8.14,8.14,100
2020-03-12,9.31,9.31,9.31,9.31,500
2020-03-13,9.31,9.31,9.31,9.31,0
2020-03-16,9.78,9.78,9.78,9.78,400
2020-03-17,9.78,9.78,9.78,9.78,0
2020-03-18,9.78,9.78,9.78,9.78,0
2020-03-19,9.78,9.78,9.78,9.78,0
2020-03-20,9.78,9.78,9.78,9.78,0
2020-03-23,9.78,9.78,9.78,9.78,0
2020-03-24,8.78,8.78,8.78,8.78,500
2020-03-25,10.01,10.01,10.01,10.01,100
2020-03-26,10.01,10.01,10.01,10.01,0
2020-03-27,10.01,10.01,10.01,10.01,0
2020-03-30,10.01,10.01,10.01,10.01,0
2020-03-31,10.01,10.01,10.01,10.01,0
2020-04-01,10.01,10.01,10.01,10.01,0
2020-04-03,10.01,10.01,10.01,10.01,0
2020-04-06,10.01,10.01,10.01,10.01,0
2020-04-07,10.01,10.01,10.01,10.01,0
2020-04-08,10.01,10.01,10.01,10.01,0
2020-04-09,10.01,10.01,10.01,10.01,0
2020-04-10,10.01,10.01,10.01,10.01,0
2020-04-13,10.01,10.01,10.01,10.01,0
2020-04-14,10.01,10.01,10.01,10.01,0
2020-04-15,10.01,10.01,10.01,10.01,0
2020-04-16,10.01,10.01,10.01,10.01,0
2020-04-17,10.01,10.01,10.01,10.01,0
2020-04-20,10.01,10.01,10.01,10.01,0
2020-04-21,10.01,10.01,10.01,10.01,0
2020-04-22,10.01,10.01,10.01,10.01,0
2020-04-23,10.01,10.01,10.01,10.01,100
2020-04-24,10.01,10.01,10.01,10.01,300
2020-04-27,8.78,8.78,8.78,8.78,1000
2020-04-28,8.78,8.78,8.78,8.78,0
2020-04-29,8.78,8.78,8.78,8.78,0
2020-05-04,8.78,8.78,8.78,8.78,0
2020-05-05,9.95,9.95,9.95,9.95,100
2020-05-06,9.95,9.95,9.95,9.95,0
2020-05-07,9.95,9.95,9.95,9.95,0
2020-05-08,9.95,9.95,9.95,9.95,0
2020-05-11,9.95,9.95,9.95,9.95,0
2020-05-12,9.95,9.95,9.95,9.95,0
2020-05-13,9.95,9.95,9.95,9.95,0
2020-05-14,9.95,9.95,9.95,9.95,0
2020-05-15,9.95,9.95,9.95,9.95,0
2020-05-18,9.95,9.95,9.95,9.95,0
2020-05-19,9.95,9.95,9.95,9.95,0
2020-05-20,9.95,9.95,9.95,9.95,0
2020-05-21,9.95,9.95,9.95,9.95,0
2020-05-22,9.95,9.95,9.95,9.95,0
2020-05-25,9.95,9.95,9.95,9.95,0
2020-05-26,9.95,9.95,9.95,9.95,0
2020-05-27,9.84,9.95,9.84,9.95,5100
2020-05-28,9.89,9.95,9.95,9.95,0
2020-05-29,9.89,9.95,9.95,9.95,0
2020-06-01,9.89,9.95,9.95,9.95,0
2020-06-02,9.89,9.95,9.95,9.95,0
2020-06-03,9.89,9.95,9.95,9.95,0
2020-06-04,9.89,9.95,9.95,9.95,0
2020-06-05,9.89,9.95,9.95,9.95,0
2020-06-08,9.89,9.95,9.95,9.95,0
2020-06-09,9.95,9.95,9.95,9.95,500
2020-06-10,9.95,9.95,9.95,9.95,0
2020-06-11,9.66,9.66,9.66,9.66,1700
2020-06-12,9.66,9.66,9.66,9.66,300
2020-06-15,9.66,9.66,9.66,9.66,0
2020-06-16,9.66,9.66,9.66,9.66,0
2020-06-17,9.66,9.66,9.66,9.66,0
2020-06-18,9.66,9.66,9.66,9.66,0
2020-06-19,9.66,9.66,9.66,9.66,0
2020-06-22,9.66,9.66,9.66,9.66,0
2020-06-23,9.66,9.66,9.66,9.66,0
2020-06-24,9.66,9.66,9.66,9.66,0
2020-06-25,9.66,9.66,9.66,9.66,0
2020-06-26,9.66,9.66,9.66,9.66,0
2020-06-29,9.66,9.66,9.66,9.66,0
2020-06-30,9.66,9.66,9.66,9.66,0
2020-07-01,9.66,9.66,9.66,9.66,0
2020-07-02,9.66,9.66,9.66,9.66,0
2020-07-03,9.66,9.66,9.66,9.66,0
2020-07-06,9.66,9.66,9.66,9.66,0
2020-07-07,9.66,9.66,9.66,9.66,0
2020-07-08,9.66,9.66,9.66,9.66,0
2020-07-09,9.66,9.66,9.66,9.66,2000
2020-07-10,8.31,8.31,8.31,8.31,100
2020-07-13,8.31,8.31,8.31,8.31,0
2020-07-14,9.54,9.54,9.54,9.54,100
2020-07-15,9.54,9.54,9.54,9.54,0
2020-07-16,9.54,9.54,9.54,9.54,0
2020-07-17,9.54,9.54,9.54,9.54,0
2020-07-20,8.14,9.95,8.14,9.95,500
2020-07-21,9.72,9.72,9.72,8.49,100
2020-07-22,8.49,9.72,9.72,9.72,0
2020-07-23,11.12,11.12,11.12,11.12,400
2020-07-24,11.12,11.12,11.12,11.12,0
2020-07-27,11.12,11.12,11.12,11.12,0
2020-07-28,11.12,11.12,11.12,11.12,0
2020-07-29,9.95,9.95,9.95,9.95,100
2020-07-30,9.95,9.95,9.95,9.95,0
2020-07-31,9.95,9.95,9.95,9.95,0
2020-08-03,9.95,9.95,9.95,9.95,0
2020-08-04,9.95,9.95,9.95,9.95,0
2020-08-05,9.95,9.95,9.95,9.95,0
2020-08-06,9.95,9.95,9.95,9.95,0
2020-08-07,9.95,9.95,9.95,9.95,0
2020-08-10,10.25,10.25,10.25,10.25,100
2020-08-11,10.25,10.25,10.25,10.25,0
2020-08-12,10.25,10.25,10.25,10.25,0
2020-08-13,10.25,10.25,10.25,10.25,0
2020-08-14,10.24,11.35,11.35,11.35,0
2020-08-17,10.24,11.35,11.35,11.35,0
2020-08-18,10.24,11.35,11.35,11.35,0
2020-08-19,10.24,11.35,11.35,11.35,0
2020-08-20,10.24,10.24,10.24,10.24,100
2020-08-21,10.24,10.24,10.24,10.24,0
2020-08-24,10.24,10.24,10.24,10.24,0
2020-08-25,10.24,10.24,10.24,10.24,0
2020-08-26,10.24,10.24,10.24,10.24,0
2020-08-27,10.24,10.24,10.24,10.24,0
2020-08-28,10.24,10.24,10.24,10.24,0
2020-08-31,10.24,10.24,10.24,10.24,0
2020-09-01,11.15,11.15,11.15,11.15,100
2020-09-03,11.15,11.15,11.15,11.15,0
2020-09-04,11.15,11.15,11.15,11.15,0
2020-09-07,11.15,11.15,11.15,11.15,0
2020-09-08,11.15,11.15,11.15,11.15,0
2020-09-09,9.53,10.37,9.53,10.37,5200
2020-09-10,9.86,10.37,10.37,10.37,0
2020-09-11,9.86,10.37,10.37,10.37,0
2020-09-14,10.37,10.37,10.37,10.37,1000
2020-09-15,10.7,10.7,10.7,10.7,400
2020-09-16,10.7,10.7,10.7,10.7,0
2020-09-17,10.7,10.7,10.7,10.7,0
2020-09-18,10.7,10.7,10.7,10.7,0
2020-09-21,10.7,10.7,10.7,10.7,0
2020-09-22,10.7,10.7,10.7,10.7,0
2020-09-23,10.7,10.7,10.7,10.7,0
2020-09-24,10.7,10.7,10.7,10.7,0
2020-09-25,11.35,11.35,11.15,11.28,900
2020-09-28,11.22,11.28,11.28,11.28,0
2020-09-29,11.22,11.28,11.28,11.28,0
2020-09-30,11.22,11.28,11.28,11.28,0
2020-10-01,11.22,11.28,11.28,11.28,0
2020-10-02,11.22,11.28,11.28,11.28,0
2020-10-05,10.76,10.76,10.76,10.76,1000
2020-10-06,10.76,10.76,10.76,10.76,0
2020-10-07,10.76,10.76,10.76,10.76,1000
2020-10-08,10.76,10.76,10.76,10.76,0
2020-10-09,10.76,10.76,10.76,10.76,0
2020-10-12,10.76,10.76,10.76,10.76,1000
2020-10-13,10.76,10.76,10.76,10.76,0
2020-10-14,10.76,10.76,10.76,10.76,0
2020-10-15,10.76,10.76,10.76,10.76,0
2020-10-16,10.76,10.76,10.76,10.76,2000
2020-10-19,10.76,10.76,10.76,10.76,0
2020-10-20,10.76,10.76,10.76,10.76,0
2020-10-21,10.76,10.76,10.76,10.76,0
2020-10-22,10.76,10.76,10.76,10.76,100
2020-10-23,10.76,10.76,10.76,10.76,0
2020-10-26,9.21,10.76,9.21,10.76,1100
2020-10-27,10.63,10.76,10.76,10.76,0
2020-10-28,10.63,10.76,10.76,10.76,0
2020-10-29,10.63,10.76,10.76,10.76,0
2020-10-30,10.63,10.76,10.76,10.76,0
2020-11-02,10.63,10.76,10.76,10.76,0
2020-11-03,11.28,11.28,11.28,11.28,1000
2020-11-04,11.28,11.28,11.28,11.28,0
2020-11-05,12.97,12.97,12.97,12.97,1400
2020-11-06,14.91,14.91,14.59,14.91,6100
2020-11-09,14.91,14.91,14.91,14.91,400
2020-11-10,16.86,17.12,16.86,17.12,3000
2020-11-11,19.39,19.39,16.86,16.86,200
2020-11-12,17.44,20.88,17.44,20.75,10300
2020-11-13,20.16,20.16,20.16,20.16,100
2020-11-16,23.15,23.15,17.18,17.18,3200
2020-11-17,19.45,19.45,19.45,19.45,100
2020-11-18,16.92,19.45,16.86,19.45,2800
2020-11-19,14.52,18.8,14.46,14.46,1400
2020-11-20,12.97,12.97,12.64,12.64,3200
2020-11-23,11.67,11.67,11.67,11.67,100
2020-11-24,13.42,13.42,13.42,13.42,200
2020-11-25,13.42,15.37,13.42,15.37,900
2020-11-26,14.91,14.91,13.62,13.62,400
2020-11-27,15.3,15.3,12.97,12.97,2100
2020-11-30,13.62,13.62,12.97,12.97,1200
2020-12-01,13.55,12.97,12.97,12.97,0
2020-12-02,13.55,12.97,12.97,12.97,0
2020-12-03,13.29,13.29,12.97,12.97,11000
2020-12-04,13.03,12.97,12.97,12.97,0
2020-12-07,13.62,13.62,13.62,13.62,100
2020-12-08,13.62,13.62,13.62,13.62,0
2020-12-09,13.62,13.62,13.62,13.62,700
2020-12-10,13.62,13.62,13.62,13.62,0
2020-12-11,12.97,12.97,12.32,12.32,400
2020-12-14,12.97,12.97,12.97,12.97,1000
2020-12-15,12.97,12.97,11.02,11.02,4600
2020-12-16,12.97,13.16,12.97,13.16,900
2020-12-17,13.62,13.62,13.62,13.62,100
2020-12-18,13.29,13.55,13.29,13.55,1000
2020-12-21,13.42,13.49,13.42,13.49,1200
2020-12-22,13.49,13.49,13.49,13.49,0
2020-12-23,12.97,12.97,12.97,12.97,400
2020-12-24,12.97,13.29,12.97,13.29,800
2020-12-25,13.62,13.62,13.62,13.62,1300
2020-12-28,13.62,13.62,13.03,13.62,900
2020-12-29,13.62,13.62,13.62,13.62,300
2020-12-30,13.94,13.94,13.94,13.94,400
2020-12-31,13.88,13.88,13.62,13.62,1300
2021-01-04,13.68,13.62,13.62,13.62,0
2021-01-05,14.13,14.13,14.13,14.13,500
2021-01-06,14.13,14.39,14.13,14.39,200
2021-01-07,14.39,14.39,14.39,14.39,100
2021-01-08,14.39,14.39,14.39,14.39,400
2021-01-11,14.39,14.65,14.39,14.65,600
2021-01-12,13.94,14.72,13.62,13.94,1500
2021-01-13,14.78,14.78,14.26,14.26,1100
2021-01-14,15.56,15.56,14.85,14.98,3200
2021-01-15,14.91,14.91,14.91,14.91,300
2021-01-18,15.24,15.24,15.24,15.24,100
2021-01-19,15.43,15.43,15.43,15.43,100
2021-01-20,15.43,15.43,15.43,15.43,0
2021-01-21,14.72,14.72,14.72,14.72,500
2021-01-22,14.78,14.78,13.62,14.26,7100
2021-01-25,14.39,14.39,14.39,14.39,0
2021-01-26,14.26,14.26,14.26,14.26,4100
2021-01-27,14.26,14.91,14.26,14.91,200
2021-01-28,14.59,14.91,14.91,14.91,0
2021-01-29,15.89,15.89,15.89,15.89,100
2021-02-01,15.95,16.14,15.76,16.14,600
2021-02-02,16.21,16.53,16.21,16.47,300
2021-02-03,16.21,16.27,16.21,16.27,1100
2021-02-04,16.02,16.02,16.02,16.02,100
2021-02-05,16.02,16.02,15.95,15.95,400
2021-02-08,15.95,15.95,15.95,15.95,100
2021-02-09,16.02,16.02,16.02,16.02,100
2021-02-17,15.89,15.89,15.89,15.89,100
2021-02-18,16.21,16.21,16.21,16.21,1000
2021-02-19,16.08,16.08,16.08,16.08,2700
2021-02-22,16.08,16.08,16.08,16.08,0
2021-02-23,14.46,16.14,14.46,16.14,1100
2021-02-24,16.21,16.73,16.21,16.73,10100
2021-02-25,16.86,16.86,16.66,16.66,3000
2021-02-26,16.6,16.6,16.6,16.6,1200
2021-03-01,16.79,16.79,16.79,16.79,100
2021-03-02,16.86,16.86,16.86,16.86,1400
2021-03-03,16.86,16.86,16.86,16.86,0
2021-03-04,16.92,17.05,16.92,17.05,700
2021-03-05,17.18,17.18,17.18,17.18,300
2021-03-08,17.38,17.38,17.38,17.38,200
2021-03-09,17.51,17.51,17.44,17.51,400
2021-03-10,17.51,17.51,17.51,17.51,0
2021-03-11,17.51,17.51,17.51,17.51,0
2021-03-12,17.44,17.64,17.44,17.64,400
2021-03-15,17.57,17.64,17.64,17.64,0
2021-03-16,18.8,18.8,18.8,18.8,100
2021-03-17,18.8,18.8,18.8,18.8,0
2021-03-18,18.8,18.8,18.8,18.8,0
2021-03-19,18.93,18.93,18.93,18.93,200
2021-03-22,18.93,18.93,18.93,18.93,0
2021-03-23,18.93,18.93,18.93,18.93,0
2021-03-24,17.51,17.51,17.51,17.51,300
2021-03-25,17.64,17.64,17.64,17.64,400
2021-03-26,17.83,17.83,17.83,17.83,100
2021-03-29,17.83,17.83,17.83,17.83,0
2021-03-30,17.96,18.03,15.24,18.03,700
2021-03-31,17.77,17.77,17.77,17.77,100
2021-04-01,17.9,17.9,17.9,17.9,100
2021-04-02,17.9,17.9,17.9,17.9,0
2021-04-05,17.9,17.9,17.9,17.9,0
2021-04-06,17.9,18.15,17.9,18.15,200
2021-04-07,18.03,18.15,18.15,18.15,0
2021-04-08,17.83,17.83,17.83,17.83,100
2021-04-09,17.83,17.83,17.83,17.83,0
2021-04-12,15.56,16.08,15.56,16.08,300
2021-04-13,16.08,16.6,16.08,16.6,1600
2021-04-14,16.53,16.53,16.53,16.53,900
2021-04-15,16.53,16.53,16.53,16.53,0
2021-04-16,16.53,16.53,16.53,16.53,500
2021-04-19,16.53,16.53,16.53,16.53,0
2021-04-20,16.53,16.53,16.53,16.53,0
2021-04-22,16.53,16.53,16.53,16.53,0
2021-04-23,16.53,16.53,16.53,16.53,0
2021-04-26,16.53,16.53,16.53,16.53,0
2021-04-27,14.91,17.18,14.91,17.18,200
2021-04-28,16.86,16.86,16.86,16.86,100
2021-04-29,16.86,17.18,16.86,16.86,4900
2021-05-04,18.09,18.09,15.04,17.38,300
2021-05-05,16.86,17.38,17.38,17.38,0
2021-05-06,17.51,17.51,17.51,17.51,400
2021-05-07,17.51,17.51,17.51,17.51,0
2021-05-10,17.51,17.51,17.51,17.51,0
2021-05-11,17.51,17.51,17.51,17.51,0
2021-05-12,16.21,16.21,16.21,16.21,2000
2021-05-13,17.51,17.51,17.51,17.51,200
2021-05-14,17.51,17.51,17.51,17.51,0
2021-05-17,17.51,17.51,17.51,17.51,1300
2021-05-18,16.21,16.27,16.21,16.21,9800
2021-05-19,16.21,16.21,16.21,16.21,100
2021-05-20,18.15,18.15,18.15,18.15,100
2021-05-21,18.15,18.15,18.15,18.15,0
2021-05-24,18.15,18.15,18.15,18.15,0
2021-05-25,17.51,17.51,17.51,17.51,1500
2021-05-26,18.09,18.09,18.09,18.09,100
2021-05-27,18.09,18.09,18.09,18.09,0
2021-05-28,18.09,18.09,18.09,18.09,0
2021-05-31,18.09,18.09,18.09,18.09,0
2021-06-01,18.09,18.09,18.09,18.09,0
2021-06-02,18.09,18.09,18.09,18.09,0
2021-06-03,18.09,18.09,18.09,18.09,0
2021-06-04,17.83,17.83,17.83,17.83,200
2021-06-07,18.09,18.09,18.09,18.09,200
2021-06-08,18.09,18.09,18.09,18.09,0
2021-06-09,18.09,18.09,18.09,18.09,0
2021-06-10,18.09,18.09,18.09,18.09,0
2021-06-11,18.09,18.09,18.09,18.09,0
2021-06-14,18.09,18.09,18.09,18.09,0
2021-06-15,18.09,18.09,18.09,18.09,0
2021-06-16,18.09,18.09,18.09,18.09,100
2021-06-17,18.09,18.09,18.09,18.09,0
2021-06-18,18.09,18.09,18.09,18.09,0
2021-06-21,18.09,18.15,18.09,18.15,600
2021-06-22,18.09,18.09,18.09,18.09,100
2021-06-23,18.09,18.09,18.09,18.09,0
2021-06-24,18.03,18.09,18.03,18.09,2300
2021-06-25,18.09,18.09,18.09,18.09,0
2021-06-28,18.09,18.09,18.09,18.09,0
2021-06-29,18.09,18.09,18.09,18.09,0
2021-06-30,18.09,18.09,18.09,18.09,0
2021-07-01,18.15,18.15,17.51,18.15,5400
2021-07-02,17.51,17.51,17.51,17.51,2100
2021-07-05,17.96,18.8,17.96,18.48,1500
2021-07-06,18.54,18.48,18.48,18.48,0
2021-07-07,18.54,18.48,18.48,18.48,0
2021-07-08,18.54,18.48,18.48,18.48,0
2021-07-09,18.54,18.48,18.48,18.48,0
2021-07-12,18.54,18.48,18.48,18.48,0
2021-07-13,18.54,18.48,18.48,18.48,0
2021-07-14,18.54,18.48,18.48,18.48,0
2021-07-15,18.54,18.48,18.48,18.48,0
2021-07-16,18.54,18.48,18.48,18.48,0
2021-07-19,18.54,18.48,18.48,18.48,0
2021-07-20,18.54,18.48,18.48,18.48,0
2021-07-21,18.54,18.48,18.48,18.48,0
2021-07-22,19.13,19.13,19.13,19.13,200
2021-07-23,19.13,19.13,19.13,19.13,0
2021-07-26,19.13,19.13,19.13,19.13,0
2021-07-27,19.13,19.13,19.13,19.13,0
2021-07-28,19.45,20.1,19.45,20.1,500
2021-07-29,19.45,19.45,19.45,19.45,100
2021-07-30,19.45,19.45,19.45,19.45,0
2021-08-02,19.45,19.45,19.45,19.45,0
2021-08-03,19.45,19.45,19.45,19.45,0
2021-08-04,19.45,19.45,19.45,19.45,0
2021-08-05,19.45,19.45,19.45,19.45,0
2021-08-06,19.45,19.45,19.45,19.45,600
2021-08-09,19.45,20.75,19.45,20.1,8600
2021-08-10,20.42,22.05,20.42,21.98,4800
2021-08-11,22.05,23.34,22.05,22.69,3600
2021-08-12,21.79,23.48,21.79,23.48,2200
2021-08-13,22.14,22.49,22.14,22.49,1000
2021-08-16,22.35,22.35,21.79,22.14,700
2021-08-17,21.79,21.79,21.79,21.79,500
2021-08-18,21.09,21.09,18.98,18.98,5900
2021-08-19,18.98,18.98,17.92,17.92,1200
2021-08-20,17.22,17.99,17.22,17.99,700
2021-08-23,19.68,19.68,19.68,19.68,200
2021-08-24,19.68,19.68,19.68,19.68,0
2021-08-25,19.68,19.68,19.68,19.68,0
2021-08-26,19.68,19.68,19.68,19.68,300
2021-08-27,19.68,19.68,19.68,19.68,0
2021-08-30,19.68,19.68,19.68,19.68,800
2021-08-31,19.68,19.68,19.68,19.68,1000
2021-09-01,19.68,19.68,19.68,19.68,0
2021-09-06,17.5,20.38,16.73,20.38,6100
2021-09-07,20.24,20.24,20.24,20.24,100
2021-09-08,20.24,20.24,20.24,20.24,0
2021-09-09,20.24,20.24,20.24,20.24,0
2021-09-10,20.24,20.24,20.24,20.24,0
2021-09-13,20.24,20.24,20.24,20.24,0
2021-09-14,20.24,20.24,20.24,20.24,0
2021-09-15,17.22,20.17,17.22,20.17,500
2021-09-16,17.78,17.78,17.78,17.78,300
2021-09-17,17.78,17.78,17.78,17.78,0
2021-09-20,18.91,18.91,18.91,18.91,400
2021-09-21,18.84,20.24,18.84,20.24,700
2021-09-22,19.61,19.61,19.61,19.61,0
2021-09-23,19.61,19.61,19.61,19.61,0
2021-09-24,19.33,19.33,19.33,19.33,300
2021-09-27,16.94,18.91,16.94,18.91,1100
2021-09-28,19.68,19.68,19.68,19.68,600
2021-09-29,19.68,19.68,19.68,19.68,0
2021-09-30,20.31,20.31,20.31,20.31,400
2021-10-01,20.31,20.31,20.31,20.31,0
2021-10-04,20.31,20.31,20.31,20.31,0
2021-10-05,20.31,20.73,17.71,20.73,2200
2021-10-06,19.89,19.89,19.89,19.89,300
2021-10-07,20.38,20.38,20.38,20.38,100
2021-10-08,20.31,20.38,20.31,20.38,1300
2021-10-11,20.38,20.38,20.38,20.38,0
2021-10-12,20.38,20.38,20.38,20.38,1100
2021-10-13,20.38,20.38,20.38,20.38,0
2021-10-14,20.38,20.38,20.38,20.38,0
2021-10-15,20.38,20.38,20.38,20.38,1000
2021-10-18,20.38,20.38,20.38,20.38,100
2021-10-19,20.38,20.38,20.38,20.38,0
2021-10-20,20.38,20.38,20.38,20.38,0
2021-10-21,20.38,21.02,20.38,21.02,300
2021-10-22,20.8,20.8,20.8,20.8,0
2021-10-25,20.8,20.8,20.8,20.8,0
2021-10-26,20.1,20.1,18.98,19.12,1400
2021-10-27,19.19,19.19,19.19,19.19,0
2021-10-28,20.38,21.79,20.38,21.79,2800
2021-10-29,21.44,22.49,21.09,22.49,3000
2021-11-01,22.49,24.6,21.79,22.63,9200
2021-11-02,21.3,21.3,21.3,21.3,1800
2021-11-03,21.16,21.44,21.09,21.09,4700
2021-11-04,21.16,22.35,21.16,22.35,1300
2021-11-05,21.16,21.16,21.16,21.16,800
2021-11-08,21.16,21.44,21.16,21.44,800
2021-11-09,21.44,21.44,21.23,21.23,1000
2021-11-10,21.37,21.37,21.37,21.37,600
2021-11-11,19.68,22.49,19.68,22.49,6300
2021-11-12,21.79,22.07,21.79,22.07,300
2021-11-15,21.86,21.86,21.86,21.86,0
2021-11-16,21.79,21.79,21.79,21.79,1000
2021-11-17,21.79,21.79,21.79,21.79,2800
2021-11-18,21.79,21.79,21.44,21.44,1300
2021-11-19,19.75,21.09,19.75,21.09,1700
2021-11-22,21.09,22.49,20.38,20.38,10300
2021-11-23,21.72,21.72,21.72,21.72,0
2021-11-24,21.44,21.44,21.44,21.44,1700
2021-11-25,21.37,21.44,21.37,21.44,2700
2021-11-26,21.37,21.79,21.09,21.79,4000
2021-11-29,21.44,21.44,21.09,21.09,1000
2021-11-30,22.49,22.49,21.79,21.79,900
2021-12-01,21.93,21.93,21.93,21.93,0
2021-12-02,22.14,22.14,22.14,22.14,100
2021-12-03,20.45,21.44,20.45,20.45,1200
2021-12-06,21.09,21.09,21.09,21.09,200
2021-12-07,21.09,21.09,21.09,21.09,100
2021-12-08,21.09,21.09,21.09,21.09,0
2021-12-09,20.95,21.09,20.95,21.09,1300
2021-12-10,21.09,21.16,21.09,21.16,300
2021-12-13,20.45,21.23,17.99,21.23,900
2021-12-14,21.02,21.16,21.02,21.16,700
2021-12-15,20.38,20.38,20.38,20.38,100
2021-12-16,21.16,21.23,21.16,21.23,700
2021-12-17,21.23,21.79,21.09,21.09,3500
2021-12-20,21.09,21.09,21.09,21.09,100
2021-12-21,21.09,21.09,21.09,21.09,2500
2021-12-22,21.3,21.44,21.3,21.44,400
2021-12-23,21.37,21.37,21.37,21.37,0
2021-12-24,21.37,21.37,21.37,21.37,0
2021-12-27,21.16,21.16,21.09,21.09,2000
2021-12-28,21.16,21.16,21.16,21.16,0
2021-12-29,21.23,21.3,21.23,21.3,900
2021-12-30,21.3,21.3,21.3,21.3,0
2021-12-31,21.3,21.3,21.3,21.3,0
2022-01-04,21.3,21.3,21.3,21.3,0
2022-01-05,21.09,21.09,21.09,21.09,1400
2022-01-06,21.09,21.09,21.09,21.09,0
2022-01-07,21.09,21.09,21.09,21.09,0
2022-01-10,21.09,21.09,21.09,21.09,0
2022-01-11,21.09,21.09,21.09,21.09,0
2022-01-12,21.09,21.09,21.09,21.09,0
2022-01-13,21.09,21.09,21.09,21.09,0
2022-01-14,21.09,21.09,21.09,21.09,0
2022-01-17,21.09,21.09,21.09,21.09,0
2022-01-18,21.09,21.09,21.09,21.09,100
2022-01-19,21.09,21.09,21.09,21.09,0
2022-01-20,21.02,21.02,21.02,21.02,400
2022-01-21,21.02,21.02,21.02,21.02,0
2022-01-24,20.38,20.38,20.38,20.38,1000
2022-01-25,21.09,21.09,21.09,21.09,100
2022-01-26,21.09,21.09,21.09,21.09,0
2022-01-27,21.09,21.09,21.09,21.09,0
2022-01-28,21.09,21.09,21.09,21.09,0
2022-02-07,21.79,21.79,21.79,21.79,100
2022-02-08,21.79,21.79,21.79,21.79,0
2022-02-09,21.09,21.09,21.09,21.09,3300
2022-02-10,21.09,21.09,21.09,21.09,0
2022-02-11,21.09,21.09,21.09,21.09,0
2022-02-14,19.33,19.33,19.33,19.33,300
2022-02-15,21.44,21.44,21.44,21.44,100
2022-02-16,21.44,21.44,21.44,21.44,0
2022-02-17,21.44,21.44,21.44,21.44,0
2022-02-18,21.44,21.44,21.44,21.44,0
2022-02-21,21.44,21.44,21.44,21.44,0
2022-02-22,21.44,21.44,21.44,21.44,0
2022-02-23,21.44,21.79,21.44,21.79,1100
2022-02-24,21.44,21.44,21.44,21.44,0
2022-02-25,23.55,23.55,23.55,23.55,500
2022-02-28,23.55,23.55,23.55,23.55,0
2022-03-01,20.38,21.44,20.38,21.44,1700
2022-03-02,21.3,21.3,21.3,21.3,0
2022-03-03,21.44,21.44,21.44,21.44,1000
2022-03-04,21.09,21.44,21.09,21.44,1900
2022-03-07,21.37,21.44,21.37,21.44,1300
2022-03-08,21.44,21.44,21.44,21.44,0
2022-03-09,21.44,21.44,21.44,21.44,0
2022-03-10,21.79,21.79,21.79,21.79,1400
2022-03-11,21.09,21.79,21.09,21.79,600
2022-03-14,20.03,20.03,20.03,20.03,100
2022-03-15,20.03,21.44,20.03,21.44,1100
2022-03-16,21.3,21.3,21.3,21.3,0
2022-03-17,21.09,21.09,21.09,21.09,3400
2022-03-18,21.79,21.79,21.79,21.79,1400
2022-03-21,22.49,22.77,22.49,22.77,700
2022-03-22,24.53,24.53,22.84,23.55,600
2022-03-23,23.55,23.55,23.55,23.55,1100
2022-03-24,23.55,23.55,23.55,23.55,0
2022-03-25,26.64,26.64,26.64,26.64,100
2022-03-28,26.64,26.64,22.7,24.32,1600
2022-03-29,25.09,25.09,25.09,25.09,0
2022-03-30,28.82,28.82,27.41,27.41,500
2022-03-31,27.69,27.41,27.41,27.41,0
2022-04-01,27.69,27.41,27.41,27.41,0
2022-04-04,24.6,24.6,24.39,24.39,200
2022-04-05,24.6,24.6,23.9,24.6,800
2022-04-06,24.32,24.32,24.32,24.32,0
2022-04-07,24.6,24.6,24.6,24.6,100
2022-04-08,24.6,24.6,24.6,24.6,300
2022-04-12,24.6,24.6,24.6,24.6,0
2022-04-13,24.6,24.6,24.6,24.6,0
2022-04-14,24.6,24.6,24.6,24.6,0
2022-04-15,23.9,23.9,23.19,23.9,3600
2022-04-18,23.83,23.83,23.83,23.83,0
2022-04-19,23.83,23.83,23.83,23.83,0
2022-04-20,23.83,23.83,23.83,23.83,0
2022-04-21,21.09,21.09,21.09,21.09,3400
2022-04-22,21.09,21.09,21.09,21.09,0
2022-04-25,23.9,23.9,23.9,23.9,100
2022-04-26,27.41,27.41,27.41,27.41,100
2022-04-27,27.41,27.41,27.41,27.41,0
2022-04-28,23.34,23.34,23.34,23.34,200
2022-04-29,23.34,23.34,23.34,23.34,0
2022-05-04,23.34,23.34,23.34,23.34,0
2022-05-05,23.34,23.34,23.34,23.34,0
2022-05-06,20.1,20.1,20.1,20.1,100
2022-05-09,20.38,20.38,20.1,20.38,2100
2022-05-10,20.38,20.38,20.24,20.24,5900
2022-05-11,20.38,20.38,20.1,20.24,6600
2022-05-12,20.38,20.38,20.38,20.38,2000
2022-05-13,20.38,20.38,20.38,20.38,0
2022-05-16,20.38,20.38,20.38,20.38,0
2022-05-17,20.38,20.38,20.38,20.38,1100
2022-05-18,20.38,20.38,20.38,20.38,0
2022-05-19,20.38,20.38,20.38,20.38,0
2022-05-20,23.41,23.41,23.41,23.41,100
2022-05-23,23.41,23.41,23.41,23.41,0
2022-05-24,23.41,23.41,23.41,23.41,0
2022-05-25,23.41,23.41,23.41,23.41,0
2022-05-26,23.41,23.41,23.41,23.41,0
2022-05-27,23.41,23.41,23.41,23.41,0
2022-05-30,23.41,23.41,23.41,23.41,0
2022-05-31,23.41,23.41,23.41,23.41,0
2022-06-01,23.41,23.41,23.41,23.41,0
2022-06-02,23.41,23.41,23.41,23.41,0
2022-06-03,22.42,22.49,22.42,22.49,5100
2022-06-06,25.87,25.87,25.87,25.87,100
2022-06-07,25.87,25.87,25.87,25.87,0
2022-06-08,22.49,22.49,22.49,22.49,700
2022-06-09,22.49,22.49,22.49,22.49,0
2022-06-10,21.79,21.79,21.79,21.79,2500
2022-06-13,21.79,21.79,21.79,21.79,0
2022-06-14,21.79,21.79,21.79,21.79,0
2022-06-15,21.79,21.79,21.79,21.79,0
2022-06-16,21.79,21.79,21.79,21.79,0
2022-06-17,21.79,21.79,21.79,21.79,8000
2022-06-20,21.79,21.79,21.79,21.79,0
2022-06-21,21.79,21.79,21.79,21.79,0
2022-06-22,22.14,22.14,22.14,22.14,100
2022-06-23,21.09,21.09,21.09,21.09,2000
2022-06-24,21.09,21.09,21.09,21.09,0
2022-06-27,21.09,21.09,21.09,21.09,0
2022-06-28,22.14,22.14,22.14,22.14,100
2022-06-29,18.98,18.98,18.98,18.98,900
2022-06-30,18.98,18.98,18.98,18.98,0
2022-07-01,18.98,18.98,18.98,18.98,0
2022-07-04,18.98,18.98,18.98,18.98,0
2022-07-05,18.98,18.98,18.98,18.98,0
2022-07-06,18.98,18.98,18.98,18.98,0
2022-07-07,18.98,18.98,18.98,18.98,0
2022-07-08,18.98,18.98,18.98,18.98,0
2022-07-11,18.98,18.98,18.98,18.98,0
2022-07-12,18.98,18.98,18.98,18.98,0
2022-07-13,18.98,18.98,18.98,18.98,0
2022-07-14,18.98,18.98,18.98,18.98,0
2022-07-15,18.98,18.98,18.98,18.98,0
2022-07-18,18.98,18.98,18.98,18.98,0
2022-07-19,18.98,18.98,18.98,18.98,0
2022-07-20,18.98,18.98,18.98,18.98,0
2022-07-21,18.98,18.98,18.98,18.98,0
2022-07-22,18.98,18.98,18.98,18.98,0
2022-07-25,18.98,18.98,18.98,18.98,0
2022-07-26,18.98,18.98,18.98,18.98,0
2022-07-27,18.98,18.98,18.98,18.98,0
2022-07-28,18.98,18.98,18.98,18.98,0
2022-07-29,18.98,18.98,18.98,18.98,0
2022-08-01,18.98,18.98,18.98,18.98,0
2022-08-02,21.79,21.79,21.79,21.79,2000
2022-08-03,21.79,21.79,21.79,21.79,0
2022-08-04,21.79,21.79,21.79,21.79,0
2022-08-05,21.09,21.09,21.09,21.09,100
2022-08-08,21.09,21.09,21.09,21.09,0
2022-08-09,21.09,21.09,21.09,21.09,0
2022-08-10,21.09,21.09,21.09,21.09,0
2022-08-11,21.09,21.09,21.09,21.09,0
2022-08-12,21.09,21.09,19.68,19.68,6700
2022-08-15,19.68,21.09,19.68,19.82,2200
2022-08-16,19.82,21.09,19.82,21.09,4100
2022-08-17,20.38,20.38,20.03,20.03,8000
2022-08-18,20.24,20.38,20.24,20.38,21000
2022-08-19,20.31,20.31,20.31,20.31,0
2022-08-22,20.52,20.52,20.38,20.38,5500
2022-08-23,20.38,20.38,20.38,20.38,0
2022-08-24,20.38,20.38,20.38,20.38,0
2022-08-25,21.16,21.16,21.16,21.16,100
2022-08-26,21.79,22.49,21.79,22.49,200
2022-08-29,22.14,22.14,22.14,22.14,0
2022-08-30,23.12,23.12,23.12,23.12,100
2022-08-31,20.38,21.79,20.38,21.79,1100
2022-09-05,21.65,21.65,21.65,21.65,0
2022-09-06,24.46,24.46,24.46,24.46,100
2022-09-07,24.46,24.46,24.46,24.46,0
2022-09-08,24.46,24.46,24.46,24.46,0
2022-09-09,21.09,21.79,20.88,21.79,6800
2022-09-12,23.03,23.03,21.26,21.26,700
2022-09-13,22.26,22.26,22.26,22.26,0
2022-09-14,22.26,22.26,22.26,22.26,0
2022-09-15,22.26,22.26,22.26,22.26,0
2022-09-16,22.26,22.26,22.26,22.26,0
2022-09-19,22.26,22.26,22.26,22.26,0
2022-09-20,22.26,22.26,22.26,22.26,0
2022-09-21,22.26,22.26,22.26,22.26,0
2022-09-22,22.26,22.26,22.26,22.26,0
2022-09-23,22.26,22.26,22.26,22.26,0
2022-09-26,22.26,22.26,22.26,22.26,0
2022-09-27,22.26,22.26,22.26,22.26,0
2022-09-28,20.03,20.03,20.03,20.03,500
2022-09-29,20.03,20.03,20.03,20.03,0
2022-09-30,20.03,20.03,20.03,20.03,1000
2022-10-03,19.64,19.64,19.26,19.26,1200
2022-10-04,20.03,20.03,19.87,19.95,1800
2022-10-05,19.95,19.95,19.95,19.95,0
2022-10-06,19.87,19.87,19.87,19.87,1200
2022-10-07,20.03,20.03,20.03,20.03,700
2022-10-10,19.95,20.03,19.95,20.03,300
2022-10-11,20.03,20.03,20.03,20.03,0
2022-10-12,20.03,20.03,20.03,20.03,0
2022-10-13,17.02,19.64,17.02,19.64,2400
2022-10-14,15.64,20.03,15.64,20.03,500
2022-10-17,16.33,19.1,16.33,19.1,600
2022-10-18,20.03,20.03,20.03,20.03,100
2022-10-19,20.03,20.03,20.03,20.03,0
2022-10-20,19.95,19.95,19.95,19.95,200
2022-10-21,20.18,22.34,20.18,22.34,200
2022-10-24,21.26,21.26,21.26,21.26,0
2022-10-25,20.03,20.03,20.03,20.03,2400
2022-10-26,19.26,19.26,19.26,19.26,500
2022-10-27,20.03,20.03,20.03,20.03,100
2022-10-28,22.73,22.73,19.18,19.18,1700
2022-10-31,19.26,19.26,19.26,19.26,600
2022-11-01,20.65,20.65,20.26,20.26,800
2022-11-02,20.34,20.34,20.34,20.34,0
2022-11-03,20.34,20.34,20.34,20.34,0
2022-11-04,20.34,20.34,20.34,20.34,0
2022-11-07,20.34,20.34,20.34,20.34,0
2022-11-08,20.34,20.34,20.34,20.34,0
2022-11-09,20.34,20.34,20.34,20.34,0
2022-11-10,20.34,20.34,20.34,20.34,0
2022-11-11,20.34,20.34,20.34,20.34,0
2022-11-14,20.34,20.34,20.34,20.34,0
2022-11-15,20.34,20.34,20.34,20.34,0
2022-11-16,20.34,20.34,20.34,20.34,0
2022-11-17,20.34,20.34,20.34,20.34,0
2022-11-18,20.34,20.34,20.34,20.34,0
2022-11-21,20.34,20.34,20.34,20.34,0
2022-11-22,23.11,23.11,23.11,23.11,100
2022-11-23,19.64,19.64,19.64,19.64,7900
2022-11-24,20.26,20.26,20.26,20.26,200
2022-11-25,20.41,20.41,17.26,17.26,18000
2022-11-28,18.49,18.49,18.49,18.49,500
2022-11-29,18.49,18.49,18.49,18.49,0
2022-11-30,18.57,18.57,18.57,18.57,1300
2022-12-01,18.57,18.57,18.57,18.57,0
2022-12-02,15.87,15.87,15.79,15.79,3100
2022-12-05,18.1,18.1,16.18,18.1,7100
2022-12-06,16.95,16.95,16.95,16.95,500
2022-12-07,14.41,16.95,14.41,16.95,1100
2022-12-08,16.72,16.72,16.72,16.72,0
2022-12-09,16.72,16.72,16.72,16.72,0
2022-12-12,16.95,16.95,16.95,16.95,100
2022-12-13,16.95,16.95,16.95,16.95,0
2022-12-14,16.95,16.95,16.95,16.95,0
2022-12-15,16.95,16.95,16.95,16.95,0
2022-12-16,16.95,16.95,16.95,16.95,0
2022-12-19,16.95,16.95,16.95,16.95,0
2022-12-20,16.95,16.95,16.95,16.95,0
2022-12-21,16.95,16.95,16.95,16.95,0
2022-12-22,16.95,16.95,16.95,16.95,0
2022-12-23,16.95,16.95,16.95,16.95,0
2022-12-26,16.95,16.95,16.95,16.95,0
2022-12-27,16.95,16.95,16.95,16.95,0
2022-12-28,16.95,16.95,16.95,16.95,0
2022-12-29,16.95,16.95,16.95,16.95,0
2022-12-30,16.95,16.95,16.95,16.95,0
2023-01-03,16.95,16.95,16.95,16.95,0
2023-01-04,18.87,19.1,18.87,19.1,500
2023-01-05,19.03,19.03,19.03,19.03,0
2023-01-06,19.03,19.03,19.03,19.03,0
2023-01-09,19.03,19.03,19.03,19.03,0
2023-01-10,19.03,19.03,19.03,19.03,0
2023-01-11,19.03,19.03,19.03,19.03,0
2023-01-12,19.03,19.03,19.03,19.03,0
2023-01-13,19.03,19.03,19.03,19.03,0
2023-01-16,18.87,18.87,18.87,18.87,500
2023-01-17,18.87,18.87,18.87,18.87,0
2023-01-18,18.87,18.87,18.87,18.87,0
2023-01-19,18.87,18.87,18.87,18.87,0
2023-01-27,18.87,18.87,18.87,18.87,0
2023-01-30,18.87,18.87,18.87,18.87,0
2023-01-31,18.87,18.87,18.87,18.87,0
2023-02-01,21.49,21.65,21.42,21.65,500
2023-02-02,24.19,24.19,24.19,24.19,100
2023-02-03,24.19,24.19,24.19,24.19,0
2023-02-06,24.19,24.19,24.19,24.19,0
2023-02-07,24.19,24.19,24.19,24.19,0
2023-02-08,24.19,24.19,24.19,24.19,0
2023-02-09,24.19,24.19,24.19,24.19,0
2023-02-10,24.19,24.19,24.19,24.19,0
2023-02-13,24.19,24.19,24.19,24.19,0
2023-02-14,24.19,24.19,24.19,24.19,0
2023-02-15,24.19,24.19,24.19,24.19,0
2023-02-16,24.19,24.19,24.19,24.19,0
2023-02-17,24.19,24.19,24.19,24.19,0
2023-02-20,24.19,24.19,24.19,24.19,0
2023-02-21,24.19,24.19,24.19,24.19,0
2023-02-22,24.19,24.19,24.19,24.19,0
2023-02-23,20.57,20.57,20.57,20.57,1300
2023-02-24,20.57,20.57,20.57,20.57,0
2023-02-27,20.57,20.57,20.57,20.57,0
2023-02-28,20.57,20.57,20.57,20.57,0
2023-03-01,23.65,23.65,18.1,18.1,1200
2023-03-02,22.11,22.11,22.11,22.11,0
2023-03-03,18.8,18.8,18.8,18.8,100
2023-03-06,18.8,18.8,18.8,18.8,0
2023-03-07,18.8,18.8,18.8,18.8,0
2023-03-08,18.8,18.8,18.8,18.8,0
2023-03-09,19.26,19.26,19.26,19.26,200
2023-03-10,19.34,19.34,19.34,19.34,500
2023-03-13,19.34,19.34,19.34,19.34,0
2023-03-14,19.34,19.34,19.34,19.34,0
2023-03-15,19.34,19.34,19.34,19.34,1
2023-03-16,19.34,19.34,19.34,19.34,0
2023-03-17,19.34,19.34,19.34,19.34,0
2023-03-20,19.34,19.34,19.34,19.34,0
2023-03-21,19.34,19.34,19.34,19.34,0
2023-03-22,19.34,19.34,19.34,19.34,0
2023-03-23,20.03,20.03,20.03,20.03,200
2023-03-24,20.03,20.03,20.03,20.03,0
2023-03-27,20.41,20.41,20.41,20.41,100
2023-03-28,20.41,20.41,20.41,20.41,0
2023-03-29,20.41,20.41,20.41,20.41,0
2023-03-30,20.8,20.8,20.8,20.8,204
2023-03-31,20.8,20.8,20.8,20.8,0
2023-04-03,20.8,20.8,20.8,20.8,0
2023-04-04,20.8,20.8,20.8,20.8,0
2023-04-05,20.8,20.8,20.8,20.8,0
2023-04-06,20.8,20.8,20.8,20.8,0
2023-04-07,20.8,20.8,20.8,20.8,0
2023-04-10,20.8,20.8,20.8,20.8,4
2023-04-11,20.8,20.8,20.8,20.8,0
2023-04-12,20.03,20.03,17.72,17.72,700
2023-04-13,21.18,21.18,21.18,21.18,100
2023-04-14,21.18,21.18,21.18,21.18,0
2023-04-17,21.18,21.18,21.18,21.18,0
2023-04-18,21.18,21.18,21.18,21.18,0
2023-04-19,21.18,21.18,21.18,21.18,0
2023-04-20,21.18,21.18,21.18,21.18,0
2023-04-21,21.18,21.18,21.18,21.18,0
2023-04-24,20.03,20.03,18.03,18.03,800
2023-04-25,19.34,19.34,19.34,19.34,0
2023-04-26,19.26,19.26,19.26,19.26,300
2023-04-27,19.26,19.26,19.26,19.26,0
2023-04-28,19.26,19.26,19.26,19.26,0
2023-05-04,19.26,19.26,19.26,19.26,0
2023-05-05,18.49,19.26,18.49,19.26,1700
2023-05-08,18.57,18.57,18.57,18.57,0
2023-05-09,21.26,21.26,21.26,21.26,100
2023-05-10,21.26,21.26,21.26,21.26,0
2023-05-11,21.26,21.26,21.26,21.26,0
2023-05-12,21.26,21.26,21.26,21.26,0
2023-05-15,21.26,21.26,20.03,20.03,600
2023-05-16,18.49,18.49,18.03,18.03,200
2023-05-17,18.26,18.26,18.26,18.26,0
2023-05-18,18.26,18.26,18.26,18.26,0
2023-05-19,19.72,20.03,19.72,19.95,1400
2023-05-22,18.49,19.95,18.49,19.95,300
2023-05-23,19.49,19.49,19.49,19.49,0
2023-05-24,19.49,19.49,19.49,19.49,0
2023-05-25,19.49,19.49,19.49,19.49,0
2023-05-26,19.49,19.49,19.49,19.49,0
2023-05-29,19.87,19.87,19.87,19.87,103
2023-05-30,19.87,19.87,19.87,19.87,300
2023-05-31,22.34,22.34,22.34,22.34,800
2023-06-01,22.34,22.34,22.34,22.34,0
2023-06-02,19.26,19.26,19.26,19.26,100
2023-06-05,19.8,20.8,19.72,19.8,1400
2023-06-06,18.95,18.95,18.95,18.95,400
2023-06-07,18.95,18.95,18.95,18.95,0
2023-06-08,18.95,18.95,18.95,18.95,0
2023-06-09,20.65,20.65,20.65,20.65,100
2023-06-12,19.1,19.1,19.1,19.1,200
2023-06-13,19.1,19.1,19.1,19.1,0
2023-06-14,19.1,19.1,19.1,19.1,0
2023-06-15,19.1,20.03,19.1,20.03,1315
2023-06-16,18.95,18.95,18.95,18.95,100
2023-06-19,18.95,18.95,18.95,18.95,0
2023-06-20,18.95,18.95,18.95,18.95,0
2023-06-21,19.72,19.87,19.49,19.87,700
2023-06-22,19.72,19.72,19.72,19.72,0
2023-06-23,20.03,20.03,20.03,20.03,500
2023-06-26,20.03,20.03,20.03,20.03,0
2023-06-27,20.03,20.03,20.03,20.03,0
2023-06-28,20.03,20.03,20.03,20.03,0
2023-06-29,20.03,20.03,20.03,20.03,100
2023-06-30,20.41,20.41,20.41,20.41,401
2023-07-03,20.41,20.41,20.41,20.41,0
2023-07-04,20.41,20.41,20.41,20.41,0
2023-07-05,20.41,20.41,20.41,20.41,300
2023-07-06,20.41,20.41,20.41,20.41,0
2023-07-07,20.41,20.41,20.41,20.41,200
2023-07-10,20.41,20.41,20.41,20.41,0
2023-07-11,20.41,20.41,20.41,20.41,0
2023-07-12,20.41,20.41,20.41,20.41,0
2023-07-13,20.41,20.41,20.41,20.41,0
2023-07-14,20.41,20.41,20.41,20.41,0
2023-07-17,20.41,20.41,20.41,20.41,100
2023-07-18,20.41,20.41,20.41,20.41,0
2023-07-19,20.41,20.41,20.41,20.41,0
2023-07-20,19.64,19.64,19.64,19.64,400
2023-07-21,19.64,19.64,19.64,19.64,0
2023-07-24,19.64,19.64,19.64,19.64,300
2023-07-25,19.64,19.64,19.64,19.64,0
2023-07-26,20.03,20.72,19.64,20.72,300
2023-07-27,20.11,20.11,20.11,20.11,10
2023-07-28,20.11,20.11,20.11,20.11,0
2023-07-31,20.65,20.65,20.41,20.41,704
2023-08-01,21.18,21.42,20.57,21.42,3904
2023-08-02,22.96,22.96,21.42,22.34,2000
2023-08-03,22.03,22.19,21.95,21.95,2949
2023-08-04,22.03,22.42,21.95,21.95,5800
2023-08-07,22.49,23.03,22.11,22.11,14938
2023-08-08,22.49,22.73,22.34,22.34,18800
2023-08-09,23.34,23.34,22.49,22.49,6300
2023-08-10,22.74,22.74,22.49,22.49,420
2023-08-11,21.39,21.64,21.39,21.64,1100
2023-08-14,21.39,21.73,21.39,21.73,3100
2023-08-15,20.79,21.81,20.79,21.81,7100
2023-08-16,21.47,21.47,21.47,21.47,0
2023-08-17,21.64,21.64,21.22,21.22,4800
2023-08-18,21.22,21.22,21.22,21.22,300
2023-08-21,21.22,21.22,21.22,21.22,0
2023-08-22,21.3,21.3,21.3,21.3,800
2023-08-23,21.64,21.64,21.64,21.64,500
2023-08-24,21.22,21.22,21.22,21.22,300
2023-08-25,18.67,19.35,18.67,19.27,1800
2023-08-28,18.93,18.93,18.93,18.93,0
2023-08-29,20.79,21.13,19.1,21.13,5400
2023-08-30,19.6,22.41,19.6,22.41,1400
2023-08-31,20.11,21.22,20.11,21.22,2600
2023-09-05,20.2,20.2,20.2,20.2,20
2023-09-06,20.2,20.2,20.2,20.2,0
2023-09-07,20.2,20.2,20.2,20.2,1
2023-09-08,20.37,22.07,20.37,22.07,5400
2023-09-11,20.79,20.79,20.79,20.79,100
2023-09-12,20.79,20.79,20.79,20.79,0
2023-09-13,20.79,20.79,20.79,20.79,50
2023-09-14,20.79,20.79,20.79,20.79,0
2023-09-15,20.79,21.22,20.79,21.22,401
2023-09-18,21.05,21.05,21.05,21.05,401
2023-09-19,21.05,21.05,21.05,21.05,500
2023-09-20,21.05,21.05,21.05,21.05,0
2023-09-21,21.05,21.05,21.05,21.05,0
2023-09-22,21.05,21.05,21.05,21.05,0
2023-09-25,21.22,21.73,21.22,21.73,300
2023-09-26,21.39,21.39,21.39,21.39,1
2023-09-27,21.39,21.39,21.39,21.39,0
2023-09-28,21.39,21.39,21.39,21.39,100
2023-09-29,21.39,21.39,21.39,21.39,300
2023-10-02,21.39,21.39,21.39,21.39,600
2023-10-03,21.39,21.39,20.37,20.37,200
2023-10-04,20.88,20.88,20.88,20.88,0
2023-10-05,20.37,22.66,20.37,22.66,700
2023-10-06,21.05,21.05,21.05,21.05,0
2023-10-09,20.37,20.37,18.67,19.35,44500
2023-10-10,18.93,18.93,18.93,18.93,7500
2023-10-11,20.37,20.37,20.37,20.37,1000
2023-10-12,20.37,20.37,20.37,20.37,0
2023-10-13,20.71,20.88,20.71,20.88,200
2023-10-16,20.79,20.79,20.79,20.79,0
2023-10-17,20.79,20.79,20.79,20.79,0
2023-10-18,20.79,20.79,20.79,20.79,0
2023-10-19,20.79,20.79,20.79,20.79,0
2023-10-20,21.98,21.98,21.98,21.98,100
2023-10-23,21.98,21.98,21.98,21.98,1
2023-10-24,21.13,21.13,21.13,21.13,100
2023-10-25,21.13,21.13,21.13,21.13,500
2023-10-26,21.13,21.13,21.13,21.13,0
2023-10-27,21.13,21.13,21.13,21.13,0
2023-10-30,21.13,21.13,21.13,21.13,20
2023-10-31,21.13,21.13,21.13,21.13,0
2023-11-01,19.94,19.94,19.77,19.94,600
2023-11-02,20.37,20.37,20.37,20.37,100
2023-11-03,20.37,20.37,20.37,20.37,0
2023-11-06,20.37,20.37,20.37,20.37,0
2023-11-07,20.37,20.37,20.37,20.37,0
2023-11-08,20.37,20.37,20.37,20.37,0
2023-11-09,21.05,21.05,21.05,21.05,104
2023-11-10,19.52,21.05,19.52,21.05,300
2023-11-13,20.54,20.54,20.54,20.54,16
2023-11-14,20.54,20.54,20.54,20.54,8
2023-11-15,20.54,20.54,20.54,20.54,0
2023-11-16,19.52,20.54,19.52,20.54,1600
2023-11-17,19.86,20.03,19.86,20.03,900
2023-11-20,19.86,19.86,19.86,19.86,20
2023-11-21,19.86,19.86,19.86,19.86,0
2023-11-22,19.86,19.86,19.86,19.86,0
2023-11-23,20.37,20.37,20.37,20.37,335
2023-11-24,20.37,20.37,20.37,20.37,0
2023-11-27,20.37,20.37,20.37,20.37,100
2023-11-28,20.37,20.37,20.37,20.37,0
2023-11-29,20.37,20.37,20.37,20.37,0
2023-11-30,20.37,20.37,20.37,20.37,0
2023-12-01,20.37,20.37,20.37,20.37,0
2023-12-04,20.37,20.37,20.37,20.37,0
2023-12-05,20.37,20.37,20.37,20.37,300
2023-12-06,20.37,20.37,20.37,20.37,0
2023-12-07,19.94,20.11,19.94,20.11,1200
2023-12-08,20.37,20.37,20.37,20.37,140
2023-12-11,20.37,20.37,20.37,20.37,0
2023-12-12,20.37,20.37,20.37,20.37,0
2023-12-13,20.37,20.37,20.37,20.37,0
2023-12-14,19.6,19.6,19.6,19.6,400
2023-12-15,19.69,19.69,19.69,19.69,5300
2023-12-18,20.03,20.03,19.77,19.77,2850
2023-12-19,19.94,19.94,19.94,19.94,100
2023-12-20,19.94,19.94,19.94,19.94,0
2023-12-21,19.94,19.94,19.94,19.94,0
2023-12-22,19.77,19.77,19.77,19.77,500
2023-12-25,20.37,20.37,19.77,19.77,200
2023-12-26,20.2,20.2,20.11,20.11,400
2023-12-27,20.11,20.11,20.11,20.11,0
2023-12-28,20.37,20.37,20.11,20.11,3800
2023-12-29,20.2,20.2,20.11,20.11,400
2024-01-02,20.11,20.11,19.94,19.94,1400
2024-01-03,20.03,20.03,20.03,20.03,0
2024-01-04,20.03,20.03,20.03,20.03,0
2024-01-05,20.03,20.03,20.03,20.03,0
2024-01-08,20.11,20.79,20.11,20.79,500
2024-01-09,20.62,20.62,20.62,20.62,0
2024-01-10,20.62,20.62,20.62,20.62,800
2024-01-11,20.62,20.62,20.37,20.37,1200
2024-01-12,20.45,20.45,20.45,20.45,0
2024-01-15,20.11,20.11,20.11,20.11,1000
2024-01-16,20.11,20.11,20.11,20.11,0
2024-01-17,20.2,20.2,20.11,20.11,1700
2024-01-18,20.28,20.28,20.28,20.28,500
2024-01-19,20.28,20.28,20.28,20.28,0
2024-01-22,20.37,20.54,20.37,20.45,1500
2024-01-23,20.45,20.45,19.52,19.52,1200
2024-01-24,20.71,20.71,20.71,20.71,100
2024-01-25,20.71,20.71,20.71,20.71,0
2024-01-26,20.71,20.71,20.71,20.71,0
2024-01-29,20.79,20.79,20.79,20.79,1900
2024-01-30,22.15,22.15,22.15,22.15,100
2024-01-31,20.88,21.22,20.79,20.79,3800
2024-02-01,21.22,21.22,21.22,21.22,1000
2024-02-02,19.94,21.22,19.94,21.22,1200
2024-02-05,21.56,21.56,21.22,21.22,900
2024-02-06,21.39,21.39,21.39,21.39,104
2024-02-07,21.22,21.39,21.22,21.39,1100
2024-02-15,22.07,22.07,22.07,22.07,100
2024-02-16,22.07,22.07,22.07,22.07,0
2024-02-19,21.9,21.9,21.9,21.9,1300
2024-02-20,21.64,21.9,21.64,21.9,2300
2024-02-21,21.81,21.81,21.73,21.73,1300
2024-02-22,21.56,21.64,21.56,21.56,330
2024-02-23,21.56,21.56,21.56,21.56,0
2024-02-26,21.56,21.56,21.56,21.56,0
2024-02-27,21.39,21.39,21.22,21.22,700
2024-02-28,21.3,21.3,21.3,21.3,0
2024-02-29,21.3,21.3,21.3,21.3,2300
2024-03-01,21.3,21.3,21.22,21.22,2800
2024-03-04,21.3,21.3,21.3,21.3,20
2024-03-05,21.3,21.73,21.3,21.64,4442
2024-03-06,21.39,21.39,21.39,21.39,0
2024-03-07,21.39,21.73,21.39,21.56,1800
2024-03-08,21.56,21.56,21.56,21.56,110
2024-03-11,21.73,21.73,21.73,21.73,100
2024-03-12,21.73,21.73,21.73,21.73,0
2024-03-13,21.22,21.73,21.22,21.73,7200
2024-03-14,21.64,21.73,21.64,21.73,700
2024-03-15,21.64,21.64,21.64,21.64,500
2024-03-18,21.22,21.22,20.96,20.96,3600
2024-03-19,21.22,21.3,21.22,21.22,1000
2024-03-20,21.3,21.3,21.22,21.22,3800
2024-03-21,21.22,21.22,21.22,21.22,100
2024-03-22,21.22,21.22,21.22,21.22,100
2024-03-25,21.22,21.22,21.22,21.22,0
2024-03-26,21.22,21.22,21.22,21.22,0
2024-03-27,21.22,21.22,21.22,21.22,0
2024-03-28,21.22,21.22,21.22,21.22,0
2024-03-29,21.22,21.22,21.22,21.22,100
2024-04-01,21.22,21.22,21.22,21.22,1000
2024-04-02,21.22,21.22,21.22,21.22,0
2024-04-03,20.03,21.22,20.03,20.62,15700
2024-04-04,20.54,20.54,20.37,20.54,600
2024-04-05,20.54,20.54,20.11,20.37,8600
2024-04-08,20.2,20.2,20.03,20.03,2900
2024-04-09,20.11,20.11,20.11,20.11,500
2024-04-10,20.37,20.37,20.37,20.37,300
2024-04-11,20.37,20.37,20.37,20.37,100
2024-04-12,20.28,20.28,20.2,20.2,901
2024-04-15,20.37,20.37,20.28,20.37,2100
2024-04-16,19.52,19.86,19.52,19.52,7600
2024-04-17,18.67,19.77,18.67,19.52,2600
2024-04-19,19.52,19.94,19.52,19.94,2400
2024-04-22,19.94,19.94,19.94,19.94,200
2024-04-23,19.86,19.94,19.77,19.94,1900
2024-04-24,19.94,19.94,19.94,19.94,400
2024-04-25,19.94,19.94,19.94,19.94,100
2024-04-26,19.94,19.94,19.94,19.94,0
2024-05-02,19.94,19.94,19.94,19.94,0
2024-05-03,19.94,19.94,19.94,19.94,0
2024-05-06,19.94,19.94,19.94,19.94,0
2024-05-07,19.77,19.94,19.77,19.94,1100
2024-05-08,20.37,20.37,19.94,19.94,200
2024-05-09,20.2,20.2,20.2,20.2,0
2024-05-10,19.94,19.94,19.94,19.94,1100
2024-05-13,19.94,19.94,19.94,19.94,0
2024-05-14,19.94,19.94,19.94,19.94,2900
2024-05-15,19.94,19.94,19.94,19.94,100
2024-05-16,20.11,20.37,20.11,20.37,2200
2024-05-17,20.37,20.37,20.37,20.37,500
2024-05-20,20.37,20.37,20.37,20.37,0
2024-05-21,20.37,20.37,20.37,20.37,0
2024-05-22,20.37,20.37,20.37,20.37,0
2024-05-23,20.37,20.37,20.37,20.37,1800
2024-05-24,19.1,20.28,19.1,20.28,700
2024-05-27,20.37,20.37,20.37,20.37,100
2024-05-28,19.94,20.37,19.94,20.37,4500
2024-05-29,20.37,20.37,20.37,20.37,1700
2024-05-30,20.37,20.37,20.28,20.37,2402
2024-05-31,20.37,20.37,20.37,20.37,300
2024-06-03,20.37,20.37,20.37,20.37,100
2024-06-04,20.37,20.37,20.37,20.37,600
2024-06-05,22.49,22.49,22.49,22.49,100
2024-06-06,20.54,20.54,19.94,19.94,1801
2024-06-07,20.45,20.79,20.45,20.79,1100
2024-06-10,20.62,20.79,20.62,20.71,1700
2024-06-11,20.79,20.79,20.79,20.79,0
2024-06-12,21.64,21.64,20.79,20.79,201
2024-06-13,21.22,21.56,20.88,20.88,2100
2024-06-14,21.22,21.56,21.22,21.56,2000
2024-06-17,21.47,21.47,21.47,21.47,1113
2024-06-18,21.47,21.64,20.28,20.28,9200
2024-06-19,21.56,21.56,21.56,21.56,102
2024-06-20,21.56,21.56,21.56,21.56,0
2024-06-21,21.73,22.07,20.79,20.79,3900
2024-06-24,22.41,22.41,21.22,21.9,2510
2024-06-25,21.9,21.9,21.9,21.9,0
2024-06-26,21.81,21.9,20.37,20.37,1601
2024-06-27,21.47,21.47,21.47,21.47,0
2024-06-28,20.62,20.62,20.37,20.37,300
2024-07-01,20.37,20.62,20.2,20.45,2800
2024-07-02,20.37,20.37,20.03,20.37,4900
2024-07-03,20.28,20.28,20.28,20.28,0
2024-07-04,20.88,20.88,20.88,20.88,300
2024-07-05,21.05,21.05,21.05,21.05,100
2024-07-08,20.88,20.88,20.88,20.88,1400
2024-07-09,22.07,22.07,22.07,22.07,100
2024-07-10,21.56,21.56,21.56,21.56,300
2024-07-11,21.56,21.56,21.56,21.56,100
2024-07-12,20.62,20.62,20.62,20.62,200
2024-07-15,21.98,21.98,21.98,21.98,100
2024-07-16,21.98,21.98,21.98,21.98,29
2024-07-17,21.98,21.98,21.98,21.98,0
2024-07-18,21.98,21.98,21.98,21.98,30
2024-07-19,21.98,21.98,21.98,21.98,0
2024-07-22,21.22,21.22,21.22,21.22,700
2024-07-23,20.79,21.22,20.79,21.22,600
2024-07-24,21.05,21.05,21.05,21.05,0
2024-07-25,21.05,21.05,21.05,21.05,200
2024-07-26,21.05,21.05,21.05,21.05,200
2024-07-29,21.05,21.05,21.05,21.05,0
2024-07-30,21.05,21.05,21.05,21.05,0
2024-07-31,21.13,21.13,21.13,21.13,400
2024-08-01,21.13,21.13,21.13,21.13,0
2024-08-02,20.37,20.37,20.37,20.37,3402
2024-08-05,20.45,20.45,20.37,20.37,2113
2024-08-06,20.37,20.37,20.37,20.37,0
2024-08-07,20.37,21.22,20.37,21.22,1601
2024-08-08,21.22,21.22,21.22,21.22,1000
2024-08-09,21.22,21.22,21.22,21.22,0
2024-08-12,21.22,21.22,21.22,21.22,1
2024-08-13,21.22,21.22,21.22,21.22,0
2024-08-14,21.22,21.22,21.22,21.22,0
2024-08-15,21.22,21.22,21.22,21.22,100
2024-08-16,21.22,21.22,21.22,21.22,1003
2024-08-19,20.79,20.79,20.79,20.79,100
2024-08-20,20.96,20.96,20.88,20.88,200
2024-08-21,20.96,20.96,20.96,20.96,0
2024-08-22,20.96,21.22,20.96,21.22,2201
2024-08-23,20.96,22.91,20.96,22.07,9700
2024-08-26,22.32,22.32,22.32,22.32,0
2024-08-27,22.32,22.32,22.32,22.32,0
2024-08-28,20.37,20.54,20.28,20.45,7500
2024-08-29,20.37,21.9,20.37,21.81,4000
2024-08-30,21.22,21.22,21.22,21.22,1000
2024-09-04,20.2,20.2,18.93,20.03,10400
2024-09-05,22.41,22.41,22.41,22.41,100
2024-09-06,22.41,22.41,22.41,22.41,0
2024-09-09,20.45,20.45,20.37,20.37,3100
2024-09-10,21.56,21.56,20.37,20.37,4000
2024-09-11,20.79,20.79,20.79,20.79,100
2024-09-12,20.71,20.79,20.71,20.79,401
2024-09-13,20.71,20.79,20.71,20.79,600
2024-09-16,20.37,20.37,20.37,20.37,7400
2024-09-17,20.37,20.37,20.37,20.37,1800
2024-09-18,20.37,20.37,20.37,20.37,1100
2024-09-19,20.79,20.79,20.79,20.79,700
2024-09-20,20.88,20.88,20.37,20.37,1500
2024-09-23,21.22,21.22,20.88,21.05,5500
2024-09-24,21.22,21.64,21.22,21.64,900
2024-09-25,21.22,21.3,21.22,21.22,2801
2024-09-26,21.22,21.56,21.22,21.47,8900
2024-09-27,21.56,22.07,21.47,22.07,6200
2024-09-30,22.07,22.07,21.22,21.9,6312
2024-10-01,22.07,22.07,21.9,21.9,6437
2024-10-02,22.07,22.07,21.64,21.64,8700
2024-10-03,22.91,22.91,21.45,21.45,5101
2024-10-04,20.9,20.9,20.9,20.9,155
2024-10-07,20.99,21.08,20.8,20.8,4900
2024-10-08,20.9,20.9,20.8,20.8,1001
2024-10-09,20.71,20.8,20.71,20.8,1800
2024-10-10,20.8,20.8,20.8,20.8,101
2024-10-11,20.8,20.8,20.8,20.8,10
2024-10-14,20.8,20.8,20.8,20.8,0
2024-10-15,20.8,20.8,20.8,20.8,3
2024-10-16,20.8,20.8,20.71,20.8,3100
2024-10-17,20.8,20.8,20.8,20.8,0
2024-10-18,20.71,20.71,20.71,20.71,100
2024-10-21,20.44,20.71,20.44,20.53,1100
2024-10-22,20.62,21.08,20.62,21.08,1300
2024-10-23,21.08,21.08,20.8,20.8,200
2024-10-24,20.99,20.99,20.99,20.99,0
2024-10-25,20.71,20.71,20.71,20.71,1000
2024-10-28,20.35,21.08,20.35,21.08,2500
2024-10-29,21.08,21.81,20.8,21.81,1344
2024-10-30,20.71,20.71,20.71,20.71,100
2024-10-31,20.8,20.8,20.8,20.8,1132
2024-11-01,20.71,20.8,20.71,20.71,1800
2024-11-04,20.71,20.71,20.71,20.71,200
2024-11-05,20.8,20.9,20.8,20.9,500
2024-11-06,20.62,20.62,20.62,20.62,100
2024-11-07,20.71,20.71,20.71,20.71,100
2024-11-08,20.71,20.71,20.71,20.71,4200
2024-11-11,20.71,20.71,20.71,20.71,500
2024-11-12,20.71,20.71,20.71,20.71,1601
2024-11-13,20.62,20.62,20.53,20.53,700
2024-11-14,20.62,20.62,20.53,20.53,600
2024-11-15,20.62,20.62,20.62,20.62,1
2024-11-18,20.62,20.62,20.62,20.62,142
2024-11-19,20.62,20.62,20.62,20.62,0
2024-11-20,20.8,20.8,20.8,20.8,100
2024-11-21,20.9,20.9,20.8,20.8,900
2024-11-22,20.8,20.8,20.8,20.8,0
2024-11-25,20.71,20.71,20.71,20.71,1300
2024-11-26,20.9,20.9,20.9,20.9,100
2024-11-27,20.71,20.71,20.71,20.71,102
2024-11-28,20.8,20.9,20.8,20.9,300
2024-11-29,20.62,20.9,20.62,20.9,420
2024-12-02,21.08,21.08,21.08,21.08,100
2024-12-03,20.99,20.99,20.71,20.99,1700
2024-12-04,20.71,20.71,20.44,20.44,400
2024-12-05,20.71,20.71,20.71,20.71,400
2024-12-06,20.71,20.71,20.53,20.71,2200
2024-12-09,20.62,20.62,20.62,20.62,2600
2024-12-10,20.9,20.99,20.71,20.71,400
2024-12-11,20.8,20.8,20.16,20.16,3100
2024-12-12,20.8,20.8,20.8,20.8,100
2024-12-13,20.8,20.8,20.8,20.8,7
2024-12-16,20.62,20.62,20.62,20.62,1900
2024-12-17,20.53,20.62,20.44,20.44,2210
2024-12-18,20.8,20.99,20.8,20.8,600
2024-12-19,20.8,20.8,20.71,20.71,2600
2024-12-20,20.8,20.8,20.62,20.8,1700
2024-12-23,20.8,20.8,20.8,20.8,1550
2024-12-24,20.8,20.8,20.8,20.8,505
2024-12-25,20.8,20.8,20.8,20.8,7
2024-12-26,20.8,20.8,20.8,20.8,550
2024-12-27,20.8,20.8,20.8,20.8,700
2024-12-30,20.9,20.9,20.9,20.9,1000
2024-12-31,20.9,20.9,20.9,20.9,0
2025-01-02,20.8,20.9,20.8,20.8,2600
2025-01-03,20.99,20.99,20.99,20.99,119
2025-01-06,20.99,20.99,20.99,20.99,2700
2025-01-07,20.8,20.8,20.8,20.8,230
2025-01-08,20.8,20.8,20.8,20.8,1
2025-01-09,20.9,20.9,20.9,20.9,1400
2025-01-10,20.9,20.9,20.9,20.9,60
2025-01-13,20.8,20.8,20.8,20.8,1000
2025-01-14,20.9,20.9,20.9,20.9,500
2025-01-15,20.9,20.9,20.9,20.9,3000
2025-01-16,20.9,20.9,20.9,20.9,0
2025-01-17,20.71,20.71,20.71,20.71,3307
2025-01-20,20.99,20.99,20.99,20.99,300
2025-01-21,20.99,20.99,20.99,20.99,1400
2025-01-22,20.99,20.99,20.99,20.99,100
2025-01-23,21.08,21.26,21.08,21.26,1307
2025-01-24,21.17,21.17,21.08,21.17,500
2025-02-03,21.17,21.35,21.17,21.26,1300
2025-02-04,21.26,21.54,21.26,21.35,8412
2025-02-05,21.45,21.54,21.35,21.35,2400
2025-02-06,21.45,21.45,21.45,21.45,0
2025-02-07,21.81,23.65,21.81,23.65,16500
2025-02-10,23.83,24.2,22.91,23.65,19800
2025-02-11,23.83,24.2,23.55,24.01,11400
2025-02-12,24.01,24.01,23.55,23.55,2589
2025-02-13,23.1,23.1,22.91,22.91,4400
2025-02-14,22.64,23.55,22.64,23.55,200
2025-02-17,23.1,23.1,22.91,22.91,3600
2025-02-18,20.16,22.73,20.16,21.08,12300
2025-02-19,22.82,22.82,22.73,22.82,3400
2025-02-20,21.54,21.72,21.54,21.54,7960
2025-02-21,22.73,22.73,22.73,22.73,2000
2025-02-24,22.73,22.73,22.09,22.73,9100
2025-02-25,22.36,22.36,22.18,22.18,200
2025-02-26,22.36,22.36,22.36,22.36,1300
2025-02-27,22.36,22.36,22.36,22.36,3300
2025-02-28,22.36,22.36,22.36,22.36,0
2025-03-03,22.64,23.37,22.64,23.37,4000
2025-03-04,23.37,23.37,22.91,22.91,1605
2025-03-05,22.91,22.91,22.91,22.91,0
2025-03-06,23.37,23.37,22.91,22.91,200
2025-03-07,24.75,25.66,22.91,22.91,8605
2025-03-10,22.91,22.91,22.91,22.91,2100
2025-03-11,22.55,22.55,22.36,22.36,1004
2025-03-12,22.91,22.91,22.91,22.91,100
2025-03-13,22.73,22.73,22.73,22.73,810
2025-03-14,22.73,22.73,22.64,22.64,4600
2025-03-17,22.64,22.64,22.55,22.55,3400
2025-03-18,23.28,23.28,22.91,22.91,200
2025-03-19,22.55,22.55,22.55,22.55,400
2025-03-20,22.64,22.64,22.55,22.55,4800
2025-03-21,22.55,22.55,22.55,22.55,908
2025-03-24,22.91,25.66,22.91,25.66,3200
2025-03-25,25.48,25.48,25.48,25.48,0
2025-03-26,23.65,23.65,23.65,23.65,100
2025-03-27,23.65,23.65,23.65,23.65,0
2025-03-28,23.46,23.55,22.91,22.91,4303
2025-03-31,22.73,23.19,22.0,23.19,22700
2025-04-01,22.36,23.37,22.09,22.36,8100
2025-04-02,23.28,23.28,23.28,23.28,100
2025-04-03,22.0,22.0,21.17,21.17,5601
2025-04-04,21.63,23.1,21.54,21.54,6301
2025-04-08,21.54,21.54,21.08,21.08,7900
2025-04-09,21.08,21.08,20.16,21.08,2301
2025-04-10,22.0,22.45,21.81,22.0,8805
2025-04-11,21.35,22.18,21.35,22.18,1200
2025-04-14,22.36,22.36,22.36,22.36,100
2025-04-15,22.36,22.36,22.36,22.36,0
2025-04-16,21.26,22.18,21.26,21.26,1300
2025-04-17,22.27,22.27,22.27,22.27,101
2025-04-18,22.82,22.82,22.82,22.82,100
2025-04-21,21.45,21.45,21.08,21.08,4210
2025-04-22,21.9,21.9,21.08,21.54,1107
2025-04-23,22.0,22.18,21.54,22.18,4523
2025-04-24,21.81,21.81,21.45,21.45,2500
2025-04-25,21.9,21.9,21.9,21.9,1100
2025-04-28,21.9,21.9,21.9,21.9,5000
2025-04-29,21.54,21.54,21.26,21.26,2100
2025-05-05,21.45,21.54,21.45,21.54,4500
2025-05-06,21.9,21.9,21.54,21.54,500
2025-05-07,21.9,21.9,21.81,21.81,377
2025-05-08,21.63,21.63,21.63,21.63,2000
2025-05-09,21.81,21.9,21.72,21.9,1300
2025-05-12,21.81,21.81,21.81,21.81,0
2025-05-13,21.81,21.81,21.81,21.81,1100
2025-05-14,22.27,22.27,22.27,22.27,500
2025-05-15,22.18,22.27,22.18,22.27,3500
2025-05-16,21.81,21.81,21.81,21.81,9300
2025-05-19,21.81,21.81,21.81,21.81,0
2025-05-20,21.81,21.9,21.81,21.9,1900
2025-05-21,21.81,21.81,21.72,21.72,1001
2025-05-22,21.81,21.81,21.81,21.81,200
2025-05-23,21.81,21.81,21.63,21.63,5125
2025-05-26,21.81,21.81,21.81,21.81,508
2025-05-27,21.81,21.81,21.81,21.81,0
2025-05-28,21.9,21.9,21.9,21.9,402
2025-05-29,22.0,22.27,22.0,22.27,463
2025-05-30,22.45,22.73,22.45,22.45,7160
2025-06-02,22.73,22.82,22.73,22.82,1138
2025-06-03,22.82,22.82,22.82,22.82,3
2025-06-04,22.73,22.73,22.73,22.73,210
2025-06-05,22.73,22.73,22.73,22.73,28
2025-06-06,22.45,22.45,22.45,22.45,100
2025-06-09,23.74,23.74,23.74,23.74,100
2025-06-10,23.74,23.74,23.74,23.74,0
2025-06-11,22.45,22.45,22.45,22.45,100
2025-06-12,22.45,22.45,22.45,22.45,100
2025-06-13,22.45,22.45,22.45,22.45,1000
2025-06-16,22.45,22.45,22.45,22.45,0
2025-06-17,22.0,22.45,21.81,22.45,4100
2025-06-18,22.55,22.55,22.55,22.55,100
2025-06-19,22.09,23.74,22.0,23.74,2100
2025-06-20,22.27,22.27,22.27,22.27,400
2025-06-23,22.09,22.82,22.0,22.82,1500
2025-06-24,22.27,22.27,22.27,22.27,500
2025-06-25,22.45,22.45,22.0,22.0,800
2025-06-26,22.18,22.18,22.0,22.0,200
2025-06-27,22.64,22.64,22.64,22.64,100
2025-06-30,22.91,22.91,22.91,22.91,100
2025-07-01,22.82,22.91,22.82,22.91,300
2025-07-02,22.91,22.91,22.91,22.91,0
2025-07-03,22.91,22.91,22.91,22.91,1100
2025-07-04,23.0,23.19,22.55,22.91,1800
2025-07-07,22.91,22.91,22.91,22.91,600
2025-07-08,23.19,23.55,22.55,23.55,2500
2025-07-09,22.91,22.91,22.55,22.91,10200
2025-07-10,22.64,22.64,22.64,22.64,4900
2025-07-11,22.36,22.91,22.36,22.91,4500
2025-07-14,22.91,24.29,22.82,22.91,3701
2025-07-15,22.91,22.91,22.91,22.91,3000
2025-07-16,22.55,22.91,22.55,22.91,501
2025-07-17,22.64,23.37,22.64,23.37,1100
2025-07-18,22.91,22.91,22.64,22.64,400
2025-07-21,22.91,22.91,22.91,22.91,500
2025-07-22,22.82,22.91,22.73,22.73,400
2025-07-23,22.82,22.91,22.82,22.91,300
2025-07-24,22.82,22.82,22.82,22.82,0
2025-07-25,22.91,22.91,22.91,22.91,1800
2025-07-28,22.91,22.91,22.91,22.91,3200
2025-07-29,22.91,22.91,22.64,22.91,5200
2025-07-30,22.91,22.91,22.91,22.91,1800
2025-07-31,22.64,22.82,22.55,22.55,14000
2025-08-01,22.55,22.55,22.55,22.55,2300
2025-08-04,22.55,22.55,22.55,22.55,5600
2025-08-05,22.55,22.82,22.55,22.82,4200
2025-08-06,22.82,22.91,22.82,22.91,4202
2025-08-07,22.73,22.91,22.64,22.91,1200
2025-08-08,22.64,22.73,22.64,22.73,301
2025-08-11,22.73,22.82,22.73,22.82,500
2025-08-12,22.91,22.91,22.82,22.82,300
2025-08-13,22.82,22.82,22.82,22.82,0
2025-08-14,22.64,22.82,22.55,22.82,400
2025-08-15,22.73,22.73,22.55,22.55,11870
2025-08-18,22.73,22.82,22.73,22.82,321
2025-08-19,22.82,22.82,22.82,22.82,9
2025-08-20,22.91,22.91,22.91,22.91,300
2025-08-21,22.91,22.91,22.91,22.91,3000
2025-08-22,22.55,22.55,22.55,22.55,1015
2025-08-25,22.91,22.91,22.55,22.55,2700
2025-08-26,22.82,22.82,22.82,22.82,202
2025-08-27,22.82,22.82,22.82,22.82,13
2025-08-28,22.73,22.73,22.64,22.64,1200
2025-08-29,22.73,22.73,22.73,22.73,0
2025-09-03,22.73,22.73,22.73,22.73,0
2025-09-04,22.73,22.73,22.73,22.73,0
2025-09-05,22.73,22.73,22.73,22.73,1
2025-09-08,22.73,22.73,22.73,22.73,0
2025-09-09,22.73,22.73,22.73,22.73,0
2025-09-10,22.73,22.91,22.73,22.91,600
2025-09-11,22.73,22.91,22.55,22.55,2800
2025-09-12,22.73,22.73,22.73,22.73,6000
2025-09-15,22.73,22.73,22.73,22.73,13200
2025-09-16,22.73,22.91,22.55,22.73,13500
2025-09-17,22.91,22.91,22.91,22.91,200
2025-09-18,22.91,22.91,22.55,22.82,1700
2025-09-19,22.73,22.73,22.55,22.55,3700
2025-09-22,22.73,22.73,22.55,22.55,4100
2025-09-23,22.64,23.28,22.64,22.64,9300
2025-09-24,22.73,22.73,22.64,22.73,5300
2025-09-25,22.82,22.91,22.73,22.82,3509
2025-09-26,22.82,23.37,22.82,22.91,3600
2025-09-29,23.19,23.19,23.19,23.19,100
2025-09-30,23.19,23.19,23.19,23.19,400
2025-10-01,23.19,23.83,23.0,23.83,7400
2025-10-02,23.19,23.55,23.19,23.46,5935
2025-10-03,23.19,23.19,23.1,23.1,1306
2025-10-06,23.19,23.37,22.91,23.37,14400
2025-10-07,23.37,23.37,22.64,22.64,28600
2025-10-08,22.91,22.91,22.45,22.82,17200
2025-10-09,22.73,23.37,22.73,23.28,20809
2025-10-10,23.28,23.37,22.73,23.0,14000
2025-10-13,23.1,23.46,22.73,23.28,44900
2025-10-14,25.4,25.4,22.4,23.5,8265
2025-10-15,23.3,23.7,22.6,22.6,13204
2025-10-16,22.6,22.8,22.3,22.5,11705
2025-10-17,23.0,23.4,22.8,22.8,2500
2025-10-20,23.0,23.0,22.8,22.8,1883
2025-10-21,23.0,23.0,22.7,22.9,4600
