time,open,high,low,close,volume
2015-07-31,4.1,4.1,4.1,4.1,14800
2015-08-03,4.5,4.5,4.5,4.5,11400
2015-08-04,4.94,4.94,4.94,4.94,1500
2015-08-05,5.39,5.39,5.16,5.39,3900
2015-08-06,4.85,4.85,4.85,4.85,1800
2015-08-07,5.13,5.16,5.13,5.16,700
2015-08-10,4.92,4.92,4.92,4.92,400
2015-08-11,5.16,5.16,5.16,5.16,1000
2015-08-12,5.67,5.67,5.67,5.67,100
2015-08-13,5.67,5.67,5.67,5.67,0
2015-08-14,6.21,6.21,6.21,6.21,200
2015-08-17,6.21,6.21,6.21,6.21,0
2015-08-18,5.6,5.6,5.6,5.6,100
2015-08-19,5.6,5.6,5.6,5.6,0
2015-08-20,5.6,5.6,5.6,5.6,0
2015-08-21,5.06,5.06,5.06,5.06,100
2015-08-24,5.06,5.06,5.06,5.06,0
2015-08-25,5.06,5.06,5.06,5.06,0
2015-08-26,5.06,5.06,5.06,5.06,0
2015-08-27,5.06,5.06,5.06,5.06,0
2015-08-28,5.06,5.06,5.06,5.06,0
2015-08-31,5.06,5.06,5.06,5.06,0
2015-09-01,5.06,5.06,5.06,5.06,0
2015-09-03,5.06,5.06,5.06,5.06,0
2015-09-04,5.06,5.06,5.06,5.06,0
2015-09-07,5.06,5.06,5.06,5.06,0
2015-09-08,5.06,5.06,5.06,5.06,0
2015-09-09,5.06,5.06,5.06,5.06,0
2015-09-10,4.57,4.57,4.57,4.57,100
2015-09-11,4.22,5.01,4.19,5.01,700
2015-09-14,5.01,5.01,5.01,5.01,0
2015-09-15,4.55,4.55,4.55,4.55,100
2015-09-16,4.22,4.22,4.22,4.22,200
2015-09-17,4.64,4.64,4.64,4.64,7600
2015-09-18,4.64,4.64,4.19,4.19,3640
2015-09-21,3.8,4.1,3.8,4.1,4100
2015-09-22,4.1,4.1,4.1,4.1,0
2015-09-23,4.1,4.1,4.1,4.1,0
2015-09-24,3.82,3.82,3.82,3.82,1500
2015-09-25,3.98,3.98,3.98,3.98,100
2015-09-28,3.7,4.33,3.68,4.33,400
2015-09-29,3.94,4.03,3.91,4.03,3400
2015-09-30,4.17,4.17,4.17,4.17,100
2015-10-01,3.96,3.96,3.94,3.96,16100
2015-10-02,3.94,3.94,3.94,3.94,1500
2015-10-05,3.89,3.94,3.89,3.94,2000
2015-10-06,4.1,4.1,4.1,4.1,100
2015-10-07,4.1,4.1,4.1,4.1,0
2015-10-08,3.82,4.03,3.82,3.87,7700
2015-10-09,3.96,4.22,3.96,4.22,20100
2015-10-12,3.96,4.01,3.96,4.01,2200
2015-10-13,4.01,4.05,4.01,4.05,4800
2015-10-14,4.01,4.03,3.98,4.03,7000
2015-10-15,4.03,4.03,3.98,3.98,1100
2015-10-16,3.98,3.98,3.94,3.94,1000
2015-10-19,3.94,3.94,3.94,3.94,600
2015-10-20,4.03,4.12,4.03,4.1,26200
2015-10-21,4.1,4.12,4.1,4.12,6400
2015-10-22,4.12,4.12,4.12,4.12,500
2015-10-23,4.22,4.45,4.22,4.45,2200
2015-10-26,4.45,4.66,4.45,4.66,500
2015-10-27,4.66,4.66,4.66,4.66,0
2015-10-28,4.64,4.99,4.64,4.99,4700
2015-10-29,4.99,5.16,4.99,5.16,3400
2015-10-30,5.16,5.16,5.16,5.16,0
2015-11-02,5.16,5.16,5.16,5.16,0
2015-11-03,5.16,5.16,5.16,5.16,0
2015-11-04,5.16,5.16,5.16,5.16,0
2015-11-05,5.16,5.16,5.16,5.16,0
2015-11-06,5.16,5.16,5.16,5.16,0
2015-11-09,5.16,5.16,5.16,5.16,0
2015-11-10,5.16,5.16,5.16,5.16,0
2015-11-11,4.69,4.69,4.64,4.64,13600
2015-11-12,4.22,4.69,4.19,4.69,30000
2015-11-13,4.69,4.69,4.69,4.69,0
2015-11-16,4.22,4.66,4.22,4.66,3500
2015-11-17,4.26,4.26,4.26,4.26,13500
2015-11-18,4.29,4.45,4.22,4.31,12400
2015-11-19,4.33,4.36,4.31,4.33,3600
2015-11-20,4.36,4.57,4.36,4.57,1200
2015-11-23,4.57,4.57,4.45,4.45,3000
2015-11-24,4.43,4.8,4.38,4.8,4900
2015-11-25,4.64,4.69,4.45,4.69,3100
2015-11-26,4.5,4.76,4.5,4.76,800
2015-11-27,4.59,4.62,4.59,4.59,9300
2015-11-30,4.59,4.59,4.5,4.5,20400
2015-12-01,4.5,4.5,4.5,4.5,600
2015-12-02,4.5,4.5,4.5,4.5,0
2015-12-03,4.55,4.55,4.5,4.5,10000
2015-12-04,4.5,4.5,4.5,4.5,1000
2015-12-07,4.5,4.5,4.5,4.5,0
2015-12-08,4.48,4.5,4.48,4.48,700
2015-12-09,4.5,4.5,4.45,4.45,1400
2015-12-10,4.41,4.41,4.38,4.38,300
2015-12-11,4.45,4.45,4.45,4.45,400
2015-12-14,4.45,4.45,4.45,4.45,2500
2015-12-15,4.45,4.45,4.41,4.41,2900
2015-12-16,4.41,4.41,4.41,4.41,3500
2015-12-17,4.43,4.45,4.43,4.45,4900
2015-12-18,4.57,4.57,4.57,4.57,14000
2015-12-21,4.57,4.57,4.57,4.57,300
2015-12-22,4.57,4.64,4.48,4.48,4300
2015-12-23,4.48,4.48,4.48,4.48,0
2015-12-24,4.45,4.45,4.45,4.45,100
2015-12-25,4.45,4.45,4.41,4.41,1500
2015-12-28,4.41,4.41,4.41,4.41,0
2015-12-29,4.41,4.41,4.41,4.41,0
2015-12-30,4.38,4.38,4.38,4.38,500
2015-12-31,4.38,4.57,4.38,4.57,400
2016-01-04,4.57,4.57,4.57,4.57,0
2016-01-05,4.57,4.57,4.57,4.57,0
2016-01-06,4.57,4.59,4.57,4.59,600
2016-01-07,4.57,4.57,4.57,4.57,500
2016-01-08,4.52,4.52,4.52,4.52,200
2016-01-11,4.57,4.97,4.57,4.69,6400
2016-01-12,4.9,4.99,4.9,4.99,4500
2016-01-13,5.16,5.16,5.16,5.16,100
2016-01-14,4.71,4.71,4.69,4.69,3600
2016-01-15,4.5,4.5,4.48,4.48,300
2016-01-18,4.45,4.48,4.43,4.48,6300
2016-01-19,4.48,4.48,4.48,4.48,0
2016-01-20,4.48,4.48,4.48,4.48,0
2016-01-21,4.48,4.48,4.48,4.48,800
2016-01-22,4.9,4.9,4.48,4.48,500
2016-01-25,4.55,4.55,4.55,4.55,100
2016-01-26,4.64,4.69,4.64,4.69,1400
2016-01-27,4.69,4.69,4.69,4.69,0
2016-01-28,4.69,4.69,4.69,4.69,0
2016-01-29,4.69,4.69,4.69,4.69,0
2016-02-01,4.66,4.66,4.66,4.66,4500
2016-02-02,4.66,4.69,4.66,4.66,4500
2016-02-03,4.66,4.66,4.66,4.66,700
2016-02-04,4.69,4.69,4.69,4.69,100
2016-02-05,4.69,4.8,4.69,4.8,500
2016-02-15,4.8,4.92,4.8,4.92,1500
2016-02-16,5.01,5.01,5.01,5.01,100
2016-02-17,4.52,4.92,4.52,4.92,600
2016-02-18,4.92,4.92,4.73,4.73,1400
2016-02-19,4.92,5.2,4.92,5.16,5800
2016-02-22,5.27,5.27,5.27,5.27,100
2016-02-23,5.23,5.51,5.23,5.51,5100
2016-02-24,5.39,5.39,5.32,5.32,1800
2016-02-25,5.32,5.32,5.32,5.32,1000
2016-02-26,5.32,5.39,5.32,5.39,4500
2016-02-29,5.62,5.67,5.62,5.62,3100
2016-03-01,5.62,5.67,5.62,5.67,2000
2016-03-02,5.67,5.67,5.67,5.67,3500
2016-03-03,5.74,5.74,5.69,5.74,14300
2016-03-04,5.74,5.74,5.74,5.74,4400
2016-03-07,5.74,5.74,5.74,5.74,0
2016-03-08,5.74,5.76,5.74,5.76,1700
2016-03-09,5.76,5.76,5.76,5.76,0
2016-03-10,5.74,5.74,5.74,5.74,100
2016-03-11,5.74,5.74,5.74,5.74,50
2016-03-14,5.74,5.76,5.74,5.76,7800
2016-03-15,5.62,5.62,5.53,5.6,4200
2016-03-16,5.6,5.6,5.6,5.6,2000
2016-03-17,5.58,5.72,5.58,5.72,6800
2016-03-18,5.74,5.74,5.74,5.74,900
2016-03-21,5.86,5.86,5.23,5.74,2250
2016-03-22,5.86,5.86,5.86,5.86,100
2016-03-23,5.39,6.09,5.3,6.09,3250
2016-03-24,6.14,6.14,6.14,6.14,100
2016-03-25,5.62,6.09,5.62,5.74,800
2016-03-28,6.09,6.3,6.09,6.3,3000
2016-03-29,6.3,6.54,5.76,6.54,4000
2016-03-30,5.93,6.61,5.93,6.33,4400
2016-03-31,6.44,6.44,6.19,6.19,400
2016-04-01,6.21,6.21,6.21,6.21,1500
2016-04-04,6.21,6.21,6.12,6.12,900
2016-04-05,6.21,6.56,6.21,6.56,3200
2016-04-06,6.21,6.65,6.21,6.33,3300
2016-04-07,6.23,6.33,6.23,6.33,1900
2016-04-08,6.72,6.75,6.56,6.56,2300
2016-04-11,6.56,6.56,6.56,6.56,0
2016-04-12,6.7,6.77,6.7,6.75,700
2016-04-13,6.68,6.84,6.68,6.84,2500
2016-04-14,6.44,6.68,6.42,6.68,3200
2016-04-15,6.56,6.56,6.56,6.56,2000
2016-04-19,6.68,6.91,6.56,6.91,8500
2016-04-20,6.91,6.91,6.82,6.89,7000
2016-04-21,7.01,7.1,6.94,7.1,5900
2016-04-22,7.8,7.8,6.89,7.5,15650
2016-04-25,7.73,7.73,7.38,7.38,400
2016-04-26,7.5,7.66,7.26,7.64,3600
2016-04-27,7.38,7.38,6.89,7.05,13900
2016-04-28,6.91,7.38,6.91,7.05,4900
2016-04-29,7.05,7.76,7.05,7.76,7000
2016-05-04,8.51,8.51,8.51,8.51,1500
2016-05-05,8.38,8.54,8.38,8.51,8150
2016-05-06,8.54,8.54,8.38,8.38,600
2016-05-09,8.07,8.07,7.91,7.91,1700
2016-05-10,7.59,7.59,7.59,7.59,1000
2016-05-11,7.59,7.62,7.59,7.62,1500
2016-05-12,7.59,7.59,7.59,7.59,2100
2016-05-13,7.59,7.59,7.28,7.28,3100
2016-05-16,7.59,7.59,6.58,6.99,5500
2016-05-17,7.59,7.69,7.56,7.56,10300
2016-05-18,7.59,7.84,7.59,7.75,3900
2016-05-19,7.75,7.91,7.75,7.91,3400
2016-05-20,8.35,8.7,8.35,8.7,36200
2016-05-23,9.49,9.55,9.49,9.52,20000
2016-05-24,9.65,9.65,9.05,9.49,9700
2016-05-25,9.05,9.68,9.05,9.49,19400
2016-05-26,9.08,9.49,9.08,9.49,5500
2016-05-27,9.46,9.49,9.14,9.49,3000
2016-05-30,9.46,9.46,9.11,9.2,3800
2016-05-31,9.05,9.05,8.98,9.01,6700
2016-06-01,9.01,9.05,8.54,8.54,8600
2016-06-02,8.86,8.86,8.54,8.54,6900
2016-06-03,8.54,8.86,8.54,8.86,3800
2016-06-06,8.64,8.86,8.54,8.86,9300
2016-06-07,8.86,8.92,8.86,8.86,4800
2016-06-08,8.86,9.05,8.86,8.98,14800
2016-06-09,9.17,9.17,8.89,8.89,2700
2016-06-10,9.17,9.17,9.01,9.08,2800
2016-06-13,9.08,9.17,9.08,9.17,3300
2016-06-14,9.08,9.08,8.86,8.86,24900
2016-06-15,8.89,9.01,8.86,9.01,6300
2016-06-16,8.98,9.17,8.98,9.01,8900
2016-06-17,9.01,9.01,8.79,8.86,8200
2016-06-20,8.86,9.49,8.86,8.89,14400
2016-06-21,8.73,8.89,8.54,8.89,5200
2016-06-22,8.89,9.24,8.89,9.24,23665
2016-06-23,9.3,9.3,9.14,9.17,35600
2016-06-24,9.14,9.17,8.29,8.51,107855
2016-06-27,8.48,9.01,8.48,9.01,23900
2016-06-28,9.01,9.49,9.01,9.14,68585
2016-06-29,9.11,10.03,9.11,10.03,124790
2016-06-30,10.12,10.75,10.06,10.19,50800
2016-07-01,10.15,10.44,9.96,10.37,25680
2016-07-04,10.37,11.13,10.37,11.13,60400
2016-07-05,11.45,11.45,10.79,10.82,43120
2016-07-06,10.5,10.75,10.44,10.5,31060
2016-07-07,10.5,11.23,10.28,11.07,76095
2016-07-08,11.07,11.07,10.6,10.91,45330
2016-07-11,10.28,10.91,10.12,10.28,40250
2016-07-12,10.34,10.34,9.96,10.06,34900
2016-07-13,10.12,10.82,10.06,10.28,20400
2016-07-14,10.12,10.19,9.93,9.93,33800
2016-07-15,9.93,10.12,9.49,10.12,20760
2016-07-18,10.12,10.12,9.96,10.06,10600
2016-07-19,9.65,10.0,9.65,9.68,14100
2016-07-20,9.96,9.96,9.49,9.74,11210
2016-07-21,9.74,9.74,9.65,9.74,9055
2016-07-22,9.65,9.65,9.33,9.49,14400
2016-07-25,9.49,9.55,9.24,9.52,20720
2016-07-26,9.49,9.49,9.24,9.46,5900
2016-07-27,9.3,9.52,9.3,9.52,5220
2016-07-28,9.33,9.46,9.33,9.46,1511
2016-07-29,9.52,10.09,9.27,9.81,32910
2016-08-01,9.81,9.87,8.82,8.82,76240
2016-08-02,8.54,8.54,8.07,8.13,37310
2016-08-03,8.51,8.51,8.03,8.13,12154
2016-08-04,8.82,8.82,7.91,8.07,12920
2016-08-05,8.19,8.19,7.59,8.07,31800
2016-08-08,7.91,7.91,7.75,7.75,16500
2016-08-09,7.75,8.19,7.75,8.19,4235
2016-08-10,8.22,8.89,8.22,8.89,9600
2016-08-11,8.89,9.17,8.41,8.92,6700
2016-08-12,8.92,8.92,8.1,8.41,16300
2016-08-15,8.22,8.22,8.22,8.22,1800
2016-08-16,8.86,8.86,8.07,8.19,11425
2016-08-17,8.22,8.22,8.0,8.0,8800
2016-08-18,7.94,7.94,7.91,7.91,800
2016-08-19,7.88,8.16,7.84,8.16,12400
2016-08-22,7.84,7.84,7.84,7.84,5600
2016-08-23,7.88,8.16,7.75,8.16,11500
2016-08-24,7.78,8.07,7.78,7.81,1700
2016-08-25,7.81,8.0,7.78,7.97,10500
2016-08-26,8.03,8.03,7.59,7.91,8600
2016-08-29,7.91,7.94,7.91,7.91,7240
2016-08-30,7.91,7.97,7.91,7.91,1540
2016-08-31,7.75,7.94,7.59,7.91,4700
2016-09-01,7.97,7.97,7.91,7.91,3200
2016-09-05,7.91,8.03,7.91,8.03,10800
2016-09-06,7.91,8.38,7.91,7.94,6600
2016-09-07,8.19,8.19,7.94,7.94,4700
2016-09-08,8.0,8.54,8.0,8.45,19170
2016-09-09,8.45,8.67,8.45,8.67,15420
2016-09-12,8.67,9.3,8.67,8.67,15555
2016-09-13,8.54,8.67,8.54,8.67,3900
2016-09-14,8.6,8.6,8.54,8.54,5410
2016-09-15,8.54,8.54,8.48,8.48,7100
2016-09-16,8.54,8.54,8.35,8.35,10000
2016-09-19,8.51,8.51,8.35,8.35,1200
2016-09-20,8.38,8.54,8.22,8.38,7600
2016-09-21,8.38,8.38,8.38,8.38,7800
2016-09-22,8.38,8.38,8.35,8.38,3400
2016-09-23,8.32,8.35,8.29,8.29,1935
2016-09-26,8.26,8.26,8.22,8.22,3900
2016-09-27,8.22,8.26,8.22,8.26,2900
2016-09-28,8.26,8.45,8.26,8.38,5830
2016-09-29,8.35,8.86,8.35,8.86,15500
2016-09-30,8.79,8.79,8.54,8.54,9310
2016-10-03,8.64,8.67,8.51,8.54,11900
2016-10-04,8.51,8.54,8.22,8.54,16600
2016-10-05,8.57,8.57,8.22,8.22,18400
2016-10-06,8.22,8.22,8.22,8.22,12700
2016-10-07,8.22,8.45,8.22,8.26,1600
2016-10-10,8.45,8.7,8.45,8.64,7700
2016-10-11,8.64,8.64,8.41,8.45,10400
2016-10-12,8.48,8.51,8.48,8.51,300
2016-10-13,8.54,8.54,8.51,8.51,1000
2016-10-14,8.45,8.54,8.45,8.51,2300
2016-10-17,8.38,8.38,8.26,8.26,9200
2016-10-18,8.29,8.38,8.26,8.26,9300
2016-10-19,8.26,8.54,8.22,8.54,4200
2016-10-20,8.67,8.67,8.54,8.54,2000
2016-10-21,8.54,8.54,8.22,8.22,4100
2016-10-24,7.97,7.97,7.88,7.91,25000
2016-10-25,8.19,8.19,7.91,7.91,11900
2016-10-26,8.22,8.38,8.22,8.32,2500
2016-10-27,8.07,8.35,8.07,8.35,1100
2016-10-28,8.22,8.35,8.22,8.35,600
2016-10-31,8.13,8.54,7.88,7.91,32400
2016-11-01,7.91,8.07,7.18,7.18,43100
2016-11-02,7.43,7.84,7.43,7.72,13400
2016-11-03,7.5,7.72,7.5,7.72,1100
2016-11-04,7.56,7.69,7.53,7.53,8400
2016-11-07,7.59,7.59,7.59,7.59,500
2016-11-08,7.5,7.59,7.5,7.53,1000
2016-11-09,7.43,7.43,6.9,6.9,16400
2016-11-10,7.12,7.43,7.12,7.43,3600
2016-11-11,7.46,7.5,7.31,7.31,1600
2016-11-14,7.12,7.28,7.12,7.24,9915
2016-11-15,7.28,7.28,7.12,7.15,6300
2016-11-16,7.15,7.24,7.15,7.18,15300
2016-11-17,7.18,7.18,6.96,7.18,1900
2016-11-18,7.12,7.15,6.96,7.15,3700
2016-11-21,7.09,7.24,7.09,7.12,7400
2016-11-22,7.12,7.12,7.09,7.09,6611
2016-11-23,7.02,7.28,7.02,7.15,1100
2016-11-24,7.09,7.21,7.09,7.15,10200
2016-11-25,7.12,7.12,7.02,7.12,2772
2016-11-28,7.12,7.12,6.99,6.99,4700
2016-11-29,6.99,6.99,6.96,6.99,2519
2016-11-30,6.99,6.99,6.96,6.96,6900
2016-12-01,6.96,6.99,6.67,6.93,20320
2016-12-02,6.8,6.96,6.74,6.93,7800
2016-12-05,6.83,6.93,6.74,6.93,5100
2016-12-06,6.74,6.74,6.42,6.42,8800
2016-12-07,6.71,6.71,6.64,6.64,4040
2016-12-08,6.64,6.96,6.64,6.96,3800
2016-12-09,6.8,6.93,6.8,6.93,1700
2016-12-12,6.64,6.64,6.64,6.64,5100
2016-12-13,6.71,6.9,6.71,6.9,3200
2016-12-14,6.9,6.9,6.9,6.9,6
2016-12-15,6.86,6.86,6.71,6.86,1500
2016-12-16,6.86,6.86,6.83,6.86,4100
2016-12-19,6.86,6.9,6.74,6.9,18710
2016-12-20,6.8,6.9,6.77,6.9,1240
2016-12-21,6.83,6.83,6.64,6.83,9200
2016-12-22,6.83,6.83,6.71,6.8,11600
2016-12-23,6.58,6.61,6.55,6.61,6600
2016-12-26,6.55,6.55,6.55,6.55,1400
2016-12-27,6.48,6.77,6.33,6.77,3000
2016-12-28,6.33,6.61,6.26,6.61,3849
2016-12-29,6.55,6.74,6.48,6.74,3600
2016-12-30,6.61,6.93,6.55,6.93,5400
2017-01-03,6.74,6.74,6.48,6.74,4739
2017-01-04,6.61,6.74,6.48,6.61,8300
2017-01-05,6.71,6.71,6.55,6.61,9500
2017-01-06,6.61,6.61,6.61,6.61,1000
2017-01-09,6.48,6.93,6.48,6.93,7039
2017-01-10,7.24,7.56,7.12,7.24,28460
2017-01-11,7.24,7.59,7.24,7.59,8500
2017-01-12,7.43,7.5,7.37,7.46,20800
2017-01-13,7.43,7.46,7.05,7.46,7000
2017-01-16,7.46,7.5,7.4,7.5,3200
2017-01-17,7.34,7.34,7.21,7.31,10900
2017-01-18,7.31,7.43,6.58,7.31,7500
2017-01-19,7.31,7.31,7.28,7.28,2100
2017-01-20,7.15,7.28,6.96,7.28,7600
2017-01-23,7.15,7.15,6.96,6.99,2600
2017-01-24,6.9,7.15,6.9,7.15,6400
2017-01-25,7.4,7.4,7.15,7.18,900
2017-02-02,7.18,7.28,7.18,7.28,6000
2017-02-03,6.96,7.28,6.96,7.28,12680
2017-02-06,7.28,7.28,6.9,7.18,10700
2017-02-07,6.9,7.15,6.77,6.99,24200
2017-02-08,6.96,6.96,6.71,6.71,22470
2017-02-09,6.64,6.86,6.64,6.8,9720
2017-02-10,6.83,6.83,6.8,6.8,10100
2017-02-13,6.71,6.71,6.64,6.64,10305
2017-02-14,6.64,6.64,6.55,6.64,5500
2017-02-15,6.58,6.61,6.48,6.58,13600
2017-02-16,6.61,6.61,6.48,6.61,7405
2017-02-17,6.61,6.61,6.55,6.61,8900
2017-02-20,6.61,7.09,6.61,7.09,30900
2017-02-21,7.12,7.56,7.12,7.5,22400
2017-02-22,7.59,7.62,7.34,7.43,25300
2017-02-23,7.43,7.75,7.43,7.75,49835
2017-02-24,7.75,7.91,7.59,7.69,38300
2017-02-27,7.65,7.88,7.59,7.81,21400
2017-02-28,7.81,7.81,7.59,7.59,11200
2017-03-01,7.69,7.69,7.59,7.59,6139
2017-03-02,7.59,7.65,7.59,7.65,4500
2017-03-03,7.65,7.65,7.59,7.59,11400
2017-03-06,8.19,8.19,7.49,7.73,41579
2017-03-07,7.84,7.84,7.31,7.63,24650
2017-03-08,7.42,7.52,7.42,7.45,16100
2017-03-09,7.49,7.7,7.42,7.56,33300
2017-03-10,7.59,7.66,7.56,7.66,18489
2017-03-13,7.52,7.98,7.52,7.98,30800
2017-03-14,7.94,8.12,7.91,8.02,38500
2017-03-15,8.02,8.3,8.02,8.19,51000
2017-03-16,8.26,8.26,8.05,8.09,60450
2017-03-17,8.09,8.44,7.94,8.09,15100
2017-03-20,8.05,8.05,7.94,8.02,25400
2017-03-21,8.02,8.02,7.84,7.98,25155
2017-03-22,7.98,8.12,7.77,7.98,12765
2017-03-23,7.94,7.94,7.84,7.94,5040
2017-03-24,7.91,7.94,7.66,7.91,13800
2017-03-27,7.66,7.77,7.66,7.77,1500
2017-03-28,7.7,7.77,7.56,7.56,6900
2017-03-29,7.73,7.73,7.49,7.59,2600
2017-03-30,7.59,7.77,7.59,7.77,40300
2017-03-31,7.77,7.94,7.45,7.8,15322
2017-04-03,7.8,7.8,7.8,7.8,200
2017-04-04,7.8,7.94,7.77,7.87,11100
2017-04-05,7.8,7.8,7.59,7.73,3900
2017-04-07,7.42,7.77,7.42,7.77,4222
2017-04-10,7.77,7.77,7.77,7.77,0
2017-04-11,7.31,7.84,7.03,7.34,28000
2017-04-12,7.42,7.8,7.42,7.77,22600
2017-04-13,7.73,7.94,7.63,7.91,19900
2017-04-14,7.91,7.94,7.59,7.91,7042
2017-04-17,7.77,7.87,7.63,7.63,5100
2017-04-18,7.77,7.77,7.59,7.63,11400
2017-04-19,7.8,7.8,7.45,7.59,8200
2017-04-20,7.59,7.77,7.49,7.63,7400
2017-04-21,7.59,7.66,7.59,7.66,10500
2017-04-24,7.59,7.63,7.49,7.59,9000
2017-04-25,7.45,7.59,7.34,7.52,7000
2017-04-26,7.42,7.42,7.1,7.34,3900
2017-04-27,7.31,7.42,7.31,7.42,300
2017-04-28,7.24,7.7,7.13,7.24,4500
2017-05-03,7.13,7.13,6.53,6.78,33300
2017-05-04,6.89,6.89,6.53,6.81,33990
2017-05-05,6.71,6.71,6.36,6.6,7415
2017-05-08,6.6,6.6,6.25,6.6,4013
2017-05-09,6.6,6.6,6.32,6.53,30100
2017-05-10,6.39,6.6,6.39,6.6,5830
2017-05-11,6.57,6.6,6.57,6.6,500
2017-05-12,6.6,6.64,6.6,6.6,10920
2017-05-15,6.53,6.6,6.46,6.6,2525
2017-05-16,6.43,6.46,6.43,6.43,5920
2017-05-17,6.43,6.85,6.43,6.78,16000
2017-05-18,6.46,6.71,6.46,6.71,500
2017-05-19,6.5,6.71,6.5,6.71,9600
2017-05-22,6.53,6.71,6.53,6.71,400
2017-05-23,6.71,6.71,6.71,6.71,0
2017-05-24,6.71,6.71,6.53,6.71,1100
2017-05-25,6.53,6.71,6.5,6.64,12700
2017-05-26,6.53,6.64,6.53,6.64,11200
2017-05-29,6.57,6.71,6.53,6.71,2900
2017-05-30,6.53,6.71,6.36,6.71,12800
2017-05-31,6.71,6.78,6.64,6.74,34800
2017-06-01,6.78,6.78,6.71,6.74,6300
2017-06-02,6.74,6.74,6.53,6.74,5500
2017-06-05,6.67,6.71,6.39,6.71,8900
2017-06-06,6.99,6.99,6.29,6.74,5165
2017-06-07,6.71,6.71,6.67,6.71,3242
2017-06-08,6.71,6.71,6.46,6.71,800
2017-06-09,6.67,6.71,6.53,6.67,4800
2017-06-12,6.71,6.71,6.71,6.71,200
2017-06-13,6.53,6.71,6.53,6.71,900
2017-06-14,6.67,6.67,6.67,6.67,2000
2017-06-15,6.67,6.67,6.5,6.67,2000
2017-06-16,6.5,6.67,6.5,6.67,3500
2017-06-19,6.64,6.64,6.53,6.64,12800
2017-06-20,6.64,6.64,6.53,6.64,1500
2017-06-21,6.53,6.64,6.53,6.64,6800
2017-06-22,6.67,6.67,6.04,6.67,14900
2017-06-23,6.67,6.67,6.67,6.67,0
2017-06-26,6.67,6.67,6.67,6.67,0
2017-06-27,6.46,6.53,6.46,6.53,1600
2017-06-28,6.5,6.5,6.5,6.5,2800
2017-06-29,6.64,6.64,6.64,6.64,100
2017-06-30,6.39,6.5,6.39,6.5,11400
2017-07-03,6.5,6.5,6.5,6.5,0
2017-07-04,6.64,6.64,5.9,6.36,15900
2017-07-05,6.29,6.36,6.29,6.36,2110
2017-07-06,6.36,6.36,6.36,6.36,100
2017-07-07,6.36,6.36,6.36,6.36,0
2017-07-10,6.36,6.36,6.18,6.36,1100
2017-07-11,6.36,6.36,6.18,6.18,700
2017-07-12,6.18,6.32,6.07,6.32,7000
2017-07-13,6.0,6.32,6.0,6.07,8500
2017-07-14,6.0,6.14,5.79,6.14,12700
2017-07-17,6.0,6.0,5.83,5.93,9600
2017-07-18,6.0,6.36,6.0,6.0,1840
2017-07-19,6.0,6.21,5.86,5.97,6210
2017-07-20,5.9,5.9,5.72,5.83,17114
2017-07-21,5.72,6.32,5.65,6.07,22150
2017-07-24,6.18,6.36,5.83,5.83,4205
2017-07-25,5.72,5.97,5.68,5.68,5400
2017-07-26,5.65,5.83,5.65,5.68,8648
2017-07-27,5.68,6.21,5.68,6.21,8120
2017-07-28,6.18,6.81,5.97,6.78,11220
2017-07-31,6.25,6.32,6.11,6.29,7050
2017-08-01,6.36,6.36,5.68,6.07,5810
2017-08-02,5.72,5.97,5.65,5.97,4800
2017-08-03,6.11,6.11,5.65,6.0,1292
2017-08-04,5.65,5.93,5.65,5.86,4100
2017-08-07,5.65,6.07,5.65,6.07,6250
2017-08-08,6.07,6.07,5.65,6.07,3300
2017-08-09,5.68,6.0,5.58,6.0,700
2017-08-10,6.0,6.0,6.0,6.0,0
2017-08-11,5.4,6.0,5.4,5.97,1100
2017-08-14,6.0,6.0,5.61,5.97,2500
2017-08-15,5.65,5.97,5.65,5.97,1000
2017-08-16,5.65,6.0,5.65,5.97,8800
2017-08-17,5.83,6.04,5.83,6.0,20100
2017-08-18,5.65,6.07,5.58,6.07,37660
2017-08-21,6.14,6.36,6.0,6.0,9060
2017-08-22,6.21,6.21,6.0,6.0,4340
2017-08-23,6.0,6.0,6.0,6.0,2400
2017-08-24,6.0,6.04,5.93,6.04,2860
2017-08-25,6.0,6.04,6.0,6.04,7640
2017-08-28,6.04,6.18,6.0,6.18,12820
2017-08-29,6.14,6.14,6.04,6.07,1450
2017-08-30,6.07,6.11,6.0,6.07,14350
2017-08-31,6.07,6.07,6.07,6.07,10
2017-09-01,6.07,6.07,5.97,6.07,4200
2017-09-05,6.04,6.07,6.04,6.07,6900
2017-09-06,6.07,6.07,6.0,6.0,5900
2017-09-07,6.0,6.0,6.0,6.0,20
2017-09-08,6.04,6.04,5.93,6.04,2600
2017-09-11,6.04,6.04,6.04,6.04,0
2017-09-12,6.04,6.04,6.04,6.04,1300
2017-09-13,6.07,6.07,5.79,6.04,2670
2017-09-14,5.86,6.04,5.86,6.04,200
2017-09-15,6.04,6.04,6.04,6.04,0
2017-09-18,5.86,5.93,5.86,5.93,1900
2017-09-19,5.79,5.93,5.79,5.93,3900
2017-09-20,6.0,6.0,6.0,6.0,100
2017-09-21,5.79,6.0,5.79,6.0,900
2017-09-22,5.79,5.97,5.47,5.97,4800
2017-09-25,5.65,5.97,5.4,5.97,800
2017-09-26,5.86,5.97,5.86,5.97,300
2017-09-27,5.65,5.93,5.65,5.93,600
2017-09-28,5.65,5.86,5.65,5.86,700
2017-09-29,5.86,5.86,5.86,5.86,0
2017-10-02,5.76,5.76,5.76,5.76,400
2017-10-03,5.76,5.76,5.76,5.76,0
2017-10-04,5.76,5.76,5.76,5.76,0
2017-10-05,5.76,5.76,5.76,5.76,0
2017-10-06,5.47,5.65,5.47,5.65,1900
2017-10-09,5.65,5.65,5.65,5.65,1872
2017-10-10,5.65,5.65,5.65,5.65,700
2017-10-11,5.65,5.65,5.54,5.61,1700
2017-10-12,5.61,5.79,5.61,5.79,2700
2017-10-13,5.79,5.79,5.79,5.79,0
2017-10-16,5.79,5.79,5.79,5.79,0
2017-10-17,5.23,5.79,5.23,5.79,1200
2017-10-18,5.47,5.47,5.47,5.47,1300
2017-10-19,5.65,5.76,5.65,5.65,1900
2017-10-20,6.04,6.04,6.04,6.04,100
2017-10-23,5.65,5.83,5.65,5.83,600
2017-10-24,5.83,5.83,5.83,5.83,0
2017-10-25,5.26,5.79,5.26,5.79,200
2017-10-26,5.68,5.68,5.68,5.68,500
2017-10-27,5.68,5.68,5.68,5.68,1000
2017-10-30,5.68,5.68,5.68,5.68,0
2017-10-31,5.68,5.68,5.68,5.68,0
2017-11-01,5.47,5.68,5.47,5.68,630
2017-11-02,5.68,5.68,5.68,5.68,0
2017-11-03,5.68,5.68,5.68,5.68,0
2017-11-06,5.68,5.68,5.68,5.68,0
2017-11-07,5.68,5.68,5.68,5.68,0
2017-11-08,5.97,5.97,5.97,5.97,100
2017-11-09,5.97,5.97,5.97,5.97,0
2017-11-10,5.97,5.97,5.97,5.97,30
2017-11-13,5.76,5.76,5.76,5.76,100
2017-11-14,5.76,5.76,5.76,5.76,0
2017-11-15,5.68,5.72,5.68,5.72,4000
2017-11-16,5.72,5.72,5.72,5.72,10
2017-11-17,5.72,5.72,5.72,5.72,0
2017-11-20,5.3,5.79,5.3,5.65,6700
2017-11-21,5.61,5.61,5.51,5.51,1100
2017-11-22,5.47,5.47,5.47,5.47,448
2017-11-23,5.47,5.47,5.3,5.3,3700
2017-11-24,5.3,5.47,5.3,5.47,7900
2017-11-27,5.44,5.58,5.44,5.47,2350
2017-11-28,5.47,5.47,5.47,5.47,2000
2017-11-29,5.19,5.47,5.12,5.47,5710
2017-11-30,5.12,5.47,4.98,5.47,5800
2017-12-01,5.33,5.47,5.3,5.47,5710
2017-12-04,5.16,5.47,5.16,5.44,5220
2017-12-05,5.3,5.3,5.19,5.3,4860
2017-12-06,5.3,5.3,5.3,5.3,0
2017-12-07,4.8,5.3,4.8,5.3,710
2017-12-08,5.3,5.47,5.12,5.47,3200
2017-12-11,5.12,5.37,4.98,5.3,8000
2017-12-12,4.98,5.08,4.8,4.8,12900
2017-12-13,5.08,5.08,4.94,4.94,1000
2017-12-14,4.94,4.94,4.94,4.94,1000
2017-12-15,4.98,5.4,4.87,5.26,4450
2017-12-18,5.26,5.26,5.01,5.26,3120
2017-12-19,5.12,5.12,4.94,4.94,1100
2017-12-20,4.8,5.08,4.8,5.08,300
2017-12-21,4.87,5.08,4.87,5.08,1100
2017-12-22,5.08,5.08,5.08,5.08,0
2017-12-25,4.87,5.05,4.87,5.05,900
2017-12-26,5.05,5.05,5.05,5.05,0
2017-12-27,4.84,5.01,4.84,5.01,400
2017-12-28,4.84,5.05,4.84,5.05,435
2017-12-29,4.84,5.01,4.84,5.01,500
2018-01-02,4.84,4.98,4.84,4.98,605
2018-01-03,4.84,5.23,4.59,5.23,3200
2018-01-04,5.12,5.12,5.12,5.12,300
2018-01-05,4.77,5.12,4.66,5.12,5100
2018-01-08,4.77,5.05,4.77,5.05,1001
2018-01-09,4.84,4.94,4.84,4.94,2065
2018-01-10,4.84,4.98,4.84,4.98,1300
2018-01-11,5.05,5.05,4.84,5.05,1320
2018-01-12,4.84,4.94,4.77,4.94,5300
2018-01-15,4.94,5.08,4.94,5.08,4120
2018-01-16,5.08,5.4,5.08,5.3,11250
2018-01-17,5.47,5.72,5.47,5.72,2916
2018-01-18,5.47,5.47,5.19,5.23,8900
2018-01-19,5.47,5.72,5.47,5.72,11400
2018-01-22,6.0,6.0,5.76,5.97,20220
2018-01-23,5.97,6.18,5.86,6.11,16700
2018-01-24,6.11,6.36,6.0,6.04,19916
2018-01-25,6.0,6.14,5.86,6.14,21220
2018-01-26,6.62,6.62,5.98,6.26,16200
2018-01-29,5.94,5.94,5.7,5.7,1600
2018-01-30,5.59,5.7,5.55,5.59,4500
2018-01-31,5.59,5.59,5.03,5.59,2300
2018-02-01,5.59,6.02,5.59,6.02,12100
2018-02-02,6.02,6.02,6.02,6.02,0
2018-02-05,5.59,5.94,5.43,5.94,1100
2018-02-06,5.39,5.9,5.39,5.86,2400
2018-02-07,5.94,5.94,5.94,5.94,100
2018-02-08,5.86,5.94,5.86,5.94,2600
2018-02-09,5.94,5.94,5.94,5.94,10
2018-02-12,5.39,5.86,5.39,5.86,15116
2018-02-13,5.86,5.86,5.47,5.78,4700
2018-02-21,5.82,5.86,5.82,5.86,2500
2018-02-22,5.51,5.74,5.51,5.74,600
2018-02-23,5.27,5.82,5.27,5.82,6600
2018-02-26,5.78,5.82,5.78,5.78,5000
2018-02-27,5.51,5.51,5.35,5.43,6700
2018-02-28,5.43,5.43,5.39,5.39,1800
2018-03-01,5.23,5.39,5.19,5.39,1500
2018-03-02,5.39,5.39,5.39,5.39,0
2018-03-05,5.39,5.39,5.35,5.39,31010
2018-03-06,5.55,5.59,4.99,5.39,78900
2018-03-07,5.39,5.39,5.39,5.39,2400
2018-03-08,5.39,5.39,5.39,5.39,1200
2018-03-09,5.39,5.39,5.39,5.39,300
2018-03-12,5.19,5.39,5.19,5.19,5200
2018-03-13,5.35,5.35,5.19,5.31,2500
2018-03-14,5.35,5.35,5.19,5.27,2020
2018-03-15,5.19,5.31,5.19,5.31,710
2018-03-16,5.31,5.39,5.31,5.39,2600
2018-03-19,5.43,5.63,5.39,5.63,4500
2018-03-20,5.78,6.18,5.78,5.98,5620
2018-03-21,6.18,6.18,5.78,5.98,6500
2018-03-22,5.98,5.98,5.98,5.98,0
2018-03-23,5.59,5.66,5.59,5.66,1210
2018-03-26,5.43,5.43,5.39,5.39,7100
2018-03-27,5.39,5.39,5.19,5.39,20510
2018-03-28,5.39,5.39,5.39,5.39,0
2018-03-29,5.35,5.39,5.35,5.39,20600
2018-03-30,5.39,5.39,5.39,5.39,5100
2018-04-02,5.82,5.82,5.31,5.55,3470
2018-04-03,5.31,5.74,5.31,5.74,1100
2018-04-04,5.74,5.74,5.74,5.74,0
2018-04-05,5.59,5.74,5.39,5.74,3200
2018-04-06,5.39,5.39,5.39,5.39,3400
2018-04-09,5.59,5.59,5.59,5.59,600
2018-04-10,5.59,5.59,5.59,5.59,2000
2018-04-11,5.39,5.59,5.39,5.39,2300
2018-04-12,5.23,5.39,4.91,5.31,22200
2018-04-13,5.15,5.39,5.15,5.39,3000
2018-04-16,5.39,5.39,5.39,5.39,0
2018-04-17,5.39,5.39,5.35,5.35,2380
2018-04-18,5.55,5.55,5.55,5.55,2300
2018-04-19,5.27,5.43,5.27,5.43,200
2018-04-20,5.39,5.51,5.39,5.51,565
2018-04-23,5.55,5.55,5.55,5.55,1080
2018-04-24,5.55,5.55,5.55,5.55,0
2018-04-26,5.43,5.47,5.35,5.39,4100
2018-04-27,5.39,5.39,5.39,5.39,0
2018-05-02,4.99,5.47,4.99,5.47,300
2018-05-03,5.03,5.19,4.95,5.19,4686
2018-05-04,5.19,5.19,5.19,5.19,0
2018-05-07,5.47,5.47,5.19,5.19,1200
2018-05-08,5.19,5.19,5.19,5.19,500
2018-05-09,4.99,5.19,4.87,5.19,2100
2018-05-10,5.19,5.19,5.19,5.19,0
2018-05-11,5.19,5.19,5.19,5.19,800
2018-05-14,4.95,4.95,4.95,4.95,3500
2018-05-15,4.95,4.95,4.95,4.95,0
2018-05-16,4.79,5.07,4.79,5.07,2000
2018-05-17,4.99,4.99,4.91,4.91,1000
2018-05-18,4.91,4.91,4.91,4.91,0
2018-05-21,4.91,4.91,4.91,4.91,1000
2018-05-22,4.91,4.91,4.91,4.91,2000
2018-05-23,4.91,4.91,4.91,4.91,0
2018-05-24,4.91,4.91,4.91,4.91,10900
2018-05-25,4.79,4.79,4.59,4.59,2000
2018-05-28,4.59,4.59,4.15,4.15,10000
2018-05-29,4.55,4.55,3.99,4.39,2600
2018-05-30,4.79,4.79,4.79,4.79,300
2018-05-31,4.99,4.99,4.99,4.99,100
2018-06-01,4.67,4.91,4.63,4.91,2700
2018-06-04,4.91,4.91,4.91,4.91,0
2018-06-05,4.95,4.95,4.63,4.63,900
2018-06-06,4.63,4.63,4.63,4.63,0
2018-06-07,4.63,4.63,4.63,4.63,0
2018-06-08,4.63,4.63,4.63,4.63,300
2018-06-11,4.55,4.55,4.55,4.55,631
2018-06-12,4.59,4.59,4.55,4.55,600
2018-06-13,4.55,4.55,4.55,4.55,0
2018-06-14,4.59,4.99,4.59,4.99,2000
2018-06-15,4.78,5.07,4.78,5.07,600
2018-06-18,5.07,5.07,5.07,5.07,31
2018-06-19,5.53,5.53,5.53,5.53,500
2018-06-20,5.53,5.53,5.53,5.53,0
2018-06-21,5.53,5.53,5.53,5.53,0
2018-06-22,5.53,5.53,5.53,5.53,0
2018-06-25,6.07,6.07,6.07,6.07,500
2018-06-26,6.07,6.07,6.07,6.07,0
2018-06-27,6.07,6.07,6.07,6.07,0
2018-06-28,6.07,6.07,6.07,6.07,0
2018-06-29,6.07,6.07,6.07,6.07,0
2018-07-02,6.07,6.07,6.07,6.07,0
2018-07-03,6.07,6.07,6.07,6.07,0
2018-07-04,6.07,6.07,6.07,6.07,0
2018-07-05,5.49,5.49,5.49,5.49,300
2018-07-06,4.99,5.11,4.99,5.11,300
2018-07-09,4.99,4.99,4.78,4.9,1400
2018-07-10,4.9,4.9,4.9,4.9,0
2018-07-11,4.57,4.61,4.49,4.49,3900
2018-07-12,4.49,4.49,4.49,4.49,1200
2018-07-13,4.82,4.82,4.82,4.82,100
2018-07-16,4.45,4.57,4.36,4.57,6835
2018-07-17,4.53,4.53,4.53,4.53,200
2018-07-18,4.53,4.53,4.45,4.45,3000
2018-07-19,4.4,4.49,4.4,4.45,8200
2018-07-20,4.45,4.53,4.45,4.53,9600
2018-07-23,4.53,4.53,4.53,4.53,0
2018-07-24,4.53,4.53,4.53,4.53,0
2018-07-25,4.57,4.7,4.57,4.57,2400
2018-07-26,4.57,4.57,4.57,4.57,0
2018-07-27,4.65,4.65,4.61,4.61,3100
2018-07-30,4.61,4.61,4.61,4.61,0
2018-07-31,4.61,4.61,4.57,4.61,2100
2018-08-01,4.61,4.61,4.57,4.61,5235
2018-08-02,4.61,4.61,4.57,4.57,7400
2018-08-03,4.57,4.57,4.57,4.57,0
2018-08-06,4.57,4.57,4.49,4.49,500
2018-08-07,4.57,4.57,4.57,4.57,2600
2018-08-08,4.61,4.61,4.57,4.61,900
2018-08-09,5.05,5.05,5.05,5.05,100
2018-08-10,5.05,5.05,5.05,5.05,0
2018-08-13,5.23,5.33,5.23,5.33,400
2018-08-14,5.7,5.79,5.7,5.79,300
2018-08-15,5.79,5.79,5.79,5.79,0
2018-08-16,5.79,5.79,5.79,5.79,0
2018-08-17,5.23,5.23,5.23,5.23,100
2018-08-20,4.72,5.14,4.72,5.14,1500
2018-08-21,4.67,5.23,4.67,5.23,1100
2018-08-22,4.72,5.23,4.72,5.23,200
2018-08-23,4.76,4.76,4.76,4.76,200
2018-08-24,4.76,4.76,4.76,4.76,0
2018-08-27,4.44,4.76,4.44,4.76,500
2018-08-28,4.76,4.76,4.76,4.76,0
2018-08-29,4.76,4.76,4.76,4.76,0
2018-08-30,4.76,4.76,4.76,4.76,100
2018-08-31,4.76,4.76,4.76,4.76,0
2018-09-04,5.23,5.23,5.23,5.23,100
2018-09-05,5.23,5.23,5.23,5.23,0
2018-09-06,5.23,5.23,5.23,5.23,0
2018-09-07,5.19,5.19,5.19,5.19,100
2018-09-10,5.19,5.19,5.19,5.19,0
2018-09-11,5.19,5.19,5.19,5.19,0
2018-09-12,4.76,4.76,4.67,4.76,5700
2018-09-13,4.76,4.76,4.76,4.76,0
2018-09-14,4.76,4.76,4.76,4.76,0
2018-09-17,4.58,4.76,4.44,4.76,2600
2018-09-18,4.44,4.48,4.44,4.48,500
2018-09-19,4.72,4.72,4.48,4.53,2000
2018-09-20,4.53,4.53,4.53,4.53,0
2018-09-21,4.58,4.58,4.44,4.44,1800
2018-09-24,4.44,4.44,4.44,4.44,31
2018-09-25,4.44,4.44,4.44,4.44,2500
2018-09-26,4.58,4.58,4.58,4.58,1000
2018-09-27,4.62,4.62,4.58,4.58,800
2018-09-28,4.58,4.58,4.58,4.58,0
2018-10-01,4.67,4.67,4.53,4.53,2449
2018-10-02,4.53,4.53,4.53,4.53,100
2018-10-03,4.48,4.53,4.3,4.53,334
2018-10-04,4.53,4.53,4.25,4.53,3612
2018-10-05,4.53,4.53,4.53,4.53,0
2018-10-08,4.53,4.53,4.53,4.53,0
2018-10-09,4.48,4.48,4.44,4.44,200
2018-10-10,4.44,4.44,4.44,4.44,0
2018-10-11,4.11,4.11,4.11,4.11,509
2018-10-12,4.39,4.39,4.39,4.39,100
2018-10-15,4.11,4.48,4.11,4.48,400
2018-10-16,4.48,4.48,4.48,4.48,0
2018-10-17,4.06,4.39,4.06,4.39,300
2018-10-18,4.39,4.39,4.39,4.39,0
2018-10-19,4.39,4.39,4.39,4.39,0
2018-10-22,4.39,4.39,4.39,4.39,17
2018-10-23,4.06,4.06,4.06,4.06,373
2018-10-24,4.25,4.25,4.25,4.25,200
2018-10-25,4.25,4.25,4.25,4.25,0
2018-10-26,3.92,4.16,3.88,4.11,848
2018-10-29,4.11,4.11,4.11,4.11,120
2018-10-30,4.11,4.11,4.11,4.11,2310
2018-10-31,3.78,4.2,3.78,3.92,500
2018-11-01,3.74,4.11,3.74,4.11,248
2018-11-02,4.11,4.11,4.11,4.11,0
2018-11-05,4.06,4.06,4.02,4.02,5441
2018-11-06,4.02,4.02,4.02,4.02,0
2018-11-07,4.02,4.02,4.02,4.02,0
2018-11-08,4.02,4.02,4.02,4.02,1
2018-11-09,3.78,4.25,3.64,3.64,7400
2018-11-12,3.97,3.97,3.97,3.97,258
2018-11-13,4.25,4.34,3.88,4.2,12000
2018-11-14,4.2,4.2,4.2,4.2,78
2018-11-15,3.92,3.97,3.92,3.97,200
2018-11-16,3.97,3.97,3.97,3.97,0
2018-11-19,3.74,3.97,3.74,3.97,305
2018-11-20,3.69,3.97,3.69,3.97,1300
2018-11-21,3.69,3.92,3.69,3.92,400
2018-11-22,3.92,3.92,3.92,3.92,30
2018-11-23,3.92,3.92,3.92,3.92,0
2018-11-26,3.69,4.11,3.69,4.11,1800
2018-11-27,4.11,4.11,4.11,4.11,0
2018-11-28,4.44,4.44,4.44,4.44,100
2018-11-29,4.76,4.76,4.02,4.16,1911
2018-11-30,3.78,4.25,3.78,4.25,2259
2018-12-03,4.39,4.39,4.39,4.39,100
2018-12-04,3.97,4.76,3.97,4.16,15600
2018-12-05,3.97,3.97,3.97,3.97,340
2018-12-06,4.3,4.3,4.3,4.3,100
2018-12-07,4.25,4.58,3.97,3.97,500
2018-12-10,3.78,4.2,3.78,4.2,1100
2018-12-11,4.2,4.2,4.2,4.2,0
2018-12-12,4.2,4.2,4.2,4.2,0
2018-12-13,4.02,4.06,4.02,4.02,1100
2018-12-14,4.11,4.16,4.11,4.11,4000
2018-12-17,3.83,4.25,3.83,4.25,300
2018-12-18,4.25,4.25,4.25,4.25,0
2018-12-19,3.83,4.16,3.83,4.16,500
2018-12-20,3.83,4.16,3.83,4.16,1401
2018-12-21,3.88,4.2,3.83,4.16,500
2018-12-24,4.16,4.16,4.16,4.16,1
2018-12-25,4.16,4.16,4.16,4.16,0
2018-12-26,3.83,3.97,3.83,3.97,1100
2018-12-27,3.78,3.97,3.78,3.97,1900
2018-12-28,3.97,4.16,3.97,4.16,8900
2019-01-02,3.88,4.02,3.88,4.02,2134
2019-01-03,3.83,4.02,3.74,4.02,1920
2019-01-04,4.02,4.02,4.02,4.02,10
2019-01-07,3.88,4.16,3.88,4.16,2400
2019-01-08,4.16,4.16,4.16,4.16,0
2019-01-09,4.16,4.16,4.16,4.16,0
2019-01-10,3.83,3.97,3.78,3.78,7848
2019-01-11,3.78,3.78,3.74,3.78,2222
2019-01-14,3.78,3.78,3.78,3.78,0
2019-01-15,3.78,3.78,3.78,3.78,101
2019-01-16,3.78,3.78,3.78,3.78,0
2019-01-17,3.74,3.74,3.74,3.74,4100
2019-01-18,3.74,3.74,3.74,3.74,1
2019-01-21,3.74,3.74,3.74,3.74,700
2019-01-22,3.74,3.74,3.74,3.74,0
2019-01-23,3.64,3.74,3.64,3.74,200
2019-01-24,3.74,3.74,3.74,3.74,0
2019-01-25,3.69,3.69,3.69,3.69,100
2019-01-28,3.69,3.69,3.69,3.69,20
2019-01-29,3.69,3.69,3.69,3.69,0
2019-01-30,3.69,3.69,3.69,3.69,10
2019-01-31,3.69,3.69,3.69,3.69,5
2019-02-01,3.69,3.69,3.69,3.69,0
2019-02-11,3.55,3.74,3.41,3.69,15672
2019-02-12,3.74,3.74,3.64,3.64,7500
2019-02-13,3.64,3.64,3.64,3.64,0
2019-02-14,3.64,3.83,3.64,3.83,200
2019-02-15,3.83,3.83,3.83,3.83,10
2019-02-18,3.64,3.64,3.64,3.64,200
2019-02-19,3.6,3.74,3.6,3.74,2305
2019-02-20,3.5,3.74,3.41,3.74,1561
2019-02-21,3.74,3.74,3.74,3.74,0
2019-02-22,3.74,3.74,3.74,3.74,0
2019-02-25,3.74,3.74,3.74,3.74,0
2019-02-26,3.64,3.64,3.55,3.55,350
2019-02-27,3.41,3.64,3.41,3.64,2011
2019-02-28,3.64,3.64,3.64,3.64,0
2019-03-01,3.41,3.6,3.41,3.6,300
2019-03-04,3.5,3.5,3.5,3.5,100
2019-03-05,3.6,3.74,3.6,3.74,1100
2019-03-06,3.74,3.74,3.36,3.64,11610
2019-03-07,3.41,3.69,3.41,3.69,700
2019-03-08,3.5,3.69,3.5,3.69,5418
2019-03-11,3.41,3.6,3.41,3.41,1600
2019-03-12,3.41,3.41,3.41,3.41,10
2019-03-13,3.41,3.41,3.41,3.41,30
2019-03-14,3.5,3.5,3.5,3.5,1000
2019-03-15,3.41,3.41,3.41,3.41,400
2019-03-18,3.55,3.55,3.41,3.41,10548
2019-03-19,3.5,3.5,3.5,3.5,1000
2019-03-20,3.41,3.41,3.41,3.41,2434
2019-03-21,3.41,3.41,3.41,3.41,0
2019-03-22,3.41,3.41,3.41,3.41,0
2019-03-25,3.5,3.5,3.5,3.5,1100
2019-03-26,3.36,3.41,3.32,3.41,1414
2019-03-27,3.41,3.41,3.41,3.41,0
2019-03-28,3.32,3.41,3.32,3.41,2400
2019-03-29,3.5,3.5,3.36,3.41,8400
2019-04-01,3.46,3.6,3.41,3.46,23400
2019-04-02,3.55,3.55,3.5,3.5,1200
2019-04-03,3.55,3.78,3.55,3.6,4935
2019-04-04,3.6,3.64,3.55,3.64,9900
2019-04-05,3.64,3.69,3.64,3.69,4400
2019-04-08,3.5,3.5,3.5,3.5,15000
2019-04-09,3.55,3.55,3.5,3.5,2500
2019-04-10,3.6,3.64,3.5,3.64,10200
2019-04-11,3.6,3.64,3.6,3.64,2000
2019-04-12,3.69,3.74,3.69,3.74,1200
2019-04-16,3.69,3.74,3.64,3.74,1700
2019-04-17,3.74,3.74,3.74,3.74,1500
2019-04-18,3.83,3.83,3.74,3.78,20300
2019-04-19,3.88,3.88,3.83,3.83,600
2019-04-22,3.92,4.06,3.92,4.06,5900
2019-04-23,4.06,4.06,4.06,4.06,0
2019-04-24,3.78,3.78,3.78,3.78,7000
2019-04-25,3.83,4.16,3.78,3.97,13400
2019-04-26,3.97,3.97,3.97,3.97,0
2019-05-02,3.78,4.02,3.78,4.02,2800
2019-05-03,3.97,4.02,3.74,3.74,1700
2019-05-06,3.74,3.88,3.69,3.88,4900
2019-05-07,3.78,3.97,3.78,3.97,3800
2019-05-08,3.97,3.97,3.97,3.97,1700
2019-05-09,3.78,3.92,3.78,3.92,700
2019-05-10,3.88,3.88,3.88,3.88,200
2019-05-13,3.83,3.83,3.83,3.83,4000
2019-05-14,3.83,3.88,3.83,3.88,3200
2019-05-15,3.88,3.88,3.88,3.88,2000
2019-05-16,3.97,4.06,3.97,4.06,2100
2019-05-17,3.83,3.83,3.83,3.83,300
2019-05-20,3.92,3.92,3.92,3.92,200
2019-05-21,3.92,3.92,3.92,3.92,100
2019-05-22,3.92,3.92,3.92,3.92,0
2019-05-23,3.92,3.92,3.92,3.92,0
2019-05-24,3.97,3.97,3.97,3.97,100
2019-05-27,3.83,3.83,3.78,3.78,1100
2019-05-28,3.97,3.97,3.78,3.78,2100
2019-05-29,4.02,4.02,4.02,4.02,2400
2019-05-30,3.97,4.3,3.97,3.97,3500
2019-05-31,3.97,3.97,3.97,3.97,0
2019-06-03,3.97,3.97,3.83,3.92,700
2019-06-04,3.78,4.02,3.78,4.02,400
2019-06-05,3.83,4.02,3.74,4.02,6000
2019-06-06,4.02,4.02,4.02,4.02,0
2019-06-07,4.02,4.02,4.02,4.02,0
2019-06-10,3.83,3.83,3.83,3.83,300
2019-06-11,3.83,4.02,3.83,4.02,2600
2019-06-12,3.83,3.83,3.83,3.83,2000
2019-06-13,4.02,4.02,4.02,4.02,100
2019-06-14,3.83,3.97,3.64,3.97,20000
2019-06-17,3.97,3.97,3.97,3.97,300
2019-06-18,4.34,4.34,4.34,4.34,100
2019-06-19,4.34,4.34,4.34,4.34,0
2019-06-20,4.06,4.06,4.06,4.06,100
2019-06-21,3.78,3.92,3.78,3.92,300
2019-06-24,3.83,4.06,3.83,4.06,11600
2019-06-25,4.06,4.06,4.06,4.06,0
2019-06-26,4.02,4.02,3.88,3.88,2000
2019-06-27,3.88,3.88,3.88,3.88,12100
2019-06-28,3.88,3.88,3.88,3.88,7
2019-07-01,3.88,3.88,3.88,3.88,0
2019-07-02,3.88,3.88,3.88,3.88,300
2019-07-03,3.88,3.88,3.88,3.88,0
2019-07-04,4.02,4.02,4.02,4.02,100
2019-07-05,4.02,4.02,4.02,4.02,0
2019-07-08,3.97,3.97,3.97,3.97,5000
2019-07-09,3.97,3.97,3.97,3.97,0
2019-07-10,3.97,3.97,3.97,3.97,0
2019-07-11,3.97,3.97,3.97,3.97,20
2019-07-12,3.88,3.97,3.88,3.97,1800
2019-07-15,3.92,3.92,3.92,3.92,1100
2019-07-16,3.88,3.97,3.88,3.97,4800
2019-07-17,3.97,3.97,3.97,3.97,1700
2019-07-18,3.97,3.97,3.97,3.97,0
2019-07-19,3.92,3.92,3.92,3.92,600
2019-07-22,3.92,3.92,3.83,3.83,2200
2019-07-23,3.92,3.97,3.83,3.92,9000
2019-07-24,3.92,3.97,3.92,3.92,8500
2019-07-25,3.97,3.97,3.92,3.97,1500
2019-07-26,3.97,4.06,3.97,4.02,10300
2019-07-29,4.06,4.2,4.06,4.16,5324
2019-07-30,4.16,4.16,4.16,4.16,0
2019-07-31,4.02,4.06,3.88,4.06,3500
2019-08-01,4.11,4.16,4.11,4.16,1000
2019-08-02,4.16,4.2,4.16,4.2,2000
2019-08-05,4.06,4.06,4.02,4.02,5200
2019-08-06,4.02,4.02,4.02,4.02,46
2019-08-07,3.92,3.92,3.92,3.92,100
2019-08-08,3.92,3.92,3.92,3.92,4500
2019-08-09,3.97,3.97,3.97,3.97,3000
2019-08-12,3.97,3.97,3.97,3.97,0
2019-08-13,3.97,4.02,3.97,3.97,4018
2019-08-14,3.97,4.2,3.97,4.2,800
2019-08-15,3.97,4.16,3.97,4.16,5100
2019-08-16,4.16,4.3,4.16,4.3,500
2019-08-19,4.06,4.06,4.06,4.06,100
2019-08-20,4.06,4.06,4.06,4.06,10700
2019-08-21,4.11,4.39,4.11,4.39,5100
2019-08-22,4.06,4.3,4.06,4.3,2100
2019-08-23,4.44,4.44,4.25,4.39,1800
2019-08-26,4.62,4.62,4.25,4.58,12005
2019-08-27,4.58,4.62,4.58,4.58,1922
2019-08-28,4.62,4.62,4.25,4.58,4510
2019-08-29,4.58,4.58,4.39,4.53,6700
2019-08-30,4.53,4.58,4.48,4.58,18400
2019-09-03,4.62,4.86,4.62,4.67,54325
2019-09-04,4.62,4.62,4.58,4.58,10800
2019-09-05,4.74,4.74,4.41,4.41,15300
2019-09-06,4.41,4.52,4.41,4.41,13200
2019-09-09,4.41,4.85,4.41,4.85,11700
2019-09-10,4.58,4.69,4.52,4.52,1200
2019-09-11,4.47,4.69,4.47,4.69,3900
2019-09-12,4.69,4.74,4.69,4.74,6000
2019-09-13,4.41,4.69,4.41,4.69,4100
2019-09-16,4.69,4.69,4.52,4.63,5010
2019-09-17,4.52,4.63,4.47,4.63,9326
2019-09-18,4.47,4.52,4.47,4.52,4700
2019-09-19,4.63,4.69,4.63,4.69,9500
2019-09-20,4.69,4.74,4.69,4.74,35200
2019-09-23,4.74,4.74,4.69,4.69,6800
2019-09-24,4.74,4.85,4.74,4.74,12005
2019-09-25,4.74,4.85,4.69,4.85,20300
2019-09-26,4.85,4.91,4.47,4.8,14000
2019-09-27,4.8,4.8,4.8,4.8,6900
2019-09-30,4.36,4.96,4.36,4.96,400
2019-10-01,4.96,4.96,4.91,4.96,1000
2019-10-02,4.91,4.91,4.69,4.69,4500
2019-10-03,4.85,4.85,4.85,4.85,600
2019-10-04,4.85,4.85,4.85,4.85,28
2019-10-07,4.69,4.85,4.69,4.85,1000
2019-10-08,4.85,4.85,4.74,4.74,8000
2019-10-09,4.74,4.96,4.74,4.8,10200
2019-10-10,4.8,4.8,4.8,4.8,4300
2019-10-11,4.8,4.96,4.8,4.91,3000
2019-10-14,4.96,4.96,4.8,4.96,4700
2019-10-15,4.8,4.8,4.69,4.69,19000
2019-10-16,4.85,4.91,4.69,4.69,1200
2019-10-17,4.85,4.85,4.85,4.85,150
2019-10-18,4.91,4.91,4.91,4.91,137
2019-10-21,4.69,4.85,4.69,4.8,1280
2019-10-22,4.36,4.85,4.36,4.85,600
2019-10-23,4.8,4.85,4.8,4.85,7300
2019-10-24,4.8,4.85,4.8,4.85,3600
2019-10-25,4.8,4.8,4.8,4.8,4500
2019-10-28,4.8,4.8,4.8,4.8,0
2019-10-29,4.8,4.8,4.8,4.8,0
2019-10-30,4.58,4.58,4.58,4.58,1400
2019-10-31,4.69,4.69,4.69,4.69,200
2019-11-01,4.63,4.63,4.63,4.63,3100
2019-11-04,4.63,4.74,4.63,4.74,2120
2019-11-05,4.63,4.74,4.63,4.74,5971
2019-11-06,4.8,4.8,4.8,4.8,100
2019-11-07,4.36,4.74,4.36,4.58,400
2019-11-08,4.74,4.74,4.74,4.74,300
2019-11-11,4.74,4.74,4.74,4.74,0
2019-11-12,4.58,4.58,4.58,4.58,300
2019-11-13,4.58,4.58,4.58,4.58,0
2019-11-14,4.58,4.58,4.58,4.58,0
2019-11-15,4.58,4.58,4.58,4.58,100
2019-11-18,4.58,4.58,4.58,4.58,1300
2019-11-19,4.58,4.58,4.52,4.52,2400
2019-11-20,4.47,4.69,4.41,4.69,2100
2019-11-21,4.69,4.69,4.69,4.69,0
2019-11-22,4.69,4.69,4.69,4.69,0
2019-11-25,4.69,4.69,4.69,4.69,0
2019-11-26,4.69,4.69,4.69,4.69,0
2019-11-27,4.47,4.47,4.41,4.41,5000
2019-11-28,4.47,4.47,4.41,4.41,7100
2019-11-29,4.58,4.58,4.58,4.58,1400
2019-12-02,4.58,4.69,4.41,4.69,4200
2019-12-03,4.41,4.41,4.41,4.41,4000
2019-12-04,4.41,4.69,4.41,4.69,6500
2019-12-05,4.41,4.69,4.41,4.69,2500
2019-12-06,4.41,4.41,4.41,4.41,400
2019-12-09,4.41,4.58,4.3,4.58,14200
2019-12-10,4.36,4.58,4.3,4.58,20100
2019-12-11,4.36,4.36,4.3,4.3,25000
2019-12-12,4.52,4.52,4.25,4.52,30200
2019-12-13,4.47,4.52,4.25,4.52,38700
2019-12-16,4.3,4.52,4.25,4.52,60200
2019-12-17,4.3,4.41,4.3,4.41,8380
2019-12-18,4.41,4.41,4.41,4.41,1000
2019-12-19,4.52,4.52,4.41,4.41,4900
2019-12-20,4.41,4.41,4.41,4.41,5100
2019-12-23,4.41,4.47,4.41,4.47,700
2019-12-24,4.69,4.8,4.69,4.8,4000
2019-12-25,4.47,4.47,4.47,4.47,200
2019-12-26,4.47,4.58,4.47,4.47,900
2019-12-27,4.47,4.74,4.47,4.74,1600
2019-12-30,4.74,4.85,4.74,4.85,600
2019-12-31,4.74,5.02,4.74,5.02,7200
2020-01-02,5.02,5.02,5.02,5.02,5610
2020-01-03,4.63,4.63,4.63,4.63,100
2020-01-06,4.63,4.63,4.63,4.63,7200
2020-01-07,4.63,4.63,4.63,4.63,20
2020-01-08,4.63,4.63,4.63,4.63,1010
2020-01-09,4.8,4.8,4.8,4.8,110
2020-01-10,4.8,4.8,4.8,4.8,0
2020-01-13,4.8,4.8,4.8,4.8,0
2020-01-14,4.8,4.8,4.8,4.8,0
2020-01-15,4.58,4.74,4.58,4.74,2100
2020-01-16,4.74,4.74,4.74,4.74,0
2020-01-17,4.96,5.07,4.36,5.07,4211
2020-01-20,4.63,4.91,4.63,4.91,200
2020-01-21,4.91,4.91,4.91,4.91,0
2020-01-22,4.91,4.91,4.69,4.91,11200
2020-01-30,4.74,4.74,4.74,4.74,1700
2020-01-31,4.3,4.58,4.3,4.58,10300
2020-02-03,4.58,4.58,4.58,4.58,6200
2020-02-04,4.14,4.91,4.14,4.91,200
2020-02-05,4.63,4.91,4.63,4.91,2600
2020-02-06,4.69,4.91,4.63,4.91,8200
2020-02-07,4.85,4.85,4.69,4.8,6712
2020-02-10,4.91,4.91,4.91,4.91,100
2020-02-11,4.85,4.85,4.85,4.85,100
2020-02-12,4.91,4.91,4.91,4.91,100
2020-02-13,4.91,4.91,4.91,4.91,0
2020-02-14,4.91,4.91,4.91,4.91,2
2020-02-17,4.91,4.91,4.91,4.91,0
2020-02-18,4.96,4.96,4.96,4.96,200
2020-02-19,4.74,4.91,4.74,4.91,200
2020-02-20,4.91,4.91,4.91,4.91,0
2020-02-21,4.74,4.96,4.74,4.96,2100
2020-02-24,4.63,4.85,4.63,4.85,600
2020-02-25,4.91,4.91,4.91,4.91,100
2020-02-26,4.91,4.91,4.91,4.91,0
2020-02-27,4.91,4.91,4.91,4.91,0
2020-02-28,4.91,4.91,4.91,4.91,0
2020-03-02,4.96,4.96,4.96,4.96,100
2020-03-03,5.07,5.07,5.07,5.07,100
2020-03-04,5.07,5.07,5.07,5.07,0
2020-03-05,5.07,5.07,5.07,5.07,0
2020-03-06,5.07,5.07,5.07,5.07,0
2020-03-09,4.8,4.91,4.69,4.91,1600
2020-03-10,4.91,4.91,4.91,4.91,0
2020-03-11,4.91,4.91,4.91,4.91,100
2020-03-12,4.91,4.91,4.91,4.91,0
2020-03-13,4.91,4.91,4.91,4.91,0
2020-03-16,4.91,4.91,4.91,4.91,0
2020-03-17,4.8,4.8,4.58,4.8,1200
2020-03-18,4.8,4.8,4.8,4.8,0
2020-03-19,4.8,4.8,4.8,4.8,2500
2020-03-20,4.69,4.69,4.69,4.69,2000
2020-03-23,4.63,4.63,4.58,4.58,2000
2020-03-24,4.41,4.69,4.41,4.69,806
2020-03-25,4.69,4.69,4.69,4.69,0
2020-03-26,4.69,4.69,4.69,4.69,0
2020-03-27,4.69,4.69,4.69,4.69,0
2020-03-30,4.69,4.69,4.69,4.69,0
2020-03-31,4.41,4.41,4.41,4.41,3100
2020-04-01,4.36,4.36,4.36,4.36,100
2020-04-03,4.41,4.41,4.41,4.41,206
2020-04-06,4.41,4.41,4.3,4.41,9400
2020-04-07,4.41,4.41,4.36,4.41,2400
2020-04-08,4.41,4.41,4.41,4.41,40
2020-04-09,4.47,4.47,4.47,4.47,100
2020-04-10,4.47,4.47,4.47,4.47,100
2020-04-13,4.47,4.47,4.47,4.47,200
2020-04-14,4.47,4.47,4.47,4.47,0
2020-04-15,4.47,4.47,4.47,4.47,300
2020-04-16,4.58,4.58,4.58,4.58,100
2020-04-17,4.52,4.52,4.52,4.52,100
2020-04-20,4.52,4.52,4.52,4.52,0
2020-04-21,4.41,4.41,4.41,4.41,1000
2020-04-22,4.47,4.47,4.47,4.47,2200
2020-04-23,4.47,4.47,4.47,4.47,1300
2020-04-24,4.47,4.47,4.47,4.47,0
2020-04-27,4.47,4.47,4.47,4.47,711
2020-04-28,4.47,4.47,4.47,4.47,5000
2020-04-29,4.47,4.47,4.47,4.47,0
2020-05-04,4.47,4.47,4.47,4.47,3800
2020-05-05,4.47,4.47,4.47,4.47,1010
2020-05-06,4.52,4.85,4.52,4.63,12301
2020-05-07,4.74,4.74,4.74,4.74,100
2020-05-08,4.58,4.8,4.58,4.8,4226
2020-05-11,4.8,4.8,4.8,4.8,0
2020-05-12,4.8,4.8,4.8,4.8,96
2020-05-13,4.8,4.8,4.8,4.8,0
2020-05-14,4.8,4.8,4.8,4.8,0
2020-05-15,4.69,4.69,4.69,4.69,1670
2020-05-18,4.69,4.69,4.69,4.69,1000
2020-05-19,4.63,4.63,4.47,4.47,7000
2020-05-20,4.69,4.69,4.69,4.69,4000
2020-05-21,4.8,4.8,4.8,4.8,2500
2020-05-22,4.8,4.8,4.8,4.8,2500
2020-05-25,4.8,5.07,4.8,5.07,600
2020-05-26,5.46,5.46,5.18,5.18,640
2020-05-27,5.13,5.13,5.13,5.13,200
2020-05-28,5.13,5.13,5.13,5.13,93
2020-05-29,5.13,5.13,5.13,5.13,0
2020-06-01,5.13,5.13,5.13,5.13,0
2020-06-02,4.69,4.69,4.69,4.69,10156
2020-06-03,5.07,5.07,5.07,5.07,100
2020-06-04,4.74,5.13,4.74,5.13,400
2020-06-05,4.74,4.85,4.69,4.85,4200
2020-06-08,4.69,4.69,4.69,4.69,1900
2020-06-09,4.69,4.69,4.69,4.69,300
2020-06-10,4.69,4.69,4.69,4.69,0
2020-06-11,4.69,4.69,4.69,4.69,0
2020-06-12,4.41,4.8,4.41,4.8,606
2020-06-15,4.52,4.74,4.52,4.74,2500
2020-06-16,4.8,5.13,4.8,5.13,830
2020-06-17,5.13,5.13,5.13,5.13,0
2020-06-18,4.63,4.63,4.63,4.63,500
2020-06-19,4.8,4.8,4.8,4.8,100
2020-06-22,4.74,4.74,4.74,4.74,3000
2020-06-23,4.91,4.91,4.74,4.74,1100
2020-06-24,4.91,4.91,4.91,4.91,230
2020-06-25,4.96,4.96,4.96,4.96,100
2020-06-26,5.02,5.02,4.74,5.02,800
2020-06-29,4.74,5.13,4.74,5.13,300
2020-06-30,5.13,5.13,5.13,5.13,0
2020-07-01,5.13,5.13,5.13,5.13,0
2020-07-02,5.13,5.13,5.13,5.13,0
2020-07-03,5.46,5.46,4.74,5.35,400
2020-07-06,5.35,5.35,5.35,5.35,0
2020-07-07,5.35,5.35,5.35,5.35,0
2020-07-08,5.35,5.35,5.35,5.35,0
2020-07-09,5.35,5.35,5.35,5.35,0
2020-07-10,5.35,5.35,5.35,5.35,0
2020-07-13,5.35,5.35,5.35,5.35,0
2020-07-14,5.24,5.24,5.24,5.24,4000
2020-07-15,5.35,5.35,5.35,5.35,100
2020-07-16,5.35,5.35,5.35,5.35,0
2020-07-17,5.35,5.35,5.35,5.35,0
2020-07-20,5.35,5.35,5.35,5.35,0
2020-07-21,5.35,5.35,5.35,5.35,0
2020-07-22,4.96,5.13,4.96,5.13,5100
2020-07-23,4.96,5.63,4.96,5.63,2100
2020-07-24,5.07,5.07,5.07,5.07,100
2020-07-27,5.07,5.07,4.96,4.96,32730
2020-07-28,5.07,5.18,4.96,4.96,1200
2020-07-29,4.85,4.85,4.85,4.85,600
2020-07-30,4.74,5.07,4.74,5.02,3000
2020-07-31,5.02,5.02,5.02,5.02,3010
2020-08-03,5.02,5.07,5.02,5.07,12910
2020-08-04,5.07,5.13,4.85,5.07,35500
2020-08-05,5.46,5.46,5.13,5.18,17700
2020-08-06,4.96,5.18,4.85,5.13,1560
2020-08-07,5.02,5.02,5.02,5.02,2300
2020-08-10,4.85,4.96,4.85,4.96,3600
2020-08-11,4.96,4.96,4.85,4.85,600
2020-08-12,4.85,5.13,4.85,5.13,6500
2020-08-13,5.02,5.07,5.02,5.02,640
2020-08-14,4.91,4.91,4.85,4.85,6700
2020-08-17,4.85,4.85,4.69,4.85,12000
2020-08-18,4.74,4.85,4.69,4.85,4700
2020-08-19,4.85,4.85,4.85,4.85,14000
2020-08-20,4.85,4.96,4.85,4.91,8200
2020-08-21,4.85,4.85,4.8,4.85,1100
2020-08-24,4.91,4.91,4.85,4.91,400
2020-08-25,4.85,4.91,4.85,4.91,2100
2020-08-26,4.85,4.91,4.85,4.91,2501
2020-08-27,4.85,4.85,4.85,4.85,1000
2020-08-28,4.85,4.91,4.85,4.91,8300
2020-08-31,4.85,4.91,4.8,4.91,600
2020-09-01,4.91,4.91,4.91,4.91,0
2020-09-03,4.85,4.85,4.8,4.8,6000
2020-09-04,4.8,4.8,4.74,4.8,18100
2020-09-07,5.13,5.13,5.13,5.13,100
2020-09-08,5.13,5.13,5.13,5.13,0
2020-09-09,4.96,4.96,4.96,4.96,300
2020-09-10,4.85,4.85,4.85,4.85,6200
2020-09-11,4.85,4.85,4.69,4.69,5000
2020-09-14,4.69,5.07,4.69,4.91,17910
2020-09-15,4.91,4.96,4.91,4.96,42000
2020-09-16,4.91,4.96,4.85,4.96,25100
2020-09-17,4.91,4.96,4.91,4.96,13100
2020-09-18,4.91,4.96,4.85,4.96,3300
2020-09-21,4.91,4.96,4.91,4.96,8209
2020-09-22,4.91,5.02,4.91,5.02,31800
2020-09-23,4.96,4.96,4.96,4.96,9300
2020-09-24,4.96,4.96,4.96,4.96,3400
2020-09-25,4.91,4.96,4.91,4.96,10800
2020-09-28,4.91,4.96,4.91,4.96,14500
2020-09-29,4.91,4.96,4.91,4.96,8200
2020-09-30,4.91,4.96,4.91,4.96,12500
2020-10-01,4.91,4.96,4.91,4.96,11300
2020-10-02,4.96,4.96,4.96,4.96,27214
2020-10-05,4.91,5.02,4.91,5.02,33600
2020-10-06,5.02,5.02,5.02,5.02,10000
2020-10-07,5.02,5.41,5.02,5.24,115200
2020-10-08,5.24,5.74,5.24,5.74,335500
2020-10-09,5.96,6.29,5.85,6.29,250000
2020-10-12,6.51,6.51,6.01,6.45,243700
2020-10-13,6.18,6.29,6.01,6.12,73400
2020-10-14,6.18,6.23,6.01,6.12,72800
2020-10-15,6.07,6.18,5.9,5.96,62600
2020-10-16,5.96,5.96,5.79,5.96,41000
2020-10-19,5.96,5.96,5.79,5.9,34900
2020-10-20,5.9,5.9,5.63,5.79,92400
2020-10-21,6.37,6.37,5.47,5.6,55400
2020-10-22,5.6,5.6,5.47,5.6,12300
2020-10-23,5.6,5.79,5.6,5.79,46300
2020-10-26,5.66,5.66,5.6,5.6,10900
2020-10-27,5.6,5.6,5.53,5.53,17900
2020-10-28,5.53,5.53,5.41,5.47,35700
2020-10-29,5.47,5.53,5.47,5.53,3600
2020-10-30,5.53,5.6,5.47,5.53,16800
2020-11-02,5.53,5.66,5.53,5.6,26800
2020-11-03,5.66,5.66,5.53,5.6,24100
2020-11-04,5.66,5.66,5.6,5.66,5400
2020-11-05,5.66,5.66,5.53,5.6,24300
2020-11-06,5.66,5.66,5.21,5.53,102300
2020-11-09,5.53,5.6,5.53,5.6,8500
2020-11-10,5.53,5.66,5.53,5.66,21300
2020-11-11,5.6,5.66,5.53,5.66,20000
2020-11-12,5.6,5.6,5.53,5.53,19500
2020-11-13,5.6,5.6,5.47,5.6,38800
2020-11-16,5.6,5.6,5.41,5.47,205300
2020-11-17,5.53,5.66,5.41,5.66,94300
2020-11-18,5.73,5.92,5.66,5.86,59000
2020-11-19,5.86,5.86,5.73,5.86,116600
2020-11-20,5.86,5.98,5.79,5.98,68100
2020-11-23,6.05,6.05,5.92,5.98,31600
2020-11-24,5.98,6.05,5.86,5.98,68400
2020-11-25,5.98,5.98,5.86,5.92,32900
2020-11-26,5.92,6.11,5.92,5.98,82600
2020-11-27,5.98,6.11,5.98,6.05,4700
2020-11-30,6.05,6.11,5.98,6.05,31600
2020-12-01,5.98,6.11,5.92,6.11,37700
2020-12-02,6.11,6.18,6.05,6.18,52300
2020-12-03,6.11,6.18,6.05,6.18,14400
2020-12-04,6.05,6.18,6.05,6.18,26500
2020-12-07,6.18,6.44,6.18,6.44,124700
2020-12-08,6.44,6.44,6.37,6.37,16800
2020-12-09,6.37,6.44,6.24,6.37,38400
2020-12-10,6.31,6.31,6.18,6.24,46200
2020-12-11,6.18,6.37,6.18,6.37,7189
2020-12-14,6.24,6.31,6.18,6.31,23500
2020-12-15,6.31,6.37,6.24,6.31,15700
2020-12-16,6.31,6.76,6.31,6.69,85000
2020-12-17,6.69,6.76,6.56,6.76,41800
2020-12-18,6.82,6.82,6.63,6.63,9630
2020-12-21,6.63,6.63,6.56,6.63,5859
2020-12-22,6.63,6.63,6.5,6.63,20200
2020-12-23,6.63,6.63,6.44,6.63,99008
2020-12-24,6.63,6.69,6.37,6.5,19319
2020-12-25,6.44,6.63,6.44,6.5,5400
2020-12-28,6.5,6.95,6.5,6.82,83750
2020-12-29,6.82,7.21,6.82,7.21,89562
2020-12-30,7.21,7.27,7.21,7.21,21400
2020-12-31,7.08,7.21,7.08,7.21,51730
2021-01-04,7.21,7.21,7.08,7.14,23049
2021-01-05,7.01,7.21,7.01,7.14,60095
2021-01-06,7.27,7.79,7.27,7.79,96000
2021-01-07,7.72,7.85,7.66,7.79,59500
2021-01-08,7.79,7.79,7.59,7.66,65297
2021-01-11,7.72,7.72,7.59,7.66,27300
2021-01-12,7.66,8.04,7.4,7.92,182140
2021-01-13,7.92,8.04,7.66,7.66,35006
2021-01-14,7.66,8.04,7.66,7.92,129200
2021-01-15,7.79,7.79,7.59,7.66,51100
2021-01-18,7.79,7.79,7.53,7.66,11700
2021-01-19,7.53,7.66,7.08,7.4,41100
2021-01-20,7.27,7.47,7.27,7.47,2600
2021-01-21,7.27,7.53,7.27,7.53,11400
2021-01-22,7.53,7.53,7.4,7.4,13300
2021-01-25,7.4,7.4,7.27,7.4,17800
2021-01-26,7.27,7.47,7.08,7.27,22800
2021-01-27,7.14,7.14,6.95,7.08,25500
2021-01-28,6.82,6.95,6.37,6.56,103510
2021-01-29,6.56,6.82,6.24,6.82,21700
2021-02-01,6.95,6.95,6.44,6.76,31400
2021-02-02,6.76,6.89,6.69,6.69,4700
2021-02-03,6.69,6.95,6.69,6.95,20900
2021-02-04,6.89,7.01,6.82,6.95,3400
2021-02-05,6.95,7.01,6.95,6.95,37600
2021-02-08,7.08,7.08,6.76,6.76,26900
2021-02-09,6.89,7.4,6.89,7.27,18700
2021-02-17,7.34,7.47,7.34,7.4,58800
2021-02-18,7.4,7.4,7.34,7.4,23400
2021-02-19,7.4,7.47,7.4,7.47,26000
2021-02-22,7.47,7.66,7.47,7.47,48810
2021-02-23,7.47,7.47,7.4,7.4,7500
2021-02-24,7.53,7.59,7.27,7.34,36109
2021-02-25,7.4,7.47,7.27,7.4,25200
2021-02-26,7.4,7.4,7.4,7.4,7300
2021-03-01,7.4,7.47,7.4,7.4,52800
2021-03-02,7.53,7.85,7.4,7.85,87700
2021-03-03,7.85,8.11,7.85,8.04,64600
2021-03-04,8.04,8.04,7.66,7.92,14712
2021-03-05,7.79,7.92,7.72,7.85,30300
2021-03-08,7.92,8.04,7.79,8.04,53400
2021-03-09,8.04,8.04,7.85,7.85,21000
2021-03-10,8.04,8.04,7.79,7.92,15900
2021-03-11,8.04,8.04,7.85,7.98,19900
2021-03-12,7.98,8.04,7.85,7.98,10600
2021-03-15,7.92,7.92,7.92,7.92,3600
2021-03-16,7.92,8.11,7.92,8.04,57600
2021-03-17,8.04,8.17,7.98,8.11,19100
2021-03-18,8.11,8.11,7.98,8.04,16700
2021-03-19,7.92,8.04,7.92,8.04,31800
2021-03-22,7.92,7.92,7.72,7.85,104300
2021-03-23,7.79,7.79,7.66,7.72,34200
2021-03-24,7.59,7.59,7.34,7.53,102386
2021-03-25,7.47,7.53,7.4,7.53,16900
2021-03-26,7.47,7.53,7.47,7.53,16400
2021-03-29,7.4,7.53,7.4,7.47,25186
2021-03-30,7.53,7.79,7.47,7.66,45900
2021-03-31,7.66,7.72,7.53,7.53,16856
2021-04-01,7.53,7.66,7.4,7.66,14800
2021-04-02,7.66,7.66,7.53,7.66,21107
2021-04-05,7.66,7.66,7.4,7.59,10889
2021-04-06,7.53,7.53,7.4,7.53,18530
2021-04-07,7.66,7.66,7.34,7.53,36200
2021-04-08,7.53,7.53,7.47,7.53,37500
2021-04-09,7.53,7.53,7.47,7.53,36200
2021-04-12,7.59,7.59,7.47,7.53,67200
2021-04-13,7.53,7.66,7.47,7.59,67200
2021-04-14,7.59,7.59,7.47,7.59,19819
2021-04-15,7.53,7.53,7.4,7.47,27200
2021-04-16,7.4,7.4,7.14,7.4,29900
2021-04-19,7.4,7.4,7.27,7.34,19600
2021-04-20,7.4,7.53,7.27,7.27,13800
2021-04-22,7.27,7.27,7.14,7.21,17500
2021-04-23,7.14,7.14,7.08,7.14,13700
2021-04-26,7.14,7.14,6.95,7.01,19610
2021-04-27,6.95,7.01,6.95,6.95,20100
2021-04-28,6.89,7.01,6.89,7.01,13500
2021-04-29,7.01,7.01,6.95,7.01,12100
2021-05-04,6.95,7.08,6.89,7.08,18100
2021-05-05,7.08,7.14,7.01,7.14,38100
2021-05-06,7.08,7.14,7.01,7.08,42000
2021-05-07,7.01,7.08,6.95,6.95,28000
2021-05-10,6.95,6.95,6.89,6.95,17600
2021-05-11,6.95,7.08,6.69,7.01,23600
2021-05-12,7.01,7.01,7.01,7.01,400
2021-05-13,6.95,7.01,6.95,7.01,2300
2021-05-14,7.01,7.08,7.01,7.01,25900
2021-05-17,6.95,6.95,6.89,6.95,47519
2021-05-18,6.95,6.95,6.82,6.95,6000
2021-05-19,6.89,6.89,6.89,6.89,6900
2021-05-20,6.89,6.89,6.82,6.89,43600
2021-05-21,6.76,6.89,6.76,6.89,4500
2021-05-24,6.76,6.89,6.76,6.89,57700
2021-05-25,6.89,6.89,6.24,6.82,23924
2021-05-26,6.69,6.82,6.69,6.82,3800
2021-05-27,6.89,6.89,6.69,6.76,19500
2021-05-28,6.69,6.76,6.69,6.76,10700
2021-05-31,6.69,6.76,6.63,6.76,15400
2021-06-01,6.69,6.76,6.63,6.76,9624
2021-06-02,6.63,6.76,6.63,6.76,2800
2021-06-03,6.76,7.4,6.76,7.08,19700
2021-06-04,7.21,7.27,6.82,7.08,400
2021-06-07,7.01,7.01,6.95,7.01,1000
2021-06-08,7.01,7.08,6.76,7.01,12500
2021-06-09,6.82,7.01,6.82,7.01,1700
2021-06-10,7.01,7.01,7.01,7.01,100
2021-06-11,6.89,6.95,6.82,6.95,12000
2021-06-14,6.95,6.95,6.82,6.95,1200
2021-06-15,6.89,6.95,6.82,6.95,10800
2021-06-16,6.89,7.01,6.82,7.01,12905
2021-06-17,7.01,7.08,7.01,7.01,10800
2021-06-18,7.08,7.08,6.95,7.08,19600
2021-06-21,7.08,7.14,7.08,7.08,7300
2021-06-22,7.08,7.08,7.01,7.08,4000
2021-06-23,7.08,7.14,6.95,7.14,30450
2021-06-24,7.14,7.14,7.01,7.08,2600
2021-06-25,7.08,7.08,7.01,7.08,9600
2021-06-28,7.01,7.08,6.95,6.95,10500
2021-06-29,7.01,7.08,6.95,7.01,6600
2021-06-30,7.01,7.21,7.01,7.21,30800
2021-07-01,7.21,7.21,7.21,7.21,0
2021-07-02,6.95,7.14,6.89,7.14,11800
2021-07-05,7.08,7.14,6.82,6.95,14000
2021-07-06,7.01,7.01,7.01,7.01,100
2021-07-07,6.76,7.01,6.76,7.01,5200
2021-07-08,7.01,7.01,6.95,6.95,5900
2021-07-09,6.76,7.01,6.76,7.01,700
2021-07-12,6.95,6.95,6.76,6.76,88100
2021-07-13,7.01,7.01,6.95,6.95,3150
2021-07-14,7.01,7.01,7.01,7.01,100
2021-07-15,6.82,7.01,6.82,6.89,18600
2021-07-16,7.01,7.21,6.89,7.08,40100
2021-07-19,7.53,7.53,6.95,7.14,2442
2021-07-20,7.53,7.53,7.4,7.4,2200
2021-07-21,7.53,7.53,6.95,7.21,4600
2021-07-22,7.4,7.4,6.89,7.21,4900
2021-07-23,7.34,7.34,7.01,7.14,800
2021-07-26,7.01,7.14,6.95,7.14,2300
2021-07-27,7.14,7.14,7.14,7.14,400
2021-07-28,7.21,7.21,7.08,7.08,1400
2021-07-29,7.08,7.14,7.08,7.14,1200
2021-07-30,7.21,7.21,7.01,7.14,500
2021-08-02,7.08,7.14,7.08,7.14,4200
2021-08-03,7.14,7.14,7.01,7.08,8200
2021-08-04,7.01,7.14,7.01,7.01,7300
2021-08-05,7.08,7.08,6.95,7.08,6200
2021-08-06,7.08,7.08,7.01,7.08,3800
2021-08-09,7.14,7.14,7.08,7.14,9300
2021-08-10,7.14,7.21,7.14,7.21,3000
2021-08-11,7.21,7.21,7.08,7.21,6300
2021-08-12,7.14,7.27,7.08,7.21,8500
2021-08-13,7.27,7.4,7.21,7.4,39800
2021-08-16,7.4,7.66,7.4,7.53,18601
2021-08-17,7.53,7.66,7.53,7.66,19300
2021-08-18,7.72,7.72,7.53,7.59,20400
2021-08-19,7.59,7.66,7.47,7.59,25100
2021-08-20,7.92,7.92,7.4,7.47,42608
2021-08-23,7.4,7.59,7.34,7.4,9500
2021-08-24,7.53,7.53,7.27,7.4,11841
2021-08-25,7.59,7.59,7.34,7.34,200
2021-08-26,7.59,7.59,7.27,7.4,3200
2021-08-27,7.59,7.59,7.34,7.34,4200
2021-08-30,7.53,7.53,7.27,7.47,7200
2021-08-31,7.59,7.59,7.34,7.47,14400
2021-09-01,7.47,7.59,7.47,7.59,3100
2021-09-06,7.66,7.92,7.53,7.92,36200
2021-09-07,7.79,7.92,7.72,7.92,2612
2021-09-08,7.72,7.92,7.47,7.59,92318
2021-09-09,7.59,7.79,7.59,7.79,3800
2021-09-10,7.79,7.79,7.66,7.72,8700
2021-09-13,7.72,7.85,7.72,7.72,29200
2021-09-14,7.79,8.04,7.72,7.92,72100
2021-09-15,8.04,8.24,8.04,8.17,66000
2021-09-16,8.24,8.24,8.11,8.17,49900
2021-09-17,8.11,8.17,8.04,8.11,35214
2021-09-20,8.17,8.17,8.04,8.11,50500
2021-09-21,8.17,8.24,8.04,8.24,70148
2021-09-22,8.3,8.69,8.3,8.69,94900
2021-09-23,8.82,8.82,8.49,8.62,46470
2021-09-24,8.49,8.49,8.04,8.43,53826
2021-09-27,8.17,8.37,8.04,8.3,26200
2021-09-28,8.11,8.3,8.04,8.3,30248
2021-09-29,8.11,8.3,7.98,8.11,49926
2021-09-30,8.17,8.24,7.98,8.17,52400
2021-10-01,8.3,8.3,7.98,8.17,25400
2021-10-04,8.17,8.24,7.98,8.17,14860
2021-10-05,8.17,8.24,8.17,8.24,15900
2021-10-06,8.37,8.37,8.24,8.3,23654
2021-10-07,8.43,8.49,8.37,8.49,5300
2021-10-08,8.49,8.49,8.11,8.37,45006
2021-10-11,8.37,8.37,8.17,8.37,57700
2021-10-12,8.11,8.37,8.11,8.17,11000
2021-10-13,8.24,8.56,8.24,8.37,101700
2021-10-14,8.49,8.69,8.11,8.17,104440
2021-10-15,8.37,8.37,8.04,8.11,20203
2021-10-18,8.24,8.24,7.47,7.85,112200
2021-10-19,7.85,7.85,7.53,7.79,61000
2021-10-20,7.72,7.98,7.72,7.98,1670
2021-10-21,7.59,7.85,7.53,7.85,7600
2021-10-22,7.72,8.04,7.72,8.04,9300
2021-10-25,7.79,8.11,7.79,7.98,9000
2021-10-26,7.98,8.04,7.92,8.04,17000
2021-10-27,7.85,7.98,7.72,7.92,17100
2021-10-28,7.92,7.98,7.92,7.98,9100
2021-10-29,7.92,8.37,7.92,8.17,18900
2021-11-01,8.3,8.3,8.17,8.24,17100
2021-11-02,8.3,8.3,8.11,8.11,22000
2021-11-03,8.17,8.88,8.17,8.88,443386
2021-11-04,9.14,9.65,8.88,8.88,62272
2021-11-05,8.88,9.01,8.49,8.69,11300
2021-11-08,8.62,8.62,8.3,8.43,178800
2021-11-09,8.49,8.82,8.49,8.69,44206
2021-11-10,9.01,9.01,8.56,8.75,31500
2021-11-11,8.62,8.82,8.62,8.75,68200
2021-11-12,8.88,9.14,8.75,9.01,38700
2021-11-15,9.01,9.01,8.75,9.01,70800
2021-11-16,9.01,9.65,8.95,9.14,137365
2021-11-17,9.2,9.27,9.14,9.27,44969
2021-11-18,9.2,10.17,8.82,10.17,344400
2021-11-19,10.3,11.13,10.3,11.13,339700
2021-11-22,11.91,12.23,10.62,11.33,140500
2021-11-23,10.94,10.94,10.23,10.23,206800
2021-11-24,10.3,10.36,9.91,10.1,166501
2021-11-25,10.1,11.07,10.1,10.68,227430
2021-11-26,10.81,10.81,10.1,10.23,302040
2021-11-29,10.17,10.62,9.97,10.55,359890
2021-11-30,10.49,11.07,10.36,10.36,206300
2021-12-01,10.43,10.49,10.3,10.3,98300
2021-12-02,10.3,10.55,10.3,10.36,126700
2021-12-03,10.36,10.36,10.04,10.17,199500
2021-12-06,10.17,10.3,9.91,10.04,134300
2021-12-07,10.04,10.04,9.78,10.04,98600
2021-12-08,10.04,10.3,9.97,10.1,59600
2021-12-09,10.45,10.45,9.13,9.75,62400
2021-12-10,9.75,9.75,9.27,9.34,104200
2021-12-13,9.34,10.24,9.13,10.17,200690
2021-12-14,10.24,10.24,9.82,10.03,56400
2021-12-15,9.75,10.03,9.75,9.82,75197
2021-12-16,9.82,10.73,9.82,10.31,137413
2021-12-17,10.31,10.45,10.1,10.31,87036
2021-12-20,10.31,10.59,10.1,10.31,68300
2021-12-21,10.31,10.31,9.89,9.96,47400
2021-12-22,10.03,10.1,9.2,9.48,91975
2021-12-23,9.75,9.75,9.13,9.2,127700
2021-12-24,9.2,9.34,9.06,9.2,122001
2021-12-27,9.06,9.27,9.06,9.2,47100
2021-12-28,9.34,9.75,9.2,9.27,59200
2021-12-29,9.2,9.27,9.06,9.27,60300
2021-12-30,9.41,9.41,9.13,9.27,32700
2021-12-31,9.27,9.27,9.06,9.2,31400
2022-01-04,9.2,9.41,9.13,9.27,79900
2022-01-05,9.27,9.62,9.27,9.48,79600
2022-01-06,9.41,10.03,9.27,9.89,134600
2022-01-07,9.89,10.03,9.62,10.03,91200
2022-01-10,10.1,10.59,9.89,10.1,105500
2022-01-11,9.48,9.82,9.41,9.82,43700
2022-01-12,9.41,9.82,8.92,9.62,74700
2022-01-13,9.62,9.62,8.92,9.06,81300
2022-01-14,8.78,9.2,8.78,9.06,41600
2022-01-17,8.99,9.06,8.57,8.64,26300
2022-01-18,8.43,8.78,8.36,8.64,35200
2022-01-19,8.64,8.71,8.5,8.71,12100
2022-01-20,8.57,9.06,8.5,9.06,7900
2022-01-21,9.41,9.41,8.57,9.13,26000
2022-01-24,8.78,9.06,8.36,8.36,59300
2022-01-25,8.57,8.64,8.36,8.57,36400
2022-01-26,8.43,8.57,8.43,8.43,9900
2022-01-27,8.5,8.5,8.22,8.5,45800
2022-01-28,8.71,8.71,8.43,8.57,29700
2022-02-07,8.71,8.92,8.71,8.92,10300
2022-02-08,8.92,9.06,8.85,9.06,13900
2022-02-09,9.06,9.06,8.78,8.92,24261
2022-02-10,8.92,8.92,8.71,8.71,19800
2022-02-11,8.71,8.85,8.71,8.85,23900
2022-02-14,8.78,8.78,8.64,8.64,27600
2022-02-15,8.64,9.06,8.5,8.99,121100
2022-02-16,9.2,9.34,9.13,9.27,55959
2022-02-17,9.2,9.48,9.2,9.48,53500
2022-02-18,9.41,9.89,9.2,9.75,126800
2022-02-21,10.03,10.03,9.55,9.69,65200
2022-02-22,9.48,9.62,9.2,9.48,69000
2022-02-23,9.41,9.48,9.34,9.48,20960
2022-02-24,9.41,9.48,8.99,9.27,93700
2022-02-25,9.27,9.34,9.06,9.34,11900
2022-02-28,9.34,9.34,9.13,9.27,23900
2022-03-01,9.27,9.34,9.06,9.34,29000
2022-03-02,9.13,9.41,9.13,9.27,18300
2022-03-03,9.13,9.27,9.06,9.2,112400
2022-03-04,9.2,9.41,9.06,9.41,33200
2022-03-07,9.41,9.41,9.06,9.34,38593
2022-03-08,9.34,9.34,9.06,9.2,45000
2022-03-09,9.2,9.27,9.06,9.27,41900
2022-03-10,9.13,9.82,9.13,9.62,113677
2022-03-11,9.62,10.1,9.62,10.1,210800
2022-03-14,10.52,10.52,9.96,10.24,100720
2022-03-15,10.17,10.24,9.82,10.1,119133
2022-03-16,10.1,10.24,10.1,10.17,61885
2022-03-17,10.17,10.45,10.17,10.24,43856
2022-03-18,10.1,10.24,9.96,10.1,52729
2022-03-21,10.03,10.38,10.03,10.31,100901
2022-03-22,10.24,11.08,10.24,10.94,233251
2022-03-23,10.94,11.08,10.8,10.87,67000
2022-03-24,11.01,11.01,10.73,10.8,49500
2022-03-25,11.01,11.01,10.45,10.66,57200
2022-03-28,10.8,10.87,10.66,10.66,138700
2022-03-29,10.66,11.01,10.66,11.01,120900
2022-03-30,11.01,11.29,10.87,11.08,133800
2022-03-31,11.08,11.22,10.87,11.22,104901
2022-04-01,11.01,11.15,10.8,11.15,20795
2022-04-04,11.15,11.71,11.15,11.36,41311
2022-04-05,11.36,11.43,11.22,11.43,36300
2022-04-06,11.15,11.43,11.08,11.22,35700
2022-04-07,11.15,11.36,11.01,11.29,94600
2022-04-08,11.22,11.43,11.22,11.36,64200
2022-04-12,11.71,11.71,11.15,11.36,60231
2022-04-13,11.29,11.36,11.15,11.22,23116
2022-04-14,11.01,11.29,11.01,11.22,26175
2022-04-15,11.15,12.33,11.15,12.05,170200
2022-04-18,12.05,12.33,11.78,12.12,51587
2022-04-19,12.12,12.4,11.98,12.05,64600
2022-04-20,11.91,11.91,10.87,11.5,101200
2022-04-21,11.01,11.15,10.45,10.59,72700
2022-04-22,11.15,11.5,10.73,11.36,79500
2022-04-25,11.36,11.71,10.73,11.01,88400
2022-04-26,11.01,11.85,11.01,11.78,57950
2022-04-27,11.71,11.85,11.71,11.85,10900
2022-04-28,11.85,12.05,11.85,11.98,64500
2022-04-29,11.98,12.82,11.98,12.61,92800
2022-05-04,12.54,12.89,12.19,12.54,129212
2022-05-05,12.54,12.89,12.54,12.54,80600
2022-05-06,12.54,12.61,12.26,12.26,7441
2022-05-09,12.12,12.12,11.08,11.08,52900
2022-05-10,11.01,11.15,10.73,11.15,13400
2022-05-11,11.15,12.12,10.94,11.5,5400
2022-05-12,11.01,11.01,10.59,10.59,7800
2022-05-13,10.59,11.29,9.69,10.45,10600
2022-05-16,10.45,10.94,10.38,10.45,17300
2022-05-17,9.82,11.08,9.82,11.08,10400
2022-05-18,11.08,11.08,10.31,10.38,16800
2022-05-19,10.03,10.59,10.03,10.52,13800
2022-05-20,11.5,11.5,10.73,10.87,6000
2022-05-23,10.87,11.36,10.87,10.87,21600
2022-05-24,10.8,10.94,10.66,10.94,5200
2022-05-25,11.01,11.29,10.94,11.29,14300
2022-05-26,10.94,11.08,10.94,11.08,7300
2022-05-27,11.08,11.08,10.87,10.94,9100
2022-05-30,10.94,11.15,10.94,11.15,13600
2022-05-31,10.66,11.01,10.66,11.01,800
2022-06-01,11.01,11.08,10.73,11.08,20341
2022-06-02,10.59,10.94,10.45,10.94,12700
2022-06-03,10.8,10.87,10.8,10.8,9400
2022-06-06,10.94,11.22,10.66,11.08,25700
2022-06-07,11.01,11.01,10.45,10.73,8073
2022-06-08,10.73,10.8,10.59,10.8,27500
2022-06-09,11.15,11.5,10.59,10.94,21300
2022-06-10,10.8,10.87,10.8,10.87,6700
2022-06-13,10.52,10.8,10.45,10.8,6300
2022-06-14,9.75,10.8,9.75,10.52,5000
2022-06-15,10.45,10.52,9.96,10.24,10000
2022-06-16,10.66,10.66,10.31,10.52,5700
2022-06-17,10.45,10.45,10.45,10.45,832
2022-06-20,9.89,10.38,9.89,10.38,300
2022-06-21,9.41,10.38,9.41,10.38,2135
2022-06-22,9.41,11.08,9.41,10.31,3959
2022-06-23,9.34,10.73,9.34,10.03,6400
2022-06-24,9.75,10.24,9.75,10.1,16300
2022-06-27,9.89,10.1,9.89,10.1,2100
2022-06-28,9.89,10.24,9.89,10.17,11000
2022-06-29,10.1,10.38,10.1,10.38,13900
2022-06-30,9.82,10.38,9.82,10.38,700
2022-07-01,9.89,10.38,9.75,10.38,8050
2022-07-04,9.41,10.1,9.41,10.1,22201
2022-07-05,10.1,10.1,10.1,10.1,800
2022-07-06,10.1,10.1,10.1,10.1,0
2022-07-07,9.13,10.03,9.13,10.03,2700
2022-07-08,9.06,10.17,9.06,10.17,9600
2022-07-11,9.41,10.03,9.41,9.48,2000
2022-07-12,9.75,9.96,9.75,9.96,900
2022-07-13,10.24,10.24,9.89,10.1,1200
2022-07-14,9.41,10.1,9.41,10.03,436
2022-07-15,9.89,10.03,9.89,9.89,1900
2022-07-18,10.1,10.17,9.89,9.89,3900
2022-07-19,9.62,10.17,9.62,10.17,602
2022-07-20,10.03,10.03,10.03,10.03,300
2022-07-21,10.03,10.03,10.03,10.03,0
2022-07-22,9.13,10.17,9.13,10.17,5600
2022-07-25,9.27,10.38,9.27,10.38,4900
2022-07-26,9.48,10.38,9.48,10.38,610
2022-07-27,9.55,10.24,9.55,10.24,838
2022-07-28,9.41,10.45,9.41,10.45,300
2022-07-29,9.62,10.31,9.62,10.31,3210
2022-08-01,10.1,10.45,10.1,10.38,12500
2022-08-02,10.38,10.38,10.38,10.38,0
2022-08-03,9.55,10.52,9.55,10.52,300
2022-08-04,9.69,10.52,9.69,10.52,1200
2022-08-05,10.45,11.5,10.45,11.08,41500
2022-08-08,11.01,11.57,11.01,11.43,28100
2022-08-09,11.36,11.5,11.15,11.5,400
2022-08-10,11.43,11.5,11.36,11.36,3800
2022-08-11,11.36,11.36,11.22,11.22,11610
2022-08-12,11.22,11.36,11.22,11.36,200
2022-08-15,11.29,11.29,10.8,10.8,3210
2022-08-16,10.73,11.15,10.73,11.15,15200
2022-08-17,10.87,11.15,10.87,11.15,300
2022-08-18,11.15,11.15,11.15,11.15,0
2022-08-19,11.15,11.15,11.15,11.15,0
2022-08-22,10.8,10.8,10.52,10.52,6300
2022-08-23,10.66,11.29,10.66,11.29,600
2022-08-24,10.38,11.22,10.38,11.22,1600
2022-08-25,10.17,10.8,10.17,10.8,5600
2022-08-26,10.59,11.15,10.59,11.15,600
2022-08-29,10.45,10.59,10.45,10.52,2400
2022-08-30,10.45,10.94,10.45,10.94,2100
2022-08-31,10.31,10.73,10.31,10.73,3200
2022-09-05,10.73,10.73,10.73,10.73,0
2022-09-06,9.89,10.66,9.89,10.52,3300
2022-09-07,10.31,10.31,10.31,10.31,3300
2022-09-08,10.45,10.45,10.45,10.45,1000
2022-09-09,10.45,10.52,10.45,10.52,1000
2022-09-12,10.52,10.59,10.52,10.59,18501
2022-09-13,10.52,10.59,10.52,10.52,4896
2022-09-14,10.31,10.59,10.31,10.59,3504
2022-09-15,10.52,10.52,10.52,10.52,600
2022-09-16,10.24,10.52,10.24,10.52,9803
2022-09-19,10.45,10.52,10.45,10.45,18300
2022-09-20,11.36,11.5,11.08,11.08,51500
2022-09-21,11.78,11.78,11.08,11.08,6059
2022-09-22,10.8,11.08,10.66,11.08,4100
2022-09-23,11.15,11.43,11.08,11.43,4200
2022-09-26,11.15,11.15,11.01,11.08,2200
2022-09-27,11.08,11.08,11.08,11.08,0
2022-09-28,11.08,11.08,11.01,11.01,2916
2022-09-29,10.95,11.48,10.88,11.48,11574
2022-09-30,10.51,11.7,10.51,11.7,3100
2022-10-03,10.66,11.62,10.66,11.62,3200
2022-10-04,10.66,11.55,10.66,10.73,6400
2022-10-05,10.73,11.1,10.73,11.1,200
2022-10-06,10.13,10.8,10.13,10.8,1300
2022-10-07,9.76,10.66,9.76,10.66,4800
2022-10-10,9.91,10.43,9.91,10.43,700
2022-10-11,9.84,10.43,9.84,10.28,6400
2022-10-12,9.76,10.06,9.76,10.06,8100
2022-10-13,9.09,9.98,9.09,9.91,5850
2022-10-14,9.54,10.58,9.54,9.69,6342
2022-10-17,10.43,10.43,10.43,10.43,100
2022-10-18,10.43,10.95,10.43,10.95,200
2022-10-19,10.06,10.28,10.06,10.28,7000
2022-10-20,10.28,10.28,10.28,10.28,0
2022-10-21,11.18,11.18,9.69,10.8,8200
2022-10-24,9.91,10.51,9.76,10.51,13342
2022-10-25,9.46,10.21,9.46,10.13,4900
2022-10-26,10.13,10.13,10.13,10.13,2000
2022-10-27,9.31,10.21,9.31,10.21,3310
2022-10-28,9.91,10.21,9.91,10.21,1200
2022-10-31,10.21,10.21,9.69,9.69,400
2022-11-01,9.24,9.69,9.24,9.69,2536
2022-11-02,9.69,10.06,9.69,10.06,3900
2022-11-03,10.28,10.28,10.28,10.28,100
2022-11-04,10.28,10.28,10.28,10.28,36
2022-11-07,9.39,9.69,9.39,9.69,2800
2022-11-08,9.69,9.69,9.69,9.69,0
2022-11-09,9.69,9.69,9.69,9.69,100
2022-11-10,9.69,9.69,9.69,9.69,0
2022-11-11,8.72,10.58,8.72,10.58,500
2022-11-14,9.54,9.54,9.54,9.54,6100
2022-11-15,8.64,8.64,8.64,8.64,45700
2022-11-16,7.82,8.94,7.82,8.94,15900
2022-11-17,8.94,8.94,8.94,8.94,2000
2022-11-18,8.05,9.02,8.05,9.02,300
2022-11-21,8.2,9.02,8.2,9.02,400
2022-11-22,8.2,8.94,8.2,8.94,700
2022-11-23,8.2,8.49,8.2,8.49,1900
2022-11-24,7.97,7.97,7.97,7.97,1934
2022-11-25,8.27,8.27,8.27,8.27,100
2022-11-28,8.49,8.79,8.49,8.79,2600
2022-11-29,8.87,9.02,8.42,8.57,900
2022-11-30,8.64,9.39,8.64,9.39,5200
2022-12-01,9.39,9.39,9.39,9.39,0
2022-12-02,8.49,9.31,8.49,9.31,200
2022-12-05,8.49,9.39,8.49,9.39,200
2022-12-06,8.79,8.79,8.79,8.79,1900
2022-12-07,7.97,8.64,7.97,8.64,700
2022-12-08,9.46,9.46,8.94,8.94,308
2022-12-09,8.05,9.31,8.05,9.24,4500
2022-12-12,9.24,9.24,9.09,9.09,1600
2022-12-13,8.94,9.02,8.94,9.02,626
2022-12-14,9.02,9.02,9.02,9.02,0
2022-12-15,8.94,8.94,8.94,8.94,300
2022-12-16,8.79,9.02,8.79,9.02,1600
2022-12-19,9.02,9.02,9.02,9.02,0
2022-12-20,9.02,9.02,9.02,9.02,0
2022-12-21,9.02,9.02,9.02,9.02,0
2022-12-22,9.02,9.02,9.02,9.02,0
2022-12-23,9.02,9.02,9.02,9.02,0
2022-12-26,9.02,9.02,9.02,9.02,800
2022-12-27,8.57,8.94,8.57,8.94,700
2022-12-28,8.94,8.94,8.94,8.94,0
2022-12-29,8.94,8.94,8.94,8.94,400
2022-12-30,8.94,8.94,8.94,8.94,0
2023-01-03,8.57,8.94,8.57,8.94,2950
2023-01-04,9.17,9.17,9.17,9.17,100
2023-01-05,9.31,9.31,9.31,9.31,100
2023-01-06,8.64,9.39,8.64,9.39,3500
2023-01-09,8.94,9.46,8.94,9.46,13400
2023-01-10,9.46,9.46,9.46,9.46,0
2023-01-11,9.46,9.46,9.46,9.46,0
2023-01-12,9.46,9.46,9.46,9.46,0
2023-01-13,10.28,10.28,10.28,10.28,100
2023-01-16,10.28,10.28,10.28,10.28,0
2023-01-17,10.28,10.28,10.28,10.28,20
2023-01-18,10.28,10.28,10.28,10.28,0
2023-01-19,10.28,10.28,10.28,10.28,0
2023-01-27,10.28,10.28,10.28,10.28,0
2023-01-30,10.06,10.28,10.06,10.28,29400
2023-01-31,9.54,9.54,9.39,9.39,2000
2023-02-01,10.06,10.06,10.06,10.06,200
2023-02-02,9.69,9.69,9.17,9.69,400
2023-02-03,9.69,9.69,9.69,9.69,1300
2023-02-06,9.31,9.31,9.31,9.31,300
2023-02-07,9.31,9.31,9.24,9.24,600
2023-02-08,9.24,9.24,9.24,9.24,0
2023-02-09,9.02,9.17,9.02,9.17,1900
2023-02-10,9.09,9.09,9.09,9.09,1500
2023-02-13,9.02,9.02,9.02,9.02,1600
2023-02-14,9.02,9.02,9.02,9.02,0
2023-02-15,9.02,9.02,9.02,9.02,700
2023-02-16,9.09,9.09,9.09,9.09,200
2023-02-17,9.09,9.17,9.09,9.17,2200
2023-02-20,8.94,9.17,8.94,9.17,2100
2023-02-21,9.02,9.39,8.94,9.39,3100
2023-02-22,9.39,9.39,9.39,9.39,0
2023-02-23,9.39,9.39,9.39,9.39,0
2023-02-24,8.49,9.31,8.49,9.31,700
2023-02-27,8.57,9.31,8.42,9.31,4400
2023-02-28,9.31,9.31,9.31,9.31,100
2023-03-01,8.57,9.31,8.57,9.31,400
2023-03-02,9.31,9.31,9.31,9.31,0
2023-03-03,8.64,9.09,8.57,9.09,4900
2023-03-06,8.64,8.94,8.64,8.94,300
2023-03-07,8.94,8.94,8.94,8.94,100
2023-03-08,8.87,8.94,8.87,8.94,200
2023-03-09,8.94,8.94,8.94,8.94,0
2023-03-10,8.94,9.09,8.94,9.09,300
2023-03-13,8.94,9.17,8.94,9.17,600
2023-03-14,9.17,9.17,9.17,9.17,0
2023-03-15,8.94,8.94,8.94,8.94,100
2023-03-16,9.31,9.31,9.31,9.31,100
2023-03-17,8.42,9.09,8.42,9.09,200
2023-03-20,8.35,9.24,8.2,9.24,300
2023-03-21,9.24,9.24,9.24,9.24,0
2023-03-22,9.17,9.17,9.17,9.17,200
2023-03-23,9.17,9.17,9.17,9.17,0
2023-03-24,8.79,9.17,8.79,9.17,300
2023-03-27,9.17,9.17,9.17,9.17,16
2023-03-28,9.17,9.17,9.17,9.17,0
2023-03-29,9.17,9.17,9.17,9.17,0
2023-03-30,9.17,9.17,9.17,9.17,0
2023-03-31,8.35,9.17,8.35,9.17,200
2023-04-03,8.64,9.17,8.64,9.17,1100
2023-04-04,9.17,9.17,9.17,9.17,0
2023-04-05,8.72,8.72,8.72,8.72,9600
2023-04-06,8.94,8.94,8.94,8.94,100
2023-04-07,8.94,8.94,8.94,8.94,9
2023-04-10,8.57,8.57,8.27,8.27,14613
2023-04-11,8.42,8.79,7.6,8.79,1121
2023-04-12,8.79,8.79,8.79,8.79,0
2023-04-13,8.79,8.87,8.79,8.87,700
2023-04-14,8.42,8.42,8.42,8.42,200
2023-04-17,8.72,8.72,7.82,8.42,20900
2023-04-18,8.42,8.72,8.42,8.72,900
2023-04-19,8.79,8.79,8.79,8.79,129
2023-04-20,8.2,8.72,8.2,8.72,1041
2023-04-21,8.57,8.72,8.49,8.49,800
2023-04-24,8.64,8.64,8.64,8.64,100
2023-04-25,8.27,8.57,8.27,8.57,5300
2023-04-26,8.12,8.57,8.12,8.57,400
2023-04-27,8.72,8.72,8.72,8.72,100
2023-04-28,8.72,8.72,8.72,8.72,3
2023-05-04,8.2,8.79,7.9,8.79,4000
2023-05-05,8.57,8.79,8.57,8.79,4701
2023-05-08,8.79,8.79,8.2,8.72,6200
2023-05-09,8.42,8.72,8.2,8.72,1000
2023-05-10,8.72,8.72,8.72,8.72,0
2023-05-11,8.05,8.64,8.05,8.64,400
2023-05-12,8.2,8.64,8.2,8.64,2700
2023-05-15,8.27,8.64,8.27,8.64,500
2023-05-16,8.35,8.64,8.05,8.64,2300
2023-05-17,8.64,8.64,8.64,8.64,0
2023-05-18,8.2,8.2,8.2,8.2,100
2023-05-19,8.49,8.79,8.2,8.2,500
2023-05-22,8.57,8.79,8.57,8.72,6900
2023-05-23,8.72,8.72,8.72,8.72,0
2023-05-24,8.72,8.72,8.72,8.72,0
2023-05-25,8.72,8.72,8.72,8.72,210
2023-05-26,8.27,8.27,8.27,8.27,100
2023-05-29,8.72,8.72,8.72,8.72,309
2023-05-30,8.27,8.72,7.97,8.72,1700
2023-05-31,8.72,8.72,8.72,8.72,0
2023-06-01,8.72,8.72,8.72,8.72,0
2023-06-02,8.72,8.72,8.72,8.72,0
2023-06-05,8.72,8.72,8.72,8.72,0
2023-06-06,8.64,8.72,8.42,8.42,1000
2023-06-07,8.64,8.64,8.2,8.27,6400
2023-06-08,8.27,8.57,8.27,8.57,600
2023-06-09,8.57,8.79,8.57,8.79,1400
2023-06-12,8.79,8.87,8.79,8.79,2600
2023-06-13,8.57,8.57,8.57,8.57,12700
2023-06-14,8.94,8.94,8.42,8.42,1600
2023-06-15,8.42,8.94,8.42,8.94,1300
2023-06-16,8.94,8.94,8.57,8.94,23100
2023-06-19,9.09,9.09,9.09,9.09,100
2023-06-20,9.02,9.09,8.79,8.79,3700
2023-06-21,8.64,8.94,8.64,8.94,700
2023-06-22,9.17,9.17,9.17,9.17,500
2023-06-23,9.17,9.17,8.72,8.94,3900
2023-06-26,8.94,8.94,8.94,8.94,6000
2023-06-27,8.94,8.94,8.94,8.94,0
2023-06-28,8.94,8.94,8.94,8.94,1400
2023-06-29,8.94,8.94,8.94,8.94,0
2023-06-30,8.94,9.17,8.94,9.09,6800
2023-07-03,8.64,9.09,8.64,9.09,400
2023-07-04,9.09,9.17,9.09,9.17,3255
2023-07-05,8.64,9.02,8.42,8.94,12550
2023-07-06,8.94,8.94,8.94,8.94,100
2023-07-07,8.57,8.64,8.42,8.42,3400
2023-07-10,8.64,9.24,8.49,9.24,3101
2023-07-11,8.94,8.94,8.94,8.94,2050
2023-07-12,8.94,8.94,8.94,8.94,0
2023-07-13,8.79,8.94,8.79,8.94,1200
2023-07-14,8.94,8.94,8.94,8.94,10
2023-07-17,8.94,8.94,8.94,8.94,1400
2023-07-18,8.94,8.94,8.94,8.94,0
2023-07-19,8.79,8.94,8.79,8.94,3145
2023-07-20,8.79,9.02,8.79,9.02,3800
2023-07-21,9.02,9.02,9.02,9.02,0
2023-07-24,9.02,9.02,8.79,9.02,2800
2023-07-25,8.87,9.02,8.87,9.02,18400
2023-07-26,9.02,9.24,8.94,8.94,5501
2023-07-27,9.24,9.24,8.94,9.24,5701
2023-07-28,9.24,9.61,9.24,9.61,5000
2023-07-31,9.24,9.84,9.24,9.84,2200
2023-08-01,9.39,9.84,9.39,9.84,1200
2023-08-02,9.84,9.84,9.84,9.84,0
2023-08-03,9.31,9.39,9.31,9.39,6300
2023-08-04,9.39,9.39,9.31,9.39,9001
2023-08-07,9.46,9.46,9.46,9.46,101
2023-08-08,9.46,9.46,9.46,9.46,0
2023-08-09,9.46,9.46,9.09,9.46,4600
2023-08-10,9.46,9.46,9.46,9.46,0
2023-08-11,9.39,9.39,9.17,9.17,7700
2023-08-14,9.17,9.17,9.17,9.17,0
2023-08-15,8.79,9.24,8.79,9.24,10100
2023-08-16,9.54,9.54,9.54,9.54,100
2023-08-17,9.02,9.39,9.02,9.39,800
2023-08-18,9.39,9.39,9.39,9.39,0
2023-08-21,8.94,9.24,8.94,8.94,1600
2023-08-22,8.94,8.94,8.94,8.94,300
2023-08-23,9.02,9.02,8.87,8.87,6300
2023-08-24,9.39,9.39,9.39,9.39,100
2023-08-25,8.87,9.09,8.87,9.09,500
2023-08-28,9.17,9.54,9.17,9.54,10500
2023-08-29,9.31,9.31,9.17,9.17,1000
2023-08-30,9.31,9.31,9.17,9.17,1550
2023-08-31,9.31,9.54,8.94,9.54,5700
2023-09-05,9.54,9.54,9.54,9.54,49
2023-09-06,9.54,9.54,9.54,9.54,0
2023-09-07,9.17,9.46,9.17,9.46,200
2023-09-08,9.46,9.46,9.46,9.46,0
2023-09-11,9.46,9.46,9.46,9.46,1
2023-09-12,9.46,9.46,9.46,9.46,0
2023-09-13,9.39,9.39,9.31,9.31,1200
2023-09-14,9.31,9.31,9.31,9.31,200
2023-09-15,9.31,9.31,9.31,9.31,0
2023-09-18,9.31,9.31,9.31,9.31,0
2023-09-19,9.31,9.31,9.31,9.31,0
2023-09-20,9.24,9.24,9.24,9.24,1085
2023-09-21,9.24,9.24,8.87,9.17,5101
2023-09-22,8.87,8.87,8.57,8.57,37500
2023-09-25,8.57,8.87,8.57,8.87,2700
2023-09-26,8.87,8.87,8.2,8.57,13900
2023-09-27,8.35,8.35,8.35,8.35,500
2023-09-28,8.49,8.49,8.49,8.49,100
2023-09-29,8.2,8.49,8.2,8.49,4907
2023-10-02,8.27,8.72,8.27,8.72,1600
2023-10-03,8.49,8.49,8.49,8.49,1507
2023-10-04,8.42,8.49,8.42,8.42,30700
2023-10-05,8.42,8.42,8.42,8.42,8100
2023-10-06,8.2,8.2,8.2,8.2,11000
2023-10-09,8.42,8.42,8.42,8.42,5700
2023-10-10,8.49,8.49,8.49,8.49,17500
2023-10-11,8.49,8.79,8.49,8.79,1200
2023-10-12,8.64,8.72,8.49,8.72,13600
2023-10-13,8.64,8.64,8.57,8.57,7500
2023-10-16,8.72,8.72,8.72,8.72,1500
2023-10-17,8.72,8.72,8.72,8.72,0
2023-10-18,8.72,8.79,8.35,8.79,5300
2023-10-19,8.72,8.79,8.57,8.57,10201
2023-10-20,9.17,9.17,9.17,9.17,201
2023-10-23,9.17,9.17,9.17,9.17,0
2023-10-24,8.49,8.72,8.49,8.72,500
2023-10-25,8.72,8.72,8.64,8.64,5000
2023-10-26,8.57,8.57,8.42,8.42,6300
2023-10-27,8.57,8.57,8.57,8.57,1100
2023-10-30,8.57,8.57,8.57,8.57,0
2023-10-31,8.2,8.27,8.2,8.27,5600
2023-11-01,8.2,8.35,8.2,8.35,16900
2023-11-02,8.35,8.57,8.35,8.49,7400
2023-11-03,8.57,8.57,8.49,8.57,15300
2023-11-06,8.57,8.57,8.57,8.57,9710
2023-11-07,8.42,8.42,8.42,8.42,238
2023-11-08,8.72,8.72,8.72,8.72,3000
2023-11-09,8.72,8.72,8.72,8.72,42
2023-11-10,8.72,8.72,8.72,8.72,2000
2023-11-13,8.72,8.72,8.72,8.72,0
2023-11-14,8.72,8.72,8.72,8.72,0
2023-11-15,9.02,9.02,8.72,8.94,24900
2023-11-16,8.94,8.94,8.94,8.94,7700
2023-11-17,8.94,8.94,8.79,8.79,2606
2023-11-20,8.57,8.87,8.57,8.72,38100
2023-11-21,9.24,9.24,8.94,8.94,9701
2023-11-22,8.94,8.94,8.94,8.94,20900
2023-11-23,8.94,9.02,8.87,8.87,15800
2023-11-24,8.94,8.94,8.79,8.94,7000
2023-11-27,8.94,8.94,8.42,8.79,96500
2023-11-28,9.01,9.01,8.6,8.92,5100
2023-11-29,8.68,8.68,8.35,8.43,47050
2023-11-30,8.51,8.51,8.35,8.43,9700
2023-12-01,8.51,8.51,8.43,8.51,10201
2023-12-04,8.51,8.51,8.51,8.51,11809
2023-12-05,8.51,8.6,8.51,8.51,14100
2023-12-06,8.6,8.6,8.6,8.6,1657
2023-12-07,8.76,9.33,8.51,8.51,17541
2023-12-08,8.51,8.51,8.51,8.51,0
2023-12-11,8.51,8.6,8.51,8.51,7150
2023-12-12,8.76,8.76,8.51,8.51,16606
2023-12-13,8.6,8.6,8.43,8.51,20301
2023-12-14,8.6,8.6,8.6,8.6,500
2023-12-15,8.6,8.6,8.6,8.6,1000
2023-12-18,8.6,8.6,8.51,8.51,2200
2023-12-19,8.51,8.6,8.51,8.51,3100
2023-12-20,8.6,8.68,8.51,8.68,10200
2023-12-21,8.68,8.68,8.6,8.6,5400
2023-12-22,8.6,8.6,8.43,8.43,21900
2023-12-25,8.6,8.6,8.6,8.6,100
2023-12-26,8.6,8.6,8.51,8.51,10400
2023-12-27,8.51,8.51,8.51,8.51,12800
2023-12-28,8.6,8.6,8.43,8.43,200
2023-12-29,8.51,8.51,8.51,8.51,100
2024-01-02,8.51,8.51,8.51,8.51,41
2024-01-03,8.51,8.51,8.43,8.51,8100
2024-01-04,8.51,8.6,8.35,8.35,42102
2024-01-05,8.43,8.43,8.43,8.43,6700
2024-01-08,8.43,8.51,8.35,8.43,16807
2024-01-09,8.35,8.43,8.35,8.43,2229
2024-01-10,8.43,8.43,8.43,8.43,654
2024-01-11,8.51,8.6,8.43,8.51,37300
2024-01-12,8.51,8.51,8.51,8.51,24100
2024-01-15,8.6,8.6,8.51,8.51,5910
2024-01-16,8.51,9.01,8.51,9.01,4000
2024-01-17,8.68,8.68,8.68,8.68,100
2024-01-18,8.76,8.76,8.76,8.76,10800
2024-01-19,8.76,8.76,8.68,8.76,12900
2024-01-22,8.76,8.76,8.68,8.76,21000
2024-01-23,8.92,8.92,8.92,8.92,100
2024-01-24,8.92,8.92,8.92,8.92,0
2024-01-25,8.68,8.68,8.68,8.68,104
2024-01-26,8.68,8.68,8.68,8.68,5000
2024-01-29,8.68,8.84,8.6,8.84,17200
2024-01-30,8.84,8.84,8.68,8.68,5300
2024-01-31,8.68,8.68,8.68,8.68,100
2024-02-01,8.68,8.68,8.68,8.68,100
2024-02-02,9.33,9.33,8.76,8.76,800
2024-02-05,8.76,8.84,8.76,8.76,2700
2024-02-06,8.76,8.84,8.76,8.76,2200
2024-02-07,8.92,8.92,8.92,8.92,100
2024-02-15,8.92,8.92,8.68,8.68,2500
2024-02-16,8.92,8.92,8.84,8.84,1200
2024-02-19,8.76,8.76,8.68,8.76,5200
2024-02-20,8.76,8.76,8.76,8.76,1600
2024-02-21,8.92,8.92,8.84,8.84,400
2024-02-22,8.84,8.84,8.84,8.84,0
2024-02-23,8.76,8.76,8.68,8.76,2210
2024-02-26,8.84,8.92,8.76,8.92,1500
2024-02-27,8.92,9.58,8.92,8.92,1800
2024-02-28,8.92,8.92,8.92,8.92,500
2024-02-29,8.76,8.84,8.76,8.84,1601
2024-03-01,8.76,8.92,8.76,8.92,2401
2024-03-04,8.92,8.92,8.84,8.84,12501
2024-03-05,8.84,8.84,8.84,8.84,5223
2024-03-06,8.84,8.84,8.84,8.84,11100
2024-03-07,8.84,8.84,8.76,8.76,4700
2024-03-08,9.01,9.58,9.01,9.58,169300
2024-03-11,10.48,10.48,10.48,10.48,24626
2024-03-12,11.46,11.46,11.46,11.46,40700
2024-03-13,12.61,12.61,11.38,11.46,266800
2024-03-14,11.46,11.79,11.05,11.38,238300
2024-03-15,11.38,12.36,11.38,11.95,183671
2024-03-18,12.12,12.44,11.62,12.03,289633
2024-03-19,12.03,12.03,11.71,11.71,22200
2024-03-20,11.71,11.71,11.3,11.71,36342
2024-03-21,11.3,12.28,11.13,11.62,113003
2024-03-22,11.62,12.77,11.62,12.77,378309
2024-03-25,14.0,14.0,12.77,12.85,166004
2024-03-26,12.61,13.84,12.12,13.51,166869
2024-03-27,13.67,13.67,13.26,13.59,46506
2024-03-28,13.26,14.57,13.02,13.26,213321
2024-03-29,13.02,14.57,13.02,14.0,214248
2024-04-01,13.84,14.0,13.02,13.43,304488
2024-04-02,13.1,14.08,12.85,12.85,105000
2024-04-03,12.85,13.51,12.12,12.36,164300
2024-04-04,12.36,12.61,11.71,11.71,140113
2024-04-05,11.87,12.53,11.71,12.28,108664
2024-04-08,12.28,12.28,11.79,11.95,28400
2024-04-09,11.87,12.2,11.46,11.71,116711
2024-04-10,11.87,11.87,11.38,11.62,129691
2024-04-11,11.71,12.77,11.62,12.77,340935
2024-04-12,13.75,13.75,12.53,12.85,289481
2024-04-15,12.85,12.85,11.62,11.62,144273
2024-04-16,11.62,11.62,10.48,11.05,154301
2024-04-17,11.05,11.38,10.64,11.05,71800
2024-04-19,11.3,11.3,9.99,10.07,159900
2024-04-22,10.07,10.4,9.99,9.99,76800
2024-04-23,10.15,10.31,9.82,9.82,168100
2024-04-24,9.91,10.64,9.91,10.4,108300
2024-04-25,10.23,10.4,10.15,10.31,9100
2024-04-26,10.07,10.48,10.07,10.23,29000
2024-05-02,10.15,10.31,10.15,10.31,8706
2024-05-03,10.31,11.05,10.31,10.97,115500
2024-05-06,10.89,11.05,10.81,11.05,57000
2024-05-07,11.05,11.3,10.81,10.97,59300
2024-05-08,10.81,10.89,10.72,10.89,54690
2024-05-09,10.72,11.13,10.56,10.81,52623
2024-05-10,10.64,10.97,10.48,10.81,71535
2024-05-13,11.46,11.46,10.89,11.22,76400
2024-05-14,11.22,11.3,10.89,11.3,88600
2024-05-15,11.46,11.62,11.46,11.62,36900
2024-05-16,11.62,11.62,11.22,11.54,30300
2024-05-17,11.3,11.46,11.22,11.3,38100
2024-05-20,11.13,11.22,10.89,10.97,33302
2024-05-21,10.89,10.97,10.56,10.81,88142
2024-05-22,10.81,10.81,10.15,10.48,128121
2024-05-23,10.31,10.97,10.23,10.97,29100
2024-05-24,10.64,10.72,10.23,10.56,41000
2024-05-27,10.72,10.72,10.4,10.56,12082
2024-05-28,10.56,10.89,10.48,10.89,35800
2024-05-29,10.89,11.05,10.81,10.97,24000
2024-05-30,10.89,10.97,10.48,10.81,21300
2024-05-31,10.81,10.81,10.48,10.81,8300
2024-06-03,10.81,10.81,10.64,10.64,25118
2024-06-04,10.81,10.81,10.48,10.81,15300
2024-06-05,10.56,10.89,10.56,10.81,18515
2024-06-06,10.56,10.81,10.56,10.64,36100
2024-06-07,10.81,11.46,10.64,11.22,53100
2024-06-10,11.05,11.3,11.05,11.22,54905
2024-06-11,11.05,11.05,10.72,11.05,15800
2024-06-12,10.81,11.13,10.72,11.13,20800
2024-06-13,10.97,12.12,10.97,11.71,89500
2024-06-14,11.79,12.03,11.46,11.46,75800
2024-06-17,11.46,11.54,11.13,11.22,19731
2024-06-18,11.22,11.87,11.05,11.38,39700
2024-06-19,11.22,11.3,11.22,11.22,25300
2024-06-20,10.97,12.12,10.97,11.3,27400
2024-06-21,11.3,11.62,11.22,11.62,80000
2024-06-24,11.3,11.62,11.22,11.38,60970
2024-06-25,11.3,11.54,11.3,11.54,119600
2024-06-26,11.54,12.03,11.46,11.71,57700
2024-06-27,11.46,12.12,11.3,11.46,41700
2024-06-28,11.38,11.38,11.05,11.22,39800
2024-07-01,11.13,11.46,11.13,11.38,6900
2024-07-02,11.38,11.38,11.22,11.3,16500
2024-07-03,11.46,11.62,11.3,11.38,9500
2024-07-04,11.62,11.62,11.22,11.38,9700
2024-07-05,11.38,11.38,11.22,11.3,10200
2024-07-08,11.3,11.46,11.13,11.3,29300
2024-07-09,11.13,11.13,11.05,11.05,41346
2024-07-10,11.13,11.3,10.64,10.97,49300
2024-07-11,10.97,10.97,9.99,10.89,49205
2024-07-12,10.72,10.89,10.72,10.89,5800
2024-07-15,10.89,10.89,10.64,10.81,17600
2024-07-16,10.48,10.72,10.48,10.72,28600
2024-07-17,10.64,10.81,10.48,10.56,68900
2024-07-18,10.4,10.97,10.23,10.56,28270
2024-07-19,10.64,10.64,10.4,10.56,6402
2024-07-22,10.48,10.48,10.23,10.48,24100
2024-07-23,10.56,10.56,10.23,10.23,22311
2024-07-24,10.23,10.48,10.07,10.4,38425
2024-07-25,10.48,10.56,10.4,10.48,5200
2024-07-26,10.56,10.89,10.56,10.56,9500
2024-07-29,10.72,11.13,10.64,10.81,35506
2024-07-30,10.81,10.81,10.81,10.81,1500
2024-07-31,10.64,10.64,10.4,10.48,69311
2024-08-01,10.64,10.64,10.07,10.4,21000
2024-08-02,10.4,10.4,10.31,10.31,2700
2024-08-05,10.31,10.31,9.91,10.15,19100
2024-08-06,10.48,10.48,9.91,10.15,14000
2024-08-07,10.07,10.31,9.91,10.31,13000
2024-08-08,10.15,10.23,10.15,10.23,2244
2024-08-09,9.99,10.31,9.99,10.31,7670
2024-08-12,9.91,10.23,9.82,10.15,15700
2024-08-13,10.4,10.4,10.15,10.23,8310
2024-08-14,10.15,10.31,10.15,10.23,23900
2024-08-15,10.23,10.23,10.07,10.15,9800
2024-08-16,10.89,10.89,10.15,10.48,17900
2024-08-19,10.48,10.97,10.15,10.4,14205
2024-08-20,10.4,10.4,10.4,10.4,3000
2024-08-21,10.31,10.4,10.23,10.4,16800
2024-08-22,10.31,10.4,10.23,10.4,5700
2024-08-23,10.4,10.4,10.23,10.31,12107
2024-08-26,10.23,10.23,10.23,10.23,30113
2024-08-27,10.23,10.4,10.23,10.4,6400
2024-08-28,10.48,10.48,10.23,10.23,4400
2024-08-29,10.23,10.23,10.07,10.23,16300
2024-08-30,10.23,10.23,10.07,10.23,30600
2024-09-04,10.23,10.48,9.99,10.23,88360
2024-09-05,10.15,10.56,10.15,10.4,109700
2024-09-06,10.48,10.48,10.31,10.4,62500
2024-09-09,10.31,10.64,10.31,10.48,109800
2024-09-10,10.48,10.48,10.23,10.48,88500
2024-09-11,10.23,10.48,10.23,10.4,23567
2024-09-12,10.48,10.56,10.4,10.56,35300
2024-09-13,11.46,11.46,10.64,10.72,60440
2024-09-16,10.64,10.97,10.64,10.97,76127
2024-09-17,10.97,11.05,10.97,11.05,115610
2024-09-18,11.13,11.13,10.64,10.72,59028
2024-09-19,11.05,11.05,10.72,10.81,25777
2024-09-20,10.89,10.89,10.81,10.89,40601
2024-09-23,10.97,11.05,10.81,10.89,73736
2024-09-24,10.97,10.97,10.81,10.89,24406
2024-09-25,10.89,10.89,10.64,10.81,64600
2024-09-26,11.26,11.26,10.27,10.45,42883
2024-09-27,10.45,10.45,10.0,10.27,67648
2024-09-30,10.36,10.36,10.27,10.36,22755
2024-10-01,10.36,10.36,10.18,10.36,52350
2024-10-02,10.18,10.27,10.09,10.27,17331
2024-10-03,10.18,10.18,10.0,10.0,42509
2024-10-04,10.18,10.18,10.0,10.09,20315
2024-10-07,10.09,10.18,10.09,10.18,28724
2024-10-08,10.09,10.18,10.09,10.18,8100
2024-10-09,10.18,10.27,10.09,10.27,18445
2024-10-10,10.27,10.27,10.27,10.27,21
2024-10-11,10.18,10.18,10.18,10.18,7485
2024-10-14,10.09,10.18,10.09,10.18,7200
2024-10-15,10.18,10.18,9.91,10.0,23923
2024-10-16,10.09,10.18,10.0,10.09,3200
2024-10-17,10.09,10.18,10.09,10.18,4652
2024-10-18,10.09,10.18,10.09,10.18,14800
2024-10-21,10.18,10.18,10.0,10.09,23902
2024-10-22,10.09,10.18,9.73,10.18,20200
2024-10-23,10.18,10.18,10.18,10.18,141
2024-10-24,10.18,10.18,9.64,10.09,13643
2024-10-25,10.0,10.09,10.0,10.09,5900
2024-10-28,9.91,10.09,9.91,10.09,6300
2024-10-29,10.09,10.09,10.0,10.09,3900
2024-10-30,10.09,10.09,9.91,10.09,9900
2024-10-31,10.18,10.54,10.18,10.54,44700
2024-11-01,10.54,10.72,10.36,10.45,17000
2024-11-04,10.45,10.54,10.45,10.54,11210
2024-11-05,9.91,10.54,9.64,10.45,3300
2024-11-06,10.72,10.72,10.27,10.72,33013
2024-11-07,10.63,10.81,10.45,10.63,8100
2024-11-08,10.63,10.72,10.63,10.72,17600
2024-11-11,10.63,10.72,10.63,10.63,11056
2024-11-12,10.63,10.63,10.54,10.54,28105
2024-11-13,10.72,10.72,10.54,10.54,8200
2024-11-14,10.54,10.54,10.36,10.54,22512
2024-11-15,10.36,10.54,10.36,10.54,14257
2024-11-18,10.54,10.72,10.54,10.72,322
2024-11-19,10.63,10.63,10.45,10.45,15300
2024-11-20,10.45,10.45,10.45,10.45,0
2024-11-21,10.54,10.63,10.45,10.54,14500
2024-11-22,10.54,10.63,10.54,10.63,500
2024-11-25,10.54,10.72,10.45,10.54,2900
2024-11-26,10.54,10.63,10.54,10.63,4800
2024-11-27,10.72,11.26,10.72,10.72,1500
2024-11-28,10.72,10.72,10.72,10.72,3500
2024-11-29,10.72,10.72,10.72,10.72,0
2024-12-02,10.9,10.9,10.72,10.72,200
2024-12-03,10.9,10.9,10.36,10.54,11201
2024-12-04,10.18,10.54,10.0,10.54,7100
2024-12-05,10.18,10.72,10.18,10.54,9600
2024-12-06,10.63,10.63,10.27,10.54,900
2024-12-09,10.54,10.54,10.54,10.54,3001
2024-12-10,10.18,10.63,10.09,10.54,10700
2024-12-11,10.36,10.72,10.36,10.54,4900
2024-12-12,10.36,10.54,10.27,10.54,20200
2024-12-13,10.27,10.54,10.18,10.54,5500
2024-12-16,10.27,10.45,10.09,10.45,8800
2024-12-17,10.45,10.45,10.09,10.45,7000
2024-12-18,10.54,10.54,10.36,10.45,1200
2024-12-19,10.36,10.45,10.36,10.45,6000
2024-12-20,10.45,11.26,10.45,11.17,66720
2024-12-23,10.9,11.62,10.81,11.35,115847
2024-12-24,10.99,11.53,10.99,11.35,131800
2024-12-25,11.44,11.62,11.35,11.44,90455
2024-12-26,11.53,11.53,11.35,11.44,100000
2024-12-27,11.44,11.8,11.44,11.53,87758
2024-12-30,11.89,11.89,11.44,11.53,12605
2024-12-31,11.71,11.71,11.17,11.17,11800
2025-01-02,11.71,11.71,11.17,11.35,35800
2025-01-03,11.35,11.44,11.26,11.26,4323
2025-01-06,11.71,11.71,11.35,11.35,32600
2025-01-07,11.71,11.71,11.26,11.44,61100
2025-01-08,11.71,11.71,10.81,11.44,428600
2025-01-09,11.62,11.62,11.44,11.62,7100
2025-01-10,11.71,11.71,11.08,11.08,19250
2025-01-13,11.08,11.08,10.99,11.08,22200
2025-01-14,11.17,11.17,10.81,11.08,1800
2025-01-15,10.99,11.08,10.9,10.99,9800
2025-01-16,10.81,11.26,10.81,10.99,31402
2025-01-17,11.26,11.35,11.08,11.26,12707
2025-01-20,10.9,11.44,10.9,11.26,4931
2025-01-21,10.81,12.34,10.81,11.62,8500
2025-01-22,11.62,11.62,11.26,11.26,800
2025-01-23,11.62,11.62,11.53,11.53,3200
2025-01-24,11.62,11.62,11.26,11.53,9133
2025-02-03,11.62,11.71,11.17,11.53,82500
2025-02-04,11.53,11.62,11.35,11.62,17133
2025-02-05,11.8,11.8,11.44,11.62,9400
2025-02-06,11.71,12.16,11.53,12.16,32900
2025-02-07,11.98,12.43,11.98,12.34,76601
2025-02-10,12.34,13.15,12.34,12.79,168509
2025-02-11,12.79,13.24,12.52,12.97,64600
2025-02-12,13.52,13.52,12.52,12.79,16500
2025-02-13,13.06,13.06,12.16,12.61,143601
2025-02-14,12.61,12.88,12.43,12.61,17702
2025-02-17,12.61,12.61,12.16,12.16,64700
2025-02-18,12.43,12.61,12.16,12.43,33201
2025-02-19,12.34,12.34,12.16,12.25,27300
2025-02-20,12.16,12.52,12.16,12.25,27801
2025-02-21,12.52,12.52,12.16,12.43,10800
2025-02-24,12.43,12.43,12.07,12.25,21700
2025-02-25,12.25,12.43,12.16,12.34,11307
2025-02-26,12.07,12.25,11.98,12.25,33507
2025-02-27,11.98,12.25,11.98,12.25,12703
2025-02-28,12.34,12.34,12.16,12.34,12100
2025-03-03,12.34,12.52,12.34,12.34,14300
2025-03-04,12.34,12.43,12.16,12.34,10512
2025-03-05,12.34,12.43,12.16,12.43,20900
2025-03-06,12.43,12.61,12.34,12.43,2801
2025-03-07,12.34,12.43,12.34,12.34,300
2025-03-10,12.61,13.52,12.34,12.34,15901
2025-03-11,12.34,13.33,12.25,12.34,11500
2025-03-12,12.25,12.61,12.25,12.34,20201
2025-03-13,12.43,12.43,11.98,12.34,29200
2025-03-14,11.98,12.16,11.71,11.98,46509
2025-03-17,12.16,12.25,11.98,12.25,8100
2025-03-18,12.07,12.16,11.71,12.16,27900
2025-03-19,11.8,12.16,11.8,12.07,11700
2025-03-20,12.16,12.16,11.8,12.07,5900
2025-03-21,12.16,12.16,12.07,12.16,1700
2025-03-24,12.16,12.16,11.98,12.07,2800
2025-03-25,12.16,12.16,12.07,12.07,2100
2025-03-26,11.8,12.16,11.8,12.16,1100
2025-03-27,12.16,12.16,11.98,12.07,1700
2025-03-28,11.8,12.07,11.8,12.07,6300
2025-03-31,11.8,12.07,11.8,11.98,2600
2025-04-01,12.16,12.16,11.98,12.16,6400
2025-04-02,12.16,12.16,11.71,12.07,9300
2025-04-03,11.62,12.07,11.08,11.26,32300
2025-04-04,10.99,11.8,10.81,11.53,33000
2025-04-08,12.07,12.07,10.81,10.81,75300
2025-04-09,10.45,11.17,10.45,11.17,22700
2025-04-10,11.62,12.07,11.62,11.89,27900
2025-04-11,12.16,12.16,11.44,11.53,16801
2025-04-14,11.8,11.89,11.62,11.89,7100
2025-04-15,11.35,11.89,11.35,11.8,12400
2025-04-16,11.44,12.07,11.44,12.07,10508
2025-04-17,12.07,12.07,12.07,12.07,0
2025-04-18,11.71,12.07,11.71,11.8,1400
2025-04-21,12.16,12.16,11.8,11.8,2101
2025-04-22,11.98,11.98,11.8,11.98,3500
2025-04-23,11.98,11.98,11.8,11.98,3800
2025-04-24,12.16,12.16,11.71,11.98,2600
2025-04-25,11.8,12.07,11.8,11.98,6600
2025-04-28,12.16,12.16,11.98,12.07,14600
2025-04-29,12.07,12.16,12.07,12.16,10400
2025-05-05,12.61,12.61,11.98,11.98,11100
2025-05-06,12.16,12.16,11.98,12.07,15600
2025-05-07,11.98,11.98,11.8,11.89,16700
2025-05-08,12.07,12.07,11.8,11.98,31000
2025-05-09,12.16,12.16,11.71,11.98,21101
2025-05-12,12.16,12.25,12.07,12.16,86500
2025-05-13,12.16,12.52,11.89,12.16,38300
2025-05-14,12.34,12.7,12.34,12.61,164500
2025-05-15,12.61,12.7,12.25,12.7,78300
2025-05-16,12.97,13.61,12.97,13.61,233818
2025-05-19,13.7,13.7,13.15,13.52,77500
2025-05-20,13.61,13.61,13.06,13.52,68800
2025-05-21,13.52,13.52,13.15,13.42,25203
2025-05-22,13.42,13.42,12.79,13.33,29301
2025-05-23,13.61,13.61,12.97,13.24,29200
2025-05-26,13.52,13.52,12.97,13.24,45101
2025-05-27,13.06,13.24,12.88,13.24,111800
2025-05-28,13.06,13.06,12.79,12.88,74300
2025-05-29,12.79,13.06,12.7,12.79,61300
2025-05-30,12.79,12.79,12.43,12.43,44500
2025-06-02,12.61,12.61,12.34,12.61,145800
2025-06-03,12.7,12.79,12.34,12.79,148607
2025-06-04,12.61,12.79,12.43,12.43,61300
2025-06-05,12.52,12.52,12.25,12.43,65100
2025-06-06,12.52,12.52,12.34,12.52,12500
2025-06-09,12.43,12.52,12.43,12.52,19900
2025-06-10,13.15,13.15,12.52,12.61,22201
2025-06-11,12.52,12.61,12.43,12.43,17800
2025-06-12,12.7,12.7,12.52,12.7,40300
2025-06-13,12.61,12.97,12.16,12.52,304900
2025-06-16,12.43,12.61,12.07,12.61,362600
2025-06-17,12.61,12.61,12.34,12.43,40100
2025-06-18,12.34,12.61,12.34,12.43,30400
2025-06-19,12.43,12.43,12.34,12.43,19400
2025-06-20,12.34,12.43,12.25,12.25,24100
2025-06-23,12.25,12.34,12.16,12.16,16700
2025-06-24,12.34,12.34,12.16,12.25,20500
2025-06-25,12.25,12.34,12.25,12.34,15514
2025-06-26,12.34,12.34,12.25,12.34,12900
2025-06-27,12.25,12.25,12.16,12.25,69514
2025-06-30,12.07,12.25,12.07,12.25,33100
2025-07-01,12.34,12.34,12.16,12.25,2400
2025-07-02,12.43,12.43,11.98,12.25,27600
2025-07-03,12.25,12.52,12.16,12.34,19800
2025-07-04,12.34,12.34,12.16,12.16,47900
2025-07-07,12.34,12.34,12.16,12.25,10400
2025-07-08,12.43,12.43,12.16,12.25,26311
2025-07-09,12.25,12.34,12.16,12.34,33000
2025-07-10,12.34,12.34,12.25,12.25,2103
2025-07-11,12.25,12.34,12.25,12.25,63038
2025-07-14,12.61,12.61,12.25,12.25,31500
2025-07-15,12.34,12.34,12.16,12.25,47200
2025-07-16,12.16,12.25,12.16,12.25,18210
2025-07-17,12.34,12.79,12.25,12.43,16403
2025-07-18,12.25,12.43,12.25,12.34,6800
2025-07-21,12.43,12.52,12.34,12.52,85718
2025-07-22,12.52,12.61,12.43,12.43,3700
2025-07-23,12.34,12.43,12.25,12.43,17900
2025-07-24,12.43,13.61,12.43,12.61,23200
2025-07-25,12.61,12.7,12.61,12.61,49406
2025-07-28,12.61,12.7,12.52,12.61,53434
2025-07-29,12.52,12.52,12.34,12.34,31500
2025-07-30,12.61,12.61,12.52,12.52,1109
2025-07-31,12.61,12.61,12.34,12.52,31902
2025-08-01,12.52,12.52,12.34,12.43,9100
2025-08-04,12.43,12.43,12.25,12.25,9500
2025-08-05,12.34,12.43,12.25,12.43,107200
2025-08-06,12.43,12.43,12.34,12.43,6600
2025-08-07,12.43,12.43,12.34,12.43,2500
2025-08-08,12.43,12.52,12.34,12.43,27110
2025-08-11,12.52,12.52,12.43,12.43,20300
2025-08-12,12.52,12.7,12.52,12.61,21000
2025-08-13,12.61,12.7,12.52,12.61,46200
2025-08-14,13.06,13.06,12.61,12.79,19100
2025-08-15,12.79,12.79,12.52,12.61,57600
2025-08-18,12.88,12.88,12.43,12.61,8800
2025-08-19,12.61,12.79,12.52,12.61,14600
2025-08-20,12.97,12.97,12.52,12.52,33200
2025-08-21,12.79,12.79,12.43,12.43,33800
2025-08-22,12.43,12.61,12.43,12.61,17101
2025-08-25,12.61,12.7,12.43,12.52,14714
2025-08-26,12.61,12.61,12.43,12.61,14700
2025-08-27,13.06,13.42,12.61,12.7,25200
2025-08-28,12.52,13.42,12.52,12.79,50014
2025-08-29,13.33,13.33,12.79,12.88,15300
2025-09-03,12.88,12.97,12.79,12.97,31700
2025-09-04,12.88,12.97,12.79,12.97,24800
2025-09-05,12.88,13.24,12.88,13.15,91309
2025-09-08,12.97,12.97,12.79,12.88,23300
2025-09-09,13.06,13.33,12.97,13.33,100100
2025-09-10,13.33,13.52,13.15,13.24,14700
2025-09-11,13.24,13.24,13.06,13.24,66500
2025-09-12,13.33,14.51,13.24,13.7,349203
2025-09-15,13.7,14.06,13.7,13.79,102055
2025-09-16,13.79,13.79,13.42,13.52,92600
2025-09-17,13.52,13.52,13.24,13.42,87000
2025-09-18,13.52,13.61,13.24,13.42,78501
2025-09-19,13.42,13.42,13.33,13.42,16200
2025-09-22,13.42,13.42,12.16,13.06,318300
2025-09-23,13.33,13.33,12.79,12.88,114600
2025-09-24,13.5,13.5,12.5,12.7,148488
2025-09-25,12.7,12.7,12.3,12.4,50850
2025-09-26,12.4,12.4,12.3,12.4,25950
2025-09-29,12.3,12.6,12.3,12.3,26200
2025-09-30,12.3,12.5,12.2,12.4,19000
2025-10-01,12.4,12.5,12.2,12.5,13000
2025-10-02,12.5,13.2,12.5,12.6,61802
2025-10-03,12.5,12.8,12.5,12.6,6100
2025-10-06,12.7,12.7,12.5,12.5,6800
2025-10-07,12.5,12.6,12.4,12.6,23100
2025-10-08,12.5,12.6,12.4,12.6,31300
2025-10-09,12.6,12.6,12.5,12.6,16000
2025-10-10,12.4,12.6,12.4,12.5,52700
2025-10-13,12.3,12.5,12.3,12.4,30700
2025-10-14,12.4,12.5,12.3,12.4,33700
2025-10-15,12.3,13.0,12.3,12.6,21100
2025-10-16,12.5,12.6,12.3,12.5,1700
2025-10-17,12.6,12.7,12.3,12.6,25900
2025-10-20,12.6,12.6,12.3,12.3,16700
2025-10-21,12.3,12.3,11.9,12.3,64000
