time,open,high,low,close,volume
2010-09-16,26.6,26.6,18.5,19.2,15000
2010-09-17,19.2,20.0,17.9,19.0,18900
2010-09-20,18.9,18.9,18.9,18.9,1000
2010-09-21,17.8,18.3,17.6,17.7,21300
2010-09-22,17.0,18.9,16.5,18.9,14400
2010-09-23,18.5,18.6,18.3,18.3,3400
2010-09-24,17.8,18.0,17.8,18.0,2500
2010-09-27,17.3,18.0,17.0,17.5,4400
2010-09-28,17.1,17.2,17.0,17.0,2700
2010-09-29,16.1,16.1,16.0,16.1,4700
2010-09-30,15.7,16.0,15.7,16.0,3400
2010-10-01,15.6,16.9,15.4,16.9,1700
2010-10-04,16.9,16.9,16.9,16.9,0
2010-10-05,16.8,16.8,16.8,16.8,200
2010-10-06,16.8,16.8,16.8,16.8,0
2010-10-07,16.8,16.8,16.8,16.8,0
2010-10-08,15.7,15.7,15.7,15.7,300
2010-10-11,16.1,16.1,15.8,15.8,200
2010-10-12,15.0,15.0,15.0,15.0,1400
2010-10-13,15.7,15.7,14.1,15.7,1200
2010-10-14,15.8,15.8,15.8,15.8,100
2010-10-15,16.7,16.7,15.5,15.5,1100
2010-10-18,14.6,14.6,14.6,14.6,400
2010-10-19,13.6,13.6,13.6,13.6,400
2010-10-20,14.4,14.4,12.7,13.9,2200
2010-10-21,14.3,14.3,14.0,14.0,600
2010-10-22,14.6,14.6,14.6,14.6,200
2010-10-25,15.5,15.5,15.5,15.5,200
2010-10-26,14.9,15.5,14.7,15.5,8500
2010-10-27,15.4,15.4,13.9,13.9,4700
2010-10-28,13.9,13.9,13.9,13.9,0
2010-10-29,13.5,14.4,13.5,13.5,3400
2010-11-01,13.8,13.8,12.8,12.8,8100
2010-11-02,12.8,12.8,12.8,12.8,100
2010-11-03,13.4,13.4,12.0,12.0,200
2010-11-04,12.9,12.9,11.9,11.9,6800
2010-11-05,12.8,12.8,11.2,12.0,3200
2010-11-08,11.2,11.2,11.2,11.2,6900
2010-11-09,10.6,10.6,10.5,10.5,5400
2010-11-10,10.1,10.1,10.1,10.1,300
2010-11-11,9.7,10.5,9.7,10.0,7300
2010-11-12,10.9,10.9,9.5,9.5,4000
2010-11-15,9.1,9.1,8.9,8.9,2600
2010-11-16,8.4,8.4,8.4,8.4,100
2010-11-17,8.9,8.9,8.9,8.9,1000
2010-11-18,8.9,8.9,8.9,8.9,0
2010-11-19,8.7,8.7,8.4,8.4,4000
2010-11-22,8.1,8.2,8.1,8.1,5100
2010-11-23,8.6,8.6,8.6,8.6,1200
2010-11-24,8.3,8.3,8.0,8.0,7000
2010-11-25,8.5,8.7,8.5,8.7,2600
2010-11-26,8.8,9.2,8.8,8.8,3700
2010-11-29,8.7,9.5,8.7,9.2,4100
2010-11-30,9.7,9.7,9.7,9.7,5600
2010-12-01,10.3,10.3,10.1,10.3,12700
2010-12-02,11.0,11.0,10.5,11.0,3500
2010-12-03,11.6,11.6,11.6,11.6,200
2010-12-06,12.2,12.4,12.0,12.4,24000
2010-12-07,13.1,13.1,11.6,12.0,11800
2010-12-08,11.9,12.0,11.6,11.6,13600
2010-12-09,12.0,12.6,12.0,12.3,1800
2010-12-10,12.5,13.2,12.5,13.2,7800
2010-12-13,13.0,13.1,12.8,12.8,7500
2010-12-14,12.1,12.2,12.1,12.2,13000
2010-12-15,12.7,12.7,12.5,12.5,700
2010-12-16,11.7,11.7,11.7,11.7,2700
2010-12-17,11.3,11.3,11.3,11.3,600
2010-12-20,11.9,11.9,11.9,11.9,800
2010-12-21,11.1,11.2,11.1,11.2,5100
2010-12-22,10.7,10.7,10.6,10.6,6000
2010-12-23,10.0,10.1,10.0,10.1,700
2010-12-24,9.7,10.5,9.7,10.5,1400
2010-12-27,10.2,11.1,10.1,11.1,7200
2010-12-28,10.8,10.9,10.8,10.9,300
2010-12-29,11.4,11.4,11.4,11.4,500
2010-12-30,11.6,11.6,11.1,11.1,900
2010-12-31,11.1,11.1,11.1,11.1,0
2011-01-04,11.5,11.5,10.6,10.6,1700
2011-01-05,11.2,11.2,11.2,11.2,100
2011-01-06,11.2,11.2,11.2,11.2,5800
2011-01-07,11.1,11.1,11.1,11.1,1100
2011-01-10,11.1,11.1,11.1,11.1,0
2011-01-11,11.1,11.1,11.1,11.1,0
2011-01-12,10.4,11.5,10.4,11.5,200
2011-01-13,10.4,11.5,10.4,11.5,500
2011-01-14,11.5,11.5,11.5,11.5,100
2011-01-17,11.9,11.9,11.9,11.9,100
2011-01-18,12.1,12.1,12.1,12.1,100
2011-01-19,11.3,11.3,11.3,11.3,200
2011-01-20,11.3,11.3,11.3,11.3,0
2011-01-21,10.8,10.8,10.8,10.8,4200
2011-01-24,11.0,11.0,11.0,11.0,100
2011-01-25,11.0,11.0,11.0,11.0,0
2011-01-26,11.0,11.0,11.0,11.0,0
2011-01-27,10.3,10.3,10.3,10.3,600
2011-01-28,10.3,10.3,10.3,10.3,800
2011-02-08,10.3,10.3,10.3,10.3,0
2011-02-09,10.8,10.8,10.8,10.8,1000
2011-02-10,10.2,10.2,10.1,10.1,5000
2011-02-11,10.4,10.4,10.4,10.4,100
2011-02-14,11.0,11.0,11.0,11.0,100
2011-02-15,11.0,11.0,11.0,11.0,0
2011-02-16,11.0,11.0,11.0,11.0,0
2011-02-17,10.3,10.3,10.3,10.3,100
2011-02-18,9.6,10.1,9.6,10.1,200
2011-02-21,9.5,9.5,9.3,9.3,600
2011-02-22,9.4,9.4,9.4,9.4,100
2011-02-23,9.3,9.3,9.3,9.3,100
2011-02-24,8.7,9.1,8.7,9.1,2800
2011-02-25,9.1,9.1,9.1,9.1,0
2011-02-28,9.1,9.1,9.1,9.1,200
2011-03-01,9.1,9.1,9.1,9.1,0
2011-03-02,9.0,9.0,9.0,9.0,600
2011-03-03,8.8,8.8,8.8,8.8,500
2011-03-04,8.2,8.2,8.2,8.2,500
2011-03-07,8.2,8.2,8.2,8.2,0
2011-03-08,8.2,8.2,8.2,8.2,0
2011-03-09,7.8,8.0,7.7,7.7,1100
2011-03-10,7.4,8.1,7.4,8.0,400
2011-03-11,8.2,8.2,8.0,8.0,8700
2011-03-14,7.5,8.0,7.5,8.0,1500
2011-03-15,7.5,7.5,7.5,7.5,1100
2011-03-16,7.8,7.8,7.7,7.8,700
2011-03-17,7.9,7.9,7.9,7.9,100
2011-03-18,8.1,8.2,8.1,8.1,3100
2011-03-21,8.6,8.6,7.7,7.7,5100
2011-03-22,7.7,7.7,7.7,7.7,4300
2011-03-23,7.4,7.7,7.4,7.7,1100
2011-03-24,7.8,7.8,7.8,7.8,800
2011-03-25,7.8,7.8,7.8,7.8,0
2011-03-28,8.2,8.2,7.6,7.6,3900
2011-03-29,8.1,8.1,8.1,8.1,100
2011-03-30,7.6,8.1,7.6,8.1,400
2011-03-31,7.5,7.5,7.5,7.5,6200
2011-04-01,8.0,8.0,8.0,8.0,100
2011-04-04,8.5,8.5,8.0,8.0,600
2011-04-05,8.2,8.2,8.2,8.2,100
2011-04-06,8.0,8.0,8.0,8.0,4000
2011-04-07,8.0,8.0,8.0,8.0,0
2011-04-08,7.5,7.5,7.5,7.5,1000
2011-04-13,8.0,8.0,7.0,7.0,300
2011-04-14,7.0,7.0,7.0,7.0,0
2011-04-15,6.8,6.8,6.8,6.8,100
2011-04-18,7.0,7.0,6.8,6.8,3400
2011-04-19,6.8,6.8,6.8,6.8,0
2011-04-20,6.8,6.8,6.8,6.8,500
2011-04-21,6.8,6.8,6.4,6.4,2500
2011-04-22,6.5,6.5,6.5,6.5,4100
2011-04-25,6.9,6.9,6.9,6.9,200
2011-04-26,7.3,7.3,7.3,7.3,100
2011-04-27,7.3,7.3,7.3,7.3,0
2011-04-28,7.3,7.3,7.3,7.3,0
2011-04-29,7.3,7.3,7.3,7.3,0
2011-05-04,6.8,6.8,6.8,6.8,100
2011-05-05,6.4,6.4,6.4,6.4,600
2011-05-06,6.4,6.4,6.4,6.4,700
2011-05-09,6.4,6.4,6.4,6.4,500
2011-05-10,6.4,6.4,6.4,6.4,5000
2011-05-11,6.4,6.5,6.4,6.4,6400
2011-05-12,6.4,6.4,6.4,6.4,10000
2011-05-13,6.4,6.4,6.4,6.4,11500
2011-05-16,6.4,6.4,6.4,6.4,600
2011-05-17,6.4,6.4,6.4,6.4,3000
2011-05-18,6.4,6.4,6.4,6.4,100
2011-05-19,6.5,6.5,6.4,6.4,3000
2011-05-20,6.4,6.4,6.4,6.4,0
2011-05-23,6.4,6.4,6.4,6.4,0
2011-05-24,6.4,6.4,6.4,6.4,0
2011-05-25,6.4,6.4,6.4,6.4,0
2011-05-26,6.4,6.4,6.4,6.4,0
2011-05-27,6.4,6.4,6.4,6.4,0
2011-05-30,6.8,6.8,6.8,6.8,100
2011-05-31,6.8,6.8,6.8,6.8,0
2011-06-01,6.4,6.4,6.4,6.4,1200
2011-06-02,6.0,6.0,6.0,6.0,1500
2011-06-03,5.6,5.6,5.6,5.6,1300
2011-06-06,5.3,5.3,5.3,5.3,500
2011-06-07,5.0,5.6,5.0,5.6,5100
2011-06-08,5.3,5.3,5.3,5.3,100
2011-06-09,5.6,5.6,5.2,5.2,1000
2011-06-10,5.5,5.5,5.5,5.5,600
2011-06-13,5.6,5.6,5.6,5.6,2000
2011-06-14,5.9,5.9,5.3,5.3,500
2011-06-15,5.9,5.9,5.3,5.3,2000
2011-06-16,5.5,5.5,5.5,5.5,100
2011-06-17,5.7,5.7,5.2,5.2,600
2011-06-20,5.5,5.5,5.5,5.5,100
2011-06-21,5.8,5.8,5.7,5.7,800
2011-06-22,5.4,5.4,5.4,5.4,5500
2011-06-23,5.4,5.4,5.4,5.4,0
2011-06-24,5.1,5.1,5.1,5.1,1700
2011-06-27,4.8,4.8,4.8,4.8,3000
2011-06-28,4.7,4.7,4.6,4.6,6400
2011-06-29,5.0,5.0,5.0,5.0,100
2011-06-30,4.8,4.8,4.8,4.8,200
2011-07-01,4.8,4.8,4.8,4.8,0
2011-07-04,4.8,4.8,4.8,4.8,0
2011-07-05,5.1,5.1,5.1,5.1,3200
2011-07-06,5.4,5.4,5.1,5.1,800
2011-07-07,5.1,5.1,5.1,5.1,0
2011-07-08,4.9,4.9,4.9,4.9,1800
2011-07-11,4.9,4.9,4.9,4.9,0
2011-07-12,4.9,4.9,4.9,4.9,0
2011-07-13,5.1,5.1,5.1,5.1,100
2011-07-14,4.8,4.8,4.8,4.8,4000
2011-07-15,4.5,4.8,4.5,4.8,1000
2011-07-18,4.8,4.8,4.8,4.8,0
2011-07-19,4.7,4.7,4.7,4.7,700
2011-07-20,5.0,5.0,5.0,5.0,100
2011-07-21,5.0,5.0,5.0,5.0,0
2011-07-22,5.0,5.0,5.0,5.0,0
2011-07-25,5.0,5.0,5.0,5.0,0
2011-07-26,5.0,5.0,5.0,5.0,0
2011-07-27,4.8,4.8,4.8,4.8,300
2011-07-28,4.7,4.7,4.5,4.7,800
2011-07-29,4.3,4.7,4.3,4.7,500
2011-08-01,4.7,4.7,4.7,4.7,0
2011-08-02,4.7,4.7,4.7,4.7,0
2011-08-03,4.7,4.7,4.7,4.7,0
2011-08-04,4.7,4.7,4.7,4.7,0
2011-08-05,4.7,4.7,4.7,4.7,2000
2011-08-08,4.8,4.8,4.8,4.8,2500
2011-08-09,4.8,4.8,4.8,4.8,0
2011-08-10,4.8,4.8,4.8,4.8,0
2011-08-11,4.8,4.8,4.8,4.8,0
2011-08-12,4.7,4.7,4.7,4.7,2000
2011-08-15,4.7,4.7,4.7,4.7,0
2011-08-16,4.7,4.7,4.7,4.7,0
2011-08-17,4.7,4.7,4.7,4.7,0
2011-08-18,4.4,4.4,4.4,4.4,9100
2011-08-19,4.4,4.4,4.4,4.4,0
2011-08-22,4.4,4.4,4.4,4.4,0
2011-08-23,4.4,4.4,4.4,4.4,0
2011-08-24,4.3,4.3,4.3,4.3,300
2011-08-25,4.0,4.0,4.0,4.0,100
2011-08-26,4.0,4.0,4.0,4.0,0
2011-08-29,4.2,4.2,4.2,4.2,400
2011-08-30,4.4,4.4,4.4,4.4,100
2011-08-31,4.6,4.6,4.6,4.6,100
2011-09-01,4.8,4.8,4.8,4.8,100
2011-09-05,4.5,5.0,4.5,5.0,3600
2011-09-06,4.8,4.8,4.8,4.8,1000
2011-09-07,5.1,5.1,5.1,5.1,100
2011-09-08,5.0,5.0,5.0,5.0,1100
2011-09-09,5.0,5.0,5.0,5.0,0
2011-09-12,5.0,5.0,5.0,5.0,0
2011-09-13,5.2,5.3,5.2,5.3,5900
2011-09-14,5.0,5.0,5.0,5.0,500
2011-09-15,4.7,4.7,4.7,4.7,7000
2011-09-16,4.7,4.7,4.7,4.7,0
2011-09-19,4.7,4.7,4.7,4.7,0
2011-09-20,5.0,5.0,5.0,5.0,200
2011-09-21,4.7,4.7,4.7,4.7,500
2011-09-22,4.7,4.7,4.7,4.7,0
2011-09-23,4.4,4.4,4.4,4.4,100
2011-09-26,4.1,4.1,4.1,4.1,500
2011-09-27,3.9,4.3,3.9,3.9,12000
2011-09-28,4.1,4.1,4.1,4.1,100
2011-09-29,4.3,4.3,4.3,4.3,100
2011-09-30,4.3,4.3,4.3,4.3,0
2011-10-03,4.3,4.3,4.3,4.3,0
2011-10-04,4.3,4.3,4.3,4.3,0
2011-10-05,4.0,4.0,4.0,4.0,900
2011-10-06,4.2,4.2,4.0,4.0,3100
2011-10-07,3.9,3.9,3.9,3.9,3000
2011-10-10,4.1,4.1,3.7,3.7,600
2011-10-11,4.0,4.0,4.0,4.0,100
2011-10-12,4.0,4.0,4.0,4.0,0
2011-10-13,4.0,4.0,4.0,4.0,0
2011-10-14,3.8,3.8,3.8,3.8,200
2011-10-17,4.0,4.0,4.0,4.0,100
2011-10-18,4.0,4.0,4.0,4.0,0
2011-10-19,4.0,4.0,4.0,4.0,0
2011-10-20,4.0,4.0,4.0,4.0,0
2011-10-21,4.2,4.2,4.2,4.2,200
2011-10-24,4.2,4.2,4.2,4.2,0
2011-10-25,4.0,4.0,4.0,4.0,100
2011-10-26,3.8,3.8,3.8,3.8,100
2011-10-27,3.6,3.6,3.6,3.6,800
2011-10-28,3.4,3.4,3.4,3.4,3200
2011-10-31,3.2,3.2,3.2,3.2,900
2011-11-01,3.0,3.0,3.0,3.0,3600
2011-11-02,2.8,2.8,2.8,2.8,2100
2011-11-03,2.9,2.9,2.9,2.9,4200
2011-11-04,3.1,3.1,2.7,2.7,1300
2011-11-07,3.2,3.2,2.8,2.8,500
2011-11-08,2.8,2.8,2.8,2.8,0
2011-11-09,3.1,3.1,3.1,3.1,600
2011-11-10,3.1,3.1,2.9,2.9,300
2011-11-11,3.2,3.2,2.8,2.8,1200
2011-11-14,2.9,3.2,2.9,2.9,700
2011-11-15,2.8,2.8,2.8,2.8,300
2011-11-16,2.7,2.7,2.7,2.7,200
2011-11-17,2.6,2.6,2.6,2.6,1000
2011-11-18,2.7,2.7,2.7,2.7,100
2011-11-21,2.8,2.8,2.6,2.6,300
2011-11-22,2.6,2.6,2.6,2.6,1000
2011-11-23,2.5,2.5,2.5,2.5,3700
2011-11-24,2.4,2.4,2.4,2.4,1100
2011-11-25,2.3,2.3,2.3,2.3,900
2011-11-28,2.4,2.4,2.4,2.4,200
2011-11-29,2.5,2.5,2.5,2.5,100
2011-11-30,2.6,2.6,2.6,2.6,200
2011-12-01,2.6,2.6,2.6,2.6,0
2011-12-02,2.7,2.7,2.7,2.7,100
2011-12-05,2.8,2.8,2.8,2.8,2600
2011-12-06,2.9,2.9,2.9,2.9,200
2011-12-07,3.0,3.0,3.0,3.0,200
2011-12-08,3.2,3.2,3.2,3.2,200
2011-12-09,3.4,3.4,3.4,3.4,200
2011-12-12,3.4,3.4,3.4,3.4,0
2011-12-13,3.5,3.5,3.5,3.5,100
2011-12-14,3.7,3.7,3.3,3.3,400
2011-12-15,3.3,3.3,3.3,3.3,0
2011-12-16,3.3,3.3,3.3,3.3,1000
2011-12-19,3.1,3.1,3.1,3.1,200
2011-12-20,3.1,3.1,3.1,3.1,0
2011-12-21,3.3,3.3,3.3,3.3,200
2011-12-22,3.3,3.3,3.3,3.3,0
2011-12-23,3.5,3.5,3.5,3.5,100
2011-12-26,3.5,3.5,3.5,3.5,0
2011-12-27,3.5,3.5,3.5,3.5,0
2011-12-28,3.5,3.5,3.5,3.5,0
2011-12-29,3.5,3.5,3.5,3.5,0
2011-12-30,3.5,3.5,3.5,3.5,0
2012-01-03,3.5,3.5,3.5,3.5,0
2012-01-04,3.5,3.5,3.5,3.5,0
2012-01-05,3.7,3.7,3.7,3.7,100
2012-01-06,3.7,3.7,3.7,3.7,0
2012-01-09,3.7,3.7,3.7,3.7,0
2012-01-10,3.7,3.7,3.7,3.7,0
2012-01-11,3.7,3.7,3.7,3.7,0
2012-01-12,3.7,3.7,3.7,3.7,0
2012-01-13,3.7,3.7,3.7,3.7,0
2012-01-16,3.7,3.7,3.7,3.7,0
2012-01-17,3.7,3.7,3.7,3.7,0
2012-01-18,3.7,3.7,3.7,3.7,0
2012-01-19,3.6,3.6,3.5,3.5,300
2012-01-20,3.3,3.3,3.3,3.3,200
2012-01-30,3.1,3.5,3.1,3.5,2400
2012-01-31,3.3,3.3,2.9,2.9,13400
2012-02-01,3.1,3.1,3.1,3.1,100
2012-02-02,3.3,3.3,2.9,2.9,2900
2012-02-03,3.1,3.1,3.1,3.1,100
2012-02-06,3.3,3.3,3.3,3.3,100
2012-02-07,3.1,3.1,3.1,3.1,100
2012-02-08,3.3,3.3,2.9,2.9,2600
2012-02-09,2.7,2.7,2.7,2.7,2000
2012-02-10,2.8,2.8,2.8,2.8,200
2012-02-13,2.8,2.8,2.8,2.8,0
2012-02-14,2.9,2.9,2.9,2.9,100
2012-02-15,3.1,3.1,3.1,3.1,100
2012-02-16,3.1,3.1,3.1,3.1,0
2012-02-17,3.2,3.2,3.2,3.2,1100
2012-02-20,3.4,3.4,3.4,3.4,100
2012-02-21,3.5,3.5,3.5,3.5,100
2012-02-22,3.5,3.5,3.5,3.5,0
2012-02-23,3.6,3.6,3.6,3.6,100
2012-02-24,3.7,3.7,3.4,3.4,1700
2012-02-27,3.6,3.6,3.6,3.6,100
2012-02-28,3.4,3.4,3.4,3.4,1000
2012-02-29,3.2,3.2,3.2,3.2,100
2012-03-01,3.3,3.3,3.3,3.3,200
2012-03-02,3.3,3.3,3.3,3.3,0
2012-03-05,3.3,3.5,3.3,3.5,12600
2012-03-06,3.6,3.6,3.5,3.6,4800
2012-03-07,3.4,3.6,3.4,3.6,300
2012-03-08,3.6,3.6,3.6,3.6,0
2012-03-09,3.6,3.6,3.6,3.6,0
2012-03-12,3.6,3.6,3.6,3.6,0
2012-03-13,3.7,3.7,3.7,3.7,100
2012-03-14,3.5,3.6,3.5,3.6,800
2012-03-15,3.7,3.7,3.7,3.7,100
2012-03-16,3.9,3.9,3.9,3.9,100
2012-03-19,4.1,4.1,4.1,4.1,100
2012-03-20,4.1,4.1,4.1,4.1,0
2012-03-21,4.1,4.1,4.1,4.1,0
2012-03-22,4.1,4.1,4.1,4.1,0
2012-03-23,3.9,4.3,3.9,3.9,18500
2012-03-26,3.7,3.9,3.7,3.9,9100
2012-03-27,3.7,3.7,3.7,3.7,11900
2012-03-28,3.7,3.7,3.7,3.7,100
2012-03-29,3.7,3.7,3.5,3.5,200
2012-03-30,3.3,3.3,3.3,3.3,1200
2012-04-03,3.1,3.4,3.1,3.4,2100
2012-04-04,3.2,3.2,3.2,3.2,100
2012-04-05,3.0,3.2,3.0,3.0,3500
2012-04-06,3.2,3.2,3.0,3.0,7500
2012-04-09,2.8,3.0,2.8,3.0,900
2012-04-10,3.1,3.1,2.8,3.1,6800
2012-04-11,3.0,3.0,2.9,2.9,2200
2012-04-12,3.1,3.1,2.8,2.8,400
2012-04-13,2.8,2.8,2.8,2.8,1100
2012-04-16,2.7,2.9,2.7,2.9,8500
2012-04-17,2.8,2.8,2.7,2.8,7600
2012-04-18,2.9,2.9,2.9,2.9,100
2012-04-19,2.7,2.9,2.7,2.9,200
2012-04-20,2.9,2.9,2.9,2.9,0
2012-04-23,2.9,2.9,2.9,2.9,0
2012-04-24,2.9,2.9,2.9,2.9,0
2012-04-25,2.7,2.7,2.7,2.7,1400
2012-04-26,2.7,2.7,2.6,2.6,1900
2012-04-27,2.5,2.7,2.5,2.7,600
2012-05-02,2.8,2.8,2.8,2.8,4300
2012-05-03,2.8,2.9,2.7,2.9,1300
2012-05-04,2.9,3.0,2.9,3.0,1100
2012-05-07,3.1,3.1,3.0,3.1,8900
2012-05-08,3.3,3.3,2.9,2.9,7700
2012-05-09,2.8,2.8,2.8,2.8,6900
2012-05-10,2.9,2.9,2.9,2.9,5500
2012-05-11,3.1,3.1,3.1,3.1,12100
2012-05-14,3.2,3.2,3.2,3.2,200
2012-05-15,3.2,3.2,3.2,3.2,1100
2012-05-16,3.0,3.0,3.0,3.0,5700
2012-05-17,3.0,3.0,3.0,3.0,0
2012-05-18,2.9,2.9,2.9,2.9,100
2012-05-21,3.0,3.0,3.0,3.0,800
2012-05-22,2.8,2.8,2.8,2.8,1500
2012-05-23,2.8,2.8,2.7,2.7,1200
2012-05-24,2.7,2.7,2.6,2.6,5000
2012-05-25,2.7,2.7,2.7,2.7,100
2012-05-28,2.8,2.8,2.8,2.8,1500
2012-05-29,2.7,2.9,2.7,2.9,1100
2012-05-30,2.9,2.9,2.9,2.9,0
2012-05-31,2.9,2.9,2.9,2.9,0
2012-06-01,2.9,2.9,2.9,2.9,0
2012-06-04,2.9,2.9,2.9,2.9,0
2012-06-05,2.9,2.9,2.9,2.9,0
2012-06-06,2.9,2.9,2.9,2.9,0
2012-06-07,2.9,2.9,2.9,2.9,0
2012-06-08,2.9,2.9,2.9,2.9,0
2012-06-11,2.9,2.9,2.9,2.9,0
2012-06-12,3.1,3.1,3.1,3.1,100
2012-06-13,3.1,3.1,3.1,3.1,0
2012-06-14,3.1,3.1,3.1,3.1,0
2012-06-15,3.1,3.1,3.1,3.1,0
2012-06-18,3.1,3.1,3.1,3.1,0
2012-06-19,3.1,3.1,3.1,3.1,0
2012-06-20,3.1,3.1,3.1,3.1,0
2012-06-21,3.1,3.1,3.1,3.1,0
2012-06-22,3.1,3.1,3.1,3.1,0
2012-06-25,3.1,3.1,3.1,3.1,0
2012-06-26,3.1,3.1,3.1,3.1,0
2012-06-27,3.1,3.1,3.1,3.1,0
2012-06-28,3.1,3.1,3.1,3.1,0
2012-06-29,2.9,2.9,2.9,2.9,1400
2012-07-02,2.7,2.7,2.7,2.7,1500
2012-07-03,2.7,2.7,2.7,2.7,7400
2012-07-04,2.6,2.6,2.6,2.6,100
2012-07-05,2.6,2.7,2.5,2.5,1000
2012-07-06,2.6,2.6,2.6,2.6,4000
2012-07-09,2.6,2.6,2.6,2.6,5000
2012-07-10,2.6,2.6,2.6,2.6,800
2012-07-11,2.5,2.5,2.5,2.5,100
2012-07-12,2.5,2.5,2.5,2.5,0
2012-07-13,2.4,2.4,2.4,2.4,1200
2012-07-16,2.4,2.4,2.4,2.4,0
2012-07-17,2.4,2.4,2.4,2.4,0
2012-07-18,2.4,2.4,2.4,2.4,0
2012-07-19,2.4,2.4,2.4,2.4,0
2012-07-20,2.4,2.4,2.4,2.4,0
2012-07-23,2.4,2.4,2.4,2.4,0
2012-07-24,2.4,2.4,2.4,2.4,0
2012-07-25,2.4,2.4,2.4,2.4,0
2012-07-26,2.3,2.3,2.3,2.3,300
2012-07-27,2.3,2.3,2.3,2.3,0
2012-07-30,2.2,2.2,2.2,2.2,7700
2012-07-31,2.2,2.2,2.2,2.2,0
2012-08-01,2.2,2.2,2.2,2.2,1000
2012-08-02,2.2,2.2,2.2,2.2,0
2012-08-03,2.2,2.2,2.2,2.2,0
2012-08-06,2.2,2.2,2.2,2.2,1000
2012-08-07,2.2,2.2,2.2,2.2,0
2012-08-08,2.2,2.2,2.2,2.2,0
2012-08-09,2.2,2.2,2.2,2.2,0
2012-08-10,2.2,2.2,2.2,2.2,0
2012-08-13,2.2,2.2,2.2,2.2,0
2012-08-14,2.2,2.2,2.2,2.2,0
2012-08-15,2.1,2.1,2.1,2.1,100
2012-08-16,2.1,2.1,2.1,2.1,0
2012-08-17,2.1,2.1,2.1,2.1,0
2012-08-20,2.1,2.1,2.1,2.1,0
2012-08-21,2.1,2.1,2.1,2.1,0
2012-08-22,2.1,2.1,2.1,2.1,0
2012-08-23,2.1,2.1,2.1,2.1,0
2012-08-24,2.1,2.1,2.1,2.1,0
2012-08-27,2.1,2.1,2.1,2.1,0
2012-08-28,2.1,2.1,2.1,2.1,0
2012-08-29,2.2,2.2,2.2,2.2,200
2012-08-30,2.2,2.2,2.2,2.2,0
2012-08-31,2.2,2.2,2.2,2.2,0
2012-09-04,2.2,2.2,2.2,2.2,0
2012-09-05,2.2,2.2,2.2,2.2,0
2012-09-06,2.2,2.2,2.2,2.2,0
2012-09-07,2.2,2.2,2.2,2.2,0
2012-09-10,2.2,2.2,2.2,2.2,0
2012-09-11,2.2,2.2,2.2,2.2,0
2012-09-12,2.2,2.2,2.2,2.2,0
2012-09-13,2.2,2.2,2.2,2.2,0
2012-09-14,2.2,2.2,2.2,2.2,0
2012-09-17,2.2,2.2,2.2,2.2,0
2012-09-18,2.2,2.2,2.2,2.2,0
2012-09-19,2.2,2.2,2.2,2.2,0
2012-09-20,2.2,2.2,2.2,2.2,0
2012-09-21,2.2,2.2,2.2,2.2,0
2012-09-24,2.2,2.2,2.2,2.2,0
2012-09-25,2.2,2.2,2.2,2.2,0
2012-09-26,2.2,2.2,2.2,2.2,0
2012-09-27,2.2,2.2,2.2,2.2,0
2012-09-28,2.2,2.2,2.2,2.2,0
2012-10-01,2.2,2.2,2.2,2.2,0
2012-10-02,2.2,2.2,2.2,2.2,0
2012-10-03,2.2,2.2,2.2,2.2,0
2012-10-04,2.2,2.2,2.2,2.2,0
2012-10-05,2.2,2.2,2.2,2.2,0
2012-10-08,2.2,2.2,2.2,2.2,0
2012-10-09,2.2,2.2,2.2,2.2,0
2012-10-10,2.2,2.2,2.2,2.2,0
2012-10-11,2.2,2.2,2.2,2.2,0
2012-10-12,2.2,2.2,2.2,2.2,0
2012-10-15,2.2,2.2,2.2,2.2,0
2012-10-16,2.2,2.2,2.2,2.2,0
2012-10-17,2.2,2.2,2.2,2.2,0
2012-10-18,2.2,2.2,2.2,2.2,0
2012-10-19,2.2,2.2,2.2,2.2,0
2012-10-22,2.2,2.2,2.2,2.2,0
2012-10-23,2.2,2.2,2.2,2.2,0
2012-10-24,2.2,2.2,2.2,2.2,0
2012-10-25,2.2,2.2,2.2,2.2,0
2012-10-26,2.2,2.2,2.2,2.2,0
2012-10-29,2.2,2.2,2.2,2.2,0
2012-10-30,2.2,2.2,2.2,2.2,0
2012-10-31,2.2,2.2,2.2,2.2,0
2012-11-01,2.2,2.2,2.2,2.2,0
2012-11-02,2.2,2.2,2.2,2.2,0
2012-11-05,2.2,2.2,2.2,2.2,0
2012-11-06,2.2,2.2,2.2,2.2,0
2012-11-07,2.2,2.2,2.2,2.2,0
2012-11-08,2.2,2.2,2.2,2.2,0
2012-11-09,2.2,2.2,2.2,2.2,0
2012-11-12,2.2,2.2,2.2,2.2,0
2012-11-13,2.2,2.2,2.2,2.2,0
2012-11-14,2.2,2.2,2.2,2.2,0
2012-11-15,2.2,2.2,2.2,2.2,0
2012-11-16,2.2,2.2,2.2,2.2,0
2012-11-19,2.2,2.2,2.2,2.2,0
2012-11-20,2.2,2.2,2.2,2.2,0
2012-11-21,2.2,2.2,2.2,2.2,0
2012-11-22,2.2,2.2,2.2,2.2,0
2012-11-23,2.2,2.2,2.2,2.2,0
2012-11-26,2.2,2.2,2.2,2.2,0
2012-11-27,2.2,2.2,2.2,2.2,0
2012-11-28,2.2,2.2,2.2,2.2,0
2012-11-29,2.2,2.2,2.2,2.2,0
2012-11-30,2.1,2.1,2.1,2.1,300
2012-12-03,2.0,2.0,2.0,2.0,100
2012-12-04,2.0,2.0,2.0,2.0,0
2012-12-05,2.0,2.0,2.0,2.0,0
2012-12-06,2.0,2.0,2.0,2.0,0
2012-12-07,2.0,2.0,2.0,2.0,0
2012-12-10,2.0,2.0,2.0,2.0,0
2012-12-11,2.0,2.0,2.0,2.0,0
2012-12-12,1.9,1.9,1.9,1.9,400
2012-12-13,2.0,2.0,2.0,2.0,200
2012-12-14,2.0,2.0,2.0,2.0,0
2012-12-17,2.0,2.0,2.0,2.0,0
2012-12-18,2.0,2.0,2.0,2.0,0
2012-12-19,2.0,2.0,2.0,2.0,0
2012-12-20,2.0,2.0,2.0,2.0,0
2012-12-21,2.0,2.0,2.0,2.0,0
2012-12-24,2.0,2.0,2.0,2.0,0
2012-12-25,2.0,2.0,2.0,2.0,0
2012-12-26,2.0,2.0,2.0,2.0,0
2012-12-27,2.0,2.1,2.0,2.1,300
2012-12-28,2.2,2.2,2.2,2.2,200
2013-01-02,2.3,2.3,2.3,2.3,200
2013-01-03,2.3,2.3,2.3,2.3,0
2013-01-04,2.3,2.3,2.3,2.3,0
2013-01-07,2.3,2.3,2.3,2.3,0
2013-01-08,2.3,2.3,2.3,2.3,0
2013-01-09,2.3,2.3,2.3,2.3,0
2013-01-10,2.3,2.3,2.3,2.3,0
2013-01-11,2.3,2.3,2.3,2.3,0
2013-01-14,2.3,2.3,2.3,2.3,0
2013-01-15,2.3,2.3,2.3,2.3,0
2013-01-16,2.3,2.3,2.3,2.3,0
2013-01-17,2.4,2.4,2.4,2.4,5800
2013-01-18,2.4,2.4,2.4,2.4,0
2013-01-21,2.4,2.4,2.4,2.4,0
2013-01-22,2.4,2.4,2.4,2.4,0
2013-01-23,2.4,2.4,2.4,2.4,0
2013-01-24,2.4,2.4,2.4,2.4,0
2013-01-25,2.4,2.4,2.4,2.4,0
2013-01-28,2.6,2.6,2.6,2.6,1100
2013-01-29,2.6,2.6,2.6,2.6,0
2013-01-30,2.6,2.6,2.6,2.6,0
2013-01-31,2.6,2.6,2.6,2.6,0
2013-02-01,2.6,2.6,2.6,2.6,0
2013-02-04,2.6,2.6,2.6,2.6,0
2013-02-05,2.6,2.6,2.6,2.6,0
2013-02-06,2.6,2.6,2.6,2.6,0
2013-02-07,2.6,2.6,2.6,2.6,0
2013-02-08,2.6,2.6,2.6,2.6,0
2013-02-18,2.6,2.6,2.6,2.6,0
2013-02-19,2.6,2.6,2.6,2.6,0
2013-02-20,2.5,2.5,2.5,2.5,200
2013-02-21,2.5,2.5,2.5,2.5,0
2013-02-22,2.5,2.5,2.5,2.5,0
2013-02-25,2.5,2.5,2.5,2.5,0
2013-02-26,2.5,2.5,2.5,2.5,0
2013-02-27,2.5,2.5,2.5,2.5,0
2013-02-28,2.5,2.5,2.5,2.5,0
2013-03-01,2.5,2.5,2.5,2.5,0
2013-03-04,2.5,2.5,2.5,2.5,0
2013-03-05,2.5,2.5,2.5,2.5,0
2013-03-06,2.5,2.5,2.5,2.5,0
2013-03-07,2.5,2.5,2.5,2.5,0
2013-03-08,2.5,2.5,2.5,2.5,0
2013-03-11,2.5,2.5,2.5,2.5,0
2013-03-12,2.6,2.6,2.6,2.6,300
2013-03-13,2.6,2.6,2.6,2.6,0
2013-03-14,2.6,2.6,2.6,2.6,0
2013-03-15,2.6,2.6,2.6,2.6,0
2013-03-18,2.6,2.6,2.6,2.6,0
2013-03-19,2.4,2.4,2.4,2.4,1000
2013-03-20,2.2,2.2,2.2,2.2,1000
2013-03-21,2.2,2.2,2.2,2.2,0
2013-03-22,2.2,2.2,2.2,2.2,0
2013-03-25,2.0,2.0,2.0,2.0,1000
2013-03-26,1.8,1.8,1.8,1.8,2100
2013-03-27,1.8,1.8,1.8,1.8,0
2013-03-28,1.7,1.7,1.7,1.7,1000
2013-03-29,1.6,1.6,1.6,1.6,1500
2013-04-01,1.5,1.5,1.5,1.5,100
2013-04-02,1.5,1.5,1.5,1.5,0
2013-04-03,1.5,1.5,1.5,1.5,0
2013-04-04,1.4,1.4,1.4,1.4,500
2013-04-05,1.4,1.4,1.4,1.4,0
2013-04-08,1.4,1.4,1.4,1.4,500
2013-04-09,1.4,1.4,1.4,1.4,0
2013-04-10,1.4,1.4,1.4,1.4,0
2013-04-11,1.4,1.4,1.4,1.4,0
2013-04-12,1.4,1.4,1.4,1.4,0
2013-04-15,1.4,1.4,1.4,1.4,0
2013-04-16,1.4,1.4,1.4,1.4,0
2013-04-17,1.4,1.4,1.4,1.4,100
2013-04-18,1.4,1.4,1.4,1.4,0
2013-04-22,1.4,1.4,1.4,1.4,0
2013-04-23,1.4,1.4,1.4,1.4,0
2013-04-24,1.4,1.4,1.4,1.4,0
2013-04-25,1.3,1.3,1.3,1.3,1000
2013-04-26,1.3,1.3,1.3,1.3,0
2013-05-02,1.3,1.3,1.3,1.3,0
2013-05-03,1.3,1.3,1.3,1.3,0
2013-05-06,1.3,1.3,1.3,1.3,0
2013-05-07,1.3,1.3,1.3,1.3,0
2013-05-08,1.2,1.2,1.2,1.2,200
2013-05-09,1.1,1.1,1.1,1.1,3000
2013-05-10,1.1,1.1,1.1,1.1,0
2013-05-13,1.0,1.0,1.0,1.0,1200
2013-05-14,1.0,1.0,1.0,1.0,0
2013-05-15,1.0,1.0,1.0,1.0,0
2013-05-16,1.0,1.0,1.0,1.0,0
2014-11-27,2.8,2.8,2.8,2.8,3300
2014-11-28,3.0,3.0,2.8,2.8,600
2014-12-01,2.8,2.8,2.8,2.8,0
2014-12-02,2.8,2.8,2.8,2.8,0
2014-12-03,2.6,2.6,2.6,2.6,200
2014-12-04,2.6,2.6,2.6,2.6,0
2014-12-05,2.6,2.6,2.6,2.6,0
2014-12-08,2.6,2.6,2.6,2.6,0
2014-12-09,2.6,2.6,2.6,2.6,0
2014-12-10,2.6,2.6,2.6,2.6,0
2014-12-11,2.6,2.6,2.6,2.6,0
2014-12-12,2.6,2.6,2.6,2.6,0
2014-12-15,2.6,2.6,2.6,2.6,0
2014-12-16,2.6,2.6,2.6,2.6,0
2014-12-17,2.4,2.4,2.4,2.4,100
2014-12-18,2.2,2.2,2.2,2.2,100
2014-12-19,2.0,2.0,2.0,2.0,300
2014-12-22,2.0,2.1,2.0,2.1,1500
2014-12-23,1.9,1.9,1.9,1.9,600
2014-12-24,1.8,1.8,1.8,1.8,200
2014-12-25,1.7,1.7,1.7,1.7,500
2014-12-26,1.6,1.6,1.6,1.6,500
2014-12-29,1.7,1.7,1.7,1.7,100
2014-12-30,1.6,1.6,1.6,1.6,200
2014-12-31,1.5,1.5,1.5,1.5,200
2015-01-05,1.4,1.4,1.4,1.4,200
2015-01-06,1.3,1.4,1.3,1.4,600
2015-01-07,1.5,1.5,1.5,1.5,100
2015-01-08,1.6,1.6,1.6,1.6,100
2015-01-09,1.7,1.7,1.7,1.7,100
2015-01-12,1.7,1.7,1.7,1.7,0
2015-01-13,1.8,1.8,1.8,1.8,100
2015-01-14,1.8,1.8,1.8,1.8,0
2015-01-15,1.8,1.8,1.8,1.8,0
2015-01-16,1.8,1.8,1.8,1.8,0
2015-01-19,1.8,1.8,1.8,1.8,0
2015-01-20,1.8,1.8,1.8,1.8,0
2015-01-21,1.8,1.8,1.8,1.8,0
2015-01-22,1.8,1.8,1.8,1.8,1300
2015-01-23,1.8,1.8,1.8,1.8,0
2015-01-26,1.8,1.8,1.8,1.8,100
2015-01-27,1.8,1.8,1.8,1.8,0
2015-01-28,1.8,1.8,1.8,1.8,0
2015-01-29,1.8,1.8,1.8,1.8,200
2015-01-30,1.8,1.8,1.8,1.8,0
2015-02-02,1.8,1.8,1.8,1.8,0
2015-02-03,1.8,1.8,1.8,1.8,0
2015-02-04,1.8,1.8,1.8,1.8,0
2015-02-05,1.8,1.8,1.8,1.8,0
2015-02-06,1.8,1.8,1.8,1.8,0
2015-02-09,1.8,1.8,1.8,1.8,0
2015-02-10,1.8,1.8,1.8,1.8,0
2015-02-11,1.8,1.8,1.8,1.8,0
2015-02-12,1.8,1.8,1.8,1.8,0
2015-02-13,1.8,1.8,1.8,1.8,0
2015-02-24,1.8,1.8,1.8,1.8,0
2015-02-25,1.8,1.8,1.8,1.8,0
2015-02-26,1.9,1.9,1.9,1.9,100
2015-02-27,2.0,2.0,2.0,2.0,100
2015-03-02,2.2,2.2,2.2,2.2,100
2015-03-03,2.2,2.2,2.2,2.2,0
2015-03-04,2.2,2.2,2.2,2.2,0
2015-03-05,2.2,2.2,2.2,2.2,0
2015-03-06,2.4,2.4,2.4,2.4,100
2015-03-09,2.4,2.4,2.4,2.4,0
2015-03-10,2.4,2.4,2.4,2.4,0
2015-03-11,2.4,2.4,2.4,2.4,0
2015-03-12,2.4,2.4,2.4,2.4,0
2015-03-13,2.4,2.4,2.4,2.4,0
2015-03-16,2.4,2.4,2.4,2.4,0
2015-03-17,2.4,2.4,2.4,2.4,0
2015-03-18,2.4,2.4,2.4,2.4,0
2015-03-19,2.4,2.4,2.4,2.4,0
2015-03-20,2.4,2.4,2.4,2.4,0
2015-03-23,2.4,2.4,2.4,2.4,0
2015-03-24,2.4,2.4,2.4,2.4,0
2015-03-25,2.4,2.4,2.4,2.4,0
2015-03-26,2.4,2.4,2.4,2.4,0
2015-03-27,2.4,2.4,2.4,2.4,0
2015-03-30,2.4,2.4,2.4,2.4,0
2015-03-31,2.4,2.4,2.4,2.4,0
2015-04-01,2.4,2.4,2.4,2.4,0
2015-04-02,2.4,2.4,2.4,2.4,0
2015-04-03,2.4,2.4,2.4,2.4,0
2015-04-06,2.4,2.4,2.4,2.4,0
2015-04-07,2.4,2.4,2.4,2.4,0
2015-04-08,2.4,2.4,2.4,2.4,0
2015-04-09,2.4,2.4,2.4,2.4,0
2015-04-10,2.4,2.4,2.4,2.4,0
2015-04-13,2.4,2.4,2.4,2.4,0
2015-04-14,2.4,2.4,2.4,2.4,0
2015-04-15,2.4,2.4,2.4,2.4,0
2015-04-16,2.4,2.4,2.4,2.4,0
2015-04-17,2.4,2.4,2.4,2.4,0
2015-04-20,1.5,1.5,1.5,1.5,100
2015-04-21,1.4,1.4,1.4,1.4,100
2015-04-22,1.4,1.4,1.4,1.4,0
2015-04-23,1.4,1.4,1.4,1.4,0
2015-04-24,1.4,1.4,1.4,1.4,0
2015-04-27,1.3,1.3,1.3,1.3,100
2015-05-04,1.2,1.2,1.2,1.2,100
2015-05-05,1.2,1.2,1.2,1.2,0
2015-05-06,1.1,1.1,1.1,1.1,100
2015-05-07,1.1,1.1,1.1,1.1,0
2015-05-08,1.0,1.0,1.0,1.0,100
2015-05-11,1.0,1.0,1.0,1.0,0
2015-05-12,1.0,1.0,1.0,1.0,0
2015-05-13,0.9,0.9,0.9,0.9,100
2015-05-14,0.9,0.9,0.9,0.9,0
2015-05-15,0.9,0.9,0.9,0.9,0
2015-05-18,0.9,0.9,0.9,0.9,0
2015-05-19,0.9,0.9,0.9,0.9,0
2015-05-20,0.9,0.9,0.9,0.9,0
2015-05-21,0.9,0.9,0.9,0.9,0
2015-05-22,0.9,0.9,0.9,0.9,0
2015-05-25,0.9,0.9,0.9,0.9,0
2015-05-26,0.9,0.9,0.9,0.9,0
2015-05-27,0.9,0.9,0.9,0.9,0
2015-05-28,0.9,0.9,0.9,0.9,0
2015-05-29,0.8,0.8,0.8,0.8,1500
2015-06-01,0.8,0.8,0.8,0.8,0
2015-06-02,0.8,0.8,0.8,0.8,0
2015-06-03,0.8,0.8,0.8,0.8,0
2015-06-04,0.8,0.8,0.8,0.8,0
2015-06-05,0.8,0.8,0.8,0.8,0
2015-06-08,0.9,0.9,0.9,0.9,100
2015-06-09,0.9,0.9,0.9,0.9,0
2015-06-10,0.9,0.9,0.9,0.9,0
2015-06-11,1.0,1.0,1.0,1.0,600
2015-06-12,1.0,1.0,1.0,1.0,0
2015-06-15,1.0,1.0,1.0,1.0,0
2015-06-16,1.0,1.0,1.0,1.0,0
2015-06-17,1.0,1.0,1.0,1.0,2200
2015-06-18,1.0,1.0,1.0,1.0,0
2015-06-19,1.0,1.0,1.0,1.0,1100
2015-06-22,1.0,1.0,1.0,1.0,0
2015-06-23,1.0,1.0,1.0,1.0,0
2015-06-24,0.9,1.0,0.9,1.0,400
2015-06-25,1.0,1.0,1.0,1.0,0
2015-06-26,0.8,0.8,0.8,0.8,100
2015-06-29,0.9,0.9,0.9,0.9,300
2015-06-30,0.8,0.8,0.8,0.8,100
2015-07-01,0.7,0.9,0.7,0.9,200
2015-07-02,0.9,0.9,0.9,0.9,100
2015-07-03,1.0,1.0,1.0,1.0,400
2015-07-06,1.1,1.1,1.1,1.1,1000
2015-07-07,1.1,1.1,1.1,1.1,0
2015-07-08,1.1,1.1,1.1,1.1,0
2015-07-09,1.1,1.1,1.1,1.1,0
2015-07-10,1.2,1.2,1.2,1.2,100
2015-07-13,1.2,1.2,1.2,1.2,0
2015-07-14,1.2,1.2,1.2,1.2,100
2015-07-15,1.2,1.2,1.2,1.2,0
2015-07-16,1.1,1.1,1.1,1.1,100
2015-07-17,1.1,1.1,1.0,1.0,300
2015-07-20,1.0,1.0,1.0,1.0,0
2015-07-21,1.0,1.0,1.0,1.0,100
2015-07-22,0.9,0.9,0.9,0.9,100
2015-07-23,0.9,0.9,0.9,0.9,0
2015-07-24,0.9,0.9,0.9,0.9,0
2015-07-27,0.9,0.9,0.9,0.9,0
2015-07-28,0.9,0.9,0.8,0.8,200
2015-07-29,0.9,0.9,0.8,0.8,400
2015-07-30,0.8,0.8,0.8,0.8,0
2015-07-31,0.9,0.9,0.9,0.9,100
2015-08-03,0.9,0.9,0.9,0.9,0
2015-08-04,0.8,1.0,0.8,1.0,500
2015-08-05,1.0,1.0,1.0,1.0,0
2015-08-06,1.0,1.0,1.0,1.0,0
2015-08-07,0.8,0.8,0.8,0.8,100
2015-08-10,0.8,0.8,0.8,0.8,20
2015-08-11,0.9,0.9,0.9,0.9,200
2015-08-12,1.0,1.0,1.0,1.0,400
2015-08-13,1.0,1.0,1.0,1.0,400
2015-08-14,1.0,1.0,1.0,1.0,600
2015-08-17,0.9,0.9,0.9,0.9,100
2015-08-18,0.9,0.9,0.9,0.9,0
2015-08-19,0.9,0.9,0.9,0.9,0
2015-08-20,0.9,0.9,0.9,0.9,0
2015-08-21,0.9,0.9,0.9,0.9,0
2015-08-24,0.9,0.9,0.9,0.9,0
2015-08-25,1.0,1.0,1.0,1.0,100
2015-08-26,1.1,1.1,1.1,1.1,100
2015-08-27,1.1,1.1,1.1,1.1,0
2015-08-28,1.1,1.1,1.1,1.1,0
2015-08-31,1.1,1.1,1.1,1.1,0
2015-09-01,1.1,1.1,1.1,1.1,0
2015-09-03,1.1,1.1,1.1,1.1,0
2015-09-04,1.1,1.1,1.1,1.1,0
2015-09-07,1.1,1.1,1.1,1.1,0
2015-09-08,1.1,1.1,1.1,1.1,0
2015-09-09,1.1,1.1,1.1,1.1,0
2015-09-10,1.1,1.1,1.1,1.1,0
2015-09-11,1.1,1.1,1.1,1.1,0
2015-09-14,1.1,1.1,1.1,1.1,0
2015-09-15,1.0,1.0,1.0,1.0,100
2015-09-16,1.0,1.0,1.0,1.0,0
2015-09-17,0.9,0.9,0.9,0.9,1400
2015-09-18,0.9,0.9,0.9,0.9,100
2015-09-21,0.9,0.9,0.9,0.9,100
2015-09-22,0.8,0.8,0.8,0.8,100
2015-09-23,0.8,0.8,0.8,0.8,0
2015-09-24,0.8,0.8,0.8,0.8,0
2015-09-25,0.8,0.8,0.8,0.8,100
2015-09-28,0.8,0.8,0.8,0.8,0
2015-09-29,0.8,0.8,0.8,0.8,0
2015-09-30,0.8,0.8,0.8,0.8,0
2015-10-01,0.7,0.7,0.7,0.7,100
2015-10-02,0.7,0.7,0.7,0.7,0
2015-10-05,0.7,0.7,0.7,0.7,0
2015-10-06,0.7,0.7,0.7,0.7,0
2015-10-07,0.8,0.8,0.8,0.8,300
2015-10-08,0.8,0.8,0.8,0.8,0
2015-10-09,0.8,0.8,0.8,0.8,0
2015-10-12,0.7,0.7,0.7,0.7,500
2015-10-13,0.7,0.7,0.7,0.7,200
2015-10-14,0.7,0.7,0.7,0.7,0
2015-10-15,0.8,0.8,0.8,0.8,200
2015-10-16,0.9,0.9,0.9,0.9,1900
2015-10-19,0.9,0.9,0.9,0.9,100
2015-10-20,0.9,0.9,0.9,0.9,900
2015-10-21,0.9,0.9,0.9,0.9,0
2015-10-22,0.9,0.9,0.9,0.9,0
2015-10-23,0.9,0.9,0.9,0.9,0
2015-10-26,0.9,0.9,0.9,0.9,0
2015-10-27,0.9,0.9,0.9,0.9,0
2015-10-28,0.9,0.9,0.9,0.9,500
2015-10-29,1.0,1.0,1.0,1.0,600
2015-10-30,1.0,1.0,1.0,1.0,0
2015-11-02,1.0,1.0,1.0,1.0,0
2015-11-03,1.0,1.0,1.0,1.0,0
2015-11-04,1.0,1.0,1.0,1.0,0
2015-11-05,1.0,1.0,1.0,1.0,0
2015-11-06,1.0,1.0,0.9,0.9,1800
2015-11-09,0.8,0.8,0.8,0.8,100
2015-11-10,0.9,0.9,0.9,0.9,100
2015-11-11,0.9,0.9,0.9,0.9,0
2015-11-12,0.8,0.8,0.8,0.8,100
2015-11-13,0.8,0.8,0.8,0.8,0
2015-11-16,0.8,0.8,0.8,0.8,0
2015-11-17,0.8,0.8,0.8,0.8,0
2015-11-18,0.8,0.8,0.8,0.8,0
2015-11-19,0.8,0.8,0.8,0.8,0
2015-11-20,0.9,0.9,0.9,0.9,100
2015-11-23,0.9,0.9,0.9,0.9,0
2015-11-24,0.8,0.8,0.8,0.8,300
2015-11-25,0.8,0.8,0.8,0.8,0
2015-11-26,0.9,0.9,0.9,0.9,100
2015-11-27,0.9,1.0,0.9,1.0,1200
2015-11-30,1.1,1.1,0.9,0.9,200
2015-12-01,1.1,1.1,0.9,0.9,200
2015-12-02,0.9,0.9,0.9,0.9,100
2015-12-03,0.9,0.9,0.9,0.9,0
2015-12-04,1.0,1.0,1.0,1.0,300
2015-12-07,1.1,1.1,1.1,1.1,800
2015-12-08,1.2,1.2,1.2,1.2,700
2015-12-09,1.3,1.3,1.3,1.3,200
2015-12-10,1.4,1.4,1.4,1.4,700
2015-12-11,1.6,1.6,1.6,1.6,100
2015-12-14,1.6,1.6,1.6,1.6,0
2015-12-15,1.7,1.7,1.7,1.7,100
2015-12-16,1.7,1.7,1.7,1.7,500
2015-12-17,1.7,1.7,1.7,1.7,0
2015-12-18,1.7,1.7,1.7,1.7,0
2015-12-21,1.5,1.5,1.5,1.5,100
2015-12-22,1.5,1.5,1.5,1.5,0
2015-12-23,1.5,1.5,1.5,1.5,0
2015-12-24,1.5,1.5,1.5,1.5,0
2015-12-25,1.3,1.6,1.3,1.6,400
2015-12-28,1.6,1.6,1.6,1.6,0
2015-12-29,1.6,1.6,1.6,1.6,0
2015-12-30,1.6,1.6,1.6,1.6,700
2015-12-31,1.7,1.7,1.7,1.7,100
2016-01-04,1.8,1.8,1.8,1.8,300
2016-01-05,2.0,2.0,2.0,2.0,100
2016-01-06,2.3,2.3,2.2,2.3,1100
2016-01-07,2.5,2.6,2.5,2.6,900
2016-01-08,2.8,2.8,2.6,2.8,600
2016-01-11,3.1,3.2,3.1,3.1,2700
2016-01-12,3.6,3.6,3.2,3.5,1000
2016-01-13,3.9,4.0,3.9,4.0,1700
2016-01-14,4.1,4.1,3.8,4.0,600
2016-01-15,4.3,4.5,4.3,4.5,400
2016-01-18,5.1,5.1,5.0,5.1,1800
2016-01-19,5.2,5.2,5.2,5.2,100
2016-01-20,5.7,5.7,5.6,5.7,300
2016-01-21,4.9,5.5,4.9,5.5,200
2016-01-22,5.8,5.8,5.8,5.8,100
2016-01-25,6.5,6.5,6.5,6.5,100
2016-01-26,6.5,6.5,6.5,6.5,0
2016-01-27,7.3,7.3,7.3,7.3,100
2016-01-28,7.3,7.3,7.3,7.3,0
2016-01-29,8.1,8.1,8.1,8.1,100
2016-02-01,9.1,9.1,9.1,9.1,100
2016-02-02,9.0,9.0,9.0,9.0,100
2016-02-03,10.0,10.0,10.0,10.0,100
2016-02-04,10.0,10.0,10.0,10.0,0
2016-02-05,10.0,10.0,10.0,10.0,0
2016-02-15,10.0,10.0,10.0,10.0,0
2016-02-16,10.0,10.0,10.0,10.0,0
2016-02-17,10.0,10.0,10.0,10.0,0
2016-02-18,10.0,10.0,10.0,10.0,0
2016-02-19,10.0,10.0,10.0,10.0,0
2016-02-22,10.0,10.0,10.0,10.0,0
2016-02-23,10.0,10.0,10.0,10.0,0
2016-02-24,10.0,10.0,10.0,10.0,0
2016-02-25,10.0,10.0,10.0,10.0,0
2016-02-26,10.9,10.9,8.5,8.5,200
2016-02-29,8.5,8.5,8.5,8.5,0
2016-03-01,8.5,8.5,8.5,8.5,0
2016-03-02,8.5,8.5,8.5,8.5,0
2016-03-03,8.5,8.5,8.5,8.5,0
2016-03-04,8.5,8.5,8.5,8.5,0
2016-03-07,8.5,8.5,8.5,8.5,0
2016-03-08,8.5,8.5,8.5,8.5,0
2016-03-09,8.5,8.5,8.5,8.5,0
2016-03-10,8.5,8.5,8.5,8.5,0
2016-03-11,8.5,8.5,8.5,8.5,0
2016-03-14,8.5,8.5,8.5,8.5,0
2016-03-15,8.5,8.5,8.5,8.5,0
2016-03-16,8.5,8.5,8.5,8.5,0
2016-03-17,8.5,8.5,8.5,8.5,0
2016-03-18,8.5,8.5,8.5,8.5,0
2016-03-21,8.5,8.5,8.5,8.5,0
2016-03-22,8.5,8.5,8.5,8.5,0
2016-03-23,8.5,8.5,8.5,8.5,0
2016-03-24,8.5,8.5,8.5,8.5,0
2016-03-25,8.5,8.5,8.5,8.5,0
2016-03-28,8.3,8.3,8.3,8.3,100
2016-03-29,8.3,8.3,8.3,8.3,0
2016-03-30,8.3,8.3,8.3,8.3,0
2016-03-31,8.3,8.3,8.3,8.3,10
2016-04-01,8.3,8.3,8.3,8.3,0
2016-04-04,8.3,8.3,8.3,8.3,0
2016-04-05,8.3,8.3,8.3,8.3,0
2016-04-06,8.3,8.3,8.3,8.3,0
2016-04-07,8.3,8.3,8.3,8.3,0
2016-04-08,8.3,8.3,8.3,8.3,0
2016-04-11,8.3,8.3,8.3,8.3,0
2016-04-12,8.3,8.3,8.3,8.3,0
2016-04-13,8.3,8.3,8.3,8.3,0
2016-04-14,8.3,8.3,8.3,8.3,0
2016-04-15,8.3,8.3,8.3,8.3,0
2016-04-19,8.3,8.3,8.3,8.3,0
2016-04-20,8.3,8.3,8.3,8.3,0
2016-04-21,8.3,8.3,8.3,8.3,0
2016-04-22,8.3,8.3,8.3,8.3,0
2016-04-25,8.3,8.3,8.3,8.3,0
2016-04-26,8.3,8.3,8.3,8.3,0
2016-04-27,8.3,8.3,8.3,8.3,0
2016-04-28,8.3,8.3,8.3,8.3,0
2016-04-29,8.3,8.3,8.3,8.3,0
2016-05-04,8.3,8.3,8.3,8.3,0
2016-05-05,8.3,8.3,8.3,8.3,0
2016-05-06,8.3,8.3,8.3,8.3,0
2016-05-09,8.3,8.3,8.3,8.3,0
2016-05-10,8.3,8.3,8.3,8.3,0
2016-05-11,8.3,8.3,8.3,8.3,0
2016-05-12,9.5,9.5,9.5,9.5,100
2016-05-13,9.5,9.5,9.5,9.5,0
2016-05-16,9.5,9.5,9.5,9.5,0
2016-05-17,9.5,9.5,9.5,9.5,0
2016-05-18,9.5,9.5,9.5,9.5,0
2016-05-19,9.5,9.5,9.5,9.5,0
2016-05-20,9.5,9.5,9.5,9.5,0
2016-05-23,9.5,9.5,9.5,9.5,0
2016-05-24,9.5,9.5,9.5,9.5,0
2016-05-25,9.5,9.5,9.5,9.5,0
2016-05-26,9.5,9.5,9.5,9.5,0
2016-05-27,9.5,9.5,9.5,9.5,0
2016-05-30,9.5,9.5,9.5,9.5,0
2016-05-31,9.5,9.5,9.5,9.5,0
2016-06-01,9.5,9.5,9.5,9.5,0
2016-06-02,9.5,9.5,9.5,9.5,0
2016-06-03,9.5,9.5,9.5,9.5,0
2016-06-06,9.5,9.5,9.5,9.5,0
2016-06-07,9.5,9.5,9.5,9.5,0
2016-06-08,9.5,9.5,9.5,9.5,0
2016-06-09,9.5,9.5,9.5,9.5,0
2016-06-10,9.5,9.5,9.5,9.5,0
2016-06-13,9.5,9.5,9.5,9.5,0
2016-06-14,9.5,9.5,9.5,9.5,0
2016-06-15,9.5,9.5,9.5,9.5,0
2016-06-16,9.5,9.5,9.5,9.5,0
2016-06-17,9.5,9.5,9.5,9.5,0
2016-06-20,9.5,9.5,9.5,9.5,0
2016-06-21,9.5,9.5,9.5,9.5,0
2016-06-22,9.5,9.5,9.5,9.5,0
2016-06-23,9.5,9.5,9.5,9.5,0
2016-06-24,9.5,9.5,9.5,9.5,0
2016-06-27,9.5,9.5,9.5,9.5,0
2016-06-28,9.5,9.5,9.5,9.5,0
2016-06-29,9.5,9.5,9.5,9.5,0
2016-06-30,9.5,9.5,9.5,9.5,0
2016-07-01,9.5,9.5,9.5,9.5,0
2016-07-04,9.5,9.5,9.5,9.5,0
2016-07-05,9.5,9.5,9.5,9.5,0
2016-07-06,9.5,9.5,9.5,9.5,0
2016-07-07,9.5,9.5,9.5,9.5,0
2016-07-08,9.5,9.5,9.5,9.5,0
2016-07-11,9.5,9.5,9.5,9.5,0
2016-07-12,9.5,9.5,9.5,9.5,0
2016-07-13,9.5,9.5,9.5,9.5,0
2016-07-14,9.5,9.5,9.5,9.5,0
2016-07-15,9.5,9.5,9.5,9.5,0
2016-07-18,9.5,9.5,9.5,9.5,0
2016-07-19,9.5,9.5,9.5,9.5,0
2016-07-20,9.5,9.5,9.5,9.5,0
2016-07-21,9.5,9.5,9.5,9.5,0
2016-07-22,8.1,8.1,8.1,8.1,100
2016-07-25,8.1,8.1,8.1,8.1,0
2016-07-26,8.1,8.1,8.1,8.1,0
2016-07-27,8.1,8.1,8.1,8.1,0
2016-07-28,8.1,8.1,8.1,8.1,0
2016-07-29,8.1,8.1,8.1,8.1,0
2016-08-01,8.1,8.1,8.1,8.1,0
2016-08-02,8.1,8.1,8.1,8.1,0
2016-08-03,8.1,8.1,8.1,8.1,0
2016-08-04,8.1,8.1,8.1,8.1,0
2016-08-05,8.1,8.1,8.1,8.1,0
2016-08-08,8.1,8.1,8.1,8.1,0
2016-08-09,8.1,8.1,8.1,8.1,0
2016-08-10,8.1,8.1,8.1,8.1,0
2016-08-11,8.1,8.1,8.1,8.1,0
2016-08-12,8.1,8.1,8.1,8.1,0
2016-08-15,8.1,8.1,8.1,8.1,0
2016-08-16,8.1,8.1,8.1,8.1,0
2016-08-17,8.1,8.1,8.1,8.1,0
2016-08-18,8.1,8.1,8.1,8.1,0
2016-08-19,8.1,8.1,8.1,8.1,0
2016-08-22,8.1,8.1,8.1,8.1,0
2016-08-23,8.1,8.1,8.1,8.1,0
2016-08-24,8.1,8.1,8.1,8.1,0
2016-08-25,8.1,8.1,8.1,8.1,0
2016-08-26,8.1,8.1,8.1,8.1,0
2016-08-29,8.1,8.1,8.1,8.1,0
2016-08-30,8.1,8.1,8.1,8.1,0
2016-08-31,8.1,8.1,8.1,8.1,0
2016-09-01,8.1,8.1,8.1,8.1,0
2016-09-05,8.1,8.1,8.1,8.1,0
2016-09-06,8.1,8.1,8.1,8.1,0
2016-09-07,8.1,8.1,8.1,8.1,0
2016-09-08,8.1,8.1,8.1,8.1,0
2016-09-09,8.1,8.1,8.1,8.1,0
2016-09-12,8.1,8.1,8.1,8.1,0
2016-09-13,8.1,8.1,8.1,8.1,0
2016-09-14,8.1,8.1,8.1,8.1,0
2016-09-15,8.1,8.1,8.1,8.1,0
2016-09-16,8.1,8.1,8.1,8.1,0
2016-09-19,8.1,8.1,8.1,8.1,0
2016-09-20,8.1,8.1,8.1,8.1,0
2016-09-21,8.1,8.1,8.1,8.1,0
2016-09-22,8.1,8.1,8.1,8.1,0
2016-09-23,8.1,8.1,8.1,8.1,0
2016-09-26,8.1,8.1,8.1,8.1,0
2016-09-27,8.1,8.1,8.1,8.1,0
2016-09-28,8.1,8.1,8.1,8.1,0
2016-09-29,8.1,8.1,8.1,8.1,0
2016-09-30,8.1,8.1,8.1,8.1,0
2016-10-03,8.1,8.1,8.1,8.1,0
2016-10-04,8.1,8.1,8.1,8.1,0
2016-10-05,8.1,8.1,8.1,8.1,0
2016-10-06,8.1,8.1,8.1,8.1,0
2016-10-07,8.1,8.1,8.1,8.1,0
2016-10-10,8.1,8.1,8.1,8.1,0
2016-10-11,8.1,8.1,8.1,8.1,0
2016-10-12,8.1,8.1,8.1,8.1,0
2016-10-13,8.1,8.1,8.1,8.1,0
2016-10-14,8.1,8.1,8.1,8.1,0
2016-10-17,8.1,8.1,8.1,8.1,0
2016-10-18,8.1,8.1,8.1,8.1,0
2016-10-19,8.1,8.1,8.1,8.1,0
2016-10-20,8.1,8.1,8.1,8.1,0
2016-10-21,8.1,8.1,8.1,8.1,0
2016-10-24,8.1,8.1,8.1,8.1,0
2016-10-25,8.1,8.1,8.1,8.1,0
2016-10-26,8.1,8.1,8.1,8.1,0
2016-10-27,8.1,8.1,8.1,8.1,0
2016-10-28,8.1,8.1,8.1,8.1,0
2016-10-31,8.1,8.1,8.1,8.1,0
2016-11-01,8.1,8.1,8.1,8.1,0
2016-11-02,8.1,8.1,8.1,8.1,0
2016-11-03,8.1,8.1,8.1,8.1,0
2016-11-04,8.1,8.1,8.1,8.1,0
2016-11-07,8.1,8.1,8.1,8.1,0
2016-11-08,8.1,8.1,8.1,8.1,0
2016-11-09,8.1,8.1,8.1,8.1,0
2016-11-10,8.1,8.1,8.1,8.1,0
2016-11-11,6.9,6.9,6.9,6.9,100
2016-11-14,6.9,6.9,6.9,6.9,0
2016-11-15,6.9,6.9,6.9,6.9,0
2016-11-16,6.9,6.9,6.9,6.9,0
2016-11-17,6.9,6.9,6.9,6.9,0
2016-11-18,6.9,6.9,6.9,6.9,0
2016-11-21,6.9,6.9,6.9,6.9,0
2016-11-22,6.9,6.9,6.9,6.9,0
2016-11-23,6.9,6.9,6.9,6.9,0
2016-11-24,6.9,6.9,6.9,6.9,0
2016-11-25,6.9,6.9,6.9,6.9,0
2016-11-28,6.9,6.9,6.9,6.9,0
2016-11-29,6.9,6.9,6.9,6.9,0
2016-11-30,6.9,6.9,6.9,6.9,0
2016-12-01,6.9,6.9,6.9,6.9,0
2016-12-02,6.9,6.9,6.9,6.9,0
2016-12-05,6.9,6.9,6.9,6.9,0
2016-12-06,6.9,6.9,6.9,6.9,0
2016-12-07,6.9,6.9,6.9,6.9,0
2016-12-08,6.9,6.9,6.9,6.9,0
2016-12-09,6.9,6.9,6.9,6.9,0
2016-12-12,6.9,6.9,6.9,6.9,0
2016-12-13,6.9,6.9,6.9,6.9,0
2016-12-14,6.9,6.9,6.9,6.9,0
2016-12-15,6.9,6.9,6.9,6.9,0
2016-12-16,6.9,6.9,6.9,6.9,0
2016-12-19,6.9,6.9,6.9,6.9,0
2016-12-20,6.9,6.9,6.9,6.9,0
2016-12-21,6.9,6.9,6.9,6.9,0
2016-12-22,6.9,6.9,6.9,6.9,0
2016-12-23,6.9,6.9,6.9,6.9,0
2016-12-26,6.9,6.9,6.9,6.9,0
2016-12-27,6.9,6.9,6.9,6.9,0
2016-12-28,6.9,6.9,6.9,6.9,0
2016-12-29,6.9,6.9,6.9,6.9,0
2016-12-30,6.9,6.9,6.9,6.9,0
2017-01-03,6.9,6.9,6.9,6.9,0
2017-01-04,6.9,6.9,6.9,6.9,0
2017-01-05,6.9,6.9,6.9,6.9,0
2017-01-06,6.9,6.9,6.9,6.9,0
2017-01-09,6.9,6.9,6.9,6.9,0
2017-01-10,6.9,6.9,6.9,6.9,0
2017-01-11,6.9,6.9,6.9,6.9,0
2017-01-12,6.9,6.9,6.9,6.9,0
2017-01-13,6.9,6.9,6.9,6.9,0
2017-01-16,6.9,6.9,6.9,6.9,0
2017-01-17,6.9,6.9,6.9,6.9,0
2017-01-18,6.9,6.9,6.9,6.9,0
2017-01-19,6.9,6.9,6.9,6.9,0
2017-01-20,6.9,6.9,6.9,6.9,0
2017-01-23,6.9,6.9,6.9,6.9,0
2017-01-24,6.9,6.9,6.9,6.9,0
2017-01-25,6.9,6.9,6.9,6.9,0
2017-02-02,6.9,6.9,6.9,6.9,0
2017-02-03,6.9,6.9,6.9,6.9,0
2017-02-06,6.9,6.9,6.9,6.9,0
2017-02-07,6.9,6.9,6.9,6.9,0
2017-02-08,6.9,6.9,6.9,6.9,0
2017-02-09,6.9,6.9,6.9,6.9,0
2017-02-10,6.9,6.9,6.9,6.9,0
2017-02-13,6.9,6.9,6.9,6.9,0
2017-02-14,6.9,6.9,6.9,6.9,0
2017-02-15,6.9,6.9,6.9,6.9,0
2017-02-16,6.9,6.9,6.9,6.9,0
2017-02-17,6.9,6.9,6.9,6.9,0
2017-02-20,6.9,6.9,6.9,6.9,0
2017-02-21,6.9,6.9,6.9,6.9,0
2017-02-22,6.9,6.9,6.9,6.9,0
2017-02-23,6.9,6.9,6.9,6.9,0
2017-02-24,6.9,6.9,6.9,6.9,0
2017-02-27,6.9,6.9,6.9,6.9,0
2017-02-28,6.9,6.9,6.9,6.9,0
2017-03-01,6.9,6.9,6.9,6.9,0
2017-03-02,6.9,6.9,6.9,6.9,0
2017-03-03,6.9,6.9,6.9,6.9,0
2017-03-06,6.9,6.9,6.9,6.9,0
2017-03-07,6.9,6.9,6.9,6.9,0
2017-03-08,6.9,6.9,6.9,6.9,0
2017-03-09,6.9,6.9,6.9,6.9,0
2017-03-10,6.9,6.9,6.9,6.9,0
2017-03-13,6.9,6.9,6.9,6.9,0
2017-03-14,6.9,6.9,6.9,6.9,0
2017-03-15,6.9,6.9,6.9,6.9,0
2017-03-16,6.9,6.9,6.9,6.9,0
2017-03-17,6.9,6.9,6.9,6.9,0
2017-03-20,6.9,6.9,6.9,6.9,0
2017-03-21,6.9,6.9,6.9,6.9,0
2017-03-22,6.9,6.9,6.9,6.9,0
2017-03-23,6.9,6.9,6.9,6.9,0
2017-03-24,6.9,6.9,6.9,6.9,0
2017-03-27,6.9,6.9,6.9,6.9,0
2017-03-28,6.9,6.9,6.9,6.9,0
2017-03-29,6.9,6.9,6.9,6.9,0
2017-03-30,6.9,6.9,6.9,6.9,0
2017-03-31,6.9,6.9,6.9,6.9,0
2017-04-03,6.9,6.9,6.9,6.9,0
2017-04-04,6.9,6.9,6.9,6.9,0
2017-04-05,6.9,6.9,6.9,6.9,0
2017-04-07,6.9,6.9,6.9,6.9,0
2017-04-10,6.9,6.9,6.9,6.9,0
2017-04-11,6.9,6.9,6.9,6.9,0
2017-04-12,6.9,6.9,6.9,6.9,0
2017-04-13,6.9,6.9,6.9,6.9,0
2017-04-14,6.9,6.9,6.9,6.9,0
2017-04-17,6.9,6.9,6.9,6.9,0
2017-04-18,6.9,6.9,6.9,6.9,0
2017-04-19,6.9,6.9,6.9,6.9,0
2017-04-20,6.9,6.9,6.9,6.9,0
2017-04-21,6.9,6.9,6.9,6.9,0
2017-04-24,6.9,6.9,6.9,6.9,0
2017-04-25,6.9,6.9,6.9,6.9,0
2017-04-26,6.9,6.9,6.9,6.9,0
2017-04-27,6.9,6.9,6.9,6.9,0
2017-04-28,6.9,6.9,6.9,6.9,0
2017-05-03,6.9,6.9,6.9,6.9,0
2017-05-04,6.9,6.9,6.9,6.9,0
2017-05-05,6.9,6.9,6.9,6.9,0
2017-05-08,6.9,6.9,6.9,6.9,0
2017-05-09,6.9,6.9,6.9,6.9,0
2017-05-10,6.9,6.9,6.9,6.9,0
2017-05-11,6.9,6.9,6.9,6.9,0
2017-05-12,6.9,6.9,6.9,6.9,0
2017-05-15,6.9,6.9,6.9,6.9,0
2017-05-16,6.9,6.9,6.9,6.9,0
2017-05-17,6.9,6.9,6.9,6.9,0
2017-05-18,6.9,6.9,6.9,6.9,0
2017-05-19,6.9,6.9,6.9,6.9,0
2017-05-22,6.9,6.9,6.9,6.9,0
2017-05-23,6.9,6.9,6.9,6.9,0
2017-05-24,6.9,6.9,6.9,6.9,0
2017-05-25,6.9,6.9,6.9,6.9,0
2017-05-26,6.9,6.9,6.9,6.9,0
2017-05-29,6.9,6.9,6.9,6.9,0
2017-05-30,6.9,6.9,6.9,6.9,0
2017-05-31,6.9,6.9,6.9,6.9,0
2017-06-01,6.9,6.9,6.9,6.9,0
2017-06-02,6.9,6.9,6.9,6.9,0
2017-06-05,6.9,6.9,6.9,6.9,0
2017-06-06,6.9,6.9,6.9,6.9,0
2017-06-07,6.9,6.9,6.9,6.9,0
2017-06-08,6.9,6.9,6.9,6.9,0
2017-06-09,6.9,6.9,6.9,6.9,0
2017-06-12,6.9,6.9,6.9,6.9,0
2017-06-13,6.9,6.9,6.9,6.9,0
2017-06-14,6.9,6.9,6.9,6.9,0
2017-06-15,6.9,6.9,6.9,6.9,0
2017-06-16,6.9,6.9,6.9,6.9,0
2017-06-19,6.9,6.9,6.9,6.9,0
2017-06-20,6.9,6.9,6.9,6.9,0
2017-06-21,6.9,6.9,6.9,6.9,0
2017-06-22,6.9,6.9,6.9,6.9,0
2017-06-23,6.9,6.9,6.9,6.9,0
2017-06-26,6.9,6.9,6.9,6.9,0
2017-06-27,6.9,6.9,6.9,6.9,0
2017-06-28,6.9,6.9,6.9,6.9,0
2017-06-29,6.9,6.9,6.9,6.9,0
2017-06-30,6.9,6.9,6.9,6.9,0
2017-07-03,6.9,6.9,6.9,6.9,0
2017-07-04,6.9,6.9,6.9,6.9,0
2017-07-05,6.9,6.9,6.9,6.9,0
2017-07-06,6.9,6.9,6.9,6.9,0
2017-07-07,4.2,4.2,4.2,4.2,100
2017-07-10,4.2,4.2,4.2,4.2,0
2017-07-11,4.2,4.2,4.2,4.2,0
2017-07-12,4.2,4.2,4.2,4.2,0
2017-07-13,4.2,4.2,4.2,4.2,0
2017-07-14,4.2,4.2,4.2,4.2,0
2017-07-17,4.2,4.2,4.2,4.2,0
2017-07-18,4.2,4.2,4.2,4.2,0
2017-07-19,4.2,4.2,4.2,4.2,0
2017-07-20,4.2,4.2,4.2,4.2,0
2017-07-21,4.2,4.2,4.2,4.2,0
2017-07-24,4.2,4.2,4.2,4.2,0
2017-07-25,4.2,4.2,4.2,4.2,0
2017-07-26,4.2,4.2,4.2,4.2,0
2017-07-27,4.2,4.2,4.2,4.2,0
2017-07-28,4.2,4.2,4.2,4.2,0
2017-07-31,4.2,4.2,4.2,4.2,0
2017-08-01,4.2,4.2,4.2,4.2,0
2017-08-02,4.2,4.2,4.2,4.2,0
2017-08-03,4.2,4.2,4.2,4.2,0
2017-08-04,4.2,4.2,4.2,4.2,0
2017-08-07,4.2,4.2,4.2,4.2,0
2017-08-08,4.2,4.2,4.2,4.2,0
2017-08-09,4.2,4.2,4.2,4.2,0
2017-08-10,4.2,4.2,4.2,4.2,0
2017-08-11,4.2,4.2,4.2,4.2,0
2017-08-14,4.2,4.2,4.2,4.2,0
2017-08-15,4.2,4.2,4.2,4.2,0
2017-08-16,4.2,4.2,4.2,4.2,0
2017-08-17,4.2,4.2,4.2,4.2,0
2017-08-18,4.2,4.2,4.2,4.2,0
2017-08-21,4.2,4.2,4.2,4.2,0
2017-08-22,4.2,4.2,4.2,4.2,0
2017-08-23,4.2,4.2,4.2,4.2,0
2017-08-24,4.2,4.2,4.2,4.2,0
2017-08-25,4.2,4.2,4.2,4.2,0
2017-08-28,4.2,4.2,4.2,4.2,0
2017-08-29,4.2,4.2,4.2,4.2,0
2017-08-30,4.2,4.2,4.2,4.2,0
2017-08-31,4.2,4.2,4.2,4.2,0
2017-09-01,4.2,4.2,4.2,4.2,0
2017-09-05,4.2,4.2,4.2,4.2,0
2017-09-06,4.2,4.2,4.2,4.2,0
2017-09-07,4.2,4.2,4.2,4.2,0
2017-09-08,4.2,4.2,4.2,4.2,0
2017-09-11,4.2,4.2,4.2,4.2,0
2017-09-12,4.2,4.2,4.2,4.2,0
2017-09-13,4.2,4.2,4.2,4.2,0
2017-09-14,4.2,4.2,4.2,4.2,0
2017-09-15,4.2,4.2,4.2,4.2,0
2017-09-18,4.2,4.2,4.2,4.2,0
2017-09-19,4.2,4.2,4.2,4.2,0
2017-09-20,4.2,4.2,4.2,4.2,0
2017-09-21,4.2,4.2,4.2,4.2,0
2017-09-22,4.2,4.2,4.2,4.2,0
2017-09-25,4.2,4.2,4.2,4.2,0
2017-09-26,4.2,4.2,4.2,4.2,0
2017-09-27,4.2,4.2,4.2,4.2,0
2017-09-28,4.2,4.2,4.2,4.2,0
2017-09-29,4.2,4.2,4.2,4.2,0
2017-10-02,4.2,4.2,4.2,4.2,0
2017-10-03,4.2,4.2,4.2,4.2,0
2017-10-04,4.2,4.2,4.2,4.2,0
2017-10-05,4.2,4.2,4.2,4.2,0
2017-10-06,4.2,4.2,4.2,4.2,0
2017-10-09,4.2,4.2,4.2,4.2,0
2017-10-10,4.2,4.2,4.2,4.2,0
2017-10-11,4.2,4.2,4.2,4.2,0
2017-10-12,4.2,4.2,4.2,4.2,0
2017-10-13,4.2,4.2,4.2,4.2,0
2017-10-16,4.2,4.2,4.2,4.2,0
2017-10-17,4.2,4.2,4.2,4.2,0
2017-10-18,4.2,4.2,4.2,4.2,0
2017-10-19,4.2,4.2,4.2,4.2,0
2017-10-20,4.2,4.2,4.2,4.2,0
2017-10-23,4.2,4.2,4.2,4.2,0
2017-10-24,4.2,4.2,4.2,4.2,0
2017-10-25,4.2,4.2,4.2,4.2,0
2017-10-26,4.2,4.2,4.2,4.2,0
2017-10-27,4.2,4.2,4.2,4.2,0
2017-10-30,4.2,4.2,4.2,4.2,0
2017-10-31,4.2,4.2,4.2,4.2,0
2017-11-01,4.2,4.2,4.2,4.2,0
2017-11-02,4.2,4.2,4.2,4.2,0
2017-11-03,4.2,4.2,4.2,4.2,0
2017-11-06,4.2,4.2,4.2,4.2,0
2017-11-07,4.2,4.2,4.2,4.2,0
2017-11-08,4.2,4.2,4.2,4.2,0
2017-11-09,4.2,4.2,4.2,4.2,0
2017-11-10,4.2,4.2,4.2,4.2,0
2017-11-13,4.2,4.2,4.2,4.2,0
2017-11-14,4.2,4.2,4.2,4.2,0
2017-11-15,4.2,4.2,4.2,4.2,0
2017-11-16,4.2,4.2,4.2,4.2,0
2017-11-17,4.2,4.2,4.2,4.2,0
2017-11-20,4.2,4.2,4.2,4.2,0
2017-11-21,4.2,4.2,4.2,4.2,0
2017-11-22,4.2,4.2,4.2,4.2,0
2017-11-23,4.2,4.2,4.2,4.2,0
2017-11-24,4.2,4.2,4.2,4.2,0
2017-11-27,4.2,4.2,4.2,4.2,0
2017-11-28,4.2,4.2,4.2,4.2,0
2017-11-29,4.2,4.2,4.2,4.2,0
2017-11-30,4.2,4.2,4.2,4.2,0
2017-12-01,4.2,4.2,4.2,4.2,0
2017-12-04,4.2,4.2,4.2,4.2,0
2017-12-05,4.2,4.2,4.2,4.2,0
2017-12-06,4.2,4.2,4.2,4.2,0
2017-12-07,4.2,4.2,4.2,4.2,0
2017-12-08,4.2,4.2,4.2,4.2,0
2017-12-11,4.2,4.2,4.2,4.2,0
2017-12-12,4.2,4.2,4.2,4.2,0
2017-12-13,4.2,4.2,4.2,4.2,0
2017-12-14,4.2,4.2,4.2,4.2,0
2017-12-15,4.2,4.2,4.2,4.2,0
2017-12-18,4.2,4.2,4.2,4.2,0
2017-12-19,4.2,4.2,4.2,4.2,0
2017-12-20,4.2,4.2,4.2,4.2,0
2017-12-21,4.2,4.2,4.2,4.2,0
2017-12-22,4.2,4.2,4.2,4.2,0
2017-12-25,4.2,4.2,4.2,4.2,0
2017-12-26,4.2,4.2,4.2,4.2,0
2017-12-27,4.2,4.2,4.2,4.2,0
2017-12-28,4.2,4.2,4.2,4.2,0
2017-12-29,4.2,4.2,4.2,4.2,0
2018-01-02,4.2,4.2,4.2,4.2,0
2018-01-03,4.2,4.2,4.2,4.2,0
2018-01-04,4.2,4.2,4.2,4.2,0
2018-01-05,4.2,4.2,4.2,4.2,0
2018-01-08,4.2,4.2,4.2,4.2,0
2018-01-09,4.2,4.2,4.2,4.2,0
2018-01-10,4.2,4.2,4.2,4.2,0
2018-01-11,4.2,4.2,4.2,4.2,0
2018-01-12,4.2,4.2,4.2,4.2,0
2018-01-15,4.2,4.2,4.2,4.2,0
2018-01-16,4.2,4.2,4.2,4.2,0
2018-01-17,4.2,4.2,4.2,4.2,0
2018-01-18,4.2,4.2,4.2,4.2,0
2018-01-19,4.2,4.2,4.2,4.2,0
2018-01-22,4.2,4.2,4.2,4.2,0
2018-01-23,4.2,4.2,4.2,4.2,0
2018-01-24,4.2,4.2,4.2,4.2,0
2018-01-25,4.2,4.2,4.2,4.2,0
2018-01-26,4.2,4.2,4.2,4.2,0
2018-01-29,4.2,4.2,4.2,4.2,0
2018-01-30,4.2,4.2,4.2,4.2,0
2018-01-31,4.2,4.2,4.2,4.2,0
2018-02-01,4.2,4.2,4.2,4.2,0
2018-02-02,4.2,4.2,4.2,4.2,0
2018-02-05,4.2,4.2,4.2,4.2,0
2018-02-06,4.2,4.2,4.2,4.2,0
2018-02-07,4.2,4.2,4.2,4.2,0
2018-02-08,4.2,4.2,4.2,4.2,0
2018-02-09,5.8,5.8,5.8,5.8,100
2018-02-12,5.8,5.8,5.8,5.8,0
2018-02-13,5.8,5.8,5.8,5.8,0
2018-02-21,5.8,5.8,5.8,5.8,0
2018-02-22,5.8,5.8,5.8,5.8,0
2018-02-23,5.8,5.8,5.8,5.8,0
2018-02-26,5.8,5.8,5.8,5.8,0
2018-02-27,5.8,5.8,5.8,5.8,0
2018-02-28,5.8,5.8,5.8,5.8,0
2018-03-01,5.8,5.8,5.8,5.8,0
2018-03-02,5.8,5.8,5.8,5.8,0
2018-03-05,5.8,5.8,5.8,5.8,0
2018-03-06,5.8,5.8,5.8,5.8,0
2018-03-07,5.8,5.8,5.8,5.8,0
2018-03-08,5.8,5.8,5.8,5.8,0
2018-03-09,5.8,5.8,5.8,5.8,0
2018-03-12,5.8,5.8,5.8,5.8,0
2018-03-13,5.8,5.8,5.8,5.8,0
2018-03-14,5.8,5.8,5.8,5.8,0
2018-03-15,5.8,5.8,5.8,5.8,0
2018-03-16,5.8,5.8,5.8,5.8,0
2018-03-19,5.8,5.8,5.8,5.8,0
2018-03-20,5.8,5.8,5.8,5.8,0
2018-03-21,5.8,5.8,5.8,5.8,0
2018-03-22,5.8,5.8,5.8,5.8,0
2018-03-23,5.8,5.8,5.8,5.8,0
2018-03-26,5.8,5.8,5.8,5.8,0
2018-03-27,5.8,5.8,5.8,5.8,0
2018-03-28,5.8,5.8,5.8,5.8,0
2018-03-29,5.8,5.8,5.8,5.8,0
2018-03-30,5.8,5.8,5.8,5.8,0
2018-04-02,5.8,5.8,5.8,5.8,0
2018-04-03,5.8,5.8,5.8,5.8,0
2018-04-04,5.8,5.8,5.8,5.8,0
2018-04-05,5.8,5.8,5.8,5.8,0
2018-04-06,5.8,5.8,5.8,5.8,0
2018-04-09,5.8,5.8,5.8,5.8,0
2018-04-10,5.8,5.8,5.8,5.8,0
2018-04-11,5.8,5.8,5.8,5.8,0
2018-04-12,5.8,5.8,5.8,5.8,0
2018-04-13,5.8,5.8,5.8,5.8,0
2018-04-16,5.8,5.8,5.8,5.8,0
2018-04-17,5.8,5.8,5.8,5.8,0
2018-04-18,5.8,5.8,5.8,5.8,0
2018-04-19,5.8,5.8,5.8,5.8,0
2018-04-20,5.8,5.8,5.8,5.8,0
2018-04-23,5.8,5.8,5.8,5.8,0
2018-04-24,5.8,5.8,5.8,5.8,0
2018-04-26,5.8,5.8,5.8,5.8,0
2018-04-27,5.8,5.8,5.8,5.8,0
2018-05-02,5.8,5.8,5.8,5.8,0
2018-05-03,5.8,5.8,5.8,5.8,0
2018-05-04,5.8,5.8,5.8,5.8,0
2018-05-07,5.8,5.8,5.8,5.8,0
2018-05-08,5.8,5.8,5.8,5.8,0
2018-05-09,5.8,5.8,5.8,5.8,0
2018-05-10,5.8,5.8,5.8,5.8,0
2018-05-11,5.8,5.8,5.8,5.8,0
2018-05-14,5.8,5.8,5.8,5.8,0
2018-05-15,5.8,5.8,5.8,5.8,0
2018-05-16,5.8,5.8,5.8,5.8,0
2018-05-17,5.8,5.8,5.8,5.8,0
2018-05-18,5.8,5.8,5.8,5.8,0
2018-05-21,5.8,5.8,5.8,5.8,0
2018-05-22,5.8,5.8,5.8,5.8,0
2018-05-23,5.8,5.8,5.8,5.8,0
2018-05-24,5.8,5.8,5.8,5.8,0
2018-05-25,5.8,5.8,5.8,5.8,0
2018-05-28,5.8,5.8,5.8,5.8,0
2018-05-29,5.8,5.8,5.8,5.8,0
2018-05-30,5.8,5.8,5.8,5.8,0
2018-05-31,5.8,5.8,5.8,5.8,0
2018-06-01,5.8,5.8,5.8,5.8,0
2018-06-04,5.8,5.8,5.8,5.8,0
2018-06-05,5.8,5.8,5.8,5.8,0
2018-06-06,5.8,5.8,5.8,5.8,0
2018-06-07,5.8,5.8,5.8,5.8,0
2018-06-08,5.8,5.8,5.8,5.8,0
2018-06-11,5.8,5.8,5.8,5.8,0
2018-06-12,5.8,5.8,5.8,5.8,0
2018-06-13,5.8,5.8,5.8,5.8,0
2018-06-14,5.8,5.8,5.8,5.8,0
2018-06-15,5.8,5.8,5.8,5.8,0
2018-06-18,5.8,5.8,5.8,5.8,0
2018-06-19,5.8,5.8,5.8,5.8,0
2018-06-20,5.8,5.8,5.8,5.8,0
2018-06-21,5.8,5.8,5.8,5.8,0
2018-06-22,5.8,5.8,5.8,5.8,0
2018-06-25,5.8,5.8,5.8,5.8,0
2018-06-26,5.8,5.8,5.8,5.8,0
2018-06-27,5.8,5.8,5.8,5.8,0
2018-06-28,5.8,5.8,5.8,5.8,0
2018-06-29,5.8,5.8,5.8,5.8,0
2018-07-02,5.8,5.8,5.8,5.8,0
2018-07-03,5.8,5.8,5.8,5.8,0
2018-07-04,5.8,5.8,5.8,5.8,0
2018-07-05,5.8,5.8,5.8,5.8,0
2018-07-06,5.8,5.8,5.8,5.8,0
2018-07-09,5.8,5.8,5.8,5.8,0
2018-07-10,5.8,5.8,5.8,5.8,0
2018-07-11,5.8,5.8,5.8,5.8,0
2018-07-12,5.8,5.8,5.8,5.8,0
2018-07-13,5.8,5.8,5.8,5.8,0
2018-07-16,5.8,5.8,5.8,5.8,0
2018-07-17,5.8,5.8,5.8,5.8,0
2018-07-18,5.8,5.8,5.8,5.8,0
2018-07-19,5.8,5.8,5.8,5.8,0
2018-07-20,5.8,5.8,5.8,5.8,0
2018-07-23,5.8,5.8,5.8,5.8,0
2018-07-24,5.8,5.8,5.8,5.8,0
2018-07-25,5.8,5.8,5.8,5.8,0
2018-07-26,5.8,5.8,5.8,5.8,0
2018-07-27,5.8,5.8,5.8,5.8,0
2018-07-30,5.8,5.8,5.8,5.8,0
2018-07-31,5.8,5.8,5.8,5.8,0
2018-08-01,5.8,5.8,5.8,5.8,0
2018-08-02,5.8,5.8,5.8,5.8,0
2018-08-03,5.8,5.8,5.8,5.8,0
2018-08-06,5.8,5.8,5.8,5.8,0
2018-08-07,5.8,5.8,5.8,5.8,0
2018-08-08,5.8,5.8,5.8,5.8,0
2018-08-09,5.8,5.8,5.8,5.8,0
2018-08-10,5.8,5.8,5.8,5.8,0
2018-08-13,5.8,5.8,5.8,5.8,0
2018-08-14,5.8,5.8,5.8,5.8,0
2018-08-15,5.8,5.8,5.8,5.8,0
2018-08-16,5.8,5.8,5.8,5.8,0
2018-08-17,5.8,5.8,5.8,5.8,0
2018-08-20,5.8,5.8,5.8,5.8,0
2018-08-21,5.8,5.8,5.8,5.8,0
2018-08-22,5.8,5.8,5.8,5.8,0
2018-08-23,5.8,5.8,5.8,5.8,0
2018-08-24,5.8,5.8,5.8,5.8,0
2018-08-27,5.8,5.8,5.8,5.8,0
2018-08-28,5.8,5.8,5.8,5.8,0
2018-08-29,5.8,5.8,5.8,5.8,0
2018-08-30,5.8,5.8,5.8,5.8,0
2018-08-31,5.8,5.8,5.8,5.8,0
2018-09-04,5.8,5.8,5.8,5.8,0
2018-09-05,5.8,5.8,5.8,5.8,0
2018-09-06,5.8,5.8,5.8,5.8,0
2018-09-07,5.8,5.8,5.8,5.8,0
2018-09-10,5.8,5.8,5.8,5.8,0
2018-09-11,5.8,5.8,5.8,5.8,0
2018-09-12,5.8,5.8,5.8,5.8,0
2018-09-13,5.8,5.8,5.8,5.8,0
2018-09-14,5.8,5.8,5.8,5.8,0
2018-09-17,5.8,5.8,5.8,5.8,0
2018-09-18,5.8,5.8,5.8,5.8,0
2018-09-19,5.8,5.8,5.8,5.8,0
2018-09-20,5.8,5.8,5.8,5.8,0
2018-09-21,5.8,5.8,5.8,5.8,0
2018-09-24,5.8,5.8,5.8,5.8,0
2018-09-25,5.8,5.8,5.8,5.8,0
2018-09-26,5.8,5.8,5.8,5.8,0
2018-09-27,5.8,5.8,5.8,5.8,0
2018-09-28,5.8,5.8,5.8,5.8,0
2018-10-01,5.8,5.8,5.8,5.8,0
2018-10-02,5.8,5.8,5.8,5.8,0
2018-10-03,5.8,5.8,5.8,5.8,0
2018-10-04,5.8,5.8,5.8,5.8,0
2018-10-05,5.8,5.8,5.8,5.8,0
2018-10-08,5.8,5.8,5.8,5.8,0
2018-10-09,5.8,5.8,5.8,5.8,0
2018-10-10,5.8,5.8,5.8,5.8,0
2018-10-11,5.8,5.8,5.8,5.8,0
2018-10-12,5.8,5.8,5.8,5.8,0
2018-10-15,5.8,5.8,5.8,5.8,0
2018-10-16,5.8,5.8,5.8,5.8,0
2018-10-17,5.8,5.8,5.8,5.8,0
2018-10-18,5.8,5.8,5.8,5.8,0
2018-10-19,5.8,5.8,5.8,5.8,0
2018-10-22,5.8,5.8,5.8,5.8,0
2018-10-23,5.8,5.8,5.8,5.8,0
2018-10-24,5.8,5.8,5.8,5.8,0
2018-10-25,5.8,5.8,5.8,5.8,0
2018-10-26,5.8,5.8,5.8,5.8,0
2018-10-29,5.8,5.8,5.8,5.8,0
2018-10-30,5.8,5.8,5.8,5.8,0
2018-10-31,5.8,5.8,5.8,5.8,0
2018-11-01,5.8,5.8,5.8,5.8,0
2018-11-02,5.8,5.8,5.8,5.8,0
2018-11-05,5.8,5.8,5.8,5.8,0
2018-11-06,5.8,5.8,5.8,5.8,0
2018-11-07,5.8,5.8,5.8,5.8,0
2018-11-08,5.8,5.8,5.8,5.8,0
2018-11-09,5.8,5.8,5.8,5.8,0
2018-11-12,5.8,5.8,5.8,5.8,0
2018-11-13,5.8,5.8,5.8,5.8,0
2018-11-14,5.8,5.8,5.8,5.8,0
2018-11-15,5.8,5.8,5.8,5.8,0
2018-11-16,5.8,5.8,5.8,5.8,0
2018-11-19,5.8,5.8,5.8,5.8,0
2018-11-20,5.8,5.8,5.8,5.8,0
2018-11-21,5.8,5.8,5.8,5.8,0
2018-11-22,5.8,5.8,5.8,5.8,0
2018-11-23,5.8,5.8,5.8,5.8,0
2018-11-26,5.8,5.8,5.8,5.8,0
2018-11-27,5.8,5.8,5.8,5.8,0
2018-11-28,5.8,5.8,5.8,5.8,0
2018-11-29,5.8,5.8,5.8,5.8,0
2018-11-30,5.8,5.8,5.8,5.8,0
2018-12-03,5.8,5.8,5.8,5.8,0
2018-12-04,5.8,5.8,5.8,5.8,0
2018-12-05,5.8,5.8,5.8,5.8,0
2018-12-06,5.8,5.8,5.8,5.8,0
2018-12-07,5.8,5.8,5.8,5.8,0
2018-12-10,5.8,5.8,5.8,5.8,0
2018-12-11,5.8,5.8,5.8,5.8,0
2018-12-12,5.8,5.8,5.8,5.8,0
2018-12-13,5.8,5.8,5.8,5.8,0
2018-12-14,5.8,5.8,5.8,5.8,0
2018-12-17,5.8,5.8,5.8,5.8,0
2018-12-18,5.8,5.8,5.8,5.8,0
2018-12-19,5.8,5.8,5.8,5.8,0
2018-12-20,5.8,5.8,5.8,5.8,0
2018-12-21,5.8,5.8,5.8,5.8,0
2018-12-24,5.8,5.8,5.8,5.8,0
2018-12-25,5.8,5.8,5.8,5.8,0
2018-12-26,5.8,5.8,5.8,5.8,0
2018-12-27,5.8,5.8,5.8,5.8,0
2018-12-28,3.5,3.5,3.5,3.5,500
2019-01-02,3.5,3.5,3.5,3.5,0
2019-01-03,3.5,3.5,3.5,3.5,0
2019-01-04,3.5,3.5,3.5,3.5,0
2019-01-07,3.5,3.5,3.5,3.5,0
2019-01-08,3.5,3.5,3.5,3.5,0
2019-01-09,3.5,3.5,3.5,3.5,0
2019-01-10,3.5,3.5,3.5,3.5,0
2019-01-11,3.5,3.5,3.5,3.5,0
2019-01-14,3.5,3.5,3.5,3.5,0
2019-01-15,3.5,3.5,3.5,3.5,0
2019-01-16,3.5,3.5,3.5,3.5,0
2019-01-17,3.5,3.5,3.5,3.5,0
2019-01-18,3.5,3.5,3.5,3.5,0
2019-01-21,3.5,3.5,3.5,3.5,0
2019-01-22,3.5,3.5,3.5,3.5,0
2019-01-23,3.5,3.5,3.5,3.5,0
2019-01-24,3.5,3.5,3.5,3.5,0
2019-01-25,3.5,3.5,3.5,3.5,0
2019-01-28,3.5,3.5,3.5,3.5,0
2019-01-29,3.5,3.5,3.5,3.5,0
2019-01-30,3.5,3.5,3.5,3.5,0
2019-01-31,3.5,3.5,3.5,3.5,0
2019-02-01,3.5,3.5,3.5,3.5,0
2019-02-11,3.5,3.5,3.5,3.5,0
2019-02-12,3.5,3.5,3.5,3.5,0
2019-02-13,3.5,3.5,3.5,3.5,0
2019-02-14,3.5,3.5,3.5,3.5,0
2019-02-15,3.5,3.5,3.5,3.5,0
2019-02-18,3.5,3.5,3.5,3.5,0
2019-02-19,3.5,3.5,3.5,3.5,0
2019-02-20,3.5,3.5,3.5,3.5,0
2019-02-21,3.5,3.5,3.5,3.5,0
2019-02-22,3.5,3.5,3.5,3.5,0
2019-02-25,3.5,3.5,3.5,3.5,0
2019-02-26,3.5,3.5,3.5,3.5,0
2019-02-27,3.5,3.5,3.5,3.5,0
2019-02-28,3.5,3.5,3.5,3.5,0
2019-03-01,3.5,3.5,3.5,3.5,0
2019-03-04,3.5,3.5,3.5,3.5,0
2019-03-05,3.5,3.5,3.5,3.5,0
2019-03-06,3.5,3.5,3.5,3.5,0
2019-03-07,3.5,3.5,3.5,3.5,0
2019-03-08,3.5,3.5,3.5,3.5,0
2019-03-11,3.5,3.5,3.5,3.5,0
2019-03-12,3.5,3.5,3.5,3.5,0
2019-03-13,3.5,3.5,3.5,3.5,0
2019-03-14,3.5,3.5,3.5,3.5,0
2019-03-15,3.5,3.5,3.5,3.5,0
2019-03-18,3.5,3.5,3.5,3.5,0
2019-03-19,3.5,3.5,3.5,3.5,0
2019-03-20,3.5,3.5,3.5,3.5,0
2019-03-21,3.5,3.5,3.5,3.5,0
2019-03-22,3.5,3.5,3.5,3.5,0
2019-03-25,3.5,3.5,3.5,3.5,0
2019-03-26,3.5,3.5,3.5,3.5,0
2019-03-27,3.5,3.5,3.5,3.5,0
2019-03-28,3.5,3.5,3.5,3.5,0
2019-03-29,3.5,3.5,3.5,3.5,0
2019-04-01,3.5,3.5,3.5,3.5,0
2019-04-02,3.5,3.5,3.5,3.5,0
2019-04-03,3.5,3.5,3.5,3.5,0
2019-04-04,3.5,3.5,3.5,3.5,0
2019-04-05,3.5,3.5,3.5,3.5,0
2019-04-08,3.5,3.5,3.5,3.5,0
2019-04-09,3.5,3.5,3.5,3.5,0
2019-04-10,3.5,3.5,3.5,3.5,0
2019-04-11,3.5,3.5,3.5,3.5,0
2019-04-12,3.0,3.5,3.0,3.5,4200
2019-04-16,3.0,3.5,3.5,3.5,0
2019-04-17,3.0,3.5,3.5,3.5,0
2019-04-18,3.0,3.5,3.5,3.5,0
2019-04-19,3.0,3.5,3.5,3.5,0
2019-04-22,3.0,3.5,3.5,3.5,0
2019-04-23,3.0,3.5,3.5,3.5,0
2019-04-24,3.0,3.5,3.5,3.5,0
2019-04-25,3.0,3.5,3.5,3.5,0
2019-04-26,3.0,3.5,3.5,3.5,0
2019-05-02,3.0,3.5,3.5,3.5,0
2019-05-03,3.0,3.5,3.5,3.5,0
2019-05-06,3.0,3.5,3.5,3.5,0
2019-05-07,3.0,3.5,3.5,3.5,0
2019-05-08,3.0,3.5,3.5,3.5,0
2019-05-09,3.0,3.5,3.5,3.5,0
2019-05-10,3.0,3.5,3.5,3.5,0
2019-05-13,3.0,3.5,3.5,3.5,0
2019-05-14,3.0,3.5,3.5,3.5,0
2019-05-15,3.0,3.5,3.5,3.5,0
2019-05-16,3.0,3.5,3.5,3.5,0
2019-05-17,3.0,3.5,3.5,3.5,0
2019-05-20,3.0,3.5,3.5,3.5,0
2019-05-21,3.0,3.5,3.5,3.5,0
2019-05-22,3.0,3.5,3.5,3.5,0
2019-05-23,3.0,3.5,3.5,3.5,0
2019-05-24,3.0,3.5,3.5,3.5,0
2019-05-27,3.0,3.5,3.5,3.5,0
2019-05-28,3.0,3.5,3.5,3.5,0
2019-05-29,3.0,3.5,3.5,3.5,0
2019-05-30,3.0,3.5,3.5,3.5,0
2019-05-31,3.0,3.5,3.5,3.5,0
2019-06-03,3.0,3.5,3.5,3.5,0
2019-06-04,3.0,3.5,3.5,3.5,0
2019-06-05,3.0,3.5,3.5,3.5,0
2019-06-06,3.0,3.5,3.5,3.5,0
2019-06-07,3.0,3.5,3.5,3.5,0
2019-06-10,3.0,3.5,3.5,3.5,0
2019-06-11,3.0,3.5,3.5,3.5,0
2019-06-12,3.0,3.5,3.5,3.5,0
2019-06-13,3.0,3.5,3.5,3.5,0
2019-06-14,3.0,3.5,3.5,3.5,0
2019-06-17,3.0,3.5,3.5,3.5,0
2019-06-18,3.0,3.5,3.5,3.5,0
2019-06-19,3.0,3.5,3.5,3.5,0
2019-06-20,3.0,3.0,3.0,3.0,0
2019-06-21,3.0,3.0,3.0,3.0,0
2019-06-24,3.0,3.5,3.5,3.5,0
2019-06-25,3.0,3.5,3.5,3.5,0
2019-06-26,3.0,3.5,3.5,3.5,0
2019-06-27,3.0,3.5,3.5,3.5,0
2019-06-28,3.0,3.5,3.5,3.5,0
2019-07-01,3.0,3.5,3.5,3.5,0
2019-07-02,3.0,3.5,3.5,3.5,0
2019-07-03,3.0,3.5,3.5,3.5,0
2019-07-04,3.0,3.0,3.0,3.0,0
2019-07-05,3.0,3.5,3.5,3.5,0
2019-07-08,3.0,3.5,3.5,3.5,0
2019-07-09,3.0,3.5,3.5,3.5,0
2019-07-10,3.0,3.5,3.5,3.5,0
2019-07-11,3.0,3.5,3.5,3.5,0
2019-07-12,3.0,3.5,3.5,3.5,0
2019-07-15,3.0,3.5,3.5,3.5,0
2019-07-16,3.0,3.5,3.5,3.5,0
2019-07-17,3.0,3.5,3.5,3.5,0
2019-07-18,3.0,3.5,3.5,3.5,0
2019-07-19,3.0,3.5,3.5,3.5,0
2019-07-22,3.0,3.5,3.5,3.5,0
2019-07-23,3.0,3.5,3.5,3.5,0
2019-07-24,3.0,3.5,3.5,3.5,0
2019-07-25,3.0,3.5,3.5,3.5,0
2019-07-26,3.0,3.5,3.5,3.5,0
2019-07-29,3.0,3.5,3.5,3.5,0
2019-07-30,3.0,3.5,3.5,3.5,0
2019-07-31,3.0,3.5,3.5,3.5,0
2019-08-01,3.0,3.5,3.5,3.5,0
2019-08-02,3.0,3.5,3.5,3.5,0
2019-08-05,3.0,3.5,3.5,3.5,0
2019-08-06,3.0,3.5,3.5,3.5,0
2019-08-07,3.0,3.5,3.5,3.5,0
2019-08-08,3.0,3.5,3.5,3.5,0
2019-08-09,3.0,3.5,3.5,3.5,0
2019-08-12,3.0,3.5,3.5,3.5,0
2019-08-13,3.0,3.5,3.5,3.5,0
2019-08-14,3.0,3.5,3.5,3.5,0
2019-08-15,3.0,3.5,3.5,3.5,0
2019-08-16,3.0,3.5,3.5,3.5,0
2019-08-19,3.0,3.5,3.5,3.5,0
2019-08-20,3.0,3.5,3.5,3.5,0
2019-08-21,3.0,3.5,3.5,3.5,0
2019-08-22,3.0,3.5,3.5,3.5,0
2019-08-23,3.0,3.5,3.5,3.5,0
2019-08-26,3.0,3.5,3.5,3.5,0
2019-08-27,3.0,3.5,3.5,3.5,0
2019-08-28,3.0,3.5,3.5,3.5,0
2019-08-29,3.0,3.5,3.5,3.5,0
2019-08-30,3.0,3.5,3.5,3.5,0
2019-09-03,3.0,3.5,3.5,3.5,0
2019-09-04,3.0,3.5,3.5,3.5,0
2019-09-05,3.0,3.5,3.5,3.5,0
2019-09-06,3.0,3.5,3.5,3.5,0
2019-09-09,3.0,3.5,3.5,3.5,0
2019-09-10,3.0,3.5,3.5,3.5,0
2019-09-11,3.0,3.5,3.5,3.5,0
2019-09-12,3.0,3.5,3.5,3.5,0
2019-09-13,3.0,3.5,3.5,3.5,0
2019-09-16,3.0,3.5,3.5,3.5,0
2019-09-17,3.0,3.5,3.5,3.5,0
2019-09-18,3.0,3.5,3.5,3.5,0
2019-09-19,3.0,3.5,3.5,3.5,0
2019-09-20,3.0,3.5,3.5,3.5,0
2019-09-23,3.0,3.5,3.5,3.5,0
2019-09-24,3.0,3.5,3.5,3.5,0
2019-09-25,3.0,3.5,3.5,3.5,0
2019-09-26,3.0,3.5,3.5,3.5,0
2019-09-27,3.0,3.5,3.5,3.5,0
2019-09-30,3.0,3.5,3.5,3.5,0
2019-10-01,3.0,3.5,3.5,3.5,0
2019-10-02,3.0,3.5,3.5,3.5,0
2019-10-03,3.0,3.5,3.5,3.5,0
2019-10-04,3.0,3.5,3.5,3.5,0
2019-10-07,3.0,3.5,3.5,3.5,0
2019-10-08,3.0,3.5,3.5,3.5,0
2019-10-09,3.0,3.5,3.5,3.5,0
2019-10-10,3.0,3.5,3.5,3.5,0
2019-10-11,3.0,3.5,3.5,3.5,0
2019-10-14,3.0,3.5,3.5,3.5,0
2019-10-15,3.0,3.0,3.0,3.0,0
2019-10-16,3.0,3.5,3.5,3.5,0
2019-10-17,3.0,3.5,3.5,3.5,0
2019-10-18,3.0,3.5,3.5,3.5,0
2019-10-21,3.0,3.5,3.5,3.5,0
2019-10-22,3.0,3.5,3.5,3.5,0
2019-10-23,3.0,3.5,3.5,3.5,0
2019-10-24,3.0,3.5,3.5,3.5,0
2019-10-25,4.0,4.0,4.0,4.0,100
2019-10-28,4.0,4.0,4.0,4.0,0
2019-10-29,4.0,4.0,4.0,4.0,0
2019-10-30,4.0,4.0,4.0,4.0,0
2019-10-31,4.0,4.0,4.0,4.0,0
2019-11-01,4.0,4.0,4.0,4.0,0
2019-11-04,4.0,4.0,4.0,4.0,0
2019-11-05,4.0,4.0,4.0,4.0,0
2019-11-06,4.0,4.0,4.0,4.0,0
2019-11-07,4.0,4.0,4.0,4.0,0
2019-11-08,4.0,4.0,4.0,4.0,0
2019-11-11,4.0,4.0,4.0,4.0,0
2019-11-12,4.0,4.0,4.0,4.0,0
2019-11-13,4.0,4.0,4.0,4.0,0
2019-11-14,4.0,4.0,4.0,4.0,0
2019-11-15,4.0,4.0,4.0,4.0,0
2019-11-18,4.0,4.0,4.0,4.0,0
2019-11-19,4.0,4.0,4.0,4.0,0
2019-11-20,4.0,4.0,4.0,4.0,0
2019-11-21,4.0,4.0,4.0,4.0,0
2019-11-22,4.0,4.0,4.0,4.0,0
2019-11-25,4.0,4.0,4.0,4.0,0
2019-11-26,4.0,4.0,4.0,4.0,0
2019-11-27,4.0,4.0,4.0,4.0,0
2019-11-28,4.0,4.0,4.0,4.0,0
2019-11-29,4.0,4.0,4.0,4.0,0
2019-12-02,4.0,4.0,4.0,4.0,0
2019-12-03,4.0,4.0,4.0,4.0,0
2019-12-04,4.0,4.0,4.0,4.0,0
2019-12-05,4.0,4.0,4.0,4.0,0
2019-12-06,4.0,4.0,4.0,4.0,0
2019-12-09,4.0,4.0,4.0,4.0,0
2019-12-10,4.0,4.0,4.0,4.0,0
2019-12-11,4.0,4.0,4.0,4.0,0
2019-12-12,4.0,4.0,4.0,4.0,0
2019-12-13,4.0,4.0,4.0,4.0,0
2019-12-16,4.0,4.0,4.0,4.0,0
2019-12-17,4.0,4.0,4.0,4.0,0
2019-12-18,4.0,4.0,4.0,4.0,0
2019-12-19,4.0,4.0,4.0,4.0,0
2019-12-20,4.0,4.0,4.0,4.0,0
2019-12-23,4.0,4.0,4.0,4.0,0
2019-12-24,4.0,4.0,4.0,4.0,0
2019-12-25,4.0,4.0,4.0,4.0,0
2019-12-26,4.0,4.0,4.0,4.0,0
2019-12-27,4.0,4.0,4.0,4.0,0
2019-12-30,4.0,4.0,4.0,4.0,0
2019-12-31,4.0,4.0,4.0,4.0,0
2020-01-02,4.0,4.0,4.0,4.0,0
2020-01-03,4.0,4.0,4.0,4.0,0
2020-01-06,4.0,4.0,4.0,4.0,0
2020-01-07,4.0,4.0,4.0,4.0,0
2020-01-08,4.0,4.0,4.0,4.0,0
2020-01-09,4.0,4.0,4.0,4.0,0
2020-01-10,4.0,4.0,4.0,4.0,0
2020-01-13,4.0,4.0,4.0,4.0,0
2020-01-14,4.0,4.0,4.0,4.0,0
2020-01-15,4.0,4.0,4.0,4.0,0
2020-01-16,4.0,4.0,4.0,4.0,0
2020-01-17,4.0,4.0,4.0,4.0,0
2020-01-20,4.0,4.0,4.0,4.0,0
2020-01-21,4.0,4.0,4.0,4.0,0
2020-01-22,4.0,4.0,4.0,4.0,0
2020-01-30,4.0,4.0,4.0,4.0,0
2020-01-31,4.0,4.0,4.0,4.0,0
2020-02-03,4.0,4.0,4.0,4.0,0
2020-02-04,4.0,4.0,4.0,4.0,0
2020-02-05,4.0,4.0,4.0,4.0,0
2020-02-06,4.0,4.0,4.0,4.0,0
2020-02-07,4.6,4.6,4.6,4.6,100
2020-02-10,4.6,4.6,4.6,4.6,0
2020-02-11,4.6,4.6,4.6,4.6,0
2020-02-12,4.6,4.6,4.6,4.6,0
2020-02-13,4.6,4.6,4.6,4.6,0
2020-02-14,4.6,4.6,4.6,4.6,0
2020-02-17,4.6,4.6,4.6,4.6,0
2020-02-18,4.6,4.6,4.6,4.6,0
2020-02-19,4.6,4.6,4.6,4.6,0
2020-02-20,4.6,4.6,4.6,4.6,0
2020-02-21,4.6,4.6,4.6,4.6,0
2020-02-24,4.6,4.6,4.6,4.6,0
2020-02-25,4.6,4.6,4.6,4.6,0
2020-02-26,4.6,4.6,4.6,4.6,0
2020-02-27,4.6,4.6,4.6,4.6,0
2020-02-28,4.6,4.6,4.6,4.6,0
2020-03-02,4.6,4.6,4.6,4.6,0
2020-03-03,4.6,4.6,4.6,4.6,0
2020-03-04,4.6,4.6,4.6,4.6,0
2020-03-05,4.6,4.6,4.6,4.6,0
2020-03-06,4.6,4.6,4.6,4.6,0
2020-03-09,4.6,4.6,4.6,4.6,0
2020-03-10,4.6,4.6,4.6,4.6,0
2020-03-11,4.6,4.6,4.6,4.6,0
2020-03-12,4.6,4.6,4.6,4.6,0
2020-03-13,4.6,4.6,4.6,4.6,0
2020-03-16,4.6,4.6,4.6,4.6,0
2020-03-17,4.6,4.6,4.6,4.6,0
2020-03-18,4.6,4.6,4.6,4.6,0
2020-03-19,4.6,4.6,4.6,4.6,0
2020-03-20,4.6,4.6,4.6,4.6,0
2020-03-23,4.6,4.6,4.6,4.6,0
2020-03-24,4.6,4.6,4.6,4.6,0
2020-03-25,4.6,4.6,4.6,4.6,0
2020-03-26,4.6,4.6,4.6,4.6,0
2020-03-27,4.6,4.6,4.6,4.6,0
2020-03-30,4.6,4.6,4.6,4.6,0
2020-03-31,4.6,4.6,4.6,4.6,0
2020-04-01,4.6,4.6,4.6,4.6,0
2020-04-03,4.6,4.6,4.6,4.6,0
2020-04-06,4.6,4.6,4.6,4.6,0
2020-04-07,4.6,4.6,4.6,4.6,0
2020-04-08,4.6,4.6,4.6,4.6,0
2020-04-09,4.6,4.6,4.6,4.6,0
2020-04-10,4.6,4.6,4.6,4.6,0
2020-04-13,4.6,4.6,4.6,4.6,0
2020-04-14,4.6,4.6,4.6,4.6,0
2020-04-15,4.6,4.6,4.6,4.6,0
2020-04-16,4.6,4.6,4.6,4.6,0
2020-04-17,4.6,4.6,4.6,4.6,0
2020-04-20,4.6,4.6,4.6,4.6,0
2020-04-21,4.6,4.6,4.6,4.6,0
2020-04-22,4.6,4.6,4.6,4.6,0
2020-04-23,4.6,4.6,4.6,4.6,0
2020-04-24,5.2,5.2,5.2,5.2,100
2020-04-27,5.2,5.2,5.2,5.2,0
2020-04-28,5.2,5.2,5.2,5.2,0
2020-04-29,5.2,5.2,5.2,5.2,0
2020-05-04,5.2,5.2,5.2,5.2,0
2020-05-05,5.2,5.2,5.2,5.2,0
2020-05-06,5.2,5.2,5.2,5.2,0
2020-05-07,5.2,5.2,5.2,5.2,0
2020-05-08,4.5,4.5,4.5,4.5,1000
2020-05-11,4.5,4.5,4.5,4.5,0
2020-05-12,4.5,4.5,4.5,4.5,0
2020-05-13,4.5,4.5,4.5,4.5,0
2020-05-14,4.5,4.5,4.5,4.5,0
2020-05-15,4.5,4.5,4.5,4.5,0
2020-05-18,4.5,4.5,4.5,4.5,0
2020-05-19,4.5,4.5,4.5,4.5,0
2020-05-20,4.5,4.5,4.5,4.5,0
2020-05-21,4.5,4.5,4.5,4.5,0
2020-05-22,3.9,3.9,3.9,3.9,1000
2020-05-25,3.9,3.9,3.9,3.9,0
2020-05-26,3.9,3.9,3.9,3.9,0
2020-05-27,3.9,3.9,3.9,3.9,0
2020-05-28,3.9,3.9,3.9,3.9,0
2020-05-29,3.9,3.9,3.9,3.9,0
2020-06-01,3.9,3.9,3.9,3.9,0
2020-06-02,3.9,3.9,3.9,3.9,0
2020-06-03,3.9,3.9,3.9,3.9,0
2020-06-04,3.9,3.9,3.9,3.9,0
2020-06-05,3.9,3.9,3.9,3.9,0
2020-06-08,3.9,3.9,3.9,3.9,0
2020-06-09,3.9,3.9,3.9,3.9,0
2020-06-10,3.9,3.9,3.9,3.9,0
2020-06-11,3.9,3.9,3.9,3.9,0
2020-06-12,3.9,3.9,3.9,3.9,0
2020-06-15,3.9,3.9,3.9,3.9,0
2020-06-16,3.9,3.9,3.9,3.9,0
2020-06-17,3.9,3.9,3.9,3.9,0
2020-06-18,3.9,3.9,3.9,3.9,0
2020-06-19,3.9,3.9,3.9,3.9,0
2020-06-22,3.9,3.9,3.9,3.9,0
2020-06-23,3.9,3.9,3.9,3.9,0
2020-06-24,3.9,3.9,3.9,3.9,0
2020-06-25,3.9,3.9,3.9,3.9,0
2020-06-26,3.9,3.9,3.9,3.9,0
2020-06-29,3.9,3.9,3.9,3.9,0
2020-06-30,3.9,3.9,3.9,3.9,0
2020-07-01,3.9,3.9,3.9,3.9,0
2020-07-02,3.9,3.9,3.9,3.9,0
2020-07-03,3.9,3.9,3.9,3.9,0
2020-07-06,3.9,3.9,3.9,3.9,0
2020-07-07,3.9,3.9,3.9,3.9,0
2020-07-08,3.9,3.9,3.9,3.9,0
2020-07-09,3.9,3.9,3.9,3.9,0
2020-07-10,3.9,3.9,3.9,3.9,0
2020-07-13,3.9,3.9,3.9,3.9,0
2020-07-14,3.9,3.9,3.9,3.9,0
2020-07-15,3.9,3.9,3.9,3.9,0
2020-07-16,3.9,3.9,3.9,3.9,0
2020-07-17,3.9,3.9,3.9,3.9,0
2020-07-20,3.9,3.9,3.9,3.9,0
2020-07-21,3.9,3.9,3.9,3.9,0
2020-07-22,3.9,3.9,3.9,3.9,0
2020-07-23,3.9,3.9,3.9,3.9,0
2020-07-24,3.9,3.9,3.9,3.9,0
2020-07-27,3.9,3.9,3.9,3.9,0
2020-07-28,3.9,3.9,3.9,3.9,0
2020-07-29,3.9,3.9,3.9,3.9,0
2020-07-30,3.9,3.9,3.9,3.9,0
2020-07-31,3.9,3.9,3.9,3.9,0
2020-08-03,3.9,3.9,3.9,3.9,0
2020-08-04,3.9,3.9,3.9,3.9,0
2020-08-05,3.9,3.9,3.9,3.9,0
2020-08-06,3.9,3.9,3.9,3.9,0
2020-08-07,3.9,3.9,3.9,3.9,0
2020-08-10,3.9,3.9,3.9,3.9,0
2020-08-11,3.9,3.9,3.9,3.9,0
2020-08-12,3.9,3.9,3.9,3.9,0
2020-08-13,3.9,3.9,3.9,3.9,0
2020-08-14,3.9,3.9,3.9,3.9,0
2020-08-17,3.9,3.9,3.9,3.9,0
2020-08-18,3.9,3.9,3.9,3.9,0
2020-08-19,3.9,3.9,3.9,3.9,0
2020-08-20,3.9,3.9,3.9,3.9,0
2020-08-21,3.9,3.9,3.9,3.9,0
2020-08-24,3.9,3.9,3.9,3.9,0
2020-08-25,3.9,3.9,3.9,3.9,0
2020-08-26,3.9,3.9,3.9,3.9,0
2020-08-27,3.9,3.9,3.9,3.9,0
2020-08-28,3.9,3.9,3.9,3.9,0
2020-08-31,3.9,3.9,3.9,3.9,0
2020-09-01,3.9,3.9,3.9,3.9,0
2020-09-03,3.9,3.9,3.9,3.9,0
2020-09-04,3.9,3.9,3.9,3.9,0
2020-09-07,3.9,3.9,3.9,3.9,0
2020-09-08,3.9,3.9,3.9,3.9,0
2020-09-09,3.9,3.9,3.9,3.9,0
2020-09-10,3.9,3.9,3.9,3.9,0
2020-09-11,3.9,3.9,3.9,3.9,0
2020-09-14,3.9,3.9,3.9,3.9,0
2020-09-15,3.9,3.9,3.9,3.9,0
2020-09-16,3.9,3.9,3.9,3.9,0
2020-09-17,3.9,3.9,3.9,3.9,0
2020-09-18,3.9,3.9,3.9,3.9,0
2020-09-21,3.9,3.9,3.9,3.9,0
2020-09-22,3.9,3.9,3.9,3.9,0
2020-09-23,3.9,3.9,3.9,3.9,0
2020-09-24,3.9,3.9,3.9,3.9,0
2020-09-25,3.9,3.9,3.9,3.9,0
2020-09-28,3.9,3.9,3.9,3.9,0
2020-09-29,3.9,3.9,3.9,3.9,0
2020-09-30,3.9,3.9,3.9,3.9,0
2020-10-01,3.9,3.9,3.9,3.9,0
2020-10-02,3.9,3.9,3.9,3.9,0
2020-10-05,3.9,3.9,3.9,3.9,0
2020-10-06,3.9,3.9,3.9,3.9,0
2020-10-07,3.9,3.9,3.9,3.9,0
2020-10-08,3.9,3.9,3.9,3.9,0
2020-10-09,3.9,3.9,3.9,3.9,0
2020-10-12,3.9,3.9,3.9,3.9,0
2020-10-13,3.9,3.9,3.9,3.9,0
2020-10-14,3.9,3.9,3.9,3.9,0
2020-10-15,3.9,3.9,3.9,3.9,0
2020-10-16,3.9,3.9,3.9,3.9,0
2020-10-19,3.9,3.9,3.9,3.9,0
2020-10-20,3.9,3.9,3.9,3.9,0
2020-10-21,3.9,3.9,3.9,3.9,0
2020-10-22,3.9,3.9,3.9,3.9,0
2020-10-23,3.9,3.9,3.9,3.9,0
2020-10-26,3.9,3.9,3.9,3.9,0
2020-10-27,3.9,3.9,3.9,3.9,0
2020-10-28,3.9,3.9,3.9,3.9,0
2020-10-29,3.9,3.9,3.9,3.9,0
2020-10-30,3.9,3.9,3.9,3.9,0
2020-11-02,3.9,3.9,3.9,3.9,0
2020-11-03,3.9,3.9,3.9,3.9,0
2020-11-04,3.9,3.9,3.9,3.9,0
2020-11-05,3.9,3.9,3.9,3.9,0
2020-11-06,3.9,3.9,3.9,3.9,0
2020-11-09,3.9,3.9,3.9,3.9,0
2020-11-10,3.9,3.9,3.9,3.9,0
2020-11-11,3.9,3.9,3.9,3.9,0
2020-11-12,3.9,3.9,3.9,3.9,0
2020-11-13,3.9,3.9,3.9,3.9,0
2020-11-16,3.9,3.9,3.9,3.9,0
2020-11-17,3.9,3.9,3.9,3.9,0
2020-11-18,3.9,3.9,3.9,3.9,0
2020-11-19,3.9,3.9,3.9,3.9,0
2020-11-20,3.9,3.9,3.9,3.9,0
2020-11-23,3.9,3.9,3.9,3.9,0
2020-11-24,3.9,3.9,3.9,3.9,0
2020-11-25,3.9,3.9,3.9,3.9,0
2020-11-26,3.9,3.9,3.9,3.9,0
2020-11-27,5.4,5.4,5.4,5.4,100
2020-11-30,5.4,5.4,5.4,5.4,0
2020-12-01,5.4,5.4,5.4,5.4,0
2020-12-02,5.4,5.4,5.4,5.4,0
2020-12-03,5.4,5.4,5.4,5.4,0
2020-12-04,5.4,5.4,5.4,5.4,0
2020-12-07,5.4,5.4,5.4,5.4,0
2020-12-08,5.4,5.4,5.4,5.4,0
2020-12-09,5.4,5.4,5.4,5.4,0
2020-12-10,5.4,5.4,5.4,5.4,0
2020-12-11,5.4,5.4,5.4,5.4,0
2020-12-14,5.4,5.4,5.4,5.4,0
2020-12-15,5.4,5.4,5.4,5.4,0
2020-12-16,5.4,5.4,5.4,5.4,0
2020-12-17,5.4,5.4,5.4,5.4,0
2020-12-18,4.6,4.6,4.6,4.6,100
2020-12-21,4.6,4.6,4.6,4.6,0
2020-12-22,4.6,4.6,4.6,4.6,0
2020-12-23,4.6,4.6,4.6,4.6,0
2020-12-24,4.6,4.6,4.6,4.6,0
2020-12-25,5.1,5.1,5.1,5.1,100
2020-12-28,5.1,5.1,5.1,5.1,0
2020-12-29,5.1,5.1,5.1,5.1,0
2020-12-30,5.1,5.1,5.1,5.1,0
2020-12-31,5.1,5.1,5.1,5.1,0
2021-01-04,5.1,5.1,5.1,5.1,0
2021-01-05,5.1,5.1,5.1,5.1,0
2021-01-06,5.1,5.1,5.1,5.1,0
2021-01-07,5.1,5.1,5.1,5.1,0
2021-01-08,5.1,5.1,5.1,5.1,0
2021-01-11,5.1,5.1,5.1,5.1,0
2021-01-12,5.1,5.1,5.1,5.1,0
2021-01-13,5.1,5.1,5.1,5.1,0
2021-01-14,5.1,5.1,5.1,5.1,0
2021-01-15,5.1,5.1,5.1,5.1,0
2021-01-18,5.1,5.1,5.1,5.1,0
2021-01-19,5.1,5.1,5.1,5.1,0
2021-01-20,5.1,5.1,5.1,5.1,0
2021-01-21,5.1,5.1,5.1,5.1,0
2021-01-22,5.1,5.1,5.1,5.1,0
2021-01-25,5.1,5.1,5.1,5.1,0
2021-01-26,5.1,5.1,5.1,5.1,0
2021-01-27,5.1,5.1,5.1,5.1,0
2021-01-28,5.1,5.1,5.1,5.1,0
2021-01-29,5.1,5.1,5.1,5.1,0
2021-02-01,5.1,5.1,5.1,5.1,0
2021-02-02,5.1,5.1,5.1,5.1,0
2021-02-03,5.1,5.1,5.1,5.1,0
2021-02-04,5.1,5.1,5.1,5.1,0
2021-02-05,5.1,5.1,5.1,5.1,0
2021-02-08,5.1,5.1,5.1,5.1,0
2021-02-09,5.1,5.1,5.1,5.1,0
2021-02-17,5.1,5.1,5.1,5.1,0
2021-02-18,5.1,5.1,5.1,5.1,0
2021-02-19,5.8,5.8,5.8,5.8,100
2021-02-22,5.8,5.8,5.8,5.8,0
2021-02-23,5.8,5.8,5.8,5.8,0
2021-02-24,5.8,5.8,5.8,5.8,0
2021-02-25,5.8,5.8,5.8,5.8,0
2021-02-26,5.8,5.8,5.8,5.8,0
2021-03-01,5.8,5.8,5.8,5.8,0
2021-03-02,5.8,5.8,5.8,5.8,0
2021-03-03,5.8,5.8,5.8,5.8,0
2021-03-04,5.8,5.8,5.8,5.8,0
2021-03-05,5.8,5.8,5.8,5.8,0
2021-03-08,5.8,5.8,5.8,5.8,0
2021-03-09,5.8,5.8,5.8,5.8,0
2021-03-10,5.8,5.8,5.8,5.8,0
2021-03-11,5.8,5.8,5.8,5.8,0
2021-03-12,5.8,5.8,5.8,5.8,0
2021-03-15,5.8,5.8,5.8,5.8,0
2021-03-16,5.8,5.8,5.8,5.8,0
2021-03-17,5.8,5.8,5.8,5.8,0
2021-03-18,5.8,5.8,5.8,5.8,0
2021-03-19,5.0,5.0,5.0,5.0,1200
2021-03-22,5.0,5.0,5.0,5.0,0
2021-03-23,5.0,5.0,5.0,5.0,0
2021-03-24,5.0,5.0,5.0,5.0,0
2021-03-25,5.0,5.0,5.0,5.0,0
2021-03-26,4.3,4.3,4.3,4.3,1200
2021-03-29,4.3,4.3,4.3,4.3,0
2021-03-30,4.3,4.3,4.3,4.3,0
2021-03-31,4.3,4.3,4.3,4.3,0
2021-04-01,4.3,4.3,4.3,4.3,0
2021-04-02,3.7,3.7,3.7,3.7,4300
2021-04-05,3.7,3.7,3.7,3.7,0
2021-04-06,3.7,3.7,3.7,3.7,0
2021-04-07,3.7,3.7,3.7,3.7,0
2021-04-08,3.7,3.7,3.7,3.7,0
2021-04-09,3.2,3.7,3.2,3.7,3100
2021-04-12,3.6,3.7,3.7,3.7,0
2021-04-13,3.6,3.7,3.7,3.7,0
2021-04-14,3.6,3.7,3.7,3.7,0
2021-04-15,3.6,3.7,3.7,3.7,0
2021-04-16,3.1,4.0,3.1,4.0,12600
2021-04-19,3.1,4.0,4.0,4.0,0
2021-04-20,3.1,4.0,4.0,4.0,0
2021-04-22,3.1,4.0,4.0,4.0,0
2021-04-23,2.7,2.7,2.7,2.7,1500
2021-04-26,2.7,2.7,2.7,2.7,0
2021-04-27,2.7,2.7,2.7,2.7,0
2021-04-28,2.7,2.7,2.7,2.7,0
2021-04-29,2.7,2.7,2.7,2.7,0
2021-05-04,2.7,2.7,2.7,2.7,0
2021-05-05,2.7,2.7,2.7,2.7,0
2021-05-06,2.7,2.7,2.7,2.7,0
2021-05-07,2.3,2.3,2.3,2.3,1300
2021-05-10,2.3,2.3,2.3,2.3,0
2021-05-11,2.3,2.3,2.3,2.3,0
2021-05-12,2.3,2.3,2.3,2.3,0
2021-05-13,2.3,2.3,2.3,2.3,0
2021-05-14,2.0,2.0,2.0,2.0,8709
2021-05-17,2.0,2.0,2.0,2.0,0
2021-05-18,2.0,2.0,2.0,2.0,0
2021-05-19,2.0,2.0,2.0,2.0,0
2021-05-20,2.0,2.0,2.0,2.0,0
2021-05-21,2.3,2.3,2.3,2.3,5000
2021-05-24,2.3,2.3,2.3,2.3,0
2021-05-25,2.3,2.3,2.3,2.3,0
2021-05-26,2.3,2.3,2.3,2.3,0
2021-05-27,2.3,2.3,2.3,2.3,0
2021-05-28,2.0,2.6,2.0,2.0,8800
2021-05-31,2.1,2.0,2.0,2.0,0
2021-06-01,2.1,2.0,2.0,2.0,0
2021-06-02,2.1,2.0,2.0,2.0,0
2021-06-03,2.1,2.0,2.0,2.0,0
2021-06-04,1.9,1.9,1.8,1.8,13600
2021-06-07,1.8,1.8,1.8,1.8,0
2021-06-08,1.8,1.8,1.8,1.8,0
2021-06-09,1.8,1.8,1.8,1.8,0
2021-06-10,1.8,1.8,1.8,1.8,0
2021-06-11,1.7,1.7,1.7,1.7,400
2021-06-14,1.7,1.7,1.7,1.7,0
2021-06-15,1.7,1.7,1.7,1.7,0
2021-06-16,1.7,1.7,1.7,1.7,0
2021-06-17,1.7,1.7,1.7,1.7,0
2021-06-18,1.7,1.7,1.7,1.7,0
2021-06-21,1.7,1.7,1.7,1.7,0
2021-06-22,1.7,1.7,1.7,1.7,0
2021-06-23,1.7,1.7,1.7,1.7,0
2021-06-24,1.7,1.7,1.7,1.7,0
2021-06-25,1.7,1.7,1.7,1.7,0
2021-06-28,1.7,1.7,1.7,1.7,0
2021-06-29,1.7,1.7,1.7,1.7,0
2021-06-30,1.7,1.7,1.7,1.7,0
2021-07-01,1.7,1.7,1.7,1.7,0
2021-07-02,1.6,1.6,1.6,1.6,200
2021-07-05,1.6,1.6,1.6,1.6,0
2021-07-06,1.6,1.6,1.6,1.6,0
2021-07-07,1.6,1.6,1.6,1.6,0
2021-07-08,1.6,1.6,1.6,1.6,0
2021-07-09,1.6,1.6,1.6,1.6,0
2021-07-12,1.6,1.6,1.6,1.6,0
2021-07-13,1.6,1.6,1.6,1.6,0
2021-07-14,1.6,1.6,1.6,1.6,0
2021-07-15,1.6,1.6,1.6,1.6,0
2021-07-16,1.6,1.7,1.5,1.5,1200
2021-07-19,1.6,1.5,1.5,1.5,0
2021-07-20,1.6,1.5,1.5,1.5,0
2021-07-21,1.6,1.5,1.5,1.5,0
2021-07-22,1.6,1.5,1.5,1.5,0
2021-07-23,1.6,1.6,1.6,1.6,1000
2021-07-26,1.6,1.6,1.6,1.6,0
2021-07-27,1.6,1.6,1.6,1.6,0
2021-07-28,1.6,1.6,1.6,1.6,0
2021-07-29,1.6,1.6,1.6,1.6,0
2021-07-30,1.6,1.6,1.6,1.6,0
2021-08-02,1.6,1.6,1.6,1.6,0
2021-08-03,1.6,1.6,1.6,1.6,0
2021-08-04,1.6,1.6,1.6,1.6,0
2021-08-05,1.6,1.6,1.6,1.6,0
2021-08-06,1.6,1.6,1.6,1.6,0
2021-08-09,1.6,1.6,1.6,1.6,0
2021-08-10,1.6,1.6,1.6,1.6,0
2021-08-11,1.6,1.6,1.6,1.6,0
2021-08-12,1.6,1.6,1.6,1.6,0
2021-08-13,1.5,1.5,1.5,1.5,100
2021-08-16,1.5,1.5,1.5,1.5,0
2021-08-17,1.5,1.5,1.5,1.5,0
2021-08-18,1.5,1.5,1.5,1.5,0
2021-08-19,1.5,1.5,1.5,1.5,0
2021-08-20,1.5,1.5,1.5,1.5,0
2021-08-23,1.5,1.5,1.5,1.5,0
2021-08-24,1.5,1.5,1.5,1.5,0
2021-08-25,1.5,1.5,1.5,1.5,0
2021-08-26,1.5,1.5,1.5,1.5,0
2021-08-27,1.5,1.5,1.5,1.5,100
2021-08-30,1.5,1.5,1.5,1.5,0
2021-08-31,1.5,1.5,1.5,1.5,0
2021-09-01,1.5,1.5,1.5,1.5,0
2021-09-06,1.5,1.5,1.5,1.5,0
2021-09-07,1.5,1.5,1.5,1.5,0
2021-09-08,1.5,1.5,1.5,1.5,0
2021-09-09,1.5,1.5,1.5,1.5,0
2021-09-10,1.7,1.7,1.7,1.7,300
2021-09-13,1.7,1.7,1.7,1.7,0
2021-09-14,1.7,1.7,1.7,1.7,0
2021-09-15,1.7,1.7,1.7,1.7,0
2021-09-16,1.7,1.7,1.7,1.7,0
2021-09-17,1.7,1.9,1.7,1.9,3700
2021-09-20,1.9,1.9,1.9,1.9,0
2021-09-21,1.9,1.9,1.9,1.9,0
2021-09-22,1.9,1.9,1.9,1.9,0
2021-09-23,1.9,1.9,1.9,1.9,0
2021-09-24,1.8,1.9,1.7,1.9,5100
2021-09-27,1.8,1.8,1.8,1.8,0
2021-09-28,1.8,1.8,1.8,1.8,0
2021-09-29,1.8,1.8,1.8,1.8,0
2021-09-30,1.8,1.8,1.8,1.8,0
2021-10-01,1.8,1.8,1.8,1.8,600
2021-10-04,1.8,1.8,1.8,1.8,0
2021-10-05,1.8,1.8,1.8,1.8,0
2021-10-06,1.8,1.8,1.8,1.8,0
2021-10-07,1.8,1.8,1.8,1.8,0
2021-10-08,1.6,2.0,1.6,2.0,11600
2021-10-11,1.9,1.9,1.9,1.9,0
2021-10-12,1.9,1.9,1.9,1.9,0
2021-10-13,1.9,1.9,1.9,1.9,0
2021-10-14,1.9,1.9,1.9,1.9,0
2021-10-15,2.1,2.1,2.1,2.1,5200
2021-10-18,2.1,2.1,2.1,2.1,0
2021-10-19,2.1,2.1,2.1,2.1,0
2021-10-20,2.1,2.1,2.1,2.1,0
2021-10-21,2.1,2.1,2.1,2.1,0
2021-10-22,2.3,2.4,2.3,2.4,10300
2021-10-25,2.4,2.4,2.4,2.4,0
2021-10-26,2.4,2.4,2.4,2.4,0
2021-10-27,2.4,2.4,2.4,2.4,0
2021-10-28,2.4,2.4,2.4,2.4,0
2021-10-29,2.7,2.7,2.7,2.7,5400
2021-11-01,2.7,2.7,2.7,2.7,0
2021-11-02,2.7,2.7,2.7,2.7,0
2021-11-03,2.7,2.7,2.7,2.7,0
2021-11-04,2.7,2.7,2.7,2.7,0
2021-11-05,3.1,3.1,3.1,3.1,26800
2021-11-08,3.1,3.1,3.1,3.1,0
2021-11-09,3.1,3.1,3.1,3.1,0
2021-11-10,3.1,3.1,3.1,3.1,0
2021-11-11,3.1,3.1,3.1,3.1,0
2021-11-12,3.5,3.5,3.5,3.5,3400
2021-11-15,3.5,3.5,3.5,3.5,0
2021-11-16,3.5,3.5,3.5,3.5,0
2021-11-17,3.5,3.5,3.5,3.5,0
2021-11-18,3.5,3.5,3.5,3.5,0
2021-11-19,4.0,4.0,4.0,4.0,9400
2021-11-22,4.0,4.0,4.0,4.0,0
2021-11-23,4.0,4.0,4.0,4.0,0
2021-11-24,4.0,4.0,4.0,4.0,0
2021-11-25,4.0,4.0,4.0,4.0,0
2021-11-26,4.6,4.6,4.4,4.5,3100
2021-11-29,4.5,4.5,4.5,4.5,0
2021-11-30,4.5,4.5,4.5,4.5,0
2021-12-01,4.5,4.5,4.5,4.5,0
2021-12-02,4.5,4.5,4.5,4.5,0
2021-12-03,4.2,5.1,4.2,5.1,6800
2021-12-06,4.7,4.7,4.7,4.7,0
2021-12-07,4.7,4.7,4.7,4.7,0
2021-12-08,4.7,4.7,4.7,4.7,0
2021-12-09,4.7,4.7,4.7,4.7,0
2021-12-10,5.4,5.4,5.0,5.0,16700
2021-12-13,5.4,5.4,5.4,5.4,0
2021-12-14,5.4,5.4,5.4,5.4,0
2021-12-15,5.4,5.4,5.4,5.4,0
2021-12-16,5.4,5.4,5.4,5.4,0
2021-12-17,5.4,6.2,5.4,6.2,23200
2021-12-20,5.9,5.9,5.9,5.9,0
2021-12-21,5.9,5.9,5.9,5.9,0
2021-12-22,5.9,5.9,5.9,5.9,0
2021-12-23,5.9,5.9,5.9,5.9,0
2021-12-24,6.6,6.7,6.6,6.7,16200
2021-12-27,6.6,6.6,6.6,6.6,0
2021-12-28,6.6,6.6,6.6,6.6,0
2021-12-29,6.6,6.6,6.6,6.6,0
2021-12-30,6.6,6.6,6.6,6.6,0
2021-12-31,6.5,7.5,6.5,7.5,4300
2022-01-04,7.4,7.4,7.4,7.4,0
2022-01-05,7.4,7.4,7.4,7.4,0
2022-01-06,7.4,7.4,7.4,7.4,0
2022-01-07,8.5,8.5,8.3,8.3,5500
2022-01-10,8.5,8.5,8.5,8.5,0
2022-01-11,8.5,8.5,8.5,8.5,0
2022-01-12,8.5,8.5,8.5,8.5,0
2022-01-13,8.5,8.5,8.5,8.5,0
2022-01-14,9.7,9.7,9.5,9.5,7600
2022-01-17,9.6,9.6,9.6,9.6,0
2022-01-18,9.6,9.6,9.6,9.6,0
2022-01-19,9.6,9.6,9.6,9.6,0
2022-01-20,9.6,9.6,9.6,9.6,0
2022-01-21,10.9,10.9,10.9,10.9,8000
2022-01-24,10.9,10.9,10.9,10.9,0
2022-01-25,10.9,10.9,10.9,10.9,0
2022-01-26,10.9,10.9,10.9,10.9,0
2022-01-27,10.9,10.9,10.9,10.9,0
2022-01-28,12.1,12.5,12.0,12.0,15100
2022-02-07,12.5,12.5,12.5,12.5,0
2022-02-08,12.5,12.5,12.5,12.5,0
2022-02-09,12.5,12.5,12.5,12.5,0
2022-02-10,12.5,12.5,12.5,12.5,0
2022-02-11,12.5,12.5,12.5,12.5,0
2022-02-14,12.5,12.5,12.5,12.5,0
2022-02-15,12.5,12.5,12.5,12.5,0
2022-02-16,12.5,12.5,12.5,12.5,0
2022-02-17,12.5,12.5,12.5,12.5,0
2022-02-18,12.5,12.9,12.5,12.9,5100
2022-02-21,12.9,12.9,12.9,12.9,0
2022-02-22,12.9,12.9,12.9,12.9,0
2022-02-23,12.9,12.9,12.9,12.9,0
2022-02-24,12.9,12.9,12.9,12.9,0
2022-02-25,11.0,11.0,11.0,11.0,2000
2022-02-28,11.0,11.0,11.0,11.0,0
2022-03-01,11.0,11.0,11.0,11.0,0
2022-03-02,11.0,11.0,11.0,11.0,0
2022-03-03,11.0,11.0,11.0,11.0,0
2022-03-04,10.9,10.9,10.9,10.9,1900
2022-03-07,10.9,10.9,10.9,10.9,0
2022-03-08,10.9,10.9,10.9,10.9,0
2022-03-09,10.9,10.9,10.9,10.9,0
2022-03-10,10.9,10.9,10.9,10.9,0
2022-03-11,10.9,10.9,10.9,10.9,0
2022-03-14,10.9,10.9,10.9,10.9,0
2022-03-15,10.9,10.9,10.9,10.9,0
2022-03-16,10.9,10.9,10.9,10.9,0
2022-03-17,10.9,10.9,10.9,10.9,0
2022-03-18,10.9,10.9,10.9,10.9,0
2022-03-21,10.9,10.9,10.9,10.9,0
2022-03-22,10.9,10.9,10.9,10.9,0
2022-03-23,10.9,10.9,10.9,10.9,0
2022-03-24,10.9,10.9,10.9,10.9,0
2022-03-25,9.3,9.3,9.3,9.3,24600
2022-03-28,9.3,9.3,9.3,9.3,0
2022-03-29,9.3,9.3,9.3,9.3,0
2022-03-30,9.3,9.3,9.3,9.3,0
2022-03-31,9.3,9.3,9.3,9.3,0
2022-04-01,8.0,8.0,8.0,8.0,21100
2022-04-04,8.0,8.0,8.0,8.0,0
2022-04-05,8.0,8.0,8.0,8.0,0
2022-04-06,8.0,8.0,8.0,8.0,0
2022-04-07,8.0,8.0,8.0,8.0,0
2022-04-08,6.8,6.8,6.8,6.8,11900
2022-04-12,6.8,6.8,6.8,6.8,0
2022-04-13,6.8,6.8,6.8,6.8,0
2022-04-14,6.8,6.8,6.8,6.8,0
2022-04-15,7.8,7.8,5.8,5.8,32000
2022-04-18,6.5,6.5,6.5,6.5,0
2022-04-19,6.5,6.5,6.5,6.5,0
2022-04-20,6.5,6.5,6.5,6.5,0
2022-04-21,6.5,6.5,6.5,6.5,0
2022-04-22,6.4,6.4,5.6,5.6,15000
2022-04-25,6.2,6.2,6.2,6.2,0
2022-04-26,6.2,6.2,6.2,6.2,0
2022-04-27,6.2,6.2,6.2,6.2,0
2022-04-28,6.2,6.2,6.2,6.2,0
2022-04-29,6.7,6.7,5.3,5.3,16300
2022-05-04,5.8,5.8,5.8,5.8,0
2022-05-05,5.8,5.8,5.8,5.8,0
2022-05-06,6.6,6.6,5.0,5.0,10700
2022-05-09,6.2,6.2,6.2,6.2,0
2022-05-10,6.2,6.2,6.2,6.2,0
2022-05-11,6.2,6.2,6.2,6.2,0
2022-05-12,6.2,6.2,6.2,6.2,0
2022-05-13,6.2,6.2,6.2,6.2,0
2022-05-16,6.2,6.2,6.2,6.2,0
2022-05-17,6.2,6.2,6.2,6.2,0
2022-05-18,6.2,6.2,6.2,6.2,0
2022-05-19,6.2,6.2,6.2,6.2,0
2022-05-20,6.8,6.8,5.3,5.3,1800
2022-05-23,6.1,6.1,6.1,6.1,0
2022-05-24,6.1,6.1,6.1,6.1,0
2022-05-25,6.1,6.1,6.1,6.1,0
2022-05-26,6.1,6.1,6.1,6.1,0
2022-05-27,5.2,5.2,5.2,5.2,300
2022-05-30,5.2,5.2,5.2,5.2,0
2022-05-31,5.2,5.2,5.2,5.2,0
2022-06-01,5.2,5.2,5.2,5.2,0
2022-06-02,5.2,5.2,5.2,5.2,0
2022-06-03,5.7,5.7,4.5,5.6,1800
2022-06-06,5.6,5.6,5.6,5.6,0
2022-06-07,5.6,5.6,5.6,5.6,0
2022-06-08,5.6,5.6,5.6,5.6,0
2022-06-09,5.6,5.6,5.6,5.6,0
2022-06-10,6.2,6.2,6.2,6.2,200
2022-06-13,6.2,6.2,6.2,6.2,0
2022-06-14,6.2,6.2,6.2,6.2,0
2022-06-15,6.2,6.2,6.2,6.2,0
2022-06-16,6.2,6.2,6.2,6.2,0
2022-06-17,6.2,6.2,6.2,6.2,0
2022-06-20,6.2,6.2,6.2,6.2,0
2022-06-21,6.2,6.2,6.2,6.2,0
2022-06-22,6.2,6.2,6.2,6.2,0
2022-06-23,6.2,6.2,6.2,6.2,0
2022-06-24,6.2,6.2,6.2,6.2,0
2022-06-27,6.2,6.2,6.2,6.2,0
2022-06-28,6.2,6.2,6.2,6.2,0
2022-06-29,6.2,6.2,6.2,6.2,0
2022-06-30,6.2,6.2,6.2,6.2,0
2022-07-01,7.1,7.1,7.1,7.1,5000
2022-07-04,7.1,7.1,7.1,7.1,0
2022-07-05,7.1,7.1,7.1,7.1,0
2022-07-06,7.1,7.1,7.1,7.1,0
2022-07-07,7.1,7.1,7.1,7.1,0
2022-07-08,7.1,7.1,7.1,7.1,0
2022-07-11,7.1,7.1,7.1,7.1,0
2022-07-12,7.1,7.1,7.1,7.1,0
2022-07-13,7.1,7.1,7.1,7.1,0
2022-07-14,7.1,7.1,7.1,7.1,0
2022-07-15,7.1,7.1,7.1,7.1,0
2022-07-18,7.1,7.1,7.1,7.1,0
2022-07-19,7.1,7.1,7.1,7.1,0
2022-07-20,7.1,7.1,7.1,7.1,0
2022-07-21,7.1,7.1,7.1,7.1,0
2022-07-22,7.1,7.1,7.1,7.1,0
2022-07-25,7.1,7.1,7.1,7.1,0
2022-07-26,7.1,7.1,7.1,7.1,0
2022-07-27,7.1,7.1,7.1,7.1,0
2022-07-28,7.1,7.1,7.1,7.1,0
2022-07-29,6.1,6.1,6.1,6.1,100
2022-08-01,6.1,6.1,6.1,6.1,0
2022-08-02,6.1,6.1,6.1,6.1,0
2022-08-03,6.1,6.1,6.1,6.1,0
2022-08-04,6.1,6.1,6.1,6.1,0
2022-08-05,6.1,6.1,6.1,6.1,0
2022-08-08,6.1,6.1,6.1,6.1,0
2022-08-09,6.1,6.1,6.1,6.1,0
2022-08-10,6.1,6.1,6.1,6.1,0
2022-08-11,6.1,6.1,6.1,6.1,0
2022-08-12,6.0,6.0,6.0,6.0,600
2022-08-15,6.0,6.0,6.0,6.0,0
2022-08-16,6.0,6.0,6.0,6.0,0
2022-08-17,6.0,6.0,6.0,6.0,0
2022-08-18,6.0,6.0,6.0,6.0,0
2022-08-19,5.1,5.1,5.1,5.1,2100
2022-08-22,5.1,5.1,5.1,5.1,0
2022-08-23,5.1,5.1,5.1,5.1,0
2022-08-24,5.1,5.1,5.1,5.1,0
2022-08-25,5.1,5.1,5.1,5.1,0
2022-08-26,5.1,5.1,5.1,5.1,0
2022-08-29,5.1,5.1,5.1,5.1,0
2022-08-30,5.1,5.1,5.1,5.1,0
2022-08-31,5.1,5.1,5.1,5.1,0
2022-09-05,5.1,5.1,5.1,5.1,0
2022-09-06,5.1,5.1,5.1,5.1,0
2022-09-07,5.1,5.1,5.1,5.1,0
2022-09-08,5.1,5.1,5.1,5.1,0
2022-09-09,4.4,5.0,4.4,4.4,1800
2022-09-12,4.7,4.7,4.7,4.7,0
2022-09-13,4.7,4.7,4.7,4.7,0
2022-09-14,4.7,4.7,4.7,4.7,0
2022-09-15,4.7,4.7,4.7,4.7,0
2022-09-16,4.7,4.7,4.7,4.7,0
2022-09-19,4.7,4.7,4.7,4.7,0
2022-09-20,4.7,4.7,4.7,4.7,0
2022-09-21,4.7,4.7,4.7,4.7,0
2022-09-22,4.7,4.7,4.7,4.7,0
2022-09-23,4.7,4.7,4.7,4.7,0
2022-09-26,4.7,4.7,4.7,4.7,0
2022-09-27,4.7,4.7,4.7,4.7,0
2022-09-28,4.7,4.7,4.7,4.7,0
2022-09-29,4.7,4.7,4.7,4.7,0
2022-09-30,4.7,4.7,4.7,4.7,0
2022-10-03,4.7,4.7,4.7,4.7,0
2022-10-04,4.7,4.7,4.7,4.7,0
2022-10-05,4.7,4.7,4.7,4.7,0
2022-10-06,4.7,4.7,4.7,4.7,0
2022-10-07,4.7,4.7,4.7,4.7,0
2022-10-10,4.7,4.7,4.7,4.7,0
2022-10-11,4.7,4.7,4.7,4.7,0
2022-10-12,4.7,4.7,4.7,4.7,0
2022-10-13,4.7,4.7,4.7,4.7,0
2022-10-14,4.0,4.0,4.0,4.0,100
2022-10-17,4.0,4.0,4.0,4.0,0
2022-10-18,4.0,4.0,4.0,4.0,0
2022-10-19,4.0,4.0,4.0,4.0,0
2022-10-20,4.0,4.0,4.0,4.0,0
2022-10-21,3.4,3.4,3.4,3.4,5700
2022-10-24,3.4,3.4,3.4,3.4,0
2022-10-25,3.4,3.4,3.4,3.4,0
2022-10-26,3.4,3.4,3.4,3.4,0
2022-10-27,3.4,3.4,3.4,3.4,0
2022-10-28,2.9,2.9,2.9,2.9,10300
2022-10-31,2.9,2.9,2.9,2.9,0
2022-11-01,2.9,2.9,2.9,2.9,0
2022-11-02,2.9,2.9,2.9,2.9,0
2022-11-03,2.9,2.9,2.9,2.9,0
2022-11-04,2.9,2.9,2.9,2.9,0
2022-11-07,2.9,2.9,2.9,2.9,0
2022-11-08,2.9,2.9,2.9,2.9,0
2022-11-09,2.9,2.9,2.9,2.9,0
2022-11-10,2.9,2.9,2.9,2.9,0
2022-11-11,2.9,2.9,2.9,2.9,0
2022-11-14,2.9,2.9,2.9,2.9,0
2022-11-15,2.9,2.9,2.9,2.9,0
2022-11-16,2.9,2.9,2.9,2.9,0
2022-11-17,2.9,2.9,2.9,2.9,0
2022-11-18,2.9,2.9,2.9,2.9,0
2022-11-21,2.9,2.9,2.9,2.9,0
2022-11-22,2.9,2.9,2.9,2.9,0
2022-11-23,2.9,2.9,2.9,2.9,0
2022-11-24,2.9,2.9,2.9,2.9,0
2022-11-25,2.9,2.9,2.9,2.9,0
2022-11-28,2.9,2.9,2.9,2.9,0
2022-11-29,2.9,2.9,2.9,2.9,0
2022-11-30,2.9,2.9,2.9,2.9,0
2022-12-01,2.9,2.9,2.9,2.9,0
2022-12-02,2.5,2.5,2.5,2.5,10400
2022-12-05,2.5,2.5,2.5,2.5,0
2022-12-06,2.5,2.5,2.5,2.5,0
2022-12-07,2.5,2.5,2.5,2.5,0
2022-12-08,2.5,2.5,2.5,2.5,0
2022-12-09,2.2,2.2,2.2,2.2,1100
2022-12-12,2.2,2.2,2.2,2.2,0
2022-12-13,2.2,2.2,2.2,2.2,0
2022-12-14,2.2,2.2,2.2,2.2,0
2022-12-15,2.2,2.2,2.2,2.2,0
2022-12-16,1.9,1.9,1.9,1.9,100
2022-12-19,1.9,1.9,1.9,1.9,0
2022-12-20,1.9,1.9,1.9,1.9,0
2022-12-21,1.9,1.9,1.9,1.9,0
2022-12-22,1.9,1.9,1.9,1.9,0
2022-12-23,1.9,1.9,1.9,1.9,0
2022-12-26,1.9,1.9,1.9,1.9,0
2022-12-27,1.9,1.9,1.9,1.9,0
2022-12-28,1.9,1.9,1.9,1.9,0
2022-12-29,1.9,1.9,1.9,1.9,0
2022-12-30,1.7,1.7,1.7,1.7,100
2023-01-03,1.7,1.7,1.7,1.7,0
2023-01-04,1.7,1.7,1.7,1.7,0
2023-01-05,1.7,1.7,1.7,1.7,0
2023-01-06,1.5,1.5,1.5,1.5,200
2023-01-09,1.5,1.5,1.5,1.5,0
2023-01-10,1.5,1.5,1.5,1.5,0
2023-01-11,1.5,1.5,1.5,1.5,0
2023-01-12,1.5,1.5,1.5,1.5,0
2023-01-13,1.3,1.3,1.3,1.3,23700
2023-01-16,1.3,1.3,1.3,1.3,0
2023-01-17,1.3,1.3,1.3,1.3,0
2023-01-18,1.3,1.3,1.3,1.3,0
2023-01-19,1.3,1.3,1.3,1.3,0
2023-01-27,1.2,1.2,1.2,1.2,900
2023-01-30,1.2,1.2,1.2,1.2,0
2023-01-31,1.2,1.2,1.2,1.2,0
2023-02-01,1.2,1.2,1.2,1.2,0
2023-02-02,1.2,1.2,1.2,1.2,0
2023-02-03,1.3,1.3,1.3,1.3,10500
2023-02-06,1.3,1.3,1.3,1.3,0
2023-02-07,1.3,1.3,1.3,1.3,0
2023-02-08,1.3,1.3,1.3,1.3,0
2023-02-09,1.3,1.3,1.3,1.3,0
2023-02-10,1.2,1.2,1.2,1.2,12600
2023-02-13,1.2,1.2,1.2,1.2,0
2023-02-14,1.2,1.2,1.2,1.2,0
2023-02-15,1.2,1.2,1.2,1.2,0
2023-02-16,1.2,1.2,1.2,1.2,0
2023-02-17,1.1,1.1,1.1,1.1,100
2023-02-20,1.1,1.1,1.1,1.1,0
2023-02-21,1.1,1.1,1.1,1.1,0
2023-02-22,1.1,1.1,1.1,1.1,0
2023-02-23,1.1,1.1,1.1,1.1,0
2023-02-24,1.1,1.1,1.0,1.0,5700
2023-02-27,1.0,1.0,1.0,1.0,0
2023-02-28,1.0,1.0,1.0,1.0,0
2023-03-01,1.0,1.0,1.0,1.0,0
2023-03-02,1.0,1.0,1.0,1.0,0
2023-03-03,0.9,0.9,0.9,0.9,3500
2023-03-06,0.9,0.9,0.9,0.9,0
2023-03-07,0.9,0.9,0.9,0.9,0
2023-03-08,0.9,0.9,0.9,0.9,0
2023-03-09,0.9,0.9,0.9,0.9,0
2023-03-10,0.8,0.8,0.8,0.8,30700
2023-03-13,0.8,0.8,0.8,0.8,0
2023-03-14,0.8,0.8,0.8,0.8,0
2023-03-15,0.8,0.8,0.8,0.8,0
2023-03-16,0.8,0.8,0.8,0.8,0
2023-03-17,0.7,0.9,0.7,0.7,29000
2023-03-20,0.7,0.7,0.7,0.7,0
2023-03-21,0.7,0.7,0.7,0.7,0
2023-03-22,0.7,0.7,0.7,0.7,0
2023-03-23,0.7,0.7,0.7,0.7,0
2023-03-24,0.8,0.8,0.8,0.8,100
2023-03-27,0.8,0.8,0.8,0.8,0
2023-03-28,0.8,0.8,0.8,0.8,0
2023-03-29,0.8,0.8,0.8,0.8,0
2023-03-30,0.8,0.8,0.8,0.8,0
2023-03-31,0.9,0.9,0.9,0.9,5800
2023-04-03,0.9,0.9,0.9,0.9,0
2023-04-04,0.9,0.9,0.9,0.9,0
2023-04-05,0.9,0.9,0.9,0.9,0
2023-04-06,0.9,0.9,0.9,0.9,0
2023-04-07,1.0,1.0,0.8,0.8,11300
2023-04-10,0.8,0.8,0.8,0.8,0
2023-04-11,0.8,0.8,0.8,0.8,0
2023-04-12,0.8,0.8,0.8,0.8,0
2023-04-13,0.8,0.8,0.8,0.8,0
2023-04-14,0.9,0.9,0.8,0.8,1600
2023-04-17,0.8,0.8,0.8,0.8,0
2023-04-18,0.8,0.8,0.8,0.8,0
2023-04-19,0.8,0.8,0.8,0.8,0
2023-04-20,0.8,0.8,0.8,0.8,0
2023-04-21,0.9,0.9,0.8,0.8,1400
2023-04-24,0.8,0.8,0.8,0.8,0
2023-04-25,0.8,0.8,0.8,0.8,0
2023-04-26,0.8,0.8,0.8,0.8,0
2023-04-27,0.8,0.8,0.8,0.8,0
2023-04-28,0.8,0.8,0.8,0.8,0
2023-05-04,0.8,0.8,0.8,0.8,0
2023-05-05,0.8,0.8,0.8,0.8,0
2023-05-08,0.8,0.8,0.8,0.8,0
2023-05-09,0.8,0.8,0.8,0.8,0
2023-05-10,0.8,0.8,0.8,0.8,0
2023-05-11,0.8,0.8,0.8,0.8,0
2023-05-12,0.8,0.8,0.7,0.7,16800
2023-05-15,0.7,0.7,0.7,0.7,0
2023-05-16,0.7,0.7,0.7,0.7,0
2023-05-17,0.7,0.7,0.7,0.7,0
2023-05-18,0.7,0.7,0.7,0.7,0
2023-05-19,0.7,0.7,0.7,0.7,0
2023-05-22,0.7,0.7,0.7,0.7,0
2023-05-23,0.7,0.7,0.7,0.7,0
2023-05-24,0.7,0.7,0.7,0.7,0
2023-05-25,0.7,0.7,0.7,0.7,0
2023-05-26,0.8,0.8,0.6,0.6,12900
2023-05-29,0.6,0.6,0.6,0.6,0
2023-05-30,0.6,0.6,0.6,0.6,0
2023-05-31,0.6,0.6,0.6,0.6,0
2023-06-01,0.6,0.6,0.6,0.6,0
2023-06-02,0.6,0.7,0.6,0.7,21500
2023-06-05,0.7,0.7,0.7,0.7,0
2023-06-06,0.7,0.7,0.7,0.7,0
2023-06-07,0.7,0.7,0.7,0.7,0
2023-06-08,0.7,0.7,0.7,0.7,0
2023-06-09,0.7,0.8,0.7,0.8,45500
2023-06-12,0.7,0.7,0.7,0.7,0
2023-06-13,0.7,0.7,0.7,0.7,0
2023-06-14,0.7,0.7,0.7,0.7,0
2023-06-15,0.7,0.7,0.7,0.7,0
2023-06-16,0.8,0.8,0.8,0.8,20700
2023-06-19,0.8,0.8,0.8,0.8,0
2023-06-20,0.8,0.8,0.8,0.8,0
2023-06-21,0.8,0.8,0.8,0.8,0
2023-06-22,0.8,0.8,0.8,0.8,0
2023-06-23,0.8,0.9,0.8,0.8,11900
2023-06-26,0.9,0.9,0.9,0.9,0
2023-06-27,0.9,0.9,0.9,0.9,0
2023-06-28,0.9,0.9,0.9,0.9,0
2023-06-29,0.9,0.9,0.9,0.9,0
2023-06-30,0.8,0.8,0.8,0.8,5800
2023-07-03,0.8,0.8,0.8,0.8,0
2023-07-04,0.8,0.8,0.8,0.8,0
2023-07-05,0.8,0.8,0.8,0.8,0
2023-07-06,0.8,0.8,0.8,0.8,0
2023-07-07,0.9,0.9,0.8,0.9,8600
2023-07-10,0.8,0.8,0.8,0.8,0
2023-07-11,0.8,0.8,0.8,0.8,0
2023-07-12,0.8,0.8,0.8,0.8,0
2023-07-13,0.8,0.8,0.8,0.8,0
2023-07-14,0.9,0.9,0.8,0.9,18500
2023-07-17,0.9,0.9,0.9,0.9,0
2023-07-18,0.9,0.9,0.9,0.9,0
2023-07-19,0.9,0.9,0.9,0.9,0
2023-07-20,0.9,0.9,0.9,0.9,0
2023-07-21,0.9,0.9,0.8,0.8,5200
2023-07-24,0.9,0.9,0.9,0.9,0
2023-07-25,0.9,0.9,0.9,0.9,0
2023-07-26,0.9,0.9,0.9,0.9,0
2023-07-27,0.9,0.9,0.9,0.9,0
2023-07-28,1.0,1.0,0.8,0.8,8400
2023-07-31,0.9,0.9,0.9,0.9,0
2023-08-01,0.9,0.9,0.9,0.9,0
2023-08-02,0.9,0.9,0.9,0.9,0
2023-08-03,0.9,0.9,0.9,0.9,0
2023-08-04,0.9,0.9,0.9,0.9,0
2023-08-07,0.9,0.9,0.9,0.9,0
2023-08-08,0.9,0.9,0.9,0.9,0
2023-08-09,0.9,0.9,0.9,0.9,0
2023-08-10,0.9,0.9,0.9,0.9,0
2023-08-11,0.9,0.9,0.9,0.9,5100
2023-08-14,0.9,0.9,0.9,0.9,0
2023-08-15,0.9,0.9,0.9,0.9,0
2023-08-16,0.9,0.9,0.9,0.9,0
2023-08-17,0.9,0.9,0.9,0.9,0
2023-08-18,0.9,0.9,0.8,0.9,3800
2023-08-21,0.8,0.8,0.8,0.8,0
2023-08-22,0.8,0.8,0.8,0.8,0
2023-08-23,0.8,0.8,0.8,0.8,0
2023-08-24,0.8,0.8,0.8,0.8,0
2023-08-25,0.8,0.8,0.8,0.8,500
2023-08-28,0.8,0.8,0.8,0.8,0
2023-08-29,0.8,0.8,0.8,0.8,0
2023-08-30,0.8,0.8,0.8,0.8,0
2023-08-31,0.8,0.8,0.8,0.8,0
2023-09-05,0.8,0.8,0.8,0.8,0
2023-09-06,0.8,0.8,0.8,0.8,0
2023-09-07,0.8,0.8,0.8,0.8,0
2023-09-08,0.7,0.8,0.7,0.8,800
2023-09-11,0.8,0.8,0.8,0.8,0
2023-09-12,0.8,0.8,0.8,0.8,0
2023-09-13,0.8,0.8,0.8,0.8,0
2023-09-14,0.8,0.8,0.8,0.8,0
2023-09-15,0.8,0.8,0.8,0.8,0
2023-09-18,0.8,0.8,0.8,0.8,0
2023-09-19,0.8,0.8,0.8,0.8,0
2023-09-20,0.8,0.8,0.8,0.8,0
2023-09-21,0.8,0.8,0.8,0.8,0
2023-09-22,0.8,0.8,0.8,0.8,0
2023-09-25,0.8,0.8,0.8,0.8,0
2023-09-26,0.8,0.8,0.8,0.8,0
2023-09-27,0.8,0.8,0.8,0.8,0
2023-09-28,0.8,0.8,0.8,0.8,0
2023-09-29,0.7,0.7,0.7,0.7,100
2023-10-02,0.7,0.7,0.7,0.7,0
2023-10-03,0.7,0.7,0.7,0.7,0
2023-10-04,0.7,0.7,0.7,0.7,0
2023-10-05,0.7,0.7,0.7,0.7,0
2023-10-06,0.8,0.8,0.8,0.8,100
2023-10-09,0.8,0.8,0.8,0.8,0
2023-10-10,0.8,0.8,0.8,0.8,0
2023-10-11,0.8,0.8,0.8,0.8,0
2023-10-12,0.8,0.8,0.8,0.8,0
2023-10-13,0.8,0.8,0.8,0.8,0
2023-10-16,0.8,0.8,0.8,0.8,0
2023-10-17,0.8,0.8,0.8,0.8,0
2023-10-18,0.8,0.8,0.8,0.8,0
2023-10-19,0.8,0.8,0.8,0.8,0
2023-10-20,0.7,0.7,0.7,0.7,100
2023-10-23,0.7,0.7,0.7,0.7,0
2023-10-24,0.7,0.7,0.7,0.7,0
2023-10-25,0.7,0.7,0.7,0.7,0
2023-10-26,0.7,0.7,0.7,0.7,0
2023-10-27,0.7,0.8,0.7,0.8,200
2023-10-30,0.8,0.8,0.8,0.8,0
2023-10-31,0.8,0.8,0.8,0.8,0
2023-11-01,0.8,0.8,0.8,0.8,0
2023-11-02,0.8,0.8,0.8,0.8,0
2023-11-03,0.8,0.8,0.8,0.8,0
2023-11-06,0.8,0.8,0.8,0.8,0
2023-11-07,0.8,0.8,0.8,0.8,0
2023-11-08,0.8,0.8,0.8,0.8,0
2023-11-09,0.8,0.8,0.8,0.8,0
2023-11-10,0.8,0.8,0.8,0.8,200
2023-11-13,0.8,0.8,0.8,0.8,0
2023-11-14,0.8,0.8,0.8,0.8,0
2023-11-15,0.8,0.8,0.8,0.8,0
2023-11-16,0.8,0.8,0.8,0.8,0
2023-11-17,0.7,0.9,0.7,0.9,500
2023-11-20,0.8,0.8,0.8,0.8,0
2023-11-21,0.8,0.8,0.8,0.8,0
2023-11-22,0.8,0.8,0.8,0.8,0
2023-11-23,0.8,0.8,0.8,0.8,0
2023-11-24,0.8,0.9,0.7,0.9,2200
2023-11-27,0.8,0.8,0.8,0.8,0
2023-11-28,0.8,0.8,0.8,0.8,0
2023-11-29,0.8,0.8,0.8,0.8,0
2023-11-30,0.8,0.8,0.8,0.8,0
2023-12-01,0.8,0.8,0.8,0.8,0
2023-12-04,0.8,0.8,0.8,0.8,0
2023-12-05,0.8,0.8,0.8,0.8,0
2023-12-06,0.8,0.8,0.8,0.8,0
2023-12-07,0.8,0.8,0.8,0.8,0
2023-12-08,0.7,0.7,0.7,0.7,28300
2023-12-11,0.7,0.7,0.7,0.7,0
2023-12-12,0.7,0.7,0.7,0.7,0
2023-12-13,0.7,0.7,0.7,0.7,0
2023-12-14,0.7,0.7,0.7,0.7,0
2023-12-15,0.7,0.7,0.7,0.7,0
2023-12-18,0.7,0.7,0.7,0.7,0
2023-12-19,0.7,0.7,0.7,0.7,0
2023-12-20,0.7,0.7,0.7,0.7,0
2023-12-21,0.7,0.7,0.7,0.7,0
2023-12-22,0.7,0.7,0.7,0.7,0
2023-12-25,0.7,0.7,0.7,0.7,0
2023-12-26,0.7,0.7,0.7,0.7,0
2023-12-27,0.7,0.7,0.7,0.7,0
2023-12-28,0.7,0.7,0.7,0.7,0
2023-12-29,0.7,0.7,0.7,0.7,0
2024-01-02,0.7,0.7,0.7,0.7,0
2024-01-03,0.7,0.7,0.7,0.7,0
2024-01-04,0.7,0.7,0.7,0.7,0
2024-01-05,0.7,0.7,0.7,0.7,0
2024-01-08,0.7,0.7,0.7,0.7,0
2024-01-09,0.7,0.7,0.7,0.7,0
2024-01-10,0.7,0.7,0.7,0.7,0
2024-01-11,0.7,0.7,0.7,0.7,0
2024-01-12,0.7,0.7,0.7,0.7,0
2024-01-15,0.7,0.7,0.7,0.7,0
2024-01-16,0.7,0.7,0.7,0.7,0
2024-01-17,0.7,0.7,0.7,0.7,0
2024-01-18,0.7,0.7,0.7,0.7,0
2024-01-19,0.7,0.7,0.7,0.7,0
2024-01-22,0.7,0.7,0.7,0.7,0
2024-01-23,0.7,0.7,0.7,0.7,0
2024-01-24,0.7,0.7,0.7,0.7,0
2024-01-25,0.7,0.7,0.7,0.7,0
2024-01-26,0.7,0.7,0.7,0.7,0
2024-01-29,0.7,0.7,0.7,0.7,0
2024-01-30,0.7,0.7,0.7,0.7,0
2024-01-31,0.7,0.7,0.7,0.7,0
2024-02-01,0.7,0.7,0.7,0.7,0
2024-02-02,0.7,0.7,0.7,0.7,0
2024-02-05,0.7,0.7,0.7,0.7,0
2024-02-06,0.7,0.7,0.7,0.7,0
2024-02-07,0.7,0.7,0.7,0.7,0
2024-02-15,0.7,0.7,0.7,0.7,0
2024-02-16,0.7,0.7,0.7,0.7,0
2024-02-19,0.7,0.7,0.7,0.7,0
2024-02-20,0.7,0.7,0.7,0.7,0
2024-02-21,0.7,0.7,0.7,0.7,0
2024-02-22,0.7,0.7,0.7,0.7,0
2024-02-23,0.7,0.7,0.7,0.7,0
2024-02-26,0.7,0.7,0.7,0.7,0
2024-02-27,0.7,0.7,0.7,0.7,0
2024-02-28,0.7,0.7,0.7,0.7,0
2024-02-29,0.7,0.7,0.7,0.7,0
2024-03-01,0.7,0.7,0.7,0.7,0
2024-03-04,0.7,0.7,0.7,0.7,0
2024-03-05,0.7,0.7,0.7,0.7,0
2024-03-06,0.7,0.7,0.7,0.7,0
2024-03-07,0.7,0.7,0.7,0.7,0
2024-03-08,0.7,0.7,0.7,0.7,0
2024-03-11,0.7,0.7,0.7,0.7,0
2024-03-12,0.7,0.7,0.7,0.7,0
2024-03-13,0.7,0.7,0.7,0.7,0
2024-03-14,0.7,0.7,0.7,0.7,0
2024-03-15,0.7,0.7,0.7,0.7,0
2024-03-18,0.7,0.7,0.7,0.7,0
2024-03-19,0.7,0.7,0.7,0.7,0
2024-03-20,0.7,0.7,0.7,0.7,0
2024-03-21,0.7,0.7,0.7,0.7,0
2024-03-22,0.7,0.7,0.7,0.7,0
2024-03-25,0.7,0.7,0.7,0.7,0
2024-03-26,0.7,0.7,0.7,0.7,0
2024-03-27,0.7,0.7,0.7,0.7,0
2024-03-28,0.7,0.7,0.7,0.7,0
2024-03-29,0.7,0.7,0.7,0.7,0
2024-04-01,0.7,0.7,0.7,0.7,0
2024-04-02,0.7,0.7,0.7,0.7,0
2024-04-03,0.7,0.7,0.7,0.7,0
2024-04-04,0.7,0.7,0.7,0.7,0
2024-04-05,0.7,0.7,0.7,0.7,0
2024-04-08,0.7,0.7,0.7,0.7,0
2024-04-09,0.7,0.7,0.7,0.7,0
2024-04-10,0.7,0.7,0.7,0.7,0
2024-04-11,0.7,0.7,0.7,0.7,0
2024-04-12,0.7,0.7,0.7,0.7,0
2024-04-15,0.7,0.7,0.7,0.7,0
2024-04-16,0.7,0.7,0.7,0.7,0
2024-04-17,0.7,0.7,0.7,0.7,0
2024-04-19,0.7,0.7,0.7,0.7,0
2024-04-22,0.7,0.7,0.7,0.7,0
2024-04-23,0.7,0.7,0.7,0.7,0
2024-04-24,0.7,0.7,0.7,0.7,0
2024-04-25,0.7,0.7,0.7,0.7,0
2024-04-26,0.7,0.7,0.7,0.7,0
2024-05-02,0.7,0.7,0.7,0.7,0
2024-05-03,0.7,0.7,0.7,0.7,0
2024-05-06,0.7,0.7,0.7,0.7,0
2024-05-07,0.7,0.7,0.7,0.7,0
2024-05-08,0.7,0.7,0.7,0.7,0
2024-05-09,0.7,0.7,0.7,0.7,0
2024-05-10,0.7,0.7,0.7,0.7,0
2024-05-13,0.7,0.7,0.7,0.7,0
2024-05-14,0.7,0.7,0.7,0.7,0
2024-05-15,0.7,0.7,0.7,0.7,0
2024-05-16,0.7,0.7,0.7,0.7,0
2024-05-17,0.7,0.7,0.7,0.7,0
2024-05-20,0.7,0.7,0.7,0.7,0
2024-05-21,0.7,0.7,0.7,0.7,0
2024-05-22,0.7,0.7,0.7,0.7,0
2024-05-23,0.7,0.7,0.7,0.7,0
2024-05-24,0.7,0.7,0.7,0.7,0
2024-05-27,0.7,0.7,0.7,0.7,0
2024-05-28,0.7,0.7,0.7,0.7,0
2024-05-29,0.7,0.7,0.7,0.7,0
2024-05-30,0.7,0.7,0.7,0.7,0
2024-05-31,0.7,0.7,0.7,0.7,0
2024-06-03,0.7,0.7,0.7,0.7,0
2024-06-04,0.7,0.7,0.7,0.7,0
2024-06-05,0.7,0.7,0.7,0.7,0
2024-06-06,0.7,0.7,0.7,0.7,0
2024-06-07,0.7,0.7,0.7,0.7,0
2024-06-10,0.7,0.7,0.7,0.7,0
2024-06-11,0.7,0.7,0.7,0.7,0
2024-06-12,0.7,0.7,0.7,0.7,0
2024-06-13,0.7,0.7,0.7,0.7,0
2024-06-14,0.7,0.7,0.7,0.7,0
2024-06-17,0.7,0.7,0.7,0.7,0
2024-06-18,0.7,0.7,0.7,0.7,0
2024-06-19,0.7,0.7,0.7,0.7,0
2024-06-20,0.7,0.7,0.7,0.7,0
2024-06-21,0.7,0.7,0.7,0.7,0
2024-06-24,0.7,0.7,0.7,0.7,0
2024-06-25,0.7,0.7,0.7,0.7,0
2024-06-26,0.7,0.7,0.7,0.7,0
2024-06-27,0.7,0.7,0.7,0.7,0
2024-06-28,0.7,0.7,0.7,0.7,0
2024-07-01,0.7,0.7,0.7,0.7,0
2024-07-02,0.7,0.7,0.7,0.7,0
2024-07-03,0.7,0.7,0.7,0.7,0
2024-07-04,0.7,0.7,0.7,0.7,0
2024-07-05,0.7,0.7,0.7,0.7,0
2024-07-08,0.7,0.7,0.7,0.7,0
2024-07-09,0.7,0.7,0.7,0.7,0
2024-07-10,0.7,0.7,0.7,0.7,0
2024-07-11,0.7,0.7,0.7,0.7,0
2024-07-12,0.7,0.7,0.7,0.7,0
2024-07-15,0.7,0.7,0.7,0.7,0
2024-07-16,0.7,0.7,0.7,0.7,0
2024-07-17,0.7,0.7,0.7,0.7,0
2024-07-18,0.7,0.7,0.7,0.7,0
2024-07-19,0.7,0.7,0.7,0.7,0
2024-07-22,0.7,0.7,0.7,0.7,0
2024-07-23,0.7,0.7,0.7,0.7,0
2024-07-24,0.7,0.7,0.7,0.7,0
2024-07-25,0.7,0.7,0.7,0.7,0
