time,open,high,low,close,volume
2015-09-30,11.97,12.33,11.77,12.33,397320
2015-10-01,12.57,13.16,12.41,13.16,236460
2015-10-02,13.16,13.68,13.16,13.44,41850
2015-10-05,13.36,13.96,13.36,13.96,275190
2015-10-06,14.88,14.88,14.36,14.52,228850
2015-10-07,14.52,14.52,14.16,14.36,204010
2015-10-08,14.16,14.36,13.8,14.36,163690
2015-10-09,14.36,14.36,13.88,14.04,97100
2015-10-12,13.64,14.08,13.56,13.96,83520
2015-10-13,13.96,14.24,13.96,14.2,96370
2015-10-14,14.2,14.28,14.2,14.24,184950
2015-10-15,14.16,14.52,14.16,14.52,165540
2015-10-16,14.48,14.8,14.48,14.8,374950
2015-10-19,14.8,15.04,14.8,15.0,204350
2015-10-20,15.0,15.12,15.0,15.04,201770
2015-10-21,15.04,15.04,14.64,14.8,429360
2015-10-22,14.76,14.88,14.64,14.88,132100
2015-10-23,14.88,14.96,14.76,14.76,127720
2015-10-26,14.84,14.84,14.56,14.56,143630
2015-10-27,13.96,14.56,13.96,14.56,43090
2015-10-28,14.48,14.6,14.48,14.48,36220
2015-10-29,14.4,14.56,14.28,14.56,40170
2015-10-30,14.44,14.56,14.36,14.48,14530
2015-11-02,14.28,14.52,14.28,14.52,105520
2015-11-03,13.24,13.36,13.16,13.36,42640
2015-11-04,13.36,13.64,13.36,13.64,100490
2015-11-05,13.64,13.84,13.64,13.84,103970
2015-11-06,13.8,13.84,13.76,13.84,12610
2015-11-09,13.76,13.84,13.72,13.84,41540
2015-11-10,13.68,13.84,13.68,13.84,9650
2015-11-11,13.72,13.8,13.44,13.64,23000
2015-11-12,13.56,13.76,13.56,13.76,8990
2015-11-13,13.72,13.76,13.56,13.64,4490
2015-11-16,13.56,13.76,13.24,13.6,6310
2015-11-17,13.04,13.6,12.8,13.48,12270
2015-11-18,13.16,13.36,12.84,13.16,3540
2015-11-19,12.96,12.96,12.96,12.96,520
2015-11-20,12.96,13.84,12.76,13.16,38280
2015-11-23,12.45,13.56,12.45,13.16,21140
2015-11-24,13.16,13.16,12.57,13.08,37450
2015-11-25,13.08,13.08,12.64,13.08,34370
2015-11-26,13.08,13.08,12.76,12.76,32040
2015-11-27,13.16,13.16,12.68,12.76,36590
2015-11-30,13.12,13.12,12.68,12.76,32880
2015-12-01,13.08,13.08,12.84,13.04,86400
2015-12-02,13.04,13.76,13.0,13.48,54980
2015-12-03,13.48,13.56,13.36,13.56,64980
2015-12-04,13.56,13.56,13.28,13.36,37020
2015-12-07,14.12,14.12,13.16,13.16,42170
2015-12-08,13.16,13.28,12.92,13.0,73630
2015-12-09,13.0,13.32,12.96,13.16,116020
2015-12-10,13.16,13.36,13.16,13.32,129000
2015-12-11,13.32,13.36,12.96,13.24,107210
2015-12-14,12.76,13.32,12.76,13.16,152420
2015-12-15,12.29,13.16,12.29,13.08,12160
2015-12-16,12.8,12.88,12.76,12.76,37090
2015-12-17,12.68,12.84,12.64,12.84,19920
2015-12-18,12.25,12.76,12.25,12.72,21160
2015-12-21,12.57,12.76,12.45,12.68,12170
2015-12-22,12.01,12.76,12.01,12.76,5140
2015-12-23,12.76,12.76,12.41,12.76,20000
2015-12-24,12.76,12.76,12.29,12.76,22700
2015-12-25,12.29,12.68,12.13,12.68,55990
2015-12-28,12.68,12.68,12.68,12.68,10
2015-12-29,12.68,12.68,12.68,12.68,100
2015-12-30,12.37,12.68,12.33,12.68,18000
2015-12-31,12.64,12.72,12.64,12.72,15000
2016-01-04,12.72,12.76,12.37,12.6,31030
2016-01-05,12.57,12.6,12.45,12.53,36540
2016-01-06,12.53,12.68,12.53,12.53,53510
2016-01-07,12.53,12.57,12.29,12.49,31620
2016-01-08,12.53,12.53,11.97,12.49,29090
2016-01-11,12.49,12.49,12.49,12.49,0
2016-01-12,12.45,12.49,12.09,12.33,26380
2016-01-13,12.53,12.53,11.97,12.33,6770
2016-01-14,12.53,12.53,12.01,12.45,3020
2016-01-15,11.97,12.49,11.97,12.41,10650
2016-01-18,12.33,12.33,11.81,11.81,44000
2016-01-19,12.45,12.45,11.81,12.33,850
2016-01-20,12.57,12.57,12.25,12.29,36240
2016-01-21,12.29,12.29,11.73,11.93,14080
2016-01-22,11.73,11.97,11.57,11.81,27570
2016-01-25,11.85,11.93,11.77,11.93,8590
2016-01-26,11.93,11.93,11.33,11.85,7140
2016-01-27,11.93,12.37,11.37,11.77,1820
2016-01-28,11.37,11.73,11.37,11.61,42730
2016-01-29,11.61,11.61,11.53,11.57,3820
2016-02-01,11.57,11.57,11.37,11.37,54400
2016-02-02,11.33,11.37,11.29,11.37,22340
2016-02-03,11.29,11.49,11.29,11.49,7690
2016-02-04,11.37,11.93,11.37,11.37,12900
2016-02-05,11.57,11.57,11.57,11.57,300
2016-02-15,11.65,11.65,11.37,11.49,5010
2016-02-16,11.33,11.49,10.97,11.49,18390
2016-02-17,11.37,12.29,10.97,12.13,134540
2016-02-18,11.97,12.41,11.97,12.41,303950
2016-02-19,12.41,12.41,11.97,12.41,34970
2016-02-22,12.41,12.41,12.33,12.33,10490
2016-02-23,11.97,12.21,11.57,11.97,5790
2016-02-24,11.97,11.97,11.97,11.97,10140
2016-02-25,11.57,11.97,11.57,11.57,17360
2016-02-26,11.57,11.69,11.49,11.69,26320
2016-02-29,11.57,11.77,11.57,11.77,2280
2016-03-01,11.77,11.77,11.77,11.77,0
2016-03-02,11.53,11.77,11.37,11.49,10360
2016-03-03,11.45,11.49,11.41,11.49,20090
2016-03-04,11.49,11.65,11.41,11.65,19180
2016-03-07,11.17,11.57,10.89,11.17,116740
2016-03-08,11.17,11.33,10.77,11.33,49600
2016-03-09,11.29,11.57,11.29,11.49,30510
2016-03-10,11.53,11.53,11.17,11.17,66500
2016-03-11,11.41,11.57,11.17,11.57,3890
2016-03-14,11.77,11.77,11.17,11.57,13010
2016-03-15,11.37,11.61,11.37,11.61,2880
2016-03-16,11.29,11.29,10.97,11.17,10000
2016-03-17,11.25,11.45,11.17,11.25,125010
2016-03-18,11.25,11.45,11.25,11.45,79780
2016-03-21,11.41,11.45,11.17,11.17,20160
2016-03-22,11.49,11.57,11.17,11.17,53390
2016-03-23,11.49,11.49,11.17,11.33,12150
2016-03-24,11.45,11.45,11.33,11.33,74590
2016-03-25,11.37,11.57,11.37,11.57,20810
2016-03-28,11.65,11.97,11.65,11.65,23820
2016-03-29,11.77,11.89,11.29,11.49,118420
2016-03-30,11.57,11.57,11.37,11.49,10000
2016-03-31,11.57,11.77,11.49,11.69,26700
2016-04-01,11.77,11.77,11.57,11.69,3440
2016-04-04,11.69,11.69,11.69,11.69,630
2016-04-05,11.57,11.57,11.57,11.57,3000
2016-04-06,11.57,11.69,11.41,11.69,12810
2016-04-07,11.77,11.81,11.57,11.81,14260
2016-04-08,11.77,11.97,11.77,11.81,36670
2016-04-11,11.81,11.89,11.37,11.85,40300
2016-04-12,11.85,11.85,11.37,11.57,47200
2016-04-13,11.37,11.57,11.37,11.57,6060
2016-04-14,11.57,11.57,11.17,11.17,12000
2016-04-15,11.21,11.45,11.13,11.25,246260
2016-04-19,10.85,11.05,10.85,11.05,14510
2016-04-20,11.05,11.21,11.05,11.13,7200
2016-04-21,11.09,11.17,11.09,11.17,27700
2016-04-22,10.77,11.25,10.77,10.89,22630
2016-04-25,11.09,11.09,10.77,10.77,66180
2016-04-26,10.77,10.77,10.57,10.77,30170
2016-04-27,10.89,10.89,10.33,10.37,45090
2016-04-28,10.37,10.37,9.97,10.29,64710
2016-04-29,10.17,10.69,10.17,10.69,1060
2016-05-04,10.33,10.73,10.33,10.73,14750
2016-05-05,10.77,11.05,10.77,10.85,76330
2016-05-06,10.85,10.85,10.85,10.85,11800
2016-05-09,10.85,10.85,10.85,10.85,310
2016-05-10,10.85,10.85,10.85,10.85,0
2016-05-11,10.85,10.85,10.77,10.77,17350
2016-05-12,10.97,10.97,10.57,10.57,24020
2016-05-13,10.85,10.85,10.77,10.77,2410
2016-05-16,10.57,10.57,10.57,10.57,15000
2016-05-17,10.57,10.77,10.45,10.77,31490
2016-05-18,10.57,10.85,10.57,10.85,16000
2016-05-19,10.97,11.21,10.85,11.09,37090
2016-05-20,10.85,11.13,10.81,10.85,194270
2016-05-23,10.85,11.17,10.85,11.17,17000
2016-05-24,11.17,11.17,10.57,10.81,89690
2016-05-25,10.77,10.77,10.37,10.57,15640
2016-05-26,10.77,10.89,10.77,10.89,2010
2016-05-27,10.73,10.89,10.65,10.65,800
2016-05-30,10.41,10.89,10.37,10.89,8370
2016-05-31,11.33,11.57,11.25,11.33,28610
2016-06-01,12.11,12.11,11.47,11.93,21850
2016-06-02,11.93,11.93,11.93,11.93,1000
2016-06-03,11.93,11.93,11.93,11.88,1100
2016-06-06,11.7,11.88,11.7,11.88,1010
2016-06-07,11.88,11.88,11.88,11.88,0
2016-06-08,11.88,11.88,11.33,11.33,600
2016-06-09,11.33,11.74,11.33,11.7,5380
2016-06-10,11.56,11.74,11.24,11.7,30070
2016-06-13,11.24,11.88,11.05,11.7,30470
2016-06-14,11.15,11.7,11.15,11.47,8850
2016-06-15,11.51,11.7,11.51,11.7,6400
2016-06-16,11.7,12.02,11.7,12.02,8030
2016-06-17,12.02,12.02,12.02,12.02,0
2016-06-20,12.02,12.02,12.02,12.02,1000
2016-06-21,12.02,12.02,12.02,12.02,0
2016-06-22,11.93,11.93,11.51,11.51,900
2016-06-23,11.56,11.65,11.56,11.56,4100
2016-06-24,11.56,11.56,11.24,11.24,4300
2016-06-27,11.01,11.24,11.01,11.01,3600
2016-06-28,11.19,11.19,11.01,11.05,7120
2016-06-29,11.05,11.05,11.05,11.01,15230
2016-06-30,11.01,11.01,11.01,11.01,1360
2016-07-01,11.01,11.01,10.28,11.01,5220
2016-07-04,10.55,10.6,10.28,10.55,24390
2016-07-05,10.55,10.6,10.55,10.55,4640
2016-07-06,10.78,10.78,10.6,10.78,9000
2016-07-07,10.78,11.01,10.73,10.96,3920
2016-07-08,10.96,10.96,10.96,10.96,1300
2016-07-11,10.96,10.96,10.96,10.96,0
2016-07-12,11.01,11.01,10.78,10.92,7030
2016-07-13,11.01,11.01,10.78,10.96,5030
2016-07-14,10.96,10.96,10.55,10.55,510
2016-07-15,10.41,10.55,10.41,10.55,4640
2016-07-18,10.92,10.92,10.32,10.37,45790
2016-07-19,10.37,10.37,10.23,10.23,103690
2016-07-20,10.32,10.6,10.28,10.37,30050
2016-07-21,10.55,10.55,10.5,10.5,1410
2016-07-22,10.55,10.55,10.32,10.32,9060
2016-07-25,10.32,10.55,10.32,10.55,6960
2016-07-26,10.55,10.55,10.32,10.32,1770
2016-07-27,10.32,10.32,10.32,10.32,10
2016-07-28,10.32,10.32,10.32,10.32,4300
2016-07-29,10.09,10.32,9.63,10.09,10220
2016-08-01,9.86,10.0,9.86,10.0,7960
2016-08-02,10.55,10.55,10.55,10.55,40
2016-08-03,10.55,10.55,10.55,10.55,0
2016-08-04,10.09,10.5,9.86,10.09,15450
2016-08-05,9.5,9.5,9.4,9.5,52380
2016-08-08,9.45,10.05,9.45,9.54,3540
2016-08-09,9.59,9.86,9.54,9.54,23950
2016-08-10,9.54,10.09,9.54,10.05,34290
2016-08-11,10.09,10.73,10.0,10.73,13690
2016-08-12,10.73,10.92,10.14,10.14,1450
2016-08-15,9.86,10.46,9.82,10.37,17480
2016-08-16,10.46,10.55,10.37,10.55,17620
2016-08-17,10.55,10.87,10.55,10.87,100
2016-08-18,10.87,10.87,10.55,10.55,12550
2016-08-19,10.09,10.64,10.09,10.37,27070
2016-08-22,10.09,10.37,10.09,10.32,6110
2016-08-23,10.32,10.32,10.32,10.32,0
2016-08-24,10.09,10.09,10.09,10.09,1000
2016-08-25,10.09,10.09,9.86,9.86,8600
2016-08-26,10.5,10.5,9.4,9.4,10050
2016-08-29,9.95,9.95,9.4,9.4,39550
2016-08-30,9.63,9.63,9.17,9.17,28040
2016-08-31,9.17,9.36,9.13,9.17,59810
2016-09-01,9.77,9.82,9.17,9.17,23820
2016-09-05,9.17,9.17,9.17,9.17,15640
2016-09-06,9.17,9.17,8.94,8.94,17100
2016-09-07,9.5,9.5,8.94,8.94,10510
2016-09-08,8.35,9.17,8.35,8.35,8380
2016-09-09,8.9,8.9,8.9,8.9,4570
2016-09-12,9.17,9.38,8.9,9.38,7160
2016-09-13,9.38,9.38,9.38,9.38,100
2016-09-14,9.22,9.22,8.78,8.78,9700
2016-09-15,9.13,9.13,8.21,8.21,130
2016-09-16,7.91,8.78,7.91,8.69,9740
2016-09-19,8.72,8.72,8.26,8.72,6630
2016-09-20,8.69,8.69,8.28,8.69,1120
2016-09-21,8.69,8.69,8.26,8.28,12330
2016-09-22,8.28,8.28,8.28,8.28,10
2016-09-23,7.8,8.85,7.8,8.81,12560
2016-09-26,8.42,8.44,8.39,8.44,1700
2016-09-27,8.49,8.53,8.12,8.53,5580
2016-09-28,8.12,8.65,8.12,8.26,4010
2016-09-29,8.55,8.62,8.55,8.62,1790
2016-09-30,8.62,8.62,8.6,8.62,320
2016-10-03,8.6,8.6,8.6,8.6,1010
2016-10-04,8.6,8.62,8.6,8.62,520
2016-10-05,9.15,9.17,9.11,9.13,270
2016-10-06,9.54,9.54,9.54,9.54,10
2016-10-07,9.54,9.54,9.54,9.54,0
2016-10-10,8.9,8.9,8.9,8.9,10
2016-10-11,8.9,8.9,8.9,8.9,0
2016-10-12,8.9,8.9,8.62,8.62,1110
2016-10-13,8.72,8.72,8.62,8.62,2600
2016-10-14,8.53,8.72,8.14,8.14,610
2016-10-17,8.69,8.69,8.69,8.69,200
2016-10-18,9.17,9.17,9.15,9.15,300
2016-10-19,9.15,9.17,9.15,9.17,600
2016-10-20,9.17,9.17,9.17,9.17,0
2016-10-21,9.17,9.17,9.17,9.17,0
2016-10-24,8.53,9.17,8.53,8.94,1620
2016-10-25,8.94,8.94,8.94,8.94,0
2016-10-26,8.94,8.94,8.94,8.94,0
2016-10-27,8.35,8.35,8.35,8.35,100
2016-10-28,8.35,8.53,8.35,8.53,3000
2016-10-31,8.62,8.62,8.62,8.62,900
2016-11-01,8.26,8.26,8.26,8.26,400
2016-11-02,8.16,8.44,8.16,8.44,5070
2016-11-03,8.44,8.44,8.35,8.44,2320
2016-11-04,7.89,8.99,7.89,8.94,220
2016-11-07,9.33,9.33,9.33,9.33,10
2016-11-08,9.56,9.59,8.69,8.94,640
2016-11-09,8.35,9.15,8.33,8.94,1700
2016-11-10,8.9,8.9,8.9,8.9,10
2016-11-11,8.49,8.49,8.49,8.49,240
2016-11-14,8.03,8.83,7.94,8.83,2010
2016-11-15,8.69,8.69,8.69,8.69,10
2016-11-16,8.49,8.49,8.26,8.26,520
2016-11-17,8.03,8.21,7.71,8.21,610
2016-11-18,7.8,8.26,7.8,8.21,960
2016-11-21,7.75,7.75,7.73,7.73,80
2016-11-22,8.26,8.26,7.57,7.57,3530
2016-11-23,7.34,7.57,7.34,7.57,2590
2016-11-24,7.57,7.57,7.57,7.57,0
2016-11-25,7.78,7.78,7.78,7.78,10
2016-11-28,7.57,7.57,7.39,7.39,310
2016-11-29,7.78,7.78,7.78,7.78,10
2016-11-30,7.71,7.98,7.71,7.98,140
2016-12-01,7.66,7.66,7.52,7.52,200
2016-12-02,7.57,7.57,7.57,7.57,10
2016-12-05,7.98,7.98,7.98,7.98,50
2016-12-06,7.8,8.0,7.8,8.0,100
2016-12-07,8.0,8.0,8.0,8.0,0
2016-12-08,7.87,7.87,7.87,7.87,900
2016-12-09,7.84,7.84,7.36,7.36,500
2016-12-12,7.8,7.8,7.8,7.8,1390
2016-12-13,8.26,8.26,7.8,7.8,210
2016-12-14,8.23,8.33,7.34,8.33,6060
2016-12-15,8.35,8.9,8.35,8.9,10100
2016-12-16,8.9,8.9,8.9,8.9,5500
2016-12-19,8.72,9.52,8.72,9.52,7100
2016-12-20,10.05,10.05,10.05,10.05,3000
2016-12-21,9.36,10.0,9.36,10.0,4250
2016-12-22,10.23,10.23,9.31,9.31,20
2016-12-23,9.17,9.82,8.67,9.82,22620
2016-12-26,9.15,9.15,9.15,9.15,10
2016-12-27,8.53,9.63,8.53,9.59,7650
2016-12-28,9.59,9.59,9.59,9.59,0
2016-12-29,9.91,9.91,8.92,9.79,290
2016-12-30,9.13,9.13,9.13,9.13,10
2017-01-03,9.27,9.63,8.62,9.54,600
2017-01-04,9.61,9.61,8.88,8.88,41180
2017-01-05,8.26,8.67,8.26,8.67,2040
2017-01-06,8.67,8.67,8.67,8.67,0
2017-01-09,8.94,8.94,8.07,8.12,360
2017-01-10,8.65,8.67,7.66,7.66,330
2017-01-11,8.19,8.19,8.19,8.19,530
2017-01-12,8.74,8.74,8.74,8.74,20
2017-01-13,8.76,8.76,8.49,8.49,10940
2017-01-16,8.49,8.49,8.49,8.49,0
2017-01-17,8.1,8.1,8.1,8.1,20
2017-01-18,8.12,8.49,8.1,8.49,21400
2017-01-19,8.49,8.49,8.49,8.49,0
2017-01-20,8.72,8.72,8.72,8.72,10
2017-01-23,8.12,8.12,8.12,8.12,150
2017-01-24,8.67,8.67,8.67,8.67,100
2017-01-25,8.62,8.72,8.62,8.72,470
2017-02-02,9.08,9.24,9.08,9.24,300
2017-02-03,9.17,9.84,9.17,9.84,460
2017-02-06,9.84,9.84,9.84,9.84,0
2017-02-07,9.84,9.84,9.84,9.84,0
2017-02-08,9.15,10.05,9.15,9.63,30
2017-02-09,9.63,9.63,8.97,8.97,10010
2017-02-10,8.39,8.39,8.39,8.39,110
2017-02-13,8.69,8.72,8.49,8.72,1050
2017-02-14,8.12,8.72,8.12,8.72,20
2017-02-15,8.72,9.17,8.72,8.72,370
2017-02-16,8.72,8.72,8.72,8.72,450
2017-02-17,8.72,9.13,8.72,9.13,600
2017-02-20,9.17,9.17,8.72,8.72,40
2017-02-21,9.31,9.31,8.72,8.76,2550
2017-02-22,9.36,9.36,8.19,8.19,1140
2017-02-23,8.74,8.74,8.74,8.74,1320
2017-02-24,8.67,9.17,8.14,8.72,470
2017-02-27,8.72,9.17,8.72,8.72,140
2017-02-28,9.13,9.13,9.04,9.04,110
2017-03-01,9.04,9.04,9.04,9.04,100
2017-03-02,9.17,9.2,9.04,9.04,60
2017-03-03,9.04,9.04,8.53,8.53,20
2017-03-06,8.0,8.67,8.0,8.67,1170
2017-03-07,8.94,9.04,8.07,8.07,80
2017-03-08,8.49,8.62,7.8,7.8,28910
2017-03-09,8.33,8.33,7.8,8.33,4980
2017-03-10,8.85,8.9,8.85,8.9,820
2017-03-13,8.9,9.01,8.9,8.99,2420
2017-03-14,8.39,8.81,8.39,8.81,210
2017-03-15,8.33,8.33,8.33,8.33,20
2017-03-16,8.35,8.88,8.35,8.88,1070
2017-03-17,8.83,9.47,8.37,9.47,8230
2017-03-20,9.61,9.63,9.61,9.61,2280
2017-03-21,9.61,9.61,9.61,9.61,0
2017-03-22,8.99,8.99,8.94,8.94,400
2017-03-23,8.94,8.94,8.94,8.94,0
2017-03-24,9.43,9.5,9.43,9.5,100
2017-03-27,9.43,10.14,9.13,9.68,3240
2017-03-28,9.17,9.68,9.17,9.68,110
2017-03-29,10.07,10.09,9.17,9.17,3500
2017-03-30,8.99,8.99,8.97,8.97,150
2017-03-31,9.17,9.4,8.53,8.53,23820
2017-04-03,9.11,9.11,8.46,8.49,40
2017-04-04,9.06,9.06,8.03,8.03,380
2017-04-05,8.58,8.58,8.16,8.58,70
2017-04-07,9.13,9.13,9.13,9.13,50
2017-04-10,9.38,9.38,8.81,8.81,80
2017-04-11,9.11,9.11,8.53,8.94,230
2017-04-12,9.15,9.15,8.62,8.99,60
2017-04-13,8.99,8.99,8.99,8.99,0
2017-04-14,9.17,9.17,8.72,8.72,110
2017-04-17,9.13,9.13,8.33,8.33,530
2017-04-18,8.49,8.69,8.49,8.69,600
2017-04-19,8.35,9.15,8.35,8.49,630
2017-04-20,8.72,8.72,8.72,8.72,10
2017-04-21,8.72,8.81,8.72,8.81,7540
2017-04-24,8.81,8.81,8.81,8.81,0
2017-04-25,8.37,8.81,8.37,8.81,650
2017-04-26,8.81,8.81,8.81,8.81,0
2017-04-27,8.85,8.85,8.85,8.85,100
2017-04-28,8.85,8.85,8.83,8.83,90
2017-05-03,8.28,8.83,8.28,8.39,550
2017-05-04,8.39,8.49,8.39,8.39,2800
2017-05-05,8.39,8.39,8.26,8.26,4450
2017-05-08,8.49,8.49,8.26,8.26,2010
2017-05-09,7.87,8.26,7.8,8.03,980
2017-05-10,7.8,8.16,7.8,8.16,390
2017-05-11,8.03,8.03,8.03,8.03,300
2017-05-12,8.26,8.49,8.12,8.12,2480
2017-05-15,8.46,8.46,8.12,8.12,77060
2017-05-16,8.46,8.46,8.12,8.12,66280
2017-05-17,8.14,8.49,8.12,8.49,17010
2017-05-18,8.07,8.07,8.07,8.07,30
2017-05-19,8.49,8.49,8.49,8.49,20
2017-05-22,8.49,8.49,8.49,8.49,0
2017-05-23,8.03,8.03,8.03,8.03,50
2017-05-24,8.03,8.03,8.03,8.03,1090
2017-05-25,8.03,8.03,7.48,8.0,4210
2017-05-26,8.0,8.21,8.0,8.21,470
2017-05-29,7.96,8.16,7.66,8.16,5170
2017-05-30,7.73,8.44,7.73,8.44,40
2017-05-31,7.73,8.44,8.44,8.44,0
2017-06-01,8.44,8.44,8.44,8.44,0
2017-06-02,7.89,8.16,7.87,7.91,1100
2017-06-05,7.82,8.14,7.82,8.12,170
2017-06-06,8.42,8.42,7.8,7.8,1300
2017-06-07,8.07,8.1,8.07,8.1,110
2017-06-08,8.37,8.37,7.82,7.82,50
2017-06-09,8.1,8.1,7.82,7.82,30
2017-06-12,7.82,7.89,7.82,7.89,2200
2017-06-13,7.61,7.91,7.61,7.91,30
2017-06-14,7.57,8.05,7.57,8.05,20
2017-06-15,7.82,7.84,7.8,7.8,5760
2017-06-16,7.68,7.68,7.34,7.45,4780
2017-06-19,7.45,7.91,7.45,7.91,2190
2017-06-20,8.19,8.19,8.19,8.19,60
2017-06-21,8.26,8.44,8.21,8.42,6410
2017-06-22,8.49,8.72,8.07,8.69,1110
2017-06-23,8.72,8.72,8.49,8.49,230
2017-06-26,8.49,8.72,8.49,8.72,3100
2017-06-27,8.72,8.72,8.72,8.72,0
2017-06-28,8.72,8.72,8.72,8.72,0
2017-06-29,8.72,8.72,8.72,8.72,0
2017-06-30,8.62,8.62,8.62,8.62,100
2017-07-03,8.62,8.62,8.62,8.62,60
2017-07-04,8.86,8.86,8.86,8.86,5000
2017-07-05,8.86,8.86,8.39,8.39,60
2017-07-06,8.58,8.58,8.58,8.58,110
2017-07-07,8.62,8.62,8.62,8.62,50
2017-07-10,8.76,8.76,8.39,8.62,1190
2017-07-11,8.3,8.62,8.3,8.62,2450
2017-07-12,8.83,8.86,8.83,8.86,3030
2017-07-13,8.86,8.86,8.86,8.86,200
2017-07-14,8.86,8.86,8.39,8.86,450
2017-07-17,8.86,8.86,8.86,8.86,0
2017-07-18,8.62,8.62,8.62,8.62,700
2017-07-19,8.86,8.86,8.62,8.62,40
2017-07-20,8.62,8.86,8.62,8.86,980
2017-07-21,8.86,9.46,8.3,9.46,2290
2017-07-24,9.13,9.16,8.82,8.82,6870
2017-07-25,9.4,9.4,9.13,9.13,160
2017-07-26,9.5,9.5,8.53,8.56,5810
2017-07-27,8.56,8.87,8.53,8.56,21110
2017-07-28,9.0,9.0,7.99,7.99,58780
2017-07-31,8.51,8.51,7.46,7.46,14230
2017-08-01,7.96,7.96,7.8,7.8,120
2017-08-02,7.83,8.09,7.8,7.8,5500
2017-08-03,8.2,8.2,7.78,8.2,7010
2017-08-04,8.25,8.25,8.2,8.2,120
2017-08-07,8.17,8.2,8.09,8.2,4770
2017-08-08,8.2,8.2,8.2,8.2,15050
2017-08-09,8.4,8.46,8.4,8.46,110
2017-08-10,7.88,8.22,7.88,7.93,70
2017-08-11,8.25,8.25,8.25,8.25,1000
2017-08-14,8.25,8.3,8.01,8.25,6610
2017-08-15,8.25,8.25,8.25,8.25,2020
2017-08-16,8.25,8.3,8.04,8.3,10340
2017-08-17,8.48,8.48,7.83,7.83,42820
2017-08-18,8.25,8.25,8.25,8.25,60
2017-08-21,8.35,8.35,8.35,8.35,20
2017-08-22,8.25,8.3,7.93,7.93,25450
2017-08-23,8.3,8.3,8.3,8.3,10
2017-08-24,8.35,8.35,7.83,7.83,11440
2017-08-25,8.33,8.33,7.83,8.3,51340
2017-08-28,8.09,8.25,8.09,8.25,100
2017-08-29,8.22,8.22,8.22,8.22,100
2017-08-30,8.25,8.25,8.25,8.25,500
2017-08-31,8.2,8.22,8.2,8.22,550
2017-09-01,8.3,8.46,8.27,8.46,2080
2017-09-05,8.51,8.87,8.35,8.87,1710
2017-09-06,9.03,9.03,8.27,8.9,460
2017-09-07,8.9,8.9,8.9,8.9,30
2017-09-08,8.4,8.87,8.4,8.87,4100
2017-09-11,9.08,9.08,8.38,8.87,1190
2017-09-12,9.11,9.11,8.61,8.61,3520
2017-09-13,8.87,8.87,8.66,8.77,320
2017-09-14,8.35,8.74,8.35,8.74,50
2017-09-15,8.87,8.87,8.87,8.87,100
2017-09-18,8.87,8.87,8.87,8.87,10
2017-09-19,8.87,8.87,8.87,8.87,0
2017-09-20,8.87,8.87,8.87,8.87,0
2017-09-21,8.61,8.61,8.61,8.61,360
2017-09-22,8.61,8.85,8.61,8.77,1760
2017-09-25,8.61,8.87,8.25,8.25,6650
2017-09-26,8.8,8.8,8.8,8.8,10
2017-09-27,8.87,8.87,8.27,8.27,620
2017-09-28,8.09,8.35,8.09,8.35,210
2017-09-29,8.61,8.77,8.61,8.77,2890
2017-10-02,8.77,9.11,8.77,8.93,2440
2017-10-03,8.93,9.19,8.93,9.13,6060
2017-10-04,8.87,9.24,8.87,9.24,1100
2017-10-05,8.87,9.19,8.82,9.19,360
2017-10-06,9.19,9.19,9.19,9.19,60
2017-10-09,9.29,9.29,8.87,9.24,310
2017-10-10,9.24,9.24,9.24,9.24,0
2017-10-11,8.93,8.93,8.93,8.93,40
2017-10-12,9.13,9.13,9.13,9.13,100
2017-10-13,8.93,8.93,8.93,8.93,820
2017-10-16,9.13,9.13,8.93,8.93,2900
2017-10-17,9.08,9.13,9.08,9.13,2200
2017-10-18,9.0,9.03,9.0,9.03,510
2017-10-19,8.98,9.13,8.87,8.87,8010
2017-10-20,9.13,9.13,8.87,9.03,3200
2017-10-23,8.87,9.03,8.87,9.03,400
2017-10-24,8.93,8.93,8.93,8.93,50
2017-10-25,8.93,8.93,8.93,8.93,0
2017-10-26,8.93,8.93,8.93,8.93,400
2017-10-27,9.13,9.13,9.13,9.13,100
2017-10-30,8.9,8.9,8.87,8.87,1580
2017-10-31,8.87,9.08,8.38,8.38,1240
2017-11-01,8.35,8.9,7.8,8.35,14330
2017-11-02,8.93,8.93,8.87,8.87,110
2017-11-03,8.98,8.98,8.3,8.85,1430
2017-11-06,8.61,9.19,8.61,9.19,5110
2017-11-07,9.13,9.19,8.77,8.77,14870
2017-11-08,8.87,8.87,8.61,8.87,14900
2017-11-09,8.87,9.08,8.87,8.87,30590
2017-11-10,9.13,9.13,8.87,8.87,10850
2017-11-13,8.87,8.93,8.82,8.93,13780
2017-11-14,8.93,9.53,8.87,8.9,17670
2017-11-15,8.87,8.98,8.87,8.98,16510
2017-11-16,9.19,9.19,8.87,9.03,10030
2017-11-17,9.47,9.47,9.03,9.08,6110
2017-11-20,9.03,9.37,8.87,8.87,10010
2017-11-21,9.34,9.34,9.03,9.13,29010
2017-11-22,9.11,9.19,8.98,9.19,15800
2017-11-23,9.19,9.19,8.87,9.19,18020
2017-11-24,9.13,9.24,9.13,9.24,11690
2017-11-27,9.19,9.79,9.03,9.79,31140
2017-11-28,9.4,10.18,9.4,9.4,6390
2017-11-29,9.4,9.55,9.4,9.4,6720
2017-11-30,9.03,9.5,8.9,9.45,6840
2017-12-01,9.45,9.66,9.4,9.66,3800
2017-12-04,9.45,9.92,9.45,9.87,3040
2017-12-05,9.92,10.18,9.4,9.5,27310
2017-12-06,9.29,10.13,9.29,10.13,19100
2017-12-07,9.87,10.23,9.81,10.23,21780
2017-12-08,10.28,10.41,10.28,10.41,9400
2017-12-11,11.07,11.07,10.39,10.6,19970
2017-12-12,10.6,10.7,10.6,10.7,51850
2017-12-13,10.6,10.75,10.6,10.7,19150
2017-12-14,10.7,10.75,10.54,10.65,30190
2017-12-15,11.33,11.38,10.75,11.38,36790
2017-12-18,12.06,12.16,11.74,12.16,74990
2017-12-19,12.53,12.79,11.74,12.27,42450
2017-12-20,11.43,12.01,11.43,11.43,54800
2017-12-21,10.7,11.46,10.65,10.65,28180
2017-12-22,10.86,10.86,10.1,10.65,22770
2017-12-25,10.28,10.34,10.18,10.23,21390
2017-12-26,10.23,10.34,9.92,9.92,22510
2017-12-27,10.41,10.6,9.92,10.28,22110
2017-12-28,10.02,10.07,9.6,9.6,34760
2017-12-29,10.07,10.18,9.6,9.6,21190
2018-01-02,9.76,9.81,9.6,9.66,20500
2018-01-03,10.23,10.23,9.6,10.02,16580
2018-01-04,9.92,10.28,9.92,10.18,37800
2018-01-05,10.28,10.34,9.71,9.71,24210
2018-01-08,9.66,10.23,9.6,9.92,24120
2018-01-09,9.71,9.81,9.66,9.71,20800
2018-01-10,10.15,10.15,9.66,9.71,22020
2018-01-11,9.71,9.76,9.66,9.76,20600
2018-01-12,9.92,10.02,9.81,9.97,49740
2018-01-15,10.44,10.44,10.18,10.18,18250
2018-01-16,10.44,10.44,10.18,10.18,17410
2018-01-17,10.18,10.18,10.13,10.13,54860
2018-01-18,10.75,10.75,9.92,9.92,87220
2018-01-19,9.92,10.23,9.92,10.23,13380
2018-01-22,10.23,10.28,9.92,9.92,85660
2018-01-23,9.92,9.92,9.92,9.92,0
2018-01-24,9.92,9.92,9.92,9.92,0
2018-01-25,9.92,10.18,9.76,10.18,97540
2018-01-26,10.34,10.34,9.87,9.87,72200
2018-01-29,10.07,10.13,9.92,9.92,36260
2018-01-30,9.66,9.97,9.66,9.92,20020
2018-01-31,9.81,9.92,9.71,9.71,15420
2018-02-01,9.71,9.71,9.66,9.66,19920
2018-02-02,10.07,10.07,9.0,9.4,15510
2018-02-05,9.4,9.92,8.82,9.19,23020
2018-02-06,9.13,9.13,8.74,8.74,75280
2018-02-07,9.34,9.34,8.82,9.13,15430
2018-02-08,8.87,9.37,8.82,8.87,23040
2018-02-09,9.13,9.13,8.72,9.13,21820
2018-02-12,9.34,9.76,9.03,9.19,10120
2018-02-13,9.19,9.55,9.19,9.55,3110
2018-02-21,9.55,9.55,9.13,9.13,19240
2018-02-22,9.13,9.13,8.74,8.77,32930
2018-02-23,8.87,9.34,8.87,9.08,52030
2018-02-26,9.03,9.08,8.87,8.87,16600
2018-02-27,8.93,9.34,8.77,9.34,15570
2018-02-28,8.85,9.03,8.77,8.77,34450
2018-03-01,9.08,9.08,8.82,8.87,6800
2018-03-02,8.87,8.98,8.72,8.98,22640
2018-03-05,8.98,8.98,8.66,8.82,14540
2018-03-06,9.08,9.08,8.64,8.98,8350
2018-03-07,8.98,9.13,8.38,8.72,11900
2018-03-08,8.72,8.85,8.12,8.8,38780
2018-03-09,8.46,8.61,8.35,8.61,8250
2018-03-12,8.61,8.61,8.35,8.51,6510
2018-03-13,8.51,8.59,8.35,8.59,63680
2018-03-14,8.4,8.4,8.35,8.35,38790
2018-03-15,8.35,8.35,8.25,8.25,9600
2018-03-16,8.74,8.82,8.2,8.3,14250
2018-03-19,8.72,8.74,8.25,8.74,10970
2018-03-20,8.87,8.87,8.3,8.51,25820
2018-03-21,8.74,8.82,8.3,8.64,11100
2018-03-22,8.35,8.56,8.25,8.56,8400
2018-03-23,8.59,8.59,8.25,8.59,6220
2018-03-26,8.59,8.74,8.51,8.74,15370
2018-03-27,8.66,8.98,8.35,8.69,8630
2018-03-28,8.51,8.59,8.25,8.35,33930
2018-03-29,7.88,8.35,7.88,8.35,16710
2018-03-30,8.14,8.53,8.09,8.46,13330
2018-04-02,8.46,8.56,8.09,8.48,19300
2018-04-03,8.48,8.51,7.99,7.99,24770
2018-04-04,8.14,8.14,7.99,8.09,59330
2018-04-05,8.09,8.46,8.04,8.22,59650
2018-04-06,8.38,8.38,7.99,8.3,6020
2018-04-09,7.99,8.09,7.8,8.06,118740
2018-04-10,7.99,7.99,7.7,7.83,57990
2018-04-11,7.83,7.83,7.83,7.83,92400
2018-04-12,7.83,7.99,7.83,7.86,99410
2018-04-13,7.86,8.01,7.83,7.88,62800
2018-04-16,7.88,7.99,7.83,7.99,45700
2018-04-17,7.93,8.09,7.93,7.99,31370
2018-04-18,7.99,7.99,7.93,7.99,50060
2018-04-19,8.12,8.12,7.83,7.99,44160
2018-04-20,7.88,7.99,7.83,7.83,83550
2018-04-23,8.2,8.38,8.2,8.35,16630
2018-04-24,8.3,8.3,7.99,7.99,5270
2018-04-26,8.22,8.3,7.83,7.88,4010
2018-04-27,7.93,8.33,7.88,8.27,13070
2018-05-02,8.09,8.09,8.04,8.04,11000
2018-05-03,7.93,8.04,7.83,7.86,40620
2018-05-04,7.62,7.83,7.33,7.33,18930
2018-05-07,7.83,7.83,7.36,7.83,2150
2018-05-08,8.38,8.38,7.93,7.93,31110
2018-05-09,8.22,8.46,8.22,8.46,11120
2018-05-10,8.61,8.77,8.25,8.46,10520
2018-05-11,8.33,8.61,8.33,8.61,6520
2018-05-14,8.87,8.87,8.61,8.77,14690
2018-05-15,8.77,8.77,8.56,8.77,13760
2018-05-16,8.61,8.95,8.2,8.66,32510
2018-05-17,8.85,8.87,8.17,8.69,14940
2018-05-18,8.72,8.72,8.09,8.64,15210
2018-05-21,8.35,8.77,8.35,8.77,15000
2018-05-22,8.77,9.34,8.66,8.95,7500
2018-05-23,8.87,9.13,8.64,8.77,17280
2018-05-24,8.77,8.93,8.25,8.35,9620
2018-05-25,8.77,8.77,8.25,8.25,5950
2018-05-28,8.35,8.35,7.99,8.33,8400
2018-05-29,7.99,8.56,7.99,8.56,5500
2018-05-30,8.09,8.56,7.99,8.09,22160
2018-05-31,8.61,8.61,8.01,8.46,15810
2018-06-01,8.59,8.59,8.01,8.59,13230
2018-06-04,8.53,8.59,8.35,8.59,10590
2018-06-05,8.59,8.59,8.25,8.46,25090
2018-06-06,8.3,8.56,8.2,8.4,17180
2018-06-07,8.35,8.59,8.2,8.46,16750
2018-06-08,8.51,8.77,8.35,8.46,17840
2018-06-11,8.59,8.59,8.27,8.27,16110
2018-06-12,8.2,8.51,8.14,8.51,18880
2018-06-13,8.59,8.59,8.4,8.59,17170
2018-06-14,8.92,8.92,8.2,8.67,22710
2018-06-15,8.67,8.67,8.17,8.48,24770
2018-06-18,8.23,8.89,8.23,8.89,28010
2018-06-19,8.78,8.78,8.28,8.48,15830
2018-06-20,8.45,8.7,8.39,8.7,30650
2018-06-21,8.7,8.7,8.28,8.5,18720
2018-06-22,8.56,8.56,8.26,8.5,18480
2018-06-25,8.5,8.78,8.45,8.7,15510
2018-06-26,8.17,8.7,8.17,8.42,22010
2018-06-27,8.23,8.28,8.09,8.12,25290
2018-06-28,8.12,8.23,8.12,8.15,21760
2018-06-29,8.42,8.42,7.85,7.98,20180
2018-07-02,8.39,8.45,7.87,7.87,18410
2018-07-03,7.96,8.01,7.76,7.98,16020
2018-07-04,7.96,7.98,7.68,7.96,19800
2018-07-05,7.93,7.98,7.79,7.96,14780
2018-07-06,7.96,8.2,7.93,8.2,17570
2018-07-09,8.34,8.34,8.15,8.2,17100
2018-07-10,8.23,8.75,8.23,8.75,37090
2018-07-11,8.78,8.81,8.5,8.67,15580
2018-07-12,8.89,9.05,8.59,9.05,25850
2018-07-13,8.78,9.19,8.67,9.11,25280
2018-07-16,9.11,9.11,8.81,9.11,32800
2018-07-17,9.11,9.11,8.86,9.08,38030
2018-07-18,8.94,8.94,8.59,8.89,33680
2018-07-19,8.83,8.89,8.75,8.75,59980
2018-07-20,8.89,9.35,8.78,8.78,172260
2018-07-23,8.83,8.83,8.61,8.61,13230
2018-07-24,8.64,8.67,8.48,8.67,15010
2018-07-25,8.5,8.56,8.34,8.34,24990
2018-07-26,8.34,8.39,7.96,7.96,25000
2018-07-27,7.96,8.39,7.93,7.93,149190
2018-07-30,8.28,8.28,7.96,7.98,28940
2018-07-31,8.28,8.28,7.93,8.2,11930
2018-08-01,8.23,8.23,7.98,8.17,27890
2018-08-02,8.2,8.2,7.74,7.74,48180
2018-08-03,7.96,8.06,7.76,7.76,54230
2018-08-06,7.9,7.9,7.76,7.76,20670
2018-08-07,7.79,7.96,7.63,7.74,32000
2018-08-08,7.79,8.04,7.68,7.79,52880
2018-08-09,8.15,8.15,7.9,7.9,4700
2018-08-10,7.9,7.9,7.63,7.68,71310
2018-08-13,7.96,7.96,7.63,7.68,5570
2018-08-14,7.68,7.87,7.52,7.57,68710
2018-08-15,7.43,7.71,7.21,7.21,45010
2018-08-16,7.21,7.54,7.13,7.21,64720
2018-08-17,7.38,7.43,7.16,7.27,16200
2018-08-20,7.38,7.54,7.24,7.41,12510
2018-08-21,7.46,7.57,7.41,7.49,13780
2018-08-22,7.65,7.82,7.57,7.82,36300
2018-08-23,7.85,7.85,7.63,7.68,143910
2018-08-24,7.68,7.82,7.63,7.82,16620
2018-08-27,7.9,8.15,7.63,7.76,9280
2018-08-28,7.68,7.68,7.46,7.6,26400
2018-08-29,7.57,7.63,7.57,7.63,6930
2018-08-30,7.46,7.6,7.24,7.41,32100
2018-08-31,7.41,7.41,7.24,7.41,22470
2018-09-04,7.63,7.63,7.21,7.38,10940
2018-09-05,7.46,7.46,7.13,7.35,7510
2018-09-06,7.24,7.32,7.13,7.27,24040
2018-09-07,7.16,7.3,7.16,7.27,24430
2018-09-10,7.27,7.65,7.27,7.57,107220
2018-09-11,7.57,8.09,7.52,8.04,74380
2018-09-12,8.09,8.28,8.01,8.06,70560
2018-09-13,8.01,8.01,7.57,7.85,26320
2018-09-14,7.3,7.82,7.3,7.63,31910
2018-09-17,7.63,7.68,7.52,7.52,16770
2018-09-18,7.52,8.04,7.46,8.01,87100
2018-09-19,8.56,8.56,8.48,8.56,280860
2018-09-20,9.13,9.13,9.11,9.13,500300
2018-09-21,9.11,9.44,9.0,9.13,100790
2018-09-24,9.0,9.11,8.78,8.94,72660
2018-09-25,8.94,9.52,8.83,9.33,188050
2018-09-26,9.33,9.96,9.33,9.96,146150
2018-09-27,9.99,10.42,9.99,10.42,62620
2018-09-28,10.45,10.48,9.71,9.99,89040
2018-10-01,9.99,9.99,9.55,9.88,94280
2018-10-02,9.55,10.42,9.55,9.71,62900
2018-10-03,9.82,9.99,9.82,9.88,25160
2018-10-04,9.99,10.09,9.88,9.9,83950
2018-10-05,9.88,10.09,9.88,9.96,34180
2018-10-08,9.96,9.96,9.71,9.88,77680
2018-10-09,9.9,9.99,9.85,9.99,34520
2018-10-10,9.88,10.67,9.88,10.42,166500
2018-10-11,9.9,10.31,9.71,9.71,102070
2018-10-12,9.33,10.15,9.33,10.07,32400
2018-10-15,10.09,10.2,9.38,10.2,63630
2018-10-16,9.6,10.07,9.55,9.66,41230
2018-10-17,9.77,10.12,9.77,9.93,23020
2018-10-18,9.6,10.18,9.6,9.88,74120
2018-10-19,9.99,10.09,9.71,10.09,20560
2018-10-22,10.2,10.78,10.15,10.78,249320
2018-10-23,11.19,11.22,10.53,10.84,54590
2018-10-24,10.81,11.14,10.81,11.08,81530
2018-10-25,10.59,10.97,10.42,10.86,80960
2018-10-26,10.86,10.97,10.31,10.64,29790
2018-10-29,10.64,10.81,10.15,10.42,17780
2018-10-30,10.2,10.37,9.79,9.79,79290
2018-10-31,10.12,10.12,9.88,9.93,43540
2018-11-01,9.93,10.34,9.93,10.04,44390
2018-11-02,10.31,10.53,10.09,10.34,60180
2018-11-05,10.59,10.59,10.37,10.37,31080
2018-11-06,10.42,11.08,10.42,10.7,155720
2018-11-07,10.92,10.92,10.51,10.7,24320
2018-11-08,10.84,10.84,10.56,10.7,20520
2018-11-09,10.53,10.59,10.31,10.31,92510
2018-11-12,9.99,10.31,9.99,10.15,30430
2018-11-13,10.15,10.81,10.15,10.42,178950
2018-11-14,10.42,10.64,10.26,10.31,61790
2018-11-15,10.31,10.59,10.15,10.56,22650
2018-11-16,10.31,10.92,10.31,10.75,89030
2018-11-19,10.86,10.86,10.64,10.81,65310
2018-11-20,10.75,10.86,10.64,10.86,47520
2018-11-21,10.64,10.89,10.64,10.86,23130
2018-11-22,10.86,10.97,10.75,10.86,94270
2018-11-23,10.86,11.08,10.59,10.59,49530
2018-11-26,10.59,10.7,10.59,10.59,9060
2018-11-27,10.59,10.59,10.31,10.31,49790
2018-11-28,10.31,10.45,10.09,10.2,33900
2018-11-29,10.2,10.29,10.07,10.23,57640
2018-11-30,10.09,10.23,9.99,10.23,115140
2018-12-03,10.42,10.42,10.07,10.31,45300
2018-12-04,10.4,10.4,10.15,10.31,24580
2018-12-05,10.31,10.31,10.09,10.12,41090
2018-12-06,10.09,10.15,9.99,10.04,47290
2018-12-07,10.07,10.15,10.04,10.04,124810
2018-12-10,10.04,10.09,9.99,10.09,21580
2018-12-11,10.04,10.04,9.96,9.99,32710
2018-12-12,10.2,10.2,9.88,9.99,10480
2018-12-13,9.99,10.04,9.77,9.77,110400
2018-12-14,9.77,9.88,9.77,9.88,78110
2018-12-17,10.09,10.09,9.82,9.85,82110
2018-12-18,9.66,9.79,9.52,9.66,36880
2018-12-19,9.88,9.93,9.44,9.44,15230
2018-12-20,9.44,9.66,8.83,9.33,82120
2018-12-21,9.27,9.33,8.97,9.27,48790
2018-12-24,9.11,9.33,9.0,9.0,42150
2018-12-25,9.16,9.16,8.61,8.72,74450
2018-12-26,8.89,8.89,8.56,8.78,53820
2018-12-27,8.83,9.22,8.64,8.89,84780
2018-12-28,8.78,8.89,8.72,8.72,26300
2019-01-02,8.72,8.78,8.34,8.39,80970
2019-01-03,8.39,8.39,7.82,8.28,276710
2019-01-04,8.23,8.72,8.23,8.72,28270
2019-01-07,9.03,9.3,8.89,9.3,62560
2019-01-08,9.33,9.33,9.03,9.03,46430
2019-01-09,9.22,9.27,9.11,9.27,21820
2019-01-10,9.49,9.52,9.16,9.22,54970
2019-01-11,9.33,9.41,9.0,9.38,91050
2019-01-14,9.38,9.38,8.75,9.33,10770
2019-01-15,9.44,9.96,9.33,9.96,128040
2019-01-16,10.2,10.2,9.46,9.46,46860
2019-01-17,10.04,10.04,9.49,9.63,23090
2019-01-18,9.63,9.74,9.33,9.63,29510
2019-01-21,9.82,9.82,9.44,9.6,82500
2019-01-22,9.79,9.79,9.05,9.11,166370
2019-01-23,9.24,9.27,9.08,9.13,95110
2019-01-24,9.66,9.69,9.51,9.63,178640
2019-01-25,9.69,10.29,9.69,10.29,181600
2019-01-28,10.29,10.29,9.96,10.14,30560
2019-01-29,10.14,10.42,9.87,10.42,93290
2019-01-30,10.42,10.54,10.17,10.54,23750
2019-01-31,10.6,10.6,10.29,10.42,71640
2019-02-01,10.42,10.54,10.29,10.48,56740
2019-02-11,10.54,10.72,10.54,10.72,77760
2019-02-12,10.78,11.05,10.66,11.02,132880
2019-02-13,11.02,11.69,11.02,11.57,199260
2019-02-14,11.51,11.51,11.2,11.26,57850
2019-02-15,11.2,11.32,11.14,11.14,33130
2019-02-18,11.26,11.26,10.72,10.87,89660
2019-02-19,11.2,11.2,10.87,11.08,68950
2019-02-20,11.08,11.08,10.78,10.9,52830
2019-02-21,10.9,10.9,10.6,10.9,174320
2019-02-22,11.02,11.2,10.96,11.11,38270
2019-02-25,11.11,11.45,10.96,11.05,27710
2019-02-26,11.14,11.14,10.84,11.02,38360
2019-02-27,10.9,11.02,10.29,10.29,210890
2019-02-28,10.81,10.99,10.66,10.99,112760
2019-03-01,11.02,11.69,10.99,11.63,91390
2019-03-04,12.08,12.08,11.6,11.75,132000
2019-03-05,11.75,11.75,11.57,11.75,158850
2019-03-06,11.69,11.81,11.38,11.81,75220
2019-03-07,12.11,12.41,11.84,12.23,119450
2019-03-08,12.23,12.66,12.08,12.66,282860
2019-03-11,12.72,12.78,12.41,12.72,165230
2019-03-12,12.84,13.59,12.78,13.59,550340
2019-03-13,13.59,13.59,13.02,13.17,119980
2019-03-14,13.17,13.75,13.11,13.69,208500
2019-03-15,13.93,13.93,13.44,13.87,303550
2019-03-18,13.9,13.93,13.38,13.63,216160
2019-03-19,13.23,13.84,13.23,13.5,350780
2019-03-20,13.23,13.56,13.23,13.44,94350
2019-03-21,13.44,13.47,13.05,13.05,90590
2019-03-22,13.29,13.29,12.78,13.08,78720
2019-03-25,12.29,12.81,12.29,12.54,131040
2019-03-26,12.72,13.38,12.72,13.38,131540
2019-03-27,13.38,13.87,13.38,13.63,75140
2019-03-28,13.63,13.63,13.32,13.41,32660
2019-03-29,13.56,13.69,13.26,13.44,63650
2019-04-01,13.5,13.5,13.08,13.14,36760
2019-04-02,13.26,13.5,13.02,13.5,131270
2019-04-03,13.5,14.44,13.35,14.44,434420
2019-04-04,14.5,14.84,14.44,14.53,227270
2019-04-05,14.59,14.96,14.38,14.65,188750
2019-04-08,14.84,14.84,13.99,14.41,135180
2019-04-09,14.41,14.53,14.11,14.11,97250
2019-04-10,13.93,14.29,13.72,13.75,101330
2019-04-11,13.75,14.26,13.69,14.17,81340
2019-04-12,14.17,14.72,13.93,14.62,156500
2019-04-16,14.29,14.5,13.84,14.23,59350
2019-04-17,14.23,14.44,14.11,14.23,77540
2019-04-18,14.23,14.23,13.26,13.9,74990
2019-04-19,13.87,13.87,13.69,13.69,52630
2019-04-22,13.69,13.69,12.75,13.02,322580
2019-04-23,12.96,13.41,12.96,13.41,54060
2019-04-24,13.5,13.81,13.32,13.75,39200
2019-04-25,13.38,13.9,13.35,13.35,66510
2019-04-26,13.08,13.32,13.02,13.17,81400
2019-05-02,13.14,13.38,12.93,13.38,89270
2019-05-03,13.44,13.44,13.14,13.2,44100
2019-05-06,13.02,13.5,12.84,13.38,113280
2019-05-07,13.44,13.56,13.32,13.44,64460
2019-05-08,13.32,13.59,13.32,13.53,56270
2019-05-09,13.56,13.93,13.56,13.84,70640
2019-05-10,13.87,14.17,13.75,14.17,90360
2019-05-13,14.47,14.47,13.99,13.99,96980
2019-05-14,13.87,14.38,13.87,14.35,123510
2019-05-15,14.35,14.41,14.17,14.29,81640
2019-05-16,14.29,14.47,14.17,14.32,90790
2019-05-17,14.32,14.41,14.17,14.29,39100
2019-05-20,14.05,14.35,14.05,14.29,101020
2019-05-21,14.35,15.29,14.26,15.17,593050
2019-05-22,15.56,15.56,14.99,14.99,154550
2019-05-23,14.99,15.59,14.84,15.5,192440
2019-05-24,15.5,15.62,14.9,14.9,206490
2019-05-27,14.9,15.26,14.9,15.23,93430
2019-05-28,15.38,15.38,14.96,15.26,213400
2019-05-29,15.38,15.93,15.2,15.81,410740
2019-05-30,15.81,15.81,15.44,15.56,95770
2019-05-31,15.44,15.68,14.53,14.81,291710
2019-06-03,14.29,14.5,13.84,13.99,543930
2019-06-04,14.35,14.65,14.08,14.53,143370
2019-06-05,14.84,14.96,14.23,14.65,137170
2019-06-06,14.17,14.5,14.17,14.5,106120
2019-06-07,14.53,15.08,14.53,14.96,138760
2019-06-10,15.14,15.26,14.93,15.08,118700
2019-06-11,15.08,15.32,14.96,15.14,121350
2019-06-12,14.99,15.11,14.68,14.75,124800
2019-06-13,14.78,14.96,14.53,14.53,57590
2019-06-14,14.53,14.78,14.32,14.53,82690
2019-06-17,14.08,15.18,14.08,15.18,153950
2019-06-18,15.11,15.18,14.79,14.92,42940
2019-06-19,14.95,15.18,14.66,14.86,27840
2019-06-20,14.79,15.24,14.79,15.18,71280
2019-06-21,14.86,15.44,14.86,14.86,35600
2019-06-24,14.86,15.44,14.86,15.18,138230
2019-06-25,15.11,15.44,15.11,15.18,83090
2019-06-26,15.44,15.76,15.44,15.63,189570
2019-06-27,15.7,15.7,15.08,15.11,295290
2019-06-28,15.18,15.44,14.99,15.44,54460
2019-07-01,15.7,15.76,15.31,15.44,124910
2019-07-02,15.44,15.47,15.05,15.31,45730
2019-07-03,15.31,15.57,15.28,15.5,58400
2019-07-04,15.5,16.34,15.5,16.34,477030
2019-07-05,16.34,16.44,16.15,16.34,100950
2019-07-08,16.34,16.34,15.92,16.28,113300
2019-07-09,16.15,16.28,15.89,16.21,110550
2019-07-10,16.28,16.28,16.02,16.05,71770
2019-07-11,16.31,16.31,15.86,15.89,80810
2019-07-12,15.92,16.02,15.5,15.5,177600
2019-07-15,15.34,15.76,15.18,15.6,139920
2019-07-16,15.6,15.76,15.5,15.5,79300
2019-07-17,15.5,15.66,15.44,15.57,105150
2019-07-18,15.57,15.57,15.44,15.5,36110
2019-07-19,15.5,16.02,15.5,15.66,134410
2019-07-22,15.66,15.66,15.05,15.5,327800
2019-07-23,15.31,15.5,15.28,15.28,65460
2019-07-24,15.18,15.24,14.79,15.18,189300
2019-07-25,15.18,15.34,15.11,15.18,87450
2019-07-26,15.24,15.37,14.86,14.89,208480
2019-07-29,14.86,14.86,14.21,14.28,234300
2019-07-30,14.28,14.6,13.92,14.28,136690
2019-07-31,14.28,14.28,13.95,14.15,48060
2019-08-01,14.15,14.47,14.15,14.31,31520
2019-08-02,14.21,14.82,14.21,14.82,124350
2019-08-05,15.05,15.05,14.4,14.47,50770
2019-08-06,14.08,14.34,13.47,13.66,217010
2019-08-07,13.56,13.92,13.56,13.56,63510
2019-08-08,13.56,14.08,13.05,14.08,276730
2019-08-09,13.63,13.89,13.63,13.76,190380
2019-08-12,13.69,14.21,13.63,14.02,68390
2019-08-13,13.89,13.89,13.5,13.66,66600
2019-08-14,13.89,13.95,13.66,13.76,20110
2019-08-15,12.98,13.56,12.98,13.5,46770
2019-08-16,13.76,13.76,13.31,13.37,47340
2019-08-19,13.44,13.56,13.37,13.5,23780
2019-08-20,13.82,13.82,13.18,13.21,51410
2019-08-21,13.31,13.69,13.14,13.24,107380
2019-08-22,13.56,13.63,13.31,13.34,143150
2019-08-23,13.44,13.44,13.18,13.27,87410
2019-08-26,13.27,13.44,13.24,13.37,144280
2019-08-27,13.5,13.82,13.37,13.82,116670
2019-08-28,13.89,14.34,13.89,14.24,119790
2019-08-29,14.37,14.37,13.89,13.95,63360
2019-08-30,13.95,14.34,13.95,14.28,147160
2019-09-03,14.4,14.4,13.76,13.76,60010
2019-09-04,13.5,14.02,13.37,13.82,130020
2019-09-05,13.56,13.89,13.44,13.82,79890
2019-09-06,13.82,13.95,13.44,13.63,8790
2019-09-09,13.63,13.95,13.37,13.89,37840
2019-09-10,13.89,13.98,13.63,13.89,85300
2019-09-11,13.89,13.95,13.76,13.89,20420
2019-09-12,13.89,14.02,13.89,13.95,32710
2019-09-13,13.95,13.95,13.63,13.69,22000
2019-09-16,13.76,13.92,13.69,13.89,16030
2019-09-17,13.6,13.89,13.6,13.69,11340
2019-09-18,13.56,13.56,13.31,13.31,93460
2019-09-19,13.63,13.63,13.31,13.31,12320
2019-09-20,13.44,13.44,13.31,13.34,24140
2019-09-23,13.34,13.37,12.98,12.98,90790
2019-09-24,13.11,13.37,12.98,13.27,32580
2019-09-25,13.27,13.37,13.05,13.05,8590
2019-09-26,13.11,13.4,13.05,13.14,21260
2019-09-27,13.27,13.27,12.6,12.85,129260
2019-09-30,12.85,13.05,12.27,12.27,76550
2019-10-01,12.4,12.56,12.37,12.37,13020
2019-10-02,12.37,12.37,11.89,11.98,139220
2019-10-03,11.72,12.01,11.72,11.95,40130
2019-10-04,12.11,12.56,12.01,12.31,54590
2019-10-07,12.14,12.53,12.14,12.21,12190
2019-10-08,12.01,12.31,12.01,12.11,27350
2019-10-09,12.21,12.21,12.11,12.11,32990
2019-10-10,12.11,12.14,11.76,11.89,74010
2019-10-11,12.14,12.21,12.01,12.11,12970
2019-10-14,12.27,12.92,12.11,12.92,119190
2019-10-15,12.79,12.79,12.47,12.56,21280
2019-10-16,12.85,12.85,12.47,12.53,15620
2019-10-17,12.53,12.92,12.5,12.92,26860
2019-10-18,12.6,12.89,12.6,12.66,15380
2019-10-21,12.85,12.85,12.6,12.6,23500
2019-10-22,12.82,12.82,12.5,12.5,25120
2019-10-23,12.72,12.72,12.37,12.56,80260
2019-10-24,12.56,12.6,12.47,12.53,17660
2019-10-25,12.14,12.5,12.14,12.47,13040
2019-10-28,12.5,12.53,12.37,12.37,11750
2019-10-29,12.37,12.47,12.27,12.27,14310
2019-10-30,12.43,12.47,12.27,12.47,81110
2019-10-31,12.5,12.53,12.31,12.34,6630
2019-11-01,12.34,12.34,12.21,12.34,29470
2019-11-04,12.47,12.47,12.05,12.05,53220
2019-11-05,12.05,12.14,11.82,12.05,11070
2019-11-06,12.18,12.18,11.82,11.92,22020
2019-11-07,11.92,12.01,11.82,12.01,19400
2019-11-08,11.95,12.01,11.89,12.01,13920
2019-11-11,12.01,12.01,11.82,11.82,28950
2019-11-12,11.76,11.76,11.63,11.66,23760
2019-11-13,11.63,11.89,11.63,11.85,17210
2019-11-14,11.89,11.89,11.82,11.85,11080
2019-11-15,11.85,11.85,11.63,11.85,16010
2019-11-18,11.85,11.85,11.76,11.85,10640
2019-11-19,11.79,11.85,11.76,11.82,29280
2019-11-20,11.82,12.01,11.82,11.95,11300
2019-11-21,11.82,11.95,11.76,11.95,4290
2019-11-22,12.14,12.14,11.89,11.89,15600
2019-11-25,11.08,12.11,11.08,11.82,4860
2019-11-26,12.08,12.08,11.82,11.95,13790
2019-11-27,12.01,12.01,11.82,11.95,5180
2019-11-28,11.82,11.82,11.56,11.82,13570
2019-11-29,11.82,11.82,11.11,11.5,25780
2019-12-02,11.37,11.63,11.17,11.17,33550
2019-12-03,11.08,11.37,10.4,10.5,58880
2019-12-04,10.5,11.21,10.08,11.17,59130
2019-12-05,11.37,11.5,11.05,11.37,42240
2019-12-06,11.14,11.17,10.98,11.01,58150
2019-12-09,11.24,11.5,11.17,11.5,22580
2019-12-10,11.17,11.5,11.17,11.5,18860
2019-12-11,11.47,11.5,11.17,11.5,9670
2019-12-12,11.24,11.43,10.92,11.37,37710
2019-12-13,11.3,11.47,11.08,11.08,31440
2019-12-16,11.43,11.85,11.05,11.08,28190
2019-12-17,11.43,11.43,11.08,11.43,16590
2019-12-18,11.11,11.37,10.98,11.01,32160
2019-12-19,11.01,11.37,10.85,11.17,35910
2019-12-20,11.01,11.05,10.92,10.92,18320
2019-12-23,11.17,11.17,10.46,10.79,51440
2019-12-24,10.72,11.3,10.72,11.24,32220
2019-12-25,11.59,11.59,11.11,11.11,47890
2019-12-26,11.4,11.4,10.98,10.98,2970
2019-12-27,11.11,11.4,11.11,11.24,68020
2019-12-30,11.3,11.43,11.27,11.4,9100
2019-12-31,11.4,11.4,11.3,11.34,15710
2020-01-02,11.37,11.63,11.17,11.17,22830
2020-01-03,11.17,11.3,11.11,11.11,5570
2020-01-06,11.11,11.11,10.72,10.79,35860
2020-01-07,10.79,11.21,10.72,10.95,142300
2020-01-08,11.63,11.63,10.92,11.17,10830
2020-01-09,11.47,11.47,10.98,11.05,32890
2020-01-10,11.05,11.05,10.5,10.95,46950
2020-01-13,10.98,10.98,10.59,10.98,29210
2020-01-14,10.56,11.05,10.56,10.79,36830
2020-01-15,10.88,10.88,10.66,10.69,56280
2020-01-16,10.69,10.92,10.66,10.79,65930
2020-01-17,10.88,10.98,10.66,10.66,55320
2020-01-20,10.72,10.85,10.66,10.69,51630
2020-01-21,10.98,11.11,10.82,10.88,76450
2020-01-22,11.56,11.63,11.3,11.63,92710
2020-01-30,11.85,11.95,11.3,11.34,340720
2020-01-31,11.92,11.92,11.24,11.37,9310
2020-02-03,11.37,11.37,10.59,11.37,47800
2020-02-04,11.37,11.37,10.82,10.85,81570
2020-02-05,10.66,11.11,10.66,10.88,74250
2020-02-06,10.92,11.11,10.85,11.11,152700
2020-02-07,11.11,11.82,11.11,11.4,279780
2020-02-10,11.72,11.72,11.56,11.66,120070
2020-02-11,11.72,11.89,11.21,11.21,106400
2020-02-12,11.34,11.47,10.98,11.24,458030
2020-02-13,11.95,12.01,11.76,12.01,865820
2020-02-14,12.27,12.66,12.08,12.27,178810
2020-02-17,12.14,12.21,11.82,11.89,202790
2020-02-18,11.79,12.27,11.56,12.08,460640
2020-02-19,12.01,12.01,11.82,11.92,101240
2020-02-20,11.92,12.08,11.82,11.92,227560
2020-02-21,11.85,12.47,11.82,12.18,499060
2020-02-24,11.95,12.37,11.76,12.01,257450
2020-02-25,11.95,12.27,11.76,12.27,228180
2020-02-26,12.01,12.14,11.92,12.14,106550
2020-02-27,12.21,12.21,11.76,12.14,127420
2020-02-28,11.82,11.95,11.3,11.5,349690
2020-03-02,11.63,11.82,11.47,11.5,142590
2020-03-03,11.82,11.82,11.3,11.4,145100
2020-03-04,11.3,11.5,11.11,11.5,179780
2020-03-05,11.43,11.63,11.21,11.24,189300
2020-03-06,11.17,11.3,11.05,11.14,181270
2020-03-09,10.4,10.98,10.37,10.37,571920
2020-03-10,10.17,10.56,10.17,10.56,88090
2020-03-11,10.72,10.72,9.85,9.88,255620
2020-03-12,9.69,9.82,9.2,9.2,242960
2020-03-13,8.59,9.11,8.59,9.11,178790
2020-03-16,9.2,9.27,8.78,9.04,221700
2020-03-17,9.04,9.11,8.91,9.01,181340
2020-03-18,9.62,9.62,9.56,9.62,68360
2020-03-19,9.69,9.95,9.62,9.92,123290
2020-03-20,9.62,9.88,9.37,9.62,99160
2020-03-23,9.37,9.37,8.98,8.98,114800
2020-03-24,8.59,9.17,8.59,9.08,48740
2020-03-25,9.24,9.69,9.24,9.62,65020
2020-03-26,9.62,9.62,9.11,9.11,65630
2020-03-27,9.11,9.27,8.85,9.17,37560
2020-03-30,8.66,8.88,8.56,8.88,37580
2020-03-31,8.91,9.17,8.46,8.88,28780
2020-04-01,8.72,9.17,8.72,9.11,47420
2020-04-03,9.17,9.59,9.17,9.46,62640
2020-04-06,9.56,9.95,9.56,9.88,74820
2020-04-07,9.92,9.95,9.75,9.92,166820
2020-04-08,9.88,10.59,9.85,10.27,148510
2020-04-09,10.21,10.63,10.21,10.63,319890
2020-04-10,10.63,11.05,10.5,10.92,372430
2020-04-13,10.92,11.21,10.69,10.92,266240
2020-04-14,11.01,11.17,10.92,10.95,306600
2020-04-15,10.72,11.11,10.72,10.98,186870
2020-04-16,11.11,11.11,10.88,10.92,93050
2020-04-17,11.11,11.11,10.79,10.79,406450
2020-04-20,10.79,10.79,10.33,10.33,223120
2020-04-21,10.01,10.3,9.69,9.69,146130
2020-04-22,9.69,10.37,9.5,10.33,85120
2020-04-23,10.33,10.59,10.3,10.33,39110
2020-04-24,10.33,10.63,10.24,10.53,108520
2020-04-27,10.59,10.98,10.33,10.88,156110
2020-04-28,10.88,11.11,10.88,11.05,210170
2020-04-29,11.08,11.21,10.92,11.08,229340
2020-05-04,11.08,11.08,10.59,10.59,13400
2020-05-05,10.59,10.72,10.5,10.59,5160
2020-05-06,10.59,10.66,10.37,10.56,55020
2020-05-07,10.69,10.98,10.59,10.85,42900
2020-05-08,11.05,11.17,10.98,10.98,124670
2020-05-11,11.11,11.11,10.92,10.98,38900
2020-05-12,11.11,11.63,10.92,11.5,325540
2020-05-13,11.5,11.56,11.3,11.3,91550
2020-05-14,11.11,11.5,11.11,11.3,36540
2020-05-15,11.3,11.4,10.98,11.17,64680
2020-05-18,11.43,11.43,11.01,11.14,30230
2020-05-19,11.14,11.3,10.98,10.98,128080
2020-05-20,11.11,11.3,11.01,11.21,112830
2020-05-21,11.37,11.37,11.01,11.08,51720
2020-05-22,11.11,11.24,11.08,11.11,55500
2020-05-25,11.11,11.24,10.98,11.24,74940
2020-05-26,11.3,11.43,11.17,11.4,82360
2020-05-27,11.4,11.4,10.98,10.98,258430
2020-05-28,10.98,11.21,10.88,11.11,69280
2020-05-29,11.11,11.11,10.95,11.11,34780
2020-06-01,10.98,11.21,10.98,11.14,120700
2020-06-02,11.21,11.37,11.17,11.37,168180
2020-06-03,11.4,11.63,11.4,11.43,96910
2020-06-04,11.43,11.63,11.11,11.4,85490
2020-06-05,11.43,11.56,11.21,11.56,124800
2020-06-08,11.76,11.89,11.56,11.56,476270
2020-06-09,11.63,11.76,11.56,11.63,335840
2020-06-10,11.63,12.01,11.5,12.01,266840
2020-06-11,12.08,12.08,11.21,11.21,353730
2020-06-12,10.66,10.98,10.53,10.98,165090
2020-06-15,10.92,11.11,10.53,10.66,275250
2020-06-16,10.66,10.85,10.66,10.85,66710
2020-06-17,10.85,10.92,10.69,10.75,48520
2020-06-18,10.75,10.79,10.56,10.79,58240
2020-06-19,10.79,10.92,10.72,10.92,113910
2020-06-22,10.92,11.11,10.82,10.92,94130
2020-06-23,10.92,10.98,10.72,10.82,121270
2020-06-24,10.82,10.92,10.79,10.88,90810
2020-06-25,10.85,10.88,10.66,10.79,114340
2020-06-26,10.79,10.85,10.75,10.75,92780
2020-06-29,10.75,10.75,10.5,10.59,117630
2020-06-30,10.72,10.72,10.5,10.59,91330
2020-07-01,10.72,10.79,10.59,10.79,56440
2020-07-02,10.79,10.82,10.59,10.79,60030
2020-07-03,11.17,11.53,11.14,11.53,351620
2020-07-06,11.63,11.69,11.43,11.5,85880
2020-07-07,11.43,11.5,11.37,11.4,102480
2020-07-08,11.4,11.4,11.21,11.27,85680
2020-07-09,11.3,11.53,11.3,11.4,81580
2020-07-10,11.4,11.5,11.37,11.4,126300
2020-07-13,11.43,11.5,11.37,11.43,177260
2020-07-14,11.43,11.43,11.37,11.43,166110
2020-07-15,11.43,11.95,11.43,11.72,270620
2020-07-16,10.91,11.69,10.91,11.69,165990
2020-07-17,11.69,11.69,11.41,11.55,102250
2020-07-20,11.55,11.55,10.98,11.23,87460
2020-07-21,11.2,11.2,10.56,10.84,141390
2020-07-22,10.91,11.16,10.84,11.12,65890
2020-07-23,11.12,11.12,10.77,10.91,32370
2020-07-24,10.77,10.88,10.21,10.31,143340
2020-07-27,9.65,9.93,9.61,9.61,209230
2020-07-28,9.61,10.28,9.61,10.28,152430
2020-07-29,10.28,10.28,9.58,9.75,59840
2020-07-30,10.07,10.07,9.58,9.79,64840
2020-07-31,9.79,9.86,9.51,9.72,70840
2020-08-03,9.72,10.07,9.72,10.07,88960
2020-08-04,10.28,10.39,10.21,10.21,58500
2020-08-05,10.35,10.42,10.07,10.42,139390
2020-08-06,10.42,10.42,10.28,10.35,30880
2020-08-07,10.35,10.49,10.14,10.42,44950
2020-08-10,10.42,10.42,10.21,10.42,48640
2020-08-11,10.42,10.42,10.28,10.35,29340
2020-08-12,10.46,10.49,10.35,10.39,45890
2020-08-13,10.63,10.67,10.42,10.63,73450
2020-08-14,10.7,10.7,10.35,10.56,38390
2020-08-17,10.56,10.56,10.39,10.56,10160
2020-08-18,10.56,10.56,10.28,10.49,23590
2020-08-19,10.35,10.49,10.28,10.49,40260
2020-08-20,10.49,10.49,10.21,10.49,81160
2020-08-21,10.49,10.49,10.35,10.39,67580
2020-08-24,10.49,10.56,10.31,10.56,57200
2020-08-25,10.67,10.74,10.49,10.74,77880
2020-08-26,10.84,10.84,10.63,10.63,31320
2020-08-27,10.63,10.67,10.49,10.56,36720
2020-08-28,10.56,10.63,10.46,10.46,136370
2020-08-31,10.56,10.56,10.42,10.49,65000
2020-09-01,10.56,10.56,10.31,10.39,127010
2020-09-03,10.49,10.49,10.31,10.49,124340
2020-09-04,10.49,10.49,10.31,10.31,50880
2020-09-07,10.42,10.7,10.42,10.56,169820
2020-09-08,10.56,10.88,10.56,10.88,170900
2020-09-09,10.7,10.84,10.7,10.84,26410
2020-09-10,10.84,10.98,10.77,10.81,62580
2020-09-11,10.88,10.88,10.7,10.77,49780
2020-09-14,10.77,10.81,10.63,10.63,139220
2020-09-15,10.7,10.7,10.53,10.7,127560
2020-09-16,10.74,10.74,10.63,10.7,71080
2020-09-17,10.7,10.7,10.56,10.7,90080
2020-09-18,10.7,10.84,10.6,10.67,69910
2020-09-21,10.7,11.09,10.63,11.09,235390
2020-09-22,11.05,11.09,10.91,11.05,138990
2020-09-23,11.09,11.12,10.91,10.95,73300
2020-09-24,10.91,10.95,10.77,10.91,204180
2020-09-25,11.02,11.02,10.81,10.91,94550
2020-09-28,10.84,10.98,10.77,10.81,47520
2020-09-29,10.91,10.91,10.81,10.81,102980
2020-09-30,10.81,10.91,10.56,10.91,77640
2020-10-01,10.91,10.95,10.81,10.81,72720
2020-10-02,10.84,10.84,10.56,10.7,170520
2020-10-05,10.67,10.84,10.67,10.81,37620
2020-10-06,10.95,10.95,10.77,10.91,123700
2020-10-07,10.91,11.09,10.77,10.98,133030
2020-10-08,10.98,10.98,10.81,10.91,72070
2020-10-09,10.91,10.91,10.81,10.91,56580
2020-10-12,10.91,10.91,10.81,10.88,73500
2020-10-13,10.91,11.09,10.81,11.09,199210
2020-10-14,11.2,11.44,11.12,11.37,171910
2020-10-15,11.55,11.55,11.27,11.48,127320
2020-10-16,11.44,11.44,11.27,11.44,91170
2020-10-19,11.44,11.65,11.41,11.65,143570
2020-10-20,11.23,11.51,11.23,11.37,50220
2020-10-21,11.34,11.37,10.91,10.91,107210
2020-10-22,10.77,11.23,10.56,11.23,104570
2020-10-23,11.27,12.0,11.27,12.0,623210
2020-10-26,12.0,12.11,11.83,12.04,196800
2020-10-27,11.83,12.08,11.83,11.97,108350
2020-10-28,11.93,12.04,11.79,11.86,207080
2020-10-29,11.83,12.67,11.72,12.57,265220
2020-10-30,12.67,12.81,12.46,12.46,34360
2020-11-02,12.46,12.74,12.43,12.6,33580
2020-11-03,12.46,12.67,12.46,12.67,87800
2020-11-04,12.85,12.85,12.57,12.67,88610
2020-11-05,12.67,12.67,12.32,12.67,75480
2020-11-06,12.46,12.53,12.32,12.32,206490
2020-11-09,12.32,13.17,12.32,13.17,157720
2020-11-10,13.34,13.55,13.34,13.55,184670
2020-11-11,13.55,13.87,13.55,13.8,156200
2020-11-12,13.73,13.98,13.62,13.87,72260
2020-11-13,13.73,13.87,13.59,13.8,111120
2020-11-16,13.8,13.8,13.38,13.45,112550
2020-11-17,13.38,13.87,13.38,13.8,105990
2020-11-18,13.94,14.05,13.8,13.94,67640
2020-11-19,13.98,14.15,13.87,13.98,66960
2020-11-20,13.45,13.98,13.45,13.66,73420
2020-11-23,13.98,13.98,13.66,13.91,161410
2020-11-24,13.94,14.43,13.87,14.43,392210
2020-11-25,14.79,14.96,14.22,14.79,115820
2020-11-26,14.72,14.79,14.43,14.65,67140
2020-11-27,14.47,14.65,14.43,14.57,93540
2020-11-30,14.43,14.54,13.94,14.5,172350
2020-12-01,14.08,14.5,14.08,14.5,61620
2020-12-02,14.5,14.57,14.01,14.57,58570
2020-12-03,14.57,14.57,14.36,14.57,78060
2020-12-04,14.43,14.72,14.29,14.57,106410
2020-12-07,14.57,14.57,14.33,14.57,31770
2020-12-08,14.4,14.4,13.87,14.08,326710
2020-12-09,14.15,14.15,13.66,14.15,162910
2020-12-10,14.29,14.72,14.01,14.15,59380
2020-12-11,14.29,14.29,13.73,14.22,41920
2020-12-14,14.29,14.57,14.29,14.54,151300
2020-12-15,14.54,14.54,14.29,14.43,94940
2020-12-16,14.54,14.93,14.36,14.79,167580
2020-12-17,14.22,14.82,14.22,14.79,74100
2020-12-18,14.5,15.49,14.5,15.49,146010
2020-12-21,15.49,15.49,15.07,15.42,60620
2020-12-22,15.35,15.35,14.79,15.1,46660
2020-12-23,15.14,15.49,14.65,14.79,53240
2020-12-24,14.79,14.93,14.29,14.33,45340
2020-12-25,14.33,15.0,14.33,14.93,59070
2020-12-28,15.0,15.14,14.43,14.65,68880
2020-12-29,14.29,14.79,14.29,14.72,15430
2020-12-30,14.47,14.79,14.47,14.79,50060
2020-12-31,14.43,14.79,14.43,14.72,28870
2021-01-04,14.72,14.93,14.68,14.72,48300
2021-01-05,14.79,14.93,14.68,14.79,44600
2021-01-06,14.79,14.79,14.5,14.75,16100
2021-01-07,14.93,14.93,14.72,14.79,29400
2021-01-08,14.79,14.93,14.65,14.72,37500
2021-01-11,14.72,15.49,14.65,15.14,40800
2021-01-12,15.42,15.63,15.14,15.63,59700
2021-01-13,15.63,15.84,15.14,15.77,105300
2021-01-14,15.77,15.91,15.77,15.77,54200
2021-01-15,15.6,15.77,15.49,15.77,47000
2021-01-18,15.7,15.77,15.42,15.77,32800
2021-01-19,15.77,15.77,14.68,14.68,102800
2021-01-20,14.43,15.35,14.43,15.35,83600
2021-01-21,16.19,16.41,15.42,16.41,56400
2021-01-22,16.41,17.5,16.33,17.39,136300
2021-01-25,18.24,18.59,17.95,18.59,223700
2021-01-26,19.86,19.86,17.32,19.15,136400
2021-01-27,19.15,19.15,17.88,18.94,122900
2021-01-28,17.67,18.31,17.64,17.64,54400
2021-01-29,16.55,18.87,16.55,18.2,70700
2021-02-01,18.1,18.2,16.93,17.95,49900
2021-02-02,16.9,17.95,16.76,17.92,45100
2021-02-03,18.17,19.01,16.97,18.52,32900
2021-02-04,18.94,18.94,18.31,18.52,18900
2021-02-05,18.31,18.52,18.31,18.45,39600
2021-02-08,18.45,18.45,17.18,17.57,55300
2021-02-09,17.04,18.24,17.04,18.06,4600
2021-02-17,18.59,18.59,17.46,18.02,134600
2021-02-18,18.02,19.26,17.95,19.15,124000
2021-02-19,19.15,19.68,19.01,19.36,71500
2021-02-22,19.33,19.33,18.87,18.87,71000
2021-02-23,19.01,19.01,18.66,18.73,31300
2021-02-24,18.73,19.22,18.31,18.94,88800
2021-02-25,18.94,18.94,18.52,18.8,24100
2021-02-26,18.02,18.66,18.02,18.52,36800
2021-03-01,19.01,19.36,18.8,18.8,98500
2021-03-02,18.8,18.87,18.52,18.52,43000
2021-03-03,19.01,19.78,18.66,19.78,503900
2021-03-04,21.16,21.16,20.07,20.63,276600
2021-03-05,20.77,22.07,20.77,22.07,186700
2021-03-08,21.72,22.85,20.77,22.78,329600
2021-03-09,22.6,22.6,21.83,22.46,135400
2021-03-10,21.47,22.25,21.47,22.04,122700
2021-03-11,21.9,22.04,21.62,21.83,138500
2021-03-12,22.25,22.25,21.62,21.83,94900
2021-03-15,21.69,21.83,20.98,21.47,87800
2021-03-16,21.47,21.47,20.63,21.16,109100
2021-03-17,21.12,21.3,20.45,21.05,113900
2021-03-18,21.05,21.19,20.91,21.05,117100
2021-03-19,21.19,21.83,21.05,21.72,92000
2021-03-22,21.72,21.72,21.26,21.26,50100
2021-03-23,20.77,21.33,20.42,21.19,65300
2021-03-24,21.19,21.19,20.42,20.77,83700
2021-03-25,20.77,21.37,20.63,21.33,69700
2021-03-26,21.12,21.12,20.42,21.09,65400
2021-03-29,21.09,22.53,20.77,22.53,281600
2021-03-30,23.94,24.08,23.66,23.94,253200
2021-03-31,24.29,25.42,23.94,25.42,148500
2021-04-01,25.42,25.42,24.29,24.29,146900
2021-04-02,24.22,24.22,23.23,23.8,114700
2021-04-05,23.8,23.87,23.23,23.45,66200
2021-04-06,22.6,23.45,22.6,23.23,69200
2021-04-07,23.23,24.43,22.95,23.73,136700
2021-04-08,23.94,23.94,23.59,23.66,31800
2021-04-09,23.34,23.8,23.31,23.31,46200
2021-04-12,23.31,23.52,22.95,23.45,85900
2021-04-13,23.94,23.94,22.53,23.09,74900
2021-04-14,23.09,23.62,23.06,23.52,125400
2021-04-15,23.52,23.52,23.09,23.23,45900
2021-04-16,23.23,23.27,22.88,23.13,56700
2021-04-19,23.38,24.57,23.16,24.57,201000
2021-04-20,25.28,25.28,23.94,24.01,118300
2021-04-22,23.45,24.15,23.38,23.8,66300
2021-04-23,23.45,23.52,22.14,23.52,86200
2021-04-26,23.52,24.57,22.53,23.23,59400
2021-04-27,22.88,23.23,22.53,23.09,13000
2021-04-28,23.09,23.23,22.88,23.09,21600
2021-04-29,23.09,23.09,22.67,22.95,53000
2021-05-04,22.32,22.92,22.25,22.57,80700
2021-05-05,22.57,23.94,22.57,23.13,23500
2021-05-06,22.88,23.23,22.64,23.02,48200
2021-05-07,22.74,23.94,22.67,23.02,45600
2021-05-10,22.53,22.95,22.53,22.81,32200
2021-05-11,23.09,24.01,22.81,23.23,135700
2021-05-12,23.94,24.78,23.59,24.78,130400
2021-05-13,24.64,25.63,24.29,24.29,107300
2021-05-14,24.29,24.96,22.6,23.62,49500
2021-05-17,23.59,23.8,22.67,23.02,56300
2021-05-18,23.09,23.45,22.18,22.6,130600
2021-05-19,23.23,23.23,22.18,22.35,46500
2021-05-20,22.53,22.88,22.35,22.46,39200
2021-05-21,22.39,22.71,22.18,22.5,46000
2021-05-24,22.57,22.88,21.9,22.53,128900
2021-05-25,22.53,23.62,22.53,23.23,93100
2021-05-26,23.59,23.59,22.88,23.23,28900
2021-05-27,23.23,23.23,22.74,22.78,59200
2021-05-28,23.09,23.23,22.46,22.88,44300
2021-05-31,22.88,22.88,22.18,22.57,57900
2021-06-01,22.88,22.88,22.53,22.57,21000
2021-06-02,23.09,23.52,22.88,23.45,88800
2021-06-03,23.87,25.07,23.59,25.0,165000
2021-06-04,25.91,25.91,25.21,25.35,174900
2021-06-07,25.21,26.05,24.71,25.7,117200
2021-06-08,25.77,26.05,25.7,25.98,121200
2021-06-09,24.19,26.33,24.19,25.63,81600
2021-06-10,26.05,26.4,25.21,26.37,128400
2021-06-11,27.46,27.46,26.37,27.04,107400
2021-06-14,26.83,27.46,26.83,27.11,62800
2021-06-15,27.11,27.46,26.54,26.76,95400
2021-06-16,26.76,26.86,26.12,26.54,72700
2021-06-17,25.7,27.0,25.7,26.97,32800
2021-06-18,28.09,28.52,27.07,28.37,153000
2021-06-21,28.37,28.41,27.46,27.46,39400
2021-06-22,27.46,27.81,27.46,27.46,38300
2021-06-23,27.46,27.81,26.4,27.81,41600
2021-06-24,28.87,28.87,27.92,28.02,48400
2021-06-25,28.73,28.73,27.46,28.13,22800
2021-06-28,27.18,28.09,27.18,28.02,28600
2021-06-29,28.02,28.45,28.02,28.3,47500
2021-06-30,29.57,29.57,28.16,28.16,69500
2021-07-01,29.57,29.57,27.95,27.95,54100
2021-07-02,28.16,28.83,28.16,28.8,21200
2021-07-05,28.83,28.83,27.81,28.3,14100
2021-07-06,28.3,28.8,27.88,28.02,39300
2021-07-07,27.46,28.09,27.39,27.39,22300
2021-07-08,27.39,27.46,27.39,27.42,9200
2021-07-09,27.74,27.74,27.11,27.39,24000
2021-07-12,27.11,27.11,25.49,26.61,45700
2021-07-13,27.13,27.86,26.62,27.86,35400
2021-07-14,26.4,28.59,26.4,28.59,41600
2021-07-15,28.59,28.89,28.59,28.59,2600
2021-07-16,28.23,29.11,28.23,29.11,33300
2021-07-19,28.96,28.96,27.86,27.86,11800
2021-07-20,27.86,28.37,27.64,28.37,3900
2021-07-21,28.37,29.25,28.37,28.45,9400
2021-07-22,28.45,29.29,28.45,29.18,26100
2021-07-23,30.06,31.2,29.18,30.87,94000
2021-07-26,31.53,31.53,29.88,30.43,36800
2021-07-27,31.53,31.53,30.06,30.06,7600
2021-07-28,30.06,31.12,30.06,30.79,154400
2021-07-29,30.06,32.19,30.06,30.87,14300
2021-07-30,30.87,30.94,30.06,30.94,12200
2021-08-02,30.57,32.92,30.57,32.63,98800
2021-08-03,32.63,32.99,32.3,32.48,42000
2021-08-04,32.26,34.31,32.26,33.14,51300
2021-08-05,32.99,33.36,32.99,32.99,53700
2021-08-06,32.99,33.65,32.26,32.99,22900
2021-08-09,32.99,33.36,32.26,32.26,44600
2021-08-10,32.63,34.5,32.63,34.5,152600
2021-08-11,36.81,36.81,34.68,35.67,53700
2021-08-12,34.46,35.56,34.46,35.19,19200
2021-08-13,34.83,35.85,34.09,35.19,44900
2021-08-16,35.93,35.93,34.46,35.19,112100
2021-08-17,35.19,35.19,34.9,35.05,56300
2021-08-18,35.12,36.0,35.12,35.78,69400
2021-08-19,35.93,36.0,35.19,36.0,51000
2021-08-20,36.0,36.0,34.46,34.9,62900
2021-08-23,34.9,34.9,32.99,32.99,64700
2021-08-24,30.87,32.37,30.87,31.53,68200
2021-08-25,31.23,33.73,31.16,33.73,11100
2021-08-26,34.83,34.83,33.73,34.09,29100
2021-08-27,34.83,35.56,34.09,34.17,40000
2021-08-30,34.97,35.63,33.87,35.63,69700
2021-08-31,35.93,35.93,35.05,35.12,44700
2021-09-01,32.85,35.56,32.85,34.61,36800
2021-09-06,34.61,35.12,33.76,34.68,44000
2021-09-07,35.19,35.19,33.95,34.46,70100
2021-09-08,35.05,35.12,33.73,34.24,49600
2021-09-09,34.75,34.75,33.73,34.28,25300
2021-09-10,34.75,35.85,34.61,35.49,37100
2021-09-13,35.85,35.93,35.52,35.52,19400
2021-09-14,35.56,37.03,35.49,37.03,90100
2021-09-15,37.03,38.49,36.66,37.76,40600
2021-09-16,37.76,38.13,37.17,38.13,49300
2021-09-17,37.03,37.69,36.81,37.32,23800
2021-09-20,37.69,37.91,35.27,37.76,38600
2021-09-21,37.76,37.76,36.0,36.29,23200
2021-09-22,36.37,37.39,35.93,36.29,18200
2021-09-23,35.56,36.0,35.56,35.96,7700
2021-09-24,36.66,36.66,36.0,36.0,20400
2021-09-27,36.0,36.55,35.78,35.78,18700
2021-09-28,33.87,36.51,33.87,36.07,14300
2021-09-29,35.27,35.38,35.27,35.34,4200
2021-09-30,35.63,35.63,34.46,35.34,24200
2021-10-01,35.56,36.48,35.56,36.48,40700
2021-10-04,36.59,36.59,35.56,35.93,10400
2021-10-05,36.0,37.39,35.93,37.39,36300
2021-10-06,37.39,37.76,37.1,37.76,30400
2021-10-07,37.76,40.4,37.76,39.89,58100
2021-10-08,40.91,40.91,37.39,40.47,31100
2021-10-11,40.84,40.91,38.86,38.86,15500
2021-10-12,39.23,40.62,36.66,40.33,100900
2021-10-13,41.06,41.06,38.93,39.89,32900
2021-10-14,39.59,40.33,39.3,39.74,23400
2021-10-15,39.74,40.33,39.74,39.96,28400
2021-10-18,40.99,40.99,39.67,39.96,27100
2021-10-19,41.06,41.06,40.4,40.69,40300
2021-10-20,40.99,40.99,39.59,39.67,26000
2021-10-21,40.33,42.38,40.33,42.01,72900
2021-10-22,44.73,44.87,42.16,44.36,31800
2021-10-25,44.43,44.43,41.79,43.85,22500
2021-10-26,42.97,43.26,42.01,43.26,18200
2021-10-27,42.97,42.97,42.6,42.89,22900
2021-10-28,43.99,44.07,43.41,43.77,40600
2021-10-29,46.7,46.7,43.63,43.92,10700
2021-11-01,46.56,46.56,43.99,45.75,23900
2021-11-02,45.68,45.82,43.7,44.36,57800
2021-11-03,44.36,46.12,44.14,45.02,44700
2021-11-04,45.31,45.82,44.51,45.82,22700
2021-11-05,44.8,45.46,44.36,44.65,21000
2021-11-08,45.38,46.19,44.73,45.09,63800
2021-11-09,46.19,46.19,44.87,45.31,33400
2021-11-10,44.95,45.38,44.8,44.8,37800
2021-11-11,45.46,45.46,43.26,43.41,58200
2021-11-12,43.41,43.99,42.89,43.99,35500
2021-11-15,44.36,45.09,44.36,44.58,26100
2021-11-16,45.31,45.31,43.99,43.99,35600
2021-11-17,43.26,47.07,43.26,47.07,157100
2021-11-18,47.07,47.07,45.97,46.85,6200
2021-11-19,47.22,47.22,46.19,46.56,41000
2021-11-22,46.56,46.56,44.51,44.58,24400
2021-11-23,42.23,44.73,42.16,44.58,10800
2021-11-24,44.65,45.82,44.65,45.82,7900
2021-11-25,45.82,46.56,45.75,46.56,34600
2021-11-26,46.85,46.85,46.19,46.7,15400
2021-11-29,44.73,45.53,44.73,45.46,12100
2021-11-30,44.43,46.92,44.43,46.26,18100
2021-12-01,44.14,49.42,44.14,46.78,27400
2021-12-02,46.92,47.29,45.9,47.29,83700
2021-12-03,49.49,50.59,47.0,48.39,19800
2021-12-06,48.39,51.76,47.73,47.73,49100
2021-12-07,50.52,50.52,46.63,46.63,25700
2021-12-08,47.36,49.71,46.19,46.19,17800
2021-12-09,45.97,47.58,45.97,46.12,15900
2021-12-10,46.12,46.34,45.97,46.34,11900
2021-12-13,46.26,46.34,45.82,45.82,10500
2021-12-14,46.19,46.19,44.73,45.31,24800
2021-12-15,44.95,44.95,43.99,43.99,44900
2021-12-16,43.99,44.43,43.99,44.29,21800
2021-12-17,46.92,46.92,44.07,44.73,12500
2021-12-20,45.46,45.82,43.63,43.7,38900
2021-12-21,42.53,43.7,42.53,42.67,29800
2021-12-22,42.67,43.11,41.79,41.79,27600
2021-12-23,41.79,41.79,41.06,41.72,16600
2021-12-24,41.79,42.16,41.43,42.16,15800
2021-12-27,42.16,42.97,41.65,42.97,5000
2021-12-28,43.99,43.99,42.16,42.45,6900
2021-12-29,41.21,43.19,41.21,43.19,8200
2021-12-30,43.26,43.26,42.16,42.38,6000
2021-12-31,42.53,42.53,41.21,41.5,5400
2022-01-04,41.5,41.79,41.35,41.35,21600
2022-01-05,41.43,43.7,41.06,42.31,35200
2022-01-06,42.31,43.26,41.87,41.87,12000
2022-01-07,42.53,42.89,41.21,41.79,16800
2022-01-10,41.79,41.79,39.01,39.01,11900
2022-01-11,39.23,41.06,39.23,41.06,12600
2022-01-12,41.72,41.72,39.15,39.45,11000
2022-01-13,38.35,40.33,38.35,38.86,9700
2022-01-14,40.99,40.99,38.86,39.01,6100
2022-01-17,41.06,41.06,39.01,39.01,15200
2022-01-18,39.01,39.23,39.01,39.23,19300
2022-01-19,39.01,39.59,39.01,39.37,21800
2022-01-20,38.86,40.33,38.79,39.74,29400
2022-01-21,39.81,39.81,39.01,39.37,11300
2022-01-24,39.37,39.59,37.83,37.83,25500
2022-01-25,37.54,38.05,36.66,37.61,28900
2022-01-26,37.61,38.13,37.39,37.39,14100
2022-01-27,37.39,37.39,36.44,36.51,5300
2022-01-28,36.73,39.01,36.73,39.01,25400
2022-02-07,40.91,40.91,39.01,39.23,4300
2022-02-08,39.3,39.59,38.57,38.57,15700
2022-02-09,38.86,38.86,38.05,38.05,12700
2022-02-10,40.25,40.25,37.76,37.83,11000
2022-02-11,37.83,38.13,37.25,37.83,10900
2022-02-14,39.59,39.59,37.83,39.23,43200
2022-02-15,38.79,39.96,37.83,38.86,7400
2022-02-16,39.23,39.59,38.57,38.86,7200
2022-02-17,38.64,38.86,38.64,38.86,6000
2022-02-18,38.86,40.25,38.86,40.03,19100
2022-02-21,42.09,42.09,40.18,41.65,31000
2022-02-22,41.65,41.65,40.47,40.91,25100
2022-02-23,40.77,40.91,40.55,40.91,24400
2022-02-24,39.67,41.06,39.67,39.74,16300
2022-02-25,39.96,40.03,39.74,39.81,11900
2022-02-28,40.69,41.79,40.33,40.69,10000
2022-03-01,43.48,43.48,37.91,40.91,48100
2022-03-02,42.23,42.23,40.18,40.25,20000
2022-03-03,40.33,41.79,40.25,40.99,22200
2022-03-04,42.53,43.26,42.23,43.26,65900
2022-03-07,43.99,43.99,42.23,42.38,65200
2022-03-08,42.38,42.38,39.59,39.59,55600
2022-03-09,39.74,42.09,39.3,42.09,31300
2022-03-10,42.53,42.53,40.11,41.06,38100
2022-03-11,41.06,41.43,40.33,40.77,14100
2022-03-14,40.77,40.77,39.89,40.33,24000
2022-03-15,41.35,41.35,39.89,40.91,20300
2022-03-16,40.77,40.77,40.33,40.33,25600
2022-03-17,40.62,40.62,40.03,40.25,16600
2022-03-18,39.81,40.25,39.59,39.59,37400
2022-03-21,39.59,39.59,38.93,39.01,37000
2022-03-22,39.23,39.96,38.86,38.93,52400
2022-03-23,38.93,39.96,38.86,39.3,26000
2022-03-24,39.3,39.3,39.01,39.15,21500
2022-03-25,39.15,41.43,39.15,41.21,85800
2022-03-28,41.21,43.19,40.91,42.82,50100
2022-03-29,42.89,44.65,42.89,43.55,62100
2022-03-30,43.33,43.48,42.89,43.26,73600
2022-03-31,43.99,43.99,42.67,43.26,57300
2022-04-01,43.99,43.99,42.6,43.55,60400
2022-04-04,44.07,44.36,43.63,43.7,93100
2022-04-05,43.77,43.92,43.48,43.48,28300
2022-04-06,44.73,44.73,43.48,43.85,43700
2022-04-07,44.07,45.24,43.63,43.7,88000
2022-04-08,43.7,43.7,42.23,42.23,58500
2022-04-12,41.79,43.26,41.79,43.11,51300
2022-04-13,42.23,43.55,42.23,43.55,57900
2022-04-14,43.99,44.58,43.26,44.58,86300
2022-04-15,46.12,47.66,44.73,47.66,295800
2022-04-18,48.39,49.86,48.02,49.86,88700
2022-04-19,49.78,50.59,48.76,48.76,74300
2022-04-20,45.53,47.66,45.53,45.75,153200
2022-04-21,45.46,46.48,43.26,46.19,104300
2022-04-22,47.69,47.99,43.56,45.36,110500
2022-04-25,45.36,45.36,42.21,42.21,100200
2022-04-26,39.51,42.44,39.28,42.44,64500
2022-04-27,42.06,44.01,40.56,44.01,44600
2022-04-28,44.01,44.01,42.21,43.94,61700
2022-04-29,44.01,44.46,42.89,44.01,56900
2022-05-04,44.31,44.84,41.46,44.01,45600
2022-05-05,44.01,44.31,42.74,43.34,39500
2022-05-06,43.34,44.31,41.68,44.31,51000
2022-05-09,45.06,45.06,41.23,41.23,73400
2022-05-10,39.96,42.66,39.96,41.83,16400
2022-05-11,41.83,43.49,40.93,41.68,13900
2022-05-12,40.63,40.78,38.83,38.83,29400
2022-05-13,36.95,38.68,36.13,36.13,86600
2022-05-16,38.23,38.61,36.73,36.73,17800
2022-05-17,37.18,39.28,35.68,39.28,28700
2022-05-18,40.93,40.93,39.21,40.48,10800
2022-05-19,37.78,40.56,37.78,40.48,23000
2022-05-20,38.76,40.71,38.76,40.71,33000
2022-05-23,39.88,41.01,39.88,40.93,35200
2022-05-24,39.36,42.06,39.36,41.76,33400
2022-05-25,42.36,42.36,40.18,41.99,36900
2022-05-26,40.63,41.99,40.63,41.83,2300
2022-05-27,41.76,41.83,40.26,41.83,14100
2022-05-30,42.06,42.06,40.56,40.56,8300
2022-05-31,40.56,41.61,40.11,40.18,9800
2022-06-01,40.18,40.26,39.43,40.18,7800
2022-06-02,40.18,42.81,39.81,42.29,68400
2022-06-03,41.91,42.81,40.63,40.86,30200
2022-06-06,40.86,42.06,40.86,41.31,6100
2022-06-07,39.21,42.06,38.76,42.06,42900
2022-06-08,41.99,42.06,40.63,41.38,19600
2022-06-09,41.38,41.91,39.88,41.68,33800
2022-06-10,41.31,41.61,40.71,40.78,20600
2022-06-13,38.45,39.81,37.93,39.06,46500
2022-06-14,37.93,39.51,37.93,38.98,8400
2022-06-15,40.56,40.56,37.78,39.73,4600
2022-06-16,39.73,39.73,38.3,38.45,3900
2022-06-17,38.3,38.98,37.22,38.45,3800
2022-06-20,40.56,40.56,36.95,36.95,4700
2022-06-21,34.55,39.06,34.55,38.3,36200
2022-06-22,38.3,38.3,36.43,38.3,6600
2022-06-23,38.98,38.98,38.3,38.61,16400
2022-06-24,38.61,38.61,37.55,37.55,11800
2022-06-27,35.49,38.53,35.49,38.3,15000
2022-06-28,38.83,38.83,37.63,38.53,24600
2022-06-29,38.68,38.68,38.38,38.53,1300
2022-06-30,38.53,38.53,37.85,38.45,7100
2022-07-01,38.38,38.38,36.8,37.93,3200
2022-07-04,38.68,38.68,36.58,36.95,8800
2022-07-05,36.95,39.06,36.05,36.65,5600
2022-07-06,36.65,36.73,36.35,36.65,15700
2022-07-07,36.8,37.55,36.5,36.8,40800
2022-07-08,37.18,37.18,36.65,36.95,1700
2022-07-11,38.3,38.61,36.8,38.23,1900
2022-07-12,38.3,38.3,37.93,38.0,4300
2022-07-13,38.0,39.43,37.55,38.61,27700
2022-07-14,38.3,38.3,37.55,38.3,3500
2022-07-15,39.06,39.36,36.43,37.63,5700
2022-07-18,38.53,38.91,38.15,38.91,21700
2022-07-19,38.68,38.98,38.3,38.3,2500
2022-07-20,38.3,39.73,37.55,37.85,26700
2022-07-21,38.3,38.3,37.55,37.7,7200
2022-07-22,38.98,39.06,37.63,37.85,7500
2022-07-25,37.85,37.85,37.85,37.85,500
2022-07-26,37.85,38.91,37.85,38.3,15700
2022-07-27,38.83,38.83,38.3,38.3,1500
2022-07-28,38.68,38.68,37.93,38.3,26100
2022-07-29,38.3,38.3,37.78,37.85,8000
2022-08-01,39.06,39.06,37.93,38.15,15200
2022-08-02,38.15,39.43,38.08,39.36,36600
2022-08-03,39.81,41.16,39.73,41.16,50100
2022-08-04,41.22,42.83,41.18,41.74,9100
2022-08-05,42.87,42.87,42.87,42.87,100
2022-08-08,42.61,43.05,41.48,42.26,5900
2022-08-09,42.26,43.05,39.65,40.35,47100
2022-08-10,40.35,40.35,39.13,40.22,5000
2022-08-11,40.0,40.7,39.44,40.44,2400
2022-08-12,38.87,39.83,38.87,39.48,5800
2022-08-15,39.48,40.0,39.48,39.57,5200
2022-08-16,38.78,40.0,38.7,39.13,27500
2022-08-17,39.18,39.18,38.26,39.13,12300
2022-08-18,39.13,39.13,38.26,38.61,26700
2022-08-19,38.35,39.05,38.26,38.61,18000
2022-08-22,38.26,38.35,36.78,38.09,39000
2022-08-23,37.83,38.26,37.39,38.26,3800
2022-08-24,37.04,38.7,37.04,38.7,12100
2022-08-25,37.31,38.18,37.26,38.18,3900
2022-08-26,37.57,37.83,37.57,37.83,700
2022-08-29,37.39,37.39,36.96,37.22,3500
2022-08-30,38.18,38.18,37.22,37.83,2900
2022-08-31,36.96,40.44,36.91,38.09,35400
2022-09-05,37.39,39.91,36.96,39.13,32300
2022-09-06,37.91,39.13,37.91,38.87,16300
2022-09-07,37.39,39.39,37.39,39.05,62400
2022-09-08,38.26,38.26,38.26,38.26,1000
2022-09-09,38.26,38.26,37.83,37.91,4000
2022-09-12,37.91,37.91,36.52,37.83,16134
2022-09-13,38.26,38.26,37.04,38.22,14605
2022-09-14,36.7,38.26,36.7,37.13,5579
2022-09-15,37.83,37.83,36.52,36.52,42677
2022-09-16,36.52,37.83,36.52,37.83,10521
2022-09-19,37.83,37.83,35.31,35.31,6600
2022-09-20,35.39,37.39,35.39,35.91,31314
2022-09-21,36.09,36.09,35.87,35.91,7607
2022-09-22,35.91,36.52,35.48,36.52,1910
2022-09-23,36.35,36.35,36.35,36.35,2275
2022-09-26,34.78,35.48,34.78,35.48,3852
2022-09-27,35.48,37.83,34.78,35.13,34370
2022-09-28,35.31,36.52,35.31,35.31,2704
2022-09-29,35.31,35.31,35.18,35.31,8301
2022-09-30,34.78,35.31,34.78,35.31,3512
2022-10-03,34.83,35.31,33.65,35.31,12697
2022-10-04,33.04,34.78,33.04,34.78,19254
2022-10-05,34.78,37.22,33.91,37.22,16200
2022-10-06,37.26,37.26,34.7,34.74,7101
2022-10-07,32.61,34.26,32.61,34.26,602
2022-10-10,32.0,34.18,31.91,31.91,19605
2022-10-11,31.74,31.74,29.7,29.7,7701
2022-10-12,27.65,28.7,27.65,28.7,12010
2022-10-13,26.87,29.65,26.87,28.04,2018
2022-10-14,28.22,30.0,28.04,30.0,7600
2022-10-17,28.78,30.44,28.78,28.83,12022
2022-10-18,28.83,29.57,28.83,29.57,13300
2022-10-19,27.91,30.39,27.91,29.13,1700
2022-10-20,29.13,29.13,28.7,29.13,1106
2022-10-21,29.13,30.87,27.91,27.91,3108
2022-10-24,27.91,27.91,26.09,26.39,8803
2022-10-25,26.04,28.18,25.22,26.96,17959
2022-10-26,25.44,27.13,25.31,25.31,5201
2022-10-27,24.17,25.31,23.57,23.83,22490
2022-10-28,24.0,25.48,24.0,24.31,20628
2022-10-31,24.31,24.52,23.83,23.87,5842
2022-11-01,23.87,24.78,23.87,23.96,3154
2022-11-02,22.65,24.52,22.65,23.96,1278
2022-11-03,24.35,24.35,23.83,23.83,2200
2022-11-04,23.65,23.83,23.31,23.31,3100
2022-11-07,22.13,22.83,22.13,22.65,3700
2022-11-08,21.31,22.61,21.31,22.61,2001
2022-11-09,21.65,23.83,21.65,21.78,6400
2022-11-10,21.13,21.78,21.13,21.7,1900
2022-11-11,22.26,22.61,21.74,22.61,13507
2022-11-14,22.61,24.17,22.61,24.09,21790
2022-11-15,24.0,25.65,22.52,22.83,4334
2022-11-16,21.83,24.22,21.83,24.22,4510
2022-11-17,25.13,25.65,23.48,23.48,2300
2022-11-18,24.35,24.35,22.7,22.7,5200
2022-11-21,22.7,24.17,22.7,22.7,5540
2022-11-22,22.7,22.7,22.35,22.44,8911
2022-11-23,22.44,22.48,22.44,22.44,1288
2022-11-24,22.78,24.0,20.87,21.91,9732
2022-11-25,23.04,23.31,21.91,21.91,833
2022-11-28,20.48,22.96,20.48,21.7,5785
2022-11-29,21.31,22.61,21.31,22.61,39280
2022-11-30,22.78,23.91,22.61,22.61,6953
2022-12-01,22.61,23.91,22.61,22.61,10117
2022-12-02,22.61,22.96,22.22,22.7,5142
2022-12-05,22.7,23.39,22.61,23.39,14061
2022-12-06,22.78,23.83,22.74,22.83,9992
2022-12-07,24.35,24.35,22.7,22.74,1900
2022-12-08,23.87,23.87,21.74,21.74,42920
2022-12-09,22.78,22.87,21.78,22.44,5304
2022-12-12,22.78,23.7,22.61,22.7,8372
2022-12-13,22.7,22.83,22.61,22.65,3109
2022-12-14,22.44,22.74,22.44,22.74,6070
2022-12-15,22.7,22.74,22.57,22.57,9867
2022-12-16,22.7,23.22,22.61,22.61,5433
2022-12-19,22.61,23.91,22.61,22.65,8637
2022-12-20,22.65,23.87,22.52,22.61,8300
2022-12-21,22.78,22.78,22.52,22.52,3411
2022-12-22,22.52,23.22,22.52,22.57,4846
2022-12-23,23.13,23.13,22.52,22.52,8014
2022-12-26,23.13,23.91,22.44,22.44,7999
2022-12-27,22.44,24.0,22.44,22.61,68659
2022-12-28,23.74,23.74,22.61,22.61,52148
2022-12-29,22.52,23.48,22.52,23.39,89731
2022-12-30,23.48,24.0,23.39,23.91,26019
2023-01-03,23.96,24.35,23.13,23.31,39692
2023-01-04,23.57,23.61,22.78,23.17,38048
2023-01-05,23.96,24.17,23.17,23.48,21418
2023-01-06,23.13,23.91,22.48,22.48,17802
2023-01-09,22.48,23.04,22.44,22.57,8200
2023-01-10,22.44,23.0,22.44,22.52,21603
2023-01-11,23.0,24.09,22.96,24.09,246204
2023-01-12,24.78,25.74,24.35,25.74,163710
2023-01-13,27.35,27.35,24.39,25.7,83715
2023-01-16,25.57,26.78,25.44,26.09,68390
2023-01-17,26.87,27.31,25.57,26.09,68720
2023-01-18,26.44,26.52,26.09,26.17,79551
2023-01-19,27.09,27.09,25.91,26.44,78417
2023-01-27,26.44,27.35,26.44,26.96,111504
2023-01-30,27.22,27.31,26.44,27.13,69115
2023-01-31,26.61,27.18,26.61,27.18,75700
2023-02-01,27.18,27.22,26.52,26.52,69233
2023-02-02,26.52,27.13,26.09,26.48,30800
2023-02-03,26.52,26.65,26.0,26.44,34010
2023-02-06,25.74,26.44,25.22,25.22,11210
2023-02-07,25.26,25.26,24.35,25.13,20800
2023-02-08,24.0,25.13,24.0,25.13,5713
2023-02-09,25.13,25.13,24.22,24.44,10301
2023-02-10,24.44,25.13,24.35,24.78,12100
2023-02-13,23.61,25.09,23.61,23.78,2851
2023-02-14,23.91,24.65,23.78,23.78,15400
2023-02-15,24.52,24.61,23.78,23.83,58900
2023-02-16,23.83,25.48,23.83,25.22,177481
2023-02-17,25.91,26.0,25.22,25.22,97600
2023-02-20,25.48,25.48,24.87,24.96,127773
2023-02-21,25.04,25.22,24.57,25.13,84652
2023-02-22,25.35,25.39,24.35,24.35,83100
2023-02-23,24.87,24.87,24.0,24.44,95101
2023-02-24,24.44,24.61,24.0,24.0,76204
2023-02-27,24.0,24.09,23.04,23.04,75800
2023-02-28,23.39,24.0,23.04,23.04,91900
2023-03-01,23.04,23.31,22.52,23.0,147645
2023-03-02,22.61,22.96,22.35,22.57,121900
2023-03-03,22.44,22.52,22.17,22.39,68500
2023-03-06,22.44,22.7,22.35,22.35,158675
2023-03-07,23.13,23.31,22.61,22.96,65300
2023-03-08,22.61,23.04,22.61,23.0,69100
2023-03-09,22.96,23.48,22.87,23.0,117946
2023-03-10,23.0,23.83,23.0,23.31,109800
2023-03-13,23.52,23.52,22.91,23.04,38246
2023-03-14,23.35,23.35,22.87,22.87,30000
2023-03-15,22.96,23.13,22.87,23.13,14860
2023-03-16,23.39,23.39,22.87,23.0,15501
2023-03-17,23.17,23.17,22.44,22.96,30101
2023-03-20,22.96,23.39,22.7,22.78,94800
2023-03-21,22.96,22.96,22.7,22.96,49501
2023-03-22,22.87,23.04,22.78,23.0,59224
2023-03-23,22.65,23.31,22.65,23.09,51600
2023-03-24,23.13,23.13,22.96,22.96,76910
2023-03-27,23.13,23.39,22.96,23.31,54210
2023-03-28,23.31,23.39,23.13,23.22,75106
2023-03-29,23.04,23.31,22.61,22.65,132784
2023-03-30,23.04,23.39,22.61,23.22,98903
2023-03-31,23.22,23.31,22.91,23.17,49107
2023-04-03,23.31,23.78,23.13,23.74,131406
2023-04-04,23.83,24.0,23.74,23.91,85910
2023-04-05,24.17,24.35,23.57,23.65,49913
2023-04-06,23.65,23.65,23.31,23.31,57102
2023-04-07,23.31,23.39,23.17,23.22,8400
2023-04-10,23.04,23.22,22.96,23.22,42420
2023-04-11,23.22,23.22,23.04,23.22,11120
2023-04-12,23.09,23.44,23.09,23.22,31551
2023-04-13,23.35,24.35,23.26,23.83,82486
2023-04-14,24.26,24.26,23.31,23.48,40110
2023-04-17,23.48,23.48,23.13,23.48,31025
2023-04-18,23.91,23.91,23.39,23.52,61773
2023-04-19,23.52,24.17,23.52,24.0,79040
2023-04-20,24.0,24.78,24.0,24.52,154997
2023-04-21,24.0,24.7,24.0,24.17,56315
2023-04-24,23.65,24.22,23.65,24.17,50400
2023-04-25,24.17,24.17,23.83,24.09,21451
2023-04-26,23.91,24.26,23.91,24.13,33800
2023-04-27,24.22,25.04,24.22,24.52,80286
2023-04-28,24.52,25.0,24.48,24.96,56600
2023-05-04,24.96,25.26,24.7,24.96,76625
2023-05-05,24.96,25.04,24.35,24.52,38731
2023-05-08,24.44,24.7,24.35,24.48,29500
2023-05-09,24.35,24.48,24.17,24.35,38897
2023-05-10,24.17,24.52,24.0,24.35,49700
2023-05-11,24.35,25.04,24.35,24.7,56504
2023-05-12,24.7,24.83,24.44,24.52,21900
2023-05-15,24.52,24.78,24.35,24.35,50200
2023-05-16,24.35,24.35,24.22,24.35,5647
2023-05-17,24.0,24.44,23.61,23.61,81341
2023-05-18,23.61,23.83,23.57,23.61,4801
2023-05-19,23.61,23.65,23.48,23.61,21831
2023-05-22,23.96,24.09,23.91,23.96,12221
2023-05-23,23.57,23.91,23.57,23.74,14504
2023-05-24,23.83,23.83,23.48,23.48,23435
2023-05-25,23.13,23.91,23.13,23.7,28601
2023-05-26,23.48,23.7,23.31,23.61,44914
2023-05-29,23.48,23.78,23.44,23.78,9825
2023-05-30,23.96,23.96,23.7,23.74,10830
2023-05-31,23.74,24.26,23.61,24.22,127532
2023-06-01,24.09,24.96,24.09,24.74,57202
2023-06-02,24.78,24.83,24.17,24.74,66404
2023-06-05,24.74,24.74,24.17,24.17,137512
2023-06-06,24.35,24.87,24.0,24.74,109271
2023-06-07,25.22,25.31,24.87,25.26,117806
2023-06-08,26.09,26.09,24.35,24.48,74551
2023-06-09,24.35,24.52,24.35,24.48,29215
2023-06-12,24.0,25.04,24.0,24.74,72609
2023-06-13,25.13,25.22,24.74,24.74,47621
2023-06-14,25.13,25.52,24.78,25.22,93278
2023-06-15,25.48,25.48,24.61,25.22,24810
2023-06-16,25.39,25.61,25.04,25.09,79729
2023-06-19,25.04,25.09,24.83,25.0,15611
2023-06-20,24.87,25.22,24.44,25.22,74330
2023-06-21,25.22,25.74,25.13,25.65,38330
2023-06-22,25.48,25.91,25.44,25.44,46733
2023-06-23,25.22,25.57,25.22,25.48,84345
2023-06-26,25.96,26.09,25.35,25.57,75505
2023-06-27,25.83,26.04,25.35,25.52,94026
2023-06-28,25.7,25.7,25.39,25.65,39507
2023-06-29,25.65,25.74,25.35,25.65,84777
2023-06-30,25.65,25.78,25.39,25.65,122630
2023-07-03,25.65,25.83,25.48,25.48,57256
2023-07-04,26.4,26.4,25.8,26.3,72928
2023-07-05,26.1,28.1,25.95,28.1,160520
2023-07-06,29.0,29.5,28.2,29.5,98917
2023-07-07,30.3,30.3,29.2,29.95,77211
2023-07-10,30.8,30.8,28.5,29.5,102128
2023-07-11,29.4,29.4,28.65,29.0,78563
2023-07-12,28.95,29.3,28.9,29.2,59800
2023-07-13,29.3,29.3,28.65,29.2,57835
2023-07-14,28.9,29.9,28.9,29.9,117722
2023-07-17,29.1,30.2,29.1,29.95,89620
2023-07-18,29.95,29.95,28.55,29.3,81882
2023-07-19,29.75,30.8,29.25,30.25,152656
2023-07-20,30.25,30.3,29.6,30.25,38681
2023-07-21,30.2,30.8,30.0,30.8,131909
2023-07-24,30.8,31.9,30.8,31.9,104599
2023-07-25,31.65,31.65,30.9,31.0,57930
2023-07-26,31.75,31.75,31.0,31.4,76285
2023-07-27,31.75,31.75,30.8,30.9,145296
2023-07-28,30.8,31.4,30.7,31.4,58252
2023-07-31,31.4,32.0,30.35,31.95,151012
2023-08-01,32.3,32.3,31.15,32.1,51301
2023-08-02,31.95,32.2,31.0,31.7,21338
2023-08-03,31.1,31.6,30.15,31.5,103730
2023-08-04,31.5,31.5,30.2,31.2,78950
2023-08-07,31.0,31.05,30.3,30.6,54170
2023-08-08,30.6,30.95,30.6,30.95,46300
2023-08-09,31.3,31.3,30.5,30.55,33223
2023-08-10,30.55,30.8,30.45,30.55,46719
2023-08-11,30.3,30.5,30.15,30.5,21964
2023-08-14,30.5,31.0,30.3,30.75,122488
2023-08-15,31.9,31.9,30.75,31.2,91541
2023-08-16,31.3,31.3,30.7,31.0,33623
2023-08-17,30.7,31.2,30.7,31.0,69065
2023-08-18,30.65,30.8,28.85,28.85,60445
2023-08-21,27.7,30.85,27.7,30.8,92157
2023-08-22,30.8,31.8,30.2,31.8,74420
2023-08-23,31.8,31.8,30.5,31.65,45896
2023-08-24,31.65,31.8,30.85,31.6,25501
2023-08-25,31.1,31.6,30.7,31.0,17305
2023-08-28,30.35,31.6,30.05,31.6,131901
2023-08-29,31.9,31.9,30.95,31.0,59183
2023-08-30,30.95,31.95,30.95,31.2,22026
2023-08-31,31.6,33.35,31.0,33.35,244528
2023-09-05,34.9,35.0,33.75,34.5,65480
2023-09-06,33.3,35.0,33.3,34.0,65523
2023-09-07,34.9,35.0,34.0,35.0,86111
2023-09-08,34.8,35.3,34.05,34.75,69483
2023-09-11,34.9,35.0,34.0,34.1,68022
2023-09-12,34.1,35.0,34.1,35.0,54323
2023-09-13,35.0,35.5,33.5,35.0,48159
2023-09-14,35.0,35.0,33.8,33.9,41464
2023-09-15,33.85,34.0,33.15,33.3,49013
2023-09-18,33.3,34.0,33.25,33.35,48156
2023-09-19,33.35,33.8,32.3,33.5,106906
2023-09-20,33.0,35.65,32.55,34.4,96481
2023-09-21,34.5,34.65,34.0,34.4,33412
2023-09-22,34.5,35.0,32.8,35.0,74456
2023-09-25,34.95,34.95,33.2,34.3,74061
2023-09-26,34.3,34.3,32.9,32.9,29400
2023-09-27,32.9,33.0,32.15,32.9,15197
2023-09-28,32.9,33.6,32.7,32.9,13448
2023-09-29,33.0,33.8,32.8,33.4,17478
2023-10-02,33.55,34.05,33.3,33.4,13705
2023-10-03,32.3,33.35,32.0,32.05,33390
2023-10-04,34.2,34.2,31.2,32.05,21520
2023-10-05,33.3,33.3,32.0,32.0,24439
2023-10-06,31.95,32.1,31.6,32.0,25312
2023-10-09,32.0,32.15,31.25,32.1,14363
2023-10-10,32.1,32.85,32.0,32.3,40161
2023-10-11,32.3,32.95,31.8,32.8,23713
2023-10-12,32.0,32.8,31.5,32.65,9600
2023-10-13,31.9,32.6,31.9,32.35,11915
2023-10-16,32.35,32.35,31.75,32.0,14214
2023-10-17,32.4,32.4,31.5,31.5,7840
2023-10-18,30.3,31.7,30.3,30.8,22300
2023-10-19,30.8,30.8,29.3,29.4,22738
2023-10-20,28.6,28.85,28.0,28.75,21674
2023-10-23,28.0,28.75,27.8,28.4,10729
2023-10-24,28.4,28.85,27.45,28.35,92062
2023-10-25,28.35,28.5,28.2,28.2,7012
2023-10-26,28.0,28.0,26.25,27.0,67450
2023-10-27,27.9,27.9,26.4,26.4,8211
2023-10-30,26.95,26.95,25.8,25.8,14830
2023-10-31,25.8,25.8,24.9,24.9,15320
2023-11-01,24.75,25.9,24.0,24.1,24350
2023-11-02,25.2,25.6,25.2,25.6,18523
2023-11-03,27.0,27.0,25.8,26.5,10461
2023-11-06,25.85,26.85,25.85,26.8,15341
2023-11-07,26.7,26.7,26.5,26.5,4903
2023-11-08,25.9,26.5,25.9,26.5,23805
2023-11-09,26.5,27.0,26.5,26.5,27623
2023-11-10,26.5,27.55,26.5,27.55,12911
2023-11-13,26.8,27.25,26.8,27.0,23143
2023-11-14,27.3,27.5,26.9,27.0,25457
2023-11-15,27.3,27.35,27.0,27.0,19388
2023-11-16,27.9,27.9,27.3,27.4,2902
2023-11-17,27.9,27.9,27.0,27.0,11566
2023-11-20,25.85,26.85,25.85,26.8,55413
2023-11-21,27.0,27.0,26.6,26.9,10153
2023-11-22,27.0,27.0,26.6,26.6,7928
2023-11-23,28.45,28.45,26.5,27.2,17221
2023-11-24,26.35,27.1,26.3,26.3,14728
2023-11-27,26.0,26.5,26.0,26.0,3499
2023-11-28,26.0,27.0,25.95,26.0,22160
2023-11-29,26.2,27.2,26.05,27.2,19813
2023-11-30,27.6,27.6,26.0,26.0,66220
2023-12-01,26.05,26.9,26.0,26.9,5011
2023-12-04,27.0,27.05,26.9,27.0,24429
2023-12-05,26.9,27.0,26.5,27.0,9600
2023-12-06,26.95,27.0,26.65,26.65,20905
2023-12-07,27.0,27.0,26.0,26.0,70449
2023-12-08,26.0,27.0,26.0,26.3,49700
2023-12-11,26.1,26.75,25.7,26.0,19900
2023-12-12,26.05,26.95,26.05,26.2,13108
2023-12-13,26.8,26.8,25.8,26.3,21257
2023-12-14,26.8,26.8,25.8,26.3,12269
2023-12-15,26.3,26.3,25.7,26.2,23725
2023-12-18,25.65,26.35,25.65,26.3,26118
2023-12-19,26.3,26.3,25.9,26.0,18100
2023-12-20,25.7,26.0,25.5,25.8,54506
2023-12-21,25.55,25.95,25.5,25.5,11969
2023-12-22,25.5,25.95,25.3,25.4,23068
2023-12-25,25.95,25.95,25.2,25.4,25300
2023-12-26,25.75,25.8,25.35,25.65,47315
2023-12-27,25.5,26.15,25.2,25.8,96600
2023-12-28,25.85,25.95,25.3,25.95,26800
2023-12-29,25.9,26.0,25.3,25.95,46901
2024-01-02,25.8,25.9,25.65,25.7,16615
2024-01-03,25.7,25.7,25.5,25.7,31170
2024-01-04,25.8,26.2,25.7,25.95,77715
2024-01-05,26.0,26.05,25.5,25.9,46336
2024-01-08,26.3,26.3,25.7,25.9,39827
2024-01-09,25.8,26.1,25.8,25.95,34729
2024-01-10,25.95,26.0,25.7,25.85,28544
2024-01-11,25.8,25.9,25.7,25.7,14924
2024-01-12,25.8,25.9,25.35,25.9,41771
2024-01-15,25.9,26.05,25.8,25.9,17805
2024-01-16,25.95,26.0,25.65,25.95,19082
2024-01-17,26.0,26.0,25.85,25.9,23814
2024-01-18,25.9,25.9,25.7,25.9,51920
2024-01-19,25.8,25.85,25.55,25.85,39413
2024-01-22,25.8,25.8,25.55,25.6,10723
2024-01-23,25.6,25.7,25.5,25.5,7006
2024-01-24,25.5,25.9,25.5,25.55,7230
2024-01-25,25.55,25.8,25.55,25.8,5538
2024-01-26,25.9,27.0,25.9,26.8,70164
2024-01-29,27.1,27.9,26.8,27.6,120010
2024-01-30,27.6,27.9,27.0,27.9,47600
2024-01-31,27.4,28.0,27.4,27.9,36041
2024-02-01,27.5,27.9,27.4,27.6,38820
2024-02-02,27.6,27.6,27.3,27.3,31883
2024-02-05,27.3,27.6,27.3,27.5,7228
2024-02-06,27.95,28.0,27.05,27.6,30600
2024-02-07,27.4,27.8,27.4,27.7,64023
2024-02-15,27.5,28.8,27.4,28.1,95396
2024-02-16,28.15,28.5,28.15,28.35,36845
2024-02-19,28.3,28.75,28.3,28.35,58357
2024-02-20,28.7,28.7,28.1,28.15,28916
2024-02-21,28.55,28.55,27.9,28.1,49684
2024-02-22,28.0,28.3,27.9,28.3,20930
2024-02-23,28.25,28.25,27.65,27.65,46806
2024-02-26,28.2,28.2,27.2,28.0,43428
2024-02-27,27.75,28.25,27.7,28.15,20700
2024-02-28,28.0,28.3,27.9,27.9,46802
2024-02-29,27.9,27.9,27.4,27.6,72118
2024-03-01,27.6,28.5,27.05,28.2,121909
2024-03-04,28.95,28.95,28.3,28.7,66025
2024-03-05,29.0,29.0,28.4,28.7,21789
2024-03-06,28.75,28.75,28.0,28.25,88149
2024-03-07,28.2,28.25,28.0,28.25,23168
2024-03-08,28.4,29.85,28.4,29.7,207180
2024-03-11,30.15,31.7,29.7,31.45,94422
2024-03-12,31.45,31.45,30.5,30.7,63978
2024-03-13,31.15,31.3,30.4,31.0,64612
2024-03-14,31.5,33.15,30.95,33.1,226379
2024-03-15,32.55,34.5,32.1,34.5,86384
2024-03-18,34.5,35.6,32.2,34.3,182160
2024-03-19,34.3,34.3,33.35,33.35,69658
2024-03-20,33.1,33.85,32.75,33.15,119355
2024-03-21,33.0,33.6,32.85,33.35,109901
2024-03-22,33.2,33.5,32.8,33.15,48029
2024-03-25,33.15,33.2,32.5,32.8,63852
2024-03-26,32.7,35.0,32.5,33.8,53121
2024-03-27,34.7,34.7,33.75,34.0,30207
2024-03-28,34.0,34.65,33.3,34.05,30561
2024-03-29,34.55,34.55,33.0,33.9,8941
2024-04-01,33.9,34.0,33.35,33.95,17805
2024-04-02,34.45,34.65,33.6,34.4,44042
2024-04-03,34.5,35.45,34.0,35.0,74575
2024-04-04,34.8,34.8,33.5,33.5,49256
2024-04-05,33.1,33.15,31.5,31.5,65100
2024-04-08,31.5,32.0,30.5,31.5,126378
2024-04-09,31.5,31.95,31.4,31.5,18750
2024-04-10,31.8,31.85,31.4,31.4,29945
2024-04-11,30.65,31.4,30.65,31.0,17859
2024-04-12,31.1,31.5,31.0,31.45,18409
2024-04-15,31.45,31.7,29.25,29.25,81609
2024-04-16,30.3,30.3,28.5,28.85,87407
2024-04-17,29.0,29.3,28.5,28.8,27971
2024-04-19,28.8,28.9,28.0,28.7,46204
2024-04-22,28.2,28.95,28.2,28.7,37799
2024-04-23,28.7,28.7,28.0,28.1,15523
2024-04-24,28.1,28.9,28.1,28.9,29465
2024-04-25,28.6,28.85,28.0,28.85,48306
2024-04-26,28.6,29.2,28.3,28.3,28301
2024-05-02,29.0,29.1,28.45,28.75,9706
2024-05-03,29.45,29.95,28.9,29.1,97168
2024-05-06,29.5,29.5,28.8,29.35,26017
2024-05-07,29.35,29.5,29.1,29.4,79300
2024-05-08,29.4,31.45,28.95,31.45,260063
2024-05-09,31.5,31.75,30.5,30.95,149927
2024-05-10,30.9,30.9,29.7,30.1,109865
2024-05-13,30.1,30.15,29.55,30.0,77118
2024-05-14,29.95,29.95,29.5,29.75,151085
2024-05-15,29.75,31.5,29.65,30.8,228772
2024-05-16,31.4,31.4,30.15,30.35,229066
2024-05-17,30.3,30.35,29.9,30.0,197370
2024-05-20,30.1,30.4,29.7,29.7,180270
2024-05-21,29.8,31.5,29.5,31.05,446014
2024-05-22,31.8,31.9,30.5,31.0,242373
2024-05-23,30.55,31.0,30.1,30.85,205974
2024-05-24,30.6,30.75,29.25,29.85,311063
2024-05-27,29.3,30.0,29.3,29.75,104120
2024-05-28,29.75,30.65,29.75,30.1,230242
2024-05-29,30.1,30.1,29.65,29.65,126182
2024-05-30,29.5,29.6,28.6,29.0,210735
2024-05-31,29.45,30.45,28.5,29.75,205537
2024-06-03,30.3,30.7,30.1,30.35,177859
2024-06-04,30.2,30.6,30.0,30.2,109504
2024-06-05,30.4,30.5,30.05,30.1,90237
2024-06-06,30.4,30.4,29.7,29.9,116552
2024-06-07,29.9,30.1,29.7,30.0,86817
2024-06-10,29.9,30.6,29.9,30.35,156548
2024-06-11,30.45,32.45,30.45,32.45,803442
2024-06-12,33.25,33.25,32.55,33.0,232304
2024-06-13,33.0,33.35,32.45,32.9,281471
2024-06-14,33.05,33.05,31.8,31.8,332266
2024-06-17,31.8,32.0,30.8,31.5,226371
2024-06-18,31.5,32.0,31.5,31.8,130885
2024-06-19,31.8,32.5,31.8,32.35,190006
2024-06-20,32.35,32.45,31.45,31.8,144561
2024-06-21,31.4,32.2,31.2,31.2,202545
2024-06-24,31.2,31.4,29.7,29.85,272034
2024-06-25,29.8,30.3,29.6,30.0,131819
2024-06-26,29.95,30.25,29.8,30.2,119402
2024-06-27,30.2,30.2,29.8,30.05,61636
2024-06-28,30.2,30.35,29.0,29.25,211110
2024-07-01,29.25,30.0,29.2,30.0,62590
2024-07-02,30.0,30.3,29.85,30.0,54811
2024-07-03,30.3,30.45,30.0,30.25,73177
2024-07-04,30.2,30.55,30.1,30.35,97512
2024-07-05,30.6,32.0,30.6,31.9,359951
2024-07-08,32.3,34.1,31.9,33.95,534830
2024-07-09,34.0,34.9,33.5,33.6,297016
2024-07-10,33.65,34.65,33.55,33.7,404517
2024-07-11,34.3,34.3,33.3,33.7,227853
2024-07-12,33.6,34.45,33.55,34.35,249217
2024-07-15,34.6,36.6,34.6,35.1,600819
2024-07-16,35.95,35.95,34.7,34.7,280638
2024-07-17,34.9,34.9,32.5,33.0,383950
2024-07-18,33.5,34.6,32.8,34.4,451578
2024-07-19,34.0,34.8,34.0,34.65,259002
2024-07-22,32.25,32.25,32.25,32.25,161553
2024-07-23,30.0,30.0,30.0,30.0,77435
2024-07-24,27.9,28.75,27.9,27.9,1150455
2024-07-25,28.3,28.4,26.8,28.0,219255
2024-07-26,28.35,28.35,27.15,27.35,260300
2024-07-29,28.2,28.2,27.0,27.2,291300
2024-07-30,27.45,28.0,27.05,27.25,211000
2024-07-31,27.2,27.5,25.35,26.1,575500
2024-08-01,26.2,26.3,25.3,25.45,270300
2024-08-02,25.1,25.95,24.5,25.95,264400
2024-08-05,24.4,25.85,24.15,24.2,341700
2024-08-06,24.2,25.0,24.2,24.5,179900
2024-08-07,24.45,24.7,23.05,23.65,371700
2024-08-08,23.7,24.9,23.3,24.55,342600
2024-08-09,24.65,24.95,24.35,24.75,144100
2024-08-12,25.2,25.2,24.5,24.75,152800
2024-08-13,26.45,26.45,25.0,25.7,185400
2024-08-14,25.55,26.3,25.3,26.1,178300
2024-08-15,26.15,26.35,25.95,26.1,157600
2024-08-16,26.2,26.9,24.55,26.75,173500
2024-08-19,27.2,27.2,26.0,26.35,107000
2024-08-20,26.0,26.6,26.0,26.45,135400
2024-08-21,26.7,26.7,26.0,26.4,115100
2024-08-22,26.7,26.7,26.1,26.4,44500
2024-08-23,26.25,26.25,26.05,26.1,76200
2024-08-26,26.1,26.15,25.95,25.95,115200
2024-08-27,25.95,26.1,25.75,26.1,56800
2024-08-28,26.05,26.5,25.8,26.2,117100
2024-08-29,26.3,26.65,26.15,26.3,57600
2024-08-30,26.2,26.45,26.0,26.05,52400
2024-09-04,24.9,25.95,24.9,25.5,190700
2024-09-05,25.2,25.7,25.2,25.35,55400
2024-09-06,25.65,25.65,25.0,25.25,42500
2024-09-09,25.25,25.6,25.2,25.6,22300
2024-09-10,25.6,25.6,25.1,25.15,48100
2024-09-11,25.2,25.25,25.0,25.1,29300
2024-09-12,25.1,25.35,25.1,25.35,14900
2024-09-13,25.35,25.6,25.15,25.15,31800
2024-09-16,25.2,25.5,25.0,25.2,66500
2024-09-17,25.2,25.5,25.1,25.5,23300
2024-09-18,25.5,26.3,25.5,25.55,16800
2024-09-19,25.55,26.05,25.55,26.0,42800
2024-09-20,26.3,26.3,25.9,26.0,22400
2024-09-23,25.75,27.8,25.75,27.8,355400
2024-09-24,26.8,26.95,26.55,26.8,60000
2024-09-25,26.2,26.9,26.2,26.9,30400
2024-09-26,26.9,26.9,26.6,26.65,32800
2024-09-27,26.3,26.5,26.0,26.5,18400
2024-09-30,26.15,26.5,26.0,26.5,24200
2024-10-01,26.85,26.85,26.5,26.6,58900
2024-10-02,26.6,26.65,26.5,26.65,44700
2024-10-03,26.65,26.9,26.0,26.6,51800
2024-10-04,26.6,26.6,25.55,26.1,38300
2024-10-07,26.0,26.0,25.3,25.95,32200
2024-10-08,26.2,26.2,25.5,25.6,6100
2024-10-09,25.6,25.8,25.6,25.65,14400
2024-10-10,25.65,26.2,25.5,26.0,12400
2024-10-11,26.4,26.4,25.8,26.0,15200
2024-10-14,26.45,26.45,25.8,25.95,7200
2024-10-15,25.8,26.0,25.75,25.95,18000
2024-10-16,25.75,25.95,25.55,25.55,10500
2024-10-17,25.6,26.1,25.5,25.95,43300
2024-10-18,25.65,26.1,25.65,26.0,41300
2024-10-21,25.5,26.1,25.5,25.5,23300
2024-10-22,25.5,25.8,25.2,25.7,23600
2024-10-23,26.1,26.3,25.8,26.0,70200
2024-10-24,26.1,26.4,25.75,25.85,20500
2024-10-25,25.85,26.0,25.7,25.95,56900
2024-10-28,25.8,26.0,25.7,25.95,21700
2024-10-29,25.95,26.0,25.7,25.7,36100
2024-10-30,25.55,25.6,25.3,25.5,52000
2024-10-31,25.5,25.65,25.5,25.65,4100
2024-11-01,25.6,25.65,25.4,25.4,7900
2024-11-04,24.0,25.3,24.0,24.9,66300
2024-11-05,24.8,25.1,24.6,25.0,8200
2024-11-06,25.0,25.0,24.7,24.9,31100
2024-11-07,24.9,25.25,24.8,24.9,32900
2024-11-08,25.05,25.85,25.0,25.3,36100
2024-11-11,25.3,25.8,25.25,25.55,23700
2024-11-12,25.75,25.95,25.4,25.5,28000
2024-11-13,25.1,25.7,25.05,25.5,31100
2024-11-14,25.2,25.6,25.05,25.05,64400
2024-11-15,25.0,25.0,24.55,24.7,28700
2024-11-18,24.7,25.0,24.25,24.55,61000
2024-11-19,25.45,25.45,24.4,24.55,20600
2024-11-20,24.4,25.15,24.25,24.45,86900
2024-11-21,24.4,24.65,24.4,24.5,8100
2024-11-22,24.5,24.5,24.25,24.5,40400
2024-11-25,25.35,25.6,24.1,24.55,22100
2024-11-26,24.8,24.85,24.5,24.55,15300
2024-11-27,24.85,24.85,24.15,24.45,24100
2024-11-28,24.75,24.75,24.25,24.25,38600
2024-11-29,24.25,24.55,24.25,24.35,32400
2024-12-02,25.35,25.35,24.4,24.45,23800
2024-12-03,24.6,24.85,24.4,24.65,5700
2024-12-04,24.45,24.8,24.15,24.45,35400
2024-12-05,24.25,25.2,24.25,24.45,26200
2024-12-06,24.5,24.95,24.45,24.45,37100
2024-12-09,24.45,25.25,24.45,24.55,42600
2024-12-10,24.55,24.8,24.45,24.7,61200
2024-12-11,24.25,24.85,24.25,24.6,12500
2024-12-12,24.6,24.8,24.6,24.8,26000
2024-12-13,24.6,25.0,24.6,24.8,27600
2024-12-16,24.6,24.8,24.5,24.8,11700
2024-12-17,24.8,25.1,24.55,24.65,14900
2024-12-18,24.95,24.95,24.55,24.75,34700
2024-12-19,24.35,24.85,24.05,24.35,60200
2024-12-20,24.35,24.65,24.3,24.6,28800
2024-12-23,24.85,24.9,24.5,24.6,32500
2024-12-24,24.6,24.6,24.5,24.6,18800
2024-12-25,24.65,24.9,24.6,24.6,28000
2024-12-26,24.7,25.15,24.5,24.9,29200
2024-12-27,25.1,25.1,24.6,24.6,24700
2024-12-30,24.65,24.75,24.6,24.75,8900
2024-12-31,24.55,24.85,24.55,24.55,12700
2025-01-02,24.9,25.0,24.6,24.8,22800
2025-01-03,24.8,24.8,24.3,24.7,25400
2025-01-06,24.3,24.7,24.3,24.3,15700
2025-01-07,24.3,24.3,23.05,24.1,45900
2025-01-08,24.0,24.0,23.4,23.8,26400
2025-01-09,23.8,23.85,23.25,23.85,34000
2025-01-10,23.85,23.85,23.0,23.2,45600
2025-01-13,22.8,23.5,21.7,22.8,25200
2025-01-14,22.8,23.4,22.7,22.75,47500
2025-01-15,22.3,23.0,22.3,23.0,22800
2025-01-16,23.0,23.4,23.0,23.05,26100
2025-01-17,23.0,23.35,23.0,23.35,2100
2025-01-20,23.35,23.35,23.0,23.0,21900
2025-01-21,23.35,23.35,23.0,23.0,1100
2025-01-22,23.1,23.3,22.4,22.95,11300
2025-01-23,22.95,23.1,22.55,22.95,16500
2025-01-24,22.85,23.15,22.85,23.05,53100
2025-02-03,23.5,23.5,22.3,23.25,25500
2025-02-04,22.9,23.25,22.9,23.2,3400
2025-02-05,23.2,23.9,23.2,23.8,52900
2025-02-06,24.0,24.0,23.5,23.7,27600
2025-02-07,23.6,23.7,23.4,23.65,29100
2025-02-10,23.6,23.7,23.5,23.6,23700
2025-02-11,23.65,24.05,23.45,23.45,18900
2025-02-12,23.5,25.05,23.45,25.05,140500
2025-02-13,26.0,26.8,25.2,26.7,284900
2025-02-14,27.0,27.0,26.2,26.35,122200
2025-02-17,26.35,27.5,26.35,26.8,238200
2025-02-18,26.85,27.1,26.65,27.0,87400
2025-02-19,27.2,27.2,26.6,26.95,78900
2025-02-20,26.95,26.95,26.6,26.65,75300
2025-02-21,26.7,28.0,26.7,26.8,98300
2025-02-24,26.75,27.45,26.2,27.25,115400
2025-02-25,27.25,27.25,26.5,26.7,87200
2025-02-26,26.7,26.85,26.55,26.6,58500
2025-02-27,26.8,26.85,26.55,26.8,44600
2025-02-28,26.8,27.1,26.4,27.1,100400
2025-03-03,27.15,27.7,26.8,27.2,136700
2025-03-04,27.5,27.5,26.8,27.2,49200
2025-03-05,27.15,27.2,26.7,26.8,27400
2025-03-06,26.8,27.0,26.7,26.8,33600
2025-03-07,27.0,27.0,26.5,26.75,54000
2025-03-10,26.95,27.5,26.8,26.95,79400
2025-03-11,26.5,26.9,26.5,26.7,68900
2025-03-12,26.5,27.4,26.5,27.25,170400
2025-03-13,27.3,27.3,26.55,26.7,72300
2025-03-14,26.7,26.8,26.5,26.55,51500
2025-03-17,26.55,26.65,25.4,25.8,101000
2025-03-18,25.55,25.8,25.5,25.75,52200
2025-03-19,25.75,25.9,25.55,25.8,14200
2025-03-20,25.95,26.0,25.7,25.7,33600
2025-03-21,25.7,25.9,25.7,25.85,16300
2025-03-24,25.7,25.8,25.2,25.55,29900
2025-03-25,25.55,25.6,25.4,25.5,52300
2025-03-26,25.8,25.9,25.6,25.7,18100
2025-03-27,25.7,25.9,25.6,25.8,14100
2025-03-28,25.85,25.85,25.6,25.75,18800
2025-03-31,25.8,25.8,25.4,25.65,26900
2025-04-01,25.8,25.8,25.3,25.35,49900
2025-04-02,25.2,25.35,25.0,25.1,48800
2025-04-03,23.35,23.35,23.35,23.35,64800
2025-04-04,21.75,21.75,21.75,21.75,18500
2025-04-08,20.25,20.25,20.25,20.25,60500
2025-04-09,18.85,18.85,18.85,18.85,28600
2025-04-10,20.15,20.15,20.15,20.15,50100
2025-04-11,21.55,21.55,18.75,21.55,203400
2025-04-14,21.55,22.75,21.55,21.75,47000
2025-04-15,21.8,21.8,20.3,20.6,49600
2025-04-16,20.6,21.45,20.6,21.05,29300
2025-04-17,20.65,21.2,20.65,21.2,20100
2025-04-18,21.2,21.45,20.9,21.2,39800
2025-04-21,21.2,22.05,21.2,21.2,21700
2025-04-22,20.85,21.65,20.3,21.55,23800
2025-04-23,21.65,21.7,21.2,21.7,39800
2025-04-24,21.7,23.2,21.7,22.6,26300
2025-04-25,23.0,23.65,22.9,22.9,9900
2025-04-28,23.9,23.9,22.9,22.9,26900
2025-04-29,23.4,23.4,22.7,22.8,15000
2025-05-05,23.5,23.5,22.4,22.8,66900
2025-05-06,22.5,23.5,22.5,23.35,41400
2025-05-07,23.35,23.9,23.05,23.5,38100
2025-05-08,24.0,24.1,23.5,23.6,20500
2025-05-09,23.05,23.9,23.05,23.45,24100
2025-05-12,24.0,24.3,23.5,24.2,95100
2025-05-13,25.5,25.5,24.6,25.05,96600
2025-05-14,25.1,25.3,24.5,24.65,33100
2025-05-15,24.9,25.0,24.4,25.0,42000
2025-05-16,25.5,25.5,24.45,25.3,60900
2025-05-19,25.3,25.3,24.55,24.55,15800
2025-05-20,24.95,25.0,24.5,24.8,64200
2025-05-21,25.8,26.0,24.5,24.7,14300
2025-05-22,24.7,25.05,24.55,24.7,18300
2025-05-23,24.1,24.95,24.1,24.45,18200
2025-05-26,24.95,26.1,24.3,25.8,94100
2025-05-27,26.55,26.6,26.2,26.6,138200
2025-05-28,26.8,26.85,26.15,26.6,109100
2025-05-29,26.95,26.95,26.6,26.9,161600
2025-05-30,26.9,27.0,26.0,26.8,56500
2025-06-02,26.0,26.8,26.0,26.7,107000
2025-06-03,26.5,26.75,26.4,26.7,57200
2025-06-04,26.8,26.8,26.0,26.45,72300
2025-06-05,26.45,26.5,26.05,26.4,34400
2025-06-06,26.05,26.05,25.9,25.95,11800
2025-06-09,25.5,26.25,25.5,26.25,34200
2025-06-10,26.8,27.2,26.6,27.0,131400
2025-06-11,27.0,27.0,26.5,26.5,18000
2025-06-12,26.45,27.0,26.0,26.85,37700
2025-06-13,26.1,26.65,26.0,26.6,20400
2025-06-16,26.5,26.6,25.5,26.2,31200
2025-06-17,26.2,26.5,26.05,26.1,5900
2025-06-18,25.5,26.0,25.5,25.95,24500
2025-06-19,25.9,25.9,25.6,25.6,16900
2025-06-20,25.5,26.05,25.5,25.95,21200
2025-06-23,25.1,25.65,25.1,25.5,13100
2025-06-24,25.5,26.3,25.5,26.05,43100
2025-06-25,26.35,26.8,26.35,26.7,48000
2025-06-26,26.6,26.6,26.2,26.5,4200
2025-06-27,26.2,27.2,26.05,26.55,65100
2025-06-30,26.55,27.0,26.45,26.65,25500
2025-07-01,26.25,26.4,26.0,26.35,21000
2025-07-02,26.35,27.2,26.2,26.9,154500
2025-07-03,26.8,27.0,26.2,26.7,67100
2025-07-04,26.55,27.0,26.5,26.8,58000
2025-07-07,27.0,27.0,26.75,26.9,128800
2025-07-08,27.8,27.8,26.7,27.0,138200
2025-07-09,27.5,27.5,26.65,26.8,87400
2025-07-10,26.95,26.95,26.0,26.7,79900
2025-07-11,26.8,26.9,26.6,26.75,49700
2025-07-14,26.8,26.85,26.0,26.75,26500
2025-07-15,26.5,27.2,26.5,26.6,52900
2025-07-16,26.1,26.75,26.1,26.65,45400
2025-07-17,26.7,26.7,26.2,26.45,28000
2025-07-18,26.5,26.7,26.35,26.35,30600
2025-07-21,26.3,26.3,26.05,26.05,36200
2025-07-22,26.2,26.6,26.05,26.1,31200
2025-07-23,26.1,27.0,26.1,26.2,84000
2025-07-24,26.2,26.4,26.0,26.0,75300
2025-07-25,26.25,26.25,25.8,26.0,70400
2025-07-28,25.75,25.9,25.5,25.9,148900
2025-07-29,25.9,25.9,24.95,25.05,165000
2025-07-30,25.15,25.2,24.5,25.0,79700
2025-07-31,24.95,25.2,24.7,25.0,47900
2025-08-01,25.0,25.0,24.5,25.0,77600
2025-08-04,24.8,25.35,24.7,25.3,28800
2025-08-05,25.3,25.3,24.5,24.7,126900
2025-08-06,24.8,25.15,24.75,24.9,10000
2025-08-07,25.1,25.4,24.8,25.0,54900
2025-08-08,25.0,25.15,24.8,25.0,60200
2025-08-11,25.0,25.3,24.8,25.3,53100
2025-08-12,25.3,25.3,24.9,25.0,24100
2025-08-13,24.85,25.45,24.75,25.2,87000
2025-08-14,24.95,25.0,24.85,24.95,54000
2025-08-15,24.95,24.95,24.5,24.7,45800
2025-08-18,24.7,24.8,24.35,24.7,63500
2025-08-19,24.8,24.8,24.3,24.55,54200
2025-08-20,24.5,24.55,24.0,24.55,45800
2025-08-21,24.4,24.4,24.2,24.3,18200
2025-08-22,24.3,24.55,24.05,24.5,48000
2025-08-25,24.1,24.35,24.1,24.3,13900
2025-08-26,24.35,25.4,24.35,25.1,61400
2025-08-27,25.5,26.5,25.4,26.05,116500
2025-08-28,26.1,26.2,25.5,25.8,40700
2025-08-29,25.8,25.8,25.5,25.5,33700
2025-09-03,25.5,25.7,25.1,25.7,60600
2025-09-04,25.7,25.7,25.4,25.45,25000
2025-09-05,25.5,26.3,25.35,25.8,91800
2025-09-08,25.65,25.8,25.3,25.45,68700
2025-09-09,25.45,25.55,25.1,25.5,45100
2025-09-10,25.35,25.7,25.3,25.7,16800
2025-09-11,25.65,25.65,24.95,25.55,35700
2025-09-12,25.55,25.6,25.25,25.5,22400
2025-09-15,25.45,25.45,25.25,25.45,21700
2025-09-16,25.5,26.45,25.3,26.4,109400
2025-09-17,26.4,26.4,25.75,26.0,40500
2025-09-18,26.0,26.0,25.55,25.6,40300
2025-09-19,25.65,25.7,25.3,25.3,36100
2025-09-22,25.3,25.4,25.0,25.25,54400
2025-09-23,25.6,26.05,25.6,25.95,128400
2025-09-24,26.3,26.3,26.0,26.1,95900
2025-09-25,26.25,26.25,25.7,25.9,42300
2025-09-26,25.7,26.1,25.7,25.9,18200
2025-09-29,25.6,26.2,25.1,25.3,57400
2025-09-30,25.95,25.95,25.1,25.4,48500
2025-10-01,25.4,25.4,24.05,25.15,58200
2025-10-02,25.2,25.6,25.0,25.0,27400
2025-10-03,25.2,25.4,24.75,24.8,27400
2025-10-06,25.1,25.1,24.8,25.05,38800
2025-10-07,24.8,25.15,24.8,24.8,38300
2025-10-08,24.85,25.1,24.75,25.1,16300
2025-10-09,25.0,25.1,24.9,25.1,19500
2025-10-10,25.05,25.1,25.0,25.05,16500
2025-10-13,25.05,25.05,24.95,25.05,29800
2025-10-14,25.0,25.1,25.0,25.0,30500
2025-10-15,25.0,25.0,24.8,24.85,14900
2025-10-16,25.1,25.3,25.0,25.2,28100
2025-10-17,25.2,25.2,24.85,25.1,9700
2025-10-20,25.1,25.1,24.1,24.1,19700
2025-10-21,24.05,25.1,23.5,24.9,34900
