time,open,high,low,close,volume
2016-10-21,6.63,6.63,6.63,6.63,1500
2016-10-24,7.63,7.63,7.63,7.63,28500
2016-10-25,8.76,8.76,8.76,8.76,5000
2016-10-26,10.07,10.07,10.07,10.07,5000
2016-10-27,11.55,11.55,11.55,11.55,3800
2016-10-28,13.27,13.27,13.27,13.27,5400
2016-10-31,15.26,15.26,15.26,15.26,1000
2016-11-01,17.51,17.51,17.51,17.51,7500
2016-11-02,20.13,20.13,14.89,17.15,16000
2016-11-03,17.15,17.15,17.15,17.15,0
2016-11-04,17.15,17.15,17.15,17.15,0
2016-11-07,17.15,17.15,17.15,17.15,0
2016-11-08,17.15,17.15,17.15,17.15,0
2016-11-09,17.15,17.15,17.15,17.15,0
2016-11-10,17.15,17.15,17.15,17.15,0
2016-11-11,17.15,17.15,17.15,17.15,0
2016-11-14,16.7,16.7,16.7,16.7,100
2016-11-15,16.7,16.7,16.7,16.7,0
2016-11-16,16.7,16.7,16.7,16.7,50
2016-11-17,16.7,16.7,16.7,16.7,4
2016-11-18,16.7,16.7,16.7,16.7,0
2016-11-21,16.7,16.7,16.7,16.7,1
2016-11-22,16.7,16.7,16.7,16.7,0
2016-11-23,16.7,16.7,16.7,16.7,0
2016-11-24,16.7,16.7,16.7,16.7,0
2016-11-25,16.7,16.7,16.7,16.7,0
2016-11-28,16.7,16.7,16.7,16.7,0
2016-11-29,16.7,16.7,16.7,16.7,0
2016-11-30,16.7,16.7,16.7,16.7,0
2016-12-01,14.22,14.22,14.22,14.22,110
2016-12-02,12.1,12.1,12.1,12.1,120
2016-12-05,10.29,10.29,10.29,10.29,120
2016-12-06,10.29,10.29,10.29,10.29,20
2016-12-07,10.29,10.29,10.29,10.29,1
2016-12-08,10.29,10.29,10.29,10.29,10
2016-12-09,10.29,10.29,10.29,10.29,0
2016-12-12,8.76,8.76,8.76,8.76,100
2016-12-13,7.45,7.45,7.45,7.45,101
2016-12-14,6.36,6.36,6.36,6.36,100
2016-12-15,5.42,6.36,5.42,5.42,3518
2016-12-16,6.23,6.27,4.65,5.37,18605
2016-12-19,4.42,5.73,4.33,5.73,600
2016-12-20,5.28,5.28,5.28,5.28,28401
2016-12-21,6.0,6.05,5.6,5.64,4400
2016-12-22,5.64,5.64,4.87,4.87,13400
2016-12-23,4.51,4.74,4.51,4.74,10400
2016-12-26,4.51,4.51,4.42,4.42,9900
2016-12-27,4.47,4.51,4.15,4.15,10800
2016-12-28,4.11,4.2,4.11,4.2,1200
2016-12-29,4.51,4.51,4.51,4.51,100
2016-12-30,4.51,4.51,4.51,4.51,200
2017-01-03,4.38,4.69,4.38,4.47,13300
2017-01-04,4.47,4.69,4.47,4.69,4200
2017-01-05,4.74,4.96,4.74,4.96,500
2017-01-06,4.96,4.96,4.96,4.96,0
2017-01-09,5.42,5.42,5.37,5.42,1400
2017-01-10,4.96,4.96,4.96,4.96,430
2017-01-11,4.96,4.96,4.96,4.96,1000
2017-01-12,4.96,4.96,4.96,4.96,642
2017-01-13,5.06,5.69,5.06,5.69,9770
2017-01-16,5.69,5.69,5.69,5.69,60
2017-01-17,5.69,5.69,5.69,5.69,4
2017-01-18,5.69,5.69,5.69,5.69,0
2017-01-19,5.69,5.69,5.69,5.69,0
2017-01-20,5.42,5.42,5.42,5.42,100
2017-01-23,5.42,5.42,5.42,5.42,0
2017-01-24,5.42,5.42,5.42,5.42,0
2017-01-25,5.42,5.42,5.42,5.42,0
2017-02-02,5.42,5.42,5.42,5.42,0
2017-02-03,5.42,5.42,5.42,5.42,100
2017-02-06,5.42,5.42,5.42,5.42,0
2017-02-07,5.42,5.42,5.42,5.42,0
2017-02-08,4.6,4.6,4.6,4.6,3100
2017-02-09,4.96,4.96,4.96,4.96,100
2017-02-10,4.29,4.29,4.29,4.29,100
2017-02-13,4.29,4.29,4.29,4.29,0
2017-02-14,3.7,4.87,3.7,4.87,400
2017-02-15,4.87,4.87,4.87,4.87,0
2017-02-16,4.11,4.74,4.11,4.74,200
2017-02-17,4.78,4.78,4.78,4.78,100
2017-02-20,4.92,4.92,4.92,4.92,200
2017-02-21,4.92,4.92,4.92,4.92,0
2017-02-22,4.92,4.92,4.92,4.92,1200
2017-02-23,4.96,4.96,4.96,4.96,500
2017-02-24,4.96,4.96,4.96,4.96,0
2017-02-27,4.24,4.24,4.24,4.24,100
2017-02-28,4.51,4.87,4.51,4.87,500
2017-03-01,5.28,5.28,5.28,5.28,100
2017-03-02,4.51,4.51,4.51,4.51,1800
2017-03-03,4.51,4.51,4.51,4.51,0
2017-03-06,4.51,4.51,4.51,4.51,0
2017-03-07,4.51,4.51,4.51,4.51,2000
2017-03-08,5.19,5.19,5.19,5.19,100
2017-03-09,5.19,5.19,5.19,5.19,0
2017-03-10,5.19,5.19,5.19,5.19,0
2017-03-13,5.19,5.19,5.19,5.19,0
2017-03-14,5.19,5.19,5.19,5.19,0
2017-03-15,5.19,5.19,5.19,5.19,0
2017-03-16,5.19,5.19,5.19,5.19,0
2017-03-17,5.82,5.82,5.82,5.82,100
2017-03-20,5.6,5.6,5.6,5.6,1300
2017-03-21,5.6,5.6,5.6,5.6,0
2017-03-22,5.6,5.6,5.6,5.6,0
2017-03-23,6.32,6.32,6.32,6.32,100
2017-03-24,6.32,6.32,6.32,6.32,0
2017-03-27,6.32,6.32,6.32,6.32,0
2017-03-28,6.32,6.32,6.32,6.32,0
2017-03-29,5.78,5.78,5.78,5.78,100
2017-03-30,5.78,5.78,5.78,5.78,15
2017-03-31,5.42,5.42,4.96,5.42,6110
2017-04-03,4.96,5.15,4.96,5.15,5700
2017-04-04,4.92,4.92,4.92,4.92,5700
2017-04-05,4.92,4.92,4.92,4.92,10
2017-04-07,4.92,4.92,4.92,4.92,0
2017-04-10,4.87,4.92,4.87,4.92,5800
2017-04-11,4.87,4.87,4.87,4.87,0
2017-04-12,4.87,4.87,4.87,4.87,0
2017-04-13,4.87,4.87,4.87,4.87,4400
2017-04-14,4.83,4.83,4.83,4.83,5400
2017-04-17,4.83,4.83,4.83,4.83,0
2017-04-18,4.78,4.78,4.78,4.78,1800
2017-04-19,4.78,4.78,4.78,4.78,0
2017-04-20,4.78,4.78,4.78,4.78,0
2017-04-21,4.74,4.74,4.74,4.74,1900
2017-04-24,4.69,4.69,4.69,4.69,2900
2017-04-25,4.69,4.69,4.69,4.69,0
2017-04-26,4.69,4.69,4.69,4.69,0
2017-04-27,4.65,4.65,4.65,4.65,2900
2017-04-28,4.6,4.6,4.6,4.6,100
2017-05-03,3.93,3.93,3.93,3.93,100
2017-05-04,3.93,3.93,3.93,3.93,0
2017-05-05,3.93,3.93,3.93,3.93,0
2017-05-08,3.93,3.93,3.93,3.93,0
2017-05-09,3.93,3.93,3.93,3.93,0
2017-05-10,4.51,4.51,4.51,4.51,200
2017-05-11,4.51,4.51,4.51,4.51,0
2017-05-12,5.19,5.19,5.19,5.19,100
2017-05-15,5.87,5.96,5.87,5.87,2810
2017-05-16,6.32,6.32,6.32,6.32,100
2017-05-17,6.32,6.32,6.32,6.32,0
2017-05-18,5.82,5.82,5.42,5.42,400
2017-05-19,5.19,5.19,5.19,5.19,100
2017-05-22,5.19,5.19,5.19,5.19,0
2017-05-23,5.94,5.94,5.94,5.94,100
2017-05-24,5.94,5.94,5.94,5.94,100
2017-05-25,6.55,6.55,6.55,6.55,100
2017-05-26,6.55,6.55,6.55,6.55,0
2017-05-29,6.55,6.55,6.55,6.55,0
2017-05-30,6.55,6.55,6.55,6.55,0
2017-05-31,6.04,6.04,6.04,6.04,200
2017-06-01,6.04,6.04,6.04,6.04,0
2017-06-02,6.04,6.04,6.04,6.04,0
2017-06-05,5.15,5.15,5.15,5.15,1000
2017-06-06,4.68,4.68,4.68,4.68,2500
2017-06-07,4.68,4.68,4.68,4.68,0
2017-06-08,4.68,4.68,4.68,4.68,1000
2017-06-09,4.68,4.68,4.68,4.68,0
2017-06-12,4.68,4.68,4.68,4.68,0
2017-06-13,4.68,4.68,4.68,4.68,0
2017-06-14,4.68,4.68,4.68,4.68,0
2017-06-15,4.68,4.68,4.68,4.68,0
2017-06-16,4.68,4.68,4.68,4.68,0
2017-06-19,4.68,4.68,4.68,4.68,300
2017-06-20,4.68,4.68,4.68,4.68,0
2017-06-21,4.12,4.12,4.12,4.12,100
2017-06-22,4.12,4.12,4.12,4.12,0
2017-06-23,4.12,4.12,4.12,4.12,0
2017-06-26,4.12,4.12,4.12,4.12,0
2017-06-27,4.12,4.12,4.12,4.12,0
2017-06-28,4.73,4.73,4.73,4.73,100
2017-06-29,4.73,4.73,4.73,4.73,0
2017-06-30,4.73,4.73,4.73,4.73,2
2017-07-03,4.68,4.68,4.68,4.68,100
2017-07-04,4.68,4.68,4.68,4.68,0
2017-07-05,4.68,4.68,4.68,4.68,1200
2017-07-06,4.68,4.68,4.68,4.68,0
2017-07-07,4.68,4.87,4.68,4.77,3300
2017-07-10,4.68,4.68,4.68,4.68,2100
2017-07-11,4.68,4.68,4.68,4.68,0
2017-07-12,4.68,4.68,4.68,4.68,0
2017-07-13,4.68,4.68,4.68,4.68,600
2017-07-14,4.21,4.21,4.21,4.21,100
2017-07-17,4.21,4.21,4.21,4.21,0
2017-07-18,4.44,4.44,4.21,4.21,4800
2017-07-19,4.26,4.26,4.26,4.26,0
2017-07-20,4.26,4.26,4.26,4.26,0
2017-07-21,4.26,4.26,4.26,4.26,0
2017-07-24,4.26,4.26,4.26,4.26,0
2017-07-25,4.26,4.26,4.26,4.26,0
2017-07-26,4.26,4.26,4.26,4.26,0
2017-07-27,4.59,4.59,4.59,4.59,1800
2017-07-28,4.59,4.59,4.59,4.59,0
2017-07-31,4.57,4.57,4.57,4.57,0
2017-08-01,4.57,4.57,4.57,4.57,0
2017-08-02,5.05,5.05,5.05,5.05,100
2017-08-03,5.05,5.05,5.05,5.05,48
2017-08-04,5.05,5.05,5.05,5.05,0
2017-08-07,5.05,5.05,5.05,5.05,0
2017-08-08,5.05,5.05,5.05,5.05,0
2017-08-09,4.33,4.33,4.33,4.33,100
2017-08-10,4.33,4.33,4.33,4.33,0
2017-08-11,4.33,4.33,4.33,4.33,0
2017-08-14,4.33,4.33,4.33,4.33,0
2017-08-15,4.33,4.33,4.33,4.33,0
2017-08-16,4.76,4.76,4.76,4.76,700
2017-08-17,4.76,4.76,4.76,4.76,0
2017-08-18,4.76,4.76,4.76,4.76,0
2017-08-21,4.76,4.76,4.76,4.76,0
2017-08-22,4.76,4.76,4.76,4.76,0
2017-08-23,4.76,4.76,4.76,4.76,0
2017-08-24,4.76,4.76,4.76,4.76,0
2017-08-25,4.76,4.76,4.76,4.76,0
2017-08-28,4.76,4.76,4.76,4.76,0
2017-08-29,4.76,4.76,4.76,4.76,0
2017-08-30,4.76,4.76,4.76,4.76,200
2017-08-31,4.76,4.76,4.76,4.76,0
2017-09-01,4.05,4.05,4.05,4.05,100
2017-09-05,4.05,4.05,4.05,4.05,0
2017-09-06,4.05,4.05,4.05,4.05,0
2017-09-07,4.05,4.05,4.05,4.05,0
2017-09-08,4.05,4.05,4.05,4.05,0
2017-09-11,4.05,4.05,4.05,4.05,0
2017-09-12,3.52,3.52,3.52,3.52,100
2017-09-13,3.52,3.52,3.52,3.52,0
2017-09-14,3.52,3.52,3.52,3.52,0
2017-09-15,4.05,4.05,4.05,4.05,100
2017-09-18,4.05,4.05,4.05,4.05,0
2017-09-19,4.05,4.05,4.05,4.05,0
2017-09-20,4.05,4.05,4.05,4.05,0
2017-09-21,4.57,4.57,4.57,4.57,100
2017-09-22,3.95,3.95,3.95,3.95,100
2017-09-25,3.95,3.95,3.95,3.95,0
2017-09-26,3.95,3.95,3.95,3.95,0
2017-09-27,3.95,3.95,3.95,3.95,0
2017-09-28,3.95,3.95,3.95,3.95,0
2017-09-29,3.95,3.95,3.95,3.95,0
2017-10-02,3.95,3.95,3.95,3.95,0
2017-10-03,3.95,3.95,3.95,3.95,0
2017-10-04,4.43,4.43,4.43,4.43,100
2017-10-05,4.43,4.43,4.43,4.43,0
2017-10-06,4.43,4.43,4.43,4.43,0
2017-10-09,4.43,4.43,4.43,4.43,0
2017-10-10,4.43,4.43,4.43,4.43,8
2017-10-11,4.43,4.43,4.43,4.43,0
2017-10-12,4.43,4.43,4.43,4.43,0
2017-10-13,4.43,4.43,4.43,4.43,0
2017-10-16,4.43,4.43,4.43,4.43,0
2017-10-17,4.43,4.43,4.43,4.43,0
2017-10-18,4.43,4.43,4.43,4.43,0
2017-10-19,4.43,4.43,4.43,4.43,0
2017-10-20,4.43,4.43,4.43,4.43,0
2017-10-23,4.43,4.43,4.43,4.43,0
2017-10-24,4.43,4.43,4.43,4.43,0
2017-10-25,4.43,4.43,4.43,4.43,0
2017-10-26,4.43,4.43,4.43,4.43,0
2017-10-27,4.29,4.29,4.29,4.29,200
2017-10-30,4.29,4.29,4.29,4.29,300
2017-10-31,4.29,4.29,4.29,4.29,0
2017-11-01,4.29,4.29,4.29,4.29,0
2017-11-02,4.29,4.29,4.29,4.29,0
2017-11-03,4.29,4.29,4.29,4.29,0
2017-11-06,4.29,4.29,4.29,4.29,0
2017-11-07,4.29,4.29,4.29,4.29,0
2017-11-08,4.29,4.29,4.29,4.29,0
2017-11-09,4.29,4.29,4.29,4.29,0
2017-11-10,4.29,4.29,4.29,4.29,0
2017-11-13,4.29,4.29,4.29,4.29,0
2017-11-14,4.29,4.29,4.29,4.29,0
2017-11-15,4.29,4.29,4.29,4.29,0
2017-11-16,4.29,4.29,4.29,4.29,200
2017-11-17,4.29,4.29,4.29,4.29,0
2017-11-20,4.29,4.29,4.29,4.29,0
2017-11-21,4.29,4.29,4.29,4.29,0
2017-11-22,4.29,4.29,4.29,4.29,0
2017-11-23,4.29,4.29,4.29,4.29,0
2017-11-24,4.29,4.29,4.29,4.29,0
2017-11-27,4.29,4.29,4.29,4.29,0
2017-11-28,4.29,4.29,4.29,4.29,0
2017-11-29,4.29,4.29,4.29,4.29,0
2017-11-30,4.29,4.29,4.29,4.29,0
2017-12-01,4.29,4.29,4.29,4.29,0
2017-12-04,4.29,4.29,4.29,4.29,0
2017-12-05,4.29,4.29,4.29,4.29,0
2017-12-06,4.29,4.29,4.29,4.29,0
2017-12-07,4.29,4.29,4.29,4.29,0
2017-12-08,4.29,4.29,4.29,4.29,0
2017-12-11,4.29,4.29,4.29,4.29,0
2017-12-12,4.91,4.91,4.91,4.91,500
2017-12-13,4.91,4.91,4.91,4.91,100
2017-12-14,4.91,4.91,4.91,4.91,0
2017-12-15,4.19,4.91,4.19,4.91,300
2017-12-18,5.05,5.05,3.81,5.0,8000
2017-12-19,3.86,3.86,3.86,3.86,0
2017-12-20,4.43,4.43,4.43,4.43,100
2017-12-21,4.43,5.0,4.43,5.0,1100
2017-12-22,5.09,5.09,5.09,5.09,100
2017-12-25,5.79,5.79,5.79,5.79,100
2017-12-26,5.79,5.79,5.79,5.79,0
2017-12-27,4.95,5.79,4.95,5.79,7100
2017-12-28,5.44,5.89,5.44,5.84,2100
2017-12-29,6.48,6.48,5.29,6.33,2300
2018-01-02,5.74,5.74,5.74,5.74,0
2018-01-03,5.74,5.74,5.74,5.74,0
2018-01-04,5.69,5.69,5.69,5.69,4300
2018-01-05,6.18,6.18,6.18,6.18,111
2018-01-08,6.18,6.18,6.18,6.18,100
2018-01-09,6.18,6.18,6.18,6.18,0
2018-01-10,6.18,6.18,6.18,6.18,0
2018-01-11,6.18,6.18,6.18,6.18,0
2018-01-12,6.18,6.18,6.18,6.18,0
2018-01-15,6.18,6.18,6.18,6.18,0
2018-01-16,6.18,6.18,6.18,6.18,1000
2018-01-17,6.18,6.18,6.18,6.18,0
2018-01-18,6.18,6.18,6.18,6.18,0
2018-01-19,6.18,6.18,6.18,6.18,0
2018-01-22,6.18,6.18,6.18,6.18,0
2018-01-23,5.29,5.29,5.29,5.29,200
2018-01-24,5.29,5.29,5.29,5.29,0
2018-01-25,5.29,5.29,5.29,5.29,0
2018-01-26,4.5,4.5,4.5,4.5,100
2018-01-29,4.7,4.7,4.7,4.7,100
2018-01-30,4.7,4.7,4.7,4.7,0
2018-01-31,4.7,4.7,4.45,4.45,3100
2018-02-01,4.6,4.6,4.6,4.6,0
2018-02-02,4.6,4.6,4.6,4.6,0
2018-02-05,4.6,4.6,4.6,4.6,0
2018-02-06,4.6,4.6,4.6,4.6,0
2018-02-07,4.6,4.6,4.6,4.6,0
2018-02-08,4.6,4.6,4.6,4.6,0
2018-02-09,4.45,4.45,4.45,4.45,200
2018-02-12,4.45,4.45,4.45,4.45,0
2018-02-13,4.45,4.45,4.45,4.45,0
2018-02-21,4.45,4.45,4.45,4.45,0
2018-02-22,4.45,4.45,4.45,4.45,0
2018-02-23,4.45,4.45,4.45,4.45,0
2018-02-26,4.45,4.45,4.45,4.45,0
2018-02-27,4.45,4.45,4.45,4.45,0
2018-02-28,4.45,4.45,4.45,4.45,2000
2018-03-01,4.45,4.45,4.45,4.45,0
2018-03-02,4.45,4.45,4.45,4.45,0
2018-03-05,4.45,4.45,4.45,4.45,0
2018-03-06,4.45,4.45,4.45,4.45,0
2018-03-07,4.3,4.3,4.3,4.3,800
2018-03-08,4.3,4.3,4.3,4.3,0
2018-03-09,3.71,3.71,3.71,3.71,200
2018-03-12,3.71,3.71,3.71,3.71,10
2018-03-13,3.46,3.46,3.46,3.46,4100
2018-03-14,3.96,3.96,3.96,3.96,100
2018-03-15,3.96,3.96,3.96,3.96,0
2018-03-16,3.96,3.96,3.96,3.96,100
2018-03-19,3.46,3.46,3.46,3.46,4100
2018-03-20,3.46,3.46,3.46,3.46,0
2018-03-21,3.46,3.46,3.46,3.46,0
2018-03-22,3.46,3.46,3.46,3.46,0
2018-03-23,3.46,3.46,3.46,3.46,0
2018-03-26,3.46,3.46,3.46,3.46,0
2018-03-27,3.46,3.46,3.46,3.46,0
2018-03-28,3.46,3.46,3.46,3.46,0
2018-03-29,3.46,3.46,3.46,3.46,0
2018-03-30,3.07,3.07,3.07,3.07,100
2018-04-02,3.07,3.07,3.07,3.07,30
2018-04-03,3.51,3.51,3.46,3.46,2230
2018-04-04,3.46,3.46,3.46,3.46,0
2018-04-05,3.07,3.07,3.07,3.07,100
2018-04-06,3.12,3.22,3.12,3.22,600
2018-04-09,3.12,3.12,3.12,3.12,0
2018-04-10,3.02,3.22,3.02,3.22,1250
2018-04-11,3.12,3.12,3.12,3.12,0
2018-04-12,3.12,3.12,3.12,3.12,0
2018-04-13,3.12,3.12,3.12,3.12,0
2018-04-16,3.12,3.12,3.12,3.12,0
2018-04-17,3.12,3.12,3.12,3.12,0
2018-04-18,3.12,3.12,3.12,3.12,0
2018-04-19,3.12,3.12,3.12,3.12,0
2018-04-20,3.56,3.56,3.56,3.56,200
2018-04-23,3.56,3.56,3.56,3.56,0
2018-04-24,3.96,3.96,3.96,3.96,500
2018-04-26,4.2,4.45,4.2,4.45,300
2018-04-27,4.45,4.45,4.45,4.45,1100
2018-05-02,4.45,4.45,4.45,4.45,0
2018-05-03,4.45,4.45,4.45,4.45,0
2018-05-04,4.45,4.45,4.45,4.45,0
2018-05-07,4.45,4.45,4.45,4.45,0
2018-05-08,4.2,4.2,4.2,4.2,1000
2018-05-09,3.71,3.71,3.71,3.71,6800
2018-05-10,3.71,3.71,3.71,3.71,0
2018-05-11,3.71,3.71,3.71,3.71,2
2018-05-14,3.71,3.71,3.71,3.71,0
2018-05-15,3.71,3.71,3.71,3.71,0
2018-05-16,3.71,3.71,3.71,3.71,0
2018-05-17,3.71,3.71,3.71,3.71,0
2018-05-18,3.71,3.71,3.71,3.71,5
2018-05-21,3.71,3.71,3.71,3.71,3571
2018-05-22,3.71,3.71,3.71,3.71,0
2018-05-23,3.71,3.71,3.71,3.71,0
2018-05-24,3.71,3.71,3.71,3.71,0
2018-05-25,3.71,3.71,3.71,3.71,0
2018-05-28,3.71,3.71,3.71,3.71,0
2018-05-29,4.25,4.25,4.25,4.25,100
2018-05-30,4.25,4.25,4.25,4.25,0
2018-05-31,4.25,4.25,4.25,4.25,0
2018-06-01,4.25,4.25,4.25,4.25,0
2018-06-04,4.25,4.25,4.25,4.25,0
2018-06-05,4.82,4.82,4.82,4.82,100
2018-06-06,4.15,4.15,4.15,4.15,1300
2018-06-07,4.15,4.15,4.15,4.15,10
2018-06-08,4.15,4.15,4.15,4.15,0
2018-06-11,4.15,4.15,4.15,4.15,0
2018-06-12,4.15,4.15,4.15,4.15,0
2018-06-13,4.15,4.15,4.15,4.15,0
2018-06-14,4.15,4.15,4.15,4.15,0
2018-06-15,4.15,4.15,4.15,4.15,0
2018-06-18,4.15,4.15,4.15,4.15,0
2018-06-19,4.15,4.15,4.15,4.15,0
2018-06-20,4.15,4.15,4.15,4.15,0
2018-06-21,4.15,4.15,4.15,4.15,0
2018-06-22,4.15,4.15,4.15,4.15,0
2018-06-25,4.15,4.15,4.15,4.15,0
2018-06-26,4.15,4.15,4.15,4.15,0
2018-06-27,4.15,4.15,4.15,4.15,6
2018-06-28,4.77,4.77,4.77,4.77,100
2018-06-29,4.77,4.77,4.77,4.77,0
2018-07-02,4.77,4.77,4.77,4.77,100
2018-07-03,4.77,4.77,4.77,4.77,0
2018-07-04,4.77,4.77,4.77,4.77,0
2018-07-05,4.77,4.77,4.77,4.77,0
2018-07-06,4.77,4.77,4.77,4.77,0
2018-07-09,4.77,4.77,4.77,4.77,0
2018-07-10,4.77,4.77,4.77,4.77,0
2018-07-11,4.77,4.77,4.77,4.77,0
2018-07-12,4.77,4.77,4.77,4.77,0
2018-07-13,4.41,4.41,4.2,4.2,450
2018-07-16,4.36,4.36,4.36,4.36,0
2018-07-17,4.15,4.15,3.94,3.94,1800
2018-07-18,4.1,4.1,4.1,4.1,0
2018-07-19,4.1,4.1,4.1,4.1,0
2018-07-20,4.15,4.15,4.1,4.1,1300
2018-07-23,4.15,4.1,4.1,4.1,0
2018-07-24,4.1,4.1,4.1,4.1,0
2018-07-25,4.1,4.1,4.1,4.1,0
2018-07-26,4.1,4.1,4.1,4.1,0
2018-07-27,4.1,4.1,4.1,4.1,0
2018-07-30,4.1,4.1,4.1,4.1,0
2018-07-31,4.1,4.1,4.1,4.1,0
2018-08-01,4.1,4.1,4.1,4.1,17
2018-08-02,4.41,4.41,4.41,4.41,100
2018-08-03,4.41,4.41,4.41,4.41,0
2018-08-06,4.41,4.41,4.41,4.41,0
2018-08-07,4.41,4.41,4.41,4.41,0
2018-08-08,4.41,4.41,4.41,4.41,5
2018-08-09,4.41,4.41,4.41,4.41,0
2018-08-10,4.41,4.41,4.41,4.41,0
2018-08-13,3.79,3.79,3.79,3.79,317
2018-08-14,3.79,3.79,3.79,3.79,0
2018-08-15,3.79,3.79,3.79,3.79,0
2018-08-16,3.79,3.79,3.79,3.79,16
2018-08-17,3.79,3.79,3.79,3.79,0
2018-08-20,3.79,3.79,3.79,3.79,0
2018-08-21,3.79,3.79,3.79,3.79,0
2018-08-22,3.27,3.27,3.27,3.27,100
2018-08-23,3.27,3.27,3.27,3.27,0
2018-08-24,3.27,3.27,3.27,3.27,0
2018-08-27,3.27,3.27,3.27,3.27,0
2018-08-28,3.27,3.27,3.27,3.27,100
2018-08-29,3.27,3.27,3.27,3.27,0
2018-08-30,3.27,3.27,3.27,3.27,0
2018-08-31,3.27,3.27,3.27,3.27,0
2018-09-04,3.27,3.27,3.27,3.27,0
2018-09-05,3.11,3.11,3.11,3.11,100
2018-09-06,3.11,3.11,3.11,3.11,0
2018-09-07,3.11,3.11,3.11,3.11,0
2018-09-10,3.11,3.11,3.11,3.11,0
2018-09-11,3.11,3.11,3.11,3.11,0
2018-09-12,3.11,3.11,3.11,3.11,0
2018-09-13,3.58,3.58,3.58,3.58,100
2018-09-14,3.11,3.11,3.11,3.11,100
2018-09-17,3.11,3.11,3.11,3.11,0
2018-09-18,3.11,3.11,3.11,3.11,0
2018-09-19,3.11,3.11,3.11,3.11,0
2018-09-20,3.11,3.11,3.11,3.11,0
2018-09-21,3.11,3.11,3.11,3.11,10
2018-09-24,3.58,3.58,3.58,3.58,200
2018-09-25,3.06,3.22,3.06,3.22,300
2018-09-26,3.16,3.16,3.16,3.16,0
2018-09-27,3.16,3.16,3.16,3.16,0
2018-09-28,3.16,3.16,3.16,3.16,0
2018-10-01,3.22,3.22,3.22,3.22,100
2018-10-02,3.68,3.68,3.68,3.68,100
2018-10-03,3.22,3.22,3.22,3.22,100
2018-10-04,2.85,2.85,2.85,2.85,100
2018-10-05,3.27,3.27,2.85,3.27,600
2018-10-08,3.42,3.42,3.42,3.42,100
2018-10-09,3.89,3.89,3.89,3.89,300
2018-10-10,4.46,4.46,4.46,4.46,2500
2018-10-11,4.46,4.46,4.46,4.46,0
2018-10-12,4.46,4.46,4.46,4.46,0
2018-10-15,3.84,5.03,3.84,5.03,200
2018-10-16,4.46,4.46,4.46,4.46,0
2018-10-17,4.46,4.46,4.46,4.46,0
2018-10-18,3.84,3.84,3.84,3.84,100
2018-10-19,4.41,4.41,4.41,4.41,100
2018-10-22,4.41,4.41,4.41,4.41,0
2018-10-23,3.79,3.79,3.79,3.79,100
2018-10-24,3.79,3.79,3.79,3.79,0
2018-10-25,3.79,3.79,3.79,3.79,0
2018-10-26,3.79,3.79,3.79,3.79,0
2018-10-29,4.31,4.31,4.31,4.31,200
2018-10-30,3.89,3.89,3.89,3.89,100
2018-10-31,3.89,3.89,3.89,3.89,0
2018-11-01,4.46,4.46,4.46,4.46,100
2018-11-02,3.89,5.08,3.89,5.08,200
2018-11-05,3.84,3.84,3.84,3.84,100
2018-11-06,4.41,4.41,4.41,4.41,200
2018-11-07,4.41,4.41,4.41,4.41,0
2018-11-08,4.41,4.41,4.41,4.41,0
2018-11-09,3.79,4.15,3.79,4.15,200
2018-11-12,4.15,4.15,4.15,4.15,1000
2018-11-13,4.15,4.15,4.15,4.15,0
2018-11-14,4.75,4.75,4.75,4.75,300
2018-11-15,4.75,4.75,4.75,4.75,0
2018-11-16,4.75,4.75,4.75,4.75,1
2018-11-19,4.75,4.75,4.75,4.75,0
2018-11-20,4.75,4.75,4.75,4.75,0
2018-11-21,4.04,5.46,4.04,5.46,200
2018-11-22,4.75,5.46,5.46,5.46,0
2018-11-23,4.75,5.46,5.46,5.46,0
2018-11-26,4.04,5.46,4.04,5.46,200
2018-11-27,4.15,4.15,4.15,4.15,100
2018-11-28,4.15,4.15,4.15,4.15,0
2018-11-29,4.15,4.15,4.15,4.15,0
2018-11-30,4.7,4.7,4.7,4.7,100
2018-12-03,4.7,4.7,4.7,4.7,0
2018-12-04,4.15,4.15,4.15,4.15,100
2018-12-05,4.75,4.75,4.75,4.75,113
2018-12-06,4.75,4.75,4.75,4.75,0
2018-12-07,4.15,4.15,4.15,4.15,100
2018-12-10,4.15,4.15,4.15,4.15,0
2018-12-11,4.15,4.15,4.15,4.15,0
2018-12-12,4.75,4.75,4.75,4.75,100
2018-12-13,4.26,5.46,4.26,5.46,400
2018-12-14,5.46,5.46,5.46,5.46,100
2018-12-17,4.64,5.46,4.64,5.46,600
2018-12-18,4.59,5.46,4.59,5.46,200
2018-12-19,4.37,5.46,4.37,4.37,300
2018-12-20,5.35,5.41,5.35,5.41,200
2018-12-21,5.41,5.41,5.41,5.41,0
2018-12-24,4.64,4.91,4.64,4.91,700
2018-12-25,4.91,4.91,4.91,4.91,100
2018-12-26,4.91,4.91,4.91,4.91,100
2018-12-27,4.91,5.35,4.91,5.35,600
2018-12-28,5.13,5.35,5.13,5.35,200
2019-01-02,5.24,5.35,5.35,5.35,0
2019-01-03,5.24,5.35,5.35,5.35,0
2019-01-04,5.24,5.35,5.35,5.35,0
2019-01-07,4.91,4.91,4.91,4.91,400
2019-01-08,4.91,4.91,4.91,4.91,67
2019-01-09,4.91,4.91,4.91,4.91,0
2019-01-10,4.91,4.91,4.91,4.91,0
2019-01-11,4.48,5.46,4.48,5.46,300
2019-01-14,5.13,5.46,5.46,5.46,0
2019-01-15,5.13,5.46,5.46,5.46,0
2019-01-16,5.41,5.9,5.41,5.9,2050
2019-01-17,5.02,5.02,5.02,5.02,100
2019-01-18,5.02,5.02,5.02,5.02,0
2019-01-21,5.02,5.02,5.02,5.02,0
2019-01-22,5.02,5.02,5.02,5.02,0
2019-01-23,5.02,5.02,5.02,5.02,0
2019-01-24,5.02,5.02,5.02,5.02,0
2019-01-25,5.02,5.02,5.02,5.02,0
2019-01-28,5.02,5.02,5.02,5.02,0
2019-01-29,5.02,5.02,5.02,5.02,0
2019-01-30,5.02,5.02,5.02,5.02,0
2019-01-31,5.02,5.02,5.02,5.02,0
2019-02-01,5.02,5.02,5.02,5.02,0
2019-02-11,5.02,5.02,5.02,5.02,0
2019-02-12,5.02,5.02,5.02,5.02,0
2019-02-13,5.73,5.73,4.48,4.48,800
2019-02-14,5.57,4.48,4.48,4.48,0
2019-02-15,5.57,4.48,4.48,4.48,0
2019-02-18,4.75,4.75,4.75,4.75,100
2019-02-19,5.46,5.46,5.46,5.46,168
2019-02-20,5.46,5.46,5.46,5.46,0
2019-02-21,6.28,6.28,6.28,6.28,100
2019-02-22,5.35,5.35,5.35,5.35,100
2019-02-25,5.35,5.35,5.35,5.35,0
2019-02-26,5.35,5.35,5.35,5.35,0
2019-02-27,5.35,5.35,5.35,5.35,0
2019-02-28,5.35,5.35,5.35,5.35,0
2019-03-01,4.91,4.91,4.91,4.91,3100
2019-03-04,5.35,5.35,5.35,5.35,100
2019-03-05,5.41,5.41,5.41,5.41,101
2019-03-06,5.41,5.41,5.41,5.41,0
2019-03-07,4.97,4.97,4.91,4.91,4900
2019-03-08,4.7,4.7,4.7,4.7,600
2019-03-11,4.7,4.7,4.7,4.7,0
2019-03-12,5.35,5.35,5.35,5.35,101
2019-03-13,4.59,4.91,4.59,4.91,1210
2019-03-14,5.46,5.46,4.91,4.91,200
2019-03-15,4.48,4.48,4.42,4.42,509
2019-03-18,5.08,5.08,4.91,4.91,510
2019-03-19,5.02,4.91,4.91,4.91,0
2019-03-20,5.02,4.91,4.91,4.91,0
2019-03-21,5.02,4.91,4.91,4.91,0
2019-03-22,4.64,4.64,4.64,4.64,300
2019-03-25,4.97,4.97,4.97,4.97,100
2019-03-26,4.37,4.97,4.37,4.97,200
2019-03-27,4.48,4.48,4.48,4.48,100
2019-03-28,5.13,5.13,3.99,5.02,921
2019-03-29,4.86,4.86,4.48,4.48,300
2019-04-01,5.24,5.24,4.48,4.48,300
2019-04-02,5.46,5.46,4.59,4.91,500
2019-04-03,4.91,4.91,4.91,4.91,0
2019-04-04,4.42,4.75,4.37,4.75,600
2019-04-05,4.48,4.64,4.48,4.64,2400
2019-04-08,4.53,4.53,4.53,4.64,10
2019-04-09,4.48,4.48,4.48,4.48,100
2019-04-10,5.13,5.13,5.13,5.13,100
2019-04-11,4.59,4.59,4.59,4.59,236
2019-04-12,4.42,4.81,4.37,4.81,400
2019-04-16,4.42,4.42,4.42,4.42,100
2019-04-17,4.42,4.42,4.42,4.42,0
2019-04-18,4.42,4.42,4.42,4.42,300
2019-04-19,4.42,4.42,4.42,4.42,0
2019-04-22,4.31,4.31,4.31,4.31,200
2019-04-23,4.37,4.37,4.37,4.37,100
2019-04-24,4.37,4.37,4.37,4.37,0
2019-04-25,4.76,4.76,4.76,4.76,168
2019-04-26,4.76,4.76,4.76,4.76,0
2019-05-02,5.05,5.05,5.05,5.05,100
2019-05-03,5.05,5.05,5.05,5.05,0
2019-05-06,4.41,4.41,4.41,4.41,1000
2019-05-07,4.01,4.01,4.01,4.01,240
2019-05-08,4.59,4.59,4.59,4.59,1300
2019-05-09,4.59,4.59,4.59,4.59,0
2019-05-10,4.93,4.93,4.93,4.93,100
2019-05-13,5.45,5.62,5.45,5.56,1002
2019-05-14,6.36,6.36,4.76,4.76,700
2019-05-15,6.88,6.88,5.22,5.22,1420
2019-05-16,6.76,5.22,5.22,5.22,0
2019-05-17,6.76,5.22,5.22,5.22,0
2019-05-20,5.79,5.79,5.79,5.79,100
2019-05-21,4.93,5.16,4.93,5.16,300
2019-05-22,4.99,5.16,5.16,5.16,0
2019-05-23,4.64,4.64,4.64,4.64,100
2019-05-24,4.99,4.99,4.99,4.99,100
2019-05-27,4.93,4.99,4.93,4.99,2200
2019-05-28,4.47,4.53,4.24,4.3,2200
2019-05-29,4.87,4.87,4.01,4.01,208
2019-05-30,4.24,4.87,4.24,4.87,200
2019-05-31,4.76,4.76,4.76,4.76,100
2019-06-03,4.7,4.76,4.7,4.76,200
2019-06-04,4.36,4.59,4.36,4.59,400
2019-06-05,4.59,4.59,4.59,4.59,400
2019-06-06,4.59,4.59,4.59,4.59,5800
2019-06-07,4.59,4.59,4.59,4.59,0
2019-06-10,4.19,4.19,4.13,4.13,314
2019-06-11,4.13,4.13,4.13,4.13,0
2019-06-12,4.13,4.13,4.13,4.13,0
2019-06-13,4.13,4.13,4.13,4.13,0
2019-06-14,4.13,4.13,4.13,4.13,0
2019-06-17,4.13,4.13,4.13,4.13,34
2019-06-18,4.13,4.13,4.13,4.13,0
2019-06-19,4.7,4.7,4.7,4.7,118
2019-06-20,4.7,4.7,4.7,4.7,0
2019-06-21,4.7,4.7,4.7,4.7,0
2019-06-24,4.7,4.7,4.7,4.7,0
2019-06-25,4.7,4.7,4.7,4.7,0
2019-06-26,4.19,4.19,4.19,4.19,100
2019-06-27,4.19,4.19,4.19,4.19,0
2019-06-28,4.19,4.19,4.19,4.19,0
2019-07-01,4.19,4.19,4.19,4.19,200
2019-07-02,4.19,4.19,4.07,4.07,500
2019-07-03,4.07,4.07,4.07,4.07,0
2019-07-04,4.07,4.07,4.07,4.07,8
2019-07-05,4.07,4.07,4.07,4.07,0
2019-07-08,4.07,4.07,4.07,4.07,100
2019-07-09,4.07,4.07,4.07,4.07,8
2019-07-10,4.36,4.36,4.3,4.3,200
2019-07-11,4.36,4.3,4.3,4.3,0
2019-07-12,4.36,4.3,4.3,4.3,0
2019-07-15,4.36,4.3,4.3,4.3,0
2019-07-16,4.19,4.19,4.19,4.19,100
2019-07-17,4.19,4.19,4.19,4.19,0
2019-07-18,4.19,4.19,4.19,4.19,0
2019-07-19,4.19,4.19,4.19,4.19,6
2019-07-22,4.76,4.76,4.76,4.76,100
2019-07-23,4.76,4.76,4.76,4.76,0
2019-07-24,4.76,4.76,4.76,4.76,0
2019-07-25,4.19,4.19,4.19,4.19,100
2019-07-26,4.19,4.19,4.19,4.19,0
2019-07-29,4.76,4.76,4.19,4.76,12400
2019-07-30,4.76,4.76,4.7,4.7,620
2019-07-31,4.87,5.39,4.87,5.39,3000
2019-08-01,5.39,5.39,5.39,5.39,400
2019-08-02,6.19,6.19,6.19,6.19,800
2019-08-05,5.85,6.13,5.85,6.13,9500
2019-08-06,6.13,6.13,6.13,6.13,0
2019-08-07,6.13,6.13,6.13,6.13,0
2019-08-08,6.13,6.13,6.13,6.13,0
2019-08-09,6.13,6.13,6.13,6.13,0
2019-08-12,6.13,6.13,6.13,6.13,0
2019-08-13,6.13,6.13,6.13,6.13,0
2019-08-14,6.13,6.13,6.13,6.13,0
2019-08-15,6.13,6.13,6.13,6.13,0
2019-08-16,6.13,6.13,6.13,6.13,0
2019-08-19,6.13,6.13,6.13,6.13,0
2019-08-20,5.22,5.22,5.22,5.22,121
2019-08-21,5.22,5.22,5.22,5.22,0
2019-08-22,5.22,5.22,5.22,5.22,0
2019-08-23,5.22,5.22,5.22,5.22,5
2019-08-26,5.22,5.22,5.22,5.22,1
2019-08-27,4.47,4.47,4.47,4.47,1000
2019-08-28,4.47,4.47,4.47,4.47,0
2019-08-29,4.47,4.47,4.47,4.47,0
2019-08-30,4.47,4.47,4.47,4.47,0
2019-09-03,4.47,4.47,4.47,4.47,0
2019-09-04,4.47,4.47,4.47,4.47,0
2019-09-05,4.47,4.47,4.47,4.47,0
2019-09-06,4.47,4.47,4.47,4.47,0
2019-09-09,4.47,4.47,4.47,4.47,0
2019-09-10,4.47,4.47,4.47,4.47,0
2019-09-11,4.47,4.47,4.47,4.47,0
2019-09-12,4.47,4.47,4.47,4.47,0
2019-09-13,4.47,4.47,4.47,4.47,0
2019-09-16,4.47,4.47,4.47,4.47,0
2019-09-17,4.47,4.47,4.47,4.47,50
2019-09-18,4.47,4.47,4.47,4.47,0
2019-09-19,4.47,4.47,4.47,4.47,4
2019-09-20,4.47,4.47,4.47,4.47,0
2019-09-23,4.47,4.47,4.47,4.47,0
2019-09-24,4.47,4.47,4.47,4.47,0
2019-09-25,4.47,4.47,4.47,4.47,0
2019-09-26,4.47,4.47,4.47,4.47,0
2019-09-27,4.47,4.47,4.47,4.47,0
2019-09-30,4.47,4.47,4.47,4.47,0
2019-10-01,4.47,4.47,4.47,4.47,0
2019-10-02,4.47,4.47,4.47,4.47,0
2019-10-03,4.47,4.47,4.47,4.47,0
2019-10-04,4.47,4.47,4.47,4.47,0
2019-10-07,4.01,4.01,4.01,4.01,600
2019-10-08,4.01,4.01,4.01,4.01,0
2019-10-09,4.01,4.01,4.01,4.01,0
2019-10-10,4.01,4.01,4.01,4.01,0
2019-10-11,4.01,4.01,4.01,4.01,0
2019-10-14,4.01,4.01,4.01,4.01,0
2019-10-15,4.01,4.01,4.01,4.01,0
2019-10-16,4.59,4.59,4.59,4.59,100
2019-10-17,5.16,5.16,5.16,5.16,100
2019-10-18,5.16,5.16,5.16,5.16,0
2019-10-21,5.5,5.5,5.5,5.5,100
2019-10-22,5.5,5.5,5.5,5.5,0
2019-10-23,5.5,5.5,5.5,5.5,0
2019-10-24,5.5,5.5,5.5,5.5,0
2019-10-25,5.5,5.5,5.5,5.5,0
2019-10-28,6.31,6.31,6.31,6.31,300
2019-10-29,6.31,6.31,6.31,6.31,0
2019-10-30,6.31,6.31,6.31,6.31,0
2019-10-31,6.31,6.31,6.31,6.31,0
2019-11-01,6.31,6.31,6.31,6.31,0
2019-11-04,5.39,5.39,5.39,5.39,100
2019-11-05,5.39,5.39,5.39,5.39,0
2019-11-06,5.39,5.39,5.39,5.39,0
2019-11-07,5.39,5.39,5.39,5.39,100
2019-11-08,5.39,5.39,4.59,4.59,1100
2019-11-11,5.39,6.08,4.59,4.59,21700
2019-11-12,6.59,6.59,6.59,6.59,1000
2019-11-13,6.59,6.59,6.59,6.59,0
2019-11-14,6.59,6.59,6.59,6.59,0
2019-11-15,6.59,6.59,6.59,6.59,0
2019-11-18,6.59,6.59,6.59,6.59,0
2019-11-19,6.59,6.59,6.59,6.59,0
2019-11-20,6.88,7.45,5.62,5.62,900
2019-11-21,6.59,5.62,5.62,5.62,0
2019-11-22,6.59,6.59,6.59,6.59,0
2019-11-25,6.59,5.62,5.62,5.62,0
2019-11-26,5.62,7.45,5.62,5.62,1900
2019-11-27,7.17,7.17,7.17,7.17,100
2019-11-28,7.45,7.45,6.13,7.45,500
2019-11-29,7.17,7.45,7.45,7.45,0
2019-12-02,7.17,7.17,7.17,7.17,60
2019-12-03,7.17,7.7,7.7,7.7,0
2019-12-04,7.17,7.7,7.7,7.7,0
2019-12-05,7.17,7.7,7.7,7.7,0
2019-12-06,7.17,7.7,7.7,7.7,0
2019-12-09,8.23,8.23,6.1,6.1,2500
2019-12-10,8.47,8.59,8.47,8.59,1000
2019-12-11,7.82,9.59,7.28,9.18,6800
2019-12-12,8.53,9.18,9.18,9.18,0
2019-12-13,8.53,9.18,9.18,9.18,0
2019-12-16,8.53,9.18,9.18,9.18,0
2019-12-17,8.53,9.18,9.18,9.18,0
2019-12-18,8.53,9.18,9.18,9.18,0
2019-12-19,8.53,9.18,9.18,9.18,0
2019-12-20,8.53,9.18,9.18,9.18,0
2019-12-23,8.53,9.18,9.18,9.18,0
2019-12-24,8.53,9.18,9.18,9.18,0
2019-12-25,8.53,9.18,9.18,9.18,0
2019-12-26,8.53,9.18,9.18,9.18,0
2019-12-27,8.53,9.18,9.18,9.18,0
2019-12-30,8.53,9.18,9.18,9.18,0
2019-12-31,8.53,9.18,9.18,9.18,0
2020-01-02,8.53,9.18,9.18,9.18,0
2020-01-03,8.53,9.18,9.18,9.18,0
2020-01-06,8.53,9.18,9.18,9.18,0
2020-01-07,8.53,9.18,9.18,9.18,0
2020-01-08,8.53,9.18,9.18,9.18,0
2020-01-09,8.53,9.18,9.18,9.18,0
2020-01-10,8.53,9.18,9.18,9.18,0
2020-01-13,8.53,9.18,9.18,9.18,0
2020-01-14,8.53,9.18,9.18,9.18,0
2020-01-15,8.53,9.18,9.18,9.18,0
2020-01-16,8.53,9.18,9.18,9.18,0
2020-01-17,8.53,8.53,8.53,9.18,5
2020-01-20,8.53,9.18,9.18,9.18,0
2020-01-21,8.53,9.18,9.18,9.18,0
2020-01-22,8.53,9.18,9.18,9.18,0
2020-01-30,8.53,9.18,9.18,9.18,0
2020-01-31,8.53,9.18,9.18,9.18,0
2020-02-03,8.53,9.18,9.18,9.18,0
2020-02-04,8.53,9.18,9.18,9.18,0
2020-02-05,8.53,9.18,9.18,9.18,0
2020-02-06,8.53,9.18,9.18,9.18,0
2020-02-07,7.11,7.11,6.51,6.51,800
2020-02-10,5.92,5.92,5.92,5.92,600
2020-02-11,5.92,5.92,5.92,5.92,2
2020-02-12,5.92,5.92,5.92,5.92,0
2020-02-13,5.92,5.92,5.92,5.92,0
2020-02-14,5.92,5.92,5.92,5.92,0
2020-02-17,5.92,5.92,5.92,5.92,0
2020-02-18,5.92,5.92,5.92,5.92,0
2020-02-19,5.92,5.92,5.92,5.92,0
2020-02-20,6.22,6.22,6.22,6.22,200
2020-02-21,6.22,6.22,6.22,6.22,0
2020-02-24,6.22,6.22,6.22,6.22,53
2020-02-25,6.22,6.22,6.22,6.22,0
2020-02-26,6.22,6.22,6.22,6.22,0
2020-02-27,6.22,6.22,6.22,6.22,0
2020-02-28,5.33,5.33,5.33,5.33,600
2020-03-02,5.33,5.33,5.33,5.33,0
2020-03-03,6.1,6.1,6.1,6.1,110
2020-03-04,6.1,6.1,6.1,6.1,0
2020-03-05,6.1,6.1,6.1,6.1,0
2020-03-06,6.1,6.1,6.1,6.1,0
2020-03-09,6.1,6.1,6.1,6.1,8
2020-03-10,6.1,6.1,6.1,6.1,0
2020-03-11,6.1,6.1,6.1,6.1,0
2020-03-12,6.1,6.1,6.1,6.1,0
2020-03-13,6.1,6.1,6.1,6.1,0
2020-03-16,6.1,6.1,6.1,6.1,0
2020-03-17,6.1,6.1,6.1,6.1,0
2020-03-18,6.1,6.1,6.1,6.1,0
2020-03-19,6.1,6.1,6.1,6.1,1
2020-03-20,6.4,6.4,5.33,5.33,5200
2020-03-23,6.28,5.33,5.33,5.33,0
2020-03-24,6.28,6.28,6.28,5.33,3
2020-03-25,6.28,5.33,5.33,5.33,0
2020-03-26,6.28,5.33,5.33,5.33,0
2020-03-27,6.28,5.33,5.33,5.33,0
2020-03-30,6.28,5.33,5.33,5.33,0
2020-03-31,6.28,5.33,5.33,5.33,0
2020-04-01,6.28,5.33,5.33,5.33,0
2020-04-03,6.28,5.33,5.33,5.33,0
2020-04-06,6.28,5.33,5.33,5.33,0
2020-04-07,6.28,5.33,5.33,5.33,0
2020-04-08,6.28,5.33,5.33,5.33,0
2020-04-09,6.28,5.33,5.33,5.33,0
2020-04-10,5.39,5.39,5.39,5.39,130
2020-04-13,6.16,6.16,5.39,5.39,200
2020-04-14,5.8,5.8,5.8,5.39,22
2020-04-15,5.8,5.39,5.39,5.39,0
2020-04-16,6.57,6.57,5.33,5.33,1100
2020-04-17,6.16,6.16,6.16,6.16,160
2020-04-20,6.16,6.16,6.16,6.16,0
2020-04-21,5.27,5.33,5.27,5.33,200
2020-04-22,5.98,5.98,5.98,5.98,100
2020-04-23,5.21,5.33,5.21,5.33,800
2020-04-24,5.98,5.98,5.21,5.21,1000
2020-04-27,5.63,5.21,5.21,5.21,0
2020-04-28,5.63,5.63,5.63,5.21,2
2020-04-29,5.63,5.21,5.21,5.21,0
2020-05-04,6.4,6.46,6.4,6.46,400
2020-05-05,6.46,6.46,6.46,6.46,0
2020-05-06,6.46,6.46,6.46,6.46,0
2020-05-07,6.46,6.46,6.46,6.46,0
2020-05-08,6.46,6.46,6.46,6.46,0
2020-05-11,6.46,6.46,6.46,6.46,10
2020-05-12,6.46,6.46,6.46,6.46,0
2020-05-13,6.46,6.46,6.46,6.46,0
2020-05-14,5.51,5.51,5.51,5.51,400
2020-05-15,5.51,5.51,5.51,5.51,0
2020-05-18,5.09,5.09,5.03,5.03,2000
2020-05-19,5.03,5.74,5.03,5.74,200
2020-05-20,5.39,5.74,5.74,5.74,0
2020-05-21,5.39,5.74,5.74,5.74,0
2020-05-22,5.39,5.74,5.74,5.74,0
2020-05-25,6.16,6.16,5.03,5.03,300
2020-05-26,5.39,5.03,5.03,5.03,0
2020-05-27,5.39,5.03,5.03,5.03,0
2020-05-28,5.39,5.03,5.03,5.03,0
2020-05-29,5.39,5.03,5.03,5.03,0
2020-06-01,5.39,5.39,5.39,5.39,160
2020-06-02,5.39,5.39,5.39,5.39,10
2020-06-03,5.21,5.21,5.21,5.21,300
2020-06-04,5.98,5.98,5.98,5.98,100
2020-06-05,5.98,5.98,5.98,5.98,0
2020-06-08,5.98,5.98,5.98,5.98,0
2020-06-09,5.98,5.98,5.98,5.98,0
2020-06-10,5.98,5.98,5.98,5.98,0
2020-06-11,5.98,5.98,5.98,5.98,37
2020-06-12,5.98,5.98,5.98,5.98,0
2020-06-15,5.98,5.98,5.98,5.98,0
2020-06-16,5.98,5.98,5.98,5.98,0
2020-06-17,5.98,5.98,5.98,5.98,0
2020-06-18,5.98,5.98,5.98,5.98,0
2020-06-19,5.98,5.98,5.98,5.98,10
2020-06-22,5.98,5.98,5.98,5.98,50
2020-06-23,5.98,5.98,5.98,5.98,0
2020-06-24,5.98,5.98,5.98,5.98,0
2020-06-25,5.98,5.98,5.98,5.98,7
2020-06-26,5.8,5.8,5.8,5.8,100
2020-06-29,5.8,5.8,5.8,5.8,0
2020-06-30,5.8,5.8,5.8,5.8,0
2020-07-01,5.39,5.39,5.39,5.39,100
2020-07-02,5.39,5.39,5.39,5.39,0
2020-07-03,5.39,5.39,5.39,5.39,0
2020-07-06,5.39,5.39,5.39,5.39,1
2020-07-07,5.39,5.39,5.39,5.39,0
2020-07-08,5.39,5.39,5.39,5.39,0
2020-07-09,5.39,5.39,5.39,5.39,0
2020-07-10,5.39,5.39,5.39,5.39,0
2020-07-13,5.38,5.76,5.76,5.76,0
2020-07-14,5.38,5.76,5.76,5.76,0
2020-07-15,5.38,5.76,5.76,5.76,0
2020-07-16,5.38,5.76,5.76,5.76,0
2020-07-17,5.38,5.76,5.76,5.76,0
2020-07-20,5.38,5.76,5.76,5.76,0
2020-07-21,5.38,5.76,5.76,5.76,0
2020-07-22,5.38,5.76,5.76,5.76,0
2020-07-23,5.38,5.76,5.76,5.76,0
2020-07-24,5.38,5.76,5.76,5.76,0
2020-07-27,6.14,6.14,6.14,6.14,100
2020-07-28,6.14,6.14,6.14,6.14,0
2020-07-29,6.14,6.14,6.14,6.14,0
2020-07-30,6.14,6.14,6.14,6.14,0
2020-07-31,6.14,6.14,6.14,6.14,0
2020-08-03,6.14,6.14,6.14,6.14,40
2020-08-04,6.14,6.14,6.14,6.14,100
2020-08-05,6.14,6.14,6.14,6.14,0
2020-08-06,6.14,6.14,6.14,6.14,0
2020-08-07,6.14,6.14,6.14,6.14,100
2020-08-10,6.2,6.2,6.2,6.2,100
2020-08-11,6.2,6.2,6.2,6.2,0
2020-08-12,6.2,6.2,6.2,6.2,0
2020-08-13,6.2,6.46,6.46,6.46,0
2020-08-14,6.2,6.46,6.46,6.46,0
2020-08-17,7.12,7.12,7.12,7.12,320
2020-08-18,7.12,7.12,7.12,7.12,0
2020-08-19,7.12,7.12,7.12,7.12,0
2020-08-20,7.12,7.12,7.12,7.12,0
2020-08-21,7.12,7.12,7.12,7.12,0
2020-08-24,7.12,7.12,7.12,7.12,20
2020-08-25,7.12,7.12,7.12,7.12,0
2020-08-26,7.12,7.12,7.12,7.12,0
2020-08-27,7.12,7.12,7.12,7.12,0
2020-08-28,7.12,7.12,7.12,7.12,17
2020-08-31,7.12,7.12,7.12,7.12,0
2020-09-01,7.12,7.12,7.12,7.12,0
2020-09-03,7.12,7.12,7.12,7.12,0
2020-09-04,7.12,7.12,7.12,7.12,1
2020-09-07,7.12,7.12,7.12,7.12,0
2020-09-08,7.12,7.12,7.12,7.12,0
2020-09-09,7.12,7.12,7.12,7.12,0
2020-09-10,7.12,7.12,7.12,7.12,0
2020-09-11,7.12,7.12,7.12,7.12,0
2020-09-14,7.12,7.12,7.12,7.12,0
2020-09-15,7.12,7.12,7.12,7.12,0
2020-09-16,7.12,7.12,7.12,7.12,0
2020-09-17,7.12,7.12,7.12,7.12,0
2020-09-18,6.07,6.07,6.07,6.07,1500
2020-09-21,6.59,6.59,6.59,6.59,100
2020-09-22,6.59,6.59,6.59,6.59,46
2020-09-23,6.59,6.59,6.59,6.59,19
2020-09-24,6.59,6.59,6.59,6.59,0
2020-09-25,6.59,6.59,6.59,6.59,0
2020-09-28,6.59,6.59,6.59,6.59,0
2020-09-29,6.59,6.59,6.59,6.59,0
2020-09-30,6.59,6.59,6.59,6.59,0
2020-10-01,6.59,6.59,6.59,6.59,0
2020-10-02,6.59,6.59,6.59,6.59,0
2020-10-05,6.59,6.59,6.59,6.59,0
2020-10-06,6.59,6.59,6.59,6.59,0
2020-10-07,6.59,6.59,6.59,6.59,0
2020-10-08,6.53,6.53,6.53,6.53,1000
2020-10-09,6.26,6.26,6.26,6.26,100
2020-10-12,6.26,6.26,6.26,6.26,0
2020-10-13,6.26,6.26,6.26,6.26,0
2020-10-14,6.26,6.26,6.26,6.26,0
2020-10-15,6.26,6.26,6.26,6.26,0
2020-10-16,6.26,6.26,6.26,6.26,0
2020-10-19,6.26,6.26,6.26,6.26,0
2020-10-20,6.26,6.26,6.26,6.26,0
2020-10-21,6.26,6.26,6.26,6.26,0
2020-10-22,6.53,6.53,6.53,6.53,100
2020-10-23,6.53,6.53,6.53,6.53,0
2020-10-26,6.53,6.53,6.53,6.53,0
2020-10-27,6.53,6.53,6.53,6.53,0
2020-10-28,6.53,6.53,6.53,6.53,0
2020-10-29,6.53,6.53,6.53,6.53,0
2020-10-30,6.53,6.53,6.53,6.53,0
2020-11-02,6.53,6.53,6.53,6.53,0
2020-11-03,6.53,6.53,6.53,6.53,0
2020-11-04,6.53,6.53,6.53,6.53,0
2020-11-05,6.53,6.53,6.53,6.53,0
2020-11-06,5.61,5.61,5.61,5.61,1200
2020-11-09,6.4,6.4,6.4,6.4,100
2020-11-10,6.4,6.4,6.4,6.4,0
2020-11-11,6.4,6.4,6.4,6.4,0
2020-11-12,6.4,6.4,6.4,6.4,0
2020-11-13,6.4,6.4,6.4,6.4,0
2020-11-16,6.4,6.4,6.4,6.4,0
2020-11-17,6.4,6.4,6.4,6.4,0
2020-11-18,6.4,6.4,6.4,6.4,0
2020-11-19,6.4,6.4,6.4,6.4,0
2020-11-20,6.4,6.4,6.4,6.4,0
2020-11-23,6.4,6.4,6.4,6.4,0
2020-11-24,6.4,6.4,6.4,6.4,0
2020-11-25,6.53,6.53,6.53,6.53,100
2020-11-26,6.46,6.46,6.46,6.46,100
2020-11-27,6.46,6.46,6.46,6.46,0
2020-11-30,6.46,6.46,6.46,6.46,0
2020-12-01,6.46,6.46,6.46,6.46,0
2020-12-02,6.46,6.46,6.46,6.46,0
2020-12-03,6.46,6.46,6.46,6.46,0
2020-12-04,6.46,6.46,6.46,6.46,0
2020-12-07,6.46,6.46,6.46,6.46,0
2020-12-08,6.46,6.46,6.46,6.46,0
2020-12-09,6.46,6.46,6.46,6.46,0
2020-12-10,6.46,6.46,6.46,6.46,0
2020-12-11,6.46,6.46,6.46,6.46,0
2020-12-14,6.46,6.46,6.46,6.46,0
2020-12-15,6.46,6.46,6.46,6.46,0
2020-12-16,6.46,6.46,6.46,6.46,0
2020-12-17,6.46,6.46,6.46,6.46,0
2020-12-18,6.46,6.46,6.46,6.46,0
2020-12-21,6.46,6.46,6.46,6.46,0
2020-12-22,6.46,6.46,6.46,6.46,0
2020-12-23,5.94,5.94,5.94,5.94,100
2020-12-24,6.53,6.53,6.53,6.53,100
2020-12-25,6.53,6.53,6.53,6.53,0
2020-12-28,5.67,5.67,5.67,5.67,100
2020-12-29,6.46,6.46,6.46,6.46,100
2020-12-30,6.53,6.53,6.53,6.53,3000
2020-12-31,6.53,6.53,6.53,6.53,1010
2021-01-04,6.53,6.53,6.53,6.53,0
2021-01-05,6.53,6.53,6.53,6.53,12
2021-01-06,6.53,6.53,6.53,6.53,0
2021-01-07,6.53,6.53,6.53,6.53,0
2021-01-08,6.53,6.53,6.53,6.53,0
2021-01-11,6.53,6.53,6.53,6.53,0
2021-01-12,6.53,6.53,6.53,6.53,0
2021-01-13,6.53,6.53,6.53,6.53,0
2021-01-14,7.45,7.45,7.45,7.45,100
2021-01-15,6.59,6.59,6.4,6.4,1100
2021-01-18,6.4,6.4,6.4,6.4,100
2021-01-19,5.61,5.61,5.61,5.61,100
2021-01-20,6.33,6.33,6.33,6.33,100
2021-01-21,5.67,5.67,5.67,5.67,110
2021-01-22,6.4,6.4,5.94,5.94,400
2021-01-25,6.07,6.07,6.07,6.07,200
2021-01-26,6.07,6.07,6.07,6.07,0
2021-01-27,6.07,6.07,6.07,6.07,0
2021-01-28,6.92,6.92,6.92,6.92,100
2021-01-29,6.92,6.92,6.92,6.92,0
2021-02-01,6.92,6.92,6.92,6.92,0
2021-02-02,6.92,6.92,6.92,6.92,0
2021-02-03,6.92,6.92,6.92,6.92,0
2021-02-04,6.92,6.92,6.92,6.92,0
2021-02-05,6.92,6.92,6.92,6.92,0
2021-02-08,6.92,6.92,6.92,6.92,0
2021-02-09,6.92,6.92,6.92,6.92,0
2021-02-17,6.92,6.92,6.92,6.92,0
2021-02-18,6.92,6.92,6.92,6.92,0
2021-02-19,6.73,6.73,6.66,6.73,1800
2021-02-22,6.73,6.73,6.73,6.73,0
2021-02-23,6.73,6.73,6.73,6.73,0
2021-02-24,6.73,6.73,6.73,6.73,94
2021-02-25,7.72,7.72,6.66,6.66,700
2021-02-26,6.66,6.66,6.66,6.66,100
2021-03-01,6.53,6.53,6.07,6.07,1000
2021-03-02,6.92,6.92,6.92,6.92,100
2021-03-03,6.07,6.07,6.07,6.07,375
2021-03-04,6.86,6.86,6.86,6.86,100
2021-03-05,6.86,6.86,6.86,6.86,0
2021-03-08,6.46,6.46,6.46,6.46,200
2021-03-09,6.46,6.46,6.46,6.46,0
2021-03-10,7.39,7.39,7.39,7.39,100
2021-03-11,6.59,6.59,6.59,6.59,2400
2021-03-12,6.4,6.4,5.87,5.87,1017
2021-03-15,6.79,6.79,6.73,6.73,420
2021-03-16,6.73,6.79,6.73,6.79,2600
2021-03-17,6.73,7.19,6.73,6.86,2700
2021-03-18,6.79,7.19,6.79,6.79,9200
2021-03-19,6.79,7.58,6.79,7.45,116600
2021-03-22,7.45,8.11,7.45,8.11,21796
2021-03-23,8.7,8.9,8.7,8.9,31100
2021-03-24,8.24,9.63,7.72,8.9,47800
2021-03-25,8.24,8.31,8.11,8.24,35995
2021-03-26,7.58,7.78,7.58,7.72,11309
2021-03-29,7.52,7.65,7.25,7.45,25810
2021-03-30,7.39,8.18,7.39,8.11,16607
2021-03-31,7.85,8.05,7.39,8.05,2802
2021-04-01,7.72,7.78,7.58,7.78,9000
2021-04-02,7.58,7.65,7.58,7.58,6154
2021-04-05,7.58,7.65,7.58,7.65,2935
2021-04-06,7.58,7.58,7.39,7.39,19000
2021-04-07,7.58,7.91,7.58,7.91,36700
2021-04-08,8.38,8.38,7.72,7.78,900
2021-04-09,7.58,7.91,7.45,7.91,8600
2021-04-12,7.58,7.78,7.58,7.58,5100
2021-04-13,7.58,7.58,7.39,7.58,11600
2021-04-14,7.45,7.65,7.45,7.52,2200
2021-04-15,7.78,7.91,7.52,7.91,12156
2021-04-16,7.91,8.24,7.58,7.65,16800
2021-04-19,8.18,8.18,7.91,7.91,639
2021-04-20,7.98,8.24,7.91,7.91,4411
2021-04-22,7.52,7.52,6.92,7.25,6400
2021-04-23,7.25,7.25,6.99,7.25,2400
2021-04-26,7.25,7.25,7.25,7.25,44
2021-04-27,7.25,7.52,7.25,7.52,1700
2021-04-28,7.25,7.25,7.25,7.25,1200
2021-04-29,7.39,7.39,7.25,7.25,900
2021-05-04,6.86,6.92,6.46,6.79,5145
2021-05-05,6.73,6.79,6.59,6.79,6900
2021-05-06,6.92,6.92,6.92,6.92,605
2021-05-07,7.12,7.12,6.73,6.99,10945
2021-05-10,6.92,6.99,6.99,6.99,0
2021-05-11,6.92,6.92,6.92,6.92,300
2021-05-12,6.86,6.92,6.86,6.92,2300
2021-05-13,6.92,6.92,6.92,6.92,300
2021-05-14,7.19,7.19,7.19,7.19,100
2021-05-17,7.19,7.25,7.19,7.25,9200
2021-05-18,7.25,7.25,7.25,7.25,0
2021-05-19,7.58,7.58,7.25,7.58,3600
2021-05-20,7.58,7.58,7.52,7.58,7000
2021-05-21,7.72,7.85,7.72,7.85,1100
2021-05-24,7.78,7.78,7.78,7.78,2100
2021-05-25,7.91,8.05,7.78,8.05,3563
2021-05-26,8.57,8.57,8.11,8.11,1500
2021-05-27,7.98,7.98,7.39,7.91,9200
2021-05-28,7.78,7.91,7.78,7.91,2900
2021-05-31,8.44,8.44,8.29,8.29,12700
2021-06-01,8.66,8.66,8.07,8.07,1337
2021-06-02,7.93,8.0,7.93,8.0,15200
2021-06-03,7.78,7.78,7.78,7.78,14201
2021-06-04,7.71,7.78,7.71,7.71,3000
2021-06-07,7.63,7.63,7.34,7.34,200
2021-06-08,7.49,7.49,7.49,7.49,500
2021-06-09,7.49,7.49,7.49,7.49,6000
2021-06-10,7.71,7.71,7.71,7.71,100
2021-06-11,7.71,7.71,7.56,7.56,4300
2021-06-14,7.49,7.63,6.75,7.34,14803
2021-06-15,7.63,7.63,7.05,7.56,10700
2021-06-16,7.12,7.56,7.56,7.56,0
2021-06-17,7.19,7.19,7.05,7.05,2000
2021-06-18,7.12,7.05,7.05,7.05,0
2021-06-21,7.56,7.56,7.56,7.56,300
2021-06-22,7.05,7.05,7.05,7.05,1000
2021-06-23,7.05,7.05,7.05,7.05,0
2021-06-24,7.05,7.05,7.05,7.05,0
2021-06-25,7.05,7.05,7.05,7.05,715
2021-06-28,7.12,7.12,7.12,7.12,1200
2021-06-29,7.12,7.12,7.12,7.12,0
2021-06-30,7.12,7.12,7.12,7.12,0
2021-07-01,7.19,7.19,6.97,6.97,400
2021-07-02,7.63,7.63,7.63,7.63,113
2021-07-05,7.63,7.63,7.63,7.63,1000
2021-07-06,7.05,7.34,6.61,7.34,7500
2021-07-07,7.27,7.27,7.27,7.27,1100
2021-07-08,7.27,7.27,7.27,7.27,300
2021-07-09,7.71,7.71,7.63,7.63,200
2021-07-12,7.71,7.63,7.63,7.63,0
2021-07-13,7.71,7.63,7.63,7.63,0
2021-07-14,6.61,6.83,6.61,6.83,1200
2021-07-15,6.68,6.83,6.83,6.83,0
2021-07-16,6.68,6.83,6.83,6.83,0
2021-07-19,6.75,6.75,6.61,6.75,1500
2021-07-20,6.75,6.75,6.75,6.75,0
2021-07-21,6.97,6.97,6.97,6.97,200
2021-07-22,6.97,6.97,6.97,6.97,0
2021-07-23,6.97,6.97,6.97,6.97,0
2021-07-26,6.97,6.97,6.97,6.97,0
2021-07-27,6.97,6.97,6.97,6.97,0
2021-07-28,6.97,6.97,6.97,6.97,1400
2021-07-29,6.97,6.97,6.97,6.97,0
2021-07-30,6.97,6.97,6.97,6.97,0
2021-08-02,6.97,6.97,6.97,6.97,100
2021-08-03,6.97,6.97,6.9,6.9,3700
2021-08-04,6.9,6.9,6.83,6.9,2800
2021-08-05,6.83,7.34,6.83,7.34,1300
2021-08-06,7.34,7.34,6.97,7.19,6900
2021-08-09,7.34,7.34,7.34,7.34,6100
2021-08-10,7.34,7.34,7.34,7.34,9200
2021-08-11,8.07,8.07,8.07,8.07,100
2021-08-12,8.07,8.07,8.07,8.07,0
2021-08-13,7.27,7.27,7.27,7.27,2500
2021-08-16,7.27,7.27,7.27,7.27,6800
2021-08-17,7.27,7.27,7.27,7.27,100
2021-08-18,7.27,7.27,7.27,7.27,0
2021-08-19,6.53,6.53,6.53,6.53,100
2021-08-20,6.53,6.53,6.53,6.53,0
2021-08-23,6.53,6.53,6.53,6.53,0
2021-08-24,6.53,6.53,6.53,6.53,0
2021-08-25,6.83,6.83,6.83,6.83,700
2021-08-26,6.83,6.83,6.83,6.83,0
2021-08-27,7.05,7.12,7.05,7.12,1400
2021-08-30,7.12,7.71,7.12,7.34,8800
2021-08-31,7.71,7.71,7.63,7.63,4700
2021-09-01,7.71,7.71,7.71,7.71,2200
2021-09-06,7.78,7.85,7.78,7.78,3800
2021-09-07,7.85,8.07,7.85,8.07,9101
2021-09-08,6.9,6.9,6.9,6.9,100
2021-09-09,7.93,7.93,7.93,7.93,5000
2021-09-10,8.07,8.07,8.07,8.07,520
2021-09-13,6.9,6.9,6.9,6.9,100
2021-09-14,7.93,7.93,7.78,7.78,5700
2021-09-15,7.93,7.93,7.93,7.93,0
2021-09-16,6.75,6.75,6.75,6.75,100
2021-09-17,7.71,7.71,7.71,7.71,100
2021-09-20,8.07,8.22,7.93,7.93,16600
2021-09-21,8.44,8.44,8.37,8.37,4100
2021-09-22,7.19,7.19,7.19,7.19,100
2021-09-23,8.22,8.22,8.15,8.15,1020
2021-09-24,8.81,8.81,7.85,7.85,200
2021-09-27,8.37,8.37,7.78,7.78,10900
2021-09-28,8.37,8.37,8.37,8.37,0
2021-09-29,7.63,7.63,7.63,7.63,100
2021-09-30,8.73,8.73,8.73,8.73,100
2021-10-01,8.73,8.73,8.73,8.73,0
2021-10-04,8.44,8.44,8.44,8.44,200
2021-10-05,7.63,7.71,7.63,7.71,4100
2021-10-06,7.71,7.71,7.71,7.71,0
2021-10-07,7.71,7.71,7.71,7.71,0
2021-10-08,7.71,7.71,7.71,7.71,0
2021-10-11,8.07,8.29,8.07,8.29,4000
2021-10-12,8.15,8.15,8.15,8.15,0
2021-10-13,8.15,8.15,8.15,8.15,0
2021-10-14,8.15,8.15,8.15,8.15,0
2021-10-15,8.15,8.15,8.15,8.15,0
2021-10-18,8.15,8.15,8.15,8.15,0
2021-10-19,8.07,8.07,8.07,8.07,2000
2021-10-20,8.07,8.07,8.07,8.07,0
2021-10-21,8.07,8.07,8.07,8.07,0
2021-10-22,8.07,8.07,8.07,8.07,1100
2021-10-25,8.07,8.07,8.07,8.07,2000
2021-10-26,8.44,8.44,8.44,8.44,1600
2021-10-27,8.44,8.44,8.44,8.44,300
2021-10-28,8.44,8.44,8.44,8.44,0
2021-10-29,8.44,8.66,8.44,8.51,4500
2021-11-01,8.51,8.51,8.51,8.51,33
2021-11-02,8.59,8.59,8.59,8.59,2300
2021-11-03,8.59,8.66,7.56,8.66,8420
2021-11-04,8.44,8.66,8.29,8.66,2910
2021-11-05,8.59,8.81,8.59,8.81,3500
2021-11-08,8.81,9.32,8.73,9.32,6250
2021-11-09,9.39,9.54,9.39,9.54,7043
2021-11-10,9.54,9.54,9.54,9.54,0
2021-11-11,8.95,9.54,8.95,9.54,4214
2021-11-12,9.54,9.54,9.54,9.54,1800
2021-11-15,9.54,10.13,9.54,10.13,3650
2021-11-16,9.69,9.69,9.69,9.69,2000
2021-11-17,9.69,10.28,9.69,10.2,8900
2021-11-18,10.06,10.28,10.06,10.13,7308
2021-11-19,10.64,10.94,10.64,10.64,3014
2021-11-22,11.38,11.45,10.64,10.64,4464
2021-11-23,10.64,10.64,9.32,9.32,16703
2021-11-24,9.39,9.54,9.32,9.39,1700
2021-11-25,9.39,9.39,9.39,9.39,0
2021-11-26,9.39,9.39,9.39,9.39,600
2021-11-29,10.28,10.28,10.28,10.28,200
2021-11-30,10.28,10.28,10.28,10.28,0
2021-12-01,10.28,10.28,10.28,10.28,50
2021-12-02,10.28,10.28,10.28,10.28,0
2021-12-03,10.28,10.28,10.28,10.28,0
2021-12-06,9.17,9.17,9.17,9.17,1000
2021-12-07,8.95,9.39,8.95,9.39,912
2021-12-08,9.17,9.17,9.17,9.17,0
2021-12-09,10.28,10.28,10.28,10.28,1005
2021-12-10,10.28,10.28,10.28,10.28,0
2021-12-13,10.28,10.28,10.28,10.28,200
2021-12-14,9.25,10.28,9.25,10.28,552
2021-12-15,9.54,9.54,9.54,9.54,600
2021-12-16,9.54,9.54,9.54,9.54,1
2021-12-17,9.54,9.54,9.54,9.54,52
2021-12-20,9.54,9.54,9.54,9.54,0
2021-12-21,9.54,9.54,9.54,9.54,0
2021-12-22,9.91,9.91,9.91,9.91,1000
2021-12-23,9.91,9.91,9.91,9.91,0
2021-12-24,9.91,9.91,9.91,9.91,0
2021-12-27,9.91,9.91,9.91,9.91,0
2021-12-28,9.91,9.91,9.91,9.91,0
2021-12-29,9.91,9.91,9.91,9.91,0
2021-12-30,9.91,9.91,9.91,9.91,400
2021-12-31,9.91,9.91,9.91,9.91,0
2022-01-04,10.28,10.28,10.28,10.28,100
2022-01-05,10.28,10.28,10.28,10.28,0
2022-01-06,10.28,10.28,10.28,10.28,0
2022-01-07,10.28,10.28,10.28,10.28,0
2022-01-10,10.2,10.28,10.2,10.28,600
2022-01-11,10.28,10.28,10.28,10.28,0
2022-01-12,10.28,10.28,10.28,10.28,0
2022-01-13,10.28,10.28,10.28,10.28,0
2022-01-14,10.28,10.28,10.28,10.28,0
2022-01-17,10.28,10.28,10.28,10.28,0
2022-01-18,10.28,10.28,10.28,10.28,0
2022-01-19,10.28,10.28,10.28,10.28,0
2022-01-20,10.28,10.28,10.28,10.28,0
2022-01-21,9.25,9.25,9.25,9.25,100
2022-01-24,9.25,9.25,9.25,9.25,0
2022-01-25,10.13,10.13,10.13,10.13,100
2022-01-26,10.13,10.13,10.13,10.13,0
2022-01-27,10.13,10.13,10.13,10.13,0
2022-01-28,10.13,10.13,10.13,10.13,0
2022-02-07,10.13,10.13,10.13,10.13,0
2022-02-08,10.13,10.13,10.13,10.13,0
2022-02-09,10.13,10.13,10.13,10.13,0
2022-02-10,9.39,9.39,9.39,9.39,1010
2022-02-11,9.25,9.25,8.95,8.95,3500
2022-02-14,9.83,9.83,9.83,9.83,100
2022-02-15,8.37,8.37,8.37,8.37,14436
2022-02-16,8.81,9.47,8.81,9.47,1600
2022-02-17,9.32,9.54,9.32,9.54,2926
2022-02-18,8.95,8.95,8.81,8.81,3500
2022-02-21,9.1,9.1,8.95,8.95,4300
2022-02-22,9.1,9.17,9.1,9.17,400
2022-02-23,9.25,9.25,9.25,9.25,2100
2022-02-24,8.66,8.66,8.66,8.66,100
2022-02-25,8.81,8.81,8.81,8.81,100
2022-02-28,8.81,8.81,8.81,8.81,100
2022-03-01,8.81,8.81,8.81,8.81,300
2022-03-02,9.69,9.69,9.69,9.69,100
2022-03-03,9.69,9.69,9.69,9.69,0
2022-03-04,9.69,9.69,9.69,9.69,0
2022-03-07,9.69,9.69,9.69,9.69,0
2022-03-08,9.69,9.69,9.69,9.69,0
2022-03-09,8.29,8.29,8.29,8.29,100
2022-03-10,8.59,8.59,8.59,8.59,100
2022-03-11,8.59,8.59,8.59,8.59,36
2022-03-14,9.54,9.54,9.54,9.54,100
2022-03-15,8.37,8.37,8.37,8.37,900
2022-03-16,8.37,8.37,8.37,8.37,0
2022-03-17,8.37,8.37,8.37,8.37,0
2022-03-18,8.37,8.37,8.37,8.37,0
2022-03-21,8.37,8.37,8.37,8.37,0
2022-03-22,9.54,9.54,9.54,9.54,100
2022-03-23,9.47,9.47,9.47,9.47,101
2022-03-24,9.47,9.47,9.47,9.47,0
2022-03-25,9.47,9.47,9.47,9.47,0
2022-03-28,9.47,9.47,9.47,9.47,162
2022-03-29,8.37,8.37,8.07,8.15,5001
2022-03-30,8.22,8.22,8.22,8.22,0
2022-03-31,7.71,7.71,7.71,7.71,2137
2022-04-01,8.81,8.81,8.81,8.81,614
2022-04-04,8.81,8.81,8.81,8.81,0
2022-04-05,8.81,8.81,8.81,8.81,0
2022-04-06,8.81,8.81,8.81,8.81,0
2022-04-07,8.66,8.66,8.66,8.66,500
2022-04-08,8.66,8.66,8.66,8.66,0
2022-04-12,8.66,8.66,8.66,8.66,0
2022-04-13,8.66,8.66,8.66,8.66,0
2022-04-14,8.66,8.66,8.66,8.66,0
2022-04-15,8.66,8.66,8.66,8.66,0
2022-04-18,7.71,7.71,7.71,7.71,600
2022-04-19,7.71,7.71,7.71,7.71,0
2022-04-20,7.71,7.71,7.71,7.71,0
2022-04-21,7.49,7.49,7.49,7.49,200
2022-04-22,7.49,7.49,7.49,7.49,0
2022-04-25,7.49,7.49,7.49,7.49,0
2022-04-26,8.29,8.29,7.34,7.34,700
2022-04-27,7.49,7.49,7.49,7.49,0
2022-04-28,7.49,7.49,7.49,7.49,0
2022-04-29,8.29,8.29,8.29,8.29,1250
2022-05-04,8.29,8.29,8.29,8.29,0
2022-05-05,8.29,8.29,8.29,8.29,0
2022-05-06,8.29,8.29,8.29,8.29,0
2022-05-09,8.29,8.29,8.29,8.29,0
2022-05-10,8.29,8.29,8.29,8.29,0
2022-05-11,8.29,8.29,8.29,8.29,0
2022-05-12,8.29,8.29,8.29,8.29,0
2022-05-13,7.41,7.41,7.34,7.34,1300
2022-05-16,7.34,7.34,7.34,7.34,0
2022-05-17,8.07,8.07,8.07,8.07,300
2022-05-18,8.07,8.07,8.07,8.07,0
2022-05-19,8.07,8.07,8.07,8.07,0
2022-05-20,8.07,8.07,8.07,8.07,0
2022-05-23,8.07,8.07,8.07,8.07,0
2022-05-24,8.07,8.07,8.07,8.07,0
2022-05-25,8.29,8.29,8.29,8.29,700
2022-05-26,8.29,8.29,8.29,8.29,0
2022-05-27,9.17,9.17,9.17,9.17,100
2022-05-30,9.17,9.17,9.17,9.17,0
2022-05-31,9.4,9.48,9.4,9.48,201
2022-06-01,9.48,9.48,9.48,9.48,0
2022-06-02,9.48,9.48,9.48,9.48,2900
2022-06-03,8.77,9.48,8.77,9.48,6800
2022-06-06,9.32,9.32,9.32,9.32,0
2022-06-07,8.85,8.85,8.77,8.77,700
2022-06-08,8.77,8.77,8.77,8.77,300
2022-06-09,8.77,8.77,8.77,8.77,0
2022-06-10,8.77,8.77,8.77,8.77,2
2022-06-13,8.77,8.77,8.77,8.77,0
2022-06-14,8.77,8.77,8.77,8.77,20
2022-06-15,7.83,8.7,7.83,8.7,1100
2022-06-16,9.24,9.32,9.24,9.32,3500
2022-06-17,8.23,8.23,8.23,8.23,200
2022-06-20,8.23,8.23,8.23,8.23,0
2022-06-21,8.23,8.23,8.23,8.23,0
2022-06-22,8.93,8.93,8.93,8.93,100
2022-06-23,8.93,8.93,8.93,8.93,0
2022-06-24,8.93,8.93,8.93,8.93,0
2022-06-27,8.23,8.23,8.23,8.23,1200
2022-06-28,8.23,8.23,8.23,8.23,0
2022-06-29,9.01,9.01,9.01,9.01,100
2022-06-30,9.01,9.01,9.01,9.01,0
2022-07-01,8.93,8.93,8.93,8.93,200
2022-07-04,8.93,8.93,8.93,8.93,0
2022-07-05,8.93,8.93,8.93,8.93,0
2022-07-06,7.6,7.6,7.6,7.6,300
2022-07-07,7.83,8.62,7.83,8.62,2500
2022-07-08,8.15,8.15,8.15,8.15,12
2022-07-11,8.15,8.15,8.15,8.15,0
2022-07-12,7.91,7.91,7.91,7.91,100
2022-07-13,7.91,7.91,7.91,7.91,0
2022-07-14,7.91,7.91,7.91,7.91,0
2022-07-15,7.91,7.91,7.91,7.91,0
2022-07-18,7.83,7.83,6.74,6.74,300
2022-07-19,8.07,8.07,8.07,8.07,200
2022-07-20,8.46,8.46,8.46,8.46,100
2022-07-21,8.46,8.46,8.46,8.46,100
2022-07-22,8.46,8.46,8.46,8.46,0
2022-07-25,8.23,8.23,8.23,8.23,702
2022-07-26,8.23,8.23,8.23,8.23,400
2022-07-27,8.23,8.23,8.23,8.23,200
2022-07-28,8.23,8.23,8.23,8.23,0
2022-07-29,8.07,8.07,7.91,7.91,1200
2022-08-01,7.91,7.91,7.91,7.91,0
2022-08-02,7.91,7.91,7.91,7.91,0
2022-08-03,7.91,7.91,7.91,7.91,0
2022-08-04,7.91,7.91,7.91,7.91,0
2022-08-05,7.91,7.91,7.91,7.91,0
2022-08-08,7.91,7.91,7.91,7.91,0
2022-08-09,7.91,7.91,7.91,7.91,0
2022-08-10,7.91,7.91,7.91,7.91,0
2022-08-11,7.91,7.91,7.91,7.91,0
2022-08-12,7.91,7.91,7.91,7.91,0
2022-08-15,7.99,7.99,7.99,7.99,1000
2022-08-16,8.62,8.62,8.62,8.62,100
2022-08-17,8.62,8.62,8.62,8.62,0
2022-08-18,8.62,8.62,8.62,8.62,0
2022-08-19,8.62,8.62,8.62,8.62,0
2022-08-22,8.62,8.62,8.62,8.62,0
2022-08-23,8.62,8.62,8.62,8.62,0
2022-08-24,8.62,8.62,8.62,8.62,0
2022-08-25,8.62,8.62,8.62,8.62,0
2022-08-26,8.62,8.62,8.62,8.62,0
2022-08-29,8.62,8.62,8.62,8.62,0
2022-08-30,8.62,8.85,8.62,8.85,1800
2022-08-31,8.85,8.85,8.85,8.85,0
2022-09-05,8.85,8.85,8.85,8.85,0
2022-09-06,8.85,8.85,8.85,8.85,0
2022-09-07,8.85,8.85,8.85,8.85,0
2022-09-08,8.85,8.85,8.85,8.85,0
2022-09-09,8.85,8.85,8.85,8.85,0
2022-09-12,8.85,8.85,8.85,8.85,0
2022-09-13,8.85,8.85,8.85,8.85,0
2022-09-14,8.85,8.85,8.85,8.85,0
2022-09-15,8.85,8.85,8.85,8.85,0
2022-09-16,8.23,8.23,8.23,8.23,500
2022-09-19,8.23,8.23,8.23,8.23,1
2022-09-20,7.68,7.68,7.68,7.68,600
2022-09-21,7.68,7.68,7.68,7.68,0
2022-09-22,7.68,7.68,7.68,7.68,0
2022-09-23,7.68,7.68,7.68,7.68,0
2022-09-26,7.68,7.68,7.68,7.68,27
2022-09-27,7.68,7.68,7.68,7.68,0
2022-09-28,7.68,7.68,7.68,7.68,0
2022-09-29,7.68,7.68,7.68,7.68,0
2022-09-30,7.68,7.68,7.68,7.68,0
2022-10-03,7.44,7.44,7.44,7.44,1500
2022-10-04,7.44,7.44,7.44,7.44,300
2022-10-05,7.44,7.44,7.44,7.44,100
2022-10-06,7.44,7.44,7.44,7.44,0
2022-10-07,7.44,7.44,7.44,7.44,0
2022-10-10,7.44,7.44,7.44,7.44,0
2022-10-11,7.44,7.44,7.44,7.44,0
2022-10-12,7.44,7.44,7.44,7.44,1
2022-10-13,7.44,7.44,7.44,7.44,0
2022-10-14,7.44,7.44,7.44,7.44,25
2022-10-17,7.44,7.44,7.44,7.44,0
2022-10-18,7.44,7.44,7.44,7.44,0
2022-10-19,7.44,7.44,7.44,7.44,0
2022-10-20,7.44,7.44,7.44,7.44,0
2022-10-21,7.44,7.44,7.44,7.44,0
2022-10-24,8.23,8.23,7.83,7.83,600
2022-10-25,7.91,7.91,7.91,7.91,0
2022-10-26,7.91,7.91,7.91,7.91,0
2022-10-27,8.3,8.46,8.3,8.46,1000
2022-10-28,8.3,8.3,8.3,8.3,0
2022-10-31,8.3,8.3,8.3,8.3,0
2022-11-01,8.3,8.3,8.3,8.3,0
2022-11-02,8.3,8.3,8.3,8.3,0
2022-11-03,8.3,8.3,8.3,8.3,0
2022-11-04,8.3,8.3,8.3,8.3,0
2022-11-07,8.3,8.3,8.3,8.3,0
2022-11-08,8.3,8.3,8.3,8.3,0
2022-11-09,8.3,8.3,8.3,8.3,0
2022-11-10,8.3,8.3,8.3,8.3,0
2022-11-11,8.3,8.3,8.3,8.3,0
2022-11-14,8.3,8.3,8.3,8.3,0
2022-11-15,8.3,8.3,8.3,8.3,0
2022-11-16,8.3,8.3,8.3,8.3,0
2022-11-17,8.3,8.3,8.3,8.3,0
2022-11-18,8.3,8.3,8.3,8.3,0
2022-11-21,8.3,8.3,8.3,8.3,0
2022-11-22,8.3,8.3,8.3,8.3,0
2022-11-23,8.3,8.3,8.3,8.3,0
2022-11-24,8.3,8.3,8.3,8.3,0
2022-11-25,8.3,8.3,8.3,8.3,0
2022-11-28,8.3,8.3,8.3,8.3,0
2022-11-29,8.3,8.3,8.3,8.3,0
2022-11-30,8.3,8.3,8.3,8.3,0
2022-12-01,8.15,8.15,8.15,8.15,200
2022-12-02,7.83,8.07,7.83,7.83,600
2022-12-05,7.91,7.91,7.91,7.91,0
2022-12-06,7.91,7.91,7.91,7.91,0
2022-12-07,7.91,7.91,7.91,7.91,0
2022-12-08,6.97,6.97,6.97,6.97,400
2022-12-09,7.13,7.91,6.97,7.91,1100
2022-12-12,7.6,7.6,7.6,7.6,100
2022-12-13,7.6,7.6,7.6,7.6,100
2022-12-14,7.6,7.6,7.6,7.6,100
2022-12-15,7.68,7.68,7.68,7.68,100
2022-12-16,7.35,7.35,7.35,7.35,300
2022-12-19,7.35,7.35,7.35,7.35,0
2022-12-20,8.0,8.0,8.0,8.0,100
2022-12-21,8.17,8.17,8.17,8.17,100
2022-12-22,8.17,8.17,8.17,8.17,0
2022-12-23,8.17,8.17,8.17,8.17,0
2022-12-26,8.17,8.17,8.17,8.17,0
2022-12-27,8.17,8.17,8.17,8.17,0
2022-12-28,8.09,8.09,8.09,8.09,500
2022-12-29,8.09,8.09,8.09,8.09,0
2022-12-30,8.09,8.09,8.09,8.09,0
2023-01-03,8.09,8.09,8.09,8.09,0
2023-01-04,8.09,8.09,8.09,8.09,0
2023-01-05,6.94,6.94,6.94,6.94,300
2023-01-06,7.92,7.92,7.92,7.92,100
2023-01-09,7.92,7.92,7.92,7.92,0
2023-01-10,7.92,7.92,7.92,7.92,0
2023-01-11,8.33,8.33,8.33,8.33,200
2023-01-12,8.33,8.33,8.33,8.33,100
2023-01-13,7.19,7.19,7.11,7.11,900
2023-01-16,8.0,8.0,8.0,8.0,100
2023-01-17,8.0,8.0,8.0,8.0,0
2023-01-18,8.0,8.0,7.76,7.76,500
2023-01-19,7.76,7.76,7.76,7.76,400
2023-01-27,7.76,7.76,7.76,7.76,0
2023-01-30,7.76,7.76,7.76,7.76,300
2023-01-31,7.51,7.51,7.51,7.51,100
2023-02-01,7.43,7.43,7.43,7.43,100
2023-02-02,7.35,8.17,7.35,8.17,300
2023-02-03,7.76,7.76,7.76,7.76,0
2023-02-06,7.76,7.76,7.76,7.76,0
2023-02-07,7.92,7.92,7.92,7.92,1000
2023-02-08,7.92,7.92,7.92,7.92,0
2023-02-09,7.92,7.92,7.92,7.92,0
2023-02-10,8.17,8.17,8.17,8.17,500
2023-02-13,7.6,7.6,7.35,7.35,1800
2023-02-14,7.27,7.27,7.27,7.27,700
2023-02-15,7.35,7.35,7.35,7.35,100
2023-02-16,7.35,7.35,7.35,7.35,0
2023-02-17,7.35,7.35,7.35,7.35,0
2023-02-20,7.02,7.76,7.02,7.76,1200
2023-02-21,7.76,7.76,7.76,7.76,100
2023-02-22,7.68,7.76,7.68,7.76,1200
2023-02-23,7.76,7.76,7.76,7.76,0
2023-02-24,7.76,7.76,7.76,7.76,0
2023-02-27,7.76,7.76,7.76,7.76,0
2023-02-28,7.76,7.76,7.76,7.76,0
2023-03-01,7.76,7.76,7.76,7.76,0
2023-03-02,7.76,7.76,7.76,7.76,0
2023-03-03,7.76,7.76,7.76,7.76,0
2023-03-06,7.76,7.76,7.76,7.76,0
2023-03-07,7.51,7.68,7.35,7.68,400
2023-03-08,7.68,7.68,7.68,7.68,100
2023-03-09,7.68,7.68,7.68,7.68,0
2023-03-10,7.68,7.68,7.68,7.68,0
2023-03-13,7.68,7.68,7.68,7.68,1
2023-03-14,7.68,7.68,7.68,7.68,0
2023-03-15,7.68,7.68,7.68,7.68,0
2023-03-16,8.09,8.09,8.09,8.09,100
2023-03-17,8.09,8.09,8.09,8.09,0
2023-03-20,8.09,8.09,8.09,8.09,0
2023-03-21,8.09,8.09,8.09,8.09,1
2023-03-22,8.09,8.09,8.09,8.09,0
2023-03-23,8.09,8.09,8.09,8.09,0
2023-03-24,8.09,8.09,8.09,8.09,0
2023-03-27,8.09,8.09,8.09,8.09,0
2023-03-28,8.09,8.09,8.09,8.09,0
2023-03-29,8.09,8.09,8.09,8.09,1
2023-03-30,8.09,8.09,8.09,8.09,0
2023-03-31,8.09,8.09,8.09,8.09,0
2023-04-03,8.09,8.09,8.09,8.09,0
2023-04-04,8.09,8.09,8.09,8.09,1
2023-04-05,6.94,8.0,6.94,8.0,2100
2023-04-06,6.62,6.62,6.62,6.62,100
2023-04-07,7.6,7.6,7.6,7.6,300
2023-04-10,7.6,7.6,7.6,7.6,1
2023-04-11,8.0,8.58,8.0,8.58,600
2023-04-12,8.58,8.66,8.58,8.66,500
2023-04-13,7.76,7.76,7.43,7.6,2800
2023-04-14,8.33,8.33,8.33,8.33,100
2023-04-17,7.35,7.35,7.27,7.27,3100
2023-04-18,8.33,8.33,7.27,7.27,1410
2023-04-19,8.33,8.33,7.35,7.35,1600
2023-04-20,8.17,8.25,7.35,7.35,1000
2023-04-21,8.17,8.17,7.19,7.19,10230
2023-04-24,7.68,7.84,7.68,7.84,310
2023-04-25,7.68,7.68,7.19,7.6,1900
2023-04-26,7.43,7.51,7.43,7.51,200
2023-04-27,7.68,7.68,7.19,7.6,700
2023-04-28,7.51,7.6,7.43,7.6,500
2023-05-04,7.35,7.84,7.19,7.84,1601
2023-05-05,8.0,8.09,8.0,8.09,200
2023-05-08,8.0,8.0,8.0,8.0,110
2023-05-09,8.17,8.25,8.17,8.25,202
2023-05-10,7.27,7.27,7.27,7.27,104
2023-05-11,8.25,8.33,8.25,8.33,400
2023-05-12,8.17,8.25,8.17,8.25,200
2023-05-15,8.33,8.33,8.33,8.33,203
2023-05-16,8.49,8.49,8.49,8.49,100
2023-05-17,8.33,8.33,8.33,8.33,200
2023-05-18,8.33,8.41,7.11,8.41,1400
2023-05-19,8.41,8.58,8.17,8.49,2100
2023-05-22,8.49,8.49,8.25,8.25,400
2023-05-23,8.17,8.17,8.17,8.17,100
2023-05-24,8.17,8.17,8.17,8.17,100
2023-05-25,8.33,8.33,8.17,8.17,300
2023-05-26,8.33,8.33,8.33,8.33,100
2023-05-29,8.33,8.33,8.33,8.33,100
2023-05-30,8.33,8.33,8.33,8.33,100
2023-05-31,8.33,8.33,8.0,8.0,1600
2023-06-01,8.51,8.51,8.51,8.51,100
2023-06-02,8.51,8.51,8.51,8.51,100
2023-06-05,8.51,8.51,8.51,8.51,100
2023-06-06,8.51,8.51,8.51,8.51,0
2023-06-07,7.83,7.83,7.83,7.83,600
2023-06-08,8.34,8.34,8.34,8.34,200
2023-06-09,8.25,8.51,8.25,8.51,1000
2023-06-12,8.42,8.42,8.42,8.42,1
2023-06-13,8.42,8.42,8.42,8.42,2
2023-06-14,8.42,8.42,8.42,8.42,0
2023-06-15,8.42,8.51,8.42,8.51,500
2023-06-16,8.42,8.42,8.42,8.42,3
2023-06-19,8.0,8.42,7.4,8.34,1400
2023-06-20,7.4,8.51,7.23,7.74,2544
2023-06-21,7.74,7.74,7.74,7.74,0
2023-06-22,8.17,8.25,7.83,7.83,301
2023-06-23,8.25,8.25,8.25,8.25,220
2023-06-26,7.83,7.83,7.83,7.83,700
2023-06-27,8.25,8.25,8.25,8.25,200
2023-06-28,8.25,8.25,8.25,8.25,0
2023-06-29,8.25,8.25,8.25,8.25,0
2023-06-30,8.0,8.0,8.0,8.0,400
2023-07-03,8.0,8.0,8.0,8.0,0
2023-07-04,8.0,8.0,8.0,8.0,0
2023-07-05,8.0,8.0,8.0,8.0,0
2023-07-06,7.83,7.83,7.83,7.83,200
2023-07-07,7.83,7.83,7.83,7.83,0
2023-07-10,8.42,8.51,8.42,8.51,200
2023-07-11,8.08,8.08,8.08,8.08,100
2023-07-12,8.68,8.68,8.68,8.68,200
2023-07-13,8.08,8.08,8.08,8.08,700
2023-07-14,8.08,8.08,8.08,8.08,0
2023-07-17,8.08,8.08,8.08,8.08,600
2023-07-18,8.08,8.08,8.08,8.08,0
2023-07-19,8.08,8.08,8.08,8.08,0
2023-07-20,8.08,8.08,8.08,8.08,200
2023-07-21,8.17,8.34,8.17,8.25,3300
2023-07-24,8.25,8.25,8.25,8.25,1400
2023-07-25,8.08,8.51,7.4,8.51,2000
2023-07-26,8.34,8.34,8.34,8.34,100
2023-07-27,8.34,8.34,8.34,8.34,0
2023-07-28,7.74,8.51,7.23,8.51,2326
2023-07-31,8.42,8.42,8.42,8.42,200
2023-08-01,8.42,8.42,8.42,8.42,1
2023-08-02,8.08,8.08,8.08,8.08,1523
2023-08-03,8.42,8.42,7.91,7.91,502
2023-08-04,8.25,8.25,8.25,8.25,0
2023-08-07,8.25,8.51,8.25,8.51,5006
2023-08-08,8.17,8.17,8.17,8.17,200
2023-08-09,8.17,8.17,8.17,8.17,0
2023-08-10,8.51,8.85,8.42,8.42,8000
2023-08-11,8.51,8.51,8.51,8.51,600
2023-08-14,8.08,8.08,8.08,8.08,1700
2023-08-15,7.91,8.51,7.57,8.51,1100
2023-08-16,7.83,7.83,7.83,7.83,0
2023-08-17,8.51,8.51,8.51,8.51,1000
2023-08-18,8.51,8.51,8.51,8.51,0
2023-08-21,7.74,7.74,7.66,7.66,1400
2023-08-22,8.51,8.51,8.51,8.51,100
2023-08-23,8.25,8.51,8.25,8.51,20000
2023-08-24,8.51,8.51,8.51,8.51,0
2023-08-25,8.51,8.51,8.51,8.51,3
2023-08-28,8.51,8.51,8.51,8.51,0
2023-08-29,8.51,8.51,8.51,8.51,0
2023-08-30,8.68,8.68,8.68,8.68,200
2023-08-31,8.85,8.85,8.85,8.85,100
2023-09-05,8.85,8.85,8.85,8.85,2
2023-09-06,8.85,8.85,8.85,8.85,2
2023-09-07,8.85,8.85,8.85,8.85,0
2023-09-08,8.85,8.85,8.85,8.85,0
2023-09-11,8.85,8.93,8.85,8.85,7402
2023-09-12,9.1,9.1,9.1,9.1,100
2023-09-13,8.85,8.85,8.85,8.85,1100
2023-09-14,9.1,9.1,8.85,8.85,4201
2023-09-15,8.85,8.85,8.85,8.85,1007
2023-09-18,9.36,9.36,9.36,9.36,100
2023-09-19,8.08,8.08,8.08,8.08,300
2023-09-20,8.08,8.08,7.83,7.83,2100
2023-09-21,9.02,9.02,9.02,9.02,100
2023-09-22,9.02,9.02,9.02,9.02,2600
2023-09-25,9.02,9.02,9.02,9.02,0
2023-09-26,8.42,8.42,8.42,8.42,5100
2023-09-27,8.42,8.42,8.42,8.42,0
2023-09-28,8.42,8.42,8.42,8.42,0
2023-09-29,8.42,8.42,8.42,8.42,1000
2023-10-02,8.42,8.42,8.42,8.42,1500
2023-10-03,8.42,8.42,8.42,8.42,1204
2023-10-04,9.19,9.19,8.42,8.42,22600
2023-10-05,8.42,8.42,8.42,8.42,0
2023-10-06,8.42,8.42,8.42,8.42,2700
2023-10-09,8.42,8.42,8.42,8.42,0
2023-10-10,8.42,8.42,8.42,8.42,0
2023-10-11,8.51,8.51,8.51,8.51,1000
2023-10-12,8.51,8.51,8.51,8.51,0
2023-10-13,8.51,8.51,8.51,8.51,0
2023-10-16,8.51,8.51,8.51,8.51,0
2023-10-17,8.93,9.36,8.93,9.36,3503
2023-10-18,8.59,8.59,8.59,8.59,500
2023-10-19,8.59,8.59,8.59,8.59,0
2023-10-20,8.51,8.51,8.51,8.51,30000
2023-10-23,8.51,8.51,8.51,8.51,10000
2023-10-24,8.51,8.51,8.51,8.51,100
2023-10-25,8.51,8.51,8.51,8.51,100
2023-10-26,8.51,8.51,8.51,8.51,0
2023-10-27,8.51,8.51,8.51,8.51,0
2023-10-30,8.51,8.51,8.51,8.51,0
2023-10-31,8.51,8.51,8.51,8.51,0
2023-11-01,8.51,8.51,8.51,8.51,1307
2023-11-02,8.51,8.51,8.51,8.51,0
2023-11-03,8.51,8.51,8.51,8.51,0
2023-11-06,8.51,8.51,8.51,8.51,1
2023-11-07,8.51,8.51,8.51,8.51,0
2023-11-08,8.51,8.51,8.51,8.51,6
2023-11-09,8.51,8.51,8.51,8.51,0
2023-11-10,8.51,8.51,8.51,8.51,1
2023-11-13,8.51,8.51,8.51,8.51,100
2023-11-14,8.51,8.51,8.51,8.51,4
2023-11-15,8.51,8.51,8.51,8.51,1
2023-11-16,8.51,8.51,8.51,8.51,0
2023-11-17,8.51,8.51,8.51,8.51,0
2023-11-20,8.51,8.51,8.51,8.51,0
2023-11-21,8.51,8.51,8.51,8.51,0
2023-11-22,8.51,8.51,8.51,8.51,0
2023-11-23,8.51,8.51,8.51,8.51,0
2023-11-24,8.51,8.51,8.51,8.51,2000
2023-11-27,8.51,8.51,8.51,8.51,0
2023-11-28,8.51,8.51,8.51,8.51,0
2023-11-29,8.51,8.51,8.51,8.51,0
2023-11-30,8.51,8.51,8.51,8.51,0
2023-12-01,8.51,8.51,8.51,8.51,0
2023-12-04,8.51,8.51,8.51,8.51,0
2023-12-05,8.51,8.51,8.51,8.51,0
2023-12-06,8.51,8.51,8.51,8.51,0
2023-12-07,8.51,8.51,8.51,8.51,0
2023-12-08,8.51,8.51,8.51,8.51,0
2023-12-11,8.51,8.51,8.51,8.51,0
2023-12-12,8.51,8.51,8.51,8.51,0
2023-12-13,8.51,8.51,8.51,8.51,0
2023-12-14,8.51,8.51,8.51,8.51,0
2023-12-15,8.51,8.51,8.51,8.51,0
2023-12-18,8.51,8.51,8.51,8.51,0
2023-12-19,8.51,8.51,8.51,8.51,1000
2023-12-20,8.51,8.51,8.51,8.51,100
2023-12-21,8.51,8.51,8.51,8.51,0
2023-12-22,8.51,8.51,8.51,8.51,0
2023-12-25,8.51,8.51,8.51,8.51,0
2023-12-26,8.51,8.51,8.51,8.51,0
2023-12-27,8.51,8.51,8.51,8.51,0
2023-12-28,8.51,8.51,8.51,8.51,0
2023-12-29,8.51,8.51,8.51,8.51,0
2024-01-02,8.51,8.51,8.51,8.51,0
2024-01-03,8.51,8.51,8.51,8.51,0
2024-01-04,8.51,8.51,8.51,8.51,0
2024-01-05,8.51,8.51,8.51,8.51,100
2024-01-08,8.51,8.51,8.51,8.51,2000
2024-01-09,8.76,8.76,8.76,8.76,800
2024-01-10,8.76,8.76,8.76,8.76,0
2024-01-11,8.76,8.76,8.76,8.76,0
2024-01-12,8.76,8.76,8.76,8.76,0
2024-01-15,8.76,8.76,8.76,8.76,0
2024-01-16,8.76,8.76,8.76,8.76,0
2024-01-17,8.76,8.76,8.76,8.76,0
2024-01-18,8.76,8.76,8.76,8.76,0
2024-01-19,8.76,8.76,8.76,8.76,0
2024-01-22,8.76,8.76,8.51,8.51,10900
2024-01-23,8.51,8.51,8.51,8.51,0
2024-01-24,8.51,8.51,8.51,8.51,0
2024-01-25,8.51,8.51,8.51,8.51,0
2024-01-26,8.59,8.59,8.59,8.59,147
2024-01-29,8.59,8.59,8.59,8.59,0
2024-01-30,9.36,9.36,9.36,9.36,100
2024-01-31,9.36,9.36,9.36,9.36,0
2024-02-01,8.85,8.85,8.85,8.85,200
2024-02-02,8.85,8.85,8.85,8.85,0
2024-02-05,8.85,8.85,8.85,8.85,0
2024-02-06,8.85,8.85,8.85,8.85,0
2024-02-07,9.36,9.36,9.36,9.36,100
2024-02-15,9.36,9.36,9.36,9.36,0
2024-02-16,9.36,9.36,9.36,9.36,0
2024-02-19,9.36,9.36,9.36,9.36,0
2024-02-20,9.36,9.36,9.36,9.36,3
2024-02-21,10.72,10.72,10.72,10.72,700
2024-02-22,10.72,10.72,10.72,10.72,203
2024-02-23,10.72,10.72,10.72,10.72,0
2024-02-26,10.72,10.72,10.72,10.72,0
2024-02-27,10.72,10.72,10.72,10.72,0
2024-02-28,10.72,10.72,10.72,10.72,0
2024-02-29,10.72,10.72,10.72,10.72,0
2024-03-01,10.72,10.72,10.72,10.72,0
2024-03-04,10.72,10.72,10.72,10.72,62
2024-03-05,10.72,10.72,10.72,10.72,19
2024-03-06,9.19,9.19,9.19,9.19,1100
2024-03-07,9.19,9.19,9.19,9.19,0
2024-03-08,9.19,9.19,9.19,9.19,0
2024-03-11,9.19,9.19,9.19,9.19,0
2024-03-12,9.02,9.02,9.02,9.02,100
2024-03-13,9.02,9.02,9.02,9.02,0
2024-03-14,9.02,9.02,9.02,9.02,0
2024-03-15,9.02,9.02,9.02,9.02,303
2024-03-18,9.02,9.02,9.02,9.02,217
2024-03-19,9.02,9.02,9.02,9.02,200
2024-03-20,9.02,9.02,9.02,9.02,200
2024-03-21,9.02,9.02,9.02,9.02,0
2024-03-22,9.02,9.02,9.02,9.02,0
2024-03-25,9.02,9.02,8.93,8.93,1203
2024-03-26,8.93,8.93,8.93,8.93,29
2024-03-27,8.93,8.93,8.93,8.93,0
2024-03-28,8.93,8.93,8.93,8.93,0
2024-03-29,8.93,8.93,8.93,8.93,0
2024-04-01,8.93,8.93,8.93,8.93,0
2024-04-02,8.93,8.93,8.93,8.93,0
2024-04-03,8.93,8.93,8.93,8.93,0
2024-04-04,8.93,8.93,8.93,8.93,0
2024-04-05,8.93,8.93,8.93,8.93,0
2024-04-08,8.93,8.93,8.93,8.93,0
2024-04-09,8.93,8.93,8.93,8.93,0
2024-04-10,8.93,8.93,8.93,8.93,0
2024-04-11,8.93,8.93,8.93,8.93,0
2024-04-12,8.93,8.93,8.93,8.93,0
2024-04-15,8.93,8.93,8.93,8.93,0
2024-04-16,8.93,8.93,8.93,8.93,100
2024-04-17,8.51,8.68,8.51,8.68,300
2024-04-19,8.59,8.59,8.59,8.59,100
2024-04-22,8.59,8.59,8.59,8.59,0
2024-04-23,8.51,8.51,8.51,8.51,500
2024-04-24,8.51,8.51,8.51,8.51,600
2024-04-25,8.51,8.51,8.51,8.51,0
2024-04-26,8.51,8.51,8.51,8.51,0
2024-05-02,8.51,8.51,8.51,8.51,0
2024-05-03,8.51,8.51,8.51,8.51,51000
2024-05-06,8.51,8.51,8.51,8.51,0
2024-05-07,9.27,9.27,9.27,9.27,110
2024-05-08,9.27,9.27,9.27,9.27,0
2024-05-09,9.27,9.27,9.27,9.27,0
2024-05-10,8.51,8.51,8.51,8.51,500
2024-05-13,8.51,8.51,8.51,8.51,0
2024-05-14,8.51,8.51,8.51,8.51,0
2024-05-15,8.51,8.51,8.51,8.51,0
2024-05-16,8.76,8.76,8.76,8.76,100
2024-05-17,8.85,8.85,8.76,8.76,1000
2024-05-20,8.85,8.85,8.85,8.85,0
2024-05-21,8.85,8.85,8.85,8.85,0
2024-05-22,8.85,8.85,8.85,8.85,0
2024-05-23,8.85,8.85,8.85,8.85,0
2024-05-24,9.12,9.12,9.12,9.12,200
2024-05-27,9.12,9.12,9.12,9.12,0
2024-05-28,9.12,9.12,9.12,9.12,0
2024-05-29,9.12,9.12,9.12,9.12,0
2024-05-30,9.12,9.12,9.12,9.12,0
2024-05-31,9.12,9.12,9.12,9.12,0
2024-06-03,9.12,9.12,9.12,9.12,0
2024-06-04,9.12,9.12,9.12,9.12,0
2024-06-05,9.68,9.68,9.68,9.68,300
2024-06-06,9.68,9.68,9.68,9.68,0
2024-06-07,9.68,9.68,9.68,9.68,0
2024-06-10,9.68,9.68,9.68,9.68,0
2024-06-11,9.68,9.68,9.68,9.68,0
2024-06-12,9.68,9.68,9.68,9.68,0
2024-06-13,9.68,9.68,9.68,9.68,0
2024-06-14,9.49,9.49,9.49,9.49,500
2024-06-17,9.49,9.49,9.49,9.49,100
2024-06-18,9.49,9.49,9.49,9.49,0
2024-06-19,9.49,9.49,9.49,9.49,0
2024-06-20,9.49,9.49,9.49,9.49,0
2024-06-21,9.49,9.49,9.49,9.49,0
2024-06-24,9.4,9.4,9.4,9.4,102
2024-06-25,9.4,9.4,9.4,9.4,0
2024-06-26,9.4,9.4,9.4,9.4,0
2024-06-27,9.4,9.4,9.4,9.4,0
2024-06-28,9.4,9.4,9.4,9.4,0
2024-07-01,9.4,9.4,9.4,9.4,0
2024-07-02,9.95,9.95,9.95,9.95,100
2024-07-03,9.95,9.95,9.95,9.95,0
2024-07-04,9.95,9.95,9.95,9.95,0
2024-07-05,9.95,9.95,9.95,9.95,0
2024-07-08,9.95,9.95,9.95,9.95,86
2024-07-09,9.95,9.95,9.95,9.95,0
2024-07-10,9.95,9.95,9.95,9.95,0
2024-07-11,9.95,9.95,9.95,9.95,0
2024-07-12,9.95,9.95,9.95,9.95,0
2024-07-15,9.95,9.95,9.95,9.95,1
2024-07-16,9.95,9.95,9.95,9.95,1
2024-07-17,9.95,9.95,9.95,9.95,0
2024-07-18,9.95,9.95,9.95,9.95,0
2024-07-19,9.95,9.95,9.95,9.95,0
2024-07-22,9.95,9.95,9.95,9.95,4
2024-07-23,9.95,9.95,9.95,9.95,0
2024-07-24,9.95,9.95,9.95,9.95,0
2024-07-25,9.95,9.95,9.95,9.95,0
2024-07-26,9.95,9.95,9.95,9.95,0
2024-07-29,9.68,9.68,9.68,9.68,100
2024-07-30,9.68,9.68,9.68,9.68,0
2024-07-31,9.68,9.68,9.4,9.4,407
2024-08-01,9.59,9.59,9.59,9.59,0
2024-08-02,9.59,9.59,9.59,9.59,0
2024-08-05,9.59,9.59,9.59,9.59,0
2024-08-06,9.59,9.59,9.59,9.59,0
2024-08-07,9.59,9.59,9.59,9.59,0
2024-08-08,10.6,10.97,10.6,10.97,200
2024-08-09,10.78,10.78,10.78,10.78,0
2024-08-12,10.78,10.78,10.78,10.78,0
2024-08-13,10.23,10.23,10.23,10.23,1001
2024-08-14,10.23,10.23,10.23,10.23,2000
2024-08-15,10.23,10.23,10.23,10.23,0
2024-08-16,10.23,10.23,10.23,10.23,2000
2024-08-19,10.23,10.23,10.23,10.23,0
2024-08-20,10.23,10.23,10.23,10.23,0
2024-08-21,10.23,10.23,10.23,10.23,0
2024-08-22,10.23,10.23,10.23,10.23,7
2024-08-23,10.23,10.23,10.23,10.23,0
2024-08-26,10.23,10.23,10.23,10.23,83
2024-08-27,10.23,10.23,10.23,10.23,0
2024-08-28,10.23,10.23,10.23,10.23,0
2024-08-29,10.23,10.23,10.23,10.23,0
2024-08-30,10.23,10.23,10.23,10.23,5
2024-09-04,10.23,10.23,10.23,10.23,0
2024-09-05,10.23,10.23,10.23,10.23,0
2024-09-06,10.23,10.23,10.23,10.23,7
2024-09-09,10.23,10.23,10.23,10.23,0
2024-09-10,10.23,10.23,10.23,10.23,5
2024-09-11,10.23,10.23,10.23,10.23,0
2024-09-12,10.23,10.23,10.23,10.23,0
2024-09-13,10.23,10.23,10.23,10.23,0
2024-09-16,10.23,10.23,10.23,10.23,8
2024-09-17,10.23,10.23,10.23,10.23,1
2024-09-18,10.23,10.23,10.23,10.23,0
2024-09-19,11.06,11.06,11.06,11.06,200
2024-09-20,11.52,11.52,11.06,11.06,1187
2024-09-23,11.52,11.52,11.52,11.52,0
2024-09-24,11.52,11.52,11.52,11.52,0
2024-09-25,11.52,11.52,11.52,11.52,0
2024-09-26,11.52,11.52,11.52,11.52,0
2024-09-27,11.52,11.52,11.52,11.52,0
2024-09-30,11.52,11.52,11.52,11.52,0
2024-10-01,11.52,11.52,11.52,11.52,78
2024-10-02,11.52,11.52,11.52,11.52,0
2024-10-03,9.86,9.86,9.86,9.86,150
2024-10-04,9.86,9.86,9.86,9.86,0
2024-10-07,9.86,9.86,9.86,9.86,0
2024-10-08,9.86,9.86,9.86,9.86,0
2024-10-09,9.59,9.59,9.59,9.59,204
2024-10-10,9.22,9.22,9.22,9.22,150
2024-10-11,9.22,9.22,9.22,9.22,0
2024-10-14,9.22,9.22,9.22,9.22,0
2024-10-15,9.22,9.22,9.22,9.22,0
2024-10-16,9.22,9.22,9.22,9.22,0
2024-10-17,9.22,9.22,9.22,9.22,0
2024-10-18,9.22,9.22,9.22,9.22,1
2024-10-21,9.22,9.22,9.22,9.22,0
2024-10-22,9.22,9.22,9.22,9.22,0
2024-10-23,9.22,9.22,9.22,9.22,0
2024-10-24,9.22,9.22,9.22,9.22,0
2024-10-25,9.22,9.22,9.22,9.22,0
2024-10-28,9.22,9.22,9.22,9.22,0
2024-10-29,9.22,9.22,9.22,9.22,0
2024-10-30,9.22,9.22,9.22,9.22,0
2024-10-31,9.22,9.22,9.22,9.22,0
2024-11-01,9.22,9.22,9.22,9.22,0
2024-11-04,9.4,9.4,9.4,9.4,300
2024-11-05,9.4,9.4,9.4,9.4,0
2024-11-06,9.4,9.4,9.4,9.4,4
2024-11-07,9.49,9.49,9.49,9.49,100
2024-11-08,9.49,9.49,9.49,9.49,0
2024-11-11,9.49,9.49,9.49,9.49,0
2024-11-12,9.31,9.31,9.31,9.31,800
2024-11-13,9.31,9.31,9.31,9.31,0
2024-11-14,9.31,9.31,9.31,9.31,0
2024-11-15,9.31,9.31,9.31,9.31,0
2024-11-18,9.31,9.31,9.31,9.31,0
2024-11-19,10.05,10.05,10.05,10.05,1000
2024-11-20,10.05,10.05,10.05,10.05,0
2024-11-21,10.05,10.05,10.05,10.05,0
2024-11-22,10.05,10.05,10.05,10.05,0
2024-11-25,10.05,10.05,10.05,10.05,0
2024-11-26,10.05,10.05,10.05,10.05,0
2024-11-27,10.05,10.05,10.05,10.05,0
2024-11-28,10.05,10.05,10.05,10.05,1000
2024-11-29,10.05,10.05,10.05,10.05,1000
2024-12-02,10.05,10.05,10.05,10.05,0
2024-12-03,10.05,10.05,10.05,10.05,2000
2024-12-04,9.95,9.95,9.95,9.95,2000
2024-12-05,9.95,9.95,9.95,9.95,0
2024-12-06,9.95,9.95,9.95,9.95,0
2024-12-09,9.95,9.95,9.95,9.95,0
2024-12-10,9.95,9.95,9.95,9.95,0
2024-12-11,9.95,9.95,9.95,9.95,0
2024-12-12,10.05,10.05,9.86,9.86,1102
2024-12-13,9.86,9.86,9.86,9.86,3200
2024-12-16,9.86,9.86,9.86,9.86,0
2024-12-17,9.86,9.86,9.86,9.86,0
2024-12-18,9.86,9.86,9.86,9.86,0
2024-12-19,9.86,9.86,9.86,9.86,0
2024-12-20,9.86,9.86,9.86,9.86,0
2024-12-23,10.05,10.05,10.05,10.05,2000
2024-12-24,10.05,10.05,10.05,10.05,0
2024-12-25,10.05,10.05,10.05,10.05,0
2024-12-26,10.05,10.05,10.05,10.05,3
2024-12-27,10.05,10.05,10.05,10.05,0
2024-12-30,10.05,10.05,10.05,10.05,0
2024-12-31,10.05,10.05,10.05,10.05,0
2025-01-02,10.05,10.05,10.05,10.05,0
2025-01-03,10.05,10.05,10.05,10.05,100
2025-01-06,10.05,10.05,10.05,10.05,0
2025-01-07,10.05,10.05,10.05,10.05,0
2025-01-08,10.05,10.05,10.05,10.05,0
2025-01-09,10.05,10.05,10.05,10.05,0
2025-01-10,10.05,10.05,10.05,10.05,0
2025-01-13,10.05,10.05,10.05,10.05,0
2025-01-14,10.05,10.05,10.05,10.05,0
2025-01-15,10.05,10.05,10.05,10.05,0
2025-01-16,10.05,10.05,10.05,10.05,1500
2025-01-17,10.05,10.05,10.05,10.05,700
2025-01-20,10.05,10.05,10.05,10.05,0
2025-01-21,10.05,10.05,10.05,10.05,0
2025-01-22,10.05,10.05,10.05,10.05,0
2025-01-23,10.05,10.05,10.05,10.05,0
2025-01-24,10.51,10.51,10.51,10.51,100
2025-02-03,10.51,10.51,10.51,10.51,0
2025-02-04,10.51,10.51,10.51,10.51,0
2025-02-05,10.51,10.51,10.51,10.51,0
2025-02-06,10.51,10.51,10.51,10.51,0
2025-02-07,10.51,10.51,10.51,10.51,0
2025-02-10,10.51,10.51,10.51,10.51,0
2025-02-11,10.51,10.51,10.51,10.51,0
2025-02-12,10.51,10.51,10.51,10.51,0
2025-02-13,10.51,10.51,10.51,10.51,0
2025-02-14,10.51,10.51,10.51,10.51,0
2025-02-17,10.51,10.51,10.51,10.51,0
2025-02-18,10.51,10.51,10.51,10.51,0
2025-02-19,10.51,10.51,10.51,10.51,0
2025-02-20,10.51,10.51,10.51,10.51,0
2025-02-21,10.51,10.51,10.51,10.51,100
2025-02-24,10.51,10.51,10.51,10.51,200
2025-02-25,10.51,10.51,10.51,10.51,0
2025-02-26,10.51,10.51,10.51,10.51,200
2025-02-27,10.05,10.05,10.05,10.05,100
2025-02-28,10.05,10.05,10.05,10.05,0
2025-03-03,8.76,8.76,8.76,8.76,100
2025-03-04,9.22,9.22,9.22,9.22,200
2025-03-05,9.22,9.22,9.22,9.22,0
2025-03-06,9.22,9.22,9.22,9.22,0
2025-03-07,9.22,9.22,9.22,9.22,0
2025-03-10,9.22,9.22,9.22,9.22,0
2025-03-11,9.68,10.6,9.68,10.6,5300
2025-03-12,10.69,10.69,10.69,10.69,137
2025-03-13,10.69,10.69,10.69,10.69,0
2025-03-14,10.88,10.88,10.88,10.88,100
2025-03-17,10.88,10.88,10.88,10.88,0
2025-03-18,10.88,10.88,10.88,10.88,0
2025-03-19,10.88,10.88,10.88,10.88,0
2025-03-20,10.51,10.51,10.51,10.51,100
2025-03-21,10.51,10.51,10.51,10.51,0
2025-03-24,10.51,10.51,10.51,10.51,5
2025-03-25,10.32,10.32,10.32,10.32,200
2025-03-26,10.32,10.32,10.32,10.32,0
2025-03-27,10.05,10.05,9.95,9.95,2900
2025-03-28,9.59,9.59,9.59,9.59,2100
2025-03-31,9.59,9.59,9.59,9.59,4
2025-04-01,9.59,9.59,9.59,9.59,41
2025-04-02,9.59,9.59,9.59,9.59,0
2025-04-03,9.77,9.77,9.77,9.77,1700
2025-04-04,9.77,9.77,9.77,9.77,0
2025-04-08,9.77,9.77,9.77,9.77,2000
2025-04-09,9.68,9.77,9.49,9.77,4100
2025-04-10,10.05,10.05,10.05,10.05,100
2025-04-11,10.05,10.05,10.05,10.05,0
2025-04-14,10.05,10.05,10.05,10.05,1
2025-04-15,10.05,10.05,10.05,10.05,0
2025-04-16,10.05,10.05,10.05,10.05,0
2025-04-17,10.05,10.05,10.05,10.05,0
2025-04-18,10.05,10.05,10.05,10.05,9
2025-04-21,10.05,10.05,10.05,10.05,0
2025-04-22,10.05,10.05,10.05,10.05,0
2025-04-23,10.05,10.05,10.05,10.05,0
2025-04-24,10.05,10.05,10.05,10.05,0
2025-04-25,10.51,10.51,10.51,10.51,100
2025-04-28,10.51,10.51,10.51,10.51,0
2025-04-29,10.51,10.51,10.51,10.51,0
2025-05-05,10.51,10.51,10.51,10.51,0
2025-05-06,10.51,10.51,10.51,10.51,0
2025-05-07,10.51,10.51,10.51,10.51,0
2025-05-08,10.51,10.51,10.51,10.51,0
2025-05-09,10.51,10.51,10.51,10.51,0
2025-05-12,10.51,10.51,10.51,10.51,0
2025-05-13,10.51,10.51,10.51,10.51,0
2025-05-14,10.51,10.51,10.51,10.51,0
2025-05-15,10.51,10.51,10.51,10.51,0
2025-05-16,10.51,10.51,10.51,10.51,0
2025-05-19,10.51,10.51,10.51,10.51,0
2025-05-20,10.51,10.51,10.51,10.51,0
2025-05-21,10.51,10.51,10.51,10.51,0
2025-05-22,10.51,10.51,10.51,10.51,0
2025-05-23,10.51,10.51,10.51,10.51,0
2025-05-26,10.51,10.51,10.51,10.51,1
2025-05-27,10.51,10.51,10.51,10.51,500
2025-05-28,10.51,10.51,10.51,10.51,101
2025-05-29,10.51,10.51,10.51,10.51,400
2025-05-30,10.51,10.51,10.51,10.51,0
2025-06-02,10.51,10.51,10.51,10.51,0
2025-06-03,10.51,10.51,10.51,10.51,0
2025-06-04,10.51,10.51,10.51,10.51,0
2025-06-05,10.51,10.51,10.51,10.51,0
2025-06-06,10.6,10.6,10.6,10.6,100
2025-06-09,10.6,10.6,10.6,10.6,200
2025-06-10,10.6,10.6,10.6,10.6,0
2025-06-11,10.5,10.5,10.5,10.5,100
2025-06-12,10.5,10.5,10.5,10.5,0
2025-06-13,10.5,10.5,10.5,10.5,0
2025-06-16,10.5,10.5,10.5,10.5,0
2025-06-17,10.5,10.5,10.5,10.5,0
2025-06-18,10.5,10.5,10.5,10.5,0
2025-06-19,10.5,10.5,10.5,10.5,0
2025-06-27,11.8,11.8,11.8,11.8,100
2025-07-01,10.5,10.5,10.1,10.1,1200
2025-07-02,11.4,11.4,11.4,11.4,100
2025-07-09,11.9,12.0,11.9,12.0,200
2025-07-10,13.0,13.0,13.0,13.0,400
2025-07-11,11.3,11.5,11.1,11.5,1000
2025-07-14,11.5,12.0,11.5,12.0,300
2025-07-16,11.7,11.7,11.7,11.7,700
2025-07-25,11.7,11.7,11.7,11.7,100
2025-07-29,11.7,11.8,11.7,11.8,500
2025-07-31,12.5,13.4,12.5,13.4,400
2025-08-01,13.0,13.0,13.0,13.0,100
2025-08-07,14.4,14.4,12.8,12.8,500
2025-08-11,11.7,12.0,11.7,11.7,600
2025-08-12,11.8,11.8,11.8,11.8,100
2025-08-15,12.0,12.0,11.0,11.0,600
2025-08-19,11.5,11.5,11.5,11.5,100
2025-08-21,11.0,11.9,11.0,11.9,700
2025-08-26,11.9,11.9,11.9,11.9,200
2025-09-04,11.9,11.9,11.9,11.9,1000
2025-09-08,11.9,11.9,11.9,11.9,1100
2025-09-10,12.0,12.0,12.0,12.0,300
2025-09-15,13.6,13.6,12.0,12.0,400
2025-09-17,11.3,11.9,11.3,11.9,400
2025-09-18,11.8,11.8,11.8,11.8,200
2025-09-19,11.9,12.1,11.8,11.9,1800
2025-09-22,11.9,11.9,11.9,11.9,1000
2025-09-23,11.9,11.9,11.9,11.9,200
2025-09-24,13.2,13.2,13.2,13.2,200
2025-09-25,11.3,13.0,11.3,11.4,1400
2025-09-26,11.5,11.5,11.5,11.5,200
2025-10-01,12.9,12.9,12.9,12.9,100
2025-10-02,13.3,13.3,12.9,12.9,200
2025-10-09,11.7,11.7,11.5,11.7,300
2025-10-13,11.6,11.6,11.6,11.6,100
