time,open,high,low,close,volume
2015-12-15,7.91,0.0,0.0,0.0,0
2015-12-16,7.91,0.0,0.0,0.0,0
2015-12-17,7.91,0.0,0.0,0.0,0
2015-12-18,7.91,0.0,0.0,0.0,0
2015-12-21,7.91,0.0,0.0,0.0,0
2015-12-22,7.91,0.0,0.0,0.0,0
2015-12-23,7.91,0.0,0.0,0.0,0
2015-12-24,7.91,0.0,0.0,0.0,0
2015-12-25,7.91,0.0,0.0,0.0,0
2015-12-28,7.91,0.0,0.0,0.0,0
2015-12-29,7.91,0.0,0.0,0.0,0
2015-12-30,7.91,0.0,0.0,0.0,0
2015-12-31,7.91,0.0,0.0,0.0,0
2016-01-04,7.91,0.0,0.0,0.0,0
2016-01-05,7.91,0.0,0.0,0.0,0
2016-01-06,7.91,0.0,0.0,0.0,0
2016-01-07,7.91,0.0,0.0,0.0,0
2016-01-08,7.91,0.0,0.0,0.0,0
2016-01-11,7.91,0.0,0.0,0.0,0
2016-01-12,7.91,0.0,0.0,0.0,0
2016-01-13,7.91,0.0,0.0,0.0,0
2016-01-14,6.71,6.71,6.71,6.71,300
2016-01-15,6.71,6.71,6.71,6.71,0
2016-01-18,6.71,6.71,6.71,6.71,0
2016-01-19,6.71,6.71,6.71,6.71,0
2016-01-20,6.71,6.71,6.71,6.71,0
2016-01-21,6.71,6.71,6.71,6.71,0
2016-01-22,6.71,6.71,6.71,6.71,0
2016-01-25,6.71,6.71,6.71,6.71,0
2016-01-26,6.71,6.71,6.71,6.71,0
2016-01-27,6.71,6.71,6.71,6.71,0
2016-01-28,6.71,6.71,6.71,6.71,0
2016-01-29,6.71,6.71,6.71,6.71,0
2016-02-01,6.71,6.71,6.71,6.71,0
2016-02-02,6.71,6.71,6.71,6.71,0
2016-02-03,6.71,6.71,6.71,6.71,0
2016-02-04,6.71,6.71,6.71,6.71,0
2016-02-05,6.71,6.71,6.71,6.71,0
2016-02-15,6.71,6.71,6.71,6.71,0
2016-02-16,6.71,6.71,6.71,6.71,0
2016-02-17,6.71,6.71,6.71,6.71,0
2016-02-18,6.71,6.71,6.71,6.71,0
2016-02-19,6.71,6.71,6.71,6.71,0
2016-02-22,6.71,6.71,6.71,6.71,0
2016-02-23,6.71,6.71,6.71,6.71,0
2016-02-24,6.71,6.71,6.71,6.71,0
2016-02-25,6.71,6.71,6.71,6.71,0
2016-02-26,6.71,6.71,6.71,6.71,0
2016-02-29,6.71,6.71,6.71,6.71,0
2016-03-01,6.71,6.71,6.71,6.71,0
2016-03-02,6.71,6.71,6.71,6.71,0
2016-03-03,6.71,6.71,6.71,6.71,0
2016-03-04,6.71,6.71,6.71,6.71,0
2016-03-07,6.71,6.71,6.71,6.71,0
2016-03-08,6.71,6.71,6.71,6.71,0
2016-03-09,6.71,6.71,6.71,6.71,0
2016-03-10,6.71,6.71,6.71,6.71,0
2016-03-11,6.71,6.71,6.71,6.71,0
2016-03-14,6.71,6.71,6.71,6.71,0
2016-03-15,6.71,6.71,6.71,6.71,0
2016-03-16,6.71,6.71,6.71,6.71,0
2016-03-17,6.71,6.71,6.71,6.71,0
2016-03-18,6.71,6.71,6.71,6.71,0
2016-03-21,6.71,6.71,6.71,6.71,0
2016-03-22,6.71,6.71,6.71,6.71,0
2016-03-23,6.71,6.71,6.71,6.71,0
2016-03-24,6.71,6.71,6.71,6.71,0
2016-03-25,6.71,6.71,6.71,6.71,0
2016-03-28,6.71,6.71,6.71,6.71,0
2016-03-29,6.71,6.71,6.71,6.71,0
2016-03-30,6.71,6.71,6.71,6.71,0
2016-03-31,6.71,6.71,6.71,6.71,0
2016-04-01,6.71,6.71,6.71,6.71,0
2016-04-04,6.71,6.71,6.71,6.71,0
2016-04-05,6.71,6.71,6.71,6.71,0
2016-04-06,6.71,6.71,6.71,6.71,0
2016-04-07,6.71,6.71,6.71,6.71,0
2016-04-08,6.71,6.71,6.71,6.71,0
2016-04-11,6.71,6.71,6.71,6.71,0
2016-04-12,6.71,6.71,6.71,6.71,0
2016-04-13,6.71,6.71,6.71,6.71,0
2016-04-14,6.71,6.71,6.71,6.71,0
2016-04-15,6.71,6.71,6.71,6.71,0
2016-04-19,6.71,6.71,6.71,6.71,0
2016-04-20,6.71,6.71,6.71,6.71,0
2016-04-21,6.71,6.71,6.71,6.71,0
2016-04-22,6.71,6.71,6.71,6.71,0
2016-04-25,6.71,6.71,6.71,6.71,0
2016-04-26,6.71,6.71,6.71,6.71,0
2016-04-27,6.71,6.71,6.71,6.71,0
2016-04-28,5.69,5.69,5.69,5.69,100
2016-04-29,5.69,5.69,5.69,5.69,0
2016-05-04,5.69,5.69,5.69,5.69,0
2016-05-05,5.69,5.69,5.69,5.69,0
2016-05-06,6.26,6.54,6.26,6.54,200
2016-05-09,6.54,6.54,6.54,6.54,0
2016-05-10,6.54,6.54,6.54,6.54,0
2016-05-11,7.03,7.03,7.03,7.03,0
2016-05-12,7.34,7.34,7.34,7.34,300
2016-05-13,7.34,7.34,7.34,7.34,0
2016-05-16,7.34,7.34,7.34,7.34,0
2016-05-17,7.34,7.34,7.34,7.34,0
2016-05-18,7.34,7.34,7.34,7.34,0
2016-05-19,7.34,7.34,7.34,7.34,0
2016-05-20,7.34,7.34,7.34,7.34,0
2016-05-23,7.34,7.34,7.34,7.34,0
2016-05-24,7.34,7.34,7.34,7.34,0
2016-05-25,6.73,6.73,6.73,6.73,3000
2016-05-26,6.73,6.73,6.73,6.73,0
2016-05-27,6.73,6.73,6.73,6.73,0
2016-05-30,6.73,6.73,6.73,6.73,0
2016-05-31,6.73,6.73,6.73,6.73,0
2016-06-01,6.73,6.73,6.73,6.73,0
2016-06-02,6.73,6.73,6.73,6.73,0
2016-06-03,6.73,6.73,6.73,6.73,0
2016-06-06,6.73,6.73,6.73,6.73,0
2016-06-07,6.73,6.73,6.73,6.73,0
2016-06-08,5.75,5.75,5.75,5.75,100
2016-06-09,5.75,5.75,5.75,5.75,0
2016-06-10,6.6,6.6,4.89,4.89,700
2016-06-13,4.89,4.89,4.89,4.89,0
2016-06-14,5.81,5.81,5.81,5.81,300
2016-06-15,5.81,5.81,5.81,5.81,0
2016-06-16,5.81,5.81,5.81,5.81,0
2016-06-17,5.81,5.81,5.81,5.81,0
2016-06-20,5.81,5.81,5.81,5.81,0
2016-06-21,5.81,5.81,5.81,5.81,0
2016-06-22,5.81,5.81,5.81,5.81,0
2016-06-23,5.81,5.81,5.81,5.81,0
2016-06-24,5.81,5.81,5.81,5.81,0
2016-06-27,5.81,5.81,5.81,5.81,0
2016-06-28,5.81,5.81,5.81,5.81,0
2016-06-29,5.81,5.81,5.81,5.81,0
2016-06-30,5.81,5.81,5.81,5.81,0
2016-07-01,5.81,5.81,5.81,5.81,0
2016-07-04,5.81,5.81,5.81,5.81,0
2016-07-05,5.81,5.81,5.81,5.81,0
2016-07-06,5.81,5.81,5.81,5.81,0
2016-07-07,4.95,5.2,4.95,5.2,200
2016-07-08,5.2,5.2,5.2,5.2,0
2016-07-11,4.65,4.65,4.34,4.34,400
2016-07-12,4.34,4.34,4.34,4.34,0
2016-07-13,4.34,4.34,4.34,4.34,0
2016-07-14,4.34,4.34,4.34,4.34,0
2016-07-15,4.34,4.34,4.34,4.34,0
2016-07-18,4.34,4.34,4.34,4.34,0
2016-07-19,4.34,4.34,4.34,4.34,0
2016-07-20,4.34,4.34,4.34,4.34,0
2016-07-21,4.34,4.34,4.34,4.34,0
2016-07-22,4.34,4.34,4.34,4.34,0
2016-07-25,4.34,4.34,4.34,4.34,0
2016-07-26,4.34,4.34,4.34,4.34,0
2016-07-27,4.34,4.34,4.34,4.34,0
2016-07-28,4.34,4.34,4.34,4.34,0
2016-07-29,4.34,4.34,4.34,4.34,0
2016-08-01,4.34,4.34,4.34,4.34,0
2016-08-02,4.34,4.34,4.34,4.34,0
2016-08-03,4.34,4.34,4.34,4.34,0
2016-08-04,4.34,4.34,4.34,4.34,0
2016-08-05,4.34,4.34,4.34,4.34,0
2016-08-08,4.34,4.34,4.34,4.34,0
2016-08-09,4.34,4.34,4.34,4.34,0
2016-08-10,4.34,4.34,4.34,4.34,0
2016-08-11,4.34,4.34,4.34,4.34,0
2016-08-12,4.34,4.34,4.34,4.34,0
2016-08-15,4.34,4.34,4.34,4.34,0
2016-08-16,4.34,4.34,4.34,4.34,0
2016-08-17,4.34,4.34,4.34,4.34,0
2016-08-18,4.34,4.34,4.34,4.34,0
2016-08-19,4.34,4.34,4.34,4.34,0
2016-08-22,4.34,4.34,4.34,4.34,0
2016-08-23,4.34,4.34,4.34,4.34,0
2016-08-24,4.34,4.34,4.34,4.34,0
2016-08-25,4.34,4.34,4.34,4.34,0
2016-08-26,4.34,4.34,4.34,4.34,0
2016-08-29,4.34,4.34,4.34,4.34,0
2016-08-30,4.34,4.34,4.34,4.34,0
2016-08-31,4.34,4.34,4.34,4.34,0
2016-09-01,4.34,4.34,4.34,4.34,0
2016-09-05,4.34,4.34,4.34,4.34,0
2016-09-06,4.34,4.34,4.34,4.34,0
2016-09-07,4.34,4.34,4.34,4.34,0
2016-09-08,4.34,4.34,4.34,4.34,0
2016-09-09,4.34,4.34,4.34,4.34,0
2016-09-12,4.34,4.34,4.34,4.34,0
2016-09-13,4.34,4.34,4.34,4.34,0
2016-09-14,4.34,4.34,4.34,4.34,0
2016-09-15,4.34,4.34,4.34,4.34,0
2016-09-16,4.34,4.34,4.34,4.34,0
2016-09-19,4.34,4.34,4.34,4.34,0
2016-09-20,4.34,4.34,4.34,4.34,0
2016-09-21,4.34,4.34,4.34,4.34,0
2016-09-22,4.34,4.34,4.34,4.34,0
2016-09-23,4.34,4.34,4.34,4.34,0
2016-09-26,4.34,4.34,4.34,4.34,0
2016-09-27,4.34,4.34,4.34,4.34,0
2016-09-28,4.34,4.34,4.34,4.34,0
2016-09-29,4.34,4.34,4.34,4.34,0
2016-09-30,4.34,4.34,4.34,4.34,0
2016-10-03,4.34,4.34,4.34,4.34,0
2016-10-04,4.34,4.34,4.34,4.34,0
2016-10-05,4.34,4.34,4.34,4.34,0
2016-10-06,4.34,4.34,4.34,4.34,0
2016-10-07,4.34,4.34,4.34,4.34,0
2016-10-10,4.34,4.34,4.34,4.34,0
2016-10-11,4.34,4.34,4.34,4.34,0
2016-10-12,4.34,4.34,4.34,4.34,0
2016-10-13,4.34,4.34,4.34,4.34,0
2016-10-14,4.34,4.34,4.34,4.34,0
2016-10-17,4.34,4.34,4.34,4.34,0
2016-10-18,4.34,4.34,4.34,4.34,0
2016-10-19,4.46,4.46,4.46,4.46,500
2016-10-20,4.46,4.46,4.46,4.46,500
2016-10-21,4.46,4.46,4.46,4.46,0
2016-10-24,4.46,4.46,4.46,4.46,0
2016-10-25,4.46,4.46,4.46,4.46,0
2016-10-26,4.46,4.46,4.46,4.46,0
2016-10-27,4.46,4.46,4.46,4.46,0
2016-10-28,4.46,4.46,4.46,4.46,0
2016-10-31,4.46,4.46,4.46,4.46,0
2016-11-01,4.46,4.46,4.46,4.46,1000
2016-11-02,4.46,4.46,4.46,4.46,0
2016-11-03,4.46,4.46,4.46,4.46,8000
2016-11-04,4.46,4.46,4.46,4.46,0
2016-11-07,4.46,4.46,4.46,4.46,0
2016-11-08,4.46,4.46,4.46,4.46,0
2016-11-09,4.46,4.46,4.46,4.46,0
2016-11-10,4.46,4.46,4.46,4.46,0
2016-11-11,4.46,4.46,4.46,4.46,0
2016-11-14,4.46,4.46,4.46,4.46,0
2016-11-15,4.46,4.46,4.46,4.46,0
2016-11-16,4.46,4.46,4.46,4.46,0
2016-11-17,4.46,4.46,4.46,4.46,0
2016-11-18,4.46,4.46,4.46,4.46,0
2016-11-21,4.46,4.46,4.46,4.46,0
2016-11-22,4.46,4.46,4.46,4.46,0
2016-11-23,4.46,4.46,4.46,4.46,0
2016-11-24,4.46,4.46,4.46,4.46,0
2016-11-25,4.46,4.46,4.46,4.46,0
2016-11-28,4.46,4.46,4.46,4.46,0
2016-11-29,4.46,4.46,4.46,4.46,0
2016-11-30,4.46,4.46,4.46,4.46,0
2016-12-01,4.46,4.46,4.46,4.46,0
2016-12-02,4.46,4.46,4.46,4.46,0
2016-12-05,4.46,4.46,4.46,4.46,0
2016-12-06,4.46,4.46,4.46,4.46,0
2016-12-07,4.46,4.46,4.46,4.46,0
2016-12-08,4.46,4.46,4.46,4.46,0
2016-12-09,4.46,4.46,4.46,4.46,0
2016-12-12,4.46,4.46,4.46,4.46,0
2016-12-13,4.46,4.46,4.46,4.46,0
2016-12-14,4.46,4.46,4.46,4.46,0
2016-12-15,4.46,4.46,4.46,4.46,0
2016-12-16,4.46,4.46,4.46,4.46,0
2016-12-19,4.46,4.46,4.46,4.46,0
2016-12-20,4.46,4.46,4.46,4.46,0
2016-12-21,4.46,4.46,4.46,4.46,0
2016-12-22,4.46,4.46,4.46,4.46,0
2016-12-23,4.46,4.46,4.46,4.46,0
2016-12-26,4.46,4.46,4.46,4.46,0
2016-12-27,4.46,4.46,4.46,4.46,0
2016-12-28,4.46,4.46,4.46,4.46,0
2016-12-29,4.46,4.46,4.46,4.46,0
2016-12-30,4.46,4.46,4.46,4.46,0
2017-01-03,4.46,4.46,4.46,4.46,0
2017-01-04,4.46,4.46,4.46,4.46,0
2017-01-05,4.46,4.46,4.46,4.46,0
2017-01-06,4.46,4.46,4.46,4.46,0
2017-01-09,4.46,4.46,4.46,4.46,0
2017-01-10,4.46,4.46,4.46,4.46,0
2017-01-11,4.46,4.46,4.46,4.46,0
2017-01-12,4.46,4.46,4.46,4.46,0
2017-01-13,4.46,4.46,4.46,4.46,0
2017-01-16,4.46,4.46,4.46,4.46,0
2017-01-17,4.46,4.46,4.46,4.46,0
2017-01-18,4.46,4.46,4.46,4.46,0
2017-01-19,4.46,4.46,4.46,4.46,0
2017-01-20,4.46,4.46,4.46,4.46,0
2017-01-23,4.46,4.46,4.46,4.46,0
2017-01-24,4.46,4.46,4.46,4.46,0
2017-01-25,4.46,4.46,4.46,4.46,0
2017-02-02,4.46,4.46,4.46,4.46,0
2017-02-03,4.46,4.46,4.46,4.46,0
2017-02-06,4.46,4.46,4.46,4.46,0
2017-02-07,4.46,4.46,4.46,4.46,0
2017-02-08,4.46,4.46,4.46,4.46,0
2017-02-09,4.46,4.46,4.46,4.46,0
2017-02-10,4.46,4.46,4.46,4.46,0
2017-02-13,4.46,4.46,4.46,4.46,0
2017-02-14,4.46,4.46,4.46,4.46,0
2017-02-15,4.46,4.46,4.46,4.46,0
2017-02-16,4.46,4.46,4.46,4.46,0
2017-02-17,4.46,4.46,4.46,4.46,0
2017-02-20,4.46,4.46,4.46,4.46,0
2017-02-21,4.46,4.46,4.46,4.46,0
2017-02-22,4.46,4.46,4.46,4.46,0
2017-02-23,4.46,4.46,4.46,4.46,0
2017-02-24,4.46,4.46,4.46,4.46,0
2017-02-27,4.46,4.46,4.46,4.46,0
2017-02-28,4.46,4.46,4.46,4.46,0
2017-03-01,4.46,4.46,4.46,4.46,0
2017-03-02,4.46,4.46,4.46,4.46,0
2017-03-03,4.46,4.46,4.46,4.46,0
2017-03-06,4.46,4.46,4.46,4.46,0
2017-03-07,4.46,4.46,4.46,4.46,0
2017-03-08,4.46,4.46,4.46,4.46,0
2017-03-09,4.46,4.46,4.46,4.46,0
2017-03-10,4.46,4.46,4.46,4.46,0
2017-03-13,4.46,4.46,4.46,4.46,0
2017-03-14,4.46,4.46,4.46,4.46,0
2017-03-15,4.46,4.46,4.46,4.46,0
2017-03-16,5.07,5.07,5.07,5.07,200
2017-03-17,5.5,5.5,5.5,5.5,300
2017-03-20,5.5,5.5,5.5,5.5,0
2017-03-21,5.5,5.5,5.5,5.5,0
2017-03-22,5.5,5.5,5.5,5.5,0
2017-03-23,5.5,5.5,5.5,5.5,0
2017-03-24,5.5,5.5,5.5,5.5,0
2017-03-27,5.5,5.5,5.5,5.5,0
2017-03-28,5.5,5.5,5.5,5.5,0
2017-03-29,5.5,5.5,5.5,5.5,0
2017-03-30,5.5,5.5,5.5,5.5,0
2017-03-31,5.5,5.5,5.5,5.5,0
2017-04-03,5.5,5.5,5.5,5.5,0
2017-04-04,5.5,5.5,5.5,5.5,0
2017-04-05,5.5,5.5,5.5,5.5,0
2017-04-07,5.5,5.5,5.5,5.5,0
2017-04-10,5.09,5.09,5.09,5.09,100
2017-04-11,5.5,5.5,5.5,5.5,500
2017-04-12,5.5,5.5,5.5,5.5,0
2017-04-13,5.5,5.5,5.5,5.5,0
2017-04-14,5.5,5.5,5.5,5.5,0
2017-04-17,5.5,5.5,5.5,5.5,0
2017-04-18,5.5,5.5,5.5,5.5,0
2017-04-19,5.5,5.5,5.5,5.5,0
2017-04-20,5.5,5.5,5.5,5.5,0
2017-04-21,5.5,5.5,5.5,5.5,0
2017-04-24,5.5,5.5,5.5,5.5,0
2017-04-25,5.5,5.5,5.5,5.5,0
2017-04-26,5.5,5.5,5.5,5.5,0
2017-04-27,5.5,5.5,5.5,5.5,0
2017-04-28,5.5,5.5,5.5,5.5,0
2017-05-03,5.5,5.5,5.5,5.5,0
2017-05-04,5.5,5.5,5.5,5.5,0
2017-05-05,5.5,5.5,5.5,5.5,0
2017-05-08,5.5,5.5,5.5,5.5,0
2017-05-09,5.5,5.5,5.5,5.5,0
2017-05-10,5.5,5.5,5.5,5.5,0
2017-05-11,5.5,5.5,5.5,5.5,0
2017-05-12,5.5,5.5,5.5,5.5,0
2017-05-15,5.5,5.5,5.5,5.5,0
2017-05-16,5.5,5.5,5.5,5.5,0
2017-05-17,5.5,5.5,5.5,5.5,0
2017-05-18,5.5,5.5,5.5,5.5,0
2017-05-19,5.5,5.5,5.5,5.5,0
2017-05-22,5.5,5.5,5.5,5.5,0
2017-05-23,5.5,5.5,5.5,5.5,0
2017-05-24,5.5,5.5,5.5,5.5,0
2017-05-25,5.5,5.5,5.5,5.5,0
2017-05-26,4.68,4.68,4.68,4.68,500
2017-05-29,4.81,4.81,4.81,4.81,500
2017-05-30,4.81,4.81,4.81,4.81,0
2017-05-31,4.81,4.81,4.81,4.81,0
2017-06-01,4.13,4.26,4.13,4.13,6100
2017-06-02,4.13,4.13,4.13,4.13,500
2017-06-05,4.13,4.13,4.13,4.13,0
2017-06-06,4.13,4.13,4.13,4.13,0
2017-06-07,4.13,4.13,4.13,4.13,0
2017-06-08,4.2,4.2,4.2,4.2,4000
2017-06-09,4.2,4.2,4.2,4.2,0
2017-06-12,4.81,4.81,4.81,4.81,600
2017-06-13,5.5,5.5,5.5,5.5,3000
2017-06-14,5.5,5.5,5.5,5.5,500
2017-06-15,5.5,5.5,5.5,5.5,0
2017-06-16,5.5,5.5,5.5,5.5,0
2017-06-19,5.16,5.16,5.16,5.16,500
2017-06-20,5.16,5.16,5.16,5.16,4000
2017-06-21,5.16,5.16,5.16,5.16,0
2017-06-22,5.16,5.16,5.16,5.16,0
2017-06-23,5.16,5.16,5.16,5.16,0
2017-06-26,5.16,5.16,5.16,5.16,0
2017-06-27,5.16,5.16,5.16,5.16,0
2017-06-28,5.16,5.16,5.16,5.16,0
2017-06-29,5.16,5.16,5.16,5.16,0
2017-06-30,5.16,5.16,5.16,5.16,0
2017-07-03,5.16,5.16,5.16,5.16,0
2017-07-04,5.16,5.16,5.16,5.16,0
2017-07-05,5.16,5.16,5.16,5.16,0
2017-07-06,5.16,5.16,5.16,5.16,100
2017-07-07,5.16,5.16,5.16,5.16,0
2017-07-10,5.16,5.16,5.16,5.16,0
2017-07-11,5.16,5.16,5.16,5.16,0
2017-07-12,5.16,5.16,5.16,5.16,0
2017-07-13,5.16,5.16,5.16,5.16,0
2017-07-14,5.16,5.16,5.16,5.16,0
2017-07-17,5.16,5.16,5.16,5.16,0
2017-07-18,5.16,5.16,5.16,5.16,0
2017-07-19,5.5,5.5,5.5,5.5,500
2017-07-20,5.5,5.5,5.5,5.5,500
2017-07-21,5.5,5.5,5.5,5.5,0
2017-07-24,5.5,5.5,5.5,5.5,0
2017-07-25,5.5,5.5,5.5,5.5,0
2017-07-26,5.5,5.5,5.5,5.5,0
2017-07-27,5.5,5.5,5.5,5.5,0
2017-07-28,5.5,5.5,5.5,5.5,0
2017-07-31,5.5,5.5,5.5,5.5,0
2017-08-01,5.5,5.5,5.5,5.5,0
2017-08-02,5.5,5.5,5.5,5.5,0
2017-08-03,5.5,5.5,5.5,5.5,0
2017-08-04,5.5,5.5,5.5,5.5,0
2017-08-07,5.5,5.5,5.5,5.5,0
2017-08-08,5.5,5.5,5.5,5.5,0
2017-08-09,5.5,5.5,5.5,5.5,0
2017-08-10,5.5,5.5,5.5,5.5,0
2017-08-11,5.5,5.5,5.5,5.5,0
2017-08-14,5.5,5.5,5.5,5.5,0
2017-08-15,5.5,5.5,5.5,5.5,0
2017-08-16,5.5,5.5,5.5,5.5,0
2017-08-17,5.5,5.5,5.5,5.5,0
2017-08-18,5.5,5.5,5.5,5.5,0
2017-08-21,5.5,5.5,5.5,5.5,0
2017-08-22,5.5,5.5,5.5,5.5,0
2017-08-23,5.5,5.5,5.5,5.5,0
2017-08-24,5.5,5.5,5.5,5.5,0
2017-08-25,5.5,5.5,5.5,5.5,0
2017-08-28,5.5,5.5,5.5,5.5,0
2017-08-29,5.5,5.5,5.5,5.5,0
2017-08-30,5.5,5.5,5.5,5.5,0
2017-08-31,5.5,5.5,5.5,5.5,0
2017-09-01,5.5,5.5,5.5,5.5,0
2017-09-05,5.5,5.5,5.5,5.5,0
2017-09-06,3.3,3.3,3.3,3.3,100
2017-09-07,5.5,5.5,5.5,5.5,0
2017-09-08,5.5,5.5,5.5,5.5,0
2017-09-11,5.5,5.5,5.5,5.5,0
2017-09-12,5.5,5.5,5.5,3.3,26
2017-09-13,5.5,5.5,5.5,5.5,0
2017-09-14,5.5,5.5,5.5,5.5,0
2017-09-15,5.5,5.5,5.5,5.5,0
2017-09-18,5.5,5.5,5.5,5.5,0
2017-09-19,5.5,5.5,5.5,5.5,0
2017-09-20,5.5,5.5,5.5,5.5,0
2017-09-21,5.5,5.5,5.5,5.5,0
2017-09-22,5.5,5.5,5.5,5.5,0
2017-09-25,5.5,5.5,5.5,5.5,0
2017-09-26,5.5,5.5,5.5,5.5,0
2017-09-27,5.5,5.5,5.5,5.5,0
2017-09-28,5.5,5.5,5.5,5.5,0
2017-09-29,5.5,5.5,5.5,5.5,0
2017-10-02,3.78,3.78,3.78,3.78,300
2017-10-03,3.78,3.78,3.78,3.78,0
2017-10-04,3.78,3.78,3.78,3.78,0
2017-10-05,3.78,3.78,3.78,3.78,0
2017-10-06,3.78,3.78,3.78,3.78,0
2017-10-09,3.78,3.78,3.78,3.78,0
2017-10-10,3.78,3.78,3.78,3.78,0
2017-10-11,3.78,3.78,3.78,3.78,0
2017-10-12,3.78,3.78,3.78,3.78,0
2017-10-13,3.78,3.78,3.78,3.78,0
2017-10-16,3.78,3.78,3.78,3.78,0
2017-10-17,3.78,3.78,3.78,3.78,0
2017-10-18,3.78,3.78,3.78,3.78,0
2017-10-19,3.78,3.78,3.78,3.78,0
2017-10-20,3.78,3.78,3.78,3.78,0
2017-10-23,3.78,3.78,3.78,3.78,0
2017-10-24,3.78,3.78,3.78,3.78,0
2017-10-25,3.78,3.78,3.78,3.78,0
2017-10-26,3.78,3.78,3.78,3.78,0
2017-10-27,3.78,3.78,3.78,3.78,0
2017-10-30,3.78,3.78,3.78,3.78,0
2017-10-31,3.78,3.78,3.78,3.78,0
2017-11-01,3.78,3.78,3.78,3.78,0
2017-11-02,3.78,3.78,3.78,3.78,0
2017-11-03,3.78,3.78,3.78,3.78,0
2017-11-06,3.78,3.78,3.78,3.78,0
2017-11-07,3.78,3.78,3.78,3.78,0
2017-11-08,3.78,3.78,3.78,3.78,0
2017-11-09,3.78,3.78,3.78,3.78,0
2017-11-10,3.78,3.78,3.78,3.78,0
2017-11-13,3.78,3.78,3.78,3.78,0
2017-11-14,3.78,3.78,3.78,3.78,0
2017-11-15,3.78,3.78,3.78,3.78,0
2017-11-16,3.78,3.78,3.78,3.78,0
2017-11-17,3.78,3.78,3.78,3.78,0
2017-11-20,3.78,3.78,3.78,3.78,0
2017-11-21,3.78,3.78,3.78,3.78,0
2017-11-22,3.78,3.78,3.78,3.78,0
2017-11-23,3.78,3.78,3.78,3.78,0
2017-11-24,3.78,3.78,3.78,3.78,0
2017-11-27,3.78,3.78,3.78,3.78,0
2017-11-28,3.78,3.78,3.78,3.78,0
2017-11-29,3.78,3.78,3.78,3.78,0
2017-11-30,3.78,3.78,3.78,3.78,0
2017-12-01,3.78,3.78,3.78,3.78,0
2017-12-04,3.78,3.78,3.78,3.78,0
2017-12-05,3.78,3.78,3.78,3.78,0
2017-12-06,3.78,3.78,3.78,3.78,0
2017-12-07,3.44,3.78,3.44,3.44,7800
2017-12-08,3.44,3.44,3.44,3.44,78
2017-12-11,3.44,3.44,3.44,3.44,0
2017-12-12,3.44,3.44,3.44,3.44,0
2017-12-13,3.44,3.44,3.44,3.44,0
2017-12-14,3.44,3.44,3.44,3.44,0
2017-12-15,3.44,3.44,3.44,3.44,0
2017-12-18,3.44,3.44,3.44,3.44,0
2017-12-19,3.44,3.44,3.44,3.44,0
2017-12-20,3.44,3.44,3.44,3.44,0
2017-12-21,3.44,3.44,3.44,3.44,0
2017-12-22,3.44,3.44,3.44,3.44,0
2017-12-25,3.44,3.44,3.44,3.44,0
2017-12-26,3.44,3.44,3.44,3.44,0
2017-12-27,3.44,3.44,3.44,3.44,0
2017-12-28,3.44,3.44,3.44,3.44,0
2017-12-29,3.44,3.44,3.44,3.44,0
2018-01-02,3.44,3.44,3.44,3.44,0
2018-01-03,3.44,3.44,3.44,3.44,0
2018-01-04,3.44,3.44,3.44,3.44,0
2018-01-05,3.44,3.44,3.44,3.44,0
2018-01-08,3.44,3.44,3.44,3.44,0
2018-01-09,3.44,3.44,3.44,3.44,0
2018-01-10,3.44,3.44,3.44,3.44,0
2018-01-11,3.44,3.44,3.44,3.44,0
2018-01-12,3.44,3.44,3.44,3.44,0
2018-01-15,3.44,3.44,3.44,3.44,0
2018-01-16,3.44,3.44,3.44,3.44,0
2018-01-17,3.44,3.44,3.44,3.44,0
2018-01-18,3.44,3.44,3.44,3.44,0
2018-01-19,3.44,3.44,3.44,3.44,0
2018-01-22,3.44,3.44,3.44,3.44,0
2018-01-23,3.44,3.44,3.44,3.44,0
2018-01-24,3.44,3.44,3.44,3.44,0
2018-01-25,3.44,3.44,3.44,3.44,0
2018-01-26,3.44,3.44,3.44,3.44,0
2018-01-29,3.44,3.44,3.44,3.44,0
2018-01-30,3.44,3.44,3.44,3.44,0
2018-01-31,3.44,3.44,3.44,3.44,0
2018-02-01,3.44,3.44,3.44,3.44,0
2018-02-02,3.44,3.44,3.44,3.44,0
2018-02-05,3.44,3.44,3.44,3.44,0
2018-02-06,3.44,3.44,3.44,3.44,0
2018-02-07,3.44,3.44,3.44,3.44,0
2018-02-08,3.44,3.44,3.44,3.44,0
2018-02-09,3.44,3.44,3.44,3.44,0
2018-02-12,3.44,3.44,3.44,3.44,0
2018-02-13,3.44,3.44,3.44,3.44,0
2018-02-21,3.44,3.44,3.44,3.44,0
2018-02-22,3.44,3.44,3.44,3.44,0
2018-02-23,3.44,3.44,3.44,3.44,0
2018-02-26,3.44,3.44,3.44,3.44,0
2018-02-27,3.44,3.44,3.44,3.44,0
2018-02-28,3.44,3.44,3.44,3.44,0
2018-03-01,3.44,3.44,3.44,3.44,0
2018-03-02,3.44,3.44,3.44,3.44,0
2018-03-05,3.44,3.44,3.44,3.44,0
2018-03-06,3.44,3.44,3.44,3.44,0
2018-03-07,3.44,3.44,3.44,3.44,0
2018-03-08,3.44,3.44,3.44,3.44,0
2018-03-09,3.44,3.44,3.44,3.44,0
2018-03-12,3.44,3.44,3.44,3.44,0
2018-03-13,3.44,3.44,3.44,3.44,0
2018-03-14,3.44,3.44,3.44,3.44,0
2018-03-15,3.44,3.44,3.44,3.44,0
2018-03-16,3.44,3.44,3.44,3.44,0
2018-03-19,3.44,3.44,3.44,3.44,0
2018-03-20,3.44,3.44,3.44,3.44,0
2018-03-21,3.44,3.44,3.44,3.44,0
2018-03-22,3.44,3.44,3.44,3.44,0
2018-03-23,3.44,3.44,3.44,3.44,0
2018-03-26,3.44,3.44,3.44,3.44,0
2018-03-27,3.44,3.44,3.44,3.44,0
2018-03-28,3.44,3.44,3.44,3.44,0
2018-03-29,3.44,3.44,3.44,3.44,0
2018-03-30,3.44,3.44,3.44,3.44,0
2018-04-02,3.44,3.44,3.44,3.44,0
2018-04-03,3.44,3.44,3.44,3.44,0
2018-04-04,3.44,3.44,3.44,3.44,0
2018-04-05,3.44,3.44,3.44,3.44,0
2018-04-06,3.44,3.44,3.44,3.44,0
2018-04-09,3.44,3.44,3.44,3.44,0
2018-04-10,3.44,3.44,3.44,3.44,0
2018-04-11,3.44,3.44,3.44,3.44,0
2018-04-12,3.44,3.44,3.44,3.44,0
2018-04-13,3.44,3.44,3.44,3.44,0
2018-04-16,3.44,3.44,3.44,3.44,0
2018-04-17,3.44,3.44,3.44,3.44,0
2018-04-18,3.44,3.44,3.44,3.44,0
2018-04-19,3.44,3.44,3.44,3.44,0
2018-04-20,3.44,3.44,3.44,3.44,0
2018-04-23,3.44,3.44,3.44,3.44,0
2018-04-24,3.44,3.44,3.44,3.44,0
2018-04-26,3.44,3.44,3.44,3.44,0
2018-04-27,3.44,3.44,3.44,3.44,0
2018-05-02,3.44,3.44,3.44,3.44,0
2018-05-03,3.44,3.44,3.44,3.44,0
2018-05-04,3.44,3.44,3.44,3.44,0
2018-05-07,3.44,3.44,3.44,3.44,0
2018-05-08,3.44,3.44,3.44,3.44,0
2018-05-09,3.44,3.44,3.44,3.44,0
2018-05-10,3.44,3.44,3.44,3.44,0
2018-05-11,3.44,3.44,3.44,3.44,0
2018-05-14,3.44,3.44,3.44,3.44,0
2018-05-15,3.44,3.44,3.44,3.44,0
2018-05-16,3.44,3.44,3.44,3.44,0
2018-05-17,3.44,3.44,3.44,3.44,0
2018-05-18,3.44,3.44,3.44,3.44,0
2018-05-21,3.44,3.44,3.44,3.44,0
2018-05-22,3.44,3.44,3.44,3.44,0
2018-05-23,3.44,3.44,3.44,3.44,0
2018-05-24,3.44,3.44,3.44,3.44,0
2018-05-25,3.44,3.44,3.44,3.44,0
2018-05-28,3.44,3.44,3.44,3.44,0
2018-05-29,3.44,3.44,3.44,3.44,0
2018-05-30,3.44,3.44,3.44,3.44,0
2018-05-31,3.44,3.44,3.44,3.44,0
2018-06-01,3.44,3.44,3.44,3.44,0
2018-06-04,2.97,2.97,2.97,2.97,100
2018-06-05,2.97,2.97,2.97,2.97,0
2018-06-06,2.97,2.97,2.97,2.97,0
2018-06-07,2.97,2.97,2.97,2.97,0
2018-06-08,2.97,2.97,2.97,2.97,0
2018-06-11,2.97,2.97,2.97,2.97,0
2018-06-12,2.97,2.97,2.97,2.97,0
2018-06-13,2.97,2.97,2.97,2.97,0
2018-06-14,2.97,2.97,2.97,2.97,0
2018-06-15,2.97,2.97,2.97,2.97,0
2018-06-18,2.97,2.97,2.97,2.97,0
2018-06-19,2.97,2.97,2.97,2.97,0
2018-06-20,2.97,2.97,2.97,2.97,0
2018-06-21,2.97,2.97,2.97,2.97,0
2018-06-22,2.97,2.97,2.97,2.97,0
2018-06-25,2.97,2.97,2.97,2.97,0
2018-06-26,2.97,2.97,2.97,2.97,0
2018-06-27,2.97,2.97,2.97,2.97,0
2018-06-28,2.97,2.97,2.97,2.97,0
2018-06-29,2.97,2.97,2.97,2.97,0
2018-07-02,2.97,2.97,2.97,2.97,0
2018-07-03,2.97,2.97,2.97,2.97,0
2018-07-04,2.97,2.97,2.97,2.97,0
2018-07-05,2.74,2.74,2.74,2.74,100
2018-07-06,2.74,2.74,2.74,2.74,0
2018-07-09,2.74,2.74,2.74,2.74,0
2018-07-10,2.74,2.74,2.74,2.74,0
2018-07-11,2.74,2.74,2.74,2.74,0
2018-07-12,2.74,2.74,2.74,2.74,0
2018-07-13,2.74,2.74,2.74,2.74,0
2018-07-16,2.74,2.74,2.74,2.74,0
2018-07-17,2.74,2.74,2.74,2.74,0
2018-07-18,2.74,2.74,2.74,2.74,0
2018-07-19,2.74,2.74,2.74,2.74,0
2018-07-20,2.74,2.74,2.74,2.74,0
2018-07-23,2.74,2.74,2.74,2.74,0
2018-07-24,2.74,2.74,2.74,2.74,0
2018-07-25,2.74,2.74,2.74,2.74,0
2018-07-26,2.74,2.74,2.74,2.74,0
2018-07-27,2.74,2.74,2.74,2.74,0
2018-07-30,2.74,2.74,2.74,2.74,0
2018-07-31,2.74,2.74,2.74,2.74,0
2018-08-01,2.74,2.74,2.74,2.74,0
2018-08-02,2.74,2.74,2.74,2.74,0
2018-08-03,2.74,2.74,2.74,2.74,0
2018-08-06,2.74,2.74,2.74,2.74,0
2018-08-07,2.74,2.74,2.74,2.74,0
2018-08-08,2.74,2.74,2.74,2.74,0
2018-08-09,2.74,2.74,2.74,2.74,0
2018-08-10,2.74,2.74,2.74,2.74,0
2018-08-13,2.74,2.74,2.74,2.74,0
2018-08-14,2.74,2.74,2.74,2.74,0
2018-08-15,2.58,2.58,2.58,2.58,100
2018-08-16,2.58,2.58,2.58,2.58,0
2018-08-17,2.58,2.58,2.58,2.58,0
2018-08-20,2.58,2.58,2.58,2.58,0
2018-08-21,2.58,2.58,2.58,2.58,0
2018-08-22,2.58,2.58,2.58,2.58,0
2018-08-23,2.58,2.58,2.58,2.58,0
2018-08-24,2.58,2.58,2.58,2.58,0
2018-08-27,2.58,2.58,2.58,2.58,0
2018-08-28,2.58,2.58,2.58,2.58,0
2018-08-29,2.58,2.58,2.58,2.58,0
2018-08-30,2.58,2.58,2.58,2.58,0
2018-08-31,2.58,2.58,2.58,2.58,0
2018-09-04,2.58,2.58,2.58,2.58,0
2018-09-05,2.58,2.58,2.58,2.58,0
2018-09-06,2.58,2.58,2.58,2.58,0
2018-09-07,2.58,2.58,2.58,2.58,0
2018-09-10,2.58,2.58,2.58,2.58,0
2018-09-11,2.58,2.58,2.58,2.58,0
2018-09-12,2.58,2.58,2.58,2.58,0
2018-09-13,2.58,2.58,2.58,2.58,0
2018-09-14,2.58,2.58,2.58,2.58,0
2018-09-17,2.58,2.58,2.58,2.58,0
2018-09-18,2.58,2.58,2.58,2.58,0
2018-09-19,2.58,2.58,2.58,2.58,0
2018-09-20,2.58,2.58,2.58,2.58,0
2018-09-21,2.58,2.58,2.58,2.58,0
2018-09-24,2.58,2.58,2.58,2.58,0
2018-09-25,2.58,2.58,2.58,2.58,0
2018-09-26,2.58,2.58,2.58,2.58,0
2018-09-27,2.58,2.58,2.58,2.58,0
2018-09-28,2.58,2.58,2.58,2.58,0
2018-10-01,2.58,2.58,2.58,2.58,0
2018-10-02,2.58,2.58,2.58,2.58,0
2018-10-03,2.58,2.58,2.58,2.58,0
2018-10-04,2.58,2.58,2.58,2.58,0
2018-10-05,2.58,2.58,2.58,2.58,0
2018-10-08,2.58,2.58,2.58,2.58,0
2018-10-09,2.58,2.58,2.58,2.58,0
2018-10-10,2.58,2.58,2.58,2.58,0
2018-10-11,2.58,2.58,2.58,2.58,0
2018-10-12,2.58,2.58,2.58,2.58,0
2018-10-15,2.58,2.58,2.58,2.58,0
2018-10-16,2.58,2.58,2.58,2.58,0
2018-10-17,2.58,2.58,2.58,2.58,0
2018-10-18,2.58,2.58,2.58,2.58,0
2018-10-19,2.58,2.58,2.58,2.58,0
2018-10-22,2.58,2.58,2.58,2.58,0
2018-10-23,2.58,2.58,2.58,2.58,0
2018-10-24,2.58,2.58,2.58,2.58,0
2018-10-25,2.58,2.58,2.58,2.58,0
2018-10-26,2.58,2.58,2.58,2.58,0
2018-10-29,2.58,2.58,2.58,2.58,0
2018-10-30,2.58,2.58,2.58,2.58,0
2018-10-31,2.58,2.58,2.58,2.58,0
2018-11-01,2.58,2.58,2.58,2.58,0
2018-11-02,2.58,2.58,2.58,2.58,0
2018-11-05,2.58,2.58,2.58,2.58,0
2018-11-06,2.58,2.58,2.58,2.58,0
2018-11-07,2.58,2.58,2.58,2.58,0
2018-11-08,2.58,2.58,2.58,2.58,0
2018-11-09,2.58,2.58,2.58,2.58,0
2018-11-12,2.58,2.58,2.58,2.58,0
2018-11-13,2.58,2.58,2.58,2.58,0
2018-11-14,2.58,2.58,2.58,2.58,0
2018-11-15,2.58,2.58,2.58,2.58,0
2018-11-16,2.58,2.58,2.58,2.58,0
2018-11-19,2.58,2.58,2.58,2.58,0
2018-11-20,2.58,2.58,2.58,2.58,0
2018-11-21,2.58,2.58,2.58,2.58,0
2018-11-22,2.58,2.58,2.58,2.58,0
2018-11-23,2.58,2.58,2.58,2.58,0
2018-11-26,2.58,2.58,2.58,2.58,0
2018-11-27,2.58,2.58,2.58,2.58,0
2018-11-28,2.58,2.58,2.58,2.58,0
2018-11-29,2.58,2.58,2.58,2.58,0
2018-11-30,2.58,2.58,2.58,2.58,0
2018-12-03,2.58,2.58,2.58,2.58,0
2018-12-04,2.58,2.58,2.58,2.58,0
2018-12-05,2.58,2.58,2.58,2.58,0
2018-12-06,2.58,2.58,2.58,2.58,0
2018-12-07,2.58,2.58,2.58,2.58,0
2018-12-10,2.58,2.58,2.58,2.58,0
2018-12-11,2.58,2.58,2.58,2.58,0
2018-12-12,2.58,2.58,2.58,2.58,0
2018-12-13,2.58,2.58,2.58,2.58,0
2018-12-14,2.58,2.58,2.58,2.58,0
2018-12-17,2.58,2.58,2.58,2.58,0
2018-12-18,2.58,2.58,2.58,2.58,0
2018-12-19,2.58,2.58,2.58,2.58,0
2018-12-20,2.58,2.58,2.58,2.58,0
2018-12-21,2.58,2.58,2.58,2.58,0
2018-12-24,2.58,2.58,2.58,2.58,0
2018-12-25,2.58,2.58,2.58,2.58,0
2018-12-26,2.58,2.58,2.58,2.58,0
2018-12-27,2.58,2.58,2.58,2.58,0
2018-12-28,1.56,1.56,1.56,1.56,100
2019-01-02,1.56,1.56,1.56,1.56,0
2019-01-03,1.56,1.56,1.56,1.56,0
2019-01-04,1.56,1.56,1.56,1.56,0
2019-01-07,1.56,1.56,1.56,1.56,0
2019-01-08,1.56,1.56,1.56,1.56,0
2019-01-09,1.56,1.56,1.56,1.56,0
2019-01-10,1.56,1.56,1.56,1.56,0
2019-01-11,1.56,1.56,1.56,1.56,0
2019-01-14,1.56,1.56,1.56,1.56,0
2019-01-15,1.56,1.56,1.56,1.56,0
2019-01-16,1.56,1.56,1.56,1.56,0
2019-01-17,1.56,1.56,1.56,1.56,0
2019-01-18,1.56,1.56,1.56,1.56,0
2019-01-21,1.56,1.56,1.56,1.56,0
2019-01-22,1.56,1.56,1.56,1.56,0
2019-01-23,1.56,1.56,1.56,1.56,0
2019-01-24,1.56,1.56,1.56,1.56,0
2019-01-25,1.56,1.56,1.56,1.56,0
2019-01-28,1.56,1.56,1.56,1.56,0
2019-01-29,1.56,1.56,1.56,1.56,0
2019-01-30,1.56,1.56,1.56,1.56,0
2019-01-31,1.56,1.56,1.56,1.56,0
2019-02-01,1.56,1.56,1.56,1.56,0
2019-02-11,1.56,1.56,1.56,1.56,0
2019-02-12,1.56,1.56,1.56,1.56,0
2019-02-13,1.56,1.56,1.56,1.56,0
2019-02-14,1.56,1.56,1.56,1.56,0
2019-02-15,1.56,1.56,1.56,1.56,0
2019-02-18,1.56,1.56,1.56,1.56,0
2019-02-19,1.56,1.56,1.56,1.56,0
2019-02-20,1.56,1.56,1.56,1.56,0
2019-02-21,1.56,1.56,1.56,1.56,0
2019-02-22,1.56,1.56,1.56,1.56,0
2019-02-25,1.56,1.56,1.56,1.56,0
2019-02-26,1.56,1.56,1.56,1.56,0
2019-02-27,1.56,1.56,1.56,1.56,0
2019-02-28,1.56,1.56,1.56,1.56,0
2019-03-01,1.56,1.56,1.56,1.56,0
2019-03-04,1.56,1.56,1.56,1.56,0
2019-03-05,1.56,1.56,1.56,1.56,0
2019-03-06,1.56,1.56,1.56,1.56,0
2019-03-07,1.56,1.56,1.56,1.56,0
2019-03-08,1.56,1.56,1.56,1.56,0
2019-03-11,1.56,1.56,1.56,1.56,0
2019-03-12,1.56,1.56,1.56,1.56,0
2019-03-13,1.56,1.56,1.56,1.56,0
2019-03-14,1.56,1.56,1.56,1.56,0
2019-03-15,1.56,1.56,1.56,1.56,0
2019-03-18,1.56,1.56,1.56,1.56,0
2019-03-19,1.56,1.56,1.56,1.56,0
2019-03-20,1.56,1.56,1.56,1.56,0
2019-03-21,1.56,1.56,1.56,1.56,0
2019-03-22,2.19,2.19,2.19,2.19,100
2019-03-25,2.5,2.5,2.5,2.5,100
2019-03-26,2.81,2.81,2.81,2.81,100
2019-03-27,3.2,3.2,3.2,3.2,100
2019-03-28,3.67,3.67,3.67,3.67,200
2019-03-29,4.22,4.22,4.22,4.22,100
2019-04-01,4.85,4.85,4.85,4.85,100
2019-04-02,4.85,4.85,4.85,4.85,0
2019-04-03,5.55,5.55,5.55,5.55,100
2019-04-04,5.55,5.55,5.55,5.55,0
2019-04-05,5.55,5.55,5.55,5.55,0
2019-04-08,5.55,5.55,5.55,5.55,0
2019-04-09,5.55,5.55,5.55,5.55,0
2019-04-10,4.77,4.77,4.77,4.77,200
2019-04-11,4.77,4.77,4.77,4.77,0
2019-04-12,5.47,5.47,5.47,5.47,500
2019-04-16,4.69,4.69,4.69,4.69,100
2019-04-17,5.39,5.39,5.39,5.39,1600
2019-04-18,5.39,5.39,5.39,5.39,500
2019-04-19,5.39,5.39,5.39,5.39,0
2019-04-22,4.61,4.61,4.61,4.61,100
2019-04-23,5.24,5.24,5.24,5.24,100
2019-04-24,5.24,5.24,5.24,5.24,0
2019-04-25,5.24,5.24,5.24,5.24,0
2019-04-26,5.24,5.24,5.24,5.24,0
2019-05-02,5.24,5.24,5.24,5.24,0
2019-05-03,6.02,6.02,6.02,6.02,100
2019-05-06,6.02,6.02,6.02,6.02,0
2019-05-07,6.02,6.02,6.02,6.02,0
2019-05-08,6.02,6.02,6.02,6.02,0
2019-05-09,6.02,6.02,6.02,6.02,0
2019-05-10,6.02,6.02,6.02,6.02,0
2019-05-13,6.02,6.02,6.02,6.02,0
2019-05-14,6.02,6.02,6.02,6.02,0
2019-05-15,6.02,6.02,6.02,6.02,0
2019-05-16,6.02,6.02,6.02,6.02,0
2019-05-17,6.02,6.02,6.02,6.02,0
2019-05-20,6.02,6.02,6.02,6.02,0
2019-05-21,6.02,6.02,6.02,6.02,0
2019-05-22,6.25,6.25,6.25,6.25,100
2019-05-23,6.25,6.25,6.25,6.25,0
2019-05-24,6.25,6.25,6.25,6.25,0
2019-05-27,6.25,6.25,6.25,6.25,0
2019-05-28,6.25,6.25,6.25,6.25,0
2019-05-29,6.25,6.25,6.25,6.25,0
2019-05-30,6.25,6.25,6.25,6.25,0
2019-05-31,6.25,6.25,6.25,6.25,0
2019-06-03,6.25,6.25,6.25,6.25,0
2019-06-04,6.25,6.25,6.25,6.25,0
2019-06-05,6.25,6.25,6.25,6.25,0
2019-06-06,6.25,6.25,6.25,6.25,0
2019-06-07,6.25,6.25,6.25,6.25,0
2019-06-10,6.25,6.25,6.25,6.25,0
2019-06-11,6.25,6.25,6.25,6.25,100
2019-06-12,6.25,6.25,6.25,6.25,0
2019-06-13,6.25,6.25,6.25,6.25,0
2019-06-14,6.25,6.25,6.25,6.25,0
2019-06-17,6.25,6.25,6.25,6.25,0
2019-06-18,6.25,6.25,6.25,6.25,0
2019-06-19,6.25,6.25,6.25,6.25,0
2019-06-20,6.25,6.25,6.25,6.25,0
2019-06-21,6.25,6.25,6.25,6.25,0
2019-06-24,6.25,6.25,6.25,6.25,0
2019-06-25,6.25,6.25,6.25,6.25,0
2019-06-26,6.25,6.25,6.25,6.25,0
2019-06-27,6.25,6.25,6.25,6.25,0
2019-06-28,6.25,6.25,6.25,6.25,0
2019-07-01,6.25,6.25,6.25,6.25,0
2019-07-02,6.25,6.25,6.25,6.25,0
2019-07-03,6.25,6.25,6.25,6.25,0
2019-07-04,6.25,6.25,6.25,6.25,0
2019-07-05,6.25,6.25,6.25,6.25,0
2019-07-08,6.25,6.25,6.25,6.25,100
2019-07-09,6.25,6.25,6.25,6.25,0
2019-07-10,6.25,6.25,6.25,6.25,0
2019-07-11,6.25,6.25,6.25,6.25,0
2019-07-12,6.25,6.25,6.25,6.25,0
2019-07-15,6.25,6.25,6.25,6.25,0
2019-07-16,6.25,6.25,6.25,6.25,0
2019-07-17,6.25,6.25,6.25,6.25,0
2019-07-18,6.25,6.25,6.25,6.25,0
2019-07-19,6.25,6.25,6.25,6.25,0
2019-07-22,6.25,6.25,6.25,6.25,0
2019-07-23,6.25,6.25,6.25,6.25,0
2019-07-24,6.25,6.25,6.25,6.25,0
2019-07-25,6.25,6.25,6.25,6.25,0
2019-07-26,6.25,6.25,6.25,6.25,0
2019-07-29,7.19,7.19,7.19,7.19,100
2019-07-30,7.19,7.19,7.19,7.19,0
2019-07-31,7.19,7.19,7.19,7.19,0
2019-08-01,7.19,7.19,7.19,7.19,0
2019-08-02,7.19,7.19,7.19,7.19,0
2019-08-05,7.19,7.19,7.19,7.19,0
2019-08-06,7.19,7.19,7.19,7.19,0
2019-08-07,7.19,7.19,7.19,7.19,0
2019-08-08,7.19,7.19,7.19,7.19,0
2019-08-09,7.19,7.19,7.19,7.19,0
2019-08-12,7.19,7.19,7.19,7.19,0
2019-08-13,7.19,7.19,7.19,7.19,0
2019-08-14,7.19,7.19,7.19,7.19,0
2019-08-15,7.19,7.19,7.19,7.19,0
2019-08-16,7.19,7.19,7.19,7.19,0
2019-08-19,7.19,7.19,7.19,7.19,0
2019-08-20,7.19,7.19,7.19,7.19,0
2019-08-21,7.19,7.19,7.19,7.19,0
2019-08-22,7.19,7.19,7.19,7.19,0
2019-08-23,7.19,7.19,7.19,7.19,0
2019-08-26,7.19,7.19,7.19,7.19,0
2019-08-27,7.19,7.19,7.19,7.19,0
2019-08-28,7.19,7.19,7.19,7.19,0
2019-08-29,7.19,7.19,7.19,7.19,0
2019-08-30,7.19,7.19,7.19,7.19,0
2019-09-03,7.19,7.19,7.19,7.19,0
2019-09-04,7.19,7.19,7.19,7.19,0
2019-09-05,7.19,7.19,7.19,7.19,0
2019-09-06,7.19,7.19,7.19,7.19,0
2019-09-09,7.19,7.19,7.19,7.19,0
2019-09-10,7.19,7.19,7.19,7.19,0
2019-09-11,7.19,7.19,7.19,7.19,0
2019-09-12,7.19,7.19,7.19,7.19,0
2019-09-13,7.19,7.19,7.19,7.19,0
2019-09-16,7.19,7.19,7.19,7.19,0
2019-09-17,7.19,7.19,7.19,7.19,0
2019-09-18,7.19,7.19,7.19,7.19,0
2019-09-19,7.19,7.19,7.19,7.19,0
2019-09-20,7.19,7.19,7.19,7.19,0
2019-09-23,7.19,7.19,7.19,7.19,0
2019-09-24,7.19,7.19,7.19,7.19,0
2019-09-25,7.19,7.19,7.19,7.19,0
2019-09-26,7.19,7.19,7.19,7.19,0
2019-09-27,7.19,7.19,7.19,7.19,0
2019-09-30,7.19,7.19,7.19,7.19,0
2019-10-01,7.19,7.19,7.19,7.19,0
2019-10-02,7.19,7.19,7.19,7.19,0
2019-10-03,7.19,7.19,7.19,7.19,0
2019-10-04,7.19,7.19,7.19,7.19,0
2019-10-07,7.19,7.19,7.19,7.19,0
2019-10-08,7.19,7.19,7.19,7.19,0
2019-10-09,7.19,7.19,7.19,7.19,0
2019-10-10,7.19,7.19,7.19,7.19,0
2019-10-11,7.19,7.19,7.19,7.19,0
2019-10-14,7.19,7.19,7.19,7.19,0
2019-10-15,7.19,7.19,7.19,7.19,0
2019-10-16,7.19,7.19,7.19,7.19,0
2019-10-17,7.19,7.19,7.19,7.19,0
2019-10-18,7.19,7.19,7.19,7.19,0
2019-10-21,7.19,7.19,7.19,7.19,0
2019-10-22,7.19,7.19,7.19,7.19,0
2019-10-23,7.19,7.19,7.19,7.19,0
2019-10-24,7.19,7.19,7.19,7.19,0
2019-10-25,7.19,7.19,7.19,7.19,0
2019-10-28,7.19,7.19,7.19,7.19,0
2019-10-29,7.19,7.19,7.19,7.19,0
2019-10-30,7.19,7.19,7.19,7.19,0
2019-10-31,7.19,7.19,7.19,7.19,0
2019-11-01,7.19,7.19,7.19,7.19,0
2019-11-04,7.19,7.19,7.19,7.19,0
2019-11-05,7.19,7.19,7.19,7.19,0
2019-11-06,7.19,7.19,7.19,7.19,0
2019-11-07,7.19,7.19,7.19,7.19,0
2019-11-08,7.19,7.19,7.19,7.19,0
2019-11-11,7.19,7.19,7.19,7.19,0
2019-11-12,7.19,7.19,7.19,7.19,0
2019-11-13,7.19,7.19,7.19,7.19,0
2019-11-14,7.19,7.19,7.19,7.19,0
2019-11-15,7.19,7.19,7.19,7.19,0
2019-11-18,7.19,7.19,7.19,7.19,0
2019-11-19,7.19,7.19,7.19,7.19,0
2019-11-20,7.19,7.19,7.19,7.19,0
2019-11-21,7.19,7.19,7.19,7.19,0
2019-11-22,7.19,7.19,7.19,7.19,0
2019-11-25,7.19,7.19,7.19,7.19,0
2019-11-26,7.19,7.19,7.19,7.19,0
2019-11-27,7.19,7.19,7.19,7.19,0
2019-11-28,7.19,7.19,7.19,7.19,0
2019-11-29,7.19,7.19,7.19,7.19,0
2019-12-02,7.19,7.19,7.19,7.19,0
2019-12-03,7.19,7.19,7.19,7.19,0
2019-12-04,7.19,7.19,7.19,7.19,0
2019-12-05,7.19,7.19,7.19,7.19,0
2019-12-06,7.19,7.19,7.19,7.19,0
2019-12-09,7.19,7.19,7.19,7.19,0
2019-12-10,7.19,7.19,7.19,7.19,0
2019-12-11,7.19,7.19,7.19,7.19,0
2019-12-12,7.19,7.19,7.19,7.19,0
2019-12-13,7.19,7.19,7.19,7.19,0
2019-12-16,7.19,7.19,7.19,7.19,0
2019-12-17,7.19,7.19,7.19,7.19,0
2019-12-18,7.19,7.19,7.19,7.19,0
2019-12-19,7.19,7.19,7.19,7.19,0
2019-12-20,7.19,7.19,7.19,7.19,0
2019-12-23,7.19,7.19,7.19,7.19,0
2019-12-24,7.19,7.19,7.19,7.19,0
2019-12-25,7.19,7.19,7.19,7.19,0
2019-12-26,7.19,7.19,7.19,7.19,0
2019-12-27,7.19,7.19,7.19,7.19,0
2019-12-30,7.19,7.19,7.19,7.19,0
2019-12-31,7.19,7.19,7.19,7.19,0
2020-01-02,7.19,7.19,7.19,7.19,0
2020-01-03,7.19,7.19,7.19,7.19,0
2020-01-06,7.19,7.19,7.19,7.19,0
2020-01-07,7.19,7.19,7.19,7.19,0
2020-01-08,7.19,7.19,7.19,7.19,0
2020-01-09,7.19,7.19,7.19,7.19,0
2020-01-10,7.19,7.19,7.19,7.19,0
2020-01-13,7.19,7.19,7.19,7.19,0
2020-01-14,7.19,7.19,7.19,7.19,0
2020-01-15,7.19,7.19,7.19,7.19,0
2020-01-16,7.19,7.19,7.19,7.19,0
2020-01-17,7.19,7.19,7.19,7.19,0
2020-01-20,7.19,7.19,7.19,7.19,0
2020-01-21,7.19,7.19,7.19,7.19,0
2020-01-22,7.19,7.19,7.19,7.19,0
2020-01-30,7.19,7.19,7.19,7.19,0
2020-01-31,7.19,7.19,7.19,7.19,0
2020-02-03,7.19,7.19,7.19,7.19,0
2020-02-04,7.19,7.19,7.19,7.19,0
2020-02-05,7.19,7.19,7.19,7.19,0
2020-02-06,7.19,7.19,7.19,7.19,0
2020-02-07,7.19,7.19,7.19,7.19,0
2020-02-10,7.19,7.19,7.19,7.19,0
2020-02-11,7.19,7.19,7.19,7.19,0
2020-02-12,7.19,7.19,7.19,7.19,0
2020-02-13,7.19,7.19,7.19,7.19,0
2020-02-14,7.19,7.19,7.19,7.19,0
2020-02-17,7.19,7.19,7.19,7.19,0
2020-02-18,7.19,7.19,7.19,7.19,0
2020-02-19,7.19,7.19,7.19,7.19,0
2020-02-20,7.19,7.19,7.19,7.19,0
2020-02-21,7.19,7.19,7.19,7.19,0
2020-02-24,7.19,7.19,7.19,7.19,0
2020-02-25,7.19,7.19,7.19,7.19,0
2020-02-26,7.19,7.19,7.19,7.19,0
2020-02-27,7.19,7.19,7.19,7.19,0
2020-02-28,7.19,7.19,7.19,7.19,0
2020-03-02,7.19,7.19,7.19,7.19,0
2020-03-03,7.19,7.19,7.19,7.19,0
2020-03-04,7.19,7.19,7.19,7.19,0
2020-03-05,7.19,7.19,7.19,7.19,0
2020-03-06,7.19,7.19,7.19,7.19,0
2020-03-09,7.19,7.19,7.19,7.19,0
2020-03-10,7.19,7.19,7.19,7.19,0
2020-03-11,7.19,7.19,7.19,7.19,0
2020-03-12,7.19,7.19,7.19,7.19,0
2020-03-13,7.19,7.19,7.19,7.19,0
2020-03-16,7.19,7.19,7.19,7.19,0
2020-03-17,7.19,7.19,7.19,7.19,0
2020-03-18,7.19,7.19,7.19,7.19,0
2020-03-19,7.19,7.19,7.19,7.19,0
2020-03-20,7.19,7.19,7.19,7.19,0
2020-03-23,7.19,7.19,7.19,7.19,0
2020-03-24,7.19,7.19,7.19,7.19,0
2020-03-25,7.19,7.19,7.19,7.19,0
2020-03-26,7.19,7.19,7.19,7.19,0
2020-03-27,7.19,7.19,7.19,7.19,0
2020-03-30,7.19,7.19,7.19,7.19,0
2020-03-31,7.19,7.19,7.19,7.19,0
2020-04-01,7.19,7.19,7.19,7.19,0
2020-04-03,7.19,7.19,7.19,7.19,0
2020-04-06,7.19,7.19,7.19,7.19,0
2020-04-07,7.19,7.19,7.19,7.19,0
2020-04-08,7.19,7.19,7.19,7.19,0
2020-04-09,7.19,7.19,7.19,7.19,0
2020-04-10,7.19,7.19,7.19,7.19,0
2020-04-13,7.19,7.19,7.19,7.19,0
2020-04-14,7.19,7.19,7.19,7.19,0
2020-04-15,7.19,7.19,7.19,7.19,0
2020-04-16,7.19,7.19,7.19,7.19,0
2020-04-17,7.19,7.19,7.19,7.19,0
2020-04-20,7.19,7.19,7.19,7.19,0
2020-04-21,7.19,7.19,7.19,7.19,0
2020-04-22,7.19,7.19,7.19,7.19,0
2020-04-23,7.19,7.19,7.19,7.19,0
2020-04-24,7.19,7.19,7.19,7.19,0
2020-04-27,7.19,7.19,7.19,7.19,0
2020-04-28,7.19,7.19,7.19,7.19,0
2020-04-29,7.19,7.19,7.19,7.19,0
2020-05-04,7.19,7.19,7.19,7.19,0
2020-05-05,7.19,7.19,7.19,7.19,0
2020-05-06,7.19,7.19,7.19,7.19,0
2020-05-07,7.19,7.19,7.19,7.19,0
2020-05-08,7.19,7.19,7.19,7.19,0
2020-05-11,7.19,7.19,7.19,7.19,0
2020-05-12,7.19,7.19,7.19,7.19,0
2020-05-13,7.19,7.19,7.19,7.19,0
2020-05-14,7.19,7.19,7.19,7.19,0
2020-05-15,7.19,7.19,7.19,7.19,0
2020-05-18,7.19,7.19,7.19,7.19,0
2020-05-19,7.19,7.19,7.19,7.19,0
2020-05-20,7.19,7.19,7.19,7.19,0
2020-05-21,7.19,7.19,7.19,7.19,0
2020-05-22,7.19,7.43,7.43,7.43,0
2020-05-25,7.19,7.43,7.43,7.43,0
2020-05-26,7.19,7.43,7.43,7.43,0
2020-05-27,7.19,7.43,7.43,7.43,0
2020-05-28,7.19,7.43,7.43,7.43,0
2020-05-29,7.19,7.43,7.43,7.43,0
2020-06-01,7.19,7.43,7.43,7.43,0
2020-06-02,7.19,7.43,7.43,7.43,0
2020-06-03,7.19,7.43,7.43,7.43,0
2020-06-04,7.19,7.43,7.43,7.43,0
2020-06-05,7.19,7.43,7.43,7.43,0
2020-06-08,7.19,7.43,7.43,7.43,0
2020-06-09,7.19,7.43,7.43,7.43,0
2020-06-10,7.19,7.43,7.43,7.43,0
2020-06-11,7.19,7.43,7.43,7.43,0
2020-06-12,7.19,7.43,7.43,7.43,0
2020-06-15,7.19,7.43,7.43,7.43,0
2020-06-16,7.19,7.43,7.43,7.43,0
2020-06-17,7.19,7.43,7.43,7.43,0
2020-06-18,7.19,7.43,7.43,7.43,0
2020-06-19,7.19,7.43,7.43,7.43,0
2020-06-22,7.19,7.43,7.43,7.43,0
2020-06-23,7.19,7.43,7.43,7.43,0
2020-06-24,7.19,7.43,7.43,7.43,0
2020-06-25,7.19,7.43,7.43,7.43,0
2020-06-26,7.19,7.43,7.43,7.43,0
2020-06-29,7.19,7.43,7.43,7.43,0
2020-06-30,7.19,7.43,7.43,7.43,0
2020-07-01,7.19,7.43,7.43,7.43,0
2020-07-02,7.19,7.43,7.43,7.43,0
2020-07-03,7.19,7.43,7.43,7.43,0
2020-07-06,7.19,7.43,7.43,7.43,0
2020-07-07,7.19,7.43,7.43,7.43,0
2020-07-08,7.19,7.43,7.43,7.43,0
2020-07-09,7.19,7.43,7.43,7.43,0
2020-07-10,7.19,7.43,7.43,7.43,0
2020-07-13,7.19,7.43,7.43,7.43,0
2020-07-14,7.19,7.43,7.43,7.43,0
2020-07-15,7.19,7.43,7.43,7.43,0
2020-07-16,7.19,7.43,7.43,7.43,0
2020-07-17,7.19,7.43,7.43,7.43,0
2020-07-20,7.19,7.43,7.43,7.43,0
2020-07-21,7.19,7.43,7.43,7.43,0
2020-07-22,7.19,7.43,7.43,7.43,0
2020-07-23,7.19,7.43,7.43,7.43,0
2020-07-24,7.19,7.43,7.43,7.43,0
2020-07-27,7.19,7.43,7.43,7.43,0
2020-07-28,7.19,7.43,7.43,7.43,0
2020-07-29,7.19,7.43,7.43,7.43,0
2020-07-30,7.19,7.43,7.43,7.43,0
2020-07-31,7.19,7.43,7.43,7.43,0
2020-08-03,7.19,7.43,7.43,7.43,0
2020-08-04,7.19,7.43,7.43,7.43,0
2020-08-05,7.19,7.43,7.43,7.43,0
2020-08-06,7.19,7.43,7.43,7.43,0
2020-08-07,7.19,7.43,7.43,7.43,0
2020-08-10,7.19,7.43,7.43,7.43,0
2020-08-11,7.19,7.43,7.43,7.43,0
2020-08-12,7.19,7.43,7.43,7.43,0
2020-08-13,7.19,7.43,7.43,7.43,0
2020-08-14,7.19,7.43,7.43,7.43,0
2020-08-17,7.19,7.43,7.43,7.43,0
2020-08-18,7.19,7.43,7.43,7.43,0
2020-08-19,7.19,7.43,7.43,7.43,0
2020-08-20,7.19,7.43,7.43,7.43,0
2020-08-21,7.19,7.43,7.43,7.43,0
2020-08-24,7.19,7.43,7.43,7.43,0
2020-08-25,7.19,7.43,7.43,7.43,0
2020-08-26,7.19,7.43,7.43,7.43,0
2020-08-27,7.19,7.43,7.43,7.43,0
2020-08-28,7.19,7.43,7.43,7.43,0
2020-08-31,8.24,8.24,8.24,8.24,100
2020-09-01,8.24,8.24,8.24,8.24,0
2020-09-03,8.24,8.24,8.24,8.24,0
2020-09-04,8.24,8.24,8.24,8.24,0
2020-09-07,8.24,8.24,8.24,8.24,0
2020-09-08,8.24,8.24,8.24,8.24,0
2020-09-09,8.24,8.24,8.24,8.24,0
2020-09-10,8.24,8.24,8.24,8.24,26
2020-09-11,8.24,8.24,8.24,8.24,0
2020-09-14,8.24,8.24,8.24,8.24,0
2020-09-15,8.24,8.24,8.24,8.24,0
2020-09-16,8.24,8.24,8.24,8.24,0
2020-09-17,8.24,8.24,8.24,8.24,0
2020-09-18,8.24,8.24,8.24,8.24,0
2020-09-21,8.24,8.24,8.24,8.24,0
2020-09-22,8.24,8.24,8.24,8.24,0
2020-09-23,8.24,8.24,8.24,8.24,0
2020-09-24,8.24,8.24,8.24,8.24,0
2020-09-25,8.24,8.24,8.24,8.24,0
2020-09-28,8.24,8.24,8.24,8.24,0
2020-09-29,8.24,8.24,8.24,8.24,0
2020-09-30,8.24,8.24,8.24,8.24,0
2020-10-01,8.24,8.24,8.24,8.24,10
2020-10-02,8.24,8.24,8.24,8.24,0
2020-10-05,8.24,8.24,8.24,8.24,0
2020-10-06,8.24,8.24,8.24,8.24,0
2020-10-07,8.24,8.24,8.24,8.24,0
2020-10-08,8.24,8.24,8.24,8.24,0
2020-10-09,8.24,8.24,8.24,8.24,0
2020-10-12,8.24,8.24,8.24,8.24,0
2020-10-13,8.24,8.24,8.24,8.24,0
2020-10-14,8.24,8.24,8.24,8.24,0
2020-10-15,8.24,8.24,8.24,8.24,0
2020-10-16,8.24,8.24,8.24,8.24,0
2020-10-19,8.24,8.24,8.24,8.24,0
2020-10-20,8.24,8.24,8.24,8.24,0
2020-10-21,8.24,8.24,8.24,8.24,0
2020-10-22,8.24,8.24,8.24,8.24,0
2020-10-23,8.24,8.24,8.24,8.24,0
2020-10-26,8.24,8.24,8.24,8.24,0
2020-10-27,8.24,8.24,8.24,8.24,0
2020-10-28,8.24,8.24,8.24,8.24,0
2020-10-29,8.24,8.24,8.24,8.24,0
2020-10-30,8.24,8.24,8.24,8.24,0
2020-11-02,8.24,8.24,8.24,8.24,0
2020-11-03,8.24,8.24,8.24,8.24,0
2020-11-04,8.24,8.24,8.24,8.24,0
2020-11-05,8.24,8.24,8.24,8.24,0
2020-11-06,8.24,8.24,8.24,8.24,0
2020-11-09,8.24,8.24,8.24,8.24,0
2020-11-10,8.24,8.24,8.24,8.24,0
2020-11-11,8.24,8.24,8.24,8.24,0
2020-11-12,8.24,8.24,8.24,8.24,0
2020-11-13,8.24,8.24,8.24,8.24,0
2020-11-16,8.24,8.24,8.24,8.24,0
2020-11-17,8.24,8.24,8.24,8.24,0
2020-11-18,8.24,8.24,8.24,8.24,0
2020-11-19,8.24,8.24,8.24,8.24,0
2020-11-20,8.24,8.24,8.24,8.24,0
2020-11-23,8.24,8.24,8.24,8.24,0
2020-11-24,8.24,8.24,8.24,8.24,0
2020-11-25,8.24,8.24,8.24,8.24,0
2020-11-26,8.24,8.24,8.24,8.24,0
2020-11-27,8.24,8.24,8.24,8.24,0
2020-11-30,8.24,8.24,8.24,8.24,0
2020-12-01,8.24,8.24,8.24,8.24,0
2020-12-02,8.24,8.24,8.24,8.24,0
2020-12-03,8.24,8.24,8.24,8.24,0
2020-12-04,8.24,8.24,8.24,8.24,0
2020-12-07,8.24,8.24,8.24,8.24,0
2020-12-08,8.24,8.24,8.24,8.24,0
2020-12-09,8.24,8.24,8.24,8.24,0
2020-12-10,8.24,8.24,8.24,8.24,0
2020-12-11,8.24,8.24,8.24,8.24,0
2020-12-14,8.24,8.24,8.24,8.24,0
2020-12-15,7.27,7.27,7.27,7.27,100
2020-12-16,7.27,7.27,7.27,7.27,0
2020-12-17,7.27,7.27,7.27,7.27,0
2020-12-18,7.27,7.27,7.27,7.27,0
2020-12-21,7.27,7.27,7.27,7.27,0
2020-12-22,7.27,7.27,7.27,7.27,0
2020-12-23,8.32,8.32,8.32,8.32,100
2020-12-24,8.32,8.32,8.32,8.32,0
2020-12-25,9.53,9.53,9.53,9.53,100
2020-12-28,9.53,9.53,9.53,9.53,1
2020-12-29,9.53,9.53,9.53,9.53,0
2020-12-30,9.53,9.53,9.53,9.53,0
2020-12-31,9.53,9.53,9.53,9.53,0
2021-01-04,9.53,9.53,9.53,9.53,0
2021-01-05,9.53,9.53,9.53,9.53,0
2021-01-06,9.53,9.53,9.53,9.53,0
2021-01-07,9.53,9.53,9.53,9.53,0
2021-01-08,9.53,9.53,9.53,9.53,0
2021-01-11,9.53,9.53,9.53,9.53,0
2021-01-12,9.53,9.53,9.53,9.53,0
2021-01-13,9.53,9.53,9.53,9.53,0
2021-01-14,9.53,9.53,9.53,9.53,0
2021-01-15,9.53,9.53,9.53,9.53,0
2021-01-18,9.53,9.53,9.53,9.53,0
2021-01-19,9.53,9.53,9.53,9.53,0
2021-01-20,9.53,9.53,9.53,9.53,0
2021-01-21,9.53,9.53,9.53,9.53,0
2021-01-22,9.53,9.53,9.53,9.53,0
2021-01-25,9.53,9.53,9.53,9.53,0
2021-01-26,9.53,9.53,9.53,9.53,0
2021-01-27,9.53,9.53,9.53,9.53,0
2021-01-28,9.53,9.53,9.53,9.53,0
2021-01-29,9.53,9.53,9.53,9.53,0
2021-02-01,9.53,9.53,9.53,9.53,0
2021-02-02,9.53,9.53,9.53,9.53,0
2021-02-03,9.53,9.53,9.53,9.53,0
2021-02-04,9.53,9.53,9.53,9.53,0
2021-02-05,9.53,9.53,9.53,9.53,0
2021-02-08,9.53,9.53,9.53,9.53,0
2021-02-09,9.53,9.53,9.53,9.53,0
2021-02-17,9.53,9.53,9.53,9.53,0
2021-02-18,10.5,10.5,10.5,10.5,100
2021-02-19,10.5,10.5,10.5,10.5,0
2021-02-22,10.5,10.5,10.5,10.5,0
2021-02-23,10.5,10.5,10.5,10.5,0
2021-02-24,10.5,10.5,10.5,10.5,0
2021-02-25,10.5,10.5,10.5,10.5,0
2021-02-26,10.5,10.5,10.5,10.5,0
2021-03-01,10.5,10.5,10.5,10.5,0
2021-03-02,10.5,10.5,10.5,10.5,0
2021-03-03,10.5,10.5,10.5,10.5,0
2021-03-04,10.91,10.91,10.91,10.91,500
2021-03-05,10.91,10.91,10.91,10.91,0
2021-03-08,10.91,10.91,10.91,10.91,0
2021-03-09,10.91,10.91,10.91,10.91,0
2021-03-10,10.91,10.91,10.91,10.91,0
2021-03-11,10.91,10.91,10.91,10.91,0
2021-03-12,10.91,10.91,10.91,10.91,0
2021-03-15,10.91,10.91,10.91,10.91,0
2021-03-16,10.91,10.91,10.91,10.91,0
2021-03-17,10.91,10.91,10.91,10.91,0
2021-03-18,10.91,10.91,10.91,10.91,0
2021-03-19,10.91,10.91,10.91,10.91,0
2021-03-22,10.91,10.91,10.91,10.91,0
2021-03-23,10.91,10.91,10.91,10.91,0
2021-03-24,10.91,10.91,10.91,10.91,0
2021-03-25,10.91,10.91,10.91,10.91,0
2021-03-26,10.91,10.91,10.91,10.91,0
2021-03-29,10.91,10.91,10.91,10.91,0
2021-03-30,10.91,10.91,10.91,10.91,0
2021-03-31,10.91,10.91,10.91,10.91,0
2021-04-01,10.91,10.91,10.91,10.91,0
2021-04-02,10.91,10.91,10.91,10.91,0
2021-04-05,10.91,10.91,10.91,10.91,0
2021-04-06,10.91,10.91,10.91,10.91,0
2021-04-07,10.91,10.91,10.91,10.91,0
2021-04-08,10.91,10.91,10.91,10.91,0
2021-04-09,10.91,10.91,10.91,10.91,0
2021-04-12,10.91,10.91,10.91,10.91,0
2021-04-13,10.91,10.91,10.91,10.91,0
2021-04-14,10.91,10.91,10.91,10.91,0
2021-04-15,11.71,11.71,11.55,11.71,600
2021-04-16,11.63,11.71,11.71,11.71,0
2021-04-19,11.63,11.71,11.71,11.71,0
2021-04-20,11.63,11.71,11.71,11.71,0
2021-04-22,11.63,11.71,11.71,11.71,0
2021-04-23,11.63,11.71,11.71,11.71,0
2021-04-26,11.63,11.71,11.71,11.71,0
2021-04-27,11.63,11.71,11.71,11.71,0
2021-04-28,11.63,11.71,11.71,11.71,0
2021-04-29,11.63,11.71,11.71,11.71,0
2021-05-04,11.63,11.71,11.71,11.71,0
2021-05-05,11.63,11.71,11.71,11.71,0
2021-05-06,11.63,11.71,11.71,11.71,0
2021-05-07,11.63,11.71,11.71,11.71,0
2021-05-10,11.63,11.71,11.71,11.71,0
2021-05-11,11.63,11.71,11.71,11.71,0
2021-05-12,11.63,11.71,11.71,11.71,0
2021-05-13,11.63,11.71,11.71,11.71,0
2021-05-14,11.63,11.71,11.71,11.71,0
2021-05-17,11.63,11.71,11.71,11.71,0
2021-05-18,11.63,11.71,11.71,11.71,0
2021-05-19,11.63,11.71,11.71,11.71,0
2021-05-20,11.63,11.71,11.71,11.71,0
2021-05-21,11.63,11.71,11.71,11.71,0
2021-05-24,11.63,11.71,11.71,11.71,0
2021-05-25,11.55,11.55,11.55,11.55,201
2021-05-26,11.55,11.55,11.55,11.55,0
2021-05-27,11.55,11.55,11.55,11.55,0
2021-05-28,11.55,11.55,11.55,11.55,0
2021-05-31,11.55,11.55,11.55,11.55,0
2021-06-01,11.55,11.55,11.55,11.55,0
2021-06-02,11.55,11.55,11.55,11.55,0
2021-06-03,11.15,11.55,11.15,11.55,1500
2021-06-04,11.39,11.55,11.55,11.55,0
2021-06-07,11.39,11.55,11.55,11.55,0
2021-06-08,11.39,11.55,11.55,11.55,0
2021-06-09,11.39,11.55,11.55,11.55,0
2021-06-10,9.7,9.7,9.7,9.7,100
2021-06-11,8.24,8.24,8.24,8.24,4600
2021-06-14,7.11,7.27,7.03,7.27,3009
2021-06-15,7.27,7.27,6.46,6.95,800
2021-06-16,6.46,6.46,6.46,6.46,200
2021-06-17,6.46,6.46,6.06,6.46,2500
2021-06-18,6.06,6.3,6.06,6.06,2100
2021-06-21,6.22,6.38,6.22,6.38,4600
2021-06-22,6.38,6.38,6.38,6.38,100
2021-06-23,7.11,7.11,7.11,7.11,100
2021-06-24,7.11,7.11,6.06,6.71,1000
2021-06-25,6.54,6.71,5.82,5.82,700
2021-06-28,5.98,6.71,5.98,6.46,2300
2021-06-29,6.46,7.43,5.66,7.43,5700
2021-06-30,6.62,7.51,6.62,7.35,3100
2021-07-01,6.38,7.27,6.38,6.46,3100
2021-07-02,6.22,6.22,6.22,6.22,200
2021-07-05,6.3,6.3,6.3,6.3,2800
2021-07-06,6.22,6.22,6.22,6.22,700
2021-07-07,6.22,6.22,6.22,6.22,0
2021-07-08,6.3,6.3,6.3,6.3,1300
2021-07-09,6.3,6.3,6.3,6.3,100
2021-07-12,5.97,5.97,5.97,5.97,300
2021-07-13,5.97,5.97,5.97,5.97,0
2021-07-14,5.97,5.97,5.97,5.97,0
2021-07-15,5.97,5.97,5.97,5.97,15600
2021-07-16,5.88,5.97,5.88,5.97,200
2021-07-19,5.97,5.97,5.97,5.97,700
2021-07-20,5.97,5.97,5.97,5.97,0
2021-07-21,5.97,5.97,5.97,5.97,1400
2021-07-22,5.97,5.97,5.97,5.97,0
2021-07-23,5.97,5.97,5.97,5.97,400
2021-07-26,5.97,5.97,5.97,5.97,0
2021-07-27,5.97,5.97,5.97,5.97,0
2021-07-28,5.97,5.97,5.97,5.97,0
2021-07-29,5.97,5.97,5.97,5.97,0
2021-07-30,5.14,5.14,5.14,5.14,500
2021-08-02,5.14,5.14,5.14,5.14,0
2021-08-03,5.14,5.14,5.14,5.14,0
2021-08-04,5.14,5.14,5.14,5.14,0
2021-08-05,5.14,5.14,5.14,5.14,0
2021-08-06,5.14,5.14,5.14,5.14,0
2021-08-09,5.14,5.14,5.14,5.14,0
2021-08-10,5.88,5.88,5.88,5.88,116
2021-08-11,5.88,5.88,5.88,5.88,0
2021-08-12,5.88,5.88,5.88,5.88,0
2021-08-13,5.88,5.88,5.88,5.88,0
2021-08-16,5.88,5.88,5.88,5.88,0
2021-08-17,5.88,5.88,5.88,5.88,0
2021-08-18,5.88,5.88,5.88,5.88,0
2021-08-19,5.88,5.88,5.88,5.88,0
2021-08-20,5.88,5.88,5.88,5.88,0
2021-08-23,5.88,5.88,5.88,5.88,0
2021-08-24,5.88,5.88,5.88,5.88,0
2021-08-25,5.88,5.88,5.88,5.88,0
2021-08-26,5.88,5.88,5.88,5.88,0
2021-08-27,5.88,5.88,5.88,5.88,0
2021-08-30,5.88,5.88,5.88,5.88,0
2021-08-31,6.71,6.71,6.71,6.71,400
2021-09-01,6.71,6.71,6.71,6.71,0
2021-09-06,6.71,6.71,6.71,6.71,0
2021-09-07,6.71,6.71,6.71,6.71,0
2021-09-08,6.71,6.71,6.71,6.71,0
2021-09-09,6.71,6.71,6.71,6.71,0
2021-09-10,6.71,6.71,6.71,6.71,0
2021-09-13,6.71,6.71,6.71,6.71,0
2021-09-14,6.71,6.71,6.71,6.71,0
2021-09-15,6.71,6.71,6.71,6.71,0
2021-09-16,6.71,6.71,6.71,6.71,0
2021-09-17,6.71,6.71,6.71,6.71,0
2021-09-20,6.71,6.71,6.71,6.71,0
2021-09-21,6.71,6.71,6.71,6.71,0
2021-09-22,6.71,6.71,6.71,6.71,0
2021-09-23,6.71,6.71,6.71,6.71,0
2021-09-24,6.71,6.71,6.71,6.71,0
2021-09-27,6.71,6.71,6.71,6.71,0
2021-09-28,6.71,6.71,6.71,6.71,200
2021-09-29,6.71,6.71,6.71,6.71,200
2021-09-30,6.71,6.71,6.71,6.71,0
2021-10-01,6.71,6.71,6.71,6.71,0
2021-10-04,6.71,6.71,6.71,6.71,0
2021-10-05,6.71,6.71,6.71,6.71,0
2021-10-06,6.71,6.71,6.71,6.71,0
2021-10-07,6.71,6.71,6.71,6.71,16
2021-10-08,6.71,6.71,6.71,6.71,0
2021-10-11,5.88,5.88,5.88,5.88,1200
2021-10-12,6.71,6.71,6.71,6.71,700
2021-10-13,6.71,6.71,6.71,6.71,0
2021-10-14,6.71,6.71,6.71,6.71,0
2021-10-15,6.71,6.71,6.71,6.71,10
2021-10-18,6.71,6.71,6.71,6.71,0
2021-10-19,6.71,6.71,6.71,6.71,0
2021-10-20,6.71,6.71,6.71,6.71,0
2021-10-21,6.71,6.71,6.71,6.71,0
2021-10-22,6.71,6.71,6.71,6.71,0
2021-10-25,6.71,6.71,6.71,6.71,0
2021-10-26,7.38,7.38,7.29,7.29,700
2021-10-27,7.29,7.29,7.29,7.29,0
2021-10-28,7.29,7.29,7.29,7.29,0
2021-10-29,7.29,7.29,6.38,6.38,1010
2021-11-01,6.96,6.96,6.96,6.96,0
2021-11-02,6.96,6.96,6.96,6.96,0
2021-11-03,6.96,6.96,6.96,6.96,0
2021-11-04,6.96,6.96,6.96,6.96,0
2021-11-05,6.3,6.3,6.3,6.3,500
2021-11-08,6.3,6.3,6.3,6.3,400
2021-11-09,6.3,6.3,6.3,6.3,0
2021-11-10,7.21,7.21,7.21,7.21,900
2021-11-11,7.21,7.21,7.21,7.21,0
2021-11-12,7.21,7.21,7.21,7.21,0
2021-11-15,6.8,7.87,6.8,7.87,400
2021-11-16,7.04,7.04,7.04,7.04,0
2021-11-17,7.04,7.04,7.04,7.04,0
2021-11-18,7.04,8.04,7.04,8.04,2100
2021-11-19,7.46,7.46,7.46,7.46,600
2021-11-22,7.46,7.46,7.46,7.46,0
2021-11-23,7.46,7.46,7.46,7.46,0
2021-11-24,7.54,7.54,7.54,7.54,4700
2021-11-25,7.54,7.62,7.54,7.62,800
2021-11-26,7.62,7.62,7.62,7.62,0
2021-11-29,7.62,7.62,7.62,7.62,0
2021-11-30,7.62,7.62,7.62,7.62,0
2021-12-01,7.62,7.62,7.62,7.62,0
2021-12-02,7.62,7.62,7.62,7.62,0
2021-12-03,7.62,7.62,7.62,7.62,0
2021-12-06,7.62,7.62,7.62,7.62,0
2021-12-07,8.29,8.29,7.46,7.46,3700
2021-12-08,7.71,7.71,7.71,7.71,0
2021-12-09,7.71,7.71,7.71,7.71,0
2021-12-10,6.88,6.88,6.8,6.8,200
2021-12-13,6.88,6.88,6.88,6.88,1100
2021-12-14,5.97,7.87,5.97,7.87,200
2021-12-15,7.46,7.46,7.46,7.46,100
2021-12-16,7.46,7.46,7.46,7.46,0
2021-12-17,7.46,7.46,7.46,7.46,0
2021-12-20,7.46,7.46,7.46,7.46,0
2021-12-21,7.46,7.46,7.46,7.46,0
2021-12-22,7.46,7.46,7.46,7.46,0
2021-12-23,7.46,7.46,7.46,7.46,0
2021-12-24,7.46,7.46,7.46,7.46,0
2021-12-27,7.46,7.46,7.46,7.46,0
2021-12-28,7.46,7.46,7.46,7.46,0
2021-12-29,7.46,7.46,7.46,7.46,0
2021-12-30,7.46,7.46,7.46,7.46,0
2021-12-31,7.46,7.46,7.46,7.46,0
2022-01-04,7.46,7.46,7.46,7.46,0
2022-01-05,7.46,7.46,7.46,7.46,0
2022-01-06,7.46,7.46,7.46,7.46,0
2022-01-07,7.46,7.46,7.46,7.46,0
2022-01-10,7.46,7.46,7.46,7.46,300
2022-01-11,7.46,7.46,7.46,7.46,0
2022-01-12,7.46,7.46,7.46,7.46,0
2022-01-13,7.46,7.46,7.46,7.46,100
2022-01-14,7.46,7.46,7.46,7.46,0
2022-01-17,7.46,7.46,7.46,7.46,0
2022-01-18,7.46,7.46,7.46,7.46,0
2022-01-19,7.46,7.46,7.46,7.46,0
2022-01-20,7.46,7.46,7.46,7.46,0
2022-01-21,7.46,7.46,7.46,7.46,0
2022-01-24,7.46,7.46,7.46,7.46,0
2022-01-25,8.29,8.54,8.29,8.45,14800
2022-01-26,8.54,8.54,8.54,8.54,0
2022-01-27,8.54,8.54,8.54,8.54,0
2022-01-28,8.54,8.54,8.54,8.54,0
2022-02-07,8.54,8.54,8.54,8.54,0
2022-02-08,8.54,8.54,8.54,8.54,0
2022-02-09,8.54,8.54,8.54,8.54,0
2022-02-10,8.54,8.54,8.54,8.54,0
2022-02-11,8.54,8.54,8.54,8.54,4343
2022-02-14,8.54,8.54,8.54,8.54,1000
2022-02-15,8.54,8.54,8.54,8.54,3300
2022-02-16,8.29,8.29,8.29,8.29,114
2022-02-17,8.29,8.29,8.29,8.29,0
2022-02-18,8.29,8.29,8.29,8.29,0
2022-02-21,8.29,8.29,8.29,8.29,0
2022-02-22,8.29,8.29,8.29,8.29,0
2022-02-23,8.29,8.29,8.29,8.29,0
2022-02-24,8.29,8.29,8.29,8.29,0
2022-02-25,8.54,8.54,8.45,8.45,6500
2022-02-28,8.54,8.54,8.54,8.54,0
2022-03-01,8.54,8.54,8.54,8.54,1100
2022-03-02,8.54,8.54,8.54,8.54,0
2022-03-03,8.54,8.54,8.54,8.54,0
2022-03-04,8.54,8.54,8.54,8.54,0
2022-03-07,8.54,8.54,8.54,8.54,0
2022-03-08,8.54,8.54,8.54,8.54,0
2022-03-09,8.54,8.54,8.54,8.54,0
2022-03-10,8.54,8.54,8.54,8.54,0
2022-03-11,8.29,8.29,8.29,8.29,500
2022-03-14,8.29,8.29,8.29,8.29,0
2022-03-15,9.53,9.53,9.53,9.53,3900
2022-03-16,10.94,10.94,10.94,10.94,1600
2022-03-17,12.51,12.51,12.51,12.51,12100
2022-03-18,14.34,14.34,14.26,14.26,6800
2022-03-21,14.26,14.26,14.26,14.26,0
2022-03-22,13.51,13.51,12.43,12.43,200
2022-03-23,11.11,11.11,11.11,11.11,1358
2022-03-24,9.45,12.35,9.45,9.53,11600
2022-03-25,9.53,10.94,9.53,10.94,700
2022-03-28,9.12,10.69,9.12,10.69,700
2022-03-29,10.61,10.61,8.37,9.12,3600
2022-03-30,8.7,8.7,8.29,8.29,5700
2022-03-31,8.37,8.37,8.29,8.29,1300
2022-04-01,8.37,8.37,8.37,8.37,100
2022-04-04,8.21,8.37,8.12,8.37,1600
2022-04-05,8.37,8.62,8.37,8.62,1200
2022-04-06,8.45,8.45,8.29,8.29,500
2022-04-07,8.37,8.37,8.29,8.29,2000
2022-04-08,8.29,8.29,8.29,8.29,2800
2022-04-12,8.29,8.29,8.29,8.29,7178
2022-04-13,8.29,8.29,8.29,8.29,2900
2022-04-14,8.29,8.37,8.29,8.29,3200
2022-04-15,8.29,8.29,8.29,8.29,1800
2022-04-18,8.29,8.29,8.29,8.29,0
2022-04-19,8.29,8.29,8.29,8.29,100
2022-04-20,8.29,8.29,8.29,8.29,0
2022-04-21,8.29,8.29,8.29,8.29,0
2022-04-22,8.29,8.29,8.29,8.29,300
2022-04-25,8.29,8.29,8.29,8.29,0
2022-04-26,8.29,8.29,8.29,8.29,0
2022-04-27,8.29,8.29,8.29,8.29,0
2022-04-28,8.29,8.29,8.29,8.29,0
2022-04-29,8.29,8.29,8.29,8.29,100
2022-05-04,8.29,8.29,7.04,7.04,1700
2022-05-05,8.21,8.21,8.21,8.21,0
2022-05-06,8.21,8.21,8.21,8.21,0
2022-05-09,8.21,8.21,8.21,8.21,0
2022-05-10,8.21,8.21,8.21,8.21,0
2022-05-11,7.46,7.46,7.46,7.46,100
2022-05-12,7.46,7.46,7.46,7.46,0
2022-05-13,7.46,7.46,7.46,7.46,0
2022-05-16,7.46,7.46,7.46,7.46,200
2022-05-17,7.46,7.46,7.46,7.46,0
2022-05-18,7.46,7.46,7.46,7.46,0
2022-05-19,8.29,8.29,8.29,8.29,500
2022-05-20,8.29,8.29,8.29,8.29,0
2022-05-23,8.29,8.29,8.29,8.29,0
2022-05-24,7.87,7.96,7.87,7.96,200
2022-05-25,7.62,7.79,7.62,7.79,300
2022-05-26,7.71,7.71,7.71,7.71,0
2022-05-27,7.71,7.71,7.71,7.71,0
2022-05-30,7.71,7.71,7.71,7.71,0
2022-05-31,7.71,7.71,7.71,7.71,0
2022-06-01,7.71,7.71,7.71,7.71,0
2022-06-02,7.71,7.71,7.71,7.71,0
2022-06-03,7.71,7.71,7.71,7.71,0
2022-06-06,7.71,7.71,7.71,7.71,0
2022-06-07,7.71,7.71,7.71,7.71,0
2022-06-08,7.71,7.71,7.71,7.71,0
2022-06-09,7.71,7.71,7.71,7.71,0
2022-06-10,7.71,7.71,7.71,7.71,0
2022-06-13,7.71,7.71,7.71,7.71,0
2022-06-14,7.71,7.71,7.71,7.71,0
2022-06-15,7.71,7.71,7.71,7.71,0
2022-06-16,7.71,7.71,7.71,7.71,0
2022-06-17,7.71,7.71,7.71,7.71,0
2022-06-20,7.71,7.71,7.71,7.71,0
2022-06-21,7.71,7.71,7.71,7.71,0
2022-06-22,7.71,7.71,7.71,7.71,0
2022-06-23,7.71,7.71,7.71,7.71,0
2022-06-24,7.71,7.71,7.71,7.71,0
2022-06-27,7.71,7.71,7.71,7.71,0
2022-06-28,7.71,7.71,7.71,7.71,0
2022-06-29,7.71,7.71,7.71,7.71,0
2022-06-30,7.71,7.71,7.71,7.71,0
2022-07-01,7.71,7.71,7.71,7.71,0
2022-07-04,7.71,7.71,7.71,7.71,0
2022-07-05,7.71,7.71,7.71,7.71,0
2022-07-06,7.71,7.71,7.71,7.71,0
2022-07-07,7.71,7.71,7.71,7.71,0
2022-07-08,7.71,7.71,7.71,7.71,0
2022-07-11,7.71,7.71,7.71,7.71,0
2022-07-12,7.71,7.71,7.71,7.71,0
2022-07-13,8.04,8.12,8.04,8.12,1500
2022-07-14,8.12,8.12,8.12,8.12,0
2022-07-15,8.12,8.12,8.12,8.12,200
2022-07-18,8.12,8.12,8.12,8.12,0
2022-07-19,8.12,8.12,8.12,8.12,0
2022-07-20,8.12,8.12,8.12,8.12,0
2022-07-21,8.12,8.12,8.12,8.12,0
2022-07-22,8.12,8.12,8.12,8.12,0
2022-07-25,9.28,9.28,9.28,9.28,5000
2022-07-26,9.28,9.28,9.28,9.28,0
2022-07-27,9.28,9.28,9.28,9.28,0
2022-07-28,9.28,9.28,9.28,9.28,16
2022-07-29,9.28,9.28,9.28,9.28,0
2022-08-01,9.28,9.28,9.28,9.28,0
2022-08-02,7.96,7.96,7.96,7.96,100
2022-08-03,8.45,8.45,8.45,8.45,900
2022-08-04,8.45,8.45,8.45,8.45,0
2022-08-05,8.45,8.45,8.45,8.45,0
2022-08-08,8.45,8.45,8.45,8.45,0
2022-08-09,8.45,8.45,8.45,8.45,0
2022-08-10,8.45,8.45,8.45,8.45,0
2022-08-11,8.45,8.45,8.45,8.45,0
2022-08-12,8.45,8.45,8.45,8.45,0
2022-08-15,8.45,8.45,8.45,8.45,0
2022-08-16,8.45,8.45,8.45,8.45,0
2022-08-17,8.45,8.45,8.45,8.45,0
2022-08-18,8.45,8.45,8.45,8.45,0
2022-08-19,8.45,8.45,8.45,8.45,0
2022-08-22,8.45,8.45,8.45,8.45,0
2022-08-23,8.45,8.45,8.45,8.45,1
2022-08-24,8.45,8.45,8.45,8.45,0
2022-08-25,9.56,9.56,9.56,9.56,100
2022-08-26,9.56,9.56,9.56,9.56,0
2022-08-29,9.56,9.56,9.56,9.56,0
2022-08-30,9.56,9.56,9.56,9.56,0
2022-08-31,9.56,9.56,9.56,9.56,0
2022-09-05,9.56,9.56,9.56,9.56,0
2022-09-06,8.2,8.2,8.2,8.2,100
2022-09-07,7.0,7.0,7.0,7.0,100
2022-09-08,7.0,7.0,7.0,7.0,0
2022-09-09,5.98,7.0,5.98,5.98,300
2022-09-12,6.32,6.32,6.32,6.32,0
2022-09-13,6.32,6.32,6.32,6.32,0
2022-09-14,6.32,6.32,6.32,6.32,0
2022-09-15,6.32,6.32,6.32,6.32,0
2022-09-16,6.32,6.32,6.32,6.32,0
2022-09-19,6.32,6.32,6.32,6.32,0
2022-09-20,6.32,6.32,6.32,6.32,0
2022-09-21,6.32,6.32,6.32,6.32,0
2022-09-22,6.32,6.32,6.32,6.32,0
2022-09-23,6.32,6.32,6.32,6.32,0
2022-09-26,6.32,6.32,6.32,6.32,0
2022-09-27,6.32,6.32,6.32,6.32,0
2022-09-28,6.32,6.32,6.32,6.32,800
2022-09-29,6.32,6.32,6.32,6.32,0
2022-09-30,6.32,6.32,6.32,6.32,0
2022-10-03,6.32,6.32,6.32,6.32,0
2022-10-04,6.32,6.32,6.32,6.32,0
2022-10-05,6.32,6.32,6.32,6.32,0
2022-10-06,6.32,6.32,6.32,6.32,0
2022-10-07,6.83,6.83,6.83,6.83,200
2022-10-10,6.83,6.83,6.83,6.83,0
2022-10-11,6.83,6.83,6.83,6.83,0
2022-10-12,6.83,6.83,6.83,6.83,0
2022-10-13,6.83,6.83,6.83,6.83,0
2022-10-14,6.83,6.83,6.83,6.83,0
2022-10-17,6.83,6.83,6.83,6.83,0
2022-10-18,6.83,6.83,6.83,6.83,0
2022-10-19,6.83,6.83,6.83,6.83,0
2022-10-20,6.83,6.83,6.83,6.83,0
2022-10-21,6.83,6.83,6.83,6.83,0
2022-10-24,6.83,6.83,6.83,6.83,0
2022-10-25,6.83,6.83,6.83,6.83,0
2022-10-26,6.83,6.83,6.83,6.83,0
2022-10-27,6.83,6.83,6.83,6.83,0
2022-10-28,6.83,6.83,6.83,6.83,0
2022-10-31,7.86,7.86,7.86,7.86,100
2022-11-01,8.54,8.54,8.54,8.54,100
2022-11-02,8.54,8.54,8.54,8.54,0
2022-11-03,8.54,8.54,8.54,8.54,0
2022-11-04,8.54,8.54,8.54,8.54,0
2022-11-07,8.54,8.54,8.54,8.54,0
2022-11-08,8.54,8.54,8.54,8.54,0
2022-11-09,8.54,8.54,8.54,8.54,0
2022-11-10,8.54,8.54,8.54,8.54,0
2022-11-11,8.54,8.54,8.54,8.54,0
2022-11-14,8.54,8.54,8.54,8.54,0
2022-11-15,8.54,8.54,8.54,8.54,0
2022-11-16,8.54,8.54,8.54,8.54,0
2022-11-17,8.54,8.54,8.54,8.54,0
2022-11-18,8.54,8.54,8.54,8.54,0
2022-11-21,8.54,8.54,8.54,8.54,0
2022-11-22,8.54,8.54,8.54,8.54,0
2022-11-23,8.54,8.54,8.54,8.54,0
2022-11-24,8.54,8.54,8.54,8.54,0
2022-11-25,8.54,8.54,8.54,8.54,0
2022-11-28,8.54,8.54,8.54,8.54,0
2022-11-29,8.54,8.54,8.54,8.54,0
2022-11-30,8.54,8.54,8.54,8.54,0
2022-12-01,8.54,8.54,8.54,8.54,0
2022-12-02,8.54,8.54,8.54,8.54,0
2022-12-05,8.54,8.54,8.54,8.54,0
2022-12-06,8.54,8.54,8.54,8.54,0
2022-12-07,8.54,8.54,8.54,8.54,0
2022-12-08,8.54,8.54,8.54,8.54,0
2022-12-09,8.54,8.54,8.54,8.54,0
2022-12-12,8.54,8.54,8.54,8.54,0
2022-12-13,8.54,8.54,8.54,8.54,0
2022-12-14,8.54,8.54,8.54,8.54,0
2022-12-15,8.54,8.54,8.54,8.54,0
2022-12-16,8.54,8.54,8.54,8.54,0
2022-12-19,8.54,8.54,8.54,8.54,0
2022-12-20,8.54,8.54,8.54,8.54,0
2022-12-21,8.54,8.54,8.54,8.54,0
2022-12-22,8.54,8.54,8.54,8.54,0
2022-12-23,8.54,8.54,8.54,8.54,0
2022-12-26,8.54,8.54,8.54,8.54,0
2022-12-27,8.54,8.54,8.54,8.54,0
2022-12-28,8.54,8.54,8.54,8.54,0
2022-12-29,8.54,8.54,8.54,8.54,0
2022-12-30,8.54,8.54,8.54,8.54,0
2023-01-03,8.54,8.54,8.54,8.54,0
2023-01-04,8.54,8.54,8.54,8.54,0
2023-01-05,8.54,8.54,8.54,8.54,0
2023-01-06,8.54,8.54,8.54,8.54,0
2023-01-09,8.54,8.54,8.54,8.54,0
2023-01-10,8.54,8.54,8.54,8.54,0
2023-01-11,8.54,8.54,8.54,8.54,0
2023-01-12,8.54,8.54,8.54,8.54,0
2023-01-13,8.54,8.54,8.54,8.54,0
2023-01-16,8.54,8.54,8.54,8.54,0
2023-01-17,8.54,8.54,8.54,8.54,0
2023-01-18,8.54,8.54,8.54,8.54,0
2023-01-19,8.54,8.54,8.54,8.54,0
2023-01-27,8.54,8.54,8.54,8.54,0
2023-01-30,8.54,8.54,8.54,8.54,0
2023-01-31,8.54,8.54,8.54,8.54,0
2023-02-01,8.37,8.37,8.37,8.37,1700
2023-02-02,8.54,8.54,8.54,8.54,7100
2023-02-03,8.54,8.54,8.54,8.54,0
2023-02-06,8.54,8.54,8.54,8.54,0
2023-02-07,8.54,8.54,8.54,8.54,0
2023-02-08,8.54,8.54,8.54,8.54,0
2023-02-09,8.54,8.54,8.54,8.54,0
2023-02-10,8.54,8.54,8.54,8.54,0
2023-02-13,8.54,8.54,8.54,8.54,0
2023-02-14,8.54,8.54,8.54,8.54,0
2023-02-15,8.54,8.54,8.54,8.54,2
2023-02-16,8.54,8.54,8.54,8.54,0
2023-02-17,8.54,8.54,8.54,8.54,0
2023-02-20,8.54,8.54,8.54,8.54,0
2023-02-21,8.54,8.54,8.54,8.54,0
2023-02-22,8.54,8.54,8.54,8.54,0
2023-02-23,8.54,8.54,8.54,8.54,0
2023-02-24,8.54,8.54,8.54,8.54,0
2023-02-27,8.54,8.54,8.54,8.54,0
2023-02-28,8.54,8.54,8.54,8.54,0
2023-03-01,8.54,8.54,8.54,8.54,0
2023-03-02,8.54,8.54,8.54,8.54,0
2023-03-03,8.54,8.54,8.54,8.54,0
2023-03-06,8.54,8.54,8.54,8.54,0
2023-03-07,8.54,8.54,8.54,8.54,0
2023-03-08,8.54,8.54,8.54,8.54,0
2023-03-09,8.54,8.54,8.54,8.54,0
2023-03-10,8.54,8.54,8.54,8.54,0
2023-03-13,8.54,8.54,8.54,8.54,0
2023-03-14,8.54,8.54,8.54,8.54,0
2023-03-15,8.54,8.54,8.54,8.54,0
2023-03-16,8.54,8.54,8.54,8.54,0
2023-03-17,8.54,8.54,8.54,8.54,0
2023-03-20,8.54,8.54,8.54,8.54,0
2023-03-21,8.54,8.54,8.54,8.54,0
2023-03-22,8.54,8.54,8.54,8.54,0
2023-03-23,8.54,8.54,8.54,8.54,0
2023-03-24,8.54,8.54,8.54,8.54,0
2023-03-27,8.54,8.54,8.54,8.54,0
2023-03-28,8.54,8.54,8.54,8.54,0
2023-03-29,8.54,8.54,8.54,8.54,0
2023-03-30,8.54,8.54,8.54,8.54,0
2023-03-31,8.54,8.54,8.54,8.54,0
2023-04-03,8.54,8.54,8.54,8.54,0
2023-04-04,8.54,8.54,8.54,8.54,0
2023-04-05,8.54,8.54,8.54,8.54,0
2023-04-06,8.54,8.54,8.54,8.54,0
2023-04-07,8.54,8.54,8.54,8.54,0
2023-04-10,8.54,8.54,8.54,8.54,0
2023-04-11,8.54,8.54,8.54,8.54,0
2023-04-12,8.54,8.54,8.54,8.54,0
2023-04-13,8.54,8.54,8.54,8.54,0
2023-04-14,8.54,8.54,8.54,8.54,0
2023-04-17,8.54,8.54,8.54,8.54,0
2023-04-18,8.54,8.54,8.54,8.54,0
2023-04-19,8.54,8.54,8.54,8.54,0
2023-04-20,8.54,8.54,8.54,8.54,0
2023-04-21,8.54,8.54,8.54,8.54,0
2023-04-24,8.54,8.54,8.54,8.54,0
2023-04-25,8.54,8.54,8.54,8.54,0
2023-04-26,8.54,8.54,8.54,8.54,0
2023-04-27,8.54,8.54,8.54,8.54,0
2023-04-28,5.12,5.12,5.12,5.12,1000
2023-05-04,5.12,5.12,5.12,5.12,0
2023-05-05,5.89,5.89,5.89,5.89,1000
2023-05-08,6.75,6.75,6.75,6.75,800
2023-05-09,6.75,6.75,6.75,6.75,0
2023-05-10,6.75,6.75,6.75,6.75,0
2023-05-11,6.75,6.75,6.75,6.75,0
2023-05-12,6.75,6.75,6.75,6.75,0
2023-05-15,6.75,6.75,6.75,6.75,0
2023-05-16,6.75,6.75,6.75,6.75,0
2023-05-17,5.89,6.4,5.89,6.4,2000
2023-05-18,6.15,6.15,6.15,6.15,0
2023-05-19,6.15,6.15,6.15,6.15,0
2023-05-22,6.15,6.15,6.15,6.15,0
2023-05-23,6.15,6.15,6.15,6.15,0
2023-05-24,7.0,7.0,7.0,7.0,2600
2023-05-25,7.0,7.0,7.0,7.0,0
2023-05-26,7.0,7.0,7.0,7.0,0
2023-05-29,7.0,7.0,7.0,7.0,0
2023-05-30,7.0,7.0,7.0,7.0,0
2023-05-31,7.0,7.0,7.0,7.0,0
2023-06-01,7.0,7.0,7.0,7.0,0
2023-06-02,7.0,7.0,7.0,7.0,0
2023-06-05,7.0,7.0,7.0,7.0,0
2023-06-06,7.0,7.0,7.0,7.0,0
2023-06-07,7.0,7.0,7.0,7.0,0
2023-06-08,7.0,7.0,7.0,7.0,0
2023-06-09,7.0,7.0,7.0,7.0,0
2023-06-12,7.0,7.0,7.0,7.0,0
2023-06-13,7.0,7.0,7.0,7.0,0
2023-06-14,7.0,7.0,7.0,7.0,0
2023-06-15,7.0,7.0,7.0,7.0,0
2023-06-16,7.0,7.0,7.0,7.0,0
2023-06-19,7.0,7.0,7.0,7.0,0
2023-06-20,7.0,7.0,7.0,7.0,0
2023-06-21,7.0,7.0,7.0,7.0,0
2023-06-22,7.0,7.0,7.0,7.0,0
2023-06-23,7.0,7.0,7.0,7.0,0
2023-06-26,7.0,7.0,7.0,7.0,0
2023-06-27,7.0,7.0,7.0,7.0,0
2023-06-28,7.0,7.0,7.0,7.0,0
2023-06-29,7.0,7.0,7.0,7.0,0
2023-06-30,7.0,7.0,7.0,7.0,0
2023-07-03,7.0,7.0,7.0,7.0,0
2023-07-04,7.0,7.0,7.0,7.0,0
2023-07-05,7.0,7.0,7.0,7.0,0
2023-07-06,7.0,7.0,7.0,7.0,0
2023-07-07,7.0,7.0,7.0,7.0,0
2023-07-10,7.0,7.0,7.0,7.0,0
2023-07-11,7.0,7.0,7.0,7.0,0
2023-07-12,7.0,7.0,7.0,7.0,0
2023-07-13,7.0,7.0,7.0,7.0,0
2023-07-14,7.0,7.0,7.0,7.0,0
2023-07-17,7.0,7.0,7.0,7.0,0
2023-07-18,7.0,7.0,7.0,7.0,0
2023-07-19,7.0,7.0,7.0,7.0,0
2023-07-20,7.0,7.0,7.0,7.0,0
2023-07-21,7.0,7.0,7.0,7.0,0
2023-07-24,7.0,7.0,7.0,7.0,0
2023-07-25,7.0,7.0,7.0,7.0,0
2023-07-26,7.0,7.0,7.0,7.0,0
2023-07-27,7.0,7.0,7.0,7.0,0
2023-07-28,7.0,7.0,7.0,7.0,0
2023-07-31,7.0,7.0,7.0,7.0,0
2023-08-01,7.0,7.0,7.0,7.0,0
2023-08-02,7.0,7.0,7.0,7.0,0
2023-08-03,7.0,7.0,7.0,7.0,0
2023-08-04,7.0,7.0,7.0,7.0,0
2023-08-07,7.0,7.0,7.0,7.0,0
2023-08-08,7.0,7.0,7.0,7.0,0
2023-08-09,7.0,7.0,7.0,7.0,0
2023-08-10,7.0,7.0,7.0,7.0,0
2023-08-11,7.0,7.0,7.0,7.0,0
2023-08-14,7.0,7.0,7.0,7.0,0
2023-08-15,7.0,7.0,7.0,7.0,0
2023-08-16,7.0,7.0,7.0,7.0,0
2023-08-17,7.0,7.0,7.0,7.0,0
2023-08-18,7.0,7.0,7.0,7.0,0
2023-08-21,7.0,7.0,7.0,7.0,0
2023-08-22,7.0,7.0,7.0,7.0,0
2023-08-23,7.0,7.0,7.0,7.0,0
2023-08-24,7.0,7.0,7.0,7.0,0
2023-08-25,7.0,7.0,7.0,7.0,0
2023-08-28,7.0,7.0,7.0,7.0,0
2023-08-29,7.0,7.0,7.0,7.0,0
2023-08-30,7.0,7.0,7.0,7.0,0
2023-08-31,7.0,7.0,7.0,7.0,0
2023-09-05,7.0,7.0,7.0,7.0,0
2023-09-06,7.0,7.0,7.0,7.0,0
2023-09-07,7.0,7.0,7.0,7.0,0
2023-09-08,7.0,7.0,7.0,7.0,0
2023-09-11,7.0,7.0,7.0,7.0,0
2023-09-12,7.0,7.0,7.0,7.0,0
2023-09-13,7.0,7.0,7.0,7.0,0
2023-09-14,7.0,7.0,7.0,7.0,0
2023-09-15,7.0,7.0,7.0,7.0,0
2023-09-18,7.0,7.0,7.0,7.0,0
2023-09-19,7.0,7.0,7.0,7.0,0
2023-09-20,7.0,7.0,7.0,7.0,0
2023-09-21,7.0,7.0,7.0,7.0,0
2023-09-22,7.0,7.0,7.0,7.0,0
2023-09-25,7.0,7.0,7.0,7.0,0
2023-09-26,7.0,7.0,7.0,7.0,0
2023-09-27,7.0,7.0,7.0,7.0,0
2023-09-28,7.0,7.0,7.0,7.0,0
2023-09-29,7.0,7.0,7.0,7.0,0
2023-10-02,7.0,7.0,7.0,7.0,0
2023-10-03,7.0,7.0,7.0,7.0,0
2023-10-04,7.0,7.0,7.0,7.0,0
2023-10-05,7.0,7.0,7.0,7.0,0
2023-10-06,7.0,7.0,7.0,7.0,0
2023-10-09,7.0,7.0,7.0,7.0,0
2023-10-10,7.0,7.0,7.0,7.0,0
2023-10-11,7.0,7.0,7.0,7.0,0
2023-10-12,7.0,7.0,7.0,7.0,0
2023-10-13,7.0,7.0,7.0,7.0,0
2023-10-16,7.0,7.0,7.0,7.0,0
2023-10-17,7.0,7.0,7.0,7.0,0
2023-10-18,7.0,7.0,7.0,7.0,0
2023-10-19,7.0,7.0,7.0,7.0,0
2023-10-20,7.0,7.0,7.0,7.0,0
2023-10-23,7.0,7.0,7.0,7.0,0
2023-10-24,7.0,7.0,7.0,7.0,0
2023-10-25,7.0,7.0,7.0,7.0,0
2023-10-26,7.0,7.0,7.0,7.0,0
2023-10-27,7.0,7.0,7.0,7.0,0
2023-10-30,7.0,7.0,7.0,7.0,0
2023-10-31,7.0,7.0,7.0,7.0,0
2023-11-01,7.0,7.0,7.0,7.0,0
2023-11-02,7.0,7.0,7.0,7.0,0
2023-11-03,7.0,7.0,7.0,7.0,0
2023-11-06,7.0,7.0,7.0,7.0,0
2023-11-07,7.0,7.0,7.0,7.0,0
2023-11-08,7.0,7.0,7.0,7.0,0
2023-11-09,7.0,7.0,7.0,7.0,0
2023-11-10,7.0,7.0,7.0,7.0,0
2023-11-13,7.0,7.0,7.0,7.0,0
2023-11-14,7.0,7.0,7.0,7.0,0
2023-11-15,7.0,7.0,7.0,7.0,0
2023-11-16,7.0,7.0,7.0,7.0,0
2023-11-17,7.0,7.0,7.0,7.0,0
2023-11-20,7.0,7.0,7.0,7.0,0
2023-11-21,7.0,7.0,7.0,7.0,0
2023-11-22,7.0,7.0,7.0,7.0,0
2023-11-23,7.0,7.0,7.0,7.0,0
2023-11-24,7.0,7.0,7.0,7.0,0
2023-11-27,7.0,7.0,7.0,7.0,0
2023-11-28,7.0,7.0,7.0,7.0,0
2023-11-29,7.0,7.0,7.0,7.0,0
2023-11-30,7.0,7.0,7.0,7.0,0
2023-12-01,7.0,7.0,7.0,7.0,0
2023-12-04,7.0,7.0,7.0,7.0,0
2023-12-05,7.0,7.0,7.0,7.0,0
2023-12-06,7.0,7.0,7.0,7.0,0
2023-12-07,7.0,7.0,7.0,7.0,0
2023-12-08,7.0,7.0,7.0,7.0,0
2023-12-11,7.0,7.0,7.0,7.0,0
2023-12-12,7.0,7.0,7.0,7.0,0
2023-12-13,7.0,7.0,7.0,7.0,0
2023-12-14,7.0,7.0,7.0,7.0,0
2023-12-15,7.0,7.0,7.0,7.0,0
2023-12-18,7.0,7.0,7.0,7.0,0
2023-12-19,7.0,7.0,7.0,7.0,0
2023-12-20,7.0,7.0,7.0,7.0,0
2023-12-21,7.0,7.0,7.0,7.0,0
2023-12-22,7.0,7.0,7.0,7.0,0
2023-12-25,7.0,7.0,7.0,7.0,0
2023-12-26,7.0,7.0,7.0,7.0,0
2023-12-27,7.0,7.0,7.0,7.0,0
2023-12-28,7.0,7.0,7.0,7.0,0
2023-12-29,7.0,7.0,7.0,7.0,0
2024-01-02,7.0,7.0,7.0,7.0,0
2024-01-03,7.0,7.0,7.0,7.0,0
2024-01-04,7.0,7.0,7.0,7.0,0
2024-01-05,7.0,7.0,7.0,7.0,0
2024-01-08,7.0,7.0,7.0,7.0,0
2024-01-09,7.0,7.0,7.0,7.0,0
2024-01-10,7.0,7.0,7.0,7.0,0
2024-01-11,7.0,7.0,7.0,7.0,0
2024-01-12,7.0,7.0,7.0,7.0,0
2024-01-15,7.0,7.0,7.0,7.0,0
2024-01-16,7.0,7.0,7.0,7.0,0
2024-01-17,7.0,7.0,7.0,7.0,0
2024-01-18,7.0,7.0,7.0,7.0,0
2024-01-19,7.0,7.0,7.0,7.0,0
2024-01-22,7.0,7.0,7.0,7.0,0
2024-01-23,7.0,7.0,7.0,7.0,0
2024-01-24,7.0,7.0,7.0,7.0,0
2024-01-25,7.0,7.0,7.0,7.0,0
2024-01-26,7.0,7.0,7.0,7.0,0
2024-01-29,7.0,7.0,7.0,7.0,0
2024-01-30,7.0,7.0,7.0,7.0,0
2024-01-31,7.0,7.0,7.0,7.0,0
2024-02-01,7.09,7.09,7.09,7.09,500
2024-02-02,7.09,7.09,7.09,7.09,0
2024-02-05,7.09,7.09,7.09,7.09,0
2024-02-06,7.09,7.09,7.09,7.09,0
2024-02-07,7.09,7.09,7.09,7.09,0
2024-02-15,7.09,7.09,7.09,7.09,0
2024-02-16,7.09,7.09,7.09,7.09,0
2024-02-19,7.09,7.09,7.09,7.09,0
2024-02-20,7.09,7.09,7.09,7.09,0
2024-02-21,7.09,7.09,7.09,7.09,0
2024-02-22,7.09,7.09,7.09,7.09,0
2024-02-23,7.09,7.09,7.09,7.09,0
2024-02-26,7.09,7.09,7.09,7.09,0
2024-02-27,7.09,7.09,7.09,7.09,0
2024-02-28,7.09,7.09,7.09,7.09,0
2024-02-29,7.09,7.09,7.09,7.09,0
2024-03-01,7.09,7.09,7.09,7.09,0
2024-03-04,7.09,7.09,7.09,7.09,0
2024-03-05,7.09,7.09,7.09,7.09,0
2024-03-06,7.09,7.09,7.09,7.09,0
2024-03-07,7.09,7.09,7.09,7.09,0
2024-03-08,7.09,7.09,7.09,7.09,0
2024-03-11,7.09,7.09,7.09,7.09,0
2024-03-12,7.09,7.09,7.09,7.09,0
2024-03-13,7.09,7.09,7.09,7.09,0
2024-03-14,7.09,7.09,7.09,7.09,0
2024-03-15,7.09,7.09,7.09,7.09,0
2024-03-18,7.09,7.09,7.09,7.09,0
2024-03-19,7.09,7.09,7.09,7.09,0
2024-03-20,7.09,7.09,7.09,7.09,0
2024-03-21,7.09,7.09,7.09,7.09,0
2024-03-22,7.09,7.09,7.09,7.09,0
2024-03-25,7.09,7.09,7.09,7.09,0
2024-03-26,7.09,7.09,7.09,7.09,0
2024-03-27,7.09,7.09,7.09,7.09,0
2024-03-28,7.09,7.09,7.09,7.09,0
2024-03-29,7.09,7.09,7.09,7.09,0
2024-04-01,7.09,7.09,7.09,7.09,0
2024-04-02,7.09,7.09,7.09,7.09,0
2024-04-03,7.09,7.09,7.09,7.09,0
2024-04-04,7.09,7.09,7.09,7.09,0
2024-04-05,7.09,7.09,7.09,7.09,0
2024-04-08,7.09,7.09,7.09,7.09,0
2024-04-09,7.09,7.09,7.09,7.09,0
2024-04-10,7.09,7.09,7.09,7.09,0
2024-04-11,7.09,7.09,7.09,7.09,0
2024-04-12,7.09,7.09,7.09,7.09,0
2024-04-15,7.09,7.09,7.09,7.09,0
2024-04-16,7.09,7.09,7.09,7.09,0
2024-04-17,7.09,7.09,7.09,7.09,0
2024-04-19,7.09,7.09,7.09,7.09,0
2024-04-22,7.09,7.09,7.09,7.09,0
2024-04-23,7.09,7.09,7.09,7.09,0
2024-04-24,7.09,7.09,7.09,7.09,0
2024-04-25,7.09,7.09,7.09,7.09,0
2024-04-26,7.09,7.09,7.09,7.09,0
2024-05-02,7.09,7.09,7.09,7.09,0
2024-05-03,7.09,7.09,7.09,7.09,0
2024-05-06,7.09,7.09,7.09,7.09,0
2024-05-07,7.09,7.09,7.09,7.09,0
2024-05-08,7.09,7.09,7.09,7.09,0
2024-05-09,7.09,7.09,7.09,7.09,0
2024-05-10,7.09,7.09,7.09,7.09,0
2024-05-13,7.09,7.09,7.09,7.09,0
2024-05-14,7.09,7.09,7.09,7.09,0
2024-05-15,7.09,7.09,7.09,7.09,0
2024-05-16,7.09,7.09,7.09,7.09,0
2024-05-17,7.09,7.09,7.09,7.09,0
2024-05-20,7.09,7.09,7.09,7.09,0
2024-05-21,7.09,7.09,7.09,7.09,0
2024-05-22,7.09,7.09,7.09,7.09,0
2024-05-23,7.18,7.18,7.18,7.18,100
2024-05-24,7.18,7.18,7.18,7.18,0
2024-05-27,7.18,7.18,7.18,7.18,0
2024-05-28,7.18,7.18,7.18,7.18,0
2024-05-29,7.18,7.18,7.18,7.18,0
2024-05-30,7.18,7.18,7.18,7.18,0
2024-05-31,7.18,7.18,7.18,7.18,0
2024-06-03,7.18,7.18,7.18,7.18,0
2024-06-04,6.2,6.2,6.2,6.2,12891
2024-06-05,6.2,6.2,6.2,6.2,0
2024-06-06,6.2,6.2,6.2,6.2,0
2024-06-07,6.2,6.2,6.2,6.2,0
2024-06-10,6.2,6.2,6.2,6.2,0
2024-06-11,6.2,6.2,6.2,6.2,0
2024-06-12,6.2,6.2,6.2,6.2,0
2024-06-13,6.2,6.2,6.2,6.2,0
2024-06-14,7.06,7.06,7.06,7.06,100
2024-06-17,8.11,8.11,8.11,8.11,2100
2024-06-18,9.26,9.26,9.26,9.26,1700
2024-06-19,9.54,10.5,9.54,9.64,5400
2024-06-20,9.64,9.64,9.64,9.64,0
2024-06-21,9.64,9.64,9.64,9.64,0
2024-06-24,9.64,9.64,9.64,9.64,0
2024-06-25,9.64,9.64,9.64,9.64,0
2024-06-26,9.26,9.54,9.26,9.54,1100
2024-06-27,9.54,9.54,9.54,9.54,0
2024-06-28,9.54,9.54,9.54,9.54,0
2024-07-01,9.54,9.54,9.54,9.54,0
2024-07-02,9.54,9.54,9.54,9.54,0
2024-07-03,9.54,9.54,9.54,9.54,0
2024-07-04,9.54,9.54,9.54,9.54,0
2024-07-05,9.54,9.54,9.54,9.54,0
2024-07-08,9.54,9.54,9.54,9.54,0
2024-07-09,9.54,9.54,9.54,9.54,0
2024-07-10,9.54,9.54,9.54,9.54,0
2024-07-11,9.54,9.54,9.54,9.54,0
2024-07-12,9.54,9.54,9.54,9.54,0
2024-07-15,9.54,9.54,9.54,9.54,0
2024-07-16,9.54,9.54,9.54,9.54,0
2024-07-17,9.54,9.54,9.54,9.54,0
2024-07-18,9.54,9.54,9.54,9.54,0
2024-07-19,9.54,9.54,9.54,9.54,0
2024-07-22,9.54,9.54,9.54,9.54,0
2024-07-23,9.54,9.54,9.54,9.54,0
2024-07-24,9.54,9.54,9.54,9.54,0
2024-07-25,9.54,9.54,9.54,9.54,0
2024-07-26,9.54,9.54,9.54,9.54,0
2024-07-29,9.54,9.54,9.54,9.54,0
2024-07-30,9.54,9.54,9.54,9.54,0
2024-07-31,9.54,9.54,9.54,9.54,0
2024-08-01,9.54,9.54,9.54,9.54,0
2024-08-02,9.54,9.54,9.54,9.54,0
2024-08-05,9.54,9.54,9.54,9.54,0
2024-08-06,9.54,9.54,9.54,9.54,0
2024-08-07,9.54,9.54,9.54,9.54,0
2024-08-08,9.54,9.54,9.54,9.54,0
2024-08-09,9.54,9.54,9.54,9.54,0
2024-08-12,9.54,9.54,9.54,9.54,0
2024-08-13,9.54,9.54,9.54,9.54,0
2024-08-14,9.54,9.54,9.54,9.54,0
2024-08-15,9.54,9.54,9.54,9.54,0
2024-08-16,9.54,9.54,9.54,9.54,0
2024-08-19,9.54,9.54,9.54,9.54,0
2024-08-20,9.54,9.54,9.54,9.54,0
2024-08-21,9.54,9.54,9.54,9.54,0
2024-08-22,9.54,9.54,9.54,9.54,0
2024-08-23,9.54,9.54,9.54,9.54,0
2024-08-26,9.54,9.54,9.54,9.54,0
2024-08-27,9.54,9.54,9.54,9.54,0
2024-08-28,9.54,9.54,9.54,9.54,0
2024-08-29,9.54,9.54,9.54,9.54,0
2024-08-30,9.54,9.54,9.54,9.54,0
2024-09-04,9.54,9.54,9.54,9.54,0
2024-09-05,9.54,9.54,9.54,9.54,0
2024-09-06,9.54,9.54,9.54,9.54,0
2024-09-09,9.54,9.54,9.54,9.54,0
2024-09-10,9.54,9.54,9.54,9.54,0
2024-09-11,9.54,9.54,9.54,9.54,0
2024-09-12,9.54,9.54,9.54,9.54,0
2024-09-13,9.54,9.54,9.54,9.54,0
2024-09-16,9.54,9.54,9.54,9.54,0
2024-09-17,9.54,9.54,9.54,9.54,0
2024-09-18,9.54,9.54,9.54,9.54,0
2024-09-19,9.54,9.54,9.54,9.54,0
2024-09-20,9.54,9.54,9.54,9.54,0
2024-09-23,9.54,9.54,9.54,9.54,0
2024-09-24,9.54,9.54,9.54,9.54,0
2024-09-25,9.54,9.54,9.54,9.54,0
2024-09-26,9.54,9.54,9.54,9.54,0
2024-09-27,9.54,9.54,9.54,9.54,0
2024-09-30,9.54,9.54,9.54,9.54,0
2024-10-01,9.54,9.54,9.54,9.54,0
2024-10-02,9.54,9.54,9.54,9.54,0
2024-10-03,9.54,9.54,9.54,9.54,0
2024-10-04,9.54,9.54,9.54,9.54,0
2024-10-07,9.54,9.54,9.54,9.54,6600
2024-10-08,9.54,9.54,9.54,9.54,9
2024-10-09,9.54,9.54,9.54,9.54,0
2024-10-10,9.54,9.54,9.54,9.54,0
2024-10-11,9.54,9.54,9.54,9.54,0
2024-10-14,9.54,9.54,9.54,9.54,0
2024-10-15,9.54,9.54,9.54,9.54,0
2024-10-16,9.54,9.54,9.54,9.54,0
2024-10-17,10.5,10.5,10.02,10.02,900
2024-10-18,10.12,10.12,10.12,10.12,0
2024-10-21,10.12,10.12,10.12,10.12,100
2024-10-22,10.5,10.5,10.5,10.5,100
2024-10-23,10.5,10.5,10.5,10.5,0
2024-10-24,10.5,10.5,10.5,10.5,0
2024-10-25,10.5,10.5,10.5,10.5,0
2024-10-28,10.5,10.5,10.5,10.5,0
2024-10-29,10.5,10.5,10.5,10.5,0
2024-10-30,10.5,10.5,10.5,10.5,100
2024-10-31,10.5,10.5,10.5,10.5,0
2024-11-01,10.5,10.5,10.5,10.5,0
2024-11-04,10.5,10.5,10.5,10.5,0
2024-11-05,10.5,10.5,10.5,10.5,0
2024-11-06,10.5,10.5,10.5,10.5,0
2024-11-07,10.5,10.5,10.5,10.5,0
2024-11-08,10.5,10.5,10.5,10.5,0
2024-11-11,10.5,10.5,10.5,10.5,0
2024-11-12,10.5,10.5,10.5,10.5,0
2024-11-13,10.5,10.5,10.5,10.5,0
2024-11-14,10.5,10.5,10.5,10.5,0
2024-11-15,10.5,10.5,10.5,10.5,0
2024-11-18,10.5,10.5,10.5,10.5,0
2024-11-19,10.5,10.5,10.5,10.5,0
2024-11-20,10.5,10.5,10.5,10.5,0
2024-11-21,10.5,10.5,10.5,10.5,0
2024-11-22,10.5,10.5,10.5,10.5,0
2024-11-25,10.5,10.5,10.5,10.5,0
2024-11-26,10.5,10.5,10.5,10.5,0
2024-11-27,10.5,10.5,10.5,10.5,0
2024-11-28,10.5,10.5,10.5,10.5,0
2024-11-29,10.5,10.5,10.5,10.5,0
2024-12-02,10.5,10.5,10.5,10.5,0
2024-12-03,10.5,10.5,10.5,10.5,0
2024-12-04,10.5,10.5,10.5,10.5,0
2024-12-05,10.5,10.5,10.5,10.5,0
2024-12-06,10.5,10.5,10.5,10.5,0
2024-12-09,10.5,10.5,10.5,10.5,0
2024-12-10,10.5,10.5,10.5,10.5,0
2024-12-11,10.5,10.5,10.5,10.5,0
2024-12-12,10.5,10.5,10.5,10.5,0
2024-12-13,10.5,10.5,10.5,10.5,0
2024-12-16,10.5,10.5,10.5,10.5,0
2024-12-17,10.5,10.5,10.5,10.5,0
2024-12-18,10.5,10.5,10.5,10.5,0
2024-12-19,10.5,10.5,10.5,10.5,0
2024-12-20,10.5,10.5,10.5,10.5,0
2024-12-23,10.5,10.5,10.5,10.5,0
2024-12-24,10.5,10.5,10.5,10.5,0
2024-12-25,10.5,10.5,10.5,10.5,0
2024-12-26,10.5,10.5,10.5,10.5,0
2024-12-27,10.5,10.5,10.5,10.5,0
2024-12-30,10.5,10.5,10.5,10.5,0
2024-12-31,10.5,10.5,10.5,10.5,0
2025-01-02,10.5,10.5,10.5,10.5,0
2025-01-03,10.5,10.5,10.5,10.5,0
2025-01-06,10.5,10.5,10.5,10.5,0
2025-01-07,10.5,10.5,10.5,10.5,0
2025-01-08,10.5,10.5,10.5,10.5,0
2025-01-09,10.5,10.5,10.5,10.5,0
2025-01-10,10.5,10.5,10.5,10.5,0
2025-01-13,10.5,10.5,10.5,10.5,0
2025-01-14,10.5,10.5,10.5,10.5,0
2025-01-15,10.5,10.5,10.5,10.5,0
2025-01-16,10.5,10.5,10.5,10.5,0
2025-01-17,10.5,10.5,10.5,10.5,0
2025-01-20,10.5,10.5,10.5,10.5,0
2025-01-21,10.5,10.5,10.5,10.5,0
2025-01-22,10.5,10.5,10.5,10.5,0
2025-01-23,10.5,10.5,10.5,10.5,0
2025-01-24,10.5,10.5,10.5,10.5,0
2025-02-03,10.5,10.5,10.5,10.5,0
2025-02-04,10.5,10.5,10.5,10.5,0
2025-02-05,10.5,10.5,10.5,10.5,0
2025-02-06,10.5,10.5,10.5,10.5,0
2025-02-07,10.5,10.5,10.5,10.5,0
2025-02-10,10.5,10.5,10.5,10.5,0
2025-02-11,10.5,10.5,10.5,10.5,0
2025-02-12,10.5,10.5,10.5,10.5,0
2025-02-13,10.5,10.5,10.5,10.5,0
2025-02-14,10.5,10.5,10.5,10.5,0
2025-02-17,10.5,10.5,10.5,10.5,0
2025-02-18,10.5,10.5,10.5,10.5,0
2025-02-19,10.5,10.5,10.5,10.5,0
2025-02-20,10.5,10.5,10.5,10.5,0
2025-02-21,10.5,10.5,10.5,10.5,0
2025-02-24,10.5,10.5,10.5,10.5,0
2025-02-25,10.5,10.5,10.5,10.5,0
2025-02-26,10.5,10.5,10.5,10.5,0
2025-02-27,10.5,10.5,10.5,10.5,0
2025-02-28,10.5,10.5,10.5,10.5,0
2025-03-03,10.5,10.5,10.5,10.5,0
2025-03-04,10.5,10.5,10.5,10.5,0
2025-03-05,10.5,10.5,10.5,10.5,0
2025-03-06,10.5,10.5,10.5,10.5,0
2025-03-07,10.5,10.5,10.5,10.5,0
2025-03-10,10.5,10.5,10.5,10.5,0
2025-03-11,10.5,10.5,10.5,10.5,0
2025-03-12,10.5,10.5,10.5,10.5,0
2025-03-13,10.5,10.5,10.5,10.5,0
2025-03-14,10.5,10.5,10.5,10.5,200
2025-03-17,10.5,10.5,10.5,10.5,0
2025-03-18,10.5,10.5,10.5,10.5,0
2025-03-19,10.5,10.5,10.5,10.5,0
2025-03-20,10.5,10.5,10.5,10.5,0
2025-03-21,10.5,10.5,10.5,10.5,0
2025-03-24,10.5,10.5,10.5,10.5,0
2025-03-25,10.5,10.5,10.5,10.5,0
2025-03-26,10.5,10.5,10.5,10.5,0
2025-03-27,10.5,10.5,10.5,10.5,1
2025-03-28,10.5,10.5,10.5,10.5,0
2025-03-31,10.5,10.5,10.5,10.5,0
2025-04-01,10.5,10.5,10.5,10.5,1
2025-04-02,10.5,10.5,10.5,10.5,0
2025-04-03,10.5,10.5,10.5,10.5,0
2025-04-04,10.5,10.5,10.5,10.5,0
2025-04-08,10.5,10.5,10.5,10.5,0
2025-04-09,10.5,10.5,10.5,10.5,0
2025-04-10,10.5,10.5,10.5,10.5,21
2025-04-11,10.5,10.5,10.5,10.5,9
2025-04-14,10.5,10.5,10.5,10.5,0
2025-04-15,10.5,10.5,10.5,10.5,0
2025-04-16,10.5,10.5,10.5,10.5,0
2025-04-17,10.5,10.5,10.5,10.5,0
2025-04-18,10.5,10.5,10.5,10.5,0
2025-04-21,10.5,10.5,10.5,10.5,0
2025-04-22,10.5,10.5,10.5,10.5,0
2025-04-23,10.5,10.5,10.5,10.5,0
2025-04-24,10.5,10.5,10.5,10.5,0
2025-04-25,10.5,10.5,10.5,10.5,0
2025-04-28,10.5,10.5,10.5,10.5,0
2025-04-29,10.5,10.5,10.5,10.5,0
2025-05-05,10.5,10.5,10.5,10.5,0
2025-05-06,10.5,10.5,10.5,10.5,0
2025-05-07,10.5,10.5,10.5,10.5,0
2025-05-08,10.5,10.5,10.5,10.5,0
2025-05-09,10.5,10.5,10.5,10.5,0
2025-05-12,10.5,10.5,10.5,10.5,0
2025-05-13,10.5,10.5,10.5,10.5,0
2025-05-14,10.5,10.5,10.5,10.5,0
2025-05-15,10.5,10.5,10.5,10.5,0
2025-05-16,10.5,10.5,10.5,10.5,0
2025-05-19,10.5,10.5,10.5,10.5,0
2025-05-20,10.5,10.5,10.5,10.5,0
2025-05-21,10.5,10.5,10.5,10.5,0
2025-05-22,10.5,10.5,10.5,10.5,0
2025-05-23,10.5,10.5,10.5,10.5,0
2025-05-26,10.5,10.5,10.5,10.5,0
2025-05-27,10.5,10.5,10.5,10.5,0
2025-05-28,10.5,10.5,10.5,10.5,0
2025-05-29,10.5,10.5,10.5,10.5,0
2025-05-30,10.5,10.5,10.5,10.5,0
2025-06-02,10.5,10.5,10.5,10.5,0
2025-06-03,10.5,10.5,10.5,10.5,0
2025-06-04,10.5,10.5,10.5,10.5,0
2025-06-05,10.5,10.5,10.5,10.5,0
2025-06-06,10.5,10.5,10.5,10.5,0
2025-06-09,10.5,10.5,10.5,10.5,0
2025-06-10,10.5,10.5,10.5,10.5,0
2025-06-11,10.5,10.5,10.5,10.5,0
2025-06-12,10.5,10.5,10.5,10.5,0
2025-06-13,10.5,10.5,10.5,10.5,0
2025-06-16,10.5,10.5,10.5,10.5,0
2025-06-17,10.5,10.5,10.5,10.5,0
2025-06-18,10.5,10.5,10.5,10.5,0
2025-06-19,10.5,10.5,10.5,10.5,0
2025-06-20,10.5,10.5,10.5,10.5,0
2025-06-23,10.5,10.5,10.5,10.5,0
2025-06-24,10.5,10.5,10.5,10.5,0
2025-06-25,10.5,10.5,10.5,10.5,0
2025-06-26,10.5,10.5,10.5,10.5,0
2025-06-27,10.5,10.5,10.5,10.5,0
2025-06-30,10.5,10.5,10.5,10.5,0
2025-07-01,10.5,10.5,10.5,10.5,0
2025-08-19,10.4,10.4,10.4,10.4,7700
