time,open,high,low,close,volume
2016-03-10,33.18,33.18,33.18,33.18,9000
2016-03-11,38.15,38.15,38.15,38.15,17790
2016-03-14,43.84,43.84,41.47,43.84,218020
2016-03-15,49.88,49.88,44.73,46.21,82250
2016-03-16,46.8,46.8,43.25,44.43,155152
2016-03-17,44.37,45.02,42.06,42.06,94359
2016-03-18,42.06,42.06,39.22,40.58,73260
2016-03-21,40.28,43.25,39.57,41.77,103290
2016-03-22,41.47,42.36,40.88,42.06,98727
2016-03-23,41.47,41.94,41.47,41.65,100651
2016-03-24,41.47,41.47,40.28,41.11,69440
2016-03-25,41.47,41.47,40.28,40.64,45923
2016-03-28,40.28,40.64,39.69,39.69,77823
2016-03-29,40.28,40.88,39.28,39.63,43211
2016-03-30,39.69,39.69,37.62,37.68,84819
2016-03-31,38.21,38.21,37.62,37.74,110150
2016-04-01,37.32,37.86,36.73,37.56,71050
2016-04-04,37.14,39.69,37.14,38.03,57689
2016-04-05,38.39,38.68,38.03,38.57,31122
2016-04-06,38.21,38.51,37.26,37.68,56371
2016-04-07,37.62,37.62,36.61,37.03,28410
2016-04-08,36.73,37.14,35.84,37.14,124889
2016-04-11,36.73,37.32,36.49,36.97,47470
2016-04-12,36.73,37.56,36.73,36.73,75930
2016-04-13,36.97,37.03,36.61,36.61,60270
2016-04-14,36.49,37.09,36.43,37.09,30401
2016-04-15,36.79,39.1,36.79,37.8,138171
2016-04-19,37.91,37.91,37.03,37.03,33041
2016-04-20,36.91,37.32,36.79,36.79,20101
2016-04-21,36.73,38.51,36.73,37.2,34844
2016-04-22,37.03,37.62,37.03,37.56,24260
2016-04-25,37.38,37.38,36.97,36.97,20901
2016-04-26,37.14,37.2,36.43,36.73,62050
2016-04-27,36.43,36.85,36.14,36.26,28100
2016-04-28,36.14,36.49,35.72,36.43,45510
2016-04-29,36.14,36.14,35.84,36.08,8530
2016-05-04,36.14,36.14,35.66,35.66,8450
2016-05-05,35.54,35.9,34.95,34.95,43899
2016-05-06,34.66,35.49,34.36,34.48,86507
2016-05-09,34.06,34.6,33.77,34.6,39300
2016-05-10,33.83,34.95,33.47,34.72,131600
2016-05-11,34.72,35.72,34.66,35.72,78470
2016-05-12,36.14,38.21,35.9,37.68,174541
2016-05-13,37.5,38.45,37.5,37.86,189202
2016-05-16,37.5,37.5,32.29,36.32,273318
2016-05-17,35.9,38.15,35.9,37.91,152370
2016-05-18,38.15,38.15,37.03,37.03,36520
2016-05-19,36.73,37.32,36.73,37.09,23748
2016-05-20,36.85,37.32,36.79,37.03,14952
2016-05-23,37.03,37.14,36.85,36.85,50157
2016-05-24,36.97,37.03,36.14,36.14,18988
2016-05-25,36.32,36.43,35.84,36.37,27200
2016-05-26,36.43,36.43,36.08,36.37,37600
2016-05-27,36.2,36.2,35.9,35.9,3420
2016-05-30,35.84,36.14,35.84,36.08,14091
2016-05-31,36.02,36.02,35.84,35.84,14200
2016-06-01,35.96,35.96,35.78,35.96,14954
2016-06-02,35.84,35.96,35.66,35.84,60394
2016-06-03,36.14,36.85,35.9,36.43,36650
2016-06-06,36.43,36.49,36.2,36.37,25360
2016-06-07,36.14,36.37,36.14,36.14,26200
2016-06-08,36.08,37.32,36.08,37.32,65940
2016-06-09,37.32,37.91,37.03,37.8,228900
2016-06-10,37.44,39.1,37.44,38.63,218162
2016-06-13,38.57,38.57,38.15,38.39,57209
2016-06-14,37.91,38.45,37.8,38.45,32592
2016-06-15,38.39,39.1,38.15,38.74,67175
2016-06-16,38.8,40.28,38.8,39.99,103531
2016-06-17,40.05,40.64,39.75,40.28,171780
2016-06-20,40.22,40.4,39.87,40.4,89451
2016-06-21,40.58,41.0,40.28,40.64,61520
2016-06-22,40.46,40.82,39.99,40.34,70590
2016-06-23,40.28,40.52,40.17,40.28,48291
2016-06-24,39.99,40.17,36.14,38.33,252500
2016-06-27,37.91,37.91,37.32,37.91,30150
2016-06-28,37.91,37.91,37.14,37.91,21790
2016-06-29,38.09,39.04,38.03,38.74,34820
2016-06-30,39.1,39.1,38.51,38.57,16850
2016-07-01,38.63,38.63,38.21,38.21,28301
2016-07-04,38.39,38.51,38.21,38.33,60950
2016-07-05,38.51,38.51,38.09,38.09,67341
2016-07-06,37.91,38.15,37.32,38.15,34130
2016-07-07,37.38,37.91,37.32,37.8,31860
2016-07-08,37.62,37.62,37.38,37.62,23909
2016-07-11,37.62,37.62,37.32,37.38,33330
2016-07-12,37.09,37.44,36.73,36.85,24454
2016-07-13,37.09,37.32,37.03,37.14,20400
2016-07-14,37.32,37.32,36.73,36.73,13520
2016-07-15,36.49,37.2,36.49,37.03,26740
2016-07-18,36.97,37.32,36.97,37.03,9635
2016-07-19,37.09,37.38,36.97,37.09,16610
2016-07-20,36.32,37.14,36.32,37.14,9660
2016-07-21,37.32,37.32,36.73,36.85,3900
2016-07-22,36.55,36.61,35.9,36.55,21200
2016-07-25,36.14,36.73,36.14,36.43,7020
2016-07-26,36.43,36.73,36.14,36.49,15800
2016-07-27,37.03,37.09,36.73,37.03,13540
2016-07-28,37.2,37.32,36.73,36.73,54450
2016-07-29,36.73,37.26,36.61,37.26,30920
2016-08-01,37.2,37.2,36.73,37.03,9671
2016-08-02,37.03,37.03,36.32,36.79,56830
2016-08-03,36.91,37.03,35.78,36.61,109509
2016-08-04,36.55,36.55,36.08,36.43,16613
2016-08-05,35.54,36.14,35.54,36.14,17220
2016-08-08,35.6,35.84,35.54,35.84,8900
2016-08-09,35.84,36.49,35.84,36.14,1310
2016-08-10,35.84,36.43,35.54,36.43,7130
2016-08-11,35.84,36.14,32.58,35.84,163200
2016-08-12,35.54,35.9,35.54,0.0,3410
2016-08-15,35.54,36.14,34.95,35.37,38900
2016-08-16,35.37,35.96,35.37,35.37,19720
2016-08-17,35.72,35.72,35.31,35.66,42210
2016-08-18,35.01,35.54,34.83,35.25,38762
2016-08-19,35.13,35.54,35.13,35.31,10320
2016-08-22,35.19,35.25,34.77,35.13,110705
2016-08-23,34.48,35.01,34.42,34.95,51600
2016-08-24,34.83,34.95,34.66,34.66,9300
2016-08-25,34.77,34.95,34.66,34.95,9040
2016-08-26,34.42,35.01,34.42,35.01,11220
2016-08-29,34.83,34.95,34.36,34.54,35100
2016-08-30,34.12,34.6,34.12,34.36,23600
2016-08-31,34.36,34.66,34.18,34.24,14064
2016-09-01,34.12,34.36,34.12,34.12,16630
2016-09-05,34.12,34.66,34.12,34.66,663
2016-09-06,34.06,34.3,34.06,34.3,9500
2016-09-07,33.83,33.89,33.83,33.89,20150
2016-09-08,33.89,35.54,33.77,35.54,31990
2016-09-09,34.66,34.66,33.47,34.66,12200
2016-09-12,34.42,34.95,34.42,34.42,3200
2016-09-13,34.36,34.42,34.36,34.36,10710
2016-09-14,34.06,34.36,34.06,34.36,3924
2016-09-15,34.06,34.48,34.06,34.36,3132
2016-09-16,34.42,34.42,34.36,34.36,13400
2016-09-19,33.83,34.66,33.83,34.42,17730
2016-09-20,34.24,34.66,34.24,34.36,5920
2016-09-21,33.83,34.66,33.83,34.42,25060
2016-09-22,34.36,34.95,34.36,34.95,9820
2016-09-23,35.54,35.54,34.54,34.54,2410
2016-09-26,34.36,34.95,34.36,34.77,3156
2016-09-27,34.6,34.95,34.6,34.6,7805
2016-09-28,34.66,36.73,34.66,36.26,68927
2016-09-29,35.6,36.37,34.36,36.14,79628
2016-09-30,35.01,36.26,35.01,36.14,32544
2016-10-03,36.73,36.73,35.72,35.78,24000
2016-10-04,36.14,36.61,36.14,36.14,12330
2016-10-05,35.9,37.44,35.9,37.44,42295
2016-10-06,37.32,38.03,37.32,37.56,99110
2016-10-07,37.91,37.91,36.91,37.09,8600
2016-10-10,36.79,37.03,36.73,37.03,3800
2016-10-11,37.62,37.62,36.73,37.03,7400
2016-10-12,36.73,36.73,36.73,36.73,2960
2016-10-13,36.73,37.03,36.73,36.73,5900
2016-10-14,36.73,36.73,36.73,36.73,10020
2016-10-17,36.73,36.73,36.14,36.14,3910
2016-10-18,36.61,36.61,36.14,36.14,6820
2016-10-19,36.43,36.43,36.14,36.37,11592
2016-10-20,36.14,36.14,36.14,36.14,1637
2016-10-21,36.14,36.14,36.14,36.14,6300
2016-10-24,36.43,36.43,36.14,36.14,5300
2016-10-25,36.14,36.14,35.54,35.54,25600
2016-10-26,35.54,35.6,35.54,35.6,2600
2016-10-27,35.54,35.6,35.49,35.49,4400
2016-10-28,35.54,36.49,35.49,36.49,11600
2016-10-31,36.14,37.91,36.14,37.56,17810
2016-11-01,37.32,37.62,36.91,37.56,12820
2016-11-02,37.32,37.62,37.03,37.32,16891
2016-11-03,37.32,37.56,37.09,37.38,40460
2016-11-04,37.44,37.91,37.44,37.56,24480
2016-11-07,37.62,37.62,37.2,37.44,17780
2016-11-08,37.32,37.38,37.2,37.32,44300
2016-11-09,37.32,37.32,36.14,36.14,43600
2016-11-10,36.2,36.85,36.2,36.85,29138
2016-11-11,36.43,37.26,36.43,37.26,3000
2016-11-14,37.09,37.09,36.73,36.73,2000
2016-11-15,36.85,37.03,36.73,36.85,4550
2016-11-16,36.79,36.91,36.73,36.91,4812
2016-11-17,36.79,36.79,36.73,36.73,3410
2016-11-18,36.73,36.73,36.49,36.73,3700
2016-11-21,36.73,36.85,36.32,36.32,9512
2016-11-22,36.32,36.73,36.32,36.55,5220
2016-11-23,36.43,36.49,36.37,36.37,5030
2016-11-24,36.37,36.73,36.02,36.73,8406
2016-11-25,36.61,36.67,36.61,36.67,5300
2016-11-28,36.61,36.61,36.02,36.61,1420
2016-11-29,36.61,36.61,35.6,35.66,5900
2016-11-30,35.72,35.72,35.72,35.72,1000
2016-12-01,36.14,36.14,35.9,36.14,1300
2016-12-02,36.02,36.08,35.96,35.96,3900
2016-12-05,35.54,36.02,35.54,35.6,8500
2016-12-06,35.66,35.72,35.43,35.6,33210
2016-12-07,35.54,35.54,35.54,35.54,8100
2016-12-08,35.54,35.54,34.95,34.95,15020
2016-12-09,34.95,34.95,34.95,34.95,400
2016-12-12,34.95,35.54,34.95,35.01,2600
2016-12-13,35.01,35.01,35.01,35.01,0
2016-12-14,35.31,35.31,35.31,35.31,2084
2016-12-15,35.31,35.31,34.95,35.31,9500
2016-12-16,37.91,37.91,35.54,36.73,54000
2016-12-19,37.62,37.62,36.14,37.26,1100
2016-12-20,35.9,35.9,35.9,35.9,1540
2016-12-21,35.9,35.9,35.54,35.54,2200
2016-12-22,35.54,35.54,35.49,35.54,6000
2016-12-23,35.54,35.54,35.54,35.54,3000
2016-12-26,35.6,35.6,35.43,35.54,7940
2016-12-27,36.14,36.14,35.54,35.54,3100
2016-12-28,35.01,35.9,35.01,35.9,1600
2016-12-29,36.55,40.28,35.54,35.78,2011
2016-12-30,39.69,39.69,35.78,37.86,18199
2017-01-03,35.84,37.56,35.84,37.56,3600
2017-01-04,36.79,36.79,36.79,36.79,1000
2017-01-05,36.14,36.14,36.14,36.14,2900
2017-01-06,36.14,36.14,36.14,36.14,900
2017-01-09,38.21,38.21,38.21,38.21,1000
2017-01-10,36.26,36.26,36.14,36.14,5600
2017-01-11,36.14,36.14,36.14,36.14,7200
2017-01-12,36.14,36.26,36.14,36.14,4700
2017-01-13,36.26,36.26,36.14,36.14,1010
2017-01-16,36.97,36.97,36.14,36.14,1906
2017-01-17,36.14,36.14,36.14,36.14,5100
2017-01-18,36.14,37.91,36.14,37.32,12001
2017-01-19,37.03,37.03,36.73,36.73,16900
2017-01-20,36.79,36.79,36.73,36.73,8501
2017-01-23,36.73,36.73,36.73,36.73,3700
2017-01-24,36.73,36.73,36.73,36.73,4800
2017-01-25,38.21,38.45,36.73,36.73,31600
2017-02-02,36.79,36.79,36.73,36.73,3300
2017-02-03,36.73,36.73,36.55,36.55,17100
2017-02-06,37.91,37.91,36.73,37.32,8410
2017-02-07,37.91,39.69,37.32,37.32,31410
2017-02-08,37.32,37.32,37.26,37.26,8230
2017-02-09,37.03,37.32,36.73,36.73,15600
2017-02-10,36.73,36.79,36.73,36.79,34760
2017-02-13,37.91,37.91,37.09,37.8,17500
2017-02-14,37.03,37.32,36.79,36.85,20900
2017-02-15,37.09,37.09,36.73,37.03,28500
2017-02-16,36.91,37.03,36.85,36.91,42701
2017-02-17,36.91,37.03,36.49,37.03,44600
2017-02-20,36.73,37.32,36.73,37.32,12440
2017-02-21,37.03,37.62,37.03,37.62,17700
2017-02-22,37.32,37.91,37.32,37.91,18600
2017-02-23,37.32,37.8,37.2,37.8,9762
2017-02-24,37.38,37.38,37.14,37.14,9618
2017-02-27,37.32,37.32,37.32,37.32,5202
2017-02-28,37.62,37.62,37.32,37.32,13500
2017-03-01,37.32,37.86,37.32,37.38,12368
2017-03-02,37.74,37.74,36.79,37.32,26415
2017-03-03,37.32,37.32,37.09,37.26,8700
2017-03-06,36.97,37.32,36.73,37.32,8710
2017-03-07,37.32,37.32,36.73,36.85,11960
2017-03-08,36.91,37.32,36.85,37.32,4766
2017-03-09,37.03,37.62,37.03,37.62,500
2017-03-10,37.09,37.09,37.03,37.03,10280
2017-03-13,37.62,37.62,37.5,37.62,8116
2017-03-14,37.91,38.51,37.62,38.51,30534
2017-03-15,38.51,39.69,38.51,39.1,117013
2017-03-16,39.1,39.1,39.04,39.04,29371
2017-03-17,39.1,39.1,38.51,38.51,25005
2017-03-20,38.68,38.74,38.51,38.68,51243
2017-03-21,38.51,39.1,38.51,38.98,78580
2017-03-22,38.86,38.86,37.91,38.51,84521
2017-03-23,37.88,38.62,37.88,38.5,10810
2017-03-24,38.25,38.87,38.25,38.69,47130
2017-03-27,38.62,38.69,38.38,38.62,26460
2017-03-28,40.67,40.67,38.5,38.5,22000
2017-03-29,38.5,38.62,38.19,38.62,24070
2017-03-30,38.56,38.62,38.38,38.56,45307
2017-03-31,38.5,39.43,38.5,39.12,56900
2017-04-03,39.0,40.36,38.94,39.74,113730
2017-04-04,39.8,39.99,39.74,39.8,48210
2017-04-05,40.12,40.36,39.49,39.74,60220
2017-04-07,39.74,39.74,39.12,39.56,14330
2017-04-10,39.56,39.56,39.12,39.12,14610
2017-04-11,45.15,45.15,39.12,39.87,130400
2017-04-12,39.74,39.74,39.37,39.74,54190
2017-04-13,39.74,40.05,39.74,39.8,60700
2017-04-14,39.8,39.99,39.18,39.93,66515
2017-04-17,40.61,40.61,39.74,39.74,26800
2017-04-18,45.89,45.89,39.87,39.87,18250
2017-04-19,39.74,39.99,39.74,39.99,34600
2017-04-20,39.93,39.93,39.74,39.74,20900
2017-04-21,39.25,39.8,39.12,39.12,31200
2017-04-24,39.43,39.74,39.12,39.74,30210
2017-04-25,39.68,39.68,39.43,39.49,27000
2017-04-26,39.49,39.49,39.49,39.49,28300
2017-04-27,39.49,39.49,39.43,39.49,2410
2017-04-28,39.49,39.74,39.12,39.12,15670
2017-05-03,39.12,39.37,38.13,38.19,150653
2017-05-04,38.19,38.38,37.88,37.88,27100
2017-05-05,37.88,38.31,37.26,37.32,12500
2017-05-08,37.57,38.19,37.26,37.76,13710
2017-05-09,37.57,37.69,37.57,37.57,12790
2017-05-10,37.63,38.5,37.63,38.13,85510
2017-05-11,39.06,39.06,37.94,38.44,14930
2017-05-12,38.44,39.25,38.19,38.81,20190
2017-05-15,38.81,39.74,38.62,39.74,24141
2017-05-16,39.62,39.62,39.0,39.12,31440
2017-05-17,39.06,39.12,39.06,39.12,4600
2017-05-18,39.06,39.37,39.06,39.12,49920
2017-05-19,38.5,39.25,38.5,39.12,36500
2017-05-22,38.19,39.06,38.19,39.06,78600
2017-05-23,39.12,39.12,39.12,39.12,100
2017-05-24,38.81,38.81,36.82,38.44,14640
2017-05-25,38.81,40.55,37.88,38.81,14640
2017-05-26,37.88,38.5,37.26,38.5,12061
2017-05-29,38.5,38.5,37.63,38.19,15218
2017-05-30,38.5,40.36,38.0,38.0,18800
2017-05-31,38.19,38.19,37.63,38.19,11800
2017-06-01,38.19,38.19,37.57,38.19,1950
2017-06-02,38.07,38.07,37.88,37.88,5800
2017-06-05,38.5,38.5,37.57,37.88,21300
2017-06-06,38.38,38.38,37.63,37.63,5688
2017-06-07,38.5,38.5,37.57,37.63,11130
2017-06-08,38.44,38.44,37.57,37.63,11630
2017-06-09,38.44,38.44,37.57,37.88,2480
2017-06-12,38.19,38.44,37.26,37.88,5400
2017-06-13,38.19,38.19,37.63,37.63,3800
2017-06-14,38.0,38.0,37.26,37.88,23570
2017-06-15,38.19,38.19,36.02,37.51,9490
2017-06-16,37.76,37.76,37.26,37.26,3800
2017-06-19,37.76,38.5,37.26,38.0,17360
2017-06-20,38.38,38.5,37.38,37.88,6700
2017-06-21,37.82,38.5,37.82,38.13,6700
2017-06-22,38.13,38.19,37.26,38.0,111920
2017-06-23,38.19,38.19,37.26,37.76,7911
2017-06-26,38.19,38.19,38.19,38.19,150
2017-06-27,38.19,38.19,37.26,37.82,2828
2017-06-28,37.88,38.0,37.26,38.0,15700
2017-06-29,37.26,38.13,37.26,37.88,1680
2017-06-30,38.13,38.19,37.63,37.94,8800
2017-07-03,38.0,38.07,37.32,37.88,7650
2017-07-04,38.0,38.0,37.88,37.88,8900
2017-07-05,37.76,37.88,37.63,37.88,2040
2017-07-06,38.07,38.07,37.26,37.69,3700
2017-07-07,37.51,37.76,37.26,37.26,7900
2017-07-10,38.0,38.19,37.26,37.26,400
2017-07-11,37.26,37.51,36.64,36.64,2050
2017-07-12,37.26,37.32,37.26,37.32,2200
2017-07-13,37.88,37.88,37.26,37.26,590
2017-07-14,38.19,38.19,37.26,37.45,1220
2017-07-17,36.45,37.26,36.39,37.26,6700
2017-07-18,37.82,37.82,34.77,34.77,3600
2017-07-19,36.89,38.19,35.15,38.19,10400
2017-07-20,37.88,38.19,37.82,37.88,14400
2017-07-21,36.76,37.88,36.08,37.26,6052
2017-07-24,37.26,37.26,37.26,37.26,140
2017-07-25,36.64,37.26,36.64,37.26,2000
2017-07-26,37.26,37.88,37.26,37.82,5640
2017-07-27,37.82,37.82,37.26,37.26,700
2017-07-28,37.26,37.26,36.33,36.95,5200
2017-07-31,37.01,37.76,36.7,37.63,3700
2017-08-01,36.02,37.26,36.02,37.26,610
2017-08-02,37.2,37.26,36.33,36.64,6620
2017-08-03,37.26,40.3,37.2,37.2,4600
2017-08-04,37.26,37.26,36.51,36.64,31699
2017-08-07,37.26,37.26,36.51,36.82,6200
2017-08-08,37.26,37.26,36.64,36.89,4300
2017-08-09,37.57,37.57,36.02,36.95,5600
2017-08-10,37.88,37.88,36.95,36.95,400
2017-08-11,36.02,37.26,36.02,37.26,3360
2017-08-14,36.95,36.95,36.89,36.89,3600
2017-08-15,36.89,36.89,36.89,36.89,2500
2017-08-16,36.89,36.89,36.89,36.89,0
2017-08-17,36.89,36.89,36.89,36.89,0
2017-08-18,36.02,36.89,36.02,36.89,14400
2017-08-21,36.64,36.64,35.15,36.64,700
2017-08-22,36.58,36.58,36.58,36.58,1904
2017-08-23,34.84,36.64,34.77,35.15,2380
2017-08-24,34.77,36.33,34.77,36.33,600
2017-08-25,36.51,36.51,34.53,36.51,5700
2017-08-28,37.32,37.32,34.77,34.77,7000
2017-08-29,36.02,36.02,34.77,34.77,1510
2017-08-30,36.45,36.45,34.77,34.77,5210
2017-08-31,34.77,35.64,34.15,34.84,16800
2017-09-01,33.6,34.46,33.6,34.03,9900
2017-09-05,33.84,33.84,32.54,32.6,20100
2017-09-06,32.6,34.4,32.29,32.91,5700
2017-09-07,33.53,34.77,33.53,33.53,2515
2017-09-08,33.22,33.22,32.91,33.22,3400
2017-09-11,33.84,33.84,33.28,33.28,1200
2017-09-12,37.26,37.26,37.26,37.26,301
2017-09-13,34.09,34.15,34.09,34.09,1020
2017-09-14,34.03,34.03,33.53,33.53,4550
2017-09-15,33.22,33.53,32.91,33.53,8500
2017-09-18,33.47,33.47,32.91,33.47,9400
2017-09-19,34.15,34.15,33.04,33.04,1100
2017-09-20,33.53,33.53,32.91,32.91,7800
2017-09-21,33.47,33.47,33.47,33.47,100
2017-09-22,33.41,33.41,32.42,33.35,3416
2017-09-25,32.97,33.53,32.6,32.66,9370
2017-09-26,32.91,32.91,32.6,32.6,7550
2017-09-27,32.91,32.97,32.6,32.66,4100
2017-09-28,33.53,33.53,32.79,33.22,3400
2017-09-29,32.91,33.47,32.6,33.47,7110
2017-10-02,32.91,33.22,32.29,32.6,5890
2017-10-03,32.42,32.42,32.35,32.35,1703
2017-10-04,32.35,32.35,32.29,32.29,5730
2017-10-05,32.91,32.91,32.29,32.29,6700
2017-10-06,32.79,33.22,32.79,33.22,11000
2017-10-09,33.22,33.22,32.66,33.04,11900
2017-10-10,33.1,33.1,33.04,33.04,3100
2017-10-11,33.22,33.22,33.16,33.16,6920
2017-10-12,32.91,32.91,32.29,32.29,5700
2017-10-13,33.1,33.16,31.11,32.85,15100
2017-10-16,33.16,33.16,31.73,31.79,2510
2017-10-17,32.79,32.79,31.67,32.79,927
2017-10-18,31.98,31.98,31.86,31.98,3410
2017-10-19,31.86,31.86,31.73,31.73,2600
2017-10-20,32.54,32.54,32.54,32.54,119
2017-10-23,32.29,32.29,31.67,31.67,11200
2017-10-24,31.42,32.04,31.42,32.04,600
2017-10-25,31.67,32.29,31.61,32.29,2430
2017-10-26,31.79,33.47,31.55,31.67,4000
2017-10-27,32.79,32.79,31.67,31.67,2100
2017-10-30,34.77,34.77,32.6,32.91,33600
2017-10-31,32.54,32.54,31.61,32.48,31196
2017-11-01,32.29,32.91,31.67,31.67,7400
2017-11-02,32.54,32.54,32.54,32.54,137
2017-11-03,32.29,32.54,31.73,31.73,22900
2017-11-06,31.79,32.6,31.79,31.79,27600
2017-11-07,32.42,32.42,31.73,31.73,21300
2017-11-08,32.54,32.54,31.79,31.79,9707
2017-11-09,32.54,32.54,31.67,32.29,16600
2017-11-10,32.48,32.6,31.79,32.6,34700
2017-11-13,32.48,33.53,32.42,32.91,35300
2017-11-14,33.16,37.2,32.66,34.03,2824
2017-11-15,35.4,35.4,32.85,32.91,4401
2017-11-16,34.77,34.77,32.79,32.79,8900
2017-11-17,32.79,32.79,32.79,32.79,5100
2017-11-20,36.02,36.02,32.17,34.03,14100
2017-11-21,34.15,34.53,32.73,32.73,4000
2017-11-22,33.78,33.78,31.67,31.67,4700
2017-11-23,32.04,32.91,31.98,32.91,73500
2017-11-24,32.1,32.85,31.98,32.85,8800
2017-11-27,34.15,34.15,32.79,32.85,16290
2017-11-28,33.22,33.22,32.35,32.35,44470
2017-11-29,32.35,32.91,32.35,32.6,6600
2017-11-30,32.6,32.79,32.29,32.29,15710
2017-12-01,34.15,34.15,32.23,32.29,13500
2017-12-04,32.29,32.35,32.29,32.35,19200
2017-12-05,33.53,36.02,32.91,35.21,106277
2017-12-06,35.89,36.58,34.46,35.89,61270
2017-12-07,35.4,36.58,30.55,35.33,21600
2017-12-08,33.84,35.21,32.6,34.15,13100
2017-12-11,34.77,34.77,33.22,34.28,5620
2017-12-12,34.46,34.46,32.66,32.85,7820
2017-12-13,32.91,32.97,32.85,32.97,1830
2017-12-14,32.97,33.66,32.97,33.66,1007
2017-12-15,33.53,34.15,33.47,34.15,7520
2017-12-18,34.15,35.09,34.03,34.34,13800
2017-12-19,34.96,34.96,34.15,34.22,14630
2017-12-20,34.77,34.77,34.15,34.15,9500
2017-12-21,35.09,35.09,34.15,34.15,6230
2017-12-22,34.15,34.46,34.15,34.15,5720
2017-12-25,34.15,34.22,33.84,33.84,14500
2017-12-26,34.22,34.46,34.09,34.46,18700
2017-12-27,34.46,34.46,34.22,34.22,3127
2017-12-28,34.22,34.46,33.53,34.4,7740
2017-12-29,35.4,36.02,34.15,36.02,9100
2018-01-02,35.4,35.64,35.33,35.33,2730
2018-01-03,35.46,35.46,34.77,34.77,5900
2018-01-04,34.84,35.4,34.84,35.09,17000
2018-01-05,35.4,35.4,35.09,35.15,24100
2018-01-08,37.2,37.2,35.15,35.21,2930
2018-01-09,35.4,35.52,35.15,35.4,27510
2018-01-10,37.2,37.2,35.21,35.21,24350
2018-01-11,36.64,36.64,35.33,35.33,9000
2018-01-12,35.52,36.64,35.52,36.33,16120
2018-01-15,37.2,37.2,35.71,36.33,2340
2018-01-16,36.33,36.33,36.02,36.02,12534
2018-01-17,36.08,40.36,36.08,37.45,12816
2018-01-18,37.26,39.12,34.15,37.88,49600
2018-01-19,37.88,37.88,36.76,36.76,1710
2018-01-22,36.76,37.26,36.76,37.26,12800
2018-01-23,39.06,39.06,37.26,37.88,4850
2018-01-24,37.88,39.06,37.88,38.75,10825
2018-01-25,39.68,39.68,38.5,38.81,18660
2018-01-26,39.12,39.18,38.81,39.12,6660
2018-01-29,39.12,39.12,38.81,38.81,6780
2018-01-30,38.81,39.0,38.5,38.81,5950
2018-01-31,38.5,38.62,34.15,35.71,13500
2018-02-01,35.21,38.44,35.09,38.44,36600
2018-02-02,37.2,37.2,37.07,37.13,900
2018-02-05,35.77,36.27,34.77,34.77,6900
2018-02-06,34.77,36.02,29.81,34.46,13400
2018-02-07,38.13,38.13,34.53,34.53,1200
2018-02-08,37.88,37.88,34.46,34.53,16200
2018-02-09,34.15,36.64,33.53,36.33,17360
2018-02-12,37.2,37.2,33.53,33.84,12370
2018-02-13,37.69,37.69,33.84,33.84,200
2018-02-21,37.2,37.2,35.4,36.02,1800
2018-02-22,35.71,36.02,35.71,36.02,1400
2018-02-23,36.64,36.64,36.64,36.64,200
2018-02-26,35.71,36.08,35.33,35.4,33500
2018-02-27,37.82,37.82,36.02,36.02,200
2018-02-28,36.02,36.33,35.4,36.33,10500
2018-03-01,36.64,36.64,35.4,35.46,3141
2018-03-02,35.4,36.02,34.28,35.09,17900
2018-03-05,37.13,37.13,34.77,34.77,10500
2018-03-06,37.26,37.26,35.09,35.09,4400
2018-03-07,35.02,35.46,34.77,34.77,11800
2018-03-08,37.26,37.26,35.27,35.4,29000
2018-03-09,35.4,35.77,35.4,35.64,2517
2018-03-12,36.02,36.02,35.64,35.64,1811
2018-03-13,35.09,35.09,35.09,35.09,100
2018-03-14,35.09,35.4,34.77,35.09,9020
2018-03-15,36.64,36.64,34.9,35.4,6818
2018-03-16,35.4,35.64,34.77,35.4,5500
2018-03-19,35.52,36.08,35.52,35.58,21230
2018-03-20,36.02,36.02,35.83,35.83,7226
2018-03-21,35.58,35.77,35.4,35.4,4900
2018-03-22,35.4,35.64,35.09,35.64,16600
2018-03-23,37.26,37.26,34.9,34.9,2350
2018-03-26,35.09,35.21,34.77,34.77,11700
2018-03-27,34.9,35.02,34.46,35.02,103300
2018-03-28,35.89,35.89,34.77,35.02,13210
2018-03-29,34.9,35.95,34.9,35.95,800
2018-03-30,36.45,36.45,34.96,35.95,4615
2018-04-02,35.21,35.27,35.21,35.21,12427
2018-04-03,37.33,37.33,35.08,35.21,13600
2018-04-04,35.21,35.27,35.14,35.21,60700
2018-04-05,35.08,35.21,35.08,35.21,46351
2018-04-06,35.61,35.61,35.08,35.21,2615
2018-04-09,35.21,35.21,35.14,35.14,5590
2018-04-10,35.21,35.27,35.14,35.27,994
2018-04-11,35.14,35.27,35.08,35.08,6000
2018-04-12,35.21,35.21,35.08,35.21,5422
2018-04-13,35.14,35.34,35.08,35.34,4917
2018-04-16,35.08,39.71,35.08,35.41,1600
2018-04-17,37.06,37.06,35.08,35.08,1900
2018-04-18,35.21,35.21,34.41,35.08,7200
2018-04-19,35.08,35.08,35.08,35.08,3310
2018-04-20,32.76,35.41,32.76,35.08,300
2018-04-23,31.11,35.08,29.25,31.17,11222
2018-04-24,35.08,35.08,32.23,32.3,2300
2018-04-26,33.02,33.02,32.3,32.3,1500
2018-04-27,32.96,32.96,32.96,32.96,100
2018-05-02,32.43,32.43,32.43,32.43,1800
2018-05-03,34.41,34.41,32.5,32.5,3520
2018-05-04,32.5,32.5,32.1,32.5,2950
2018-05-07,33.75,33.75,32.56,32.76,7600
2018-05-08,32.76,35.08,32.76,35.08,7552
2018-05-09,33.75,33.75,33.09,33.09,800
2018-05-10,33.09,33.09,32.76,32.76,6600
2018-05-11,32.76,32.76,31.83,31.83,14800
2018-05-14,35.08,35.08,31.9,32.23,2700
2018-05-15,32.23,35.01,32.16,35.01,3900
2018-05-16,33.75,33.75,33.75,33.75,100
2018-05-17,33.42,33.42,33.09,33.09,611
2018-05-18,32.43,32.43,32.36,32.36,6700
2018-05-21,32.5,32.5,32.43,32.43,5416
2018-05-22,33.09,33.09,32.43,32.43,8920
2018-05-23,32.43,32.69,32.43,32.69,7300
2018-05-24,33.75,36.4,32.43,32.5,13860
2018-05-25,35.01,35.01,32.1,32.1,9000
2018-05-28,34.41,34.41,32.1,32.1,1800
2018-05-29,35.21,35.21,32.1,32.43,1000
2018-05-30,34.75,34.75,32.43,32.56,9840
2018-05-31,32.56,33.82,32.5,33.82,15320
2018-06-01,34.41,34.41,32.5,32.56,11300
2018-06-04,32.56,32.63,32.56,32.63,9700
2018-06-05,32.56,32.56,32.3,32.3,17400
2018-06-06,32.56,33.09,32.56,33.09,14640
2018-06-07,32.76,32.76,32.63,32.63,13500
2018-06-08,32.76,32.76,32.76,32.76,6800
2018-06-11,33.95,33.95,32.69,32.69,7090
2018-06-12,34.61,34.61,32.69,33.09,9200
2018-06-13,32.83,32.83,32.83,32.83,304
2018-06-14,32.83,32.83,32.76,32.76,7850
2018-06-15,32.83,32.83,32.69,32.69,8000
2018-06-18,32.76,32.83,32.69,32.69,5246
2018-06-19,32.76,32.76,32.69,32.76,7301
2018-06-20,32.76,32.76,32.69,32.76,4400
2018-06-21,32.69,32.76,32.1,32.76,4300
2018-06-22,34.75,37.06,32.23,32.23,5900
2018-06-25,35.74,35.74,32.76,32.76,2400
2018-06-26,32.76,32.83,32.76,32.76,2140
2018-06-27,33.09,33.09,32.76,32.76,1305
2018-06-28,32.76,32.76,32.76,32.76,1800
2018-06-29,32.43,37.66,32.43,37.66,5060
2018-07-02,32.76,35.08,32.56,32.56,34460
2018-07-03,32.56,32.63,32.56,32.56,2540
2018-07-04,35.61,35.61,32.16,32.16,200
2018-07-05,33.88,33.88,33.88,32.16,10
2018-07-06,31.11,33.69,31.11,32.76,800
2018-07-09,34.35,34.35,34.35,34.35,200
2018-07-10,29.25,34.75,29.25,33.02,600
2018-07-11,32.5,32.5,32.1,32.1,1490
2018-07-12,33.02,33.02,33.02,33.02,100
2018-07-13,32.43,32.76,32.43,32.76,7700
2018-07-16,32.63,32.63,32.43,32.43,8800
2018-07-17,32.43,32.43,32.43,32.43,39830
2018-07-18,32.43,32.43,32.43,32.43,300
2018-07-19,32.43,32.43,32.43,32.43,4800
2018-07-20,33.09,33.09,32.5,32.5,1300
2018-07-23,32.83,32.83,32.76,0.0,2230
2018-07-24,32.76,32.83,32.76,32.83,1200
2018-07-25,34.41,34.41,32.69,32.69,10200
2018-07-26,32.76,32.76,32.76,32.76,0
2018-07-27,32.76,32.76,32.76,32.69,10
2018-07-30,32.76,33.09,32.76,33.09,1030
2018-07-31,33.09,37.06,33.09,37.0,11843
2018-08-01,37.06,37.06,33.88,34.41,11910
2018-08-02,37.72,37.72,34.15,34.15,2890
2018-08-03,35.08,35.08,34.15,34.41,8690
2018-08-06,35.08,35.08,34.15,34.15,475
2018-08-07,35.08,35.08,35.08,35.08,100
2018-08-08,34.75,34.75,33.75,33.75,5490
2018-08-09,35.08,35.08,35.08,35.08,100
2018-08-10,33.88,34.41,33.88,34.08,910
2018-08-13,34.02,34.02,33.95,33.95,1650
2018-08-14,33.75,33.75,32.76,33.16,4220
2018-08-15,33.75,33.75,33.09,33.75,3104
2018-08-16,34.41,35.08,33.09,33.09,7900
2018-08-17,33.29,33.29,33.22,33.22,270
2018-08-20,33.22,33.22,33.22,33.22,100
2018-08-21,33.22,33.22,33.22,33.22,0
2018-08-22,33.22,33.69,33.22,33.22,400
2018-08-23,34.02,34.02,33.29,33.29,800
2018-08-24,33.29,33.36,33.29,33.36,600
2018-08-27,34.08,34.08,34.08,34.08,110
2018-08-28,33.36,33.36,33.36,33.36,136
2018-08-29,33.95,33.95,33.95,33.95,100
2018-08-30,33.95,33.95,33.95,33.95,87
2018-08-31,34.88,34.88,33.95,34.75,2060
2018-09-04,34.75,34.75,33.22,33.22,1883
2018-09-05,33.88,34.08,33.75,33.88,4917
2018-09-06,33.95,33.95,33.75,33.75,15002
2018-09-07,33.95,34.75,33.88,34.55,13101
2018-09-10,34.08,34.08,34.02,34.02,4210
2018-09-11,34.08,34.08,34.02,34.02,7430
2018-09-12,34.41,34.81,34.02,34.81,6800
2018-09-13,34.94,34.94,34.94,34.94,300
2018-09-14,34.55,34.75,34.35,34.75,14620
2018-09-17,34.94,35.08,34.41,35.08,9001
2018-09-18,35.08,37.59,35.08,37.59,160830
2018-09-19,37.66,39.71,37.66,38.72,143780
2018-09-20,38.65,38.72,38.25,38.25,5790
2018-09-21,38.39,38.45,37.06,37.06,30520
2018-09-24,37.59,37.59,36.07,36.93,43600
2018-09-25,38.25,38.25,36.4,36.8,27826
2018-09-26,38.39,39.05,37.59,37.86,22560
2018-09-27,38.32,41.03,38.32,40.17,207554
2018-09-28,40.97,40.97,39.05,39.05,41239
2018-10-01,39.38,39.38,38.39,38.39,8050
2018-10-02,38.58,39.18,38.39,38.39,32800
2018-10-03,39.71,39.71,37.72,37.72,25780
2018-10-04,38.12,39.05,38.12,38.65,15590
2018-10-05,38.39,39.97,38.39,39.51,95710
2018-10-08,39.78,39.84,38.72,39.51,37050
2018-10-09,39.71,39.78,38.39,39.25,11913
2018-10-10,38.91,39.78,38.72,38.91,35900
2018-10-11,38.72,39.38,37.13,37.13,71045
2018-10-12,36.07,41.03,35.08,39.51,29090
2018-10-15,39.05,39.05,37.0,37.06,3080
2018-10-16,39.05,39.05,37.26,37.72,1610
2018-10-17,38.65,38.65,37.72,38.05,5940
2018-10-18,37.92,37.99,37.72,37.72,12720
2018-10-19,37.72,37.86,37.39,37.79,9000
2018-10-22,38.39,39.05,37.72,37.72,1320
2018-10-23,37.72,37.86,36.4,36.4,11980
2018-10-24,37.86,37.86,35.54,35.54,14100
2018-10-25,36.4,36.4,34.41,36.07,14600
2018-10-26,37.06,37.06,35.67,35.67,1800
2018-10-29,35.67,35.67,34.88,34.88,4300
2018-10-30,35.47,36.0,35.08,35.08,7917
2018-10-31,35.47,36.0,35.41,36.0,20403
2018-11-01,36.86,36.86,35.41,35.41,9100
2018-11-02,35.87,36.33,35.61,36.07,7700
2018-11-05,37.0,37.0,35.34,35.41,7750
2018-11-06,35.94,35.94,35.74,35.74,6700
2018-11-07,35.74,35.8,35.27,35.74,4000
2018-11-08,35.74,35.74,35.74,35.74,3900
2018-11-09,35.74,35.74,35.08,35.08,5751
2018-11-12,35.27,35.61,35.08,35.08,11600
2018-11-13,35.67,36.93,35.67,36.6,16700
2018-11-14,36.73,36.73,36.07,36.07,1530
2018-11-15,36.2,36.93,36.2,36.2,1930
2018-11-16,36.2,36.66,36.2,36.27,4751
2018-11-19,37.0,37.0,36.27,36.27,1003
2018-11-20,36.47,36.47,35.74,35.74,5630
2018-11-21,36.66,37.0,35.74,36.07,5100
2018-11-22,35.74,35.87,35.74,35.74,8513
2018-11-23,36.73,36.73,35.74,35.74,11300
2018-11-26,35.74,36.2,35.74,36.2,8300
2018-11-27,35.8,35.8,35.74,35.74,2610
2018-11-28,36.4,36.4,35.47,35.54,2019
2018-11-29,35.74,35.74,35.08,35.41,13900
2018-11-30,35.47,35.94,35.08,35.94,4100
2018-12-03,35.14,35.61,35.08,35.41,11300
2018-12-04,35.14,35.74,35.08,35.74,5200
2018-12-05,35.41,35.74,35.08,35.14,21300
2018-12-06,35.41,35.61,35.14,35.14,5642
2018-12-07,35.27,35.34,35.27,35.34,8800
2018-12-10,36.0,36.0,35.27,35.41,3968
2018-12-11,35.34,35.47,35.34,35.34,7000
2018-12-12,35.41,35.41,35.34,35.34,4702
2018-12-13,35.41,35.61,35.34,35.34,3700
2018-12-14,35.34,35.41,35.34,35.34,9800
2018-12-17,35.54,35.54,34.35,34.35,5702
2018-12-18,34.48,35.01,34.41,35.01,6400
2018-12-19,35.67,35.67,34.48,35.01,6700
2018-12-20,35.08,35.08,34.22,34.75,9900
2018-12-21,34.41,34.61,34.22,34.41,16002
2018-12-24,37.72,37.72,33.75,34.08,9905
2018-12-25,33.75,33.75,32.56,33.02,29900
2018-12-26,35.74,35.74,32.89,32.89,14500
2018-12-27,33.75,33.75,33.09,33.16,3000
2018-12-28,33.16,33.49,33.09,33.49,11040
2019-01-02,34.41,34.41,33.22,33.22,200
2019-01-03,33.16,33.16,32.83,32.83,1200
2019-01-04,33.75,33.75,31.97,32.69,1574
2019-01-07,33.75,33.75,33.09,33.09,1710
2019-01-08,33.69,33.69,33.16,33.16,460
2019-01-09,32.63,33.09,32.63,33.09,3000
2019-01-10,32.96,33.42,32.96,33.42,3186
2019-01-11,32.89,33.16,32.89,33.09,4190
2019-01-14,34.94,34.94,33.22,33.22,3060
2019-01-15,33.75,34.41,33.75,34.41,4600
2019-01-16,34.08,34.41,34.08,34.41,4404
2019-01-17,35.74,35.74,34.35,34.41,2900
2019-01-18,34.41,34.41,34.22,34.41,1700
2019-01-21,35.01,35.01,34.35,34.41,5850
2019-01-22,34.61,35.08,34.61,35.08,6000
2019-01-23,34.61,34.75,34.41,34.41,2400
2019-01-24,34.68,34.41,34.41,34.41,0
2019-01-25,35.74,35.74,34.35,34.35,10850
2019-01-28,35.67,35.67,34.28,34.28,2600
2019-01-29,34.41,34.41,34.41,34.41,300
2019-01-30,35.01,35.74,34.55,35.74,4414
2019-01-31,35.74,35.87,35.34,35.74,12062
2019-02-01,37.0,37.0,35.74,35.74,2100
2019-02-11,35.87,36.66,35.87,36.66,7000
2019-02-12,37.39,37.39,36.4,37.39,14860
2019-02-13,39.64,39.64,36.73,37.72,14016
2019-02-14,37.72,37.72,37.59,37.72,21804
2019-02-15,35.14,37.72,35.14,37.66,21800
2019-02-18,38.25,38.25,37.06,37.06,19250
2019-02-19,36.53,37.06,36.4,36.4,24860
2019-02-20,37.66,37.66,36.4,36.4,10900
2019-02-21,36.53,36.53,36.07,36.4,4600
2019-02-22,35.87,36.07,35.74,35.74,27110
2019-02-25,36.0,36.07,35.8,35.8,3305
2019-02-26,36.07,36.07,35.94,36.0,12600
2019-02-27,36.07,36.07,35.94,36.07,23330
2019-02-28,36.07,36.73,36.0,36.07,34210
2019-03-01,36.14,37.0,36.14,36.73,28880
2019-03-04,37.39,37.72,37.13,37.72,13656
2019-03-05,38.12,38.12,37.39,37.72,27331
2019-03-06,37.13,37.59,36.73,37.52,9920
2019-03-07,37.06,38.72,37.06,38.39,136500
2019-03-08,38.39,39.38,38.39,38.72,40459
2019-03-11,38.72,39.05,38.39,38.85,31200
2019-03-12,39.05,40.37,39.05,40.37,150451
2019-03-13,40.37,41.36,40.11,40.7,202290
2019-03-14,40.64,40.64,40.04,40.24,78741
2019-03-15,40.37,40.37,39.91,40.24,93705
2019-03-18,40.44,43.55,40.44,43.55,188940
2019-03-19,43.55,45.2,43.55,45.0,316940
2019-03-20,45.2,45.2,43.68,44.67,110170
2019-03-21,44.34,46.99,44.34,45.0,138053
2019-03-22,45.67,45.67,44.41,44.41,59040
2019-03-25,45.67,45.67,42.75,43.02,60680
2019-03-26,44.34,44.34,42.36,43.02,53981
2019-03-27,42.95,44.41,42.95,44.08,56550
2019-03-28,44.14,44.14,42.75,43.02,53060
2019-03-29,43.02,43.81,43.02,43.55,59641
2019-04-01,44.34,46.0,44.08,46.0,61711
2019-04-02,46.0,47.32,44.87,44.87,105971
2019-04-03,45.92,46.69,45.3,46.13,40041
2019-04-04,43.55,46.69,43.21,45.85,49720
2019-04-05,46.69,46.69,45.58,45.99,61230
2019-04-08,46.2,46.55,45.3,46.2,27443
2019-04-09,45.99,46.55,45.23,45.37,110060
2019-04-10,45.3,45.64,44.46,45.3,31300
2019-04-11,45.64,45.99,44.95,45.99,32940
2019-04-12,46.34,47.81,45.44,47.25,122070
2019-04-16,47.39,48.64,46.69,48.43,81066
2019-04-17,48.43,49.83,47.39,47.39,51856
2019-04-18,47.39,47.39,45.71,45.99,123246
2019-04-19,45.99,46.27,45.99,45.99,30490
2019-04-22,46.48,46.48,44.6,44.81,46896
2019-04-23,45.09,45.23,43.9,43.9,21500
2019-04-24,45.09,45.71,44.04,45.71,20720
2019-04-25,46.69,46.69,44.95,45.64,13372
2019-04-26,45.99,45.99,44.6,45.3,19114
2019-05-02,44.6,44.88,41.81,43.07,98850
2019-05-03,42.51,44.6,41.81,43.07,24700
2019-05-06,43.21,43.21,41.81,43.14,46129
2019-05-07,43.14,43.35,42.86,43.21,53525
2019-05-08,43.07,43.21,43.07,43.14,56120
2019-05-09,43.07,43.21,43.07,43.21,49131
2019-05-10,43.07,43.21,43.0,43.0,11194
2019-05-13,43.14,43.14,42.16,42.16,63788
2019-05-14,42.51,42.51,41.6,41.81,20250
2019-05-15,41.81,42.16,41.6,42.16,27701
2019-05-16,43.21,43.21,41.81,42.37,13209
2019-05-17,42.79,42.79,41.81,41.95,5958
2019-05-20,42.44,42.86,42.02,42.86,25637
2019-05-21,43.21,43.21,42.09,42.37,6254
2019-05-22,43.07,43.07,41.81,42.51,22700
2019-05-23,42.86,42.86,41.67,42.51,36030
2019-05-24,42.86,42.86,41.46,41.81,19100
2019-05-27,41.25,41.95,40.49,41.6,29031
2019-05-28,40.56,41.46,40.42,40.42,15420
2019-05-29,40.42,41.39,40.07,40.77,55712
2019-05-30,42.37,42.37,41.12,41.6,3327
2019-05-31,41.12,42.86,40.49,42.86,10420
2019-06-03,41.53,42.3,41.12,41.12,3730
2019-06-04,41.81,41.81,41.81,41.12,2
2019-06-05,41.12,41.12,41.12,41.12,1600
2019-06-06,41.39,41.39,41.39,41.39,170
2019-06-07,41.39,42.44,40.7,42.44,14630
2019-06-10,41.81,43.35,41.81,43.0,34540
2019-06-11,43.55,43.55,43.0,43.0,7260
2019-06-12,42.86,43.35,42.79,43.0,11617
2019-06-13,43.0,43.21,42.79,43.21,10600
2019-06-14,42.86,43.21,42.79,43.07,13201
2019-06-17,43.21,43.21,42.79,43.07,6845
2019-06-18,42.93,45.3,42.93,45.3,172484
2019-06-19,45.64,45.64,44.39,44.6,16492
2019-06-20,44.88,45.02,44.6,44.88,16883
2019-06-21,44.25,44.88,44.25,44.88,16403
2019-06-24,44.67,45.09,44.6,44.74,16607
2019-06-25,45.09,45.99,45.09,45.64,77527
2019-06-26,45.44,48.71,45.44,46.69,52932
2019-06-27,45.71,45.99,44.6,45.09,9600
2019-06-28,45.99,45.99,43.55,45.3,6517
2019-07-01,45.3,45.3,43.76,44.88,16022
2019-07-02,44.88,44.95,43.9,44.6,18780
2019-07-03,44.32,44.32,42.86,43.48,27330
2019-07-04,44.25,44.95,43.55,43.62,63460
2019-07-05,45.16,45.64,45.09,45.23,6732
2019-07-08,44.74,44.74,44.25,44.6,1950
2019-07-09,44.04,44.6,43.9,44.6,4100
2019-07-10,44.6,45.3,44.25,44.6,11814
2019-07-11,44.95,45.09,44.81,44.81,20000
2019-07-12,45.3,45.3,44.6,45.23,10620
2019-07-15,44.32,45.23,43.9,44.81,9281
2019-07-16,44.95,45.16,44.46,44.81,12027
2019-07-17,45.3,45.3,44.25,44.6,4510
2019-07-18,44.95,44.95,43.9,43.9,12900
2019-07-19,44.53,45.16,44.53,44.88,13020
2019-07-22,44.88,45.3,44.25,44.6,3400
2019-07-23,44.53,44.53,43.97,44.25,6515
2019-07-24,43.9,44.25,43.21,44.18,7880
2019-07-25,43.41,44.39,42.86,43.55,4820
2019-07-26,43.55,43.55,42.51,43.55,7600
2019-07-29,43.21,43.28,41.81,41.81,5657
2019-07-30,41.46,42.16,40.84,40.84,6290
2019-07-31,41.67,41.67,39.44,40.91,67460
2019-08-01,40.49,41.81,39.79,39.79,12259
2019-08-02,40.42,40.42,39.37,39.37,85237
2019-08-05,39.37,41.46,38.75,41.46,56892
2019-08-06,40.98,40.98,40.07,40.42,6730
2019-08-07,40.77,40.77,39.79,40.21,8020
2019-08-08,39.72,40.42,39.37,40.42,17930
2019-08-09,39.72,40.42,39.72,39.72,6004
2019-08-12,39.86,40.07,38.47,38.47,21100
2019-08-13,39.09,39.72,38.68,38.68,12330
2019-08-14,38.75,39.02,38.12,38.95,93611
2019-08-15,39.02,39.02,38.33,38.33,3640
2019-08-16,38.95,38.95,38.33,38.33,4700
2019-08-19,37.98,37.98,37.63,37.77,7630
2019-08-20,38.26,38.26,37.63,37.63,7550
2019-08-21,37.77,37.77,36.93,37.63,14930
2019-08-22,37.28,38.68,37.28,38.33,5349
2019-08-23,38.33,38.33,37.98,37.98,13500
2019-08-26,37.98,39.02,37.98,38.33,21020
2019-08-27,38.68,38.68,37.7,37.7,3730
2019-08-28,38.82,38.82,36.93,36.93,10532
2019-08-29,37.14,38.12,36.93,36.93,19310
2019-08-30,37.63,37.98,37.63,37.91,3004
2019-09-03,36.38,38.05,36.38,37.63,890
2019-09-04,37.7,37.7,36.59,37.63,710
2019-09-05,37.28,37.28,36.38,36.59,1190
2019-09-06,37.63,37.63,35.89,36.86,2300
2019-09-09,37.63,37.63,36.24,36.24,1110
2019-09-10,35.54,36.45,35.19,36.45,15700
2019-09-11,35.68,35.68,35.68,35.68,1800
2019-09-12,35.61,36.17,35.61,36.17,1300
2019-09-13,36.93,36.93,36.31,36.79,4040
2019-09-16,35.68,36.66,35.68,36.66,1505
2019-09-17,36.45,36.45,35.89,36.31,2500
2019-09-18,37.35,37.35,35.68,36.38,3200
2019-09-19,36.52,36.52,35.75,35.89,1723
2019-09-20,35.68,36.24,35.68,36.24,1700
2019-09-23,35.68,36.59,35.54,36.59,12900
2019-09-24,36.72,36.86,36.31,36.86,5100
2019-09-25,36.93,36.93,36.93,36.93,100
2019-09-26,36.31,37.28,36.31,37.0,8900
2019-09-27,37.0,37.0,36.93,37.0,24630
2019-09-30,36.93,37.49,36.93,37.49,19000
2019-10-01,37.49,37.91,36.38,37.91,13900
2019-10-02,37.63,38.33,37.63,38.33,8760
2019-10-03,38.33,38.95,38.05,38.68,12022
2019-10-04,38.33,38.54,38.33,38.54,1010
2019-10-07,36.38,38.33,36.38,36.72,1430
2019-10-08,38.26,38.26,38.26,38.26,150
2019-10-09,36.66,38.19,36.59,36.93,2400
2019-10-10,38.05,38.05,36.93,36.93,2150
2019-10-11,37.98,37.98,36.93,37.91,1200
2019-10-14,36.93,37.63,36.59,36.59,9160
2019-10-15,37.63,37.63,36.24,36.93,1220
2019-10-16,36.45,37.56,36.24,36.59,8610
2019-10-17,37.42,37.42,37.42,37.42,100
2019-10-18,37.42,37.49,36.93,37.49,3160
2019-10-21,37.49,37.49,36.72,36.72,4000
2019-10-22,39.72,39.72,39.72,39.72,100
2019-10-23,39.72,39.72,36.24,37.7,32060
2019-10-24,38.89,38.89,37.28,38.54,400
2019-10-25,39.72,39.72,36.93,36.93,6700
2019-10-28,38.33,39.65,36.93,36.93,7610
2019-10-29,37.07,38.89,36.66,36.93,8100
2019-10-30,36.93,38.12,36.93,37.0,1200
2019-10-31,37.63,39.02,36.24,37.0,8650
2019-11-01,38.26,38.26,36.86,36.86,8300
2019-11-04,38.33,38.33,36.59,36.59,2410
2019-11-05,36.79,36.79,35.89,36.66,27200
2019-11-06,37.21,37.28,36.24,36.24,4800
2019-11-07,36.59,36.59,36.59,36.59,1000
2019-11-08,37.91,37.91,35.89,35.89,10410
2019-11-11,36.03,36.03,35.19,36.03,5102
2019-11-12,36.86,36.93,35.54,36.59,800
2019-11-13,36.79,37.98,36.79,37.98,419
2019-11-14,36.03,36.1,35.89,36.1,7821
2019-11-15,36.72,36.79,36.72,36.79,1000
2019-11-18,36.93,37.63,35.96,36.59,3620
2019-11-19,36.93,37.14,36.45,36.45,5600
2019-11-20,38.33,38.33,35.89,36.03,1721
2019-11-21,36.1,36.03,36.03,36.03,0
2019-11-22,36.93,36.93,34.84,35.89,900
2019-11-25,35.54,35.54,34.91,34.91,7460
2019-11-26,36.93,36.93,35.68,35.68,1200
2019-11-27,36.24,36.24,35.54,35.54,2600
2019-11-28,36.24,36.24,35.33,35.82,2900
2019-11-29,36.86,36.86,35.89,36.38,1050
2019-12-02,36.03,36.03,35.89,36.03,4000
2019-12-03,36.86,36.86,35.89,36.24,1300
2019-12-04,37.63,37.63,35.89,35.89,1150
2019-12-05,36.66,36.66,35.54,36.24,1924
2019-12-06,35.96,36.24,36.24,36.24,0
2019-12-09,37.63,37.63,35.54,35.54,5800
2019-12-10,36.93,36.93,35.54,35.54,6200
2019-12-11,35.54,35.54,35.54,35.54,1800
2019-12-12,33.59,35.19,33.59,34.84,2500
2019-12-13,36.52,36.52,35.61,35.75,16400
2019-12-16,35.89,35.96,35.82,35.89,6400
2019-12-17,35.89,36.86,35.75,35.82,2500
2019-12-18,35.75,35.75,35.19,35.19,22800
2019-12-19,39.72,39.72,39.72,39.72,200
2019-12-20,35.61,35.61,35.33,35.33,7800
2019-12-23,36.86,36.86,35.4,35.4,3301
2019-12-24,35.82,35.89,35.82,35.89,3900
2019-12-25,35.54,36.1,35.54,35.96,14680
2019-12-26,36.03,36.1,35.89,36.1,6607
2019-12-27,36.17,36.45,36.03,36.24,8229
2019-12-30,36.17,36.17,36.1,36.1,1800
2019-12-31,35.89,36.17,35.89,36.17,3700
2020-01-02,36.52,36.52,36.1,36.1,2200
2020-01-03,36.52,36.52,36.03,36.03,15700
2020-01-06,36.17,36.17,36.03,36.03,12200
2020-01-07,36.52,36.52,36.03,36.38,6300
2020-01-08,36.24,36.24,36.03,36.03,26900
2020-01-09,36.45,36.45,36.1,36.17,3600
2020-01-10,37.49,37.49,35.89,35.89,29450
2020-01-13,36.45,36.45,35.82,35.89,45324
2020-01-14,35.89,35.89,35.75,35.75,30001
2020-01-15,35.68,35.68,35.54,35.54,20900
2020-01-16,36.59,36.59,35.19,35.19,13300
2020-01-17,35.54,35.54,34.56,34.84,43707
2020-01-20,34.84,34.84,34.56,34.84,4003
2020-01-21,35.75,35.89,34.98,35.89,11320
2020-01-22,36.59,36.72,36.24,36.24,1700
2020-01-30,38.89,38.89,36.31,36.45,9374
2020-01-31,36.72,36.72,35.89,36.59,13500
2020-02-03,35.89,36.24,35.19,35.19,8501
2020-02-04,36.86,36.86,35.54,35.54,2500
2020-02-05,35.68,35.68,35.4,35.4,4729
2020-02-06,40.42,40.42,35.54,35.54,7800
2020-02-07,36.72,36.72,35.54,35.54,15500
2020-02-10,36.59,36.59,35.33,35.54,18346
2020-02-11,35.54,35.54,35.47,35.47,800
2020-02-12,35.54,35.68,35.33,35.54,22220
2020-02-13,35.68,35.68,35.05,35.05,7724
2020-02-14,35.54,35.68,35.54,35.54,15425
2020-02-17,35.54,35.54,35.54,35.54,0
2020-02-18,35.19,35.68,35.19,35.68,10120
2020-02-19,35.54,37.56,35.54,36.93,11300
2020-02-20,35.82,35.82,35.54,35.54,4150
2020-02-21,35.54,35.54,35.19,35.19,7850
2020-02-24,34.98,35.54,34.98,35.26,6400
2020-02-25,32.06,35.05,32.06,35.05,5000
2020-02-26,34.49,34.49,33.87,33.87,5560
2020-02-27,35.26,35.26,33.1,33.1,26211
2020-02-28,34.63,35.68,34.63,35.68,800
2020-03-02,34.49,34.49,34.49,34.49,501
2020-03-03,34.15,34.84,33.45,34.84,15912
2020-03-04,34.84,35.4,34.15,35.4,11400
2020-03-05,35.54,35.68,34.22,35.68,11900
2020-03-06,34.91,34.91,34.91,35.68,10
2020-03-09,34.36,34.36,31.36,31.36,4951
2020-03-10,32.75,32.75,32.75,32.75,100
2020-03-11,32.75,32.75,32.75,32.75,1500
2020-03-12,31.57,31.57,31.01,31.01,4901
2020-03-13,29.97,29.97,27.87,28.57,9610
2020-03-16,29.69,29.97,29.27,29.27,3200
2020-03-17,29.62,29.62,28.85,28.85,700
2020-03-18,29.83,29.97,29.62,29.62,6700
2020-03-19,29.27,29.9,27.6,27.6,17714
2020-03-20,28.71,28.92,27.67,28.78,3900
2020-03-23,27.94,27.94,25.09,25.09,25031
2020-03-24,26.97,27.04,26.48,26.62,1010
2020-03-25,27.87,30.66,27.18,27.18,11900
2020-03-26,27.18,27.87,26.9,26.9,24415
2020-03-27,30.45,30.45,27.53,27.6,300
2020-03-30,27.25,27.25,26.97,26.97,12300
2020-03-31,29.83,29.83,26.97,27.87,2600
2020-04-01,28.43,28.43,26.55,26.9,1600
2020-04-03,27.87,27.87,26.83,27.87,2820
2020-04-06,28.92,28.92,28.15,28.57,5240
2020-04-07,29.27,29.27,28.43,28.57,9000
2020-04-08,29.27,29.27,28.92,29.13,3000
2020-04-09,29.06,29.06,28.85,28.99,4400
2020-04-10,29.13,29.2,29.13,29.13,8220
2020-04-13,31.29,31.29,28.71,28.92,13839
2020-04-14,31.29,31.29,28.71,28.92,6740
2020-04-15,28.92,29.06,28.57,29.06,5930
2020-04-16,30.24,30.24,28.71,28.78,12700
2020-04-17,29.06,29.13,27.39,28.85,13000
2020-04-20,29.97,29.97,28.43,28.57,8000
2020-04-21,29.83,30.1,28.22,28.22,8460
2020-04-22,28.57,28.99,28.57,28.92,85800
2020-04-23,28.85,28.85,28.43,28.85,8403
2020-04-24,28.71,28.71,28.57,28.57,700
2020-04-27,29.2,29.97,28.57,28.57,7000
2020-04-28,29.41,29.41,29.2,29.27,401
2020-04-29,28.08,28.43,28.08,28.43,1617
2020-05-04,27.87,28.08,27.87,28.08,4059
2020-05-05,28.08,28.08,28.08,28.08,300
2020-05-06,27.67,28.57,27.67,28.08,14111
2020-05-07,27.53,27.87,27.18,27.25,7549
2020-05-08,27.8,28.15,27.32,27.32,17319
2020-05-11,28.85,28.99,27.53,27.53,7700
2020-05-12,27.53,28.22,27.53,28.22,21039
2020-05-13,27.87,27.87,27.53,27.74,15010
2020-05-14,27.67,27.74,27.46,27.53,24000
2020-05-15,27.67,27.67,27.39,27.46,11200
2020-05-18,27.6,28.92,27.25,27.87,10991
2020-05-19,27.87,27.87,27.87,27.87,4911
2020-05-20,27.39,27.53,27.39,27.46,4700
2020-05-21,27.32,27.53,27.25,27.25,10881
2020-05-22,27.39,27.39,27.04,27.18,5012
2020-05-25,27.18,27.18,26.69,26.9,5530
2020-05-26,26.83,27.11,26.62,26.62,27300
2020-05-27,26.76,26.76,26.48,26.62,6800
2020-05-28,26.55,27.04,26.48,27.04,1300
2020-05-29,26.76,26.83,26.76,26.83,200
2020-06-01,26.48,26.48,25.78,25.78,37500
2020-06-02,26.27,26.27,25.78,25.92,14520
2020-06-03,26.06,26.06,26.06,26.06,1700
2020-06-04,26.06,26.41,26.06,26.41,5031
2020-06-05,25.99,26.13,25.78,25.92,32210
2020-06-08,26.27,27.87,26.2,27.18,90279
2020-06-09,27.87,29.9,27.67,28.78,53221
2020-06-10,28.5,28.5,27.87,28.43,16800
2020-06-11,27.87,28.29,27.46,27.46,23031
2020-06-12,27.18,27.18,26.06,26.76,32690
2020-06-15,26.13,26.34,25.78,25.85,23001
2020-06-16,27.11,27.11,25.64,25.78,64500
2020-06-17,25.92,26.13,25.92,26.06,2011
2020-06-18,25.85,26.06,25.78,25.92,12035
2020-06-19,25.85,25.92,25.78,25.92,10200
2020-06-22,25.85,26.48,25.78,25.85,26400
2020-06-23,25.92,26.41,25.92,26.2,6131
2020-06-24,26.13,26.13,25.99,25.99,1900
2020-06-25,25.99,26.13,25.92,25.99,19330
2020-06-26,26.06,26.41,26.06,26.41,10300
2020-06-29,26.48,26.48,25.85,26.48,16500
2020-06-30,26.27,26.48,25.85,26.48,10551
2020-07-01,26.2,26.27,26.13,26.2,2500
2020-07-02,26.48,26.9,26.48,26.76,12500
2020-07-03,26.76,26.76,26.2,26.48,16600
2020-07-06,26.27,26.27,25.92,26.13,10300
2020-07-07,26.06,26.13,25.99,25.99,2800
2020-07-08,25.85,26.27,25.85,26.27,3100
2020-07-09,26.06,26.06,25.78,26.06,25310
2020-07-10,26.13,26.13,25.92,26.06,2000
2020-07-13,25.92,25.99,25.92,25.99,700
2020-07-14,25.92,26.06,25.78,26.06,11303
2020-07-15,25.99,26.13,25.99,25.99,8910
2020-07-16,25.92,25.99,25.78,25.78,10210
2020-07-17,25.85,25.85,25.78,25.78,10540
2020-07-20,26.06,26.34,25.78,25.78,9600
2020-07-21,25.85,25.85,25.78,25.78,700
2020-07-22,25.78,25.78,25.78,25.78,1
2020-07-23,25.78,25.78,25.44,25.44,1814
2020-07-24,25.16,25.23,24.74,25.09,14252
2020-07-27,23.14,23.35,23.0,23.35,27801
2020-07-28,23.35,24.32,23.35,24.32,4812
2020-07-29,25.44,25.44,23.07,23.14,3000
2020-07-30,24.74,24.74,23.41,24.53,49200
2020-07-31,24.39,25.51,24.39,25.44,4500
2020-08-03,23.07,25.09,23.07,25.09,9000
2020-08-04,24.95,25.44,24.95,25.44,12000
2020-08-05,26.13,26.13,25.78,25.99,5621
2020-08-06,25.51,27.53,25.51,27.53,10700
2020-08-07,27.11,27.11,25.44,25.92,4300
2020-08-10,25.92,26.13,25.78,25.78,17001
2020-08-11,26.69,26.69,25.78,26.13,9120
2020-08-12,26.55,26.55,25.92,26.13,3100
2020-08-13,26.48,26.48,26.34,26.34,10510
2020-08-14,26.41,26.48,25.78,25.78,6600
2020-08-17,26.55,26.55,25.85,25.85,300
2020-08-18,26.48,26.48,26.48,26.48,110
2020-08-19,25.92,25.92,25.78,25.78,21019
2020-08-20,25.85,25.85,25.78,25.85,12210
2020-08-21,25.85,25.92,25.85,25.92,5100
2020-08-24,26.41,27.18,26.41,27.18,23219
2020-08-25,27.18,27.39,26.62,26.76,19710
2020-08-26,27.11,26.76,26.76,26.76,0
2020-08-27,27.46,27.46,26.55,26.55,13212
2020-08-28,27.11,27.18,26.76,26.83,12710
2020-08-31,29.62,29.62,26.83,27.74,650
2020-09-01,26.83,26.9,26.83,26.83,3275
2020-09-03,27.18,27.18,26.76,26.9,13520
2020-09-04,27.25,27.46,27.18,27.18,48300
2020-09-07,27.18,27.46,26.76,27.39,6510
2020-09-08,27.39,27.6,27.25,27.53,9200
2020-09-09,27.25,27.25,27.25,27.25,1450
2020-09-10,26.83,27.39,26.83,27.25,1700
2020-09-11,27.25,27.25,27.25,27.25,0
2020-09-14,26.83,27.25,26.55,27.25,5119
2020-09-15,27.53,27.53,26.83,27.18,8910
2020-09-16,27.32,27.32,27.18,27.18,1250
2020-09-17,27.18,27.25,26.97,26.97,810
2020-09-18,27.32,27.32,26.9,27.04,7800
2020-09-21,27.53,27.53,26.83,26.97,5700
2020-09-22,27.18,27.18,27.18,27.18,1105
2020-09-23,27.53,27.87,27.18,27.32,3000
2020-09-24,27.39,27.39,27.04,27.04,300
2020-09-25,26.83,27.87,26.83,27.87,2600
2020-09-28,27.87,27.87,27.04,27.04,2817
2020-09-29,27.18,27.18,26.48,26.48,7410
2020-09-30,27.53,27.53,27.53,27.53,101
2020-10-01,27.46,27.53,27.46,27.46,3809
2020-10-02,26.62,27.87,26.48,26.48,25118
2020-10-05,28.22,28.22,26.76,26.76,900
2020-10-06,26.69,26.97,26.55,26.97,8900
2020-10-07,26.48,27.18,26.48,26.48,124400
2020-10-08,26.55,26.83,26.48,26.48,25100
2020-10-09,26.2,26.27,26.06,26.2,8900
2020-10-12,26.13,26.76,26.13,26.48,14800
2020-10-13,26.76,26.76,26.41,26.41,9300
2020-10-14,26.83,26.83,26.13,26.48,10000
2020-10-15,26.27,26.41,25.92,26.13,4800
2020-10-16,26.27,26.27,26.13,26.13,2600
2020-10-19,26.13,26.48,26.13,26.41,8500
2020-10-20,26.27,26.34,26.13,26.13,4200
2020-10-21,26.2,26.2,26.13,26.2,8300
2020-10-22,26.13,26.27,26.13,26.27,5600
2020-10-23,26.27,26.62,26.13,26.62,59900
2020-10-26,26.62,27.39,26.62,26.83,91300
2020-10-27,26.83,26.83,26.13,26.48,5300
2020-10-28,26.41,26.48,26.06,26.2,25700
2020-10-29,25.85,26.2,25.78,26.2,7800
2020-10-30,26.2,26.2,26.06,26.2,12700
2020-11-02,26.2,26.2,25.92,25.99,16600
2020-11-03,25.92,25.92,25.78,25.78,5800
2020-11-04,25.78,26.48,25.44,25.92,26600
2020-11-05,25.85,26.06,25.85,25.99,12700
2020-11-06,26.06,26.06,25.78,25.78,6200
2020-11-09,25.85,26.41,25.85,26.2,16300
2020-11-10,26.34,26.62,26.27,26.48,41200
2020-11-11,26.62,26.62,26.48,26.48,11900
2020-11-12,26.55,26.55,26.48,26.48,1800
2020-11-13,27.8,27.8,26.06,26.41,8500
2020-11-16,26.76,26.76,26.13,26.13,14000
2020-11-17,26.13,26.83,26.13,26.48,21900
2020-11-18,26.76,26.76,26.2,26.48,21000
2020-11-19,26.9,26.9,26.06,26.2,19400
2020-11-20,26.76,26.76,26.41,26.48,22900
2020-11-23,27.39,27.39,26.2,26.76,45100
2020-11-24,27.11,27.11,26.27,26.48,13600
2020-11-25,26.48,26.48,26.34,26.41,18800
2020-11-26,27.04,27.6,26.48,26.48,78800
2020-11-27,26.55,28.57,26.48,27.39,68500
2020-11-30,27.39,28.43,27.39,28.15,73700
2020-12-01,27.74,29.13,27.53,29.06,29400
2020-12-02,29.06,29.62,28.57,28.99,173900
2020-12-03,28.99,29.69,28.78,28.99,52600
2020-12-04,28.64,29.27,28.57,28.85,31500
2020-12-07,29.13,30.24,28.92,29.97,68300
2020-12-08,29.97,33.45,29.97,33.38,136300
2020-12-09,33.45,35.89,33.45,35.54,168900
2020-12-10,35.54,35.96,33.45,34.15,84400
2020-12-11,34.7,34.77,33.17,33.66,42119
2020-12-14,33.8,34.49,33.8,34.49,74260
2020-12-15,34.63,34.7,34.15,34.43,53410
2020-12-16,34.43,34.43,34.22,34.36,69580
2020-12-17,31.17,34.89,31.17,33.37,50800
2020-12-18,33.67,33.75,31.85,33.52,36179
2020-12-21,32.99,32.99,31.32,32.23,45773
2020-12-22,32.23,32.23,31.09,31.17,22160
2020-12-23,31.09,32.23,30.94,32.08,24760
2020-12-24,32.53,32.53,31.17,31.85,12400
2020-12-25,31.93,31.93,31.47,31.85,13450
2020-12-28,32.91,32.91,31.47,32.23,12910
2020-12-29,32.61,32.61,31.55,32.23,8410
2020-12-30,32.23,32.23,31.85,32.15,13025
2020-12-31,32.23,34.81,31.85,32.53,15250
2021-01-04,34.05,34.05,32.0,32.38,23721
2021-01-05,32.38,32.46,32.23,32.31,15943
2021-01-06,32.91,32.91,32.23,32.23,21840
2021-01-07,32.31,32.31,32.23,32.31,18800
2021-01-08,32.31,32.61,32.23,32.38,32551
2021-01-11,32.91,32.91,31.85,31.85,23233
2021-01-12,32.53,35.64,31.93,34.58,93343
2021-01-13,34.66,36.33,34.13,34.2,20840
2021-01-14,32.69,34.81,32.69,33.75,15300
2021-01-15,34.05,34.81,33.06,33.82,24260
2021-01-18,33.82,34.05,33.06,33.22,16692
2021-01-19,33.29,33.75,31.17,32.23,36800
2021-01-20,32.61,32.61,31.24,31.85,62275
2021-01-21,32.61,32.61,31.7,32.61,43518
2021-01-22,32.53,35.42,32.53,34.13,67420
2021-01-25,34.13,37.77,34.13,37.08,250686
2021-01-26,37.84,39.44,35.87,36.55,216008
2021-01-27,36.4,36.63,35.04,36.63,89820
2021-01-28,34.73,35.57,30.71,31.09,181765
2021-01-29,31.55,34.05,28.89,34.05,70600
2021-02-01,33.37,33.37,30.03,30.41,67508
2021-02-02,29.96,32.08,29.96,31.62,62330
2021-02-03,32.15,33.37,32.0,33.14,24200
2021-02-04,34.73,34.73,32.91,33.06,12600
2021-02-05,31.17,33.37,31.17,33.14,15801
2021-02-08,33.37,33.37,31.7,31.78,29954
2021-02-09,30.41,32.61,30.41,32.38,19832
2021-02-17,33.9,33.9,31.85,33.06,15300
2021-02-18,33.06,34.89,32.91,34.89,76600
2021-02-19,35.26,35.26,32.99,34.51,34242
2021-02-22,34.13,34.89,33.22,34.58,48200
2021-02-23,33.97,34.13,33.37,33.37,12526
2021-02-24,34.51,34.73,33.6,34.58,43254
2021-02-25,33.44,34.66,33.44,34.28,5200
2021-02-26,33.9,35.64,33.82,35.64,65183
2021-03-01,34.89,35.64,34.89,34.89,9960
2021-03-02,34.66,34.81,34.35,34.73,9830
2021-03-03,35.64,35.64,34.35,35.34,19150
2021-03-04,35.64,35.64,34.73,34.96,42300
2021-03-05,34.89,36.78,34.73,36.78,53412
2021-03-08,37.31,37.54,36.78,36.78,13039
2021-03-09,36.4,37.92,36.17,37.92,31600
2021-03-10,36.78,37.16,36.4,37.16,6800
2021-03-11,37.16,37.92,36.71,37.92,27600
2021-03-12,38.68,38.68,37.01,37.31,13500
2021-03-15,37.84,40.19,37.84,38.53,63493
2021-03-16,40.5,40.5,39.06,40.12,42600
2021-03-17,40.19,40.19,39.44,39.44,3200
2021-03-18,39.44,39.44,39.44,39.44,858
2021-03-19,39.36,39.44,39.36,39.44,830
2021-03-22,39.97,39.97,39.97,39.97,100
2021-03-23,37.54,39.06,37.54,39.06,539
2021-03-24,38.3,39.06,38.3,38.68,1324
2021-03-25,37.54,37.84,36.4,37.84,2300
2021-03-26,37.54,37.54,34.73,35.26,10316
2021-03-29,37.08,39.44,37.08,39.36,35600
2021-03-30,39.36,39.44,38.6,39.36,8710
2021-03-31,38.68,44.9,38.68,39.74,20108
2021-04-01,38.75,39.74,37.54,39.59,10700
2021-04-02,39.44,39.89,38.3,39.36,5100
2021-04-05,39.06,39.06,37.92,38.22,9900
2021-04-06,37.16,38.22,37.16,38.15,7660
2021-04-07,39.06,39.06,37.92,38.22,4401
2021-04-08,39.21,39.21,37.92,38.3,10001
2021-04-09,38.98,38.98,38.98,38.98,131
2021-04-12,37.92,38.3,37.39,37.54,8520
2021-04-13,36.48,38.37,36.4,37.84,16231
2021-04-14,38.98,38.98,36.63,37.54,13000
2021-04-15,37.77,37.77,36.4,36.4,5600
2021-04-16,37.77,37.77,37.77,37.77,100
2021-04-19,37.46,37.46,37.39,37.39,500
2021-04-20,37.16,37.16,36.78,36.78,407
2021-04-22,36.78,36.78,35.64,35.64,4030
2021-04-23,35.8,36.78,35.72,36.71,2800
2021-04-26,37.92,40.95,35.26,36.86,9700
2021-04-27,34.89,35.64,34.89,35.19,14703
2021-04-28,37.92,37.92,35.26,36.78,3000
2021-04-29,37.69,37.69,36.4,36.78,400
2021-05-04,34.81,36.55,34.58,34.96,32600
2021-05-05,35.64,35.72,34.51,34.73,69900
2021-05-06,35.95,36.4,34.13,34.89,38200
2021-05-07,34.89,34.89,33.37,34.89,17822
2021-05-10,35.49,35.49,33.75,34.81,22600
2021-05-11,34.66,35.04,34.05,34.13,29000
2021-05-12,34.43,34.51,34.13,34.51,9700
2021-05-13,34.43,34.51,34.13,34.13,7100
2021-05-14,35.7,35.7,34.11,34.11,21415
2021-05-17,35.62,35.62,32.53,32.92,35400
2021-05-18,33.32,34.75,32.92,33.32,9100
2021-05-19,34.11,34.51,33.32,34.51,10900
2021-05-20,34.51,34.51,33.32,33.32,34400
2021-05-21,34.11,34.11,33.32,34.11,5803
2021-05-24,33.24,33.8,33.24,33.8,8430
2021-05-25,34.11,34.11,32.53,33.4,9100
2021-05-26,33.72,33.72,32.69,33.32,7800
2021-05-27,33.4,33.72,33.32,33.32,12600
2021-05-28,33.08,34.04,33.08,33.72,1900
2021-05-31,34.04,34.11,33.32,34.11,6101
2021-06-01,34.11,34.11,32.92,33.32,2610
2021-06-02,34.04,34.04,32.53,33.08,4131
2021-06-03,33.32,33.96,33.0,33.4,6900
2021-06-04,33.24,33.72,33.24,33.72,5200
2021-06-07,32.61,33.32,32.53,32.77,8320
2021-06-08,34.43,34.43,33.32,33.32,3100
2021-06-09,33.48,33.72,33.48,33.72,1920
2021-06-10,33.72,33.72,33.32,33.32,4100
2021-06-11,32.92,34.04,32.92,33.88,13500
2021-06-14,33.48,34.51,33.48,34.35,15310
2021-06-15,34.91,34.91,34.51,34.51,9100
2021-06-16,34.43,34.43,33.72,33.72,5000
2021-06-17,33.4,34.11,33.32,34.11,4600
2021-06-18,33.8,34.83,33.8,34.51,8400
2021-06-21,36.34,36.34,34.51,34.51,3800
2021-06-22,35.23,35.23,34.35,34.35,1700
2021-06-23,32.92,34.67,32.92,34.04,2306
2021-06-24,34.11,34.11,34.11,34.11,4200
2021-06-25,33.4,34.11,33.4,34.11,3702
2021-06-28,33.72,34.51,33.72,33.72,10450
2021-06-29,34.91,34.91,33.72,34.43,700
2021-06-30,34.51,34.83,33.88,34.11,1920
2021-07-01,34.11,34.11,33.96,34.04,2500
2021-07-02,34.75,34.75,33.8,34.04,7631
2021-07-05,34.11,34.11,33.72,34.04,2020
2021-07-06,34.04,34.04,33.56,33.72,19700
2021-07-07,33.72,33.72,32.53,33.72,8700
2021-07-08,34.43,34.43,33.0,33.96,11200
2021-07-09,34.51,34.51,33.32,33.32,600
2021-07-12,32.53,33.72,32.53,33.16,6300
2021-07-13,34.27,34.27,32.13,33.08,2100
2021-07-14,33.88,33.88,32.37,32.92,3600
2021-07-15,33.32,33.32,31.73,31.73,2300
2021-07-16,32.84,34.35,32.53,32.53,1500
2021-07-19,34.04,34.04,34.04,34.04,100
2021-07-20,33.16,33.32,33.16,33.32,1700
2021-07-21,34.04,34.04,33.4,33.48,1600
2021-07-22,33.4,33.48,33.4,33.4,590
2021-07-23,33.4,33.4,32.45,32.53,4200
2021-07-26,33.32,33.32,31.58,32.53,13200
2021-07-27,32.53,32.92,32.53,32.53,3303
2021-07-28,33.32,33.32,33.08,33.08,2287
2021-07-29,33.08,33.24,33.0,33.24,1300
2021-07-30,32.92,38.08,32.69,38.08,6400
2021-08-02,34.83,36.1,33.48,34.83,3850
2021-08-03,34.11,34.51,34.04,34.04,4800
2021-08-04,33.32,34.43,33.32,34.35,500
2021-08-05,33.4,34.04,33.4,34.04,210
2021-08-06,33.96,34.19,33.72,34.11,9500
2021-08-09,34.91,34.91,33.72,34.11,2700
2021-08-10,34.19,34.43,34.19,34.19,3420
2021-08-11,34.27,34.43,34.27,34.27,2600
2021-08-12,33.8,34.27,32.53,32.53,5100
2021-08-13,34.51,34.51,33.08,33.32,12008
2021-08-16,33.48,34.67,33.32,34.11,22600
2021-08-17,34.11,34.35,34.11,34.11,2700
2021-08-18,34.27,37.05,34.27,36.49,94710
2021-08-19,36.89,37.21,35.7,35.7,24900
2021-08-20,36.65,36.97,35.62,35.62,13281
2021-08-23,36.42,36.89,33.64,34.43,18705
2021-08-24,34.43,34.43,34.11,34.35,11800
2021-08-25,34.11,34.19,34.11,34.19,4200
2021-08-26,33.4,34.11,33.4,34.11,5290
2021-08-27,34.11,34.35,33.4,33.72,3100
2021-08-30,33.88,34.51,33.88,34.51,57631
2021-08-31,36.42,36.42,34.11,35.62,15815
2021-09-01,33.88,35.54,33.88,35.54,6500
2021-09-06,36.02,36.02,33.72,34.11,47800
2021-09-07,34.11,34.83,33.88,33.88,45800
2021-09-08,34.11,34.11,33.72,33.88,6500
2021-09-09,33.96,34.27,33.88,34.27,2100
2021-09-10,34.75,34.75,33.88,34.11,11700
2021-09-13,34.51,34.75,34.35,34.75,26900
2021-09-14,34.51,34.75,34.51,34.75,5900
2021-09-15,34.75,34.75,34.19,34.27,1805
2021-09-16,34.91,34.91,34.11,34.35,8000
2021-09-17,34.91,34.91,34.27,34.35,9504
2021-09-20,34.19,34.91,34.11,34.35,14800
2021-09-21,34.43,34.43,33.72,33.72,12710
2021-09-22,34.04,34.04,34.04,34.04,5700
2021-09-23,34.43,34.43,33.88,33.96,12101
2021-09-24,33.96,34.11,33.8,34.11,12300
2021-09-27,33.96,33.96,33.4,33.4,9200
2021-09-28,32.77,33.72,32.77,33.72,7400
2021-09-29,33.32,33.88,33.32,33.88,1800
2021-09-30,33.96,38.48,33.96,38.48,37300
2021-10-01,34.59,35.23,34.11,35.23,8400
2021-10-04,35.15,35.15,34.19,34.19,5500
2021-10-05,34.91,34.91,34.19,34.27,35900
2021-10-06,34.91,34.91,34.35,34.75,10834
2021-10-07,34.83,34.99,34.51,34.75,14800
2021-10-08,35.07,36.26,34.75,35.78,54550
2021-10-11,36.73,36.73,35.46,36.1,30300
2021-10-12,35.7,36.42,34.19,36.42,32600
2021-10-13,36.73,36.81,35.23,36.57,25120
2021-10-14,36.1,36.49,36.02,36.49,17500
2021-10-15,36.73,36.81,36.1,36.18,41600
2021-10-18,34.59,38.87,34.59,37.29,103380
2021-10-19,37.53,37.53,37.13,37.13,401
2021-10-20,37.29,37.29,36.1,36.1,1100
2021-10-21,35.23,35.7,35.23,35.7,2900
2021-10-22,35.7,35.7,34.59,35.54,6080
2021-10-25,35.38,36.34,35.38,36.1,6100
2021-10-26,35.46,36.18,35.38,36.1,3250
2021-10-27,36.1,36.65,36.1,36.49,24929
2021-10-28,36.42,36.81,36.42,36.42,450
2021-10-29,36.49,36.89,35.86,36.65,10900
2021-11-01,35.7,36.73,34.11,36.42,8900
2021-11-02,36.49,36.49,35.78,35.78,29600
2021-11-03,35.94,36.42,35.86,35.94,12750
2021-11-04,36.1,36.89,36.1,36.73,89245
2021-11-05,36.49,36.81,36.42,36.42,15079
2021-11-08,37.21,38.48,37.21,38.48,90665
2021-11-09,38.87,38.87,37.68,37.92,30850
2021-11-10,38.08,38.4,37.05,37.21,8320
2021-11-11,36.65,38.08,36.65,37.92,21800
2021-11-12,37.53,37.68,37.21,37.45,3900
2021-11-15,37.29,37.53,36.49,37.29,17120
2021-11-16,37.29,37.29,36.49,37.29,11100
2021-11-17,36.81,37.21,36.49,36.57,9120
2021-11-18,36.57,37.21,36.1,36.73,10400
2021-11-19,36.34,36.34,36.1,36.1,11352
2021-11-22,35.7,35.86,35.38,35.38,11000
2021-11-23,36.49,37.13,35.3,36.34,8300
2021-11-24,36.42,37.13,35.3,36.42,11600
2021-11-25,36.42,36.81,35.7,36.49,14505
2021-11-26,35.78,36.1,35.7,35.86,5015
2021-11-29,35.78,36.49,35.7,36.02,17820
2021-11-30,36.49,37.29,36.02,36.57,40627
2021-12-01,36.42,36.42,35.86,35.94,1755
2021-12-02,35.86,36.49,35.7,35.7,7718
2021-12-03,36.89,36.89,35.7,35.78,9400
2021-12-06,36.73,36.73,35.3,36.49,6800
2021-12-07,36.26,36.81,36.1,36.73,27800
2021-12-08,36.73,36.81,36.02,36.34,1300
2021-12-09,36.81,36.89,35.86,36.34,8600
2021-12-10,36.65,36.65,36.02,36.02,9700
2021-12-13,36.1,36.42,36.02,36.42,9000
2021-12-14,36.49,36.89,36.26,36.26,1200
2021-12-15,35.94,36.49,35.94,36.49,1700
2021-12-16,36.1,36.1,35.3,35.54,4700
2021-12-17,35.54,37.13,35.54,36.49,3700
2021-12-20,34.99,36.73,34.99,36.49,3800
2021-12-21,36.02,37.05,35.7,36.73,27200
2021-12-22,34.11,37.13,34.11,36.42,12103
2021-12-23,36.1,36.42,35.7,36.42,9600
2021-12-24,32.53,36.57,32.53,36.49,8707
2021-12-27,36.73,36.89,36.34,36.57,4300
2021-12-28,34.91,36.65,34.91,36.42,1700
2021-12-29,36.49,36.65,36.49,36.49,1000
2021-12-30,36.49,36.57,35.86,36.57,10200
2021-12-31,36.57,40.78,35.94,36.42,29800
2022-01-04,36.57,37.61,36.26,37.45,8901
2022-01-05,37.68,37.68,36.89,36.89,7402
2022-01-06,37.05,37.29,37.05,37.05,3000
2022-01-07,36.49,36.97,36.49,36.89,4530
2022-01-10,37.61,37.61,37.29,37.37,550
2022-01-11,35.86,37.13,35.86,37.13,1017
2022-01-12,34.27,37.13,34.27,36.73,27000
2022-01-13,37.21,37.21,36.18,36.18,11500
2022-01-14,36.18,41.49,36.18,36.49,7200
2022-01-17,36.26,38.0,36.26,36.26,12708
2022-01-18,34.91,36.34,34.91,36.34,10600
2022-01-19,38.08,38.08,36.1,36.1,4905
2022-01-20,37.92,37.92,35.3,36.34,5220
2022-01-21,37.21,37.21,36.02,36.02,400
2022-01-24,36.34,37.61,34.91,35.38,6100
2022-01-25,37.29,37.29,35.7,36.18,400
2022-01-26,36.42,36.42,36.42,36.42,100
2022-01-27,36.34,36.42,36.34,36.42,700
2022-01-28,38.0,38.87,36.26,37.21,1000
2022-02-07,34.91,38.08,34.91,36.89,2300
2022-02-08,36.26,36.65,36.18,36.18,2601
2022-02-09,36.18,36.89,36.18,36.89,1200
2022-02-10,35.38,36.89,35.38,36.89,3300
2022-02-11,36.89,36.89,36.65,36.73,10102
2022-02-14,36.81,36.81,36.18,36.18,400
2022-02-15,36.81,37.29,36.81,37.29,5400
2022-02-16,37.13,37.29,36.18,36.89,10128
2022-02-17,36.81,36.81,36.81,36.81,0
2022-02-18,36.73,36.73,36.1,36.18,4600
2022-02-21,36.89,36.89,36.73,36.73,200
2022-02-22,36.81,36.81,36.81,36.81,0
2022-02-23,36.42,36.73,36.42,36.73,615
2022-02-24,36.42,36.42,36.1,36.26,2700
2022-02-25,36.1,36.1,35.3,36.1,4253
2022-02-28,36.1,36.49,35.86,36.1,6200
2022-03-01,35.7,36.1,35.62,36.1,8300
2022-03-02,36.02,36.02,35.54,35.62,2033
2022-03-03,35.7,35.7,35.3,35.7,6780
2022-03-04,35.62,35.62,34.99,35.54,5500
2022-03-07,35.15,36.02,35.15,36.02,8100
2022-03-08,36.18,36.73,35.78,35.86,1700
2022-03-09,36.34,36.89,36.02,36.1,402
2022-03-10,36.49,36.81,35.7,36.49,3300
2022-03-11,36.49,36.49,35.62,36.1,7500
2022-03-14,35.62,35.78,35.3,35.7,1700
2022-03-15,35.62,35.62,35.3,35.62,1800
2022-03-16,35.62,35.62,34.91,35.38,4802
2022-03-17,35.38,35.38,34.99,35.07,3235
2022-03-18,35.23,35.3,34.99,35.3,5950
2022-03-21,35.15,35.3,35.07,35.15,2100
2022-03-22,35.71,36.12,35.31,35.31,3000
2022-03-23,35.63,35.71,35.22,35.71,2950
2022-03-24,35.47,36.93,35.31,36.93,25000
2022-03-25,35.71,36.93,35.71,36.52,600
2022-03-28,35.31,36.04,35.31,36.04,500
2022-03-29,36.12,36.12,35.55,35.55,2300
2022-03-30,35.55,36.36,35.55,36.36,11400
2022-03-31,36.36,37.33,36.2,37.33,23500
2022-04-01,36.93,36.93,36.52,36.85,16174
2022-04-04,36.85,37.01,36.85,37.01,11508
2022-04-05,37.33,37.33,37.25,37.25,1200
2022-04-06,36.85,37.33,35.71,37.25,10324
2022-04-07,36.2,36.2,35.71,35.95,17900
2022-04-08,35.71,36.12,35.71,35.79,4900
2022-04-12,35.71,35.71,35.39,35.63,7200
2022-04-13,35.47,35.55,35.39,35.55,7800
2022-04-14,34.98,36.44,34.25,35.63,1700
2022-04-15,35.47,35.71,35.39,35.55,9500
2022-04-18,35.55,38.55,35.55,37.01,166300
2022-04-19,36.85,40.58,36.85,39.77,221300
2022-04-20,39.77,39.77,37.33,38.55,45600
2022-04-21,37.33,37.9,36.6,37.17,42100
2022-04-22,37.01,37.74,37.01,37.17,42200
2022-04-25,37.01,37.33,35.39,36.2,71500
2022-04-26,34.09,35.71,34.09,35.71,21800
2022-04-27,36.52,36.52,35.31,35.87,1800
2022-04-28,36.93,36.93,34.9,36.04,2200
2022-04-29,35.63,40.5,34.09,40.5,95000
2022-05-04,37.33,37.33,35.71,37.25,5100
2022-05-05,36.2,36.85,35.87,36.04,3000
2022-05-06,34.98,35.87,34.98,35.79,6400
2022-05-09,35.55,35.63,32.46,32.55,50400
2022-05-10,34.09,34.74,33.28,34.66,6100
2022-05-11,34.09,35.14,34.09,35.14,2400
2022-05-12,35.06,35.06,32.55,34.49,18200
2022-05-13,34.9,34.9,32.46,34.25,6400
2022-05-16,34.41,34.41,33.76,33.76,400
2022-05-17,34.82,34.82,33.6,34.66,26900
2022-05-18,34.74,34.74,33.52,33.52,400
2022-05-19,34.74,34.74,32.78,33.84,6000
2022-05-20,33.84,33.84,33.03,33.03,1100
2022-05-23,33.84,34.25,32.7,33.44,2400
2022-05-24,33.6,33.6,32.46,32.7,10500
2022-05-25,33.27,34.9,32.7,34.17,6600
2022-05-26,34.17,34.82,33.44,34.25,8000
2022-05-27,34.5,35.56,33.93,35.39,21100
2022-05-30,34.66,35.72,33.44,35.39,4300
2022-05-31,35.31,36.7,34.17,36.7,14500
2022-06-01,35.88,35.88,33.52,35.64,5200
2022-06-02,35.56,37.51,34.42,35.88,4100
2022-06-03,35.72,35.88,34.42,35.07,4400
2022-06-06,35.72,35.72,34.42,35.15,13800
2022-06-07,35.23,35.23,32.62,34.5,7600
2022-06-08,34.58,38.25,33.44,36.37,51700
2022-06-09,36.29,38.25,35.15,36.21,5600
2022-06-10,36.21,37.03,35.56,35.56,4400
2022-06-13,33.6,35.72,33.6,35.72,17700
2022-06-14,33.6,36.21,33.6,35.56,2900
2022-06-15,35.48,36.62,34.33,34.66,5800
2022-06-16,33.68,36.62,33.68,35.97,13700
2022-06-17,36.05,36.54,33.84,35.56,19600
2022-06-20,35.31,35.39,33.84,35.07,6300
2022-06-21,34.9,34.9,33.68,34.9,600
2022-06-22,35.39,35.8,34.25,35.07,7600
2022-06-23,35.31,35.39,33.84,34.99,4200
2022-06-24,34.42,35.31,34.42,35.23,6400
2022-06-27,35.15,35.72,34.25,35.15,8400
2022-06-28,35.07,35.56,34.42,35.23,4200
2022-06-29,35.23,35.23,34.25,34.9,1300
2022-06-30,34.66,35.56,34.66,35.56,900
2022-07-01,34.25,34.9,34.17,34.9,2600
2022-07-04,35.07,35.07,34.25,34.25,200
2022-07-05,34.09,34.5,33.6,34.33,7700
2022-07-06,33.68,34.17,33.68,34.17,1100
2022-07-07,34.09,34.74,34.09,34.25,6800
2022-07-08,34.5,34.5,33.03,34.5,5600
2022-07-11,33.03,33.03,33.03,33.03,600
2022-07-12,34.17,34.17,34.17,34.17,100
2022-07-13,33.11,34.09,32.7,33.84,1100
2022-07-14,34.17,34.17,33.44,33.44,5400
2022-07-15,34.09,34.09,34.09,34.09,200
2022-07-18,34.09,34.09,33.03,34.09,8200
2022-07-19,34.09,34.09,33.03,34.01,600
2022-07-20,34.09,36.37,34.09,35.23,7300
2022-07-21,34.74,34.74,34.74,34.74,100
2022-07-22,34.42,34.58,33.6,34.58,800
2022-07-25,34.58,34.9,33.52,33.52,1400
2022-07-26,33.76,34.25,33.44,34.25,21500
2022-07-27,34.82,34.82,34.58,34.66,9800
2022-07-28,34.58,34.58,34.58,34.58,70
2022-07-29,33.68,37.92,33.68,37.92,25500
2022-08-01,35.48,39.15,34.58,34.58,10170
2022-08-02,34.9,34.9,34.9,34.9,100
2022-08-03,36.29,36.29,35.64,35.64,200
2022-08-04,35.97,35.97,35.97,35.97,0
2022-08-05,35.07,35.48,34.17,35.48,8200
2022-08-08,35.72,35.72,35.72,35.72,100
2022-08-09,35.64,35.64,34.09,35.48,2000
2022-08-10,35.48,35.48,34.25,35.07,2000
2022-08-11,34.66,34.66,34.66,34.66,249
2022-08-12,34.66,34.66,34.66,34.66,0
2022-08-15,34.25,34.66,34.25,34.66,500
2022-08-16,35.07,35.07,34.33,34.66,500
2022-08-17,34.58,35.88,34.09,35.07,1434
2022-08-18,35.07,35.07,35.07,35.07,100
2022-08-19,34.99,35.88,34.99,35.88,2217
2022-08-22,33.6,34.74,33.6,34.74,600
2022-08-23,35.07,35.07,34.9,34.9,200
2022-08-24,33.68,34.99,33.68,34.99,4200
2022-08-25,34.66,34.66,33.76,34.25,5700
2022-08-26,34.58,34.58,34.17,34.25,900
2022-08-29,34.17,34.17,33.44,33.6,4700
2022-08-30,33.6,33.84,33.03,33.84,2100
2022-08-31,34.99,36.62,33.36,35.48,18300
2022-09-05,34.99,34.99,33.36,33.52,12300
2022-09-06,34.66,34.66,33.44,33.44,2300
2022-09-07,33.44,33.44,33.27,33.44,1600
2022-09-08,33.27,33.27,33.03,33.03,1300
2022-09-09,34.09,34.09,32.87,33.76,1100
2022-09-12,34.09,34.09,34.09,34.09,100
2022-09-13,34.09,34.09,34.09,34.09,0
2022-09-14,34.09,34.09,34.09,34.09,1
2022-09-15,33.27,33.76,33.11,33.76,3200
2022-09-16,33.19,33.76,33.03,33.03,520
2022-09-19,32.87,33.84,32.87,33.84,1100
2022-09-20,33.44,33.76,32.87,33.03,1003
2022-09-21,32.95,33.44,32.95,33.44,300
2022-09-22,33.11,33.11,33.11,33.11,0
2022-09-23,32.78,33.6,32.78,33.6,700
2022-09-26,32.87,33.36,32.13,33.36,600
2022-09-27,32.62,33.27,32.62,33.27,307
2022-09-28,32.87,32.87,32.87,32.87,0
2022-09-29,33.27,33.27,32.05,33.19,1200
2022-09-30,33.03,33.36,32.87,33.36,1300
2022-10-03,33.03,33.03,33.03,33.03,0
2022-10-04,33.03,33.03,33.03,33.03,0
2022-10-05,33.03,33.36,32.54,32.54,2401
2022-10-06,30.17,32.54,30.17,32.54,700
2022-10-07,30.17,32.46,28.54,32.46,1100
2022-10-10,32.21,32.21,32.21,32.21,100
2022-10-11,32.21,32.21,32.21,32.21,0
2022-10-12,32.21,32.21,32.21,32.21,0
2022-10-13,28.71,30.99,28.71,30.99,200
2022-10-14,30.91,31.4,30.91,31.4,300
2022-10-17,28.63,31.4,28.63,31.4,2400
2022-10-18,30.91,30.91,30.91,30.91,100
2022-10-19,30.99,31.4,30.99,31.4,200
2022-10-20,28.79,30.66,28.54,30.66,6101
2022-10-21,30.75,30.75,28.54,30.09,2301
2022-10-24,30.09,30.09,30.09,30.09,100
2022-10-25,29.2,29.28,29.2,29.28,400
2022-10-26,29.28,29.28,29.28,29.28,50
2022-10-27,26.99,30.17,26.99,29.28,2700
2022-10-28,29.85,29.85,29.85,29.85,100
2022-10-31,30.09,30.09,27.73,27.73,200
2022-11-01,29.93,29.93,27.57,27.73,13680
2022-11-02,29.77,29.77,27.73,28.54,1000
2022-11-03,29.03,29.03,27.73,27.73,1507
2022-11-04,27.4,28.22,26.91,27.65,928
2022-11-07,27.81,28.87,26.91,28.54,4201
2022-11-08,28.05,28.05,27.32,27.32,1800
2022-11-09,27.89,27.89,27.89,27.89,100
2022-11-10,25.44,27.48,25.44,25.69,300
2022-11-11,25.36,27.73,24.47,26.5,7200
2022-11-14,23.98,26.18,23.81,26.18,20300
2022-11-15,27.32,27.32,23.65,26.5,4000
2022-11-16,27.08,27.32,26.02,26.1,5800
2022-11-17,26.75,26.75,24.38,24.47,25500
2022-11-18,25.93,25.93,24.47,25.2,6300
2022-11-21,26.1,26.1,24.47,24.47,7800
2022-11-22,25.85,25.85,24.47,25.44,2000
2022-11-23,24.71,25.44,24.71,24.87,3500
2022-11-24,24.79,25.69,24.79,24.87,700
2022-11-25,25.61,25.61,25.2,25.53,3400
2022-11-28,25.77,25.85,25.28,25.77,16200
2022-11-29,26.02,26.75,26.02,26.1,3400
2022-11-30,26.5,30.01,25.69,30.01,19605
2022-12-01,31.56,31.56,27.48,30.91,6000
2022-12-02,30.75,30.91,30.58,30.91,7700
2022-12-05,30.75,34.25,26.99,33.44,9700
2022-12-06,33.44,33.44,27.73,30.5,1400
2022-12-07,31.4,32.13,28.38,30.66,900
2022-12-08,31.81,33.76,31.81,33.76,500
2022-12-09,29.11,32.21,28.54,28.54,3000
2022-12-12,28.38,31.81,28.14,28.14,1600
2022-12-13,30.75,30.75,28.71,28.71,1500
2022-12-14,30.99,32.95,30.99,32.95,400
2022-12-15,28.95,30.83,28.63,28.63,1500
2022-12-16,30.09,30.17,30.09,30.17,220
2022-12-19,31.72,31.81,29.03,29.03,400
2022-12-20,28.46,30.09,27.73,30.09,1201
2022-12-21,30.99,30.99,30.99,30.99,100
2022-12-22,29.93,29.93,29.6,29.6,200
2022-12-23,29.77,29.77,29.77,29.77,0
2022-12-26,29.77,29.77,29.77,29.77,0
2022-12-27,29.77,29.77,29.77,29.77,0
2022-12-28,27.08,30.17,27.08,30.17,2762
2022-12-29,30.09,33.36,29.03,32.62,2550
2022-12-30,31.89,31.89,31.89,31.89,0
2023-01-03,31.89,31.89,31.89,31.89,0
2023-01-04,31.89,31.89,31.89,31.89,50
2023-01-05,31.89,31.89,31.89,31.89,0
2023-01-06,28.54,30.91,28.54,30.91,2303
2023-01-09,27.81,30.42,27.81,28.95,1163
2023-01-10,30.34,30.34,27.73,28.05,3400
2023-01-11,32.13,32.13,28.54,28.54,600
2023-01-12,27.4,29.2,27.32,27.4,1300
2023-01-13,27.65,29.36,27.65,27.97,1000
2023-01-16,29.36,29.36,28.54,28.54,800
2023-01-17,27.48,28.54,27.48,28.54,1100
2023-01-18,27.73,28.63,27.73,28.63,900
2023-01-19,27.65,29.2,27.65,29.2,600
2023-01-27,29.2,29.28,29.2,29.28,200
2023-01-30,29.36,30.83,29.36,30.83,702
2023-01-31,30.01,31.81,29.36,31.81,13000
2023-02-01,29.93,29.93,29.93,29.93,0
2023-02-02,31.81,31.81,28.71,28.95,2601
2023-02-03,30.91,31.64,29.36,29.36,800
2023-02-06,30.99,30.99,30.99,30.99,710
2023-02-07,29.36,29.93,29.36,29.36,500
2023-02-08,30.17,30.58,28.95,29.44,1800
2023-02-09,29.36,29.36,28.3,28.3,911
2023-02-10,29.03,30.09,28.54,28.54,1101
2023-02-13,30.17,30.58,27.73,29.6,4500
2023-02-14,29.77,29.77,27.73,27.73,1600
2023-02-15,28.95,28.95,28.95,28.95,100
2023-02-16,27.4,28.3,27.4,27.97,5310
2023-02-17,26.99,28.46,26.99,28.46,824
2023-02-20,27.48,27.48,27.48,27.48,103
2023-02-21,28.46,28.46,28.46,28.46,100
2023-02-22,28.54,29.28,27.89,28.54,400
2023-02-23,27.08,28.54,27.08,28.54,1701
2023-02-24,28.95,29.69,28.14,29.69,3900
2023-02-27,30.09,30.09,27.4,28.05,1600
2023-02-28,27.89,30.01,27.89,30.01,3900
2023-03-01,27.89,27.89,27.73,27.73,5900
2023-03-02,28.63,28.63,28.63,28.63,103
2023-03-03,28.63,28.63,28.63,28.63,0
2023-03-06,28.38,29.03,28.38,29.03,1000
2023-03-07,28.63,28.63,28.63,28.63,0
2023-03-08,28.63,28.63,28.63,28.63,5
2023-03-09,28.63,28.63,28.63,28.63,0
2023-03-10,28.63,28.63,28.63,28.63,0
2023-03-13,27.73,27.81,26.18,27.81,1000
2023-03-14,28.05,28.05,28.05,28.05,203
2023-03-15,28.05,31.4,27.97,29.2,3310
2023-03-16,27.81,28.54,27.81,28.54,700
2023-03-17,28.54,28.54,28.05,28.38,1800
2023-03-20,28.54,28.54,28.54,28.54,100
2023-03-21,28.54,28.95,28.54,28.95,202
2023-03-22,28.79,28.79,28.79,28.79,0
2023-03-23,27.81,28.95,27.73,28.87,1307
2023-03-24,29.11,29.11,29.11,29.11,100
2023-03-27,27.97,28.79,27.97,28.79,1000
2023-03-28,28.79,28.79,27.73,27.73,2801
2023-03-29,27.97,28.87,27.97,28.87,2800
2023-03-30,28.87,30.5,27.97,28.14,4100
2023-03-31,27.81,30.01,27.81,30.01,13609
2023-04-03,27.81,28.87,27.57,28.54,7119
2023-04-04,28.71,28.71,28.71,28.71,300
2023-04-05,28.71,28.79,28.71,28.79,500
2023-04-06,27.73,28.38,27.57,28.22,2200
2023-04-07,28.38,28.38,28.38,28.38,100
2023-04-10,28.38,28.71,28.38,28.38,5638
2023-04-11,27.81,28.63,27.81,28.54,2900
2023-04-12,28.71,28.71,28.38,28.38,500
2023-04-13,27.81,28.71,27.81,28.71,503
2023-04-14,27.81,28.79,27.81,28.54,500
2023-04-17,28.79,29.28,28.05,28.95,5121
2023-04-18,28.79,28.79,28.05,28.05,3100
2023-04-19,28.14,28.14,27.97,27.97,504
2023-04-20,27.81,28.87,27.81,28.79,903
2023-04-21,27.97,29.03,27.97,28.79,600
2023-04-24,29.28,29.28,28.05,29.11,300
2023-04-25,27.97,28.95,27.97,28.95,1600
2023-04-26,29.03,29.03,29.03,29.03,100
2023-04-27,29.03,29.03,29.03,29.03,0
2023-04-28,28.79,30.58,28.05,30.34,10200
2023-05-04,30.5,30.5,28.14,29.28,600
2023-05-05,29.77,29.77,28.3,28.3,300
2023-05-08,29.93,29.93,29.93,29.93,100
2023-05-09,28.54,28.54,28.46,28.54,2900
2023-05-10,29.69,30.58,28.46,29.6,19000
2023-05-11,28.54,29.93,28.54,28.71,11106
2023-05-12,29.28,29.28,28.54,28.54,7000
2023-05-15,28.79,28.79,28.54,28.63,4400
2023-05-16,28.71,29.11,28.54,29.11,17900
2023-05-17,28.63,29.36,28.63,29.2,22400
2023-05-18,29.11,29.11,28.54,28.54,10000
2023-05-19,29.11,29.11,28.63,28.87,5300
2023-05-22,30.11,30.11,26.34,28.53,6800
2023-05-23,29.32,29.32,27.74,28.79,2001
2023-05-24,28.79,29.32,28.79,28.79,1310
2023-05-25,28.53,28.53,27.3,28.35,2400
2023-05-26,28.0,28.62,27.21,28.62,12400
2023-05-29,28.62,28.79,27.3,28.27,11400
2023-05-30,28.27,28.27,27.56,27.92,5100
2023-05-31,28.27,28.88,26.86,28.53,29900
2023-06-01,27.39,28.0,26.77,26.95,15500
2023-06-02,27.04,27.56,26.77,27.39,15801
2023-06-05,27.39,27.56,26.51,27.21,12500
2023-06-06,27.21,27.3,26.42,27.04,11800
2023-06-07,26.95,27.92,26.69,27.74,25500
2023-06-08,27.04,27.83,26.95,27.65,17200
2023-06-09,27.56,28.44,27.21,27.92,25700
2023-06-12,27.3,27.83,26.95,27.74,12000
2023-06-13,27.65,27.65,27.04,27.56,11200
2023-06-14,27.56,28.27,27.21,27.3,14400
2023-06-15,27.3,28.0,27.13,27.39,15406
2023-06-16,27.39,28.0,27.13,28.0,19600
2023-06-19,27.48,28.0,27.3,27.74,16000
2023-06-20,27.74,28.09,27.3,27.3,24300
2023-06-21,27.65,27.92,27.21,27.74,11000
2023-06-22,27.65,27.65,27.21,27.21,11000
2023-06-23,27.56,27.65,27.13,27.39,22100
2023-06-26,27.56,27.65,26.77,27.65,20200
2023-06-27,27.56,27.92,27.21,27.3,40600
2023-06-28,27.74,28.09,27.3,28.09,27401
2023-06-29,27.39,28.09,27.39,28.0,46200
2023-06-30,28.18,30.64,27.92,30.64,73700
2023-07-03,28.71,29.41,27.74,29.23,23400
2023-07-04,29.41,29.41,28.09,28.53,15600
2023-07-05,28.53,29.76,28.09,28.97,341470
2023-07-06,28.71,31.16,28.71,30.99,146112
2023-07-07,31.16,32.04,29.76,30.11,148610
2023-07-10,30.11,32.48,30.11,32.48,257171
2023-07-11,32.48,35.11,31.95,34.06,94000
2023-07-12,33.36,37.22,32.57,37.22,167123
2023-07-13,34.24,37.22,34.15,35.99,9803
2023-07-14,34.76,34.76,31.08,32.13,203523
2023-07-17,32.13,36.08,31.6,33.8,11201
2023-07-18,33.8,35.11,31.43,33.36,36820
2023-07-19,32.39,32.92,31.08,31.25,65335
2023-07-20,32.13,32.48,30.81,32.22,22800
2023-07-21,32.13,32.39,30.99,32.22,27700
2023-07-24,32.13,33.18,31.16,32.04,19703
2023-07-25,32.04,32.74,31.69,31.69,19705
2023-07-26,32.48,32.74,31.6,32.22,17500
2023-07-27,32.31,32.57,30.9,30.9,32101
2023-07-28,31.95,31.95,30.37,30.37,28335
2023-07-31,31.69,32.48,30.37,32.48,39928
2023-08-01,32.48,32.48,30.02,30.02,28114
2023-08-02,30.73,30.9,29.85,30.73,4800
2023-08-03,30.9,31.16,29.85,30.02,7010
2023-08-04,30.11,30.55,29.85,30.55,9101
2023-08-07,30.02,30.73,29.94,30.73,18217
2023-08-08,30.73,31.34,30.73,31.25,38567
2023-08-09,31.08,31.87,31.08,31.87,140345
2023-08-10,31.87,32.04,31.69,31.78,92100
2023-08-11,32.13,32.83,32.13,32.83,89058
2023-08-14,32.83,33.27,32.83,32.92,45900
2023-08-15,32.92,33.36,32.66,33.18,75900
2023-08-16,32.83,34.68,32.83,34.68,106227
2023-08-17,34.24,34.68,33.1,34.5,24200
2023-08-18,31.16,34.5,31.16,31.16,26800
2023-08-21,31.34,32.48,31.16,32.48,16600
2023-08-22,32.04,32.83,30.81,31.6,16900
2023-08-23,31.95,32.66,31.34,32.31,1310
2023-08-24,32.13,32.83,31.25,31.25,15000
2023-08-25,32.13,32.39,31.25,32.22,9400
2023-08-28,31.95,31.95,30.81,31.87,17501
2023-08-29,31.25,32.31,31.25,31.43,13302
2023-08-30,32.13,32.31,32.13,32.31,1000
2023-08-31,32.13,33.8,32.13,33.36,56500
2023-09-05,32.92,33.8,32.48,33.27,102800
2023-09-06,33.27,33.8,32.92,33.71,48207
2023-09-07,33.71,33.8,33.1,33.8,75303
2023-09-08,33.71,34.24,33.27,33.53,24800
2023-09-11,34.06,34.85,34.06,34.06,216591
2023-09-12,34.59,37.75,34.59,35.9,53660
2023-09-13,35.9,37.31,34.24,34.24,36305
2023-09-14,34.24,34.94,33.01,34.68,45908
2023-09-15,34.59,34.59,33.18,34.41,28200
2023-09-18,33.45,34.68,32.74,33.8,40200
2023-09-19,33.89,34.15,32.74,33.53,30000
2023-09-20,33.36,35.11,32.74,33.97,46148
2023-09-21,33.8,34.24,33.36,33.8,30500
2023-09-22,33.01,34.24,33.01,33.8,26610
2023-09-25,33.62,34.24,33.1,33.62,59200
2023-09-26,33.36,33.97,33.01,33.36,13520
2023-09-27,32.83,34.06,32.48,33.71,39005
2023-09-28,32.74,34.06,32.74,33.97,10757
2023-09-29,33.01,33.97,33.01,33.97,5909
2023-10-02,33.8,34.06,33.27,33.71,4400
2023-10-03,33.62,33.71,33.1,33.36,7800
2023-10-04,32.83,33.45,32.66,33.36,10646
2023-10-05,33.36,33.36,32.48,33.18,8007
2023-10-06,33.18,33.18,32.66,32.74,8300
2023-10-09,32.57,33.18,32.57,33.18,14513
2023-10-10,32.74,33.18,32.39,32.92,27500
2023-10-11,32.48,32.92,32.39,32.83,9307
2023-10-12,32.57,32.83,32.39,32.74,12724
2023-10-13,32.39,32.74,32.39,32.74,12005
2023-10-16,32.57,32.57,31.95,32.31,4227
2023-10-17,32.48,32.74,31.6,32.39,14400
2023-10-18,32.48,32.48,31.52,32.13,15000
2023-10-19,32.22,32.22,30.73,31.95,1702
2023-10-20,31.95,31.95,31.87,31.87,3104
2023-10-23,30.81,32.13,30.81,31.95,2600
2023-10-24,31.87,31.95,31.16,31.95,600
2023-10-25,31.16,33.01,31.16,33.01,11101
2023-10-26,31.6,32.31,28.09,31.87,11030
2023-10-27,29.85,31.6,29.85,31.52,2800
2023-10-30,31.78,31.78,29.5,31.52,3201
2023-10-31,31.25,32.39,29.85,32.04,18400
2023-11-01,30.11,31.43,29.5,31.43,3000
2023-11-02,31.34,32.48,31.16,32.31,76600
2023-11-03,30.37,32.48,30.37,32.48,20500
2023-11-06,32.39,32.39,30.99,31.08,6400
2023-11-07,31.25,32.39,31.25,32.22,3900
2023-11-08,32.13,32.22,32.04,32.13,2000
2023-11-09,32.04,32.13,31.43,31.87,3405
2023-11-10,31.08,31.95,30.73,31.78,5402
2023-11-13,31.78,31.78,31.08,31.08,1100
2023-11-14,31.16,31.52,30.99,31.25,1600
2023-11-15,30.81,31.78,30.81,31.43,3703
2023-11-16,30.9,31.52,30.9,31.52,2504
2023-11-17,31.08,31.6,30.99,31.43,2100
2023-11-20,30.9,31.25,30.73,31.08,4903
2023-11-21,31.08,31.52,30.73,30.9,5711
2023-11-22,30.55,31.16,30.55,31.16,1800
2023-11-23,31.16,31.16,30.81,31.16,1500
2023-11-24,31.16,31.52,29.85,31.16,12502
2023-11-27,30.2,31.43,30.2,31.43,4700
2023-11-28,31.43,31.43,30.37,30.99,3200
2023-11-29,30.99,31.52,30.55,31.52,4000
2023-11-30,30.81,32.31,30.73,32.31,9513
2023-12-01,31.43,31.6,30.81,31.6,5700
2023-12-04,31.25,31.87,31.25,31.78,1302
2023-12-05,31.69,31.95,30.81,31.6,37312
2023-12-06,30.9,31.78,30.9,31.6,51700
2023-12-07,31.25,32.04,31.25,31.6,41130
2023-12-08,30.9,31.78,30.9,31.34,1800
2023-12-11,30.99,31.25,30.9,31.25,3700
2023-12-12,30.9,31.52,30.9,31.25,3302
2023-12-13,31.43,31.43,30.9,31.34,800
2023-12-14,31.43,31.43,30.73,30.73,1500
2023-12-15,30.29,31.25,30.29,30.73,1301
2023-12-18,31.34,31.34,29.85,30.81,11807
2023-12-19,30.73,30.73,30.29,30.64,1000
2023-12-20,30.73,30.9,30.73,30.9,200
2023-12-21,30.64,30.9,30.64,30.9,2000
2023-12-22,31.08,31.08,30.81,30.81,600
2023-12-25,30.73,30.99,30.73,30.99,5000
2023-12-26,31.16,31.25,30.81,31.16,18020
2023-12-27,31.25,31.43,30.81,30.99,5310
2023-12-28,31.16,31.34,31.08,31.25,5900
2023-12-29,31.25,32.04,30.81,31.43,10100
2024-01-02,31.34,31.34,30.81,31.16,6701
2024-01-03,31.08,31.08,30.81,31.08,16100
2024-01-04,30.81,31.08,30.73,31.08,17501
2024-01-05,31.16,31.43,30.81,31.16,4600
2024-01-08,31.08,31.25,30.81,31.25,2200
2024-01-09,30.73,31.25,30.73,31.08,2700
2024-01-10,31.16,31.16,30.81,31.16,1100
2024-01-11,30.99,30.99,30.99,30.99,100
2024-01-12,30.9,30.9,30.55,30.9,1900
2024-01-15,31.16,31.43,30.73,31.16,1150
2024-01-16,31.16,31.16,31.16,31.16,100
2024-01-17,30.81,31.08,30.81,31.08,500
2024-01-18,30.9,31.08,30.9,31.08,2200
2024-01-19,30.73,30.9,30.73,30.9,1900
2024-01-22,30.9,31.08,30.64,30.9,1900
2024-01-23,30.81,30.81,30.64,30.73,3900
2024-01-24,31.25,31.25,29.85,30.81,7000
2024-01-25,30.73,30.81,30.73,30.73,1288
2024-01-26,31.16,31.16,30.73,31.08,2724
2024-01-29,30.9,30.9,30.9,30.9,0
2024-01-30,30.9,30.9,30.9,30.9,0
2024-01-31,30.55,30.64,30.46,30.55,15500
2024-02-01,30.29,30.55,30.29,30.29,8500
2024-02-02,30.55,30.55,30.2,30.55,6400
2024-02-05,30.73,30.73,30.2,30.64,6500
2024-02-06,30.73,30.73,30.37,30.37,500
2024-02-07,30.73,30.73,30.64,30.64,2100
2024-02-15,30.64,30.99,30.55,30.99,8401
2024-02-16,30.99,31.08,30.64,30.81,3200
2024-02-19,31.16,31.16,30.73,31.08,1030
2024-02-20,31.25,31.25,30.73,30.9,17000
2024-02-21,30.99,30.99,30.9,30.9,6800
2024-02-22,31.16,31.43,31.16,31.16,2300
2024-02-23,31.08,31.34,30.99,31.25,7410
2024-02-26,30.9,31.34,30.81,31.25,5040
2024-02-27,31.16,31.52,31.16,31.52,61212
2024-02-28,31.43,31.6,31.43,31.6,31900
2024-02-29,31.6,32.04,31.6,32.04,23210
2024-03-01,31.6,32.31,31.6,32.22,25007
2024-03-04,31.69,32.48,31.43,32.22,31000
2024-03-05,31.69,32.48,31.69,32.22,45743
2024-03-06,32.39,32.39,31.95,32.22,48500
2024-03-07,32.13,32.13,32.13,32.13,10007
2024-03-08,32.22,32.22,32.04,32.13,30600
2024-03-11,32.22,32.57,32.22,32.48,6116
2024-03-12,31.95,32.57,31.95,32.57,800
2024-03-13,32.66,33.27,32.66,33.27,5419
2024-03-14,32.83,33.27,32.13,32.48,14100
2024-03-15,32.48,32.57,32.48,32.48,401
2024-03-18,32.74,32.83,31.25,32.31,7210
2024-03-19,32.39,32.66,32.04,32.04,5900
2024-03-20,31.95,32.66,31.95,32.66,12000
2024-03-21,32.48,32.48,31.6,32.04,25710
2024-03-22,32.22,32.22,31.6,32.04,5602
2024-03-25,31.6,32.39,31.43,32.39,11622
2024-03-26,31.69,32.13,31.6,32.13,8800
2024-03-27,32.04,32.13,31.69,32.13,2700
2024-03-28,32.04,32.83,31.69,32.83,13800
2024-03-29,32.22,32.57,31.95,32.57,3411
2024-04-01,32.66,32.66,31.87,31.87,5810
2024-04-02,31.95,32.66,31.95,31.95,9908
2024-04-03,32.39,32.39,31.87,31.87,4121
2024-04-04,32.31,32.31,31.87,32.22,1200
2024-04-05,32.13,32.31,31.95,32.31,9600
2024-04-08,32.31,32.48,31.78,32.22,4406
2024-04-09,32.04,32.04,31.87,32.04,4000
2024-04-10,31.78,32.83,31.78,32.83,4101
2024-04-11,31.87,32.22,31.78,32.22,4201
2024-04-12,32.04,32.48,31.87,32.39,5700
2024-04-15,32.39,32.48,31.78,32.31,5400
2024-04-16,32.13,32.57,32.13,32.22,4701
2024-04-17,32.39,32.39,31.87,32.31,400
2024-04-19,31.78,31.78,31.34,31.78,12200
2024-04-22,32.22,32.48,32.22,32.48,2500
2024-04-23,31.52,32.31,31.52,32.31,305
2024-04-24,32.22,32.48,31.69,32.31,10700
2024-04-25,31.69,32.04,31.52,32.04,2200
2024-04-26,31.95,32.31,31.25,32.13,10501
2024-05-02,32.31,32.31,32.04,32.22,2700
2024-05-03,32.31,32.31,32.04,32.22,4300
2024-05-06,32.13,33.01,32.13,32.92,61655
2024-05-07,32.74,33.01,32.74,33.01,26313
2024-05-08,33.01,33.27,32.83,33.27,115806
2024-05-09,33.71,34.59,33.53,34.06,54107
2024-05-10,33.89,33.89,33.18,33.8,35701
2024-05-13,33.53,33.71,33.36,33.71,36434
2024-05-14,33.71,33.8,33.53,33.62,19100
2024-05-15,33.53,35.11,33.53,34.24,50701
2024-05-16,34.94,34.94,33.8,34.59,5100
2024-05-17,33.53,36.43,33.53,35.55,52915
2024-05-20,34.68,35.82,34.68,35.29,33506
2024-05-21,35.2,36.34,35.2,36.08,85192
2024-05-22,37.5,38.34,36.47,37.31,68262
2024-05-23,37.31,38.53,36.47,37.31,29907
2024-05-24,37.12,37.31,34.79,36.28,53115
2024-05-27,36.37,37.03,35.16,35.16,17700
2024-05-28,36.09,37.22,34.97,35.81,8200
2024-05-29,35.44,35.91,34.69,35.81,38701
2024-05-30,37.12,37.12,34.69,35.63,19600
2024-05-31,36.0,36.94,34.69,35.44,16201
2024-06-03,35.07,35.35,34.6,35.25,5308
2024-06-04,34.88,35.35,34.6,34.97,15800
2024-06-05,35.07,35.81,34.97,35.63,94242
2024-06-06,35.63,36.0,35.44,35.53,18931
2024-06-07,35.35,35.53,35.25,35.53,17708
2024-06-10,35.53,36.84,35.53,35.53,4102
2024-06-11,35.81,35.81,35.35,35.81,9600
2024-06-12,35.53,36.28,35.53,36.28,27011
2024-06-13,35.72,36.66,35.72,36.28,14700
2024-06-14,39.27,39.27,35.35,35.91,8900
2024-06-17,36.47,36.66,35.53,36.0,900
2024-06-18,35.91,36.28,35.25,36.09,3201
2024-06-19,35.16,36.28,35.16,35.91,11600
2024-06-20,35.07,36.94,35.07,36.66,45000
2024-06-21,36.28,38.25,36.28,37.87,27910
2024-06-24,37.5,37.78,36.28,37.78,35211
2024-06-25,36.66,38.34,36.66,37.4,17100
2024-06-26,38.34,38.34,37.31,37.31,13200
2024-06-27,37.4,38.15,37.31,38.06,32804
2024-06-28,37.87,37.87,36.19,37.31,43431
2024-07-01,36.47,37.4,35.35,37.12,18812
2024-07-02,36.66,37.31,36.47,37.12,6701
2024-07-03,37.22,37.31,35.91,37.12,2600
2024-07-04,37.22,37.22,36.0,36.94,2512
2024-07-05,37.31,37.31,36.47,36.75,1101
2024-07-08,36.84,36.84,36.09,36.09,2900
2024-07-09,36.09,36.47,35.63,36.47,4900
2024-07-10,36.09,36.09,36.0,36.0,2000
2024-07-11,36.0,36.0,35.35,35.44,13560
2024-07-12,36.0,36.0,34.6,35.35,7308
2024-07-15,35.25,36.19,35.25,35.53,10230
2024-07-16,35.72,35.72,35.07,35.44,5314
2024-07-17,35.25,35.25,34.97,34.97,3102
2024-07-18,35.16,35.16,35.16,35.16,100
2024-07-19,35.63,35.63,34.69,35.07,7900
2024-07-22,34.6,35.16,34.6,35.16,800
2024-07-23,35.25,35.25,34.88,34.88,2300
2024-07-24,34.79,34.79,33.29,34.79,36400
2024-07-25,34.88,35.07,34.79,34.79,6180
2024-07-26,34.88,35.44,34.69,35.44,500
2024-07-29,33.1,35.07,33.1,35.07,1403
2024-07-30,34.5,34.88,34.5,34.69,5302
2024-07-31,35.91,37.87,35.81,37.5,102677
2024-08-01,36.75,38.34,36.75,38.06,61002
2024-08-02,37.31,37.87,37.31,37.31,27135
2024-08-05,36.47,36.47,36.28,36.28,7315
2024-08-06,36.37,37.31,36.37,37.31,10000
2024-08-07,37.4,37.87,37.31,37.31,26238
2024-08-08,37.87,40.21,37.87,39.27,30812
2024-08-09,39.74,40.21,37.87,39.18,15823
2024-08-12,38.62,39.74,38.62,38.62,10934
2024-08-13,38.81,38.81,38.25,38.34,7205
2024-08-14,38.62,38.62,37.87,37.96,12056
2024-08-15,38.06,39.27,38.06,39.27,724
2024-08-16,38.34,39.27,38.25,39.18,17245
2024-08-19,38.71,38.71,38.34,38.34,1400
2024-08-20,37.4,39.27,37.31,39.18,10613
2024-08-21,38.34,38.34,37.68,37.68,3101
2024-08-22,39.27,39.27,38.99,38.99,602
2024-08-23,38.71,38.71,37.78,38.06,2000
2024-08-26,39.27,39.27,38.15,39.18,10702
2024-08-27,38.15,39.27,38.15,39.27,10500
2024-08-28,39.27,39.27,38.81,38.81,300
2024-08-29,38.99,38.99,38.99,38.99,339
2024-08-30,39.09,39.09,38.06,38.81,3200
2024-09-04,38.62,38.62,38.62,38.62,27
2024-09-05,44.23,44.23,39.18,39.18,200
2024-09-06,40.96,41.05,39.09,39.09,16200
2024-09-09,40.4,40.4,40.4,40.4,0
2024-09-10,40.4,43.95,38.53,39.93,2805
2024-09-11,39.27,39.93,39.27,39.93,400
2024-09-12,40.68,41.61,40.12,40.12,400
2024-09-13,38.43,39.65,38.43,39.65,5300
2024-09-16,40.21,40.21,40.21,40.21,100
2024-09-17,39.83,39.93,39.83,39.93,1100
2024-09-18,40.21,40.21,39.09,39.18,6600
2024-09-19,39.18,39.27,39.18,39.27,1525
2024-09-20,39.27,39.27,39.27,39.27,300
2024-09-23,39.27,39.27,39.18,39.27,4705
2024-09-24,39.27,39.27,39.27,39.27,1101
2024-09-25,39.27,39.27,39.27,39.27,700
2024-09-26,39.18,39.18,39.09,39.09,2409
2024-09-27,39.09,39.09,39.09,39.09,200
2024-09-30,38.99,39.74,38.99,39.27,17330
2024-10-01,39.27,39.27,39.27,39.27,200
2024-10-02,39.65,39.74,39.65,39.74,7200
2024-10-03,40.68,44.79,39.74,39.74,1321
2024-10-04,40.3,40.3,40.21,40.3,3100
2024-10-07,40.3,40.3,40.3,40.3,1
2024-10-08,40.3,40.3,40.3,40.3,10
2024-10-09,38.62,38.9,38.62,38.81,1111
2024-10-10,38.34,38.53,38.34,38.43,1000
2024-10-11,39.55,39.55,39.55,39.55,120
2024-10-14,43.01,43.01,38.99,38.99,900
2024-10-15,40.58,40.58,40.58,40.58,0
2024-10-16,39.55,40.58,39.55,40.58,203
2024-10-17,40.12,40.12,40.12,40.12,1
2024-10-18,40.12,40.12,40.12,40.12,0
2024-10-21,38.34,39.27,38.34,39.27,1536
2024-10-22,38.81,38.81,38.81,38.81,0
2024-10-23,38.81,38.81,38.81,38.81,1600
2024-10-24,38.9,38.9,38.81,38.81,1200
2024-10-25,40.21,40.21,39.27,39.27,4800
2024-10-28,39.37,39.37,39.37,39.37,102
2024-10-29,39.37,39.37,39.37,39.37,300
2024-10-30,40.12,41.14,40.12,41.14,10800
2024-10-31,41.61,42.55,41.14,41.14,19569
2024-11-01,41.7,41.7,41.24,41.61,700
2024-11-04,41.61,41.89,41.24,41.8,13410
2024-11-05,41.61,42.17,41.61,42.08,2200
2024-11-06,41.99,41.99,41.24,41.42,9500
2024-11-07,41.52,41.61,41.33,41.61,1206
2024-11-08,41.7,42.08,41.7,42.08,9700
2024-11-11,42.27,48.25,42.27,43.01,23200
2024-11-12,43.01,43.01,42.83,42.83,32100
2024-11-13,42.92,42.92,42.55,42.83,7402
2024-11-14,42.92,43.01,42.55,42.55,10700
2024-11-15,42.83,42.83,41.7,42.73,6917
2024-11-18,42.64,42.64,41.89,42.27,2901
2024-11-19,42.08,42.27,41.8,41.8,4400
2024-11-20,42.08,42.08,42.08,42.08,1517
2024-11-21,42.08,42.08,42.08,42.08,121
2024-11-22,42.08,42.08,41.89,41.89,414
2024-11-25,42.08,42.08,41.61,42.08,8200
2024-11-26,42.08,42.55,41.8,42.17,33300
2024-11-27,42.17,42.83,42.17,42.55,3714
2024-11-28,42.36,42.55,42.36,42.45,2700
2024-11-29,42.36,42.55,42.17,42.17,20801
2024-12-02,42.45,42.45,42.08,42.08,27203
2024-12-03,42.08,42.45,41.99,42.08,13600
2024-12-04,42.17,42.17,41.8,42.08,13000
2024-12-05,41.99,42.08,41.99,41.99,2100
2024-12-06,41.99,42.08,41.69,41.79,13901
2024-12-09,42.08,42.37,41.89,42.37,22214
2024-12-10,42.18,42.18,42.08,42.08,2401
2024-12-11,41.99,41.99,41.6,41.6,18807
2024-12-12,41.79,42.18,41.79,42.18,4401
2024-12-13,41.79,42.08,41.69,42.08,7500
2024-12-16,41.99,42.18,41.99,42.18,1500
2024-12-17,42.18,42.18,42.18,42.18,1700
2024-12-18,42.28,42.47,42.28,42.47,3200
2024-12-19,42.37,42.47,42.37,42.37,1900
2024-12-20,42.37,42.47,42.37,42.47,3900
2024-12-23,42.57,44.31,42.57,43.92,10901
2024-12-24,44.5,44.79,44.5,44.5,19201
2024-12-25,44.6,44.98,44.6,44.6,4652
2024-12-26,44.5,44.69,44.5,44.69,5507
2024-12-27,44.6,44.6,43.92,44.5,2600
2024-12-30,44.4,44.4,44.31,44.4,5200
2024-12-31,44.31,44.31,42.76,42.95,3630
2025-01-02,43.34,43.34,43.05,43.15,7200
2025-01-03,43.53,43.53,42.76,42.76,8200
2025-01-06,43.15,43.15,42.57,42.57,7279
2025-01-07,42.57,42.57,42.47,42.47,9300
2025-01-08,42.47,42.57,42.47,42.57,2000
2025-01-09,42.47,42.47,42.37,42.47,4400
2025-01-10,42.37,42.37,41.5,41.5,18200
2025-01-13,41.79,42.08,41.6,42.08,3000
2025-01-14,42.57,42.57,41.89,41.89,14300
2025-01-15,41.79,42.37,41.6,42.37,3200
2025-01-16,41.21,41.79,41.21,41.79,10525
2025-01-17,41.79,41.89,41.79,41.89,1300
2025-01-20,41.89,42.47,41.89,42.47,20400
2025-01-21,42.57,43.05,42.57,43.05,35315
2025-01-22,44.21,44.21,42.57,43.24,7900
2025-01-23,43.05,43.44,43.05,43.44,16200
2025-01-24,43.34,43.92,43.34,43.92,6900
2025-02-03,43.92,44.11,43.24,44.02,65500
2025-02-04,43.63,43.92,43.63,43.63,18250
2025-02-05,43.73,44.4,43.53,43.73,38640
2025-02-06,44.02,45.08,44.02,44.98,30500
2025-02-07,45.37,48.08,45.37,47.6,33946
2025-02-10,47.4,47.4,45.47,45.47,7129
2025-02-11,45.76,46.44,45.47,46.34,19800
2025-02-12,45.76,45.76,45.76,45.76,301
2025-02-13,46.44,46.44,45.95,45.95,1601
2025-02-14,47.4,48.08,47.4,47.89,16380
2025-02-17,47.69,50.11,47.69,48.27,21414
2025-02-18,47.4,48.18,46.92,47.4,9204
2025-02-19,48.76,48.76,47.11,47.4,12020
2025-02-20,47.4,47.4,46.53,47.4,5140
2025-02-21,47.02,47.02,46.73,47.02,10621
2025-02-24,46.82,47.4,46.82,47.02,13616
2025-02-25,47.31,48.56,47.31,48.37,54944
2025-02-26,48.27,48.27,47.89,47.89,3400
2025-02-27,47.98,47.98,47.02,47.6,10110
2025-02-28,47.4,47.4,47.11,47.11,9100
2025-03-03,47.4,47.89,46.63,47.02,7870
2025-03-04,47.21,47.21,46.92,47.21,6124
2025-03-05,47.21,47.21,47.02,47.02,2728
2025-03-06,47.02,47.02,47.02,47.02,800
2025-03-07,47.6,47.6,47.02,47.02,1800
2025-03-10,47.11,47.11,46.44,46.44,12800
2025-03-11,46.63,46.63,46.44,46.44,6002
2025-03-12,46.63,46.63,46.44,46.44,13930
2025-03-13,47.21,47.21,46.73,46.73,300
2025-03-14,46.92,46.92,44.79,46.14,25102
2025-03-17,46.44,46.44,45.47,45.56,2900
2025-03-18,45.85,45.95,45.66,45.66,1930
2025-03-19,45.85,46.14,45.66,46.14,2100
2025-03-20,45.85,45.85,45.76,45.85,2300
2025-03-21,45.76,45.85,45.66,45.85,1500
2025-03-24,47.21,47.21,46.14,46.14,2800
2025-03-25,46.24,46.24,45.76,45.76,22003
2025-03-26,47.69,47.69,47.69,47.69,110
2025-03-27,46.82,46.82,46.53,46.53,200
2025-03-28,46.53,46.53,45.47,45.47,3100
2025-03-31,45.66,45.95,44.98,44.98,30800
2025-04-01,45.47,45.47,44.5,44.5,56400
2025-04-02,45.37,45.37,44.5,45.37,7000
2025-04-03,38.7,44.5,38.21,38.21,45918
2025-04-04,37.73,38.7,36.76,38.6,29201
2025-04-08,38.6,38.6,31.92,32.41,32800
2025-04-09,32.41,32.89,31.92,32.41,63700
2025-04-10,37.15,37.24,37.15,37.24,7230
2025-04-11,39.18,40.63,36.76,36.76,10910
2025-04-14,37.54,37.54,37.34,37.54,8266
2025-04-15,37.54,37.73,37.24,37.54,17408
2025-04-16,37.34,37.73,37.34,37.34,2034
2025-04-17,37.44,37.44,37.44,37.44,600
2025-04-18,37.73,39.57,37.73,38.7,2566
2025-04-21,37.83,39.18,37.24,38.6,902
2025-04-22,37.92,38.21,36.76,36.76,12902
2025-04-23,37.24,38.7,37.24,38.7,300
2025-04-24,39.47,39.47,37.34,38.21,2010
2025-04-25,39.37,39.37,38.6,38.7,7500
2025-04-28,39.47,39.47,36.76,36.76,30912
2025-04-29,38.6,38.7,37.73,38.7,10700
2025-05-05,42.47,42.47,38.21,40.34,2568
2025-05-06,38.99,39.57,38.99,39.08,1203
2025-05-07,41.31,41.31,39.28,39.86,5000
2025-05-08,39.66,40.15,38.89,38.89,7431
2025-05-09,40.53,40.53,39.18,39.18,2400
2025-05-12,39.28,39.66,39.18,39.66,2122
2025-05-13,40.15,40.44,40.15,40.15,1800
2025-05-14,41.02,41.11,39.08,39.08,7100
2025-05-15,40.73,40.73,40.15,40.63,451
2025-05-16,40.53,40.53,38.7,39.66,32952
2025-05-19,41.89,41.89,39.28,39.28,15200
2025-05-20,39.66,40.15,39.66,40.05,1910
2025-05-21,41.11,41.11,39.76,40.24,901
2025-05-22,40.34,40.53,39.95,39.95,2700
2025-05-23,41.4,41.4,40.24,40.34,4400
2025-05-26,40.44,45.27,37.92,42.86,38827
2025-05-27,42.76,45.47,42.47,44.79,12100
2025-05-28,45.27,45.27,44.21,44.21,9702
2025-05-29,45.0,45.0,44.5,44.5,2145
2025-05-30,46.8,46.8,44.0,44.9,9601
2025-06-02,44.8,45.0,44.3,45.0,28102
2025-06-03,44.8,45.0,44.5,44.9,8790
2025-06-04,44.8,45.1,44.8,45.1,19720
2025-06-05,45.1,45.9,45.0,45.9,28071
2025-06-06,45.3,45.4,45.3,45.3,4700
2025-06-09,45.5,45.5,45.5,45.5,9273
2025-06-10,46.2,46.2,45.5,45.8,1300
2025-06-11,45.6,46.0,45.6,46.0,2700
2025-06-12,46.1,46.5,46.1,46.5,4700
2025-06-13,46.4,47.0,46.3,46.9,16400
2025-06-16,46.8,46.8,46.8,46.8,100
2025-06-17,46.8,47.1,46.8,47.1,4000
2025-06-18,46.9,47.9,46.8,47.0,11700
2025-06-19,47.4,47.5,47.4,47.5,3700
2025-06-20,47.3,47.5,47.3,47.5,1400
2025-06-23,47.4,47.5,45.2,46.9,14500
2025-06-24,46.7,46.9,46.6,46.9,4700
2025-06-25,46.6,46.9,46.6,46.9,7600
2025-06-26,46.9,46.9,46.6,46.6,200
2025-06-27,47.3,47.3,46.8,46.8,200
2025-06-30,46.8,46.8,46.8,46.8,200
2025-07-01,46.8,46.8,45.6,46.8,4600
2025-07-02,46.8,46.9,46.1,46.9,12400
2025-07-03,46.6,47.3,46.6,47.3,400
2025-07-04,47.3,47.3,47.0,47.0,1000
2025-07-07,47.2,47.2,40.7,46.9,2900
2025-07-08,46.9,46.9,46.9,46.9,1200
2025-07-09,46.9,46.9,46.5,46.5,1600
2025-07-10,46.8,46.8,46.6,46.7,500
2025-07-11,46.7,47.3,46.7,47.3,400
2025-07-14,46.7,47.0,46.5,47.0,7000
2025-07-15,46.9,46.9,46.5,46.5,3500
2025-07-16,46.6,47.4,46.6,47.4,1000
2025-07-17,47.5,47.5,47.4,47.5,1900
2025-07-18,48.0,48.0,48.0,48.0,2000
2025-07-21,48.0,48.1,48.0,48.1,1300
2025-07-22,48.2,48.2,47.5,47.5,3600
2025-07-23,48.0,48.0,47.0,48.0,11500
2025-07-24,47.1,48.5,47.1,48.5,6200
2025-07-25,48.5,48.5,48.0,48.5,2600
2025-07-28,48.0,48.3,47.5,48.3,2400
2025-07-29,48.3,48.3,47.5,47.5,1600
2025-07-30,47.8,47.8,47.2,47.2,1800
2025-07-31,47.5,47.5,46.0,47.5,14000
2025-08-01,46.5,46.5,46.0,46.0,1700
2025-08-04,46.2,46.5,46.0,46.5,3200
2025-08-05,46.3,46.3,46.1,46.1,1200
2025-08-06,46.9,46.9,46.9,46.9,100
2025-08-07,44.6,47.6,44.6,47.0,3500
2025-08-08,47.5,47.5,45.5,46.9,13500
2025-08-11,46.2,46.2,46.0,46.0,15500
2025-08-12,46.0,47.3,46.0,47.3,5300
2025-08-13,46.0,47.3,46.0,47.0,500
2025-08-14,47.0,47.0,47.0,47.0,100
2025-08-15,46.9,46.9,46.0,46.0,2300
2025-08-18,47.3,47.3,45.9,47.0,3000
2025-08-19,46.9,46.9,44.3,46.6,400
2025-08-20,45.5,47.2,45.5,46.9,500
2025-08-21,47.3,47.3,46.1,46.1,3200
2025-08-22,46.3,47.2,45.5,45.5,4100
2025-08-25,47.3,47.3,44.5,45.9,1200
2025-08-26,46.9,47.1,46.1,46.1,14300
2025-08-27,45.6,46.4,42.0,46.0,1400
2025-08-28,45.5,45.9,45.3,45.8,3300
2025-08-29,46.8,46.8,45.7,46.6,3100
2025-09-03,46.8,46.8,45.3,45.3,600
2025-09-04,46.8,46.8,45.9,46.0,2000
2025-09-05,46.0,46.1,46.0,46.0,2100
2025-09-08,45.4,46.0,45.4,45.9,3400
2025-09-09,46.8,46.8,45.5,45.5,500
2025-09-10,46.6,46.6,46.6,46.6,100
2025-09-11,46.6,46.6,45.5,45.6,1500
2025-09-12,46.8,46.8,46.8,46.8,100
2025-09-15,46.5,46.5,45.5,45.6,600
2025-09-16,46.8,46.8,46.6,46.6,200
2025-09-17,46.6,46.6,46.6,46.6,400
2025-09-18,45.5,46.1,45.5,46.1,2100
2025-09-19,46.4,46.4,46.0,46.0,200
2025-09-24,46.2,46.2,46.2,46.2,100
2025-09-29,45.6,46.0,40.6,45.6,7900
2025-09-30,42.0,43.8,42.0,43.8,2100
2025-10-01,43.9,45.8,43.7,45.8,3100
2025-10-02,45.8,45.8,44.2,44.2,600
2025-10-03,45.6,45.6,45.6,45.6,100
2025-10-06,45.6,45.6,43.1,45.0,18100
2025-10-07,45.5,45.5,44.5,44.5,5900
2025-10-08,45.5,45.5,44.8,44.8,9600
2025-10-09,45.5,45.5,44.8,44.8,300
2025-10-10,45.0,45.5,44.6,44.6,15500
2025-10-13,44.2,45.6,43.8,45.6,14000
2025-10-14,44.3,44.5,44.1,44.3,1100
2025-10-15,45.5,45.5,44.0,44.0,4000
2025-10-16,44.3,44.5,40.6,42.6,2600
2025-10-17,44.3,44.3,43.6,44.1,400
2025-10-20,44.3,44.3,42.1,42.1,300
2025-10-21,43.0,43.1,43.0,43.0,3400
