time,open,high,low,close,volume
2015-09-18,6.81,6.81,6.81,6.81,200
2015-09-21,6.81,6.81,6.81,6.81,0
2015-09-22,6.81,6.81,6.81,6.81,0
2015-09-23,7.83,7.83,7.83,7.83,100
2015-09-24,8.98,8.98,8.98,8.98,100
2015-09-25,10.33,10.33,10.33,10.33,2700
2015-09-28,11.86,11.86,11.86,11.86,3900
2015-09-29,12.27,12.27,12.25,12.25,300
2015-09-30,10.88,11.58,10.88,11.58,8600
2015-10-01,11.53,12.8,11.53,12.8,9700
2015-10-02,12.74,14.5,12.74,14.5,17657
2015-10-05,15.63,15.68,15.63,15.68,17200
2015-10-06,16.16,17.83,13.34,16.19,12500
2015-10-07,14.84,14.84,14.84,14.84,11000
2015-10-08,15.72,15.72,14.84,14.84,45400
2015-10-09,15.28,15.28,15.28,15.28,2549
2015-10-12,15.51,15.51,15.05,15.28,1800
2015-10-13,15.28,15.51,15.05,15.51,8000
2015-10-14,17.37,17.37,15.4,15.82,10200
2015-10-15,15.86,17.13,15.86,17.13,17900
2015-10-16,17.83,17.83,17.13,17.25,1100
2015-10-19,16.3,16.32,16.28,16.28,5100
2015-10-20,17.13,17.13,16.44,16.56,13200
2015-10-21,16.44,16.44,15.98,15.98,4700
2015-10-22,16.14,16.14,15.98,15.98,16200
2015-10-23,15.98,16.12,15.98,16.09,6500
2015-10-26,16.05,16.05,15.98,15.98,11300
2015-10-27,15.98,15.98,14.75,14.75,6100
2015-10-28,15.98,15.98,15.98,15.98,100
2015-10-29,15.98,15.98,15.75,15.75,7650
2015-10-30,15.75,15.75,15.63,15.63,2700
2015-11-02,15.63,15.63,15.51,15.51,3600
2015-11-03,16.16,16.16,15.98,15.98,12600
2015-11-04,15.98,15.98,15.98,15.98,0
2015-11-05,15.98,15.98,15.98,15.98,4600
2015-11-06,15.95,15.95,15.77,15.95,3200
2015-11-09,15.86,15.86,15.86,15.86,4600
2015-11-10,15.86,15.86,15.75,15.75,5300
2015-11-11,15.86,15.86,15.79,15.79,4520
2015-11-12,15.79,15.79,15.79,15.79,2800
2015-11-13,15.75,15.75,15.75,15.75,5600
2015-11-16,15.77,15.77,15.75,15.75,6300
2015-11-17,16.44,16.56,15.98,16.32,8100
2015-11-18,16.44,17.6,16.44,17.55,34500
2015-11-19,17.02,17.02,17.02,17.02,1600
2015-11-20,17.02,18.2,17.02,17.48,16800
2015-11-23,17.69,17.83,17.44,17.83,7700
2015-11-24,17.83,18.41,17.83,18.06,19400
2015-11-25,18.29,18.52,17.83,18.06,4900
2015-11-26,18.18,18.18,17.83,18.18,5000
2015-11-27,17.83,17.97,17.83,17.83,6400
2015-11-30,17.83,17.83,17.37,17.37,4100
2015-12-01,16.28,16.56,16.28,16.44,2200
2015-12-02,16.51,16.51,16.23,16.23,15800
2015-12-03,16.23,16.3,16.21,16.3,6700
2015-12-04,16.23,16.28,16.12,16.21,5930
2015-12-07,17.02,17.02,17.02,17.02,100
2015-12-08,16.32,16.32,16.23,16.23,1500
2015-12-09,16.23,16.44,16.21,16.32,3200
2015-12-10,16.67,17.83,16.67,17.37,4400
2015-12-11,16.67,16.67,16.21,16.21,3530
2015-12-14,16.26,16.26,16.26,16.26,400
2015-12-15,16.67,16.9,16.67,16.9,5000
2015-12-16,16.9,16.9,16.79,16.79,3300
2015-12-17,16.79,16.9,16.79,16.9,3500
2015-12-18,16.79,16.9,16.79,16.79,3600
2015-12-21,16.79,16.81,16.72,16.72,2800
2015-12-22,17.34,17.34,17.11,17.11,1000
2015-12-23,17.34,17.34,17.25,17.25,4710
2015-12-24,17.25,17.25,17.25,17.25,2800
2015-12-25,17.25,17.25,17.23,17.23,4000
2015-12-28,17.23,17.23,17.23,17.23,1420
2015-12-29,16.67,16.67,16.67,16.67,400
2015-12-30,16.67,16.67,16.67,16.67,1200
2015-12-31,16.67,16.79,16.67,16.79,1700
2016-01-04,16.72,16.72,16.72,16.72,200
2016-01-05,16.72,16.72,16.67,16.72,4900
2016-01-06,16.72,16.72,16.72,16.72,100
2016-01-07,16.67,16.67,16.67,16.67,1400
2016-01-08,16.67,16.67,16.67,16.67,0
2016-01-11,16.67,16.67,16.67,16.67,0
2016-01-12,16.67,16.67,16.67,16.67,0
2016-01-13,14.63,17.13,14.36,14.47,10100
2016-01-14,14.54,14.54,14.54,14.54,1000
2016-01-15,14.63,14.63,14.59,14.59,3100
2016-01-18,14.59,14.59,13.66,13.66,4000
2016-01-19,13.89,14.59,13.66,14.59,4600
2016-01-20,14.82,15.05,14.82,15.05,3400
2016-01-21,15.05,15.05,15.05,15.05,0
2016-01-22,15.05,15.05,15.05,15.05,0
2016-01-25,15.03,15.05,15.03,15.05,500
2016-01-26,14.82,14.82,14.8,14.8,200
2016-01-27,14.8,14.8,14.8,14.8,0
2016-01-28,14.59,14.59,14.59,14.59,100
2016-01-29,15.05,15.05,15.05,15.05,100
2016-02-01,14.47,14.47,14.45,14.45,800
2016-02-02,14.47,14.47,14.45,14.45,500
2016-02-03,14.45,14.45,14.45,14.45,0
2016-02-04,14.38,14.4,14.38,14.38,600
2016-02-05,14.38,14.38,14.38,14.38,200
2016-02-15,14.38,14.38,14.38,14.38,0
2016-02-16,14.38,14.38,14.38,14.38,0
2016-02-17,14.61,14.73,14.61,14.73,500
2016-02-18,14.61,14.7,14.61,14.7,400
2016-02-19,14.66,14.66,14.66,14.66,3500
2016-02-22,14.66,16.42,14.66,16.42,1505
2016-02-23,16.42,16.42,16.42,16.42,0
2016-02-24,14.66,14.66,14.63,14.63,200
2016-02-25,14.63,14.63,14.63,14.63,0
2016-02-26,14.82,14.82,14.82,14.82,100
2016-02-29,14.68,14.68,14.68,14.68,300
2016-03-01,14.82,14.82,14.82,14.82,400
2016-03-02,14.82,14.82,14.82,14.82,0
2016-03-03,14.87,14.87,14.87,14.87,1000
2016-03-04,14.96,15.77,14.96,15.75,2500
2016-03-07,15.75,15.75,15.75,15.75,0
2016-03-08,15.75,15.75,15.75,15.75,0
2016-03-09,15.75,16.39,15.75,16.39,2300
2016-03-10,14.84,14.84,14.84,14.84,100
2016-03-11,15.95,15.98,15.95,15.98,2100
2016-03-14,15.98,15.98,15.98,15.98,0
2016-03-15,14.84,14.84,14.82,14.82,500
2016-03-16,14.82,14.82,14.82,14.82,0
2016-03-17,15.05,15.05,15.05,15.05,2000
2016-03-18,15.05,15.05,15.05,15.05,0
2016-03-21,15.07,15.07,15.07,15.07,200
2016-03-22,15.07,15.07,15.07,15.07,300
2016-03-23,15.26,15.26,15.1,15.1,600
2016-03-24,15.07,15.07,15.07,15.07,100
2016-03-25,15.07,15.07,15.07,15.07,0
2016-03-28,15.07,15.07,15.07,15.07,0
2016-03-29,15.28,15.51,15.28,15.28,5000
2016-03-30,15.51,15.51,15.35,15.35,5600
2016-03-31,15.35,15.35,15.35,15.35,1200
2016-04-01,15.75,15.75,15.75,15.75,100
2016-04-04,14.89,14.94,14.82,14.82,2700
2016-04-05,14.82,14.82,14.82,14.82,0
2016-04-06,16.19,16.19,16.19,16.19,110
2016-04-07,16.19,16.19,16.19,16.19,0
2016-04-08,16.19,16.19,16.19,16.19,0
2016-04-11,13.78,15.28,13.78,15.28,2310
2016-04-12,15.42,15.42,15.42,15.42,100
2016-04-13,15.51,15.51,15.51,15.51,2300
2016-04-14,15.51,15.51,15.51,15.51,0
2016-04-15,15.86,15.86,15.51,15.51,2500
2016-04-19,15.51,15.75,15.51,15.75,1802
2016-04-20,15.75,15.75,15.75,15.75,1500
2016-04-21,15.77,15.77,15.77,15.77,600
2016-04-22,15.77,15.77,15.77,15.77,0
2016-04-25,15.75,15.75,15.75,15.75,1550
2016-04-26,15.28,15.63,15.28,15.63,800
2016-04-27,15.75,15.98,15.75,15.98,1950
2016-04-28,15.98,15.98,15.98,15.98,0
2016-04-29,15.98,15.98,15.98,15.98,0
2016-05-04,15.98,15.98,15.75,15.75,9400
2016-05-05,15.75,15.75,15.75,15.75,2000
2016-05-06,15.75,15.86,15.75,15.86,1900
2016-05-09,15.75,15.75,15.75,15.75,5500
2016-05-10,15.75,15.75,15.75,15.75,0
2016-05-11,15.75,15.75,15.75,15.75,0
2016-05-12,15.75,15.75,15.75,15.75,200
2016-05-13,15.75,15.75,15.75,15.75,0
2016-05-16,16.32,16.32,16.21,16.32,1000
2016-05-17,15.98,15.98,15.98,15.98,2000
2016-05-18,15.98,15.98,15.98,15.98,3000
2016-05-19,15.98,15.98,15.98,15.98,0
2016-05-20,15.98,15.98,15.98,15.98,0
2016-05-23,15.98,15.98,15.98,15.98,0
2016-05-24,15.98,15.98,15.98,15.98,0
2016-05-25,15.98,15.98,15.98,15.98,100
2016-05-26,15.98,15.98,15.98,15.98,100
2016-05-27,15.4,15.4,15.4,15.4,1000
2016-05-30,15.51,15.51,15.51,15.51,100
2016-05-31,16.24,16.24,16.24,16.24,0
2016-06-01,16.24,16.24,16.24,16.24,0
2016-06-02,16.0,16.0,16.0,16.0,100
2016-06-03,16.0,16.0,16.0,16.0,100
2016-06-06,15.76,15.76,15.76,15.76,100
2016-06-07,15.76,15.76,15.76,15.76,0
2016-06-08,15.76,15.76,15.76,15.76,0
2016-06-09,15.76,15.76,15.76,15.76,0
2016-06-10,15.76,15.76,15.76,15.76,0
2016-06-13,15.03,15.03,15.03,15.03,400
2016-06-14,15.27,15.27,14.79,14.79,600
2016-06-15,14.79,14.79,14.54,14.54,1000
2016-06-16,14.59,14.59,14.59,14.59,300
2016-06-17,14.67,14.67,14.67,14.67,1000
2016-06-20,14.67,14.67,14.67,14.67,1000
2016-06-21,14.81,14.81,14.81,14.81,100
2016-06-22,14.86,14.86,14.86,14.86,100
2016-06-23,14.86,14.86,14.86,14.86,0
2016-06-24,14.86,14.86,14.86,14.86,300
2016-06-27,14.86,14.86,14.86,14.86,2800
2016-06-28,14.86,14.86,14.86,14.86,3000
2016-06-29,14.86,14.86,14.86,14.86,0
2016-06-30,15.27,15.27,15.27,15.27,600
2016-07-01,15.27,15.27,15.27,15.27,0
2016-07-04,15.27,15.27,15.27,15.27,600
2016-07-05,14.91,14.91,14.91,14.91,1000
2016-07-06,14.91,14.91,14.91,14.91,2500
2016-07-07,14.91,14.91,14.91,14.91,2000
2016-07-08,14.91,14.91,14.91,14.91,0
2016-07-11,14.91,14.91,14.91,14.91,0
2016-07-12,14.91,14.91,14.91,14.91,800
2016-07-13,14.91,14.91,14.91,14.91,0
2016-07-14,14.91,14.91,14.91,14.91,0
2016-07-15,14.91,14.91,14.91,14.91,0
2016-07-18,14.91,14.91,14.91,14.91,0
2016-07-19,14.91,14.91,14.91,14.91,0
2016-07-20,14.91,14.91,14.91,14.91,0
2016-07-21,14.91,14.91,14.91,14.91,0
2016-07-22,14.91,14.91,14.91,14.91,1800
2016-07-25,14.91,14.91,14.91,14.91,0
2016-07-26,14.91,14.91,14.91,14.91,0
2016-07-27,13.33,14.79,13.33,14.79,3400
2016-07-28,14.79,14.79,14.79,14.79,0
2016-07-29,14.79,14.79,14.79,14.79,1000
2016-08-01,14.79,14.79,14.79,14.79,0
2016-08-02,12.87,12.97,12.85,12.97,6300
2016-08-03,12.97,12.97,12.97,12.97,0
2016-08-04,12.97,12.97,12.97,12.97,0
2016-08-05,12.97,12.97,12.97,12.97,0
2016-08-08,14.62,14.62,14.62,14.62,100
2016-08-09,14.62,14.62,14.62,14.62,0
2016-08-10,14.52,14.52,14.52,14.52,100
2016-08-11,13.07,13.07,13.04,13.04,1000
2016-08-12,13.04,13.04,13.04,13.04,0
2016-08-15,14.54,14.54,14.54,14.54,200
2016-08-16,14.54,14.54,14.54,14.54,0
2016-08-17,15.03,15.03,15.03,15.03,500
2016-08-18,15.03,15.03,15.03,15.03,0
2016-08-19,15.03,15.03,15.03,15.03,0
2016-08-22,15.03,15.03,15.03,15.03,0
2016-08-23,15.03,15.03,15.03,15.03,0
2016-08-24,12.85,13.09,12.85,13.09,400
2016-08-25,13.09,13.09,13.09,13.09,0
2016-08-26,14.28,14.54,14.28,14.54,800
2016-08-29,14.54,14.54,14.54,14.54,0
2016-08-30,14.28,14.54,14.28,14.54,700
2016-08-31,14.54,14.54,13.36,13.36,300
2016-09-01,13.36,13.36,13.33,13.33,800
2016-09-05,13.33,13.33,13.33,13.33,0
2016-09-06,13.33,13.33,13.33,13.33,0
2016-09-07,13.72,13.72,13.72,13.72,300
2016-09-08,13.72,13.72,13.72,13.72,0
2016-09-09,13.72,13.72,13.72,13.72,0
2016-09-12,13.72,13.72,13.72,13.72,0
2016-09-13,13.72,13.72,13.72,13.72,0
2016-09-14,13.72,13.72,13.72,13.72,0
2016-09-15,14.28,14.28,14.28,14.28,600
2016-09-16,14.28,14.28,14.28,14.28,0
2016-09-19,14.28,14.28,14.28,14.28,0
2016-09-20,14.28,14.28,14.28,14.28,100
2016-09-21,14.21,14.23,14.21,14.23,1000
2016-09-22,14.54,15.49,14.52,15.49,2300
2016-09-23,15.49,15.49,15.49,15.49,0
2016-09-26,14.62,14.62,14.62,14.62,500
2016-09-27,14.62,14.62,14.62,14.62,0
2016-09-28,14.62,14.62,14.62,14.62,0
2016-09-29,14.62,14.62,14.62,14.62,0
2016-09-30,14.62,14.62,14.62,14.62,0
2016-10-03,14.62,14.62,14.62,14.62,0
2016-10-04,14.62,14.62,14.62,14.62,0
2016-10-05,14.62,14.62,14.62,14.62,0
2016-10-06,14.62,14.62,14.62,14.62,0
2016-10-07,14.62,14.62,14.62,14.62,0
2016-10-10,14.62,14.62,14.62,14.62,0
2016-10-11,14.62,14.62,14.62,14.62,0
2016-10-12,14.62,14.62,14.62,14.62,0
2016-10-13,14.62,14.62,14.62,14.62,0
2016-10-14,14.62,14.62,14.62,14.62,0
2016-10-17,13.82,13.82,13.58,13.58,200
2016-10-18,13.58,13.58,13.58,13.58,0
2016-10-19,13.58,13.58,13.58,13.58,0
2016-10-20,13.58,13.58,13.58,13.58,0
2016-10-21,13.58,13.58,13.58,13.58,0
2016-10-24,13.58,13.58,13.58,13.58,0
2016-10-25,13.7,13.7,13.7,13.7,500
2016-10-26,13.7,13.7,13.7,13.7,0
2016-10-27,13.7,13.7,13.7,13.7,0
2016-10-28,13.7,13.7,13.7,13.7,0
2016-10-31,13.7,13.7,13.7,13.7,0
2016-11-01,13.7,13.7,13.7,13.7,0
2016-11-02,13.7,13.7,13.7,13.7,200
2016-11-03,13.58,13.58,13.58,13.58,300
2016-11-04,13.7,13.7,13.7,13.7,400
2016-11-07,13.7,13.7,13.7,13.7,0
2016-11-08,13.58,13.58,13.58,13.58,200
2016-11-09,13.48,13.48,13.48,13.48,500
2016-11-10,13.48,13.48,13.48,13.48,0
2016-11-11,13.48,13.48,13.48,13.48,0
2016-11-14,13.48,13.48,13.48,13.48,0
2016-11-15,13.33,13.33,13.33,13.33,500
2016-11-16,13.33,13.33,13.33,13.33,0
2016-11-17,13.33,13.33,13.33,13.33,0
2016-11-18,14.54,14.54,14.54,14.54,100
2016-11-21,14.54,14.54,14.54,14.54,0
2016-11-22,14.54,14.54,14.54,14.54,0
2016-11-23,14.54,14.54,14.54,14.54,0
2016-11-24,14.54,14.54,14.54,14.54,0
2016-11-25,14.54,14.54,14.54,14.54,0
2016-11-28,14.54,14.54,14.54,14.54,0
2016-11-29,14.54,14.54,14.54,14.54,0
2016-11-30,14.54,14.54,14.54,14.54,0
2016-12-01,14.54,14.54,14.54,14.54,0
2016-12-02,14.54,14.54,14.54,14.54,0
2016-12-05,14.54,14.54,14.54,14.54,0
2016-12-06,14.54,14.54,14.54,14.54,0
2016-12-07,14.54,14.54,14.54,14.54,0
2016-12-08,14.54,14.54,14.54,14.54,0
2016-12-09,13.58,13.58,13.45,13.45,300
2016-12-12,13.45,13.45,13.45,13.45,0
2016-12-13,13.45,13.45,13.45,13.45,0
2016-12-14,14.25,14.25,14.25,14.25,100
2016-12-15,14.25,14.25,14.25,14.25,0
2016-12-16,14.52,14.52,14.52,14.52,100
2016-12-19,14.52,14.52,13.58,13.58,2000
2016-12-20,14.42,14.54,14.42,14.54,500
2016-12-21,14.47,14.47,13.36,13.36,200
2016-12-22,13.36,13.36,13.36,13.36,0
2016-12-23,13.36,13.36,13.36,13.36,0
2016-12-26,13.36,13.36,13.36,13.36,0
2016-12-27,13.36,13.36,13.36,13.36,0
2016-12-28,13.36,13.36,13.36,13.36,0
2016-12-29,13.36,13.36,13.36,13.36,0
2016-12-30,13.36,13.36,13.36,13.36,0
2017-01-03,13.36,13.36,13.36,13.36,0
2017-01-04,13.36,13.36,13.36,13.36,0
2017-01-05,13.36,13.36,13.36,13.36,0
2017-01-06,13.84,13.84,13.84,13.84,100
2017-01-09,13.84,13.84,13.84,13.84,0
2017-01-10,13.84,13.84,13.84,13.84,0
2017-01-11,13.33,13.33,13.33,13.33,1400
2017-01-12,13.33,13.33,13.33,13.33,0
2017-01-13,13.33,13.33,13.33,13.33,0
2017-01-16,13.33,14.06,13.33,14.06,1400
2017-01-17,13.09,13.58,13.09,13.58,2500
2017-01-18,13.24,13.26,13.24,13.26,1000
2017-01-19,13.26,13.26,13.26,13.26,0
2017-01-20,14.52,14.52,14.52,14.52,100
2017-01-23,14.52,14.52,14.52,14.52,0
2017-01-24,14.52,14.52,14.52,14.52,0
2017-01-25,14.5,14.5,14.5,14.5,1200
2017-02-02,15.03,15.03,15.03,15.03,100
2017-02-03,15.03,15.03,15.03,15.03,0
2017-02-06,15.03,15.03,15.03,15.03,0
2017-02-07,15.03,15.03,15.03,15.03,0
2017-02-08,15.03,15.03,15.03,15.03,0
2017-02-09,15.03,15.03,15.03,15.03,300
2017-02-10,15.03,15.03,15.03,15.03,0
2017-02-13,15.03,15.03,15.03,15.03,0
2017-02-14,15.03,15.03,15.03,15.03,0
2017-02-15,15.03,15.03,15.03,15.03,0
2017-02-16,15.03,15.03,15.03,15.03,0
2017-02-17,15.03,15.03,15.03,15.03,0
2017-02-20,15.03,15.03,15.03,15.03,0
2017-02-21,15.03,15.03,15.03,15.03,0
2017-02-22,15.03,15.03,15.03,15.03,0
2017-02-23,15.03,15.03,15.03,15.03,0
2017-02-24,15.03,15.03,15.03,15.03,0
2017-02-27,15.03,15.03,15.03,15.03,0
2017-02-28,15.03,15.03,15.03,15.03,0
2017-03-01,15.03,15.03,15.03,15.03,0
2017-03-02,15.03,15.03,15.03,15.03,0
2017-03-03,15.03,15.03,15.03,15.03,0
2017-03-06,15.03,15.03,15.03,15.03,0
2017-03-07,15.03,15.03,15.03,15.03,0
2017-03-08,15.03,15.03,15.03,15.03,0
2017-03-09,15.03,15.03,15.03,15.03,0
2017-03-10,14.06,14.06,14.06,14.06,100
2017-03-13,13.82,14.06,13.82,14.06,200
2017-03-14,13.82,13.82,13.82,13.82,300
2017-03-15,13.33,13.33,13.33,13.33,1100
2017-03-16,13.33,13.33,13.33,13.33,0
2017-03-17,13.82,14.06,13.82,14.06,1500
2017-03-20,13.94,13.94,13.94,13.94,802
2017-03-21,13.94,13.94,13.82,13.82,1400
2017-03-22,13.82,13.82,13.82,13.82,1000
2017-03-23,13.82,13.82,13.82,13.82,0
2017-03-24,13.82,13.82,13.82,13.82,0
2017-03-27,13.82,13.82,13.82,13.82,0
2017-03-28,13.82,13.82,13.82,13.82,0
2017-03-29,13.82,13.82,13.82,13.82,0
2017-03-30,13.82,13.82,13.82,13.82,0
2017-03-31,13.82,13.82,13.82,13.82,0
2017-04-03,13.82,13.82,13.82,13.82,0
2017-04-04,13.67,13.67,13.67,13.67,700
2017-04-05,13.67,13.67,13.67,13.67,0
2017-04-07,13.53,13.53,13.53,13.53,1000
2017-04-10,13.53,13.53,13.53,13.53,0
2017-04-11,15.03,15.03,14.54,14.54,5500
2017-04-12,14.54,15.03,14.54,15.03,2700
2017-04-13,14.67,14.67,14.67,14.67,0
2017-04-14,14.4,14.4,14.4,14.4,500
2017-04-17,14.3,14.3,14.3,14.3,700
2017-04-18,14.3,14.3,14.3,14.3,0
2017-04-19,14.3,14.3,14.3,14.3,0
2017-04-20,14.3,14.3,14.3,14.3,0
2017-04-21,14.3,14.3,14.3,14.3,50
2017-04-24,14.3,14.3,14.3,14.3,0
2017-04-25,14.3,14.3,14.3,14.3,0
2017-04-26,14.3,14.3,14.3,14.3,900
2017-04-27,14.3,14.3,14.3,14.3,0
2017-04-28,14.3,14.3,14.3,14.3,0
2017-05-03,14.3,14.3,14.3,14.3,0
2017-05-04,14.3,14.3,14.3,14.3,0
2017-05-05,14.3,14.3,14.3,14.3,0
2017-05-08,14.3,14.3,14.3,14.3,0
2017-05-09,14.3,14.3,14.3,14.3,0
2017-05-10,14.3,14.3,14.3,14.3,0
2017-05-11,14.3,14.3,14.3,14.3,700
2017-05-12,14.3,14.3,14.3,14.3,0
2017-05-15,14.3,14.3,14.3,14.3,10
2017-05-16,14.06,14.06,14.06,14.06,2024
2017-05-17,14.06,14.06,14.06,14.06,1
2017-05-18,14.06,14.06,14.06,14.06,15
2017-05-19,14.06,14.06,14.06,14.06,0
2017-05-22,14.06,14.06,14.06,14.06,0
2017-05-23,14.06,14.06,14.06,14.06,0
2017-05-24,14.06,14.06,14.06,14.06,1000
2017-05-25,14.3,14.3,14.3,14.3,1000
2017-05-26,14.3,14.3,14.3,14.3,0
2017-05-29,14.3,14.3,14.3,14.3,0
2017-05-30,14.3,14.3,14.3,14.3,0
2017-05-31,14.3,14.91,14.3,14.91,1100
2017-06-01,14.35,14.35,14.35,14.35,0
2017-06-02,14.35,14.35,14.35,14.35,0
2017-06-05,14.91,14.91,14.91,14.91,7
2017-06-06,14.91,14.91,14.91,14.91,3
2017-06-07,14.36,14.36,14.36,14.36,0
2017-06-08,13.58,13.58,13.58,13.58,1200
2017-06-09,13.58,13.58,13.58,13.58,0
2017-06-12,13.58,13.58,13.58,13.58,0
2017-06-13,13.58,13.58,13.58,13.58,0
2017-06-14,14.4,14.54,14.4,14.54,1400
2017-06-15,14.45,14.45,14.45,14.45,0
2017-06-16,14.45,14.45,14.45,14.45,0
2017-06-19,14.45,14.45,14.45,14.45,0
2017-06-20,14.45,14.45,14.45,14.45,0
2017-06-21,14.45,14.45,14.45,14.45,0
2017-06-22,14.45,14.45,14.45,14.45,0
2017-06-23,14.45,14.45,14.3,14.3,1100
2017-06-26,14.42,14.42,14.42,14.42,0
2017-06-27,14.42,14.42,14.42,14.42,500
2017-06-28,14.42,14.42,14.42,14.42,0
2017-06-29,14.42,14.42,14.42,14.42,0
2017-06-30,14.42,14.42,14.42,14.42,0
2017-07-03,14.42,14.54,14.42,14.54,300
2017-07-04,14.5,14.5,14.5,14.5,0
2017-07-05,14.5,14.5,14.5,14.5,0
2017-07-06,14.5,14.5,14.5,14.5,0
2017-07-07,14.5,14.5,14.5,14.5,0
2017-07-10,14.5,14.5,14.5,14.5,0
2017-07-11,15.06,15.06,14.93,14.93,800
2017-07-12,15.03,15.03,15.03,15.03,0
2017-07-13,15.03,15.03,15.03,15.03,0
2017-07-14,15.03,15.03,15.03,15.03,0
2017-07-17,15.03,15.03,15.03,15.03,0
2017-07-18,15.57,15.82,15.57,15.82,800
2017-07-19,15.72,15.72,15.72,15.72,0
2017-07-20,15.44,15.44,15.44,15.44,2037
2017-07-21,15.44,15.44,15.44,15.44,0
2017-07-24,15.44,15.44,15.44,15.44,0
2017-07-25,15.44,15.44,15.44,15.44,0
2017-07-26,15.44,15.44,15.44,15.44,0
2017-07-27,15.44,15.44,15.44,15.44,0
2017-07-28,15.44,15.44,15.44,15.44,0
2017-07-31,15.44,15.44,15.44,15.44,0
2017-08-01,14.29,14.29,14.29,14.29,100
2017-08-02,14.29,14.29,14.29,14.29,0
2017-08-03,14.29,14.29,14.29,14.29,100
2017-08-04,14.29,14.29,14.29,14.29,0
2017-08-07,14.29,14.29,14.29,14.29,0
2017-08-08,14.29,14.29,14.29,14.29,0
2017-08-09,14.29,14.29,14.29,14.29,0
2017-08-10,15.31,15.31,15.31,15.31,400
2017-08-11,15.44,15.57,15.44,15.57,2100
2017-08-14,15.57,15.57,15.57,15.57,0
2017-08-15,15.57,15.57,15.57,15.57,0
2017-08-16,15.44,15.57,15.44,15.57,2600
2017-08-17,15.57,15.57,15.57,15.57,0
2017-08-18,15.57,15.57,15.57,15.57,0
2017-08-21,15.57,15.57,15.57,15.57,0
2017-08-22,15.57,15.57,15.57,15.57,0
2017-08-23,15.57,15.57,15.57,15.57,2000
2017-08-24,15.57,15.57,15.57,15.57,0
2017-08-25,15.57,15.57,15.57,15.57,0
2017-08-28,15.57,15.57,15.57,15.57,0
2017-08-29,15.57,15.57,15.57,15.57,2000
2017-08-30,15.57,15.57,15.57,15.57,2000
2017-08-31,15.57,15.57,14.04,14.04,5700
2017-09-01,14.68,14.68,14.68,14.68,0
2017-09-05,14.68,14.68,14.68,14.68,0
2017-09-06,15.29,15.29,15.29,15.29,1500
2017-09-07,14.68,14.68,14.68,14.68,0
2017-09-08,15.57,15.57,15.54,15.57,6700
2017-09-11,15.57,15.57,15.57,15.57,0
2017-09-12,15.57,15.57,15.57,15.57,0
2017-09-13,15.57,15.57,15.57,15.57,1200
2017-09-14,15.57,15.57,15.57,15.57,0
2017-09-15,15.57,15.57,15.57,15.57,0
2017-09-18,15.57,15.57,15.57,15.57,0
2017-09-19,15.57,15.57,15.57,15.57,6500
2017-09-20,14.57,14.8,14.55,14.55,3100
2017-09-21,14.57,14.57,14.57,14.57,0
2017-09-22,14.57,14.57,14.57,14.57,0
2017-09-25,15.03,15.21,15.03,15.21,3500
2017-09-26,14.88,14.88,14.88,14.88,100
2017-09-27,14.85,14.85,14.83,14.83,277
2017-09-28,14.88,14.88,14.8,14.8,800
2017-09-29,14.83,14.83,14.83,14.83,0
2017-10-02,14.83,14.83,14.83,14.83,0
2017-10-03,14.83,14.83,14.83,14.83,0
2017-10-04,14.83,14.83,14.83,14.83,0
2017-10-05,14.83,14.83,14.83,14.83,0
2017-10-06,14.83,14.83,14.83,14.83,0
2017-10-09,15.24,15.26,15.24,15.26,800
2017-10-10,15.57,15.57,14.7,14.7,3300
2017-10-11,15.54,15.54,15.54,15.54,0
2017-10-12,15.54,15.54,15.54,15.54,0
2017-10-13,15.54,15.54,15.54,15.54,0
2017-10-16,15.54,15.54,15.54,15.54,0
2017-10-17,15.54,15.54,15.54,15.54,0
2017-10-18,15.54,15.54,15.54,15.54,0
2017-10-19,15.54,15.54,15.54,15.54,0
2017-10-20,15.54,15.54,15.54,15.54,0
2017-10-23,15.54,15.54,15.54,15.54,0
2017-10-24,15.54,15.54,15.54,15.54,0
2017-10-25,15.54,15.54,15.54,15.54,0
2017-10-26,15.54,15.54,15.54,15.54,0
2017-10-27,15.54,15.54,15.54,15.54,0
2017-10-30,15.54,15.54,15.54,15.54,0
2017-10-31,15.54,15.54,15.54,15.54,0
2017-11-01,15.54,15.54,15.54,15.54,0
2017-11-02,15.54,15.54,15.54,15.54,0
2017-11-03,15.54,15.54,15.54,15.54,0
2017-11-06,15.54,15.54,15.54,15.54,0
2017-11-07,15.54,15.54,15.54,15.54,0
2017-11-08,15.54,15.54,15.54,15.54,0
2017-11-09,15.54,15.54,15.54,15.54,0
2017-11-10,15.54,15.54,15.54,15.54,0
2017-11-13,15.54,15.54,15.54,15.54,0
2017-11-14,15.54,15.54,15.54,15.54,0
2017-11-15,15.54,15.54,15.54,15.54,0
2017-11-16,15.54,15.54,15.54,15.54,0
2017-11-17,15.54,15.54,15.54,15.54,0
2017-11-20,15.54,15.54,15.54,15.54,0
2017-11-21,15.54,15.54,15.54,15.54,0
2017-11-22,15.54,15.54,15.54,15.54,0
2017-11-23,15.54,15.54,15.54,15.54,0
2017-11-24,15.54,15.54,15.54,15.54,0
2017-11-27,15.54,15.54,15.54,15.54,0
2017-11-28,15.54,15.54,15.54,15.54,0
2017-11-29,15.54,15.54,15.54,15.54,0
2017-11-30,21.75,21.75,17.87,17.87,900
2017-12-01,19.6,19.6,19.6,19.6,0
2017-12-04,19.6,19.6,19.6,19.6,0
2017-12-05,19.6,19.6,19.6,19.6,0
2017-12-06,19.6,19.6,19.6,19.6,0
2017-12-07,19.6,19.6,19.6,19.6,0
2017-12-08,19.6,19.6,19.6,19.6,0
2017-12-11,16.67,16.67,16.67,16.67,500
2017-12-12,16.67,16.67,16.67,16.67,0
2017-12-13,16.67,16.67,16.67,16.67,0
2017-12-14,16.67,16.67,16.67,16.67,0
2017-12-15,16.67,16.67,16.67,16.67,0
2017-12-18,16.67,16.67,16.67,16.67,0
2017-12-19,16.67,16.67,16.67,16.67,0
2017-12-20,16.67,16.67,16.67,16.67,0
2017-12-21,16.67,16.67,16.67,16.67,0
2017-12-22,15.19,15.19,15.06,15.06,2000
2017-12-25,14.8,14.8,14.8,14.8,100
2017-12-26,14.8,14.8,14.8,14.8,200
2017-12-27,14.8,14.8,14.8,14.8,0
2017-12-28,14.8,14.8,14.8,14.8,200
2017-12-29,14.8,14.8,14.8,14.8,0
2018-01-02,14.8,14.8,14.8,14.8,0
2018-01-03,14.8,14.8,14.8,14.8,0
2018-01-04,14.8,14.8,14.8,14.8,0
2018-01-05,14.8,14.8,14.8,14.8,0
2018-01-08,14.8,14.8,14.8,14.8,200
2018-01-09,14.8,14.8,14.8,14.8,0
2018-01-10,14.8,14.8,14.8,14.8,0
2018-01-11,14.8,14.8,14.8,14.8,0
2018-01-12,14.8,14.8,14.8,14.8,0
2018-01-15,14.8,14.8,14.8,14.8,0
2018-01-16,14.8,14.8,14.8,14.8,0
2018-01-17,14.8,14.8,14.8,14.8,0
2018-01-18,14.8,14.8,14.8,14.8,0
2018-01-19,14.8,14.8,14.8,14.8,0
2018-01-22,14.8,14.8,14.8,14.8,0
2018-01-23,14.8,14.8,14.8,14.8,0
2018-01-24,14.8,14.8,14.8,14.8,0
2018-01-25,14.8,14.8,14.8,14.8,0
2018-01-26,14.8,14.8,14.8,14.8,0
2018-01-29,14.8,14.8,14.8,14.8,0
2018-01-30,14.8,14.8,14.8,14.8,1500
2018-01-31,14.8,14.8,14.8,14.8,0
2018-02-01,14.8,14.8,14.8,14.8,0
2018-02-02,15.06,15.06,15.06,15.06,500
2018-02-05,15.06,15.06,15.06,15.06,0
2018-02-06,15.06,15.06,15.06,15.06,0
2018-02-07,15.06,15.06,15.06,15.06,0
2018-02-08,15.06,15.06,15.06,15.06,0
2018-02-09,15.06,15.06,15.06,15.06,0
2018-02-12,15.06,15.06,15.06,15.06,0
2018-02-13,15.06,15.06,15.06,15.06,0
2018-02-21,15.06,15.06,15.06,15.06,0
2018-02-22,15.06,15.06,15.06,15.06,0
2018-02-23,15.06,15.06,15.06,15.06,0
2018-02-26,15.06,15.06,15.06,15.06,0
2018-02-27,15.06,15.06,15.06,15.06,0
2018-02-28,15.06,15.06,15.06,15.06,0
2018-03-01,15.06,15.06,15.06,15.06,0
2018-03-02,15.06,15.06,15.06,15.06,0
2018-03-05,15.06,15.06,15.06,15.06,2
2018-03-06,15.06,15.06,15.06,15.06,0
2018-03-07,15.06,15.06,15.06,15.06,0
2018-03-08,15.06,15.06,15.06,15.06,0
2018-03-09,15.06,15.06,15.06,15.06,0
2018-03-12,15.06,15.06,15.06,15.06,0
2018-03-13,15.06,15.06,15.06,15.06,0
2018-03-14,15.06,15.06,15.06,15.06,0
2018-03-15,15.06,15.06,15.06,15.06,0
2018-03-16,15.06,15.06,15.06,15.06,0
2018-03-19,15.06,15.06,15.06,15.06,0
2018-03-20,15.06,15.06,15.06,15.06,0
2018-03-21,15.06,15.06,15.06,15.06,0
2018-03-22,15.06,15.06,15.06,15.06,0
2018-03-23,15.06,15.06,15.06,15.06,0
2018-03-26,15.06,15.06,15.06,15.06,0
2018-03-27,15.06,15.06,15.06,15.06,0
2018-03-28,15.06,15.06,15.06,15.06,0
2018-03-29,15.06,15.06,15.06,15.06,1400
2018-03-30,15.06,15.06,15.06,15.06,0
2018-04-02,15.06,15.06,15.06,15.06,0
2018-04-03,15.06,15.06,15.06,15.06,77
2018-04-04,15.06,15.06,15.06,15.06,0
2018-04-05,15.06,15.06,15.06,15.06,0
2018-04-06,15.06,15.06,15.06,15.06,0
2018-04-09,15.06,15.06,15.06,15.06,0
2018-04-10,15.06,15.06,15.06,15.06,4
2018-04-11,15.06,15.06,15.06,15.06,0
2018-04-12,14.8,14.8,14.29,14.29,10500
2018-04-13,14.5,14.5,14.5,14.5,0
2018-04-16,14.5,14.5,14.5,14.5,0
2018-04-17,14.5,14.5,14.5,14.5,0
2018-04-18,14.5,14.5,14.5,14.5,0
2018-04-19,14.5,14.5,14.5,14.5,0
2018-04-20,12.76,12.76,12.76,12.76,300
2018-04-23,14.04,14.04,14.04,14.04,5000
2018-04-24,13.55,13.55,13.53,13.53,1500
2018-04-26,13.53,13.53,13.53,13.53,0
2018-04-27,12.76,15.54,12.76,15.54,1500
2018-05-02,15.36,15.36,15.36,15.36,0
2018-05-03,13.78,13.78,13.53,13.78,5900
2018-05-04,13.73,13.73,13.73,13.73,0
2018-05-07,14.29,14.55,14.29,14.55,5600
2018-05-08,14.45,14.45,14.45,14.55,4
2018-05-09,13.53,13.53,13.53,13.53,2300
2018-05-10,13.53,13.53,13.53,13.53,0
2018-05-11,13.53,13.53,13.53,13.53,0
2018-05-14,13.53,13.53,13.53,13.53,1300
2018-05-15,13.53,13.53,13.53,13.53,0
2018-05-16,13.53,13.53,13.53,13.53,0
2018-05-17,13.53,13.53,13.53,13.53,0
2018-05-18,13.53,13.53,13.53,13.53,0
2018-05-21,13.53,13.53,13.53,13.53,0
2018-05-22,13.53,13.53,13.53,13.53,0
2018-05-23,13.53,13.53,13.53,13.53,0
2018-05-24,13.53,13.53,13.53,13.53,0
2018-05-25,13.53,13.53,13.53,13.53,0
2018-05-28,13.53,13.53,13.53,13.53,0
2018-05-29,15.54,15.54,15.54,15.54,100
2018-05-30,15.54,15.54,15.54,15.54,0
2018-05-31,15.54,15.54,15.54,15.54,0
2018-06-01,15.54,15.54,15.54,15.54,0
2018-06-04,17.87,17.87,17.87,17.87,100
2018-06-05,17.87,17.87,17.87,17.87,0
2018-06-06,17.87,17.87,17.87,17.87,0
2018-06-07,17.87,17.87,17.87,17.87,0
2018-06-08,17.87,17.87,17.87,17.87,0
2018-06-11,17.87,17.87,17.87,17.87,0
2018-06-12,17.87,17.87,17.87,17.87,0
2018-06-13,17.87,17.87,17.87,17.87,0
2018-06-14,15.19,15.31,15.19,15.31,4100
2018-06-15,15.31,15.31,15.31,15.31,0
2018-06-18,15.31,15.31,15.31,15.31,0
2018-06-19,15.31,15.31,15.31,15.31,0
2018-06-20,17.59,17.59,17.59,17.59,100
2018-06-21,17.59,17.59,17.59,17.59,0
2018-06-22,17.59,17.59,17.59,17.59,0
2018-06-25,17.59,17.59,17.59,17.59,0
2018-06-26,17.59,17.59,17.59,17.59,0
2018-06-27,17.59,17.59,17.59,17.59,0
2018-06-28,17.58,17.58,17.58,17.58,0
2018-06-29,17.58,17.58,17.58,17.58,0
2018-07-02,17.58,17.58,17.58,17.58,0
2018-07-03,20.2,20.2,20.2,20.2,100
2018-07-04,20.2,20.2,20.2,20.2,0
2018-07-05,20.2,20.2,20.2,20.2,0
2018-07-06,20.2,20.2,20.2,20.2,0
2018-07-09,20.2,20.2,20.2,20.2,0
2018-07-10,20.2,20.2,20.2,20.2,0
2018-07-11,20.2,20.2,20.2,20.2,0
2018-07-12,20.2,20.2,20.2,20.2,0
2018-07-13,20.2,20.2,20.2,20.2,0
2018-07-16,20.2,20.2,20.2,20.2,0
2018-07-17,20.2,20.2,20.2,20.2,0
2018-07-18,20.2,20.2,20.2,20.2,0
2018-07-19,20.2,20.2,20.2,20.2,0
2018-07-20,20.2,20.2,20.2,20.2,0
2018-07-23,17.18,17.18,17.18,0.0,100
2018-07-24,17.18,17.18,17.18,17.18,0
2018-07-25,17.18,17.18,17.18,17.18,0
2018-07-26,17.18,17.18,17.18,17.18,0
2018-07-27,17.18,17.18,17.18,17.18,0
2018-07-30,17.18,17.18,17.18,17.18,0
2018-07-31,17.18,17.18,17.18,17.18,0
2018-08-01,17.18,17.18,17.18,17.18,20
2018-08-02,17.18,17.18,17.18,17.18,0
2018-08-03,17.18,17.18,17.18,17.18,0
2018-08-06,17.34,17.34,17.34,17.34,100
2018-08-07,17.34,17.34,17.34,17.34,0
2018-08-08,17.34,17.34,17.34,17.34,0
2018-08-09,17.34,17.34,17.34,17.34,0
2018-08-10,17.34,17.34,17.34,17.34,0
2018-08-13,14.76,14.76,14.76,14.76,100
2018-08-14,16.94,16.94,16.94,16.94,100
2018-08-15,16.94,16.94,16.94,16.94,0
2018-08-16,16.94,16.94,16.94,16.94,0
2018-08-17,16.94,16.94,16.94,16.94,0
2018-08-20,16.94,16.94,16.94,16.94,0
2018-08-21,16.94,16.94,16.94,16.94,0
2018-08-22,16.94,16.94,16.94,16.94,0
2018-08-23,16.94,16.94,16.94,16.94,0
2018-08-24,16.94,16.94,16.94,16.94,0
2018-08-27,16.94,16.94,16.94,16.94,0
2018-08-28,16.94,16.94,16.94,16.94,0
2018-08-29,16.81,16.81,16.81,16.81,300
2018-08-30,16.81,16.81,16.81,16.81,0
2018-08-31,16.52,16.52,16.52,16.52,100
2018-09-04,16.52,16.52,16.52,16.52,0
2018-09-05,16.52,16.52,16.52,16.52,0
2018-09-06,16.36,16.36,16.36,16.36,100
2018-09-07,16.01,16.01,15.74,15.74,200
2018-09-10,15.88,15.88,15.88,15.88,0
2018-09-11,15.88,15.88,15.88,15.88,0
2018-09-12,15.88,15.88,15.88,15.88,0
2018-09-13,15.69,15.69,15.69,15.69,200
2018-09-14,15.69,15.69,15.69,15.69,0
2018-09-17,14.14,14.94,14.14,14.94,300
2018-09-18,14.41,14.41,14.41,14.41,100
2018-09-19,14.41,14.41,14.41,14.41,0
2018-09-20,13.34,13.34,13.34,13.34,100
2018-09-21,13.34,13.34,13.34,13.34,0
2018-09-24,13.34,13.34,13.34,13.34,500
2018-09-25,13.34,13.34,13.34,13.34,500
2018-09-26,15.34,15.34,15.34,15.34,100
2018-09-27,13.05,13.05,13.05,13.05,700
2018-09-28,12.94,12.94,12.94,12.94,100
2018-10-01,12.94,12.94,12.94,12.94,0
2018-10-02,12.94,12.94,12.94,12.94,0
2018-10-03,12.94,12.94,12.94,12.94,0
2018-10-04,12.94,12.94,12.94,12.94,0
2018-10-05,12.94,12.94,12.94,12.94,0
2018-10-08,12.94,12.94,12.94,12.94,0
2018-10-09,12.59,12.59,12.59,12.59,100
2018-10-10,12.59,12.59,12.59,12.59,0
2018-10-11,13.07,13.07,13.07,13.07,200
2018-10-12,13.07,13.07,13.07,13.07,0
2018-10-15,13.07,13.07,13.07,13.07,0
2018-10-16,13.07,13.07,13.07,13.07,0
2018-10-17,13.07,13.07,13.07,13.07,0
2018-10-18,15.0,15.0,15.0,15.0,100
2018-10-19,17.24,17.24,17.24,17.24,100
2018-10-22,17.24,17.24,17.24,17.24,0
2018-10-23,17.24,17.24,17.24,17.24,0
2018-10-24,14.68,14.68,14.68,14.68,100
2018-10-25,16.86,16.86,14.68,14.68,200
2018-10-26,13.42,13.42,13.42,13.42,100
2018-10-29,15.4,15.4,15.4,15.4,100
2018-10-30,15.4,15.4,15.4,15.4,0
2018-10-31,15.4,15.4,15.4,15.4,0
2018-11-01,17.69,17.69,17.69,17.69,100
2018-11-02,17.69,17.69,17.69,17.69,0
2018-11-05,17.69,17.69,17.69,17.69,0
2018-11-06,17.69,17.69,17.69,17.69,0
2018-11-07,17.69,17.69,17.69,17.69,0
2018-11-08,17.69,17.69,17.69,17.69,0
2018-11-09,17.69,17.69,17.69,17.69,0
2018-11-12,17.69,17.69,17.69,17.69,0
2018-11-13,17.69,17.69,17.69,17.69,0
2018-11-14,17.69,17.69,17.69,17.69,0
2018-11-15,17.69,17.69,17.69,17.69,0
2018-11-16,17.69,17.69,17.69,17.69,0
2018-11-19,17.69,17.69,17.69,17.69,0
2018-11-20,17.69,17.69,17.69,17.69,0
2018-11-21,17.69,17.69,17.69,17.69,0
2018-11-22,15.05,15.05,15.05,15.05,100
2018-11-23,17.29,17.29,17.29,17.29,100
2018-11-26,17.29,17.29,17.29,17.29,0
2018-11-27,17.29,17.29,17.29,17.29,0
2018-11-28,14.76,14.76,14.76,14.76,100
2018-11-29,16.94,16.94,16.94,16.94,100
2018-11-30,16.94,16.94,16.94,16.94,0
2018-12-03,14.41,14.41,14.41,14.41,100
2018-12-04,16.57,16.57,16.57,16.57,100
2018-12-05,15.72,15.72,14.78,14.78,200
2018-12-06,15.16,15.16,15.16,15.16,100
2018-12-07,15.16,15.16,15.16,15.16,0
2018-12-10,15.16,15.16,15.16,15.16,0
2018-12-11,15.16,15.16,15.16,15.16,0
2018-12-12,15.16,15.16,15.16,15.16,0
2018-12-13,15.16,15.16,15.16,15.16,0
2018-12-14,16.22,16.22,16.22,16.22,100
2018-12-17,16.22,16.22,16.22,16.22,0
2018-12-18,13.8,13.8,13.8,13.8,100
2018-12-19,13.8,13.8,13.8,13.8,0
2018-12-20,15.85,15.85,13.34,13.34,700
2018-12-21,16.62,16.62,13.88,13.88,200
2018-12-24,13.88,13.88,13.88,13.88,2400
2018-12-25,13.88,13.88,13.88,13.88,0
2018-12-26,13.88,13.88,13.88,13.88,0
2018-12-27,13.88,13.88,13.88,13.88,0
2018-12-28,13.88,13.88,13.88,13.88,0
2019-01-02,13.88,13.88,13.88,13.88,0
2019-01-03,13.88,13.88,13.88,13.88,0
2019-01-04,13.88,13.88,13.88,13.88,0
2019-01-07,13.34,13.34,13.34,13.34,100
2019-01-08,13.34,13.34,13.34,13.34,0
2019-01-09,13.34,13.34,13.34,13.34,0
2019-01-10,13.34,13.34,13.34,13.34,0
2019-01-11,13.34,13.34,13.34,13.34,0
2019-01-14,13.34,13.34,13.34,13.34,0
2019-01-15,15.34,15.34,15.34,15.34,100
2019-01-16,15.34,15.34,15.34,15.34,0
2019-01-17,15.34,15.34,15.34,15.34,0
2019-01-18,13.34,13.34,13.07,13.07,400
2019-01-21,13.15,13.21,13.15,13.21,400
2019-01-22,13.21,13.21,13.21,13.21,300
2019-01-23,13.07,13.07,13.07,13.07,700
2019-01-24,13.07,13.07,13.07,13.07,0
2019-01-25,15.02,15.02,15.02,15.02,100
2019-01-28,15.02,15.02,15.02,15.02,0
2019-01-29,17.26,17.26,17.26,17.26,100
2019-01-30,17.26,17.26,17.26,17.26,0
2019-01-31,17.26,17.26,17.26,17.26,0
2019-02-01,17.26,17.26,17.26,17.26,0
2019-02-11,17.26,17.26,17.26,17.26,0
2019-02-12,17.26,17.26,17.26,17.26,0
2019-02-13,17.26,17.26,17.26,17.26,0
2019-02-14,14.68,14.68,14.68,14.68,100
2019-02-15,16.86,16.86,16.86,16.86,100
2019-02-18,16.86,16.86,16.86,16.86,0
2019-02-19,16.86,16.86,16.86,16.86,0
2019-02-20,14.38,14.38,14.38,14.38,500
2019-02-21,16.52,16.52,16.52,16.52,100
2019-02-22,14.06,14.06,14.06,14.06,100
2019-02-25,12.81,12.81,12.65,12.65,600
2019-02-26,12.65,13.88,12.65,13.88,2300
2019-02-27,12.65,12.65,12.65,12.65,1000
2019-02-28,12.65,12.65,12.65,12.65,0
2019-03-01,12.65,12.65,12.65,12.65,0
2019-03-04,11.47,11.47,11.47,11.47,290
2019-03-05,11.47,11.47,11.47,11.47,2400
2019-03-06,11.47,11.47,11.47,11.47,2600
2019-03-07,11.47,11.47,11.47,11.47,2400
2019-03-08,13.18,13.18,13.18,13.18,100
2019-03-11,15.16,15.16,15.16,15.16,100
2019-03-12,15.16,15.16,15.16,15.16,0
2019-03-13,15.16,15.16,15.16,15.16,0
2019-03-14,15.16,15.16,15.16,15.16,0
2019-03-15,15.16,15.16,15.16,15.16,0
2019-03-18,15.16,15.16,15.16,15.16,0
2019-03-19,15.16,15.16,15.16,15.16,0
2019-03-20,15.16,15.16,15.16,15.16,0
2019-03-21,15.16,15.16,15.16,15.16,0
2019-03-22,15.16,15.16,15.16,15.16,4
2019-03-25,15.16,15.16,15.16,15.16,4
2019-03-26,12.94,12.94,12.94,12.94,100
2019-03-27,14.86,14.86,14.86,14.86,100
2019-03-28,14.86,14.86,14.86,14.86,4
2019-03-29,14.86,14.86,14.86,14.86,0
2019-04-01,14.86,14.86,14.86,14.86,0
2019-04-02,14.86,14.86,14.86,14.86,0
2019-04-03,14.86,14.86,14.86,14.86,0
2019-04-04,14.86,14.86,14.86,14.86,0
2019-04-05,14.86,14.86,14.86,14.86,50
2019-04-08,13.48,13.48,13.48,13.48,500
2019-04-09,13.48,13.48,13.48,13.48,500
2019-04-10,15.48,15.48,15.48,15.48,100
2019-04-11,13.61,13.61,13.61,13.61,3000
2019-04-12,13.61,13.61,13.61,13.61,3200
2019-04-16,15.64,15.64,15.64,15.64,100
2019-04-17,15.64,15.64,15.64,15.64,0
2019-04-18,15.64,15.64,15.64,15.64,0
2019-04-19,15.64,15.64,15.64,15.64,0
2019-04-22,15.64,15.64,15.64,15.64,0
2019-04-23,15.64,15.64,15.64,15.64,0
2019-04-24,15.64,15.64,15.64,15.64,0
2019-04-25,15.64,15.64,15.64,15.64,0
2019-04-26,15.64,15.64,15.64,15.64,0
2019-05-02,15.64,15.64,15.64,15.64,0
2019-05-03,15.64,15.64,15.64,15.64,0
2019-05-06,15.64,15.64,15.64,15.64,0
2019-05-07,15.64,15.64,15.64,15.64,0
2019-05-08,15.64,15.64,15.64,15.64,0
2019-05-09,15.64,15.64,15.64,15.64,0
2019-05-10,15.64,15.64,15.64,15.64,0
2019-05-13,15.64,15.64,15.64,15.64,0
2019-05-14,15.64,15.64,15.64,15.64,0
2019-05-15,15.64,15.64,15.64,15.64,0
2019-05-16,15.64,15.64,15.64,15.64,0
2019-05-17,15.64,15.64,15.64,15.64,0
2019-05-20,15.64,15.64,15.64,15.64,0
2019-05-21,15.64,15.64,15.64,15.64,0
2019-05-22,15.64,15.64,15.64,15.64,0
2019-05-23,15.64,15.64,15.64,15.64,0
2019-05-24,15.64,15.64,15.64,15.64,0
2019-05-27,15.64,15.64,15.64,15.64,0
2019-05-28,15.64,15.64,15.64,15.64,0
2019-05-29,15.64,15.64,15.64,15.64,0
2019-05-30,15.64,15.64,15.64,15.64,0
2019-05-31,15.64,15.64,15.64,15.64,0
2019-06-03,15.64,15.64,15.64,15.64,0
2019-06-04,15.64,15.64,15.64,15.64,0
2019-06-05,13.34,13.34,13.34,13.34,2400
2019-06-06,13.34,13.34,13.34,13.34,1436
2019-06-07,15.34,15.34,15.34,15.34,100
2019-06-10,15.34,15.34,15.34,15.34,0
2019-06-11,15.34,15.34,15.34,15.34,0
2019-06-12,15.34,15.34,15.34,15.34,0
2019-06-13,15.34,15.34,15.34,15.34,0
2019-06-14,13.05,13.05,13.05,13.05,100
2019-06-17,15.0,15.0,11.13,11.13,200
2019-06-18,13.07,11.13,11.13,11.13,0
2019-06-19,15.02,15.02,15.02,15.02,100
2019-06-20,15.02,15.02,15.02,15.02,0
2019-06-21,13.13,13.13,13.13,13.13,100
2019-06-24,14.28,14.68,14.28,14.68,200
2019-06-25,16.0,16.0,16.0,16.0,100
2019-06-26,13.9,13.9,13.9,13.9,700
2019-06-27,11.93,11.93,11.93,11.93,83000
2019-06-28,11.93,11.93,11.93,11.93,4600
2019-07-01,13.69,13.69,13.69,13.69,100
2019-07-02,13.69,13.69,13.69,13.69,0
2019-07-03,13.69,13.69,13.69,13.69,0
2019-07-04,13.69,13.69,13.69,13.69,0
2019-07-05,13.69,13.69,13.69,13.69,0
2019-07-08,13.69,13.69,13.69,13.69,0
2019-07-09,13.69,13.69,13.69,13.69,0
2019-07-10,13.69,13.69,13.69,13.69,0
2019-07-11,13.69,13.69,13.69,13.69,0
2019-07-12,13.69,13.69,13.69,13.69,0
2019-07-15,15.22,15.22,15.22,15.22,100
2019-07-16,12.95,12.95,12.95,12.95,100
2019-07-17,14.58,14.58,12.95,12.95,200
2019-07-18,13.76,12.95,12.95,12.95,0
2019-07-19,13.76,12.95,12.95,12.95,0
2019-07-22,13.76,12.95,12.95,12.95,0
2019-07-23,13.76,12.95,12.95,12.95,0
2019-07-24,13.76,12.95,12.95,12.95,0
2019-07-25,12.88,12.88,12.71,12.71,400
2019-07-26,12.75,12.71,12.71,12.71,0
2019-07-29,12.75,12.71,12.71,12.71,0
2019-07-30,12.75,12.71,12.71,12.71,0
2019-07-31,12.75,12.71,12.71,12.71,0
2019-08-01,12.75,12.71,12.71,12.71,0
2019-08-02,12.75,12.71,12.71,12.71,0
2019-08-05,12.75,12.71,12.71,12.71,0
2019-08-06,12.75,12.71,12.71,12.71,0
2019-08-07,12.75,12.71,12.71,12.71,0
2019-08-08,12.75,12.71,12.71,12.71,0
2019-08-09,12.75,12.71,12.71,12.71,0
2019-08-12,12.75,12.71,12.71,12.71,0
2019-08-13,12.75,12.71,12.71,12.71,0
2019-08-14,12.75,12.71,12.71,12.71,0
2019-08-15,10.91,12.2,10.91,12.2,1800
2019-08-16,12.13,12.2,12.2,12.2,0
2019-08-19,12.13,12.2,12.2,12.2,0
2019-08-20,12.13,12.2,12.2,12.2,0
2019-08-21,12.13,12.2,12.2,12.2,0
2019-08-22,12.13,12.2,12.2,12.2,0
2019-08-23,12.13,12.2,12.2,12.2,0
2019-08-26,12.13,12.2,12.2,12.2,0
2019-08-27,12.13,12.13,11.86,11.86,1500
2019-08-28,11.9,11.86,11.86,11.86,0
2019-08-29,11.9,11.86,11.86,11.86,0
2019-08-30,11.9,11.86,11.86,11.86,0
2019-09-03,11.9,11.86,11.86,11.86,0
2019-09-04,11.9,11.86,11.86,11.86,0
2019-09-05,11.9,11.86,11.86,11.86,0
2019-09-06,11.9,11.86,11.86,11.86,0
2019-09-09,11.86,11.86,11.86,11.86,4200
2019-09-10,11.86,11.86,11.86,11.86,0
2019-09-11,11.86,11.86,11.86,11.86,0
2019-09-12,11.86,11.86,11.86,11.86,0
2019-09-13,11.86,11.86,11.86,11.86,0
2019-09-16,11.86,11.86,11.86,11.86,0
2019-09-17,11.86,11.86,11.86,11.86,0
2019-09-18,11.86,11.86,11.86,11.86,0
2019-09-19,11.86,11.86,11.86,11.86,0
2019-09-20,11.86,11.86,11.86,11.86,0
2019-09-23,11.86,11.86,11.86,11.86,0
2019-09-24,11.86,11.86,11.86,11.86,0
2019-09-25,11.86,11.86,11.86,11.86,0
2019-09-26,11.86,11.86,11.86,11.86,0
2019-09-27,11.86,11.86,11.86,11.86,0
2019-09-30,11.86,11.86,11.86,11.86,0
2019-10-01,11.86,11.86,11.86,11.86,0
2019-10-02,11.86,11.86,11.86,11.86,0
2019-10-03,11.86,11.86,11.86,11.86,0
2019-10-04,11.86,11.86,11.86,11.86,0
2019-10-07,11.86,11.86,11.86,11.86,0
2019-10-08,11.86,11.86,11.86,11.86,0
2019-10-09,11.86,11.86,11.86,11.86,0
2019-10-10,11.86,11.86,11.86,11.86,0
2019-10-11,11.86,11.86,11.86,11.86,0
2019-10-14,11.86,11.86,11.86,11.86,0
2019-10-15,11.86,11.86,11.86,11.86,0
2019-10-16,11.86,11.86,11.86,11.86,0
2019-10-17,11.86,11.86,11.86,11.86,0
2019-10-18,11.86,11.86,11.86,11.86,0
2019-10-21,11.86,11.86,11.86,11.86,0
2019-10-22,11.86,11.86,11.86,11.86,0
2019-10-23,11.86,11.86,11.86,11.86,0
2019-10-24,11.86,11.86,11.86,11.86,0
2019-10-25,11.86,11.86,11.86,11.86,0
2019-10-28,11.86,11.86,11.86,11.86,0
2019-10-29,11.86,11.86,11.86,11.86,0
2019-10-30,11.86,11.86,11.86,11.86,0
2019-10-31,11.86,11.86,11.86,11.86,0
2019-11-01,11.86,11.86,11.86,11.86,0
2019-11-04,11.86,11.86,11.86,11.86,0
2019-11-05,11.86,11.86,11.86,11.86,0
2019-11-06,11.86,11.86,11.86,11.86,0
2019-11-07,11.86,11.86,11.86,11.86,0
2019-11-08,11.86,11.86,11.86,11.86,0
2019-11-11,11.86,11.86,11.86,11.86,0
2019-11-12,11.86,11.86,11.86,11.86,0
2019-11-13,11.86,11.86,11.86,11.86,0
2019-11-14,11.86,11.86,11.86,11.86,0
2019-11-15,11.86,11.86,11.86,11.86,0
2019-11-18,11.86,11.86,11.86,11.86,0
2019-11-19,11.86,11.86,11.86,11.86,0
2019-11-20,11.86,11.86,11.86,11.86,0
2019-11-21,11.86,11.86,11.86,11.86,0
2019-11-22,11.86,11.86,11.86,11.86,0
2019-11-25,11.86,11.86,11.86,11.86,0
2019-11-26,11.86,11.86,11.86,11.86,0
2019-11-27,11.86,11.86,11.86,11.86,0
2019-11-28,11.86,11.86,11.86,11.86,0
2019-11-29,11.86,11.86,11.86,11.86,0
2019-12-02,11.86,11.86,11.86,11.86,0
2019-12-03,11.86,11.86,11.86,11.86,0
2019-12-04,11.86,11.86,11.86,11.86,0
2019-12-05,11.86,11.86,11.86,11.86,0
2019-12-06,11.86,11.86,11.86,11.86,0
2019-12-09,11.86,11.86,11.86,11.86,0
2019-12-10,11.86,11.86,11.86,11.86,0
2019-12-11,11.86,11.86,11.86,11.86,0
2019-12-12,11.86,11.86,11.86,11.86,0
2019-12-13,11.86,11.86,11.86,11.86,0
2019-12-16,11.86,11.86,11.86,11.86,0
2019-12-17,11.86,11.86,11.86,11.86,0
2019-12-18,11.86,11.86,11.86,11.86,0
2019-12-19,11.86,11.86,11.86,11.86,0
2019-12-20,11.86,11.86,11.86,11.86,0
2019-12-23,11.86,11.86,11.86,11.86,0
2019-12-24,11.86,11.86,11.86,11.86,0
2019-12-25,11.86,11.86,11.86,11.86,0
2019-12-26,11.86,11.86,11.86,11.86,0
2019-12-27,11.86,11.86,11.86,11.86,0
2019-12-30,11.86,11.86,11.86,11.86,0
2019-12-31,11.86,11.86,11.86,11.86,0
2020-01-02,11.86,11.86,11.86,11.86,0
2020-01-03,11.86,11.86,11.86,11.86,0
2020-01-06,11.86,11.86,11.86,11.86,0
2020-01-07,11.86,11.86,11.86,11.86,0
2020-01-08,11.86,11.86,11.86,11.86,0
2020-01-09,11.86,11.86,11.86,11.86,0
2020-01-10,11.86,11.86,11.86,11.86,0
2020-01-13,11.86,11.86,11.86,11.86,0
2020-01-14,11.86,11.86,11.86,11.86,0
2020-01-15,11.86,11.86,11.86,11.86,0
2020-01-16,11.86,11.86,11.86,11.86,0
2020-01-17,11.86,11.86,11.86,11.86,0
2020-01-20,11.86,11.86,11.86,11.86,0
2020-01-21,11.86,11.86,11.86,11.86,0
2020-01-22,11.86,11.86,11.86,11.86,0
2020-01-30,11.86,11.86,11.86,11.86,0
2020-01-31,11.86,11.86,11.86,11.86,200
2020-02-03,11.86,11.86,11.86,11.86,0
2020-02-04,11.86,11.86,11.86,11.86,0
2020-02-05,11.86,11.86,11.86,11.86,0
2020-02-06,11.86,11.86,11.86,11.86,0
2020-02-07,11.86,11.86,11.86,11.86,0
2020-02-10,11.86,11.86,11.86,11.86,0
2020-02-11,11.86,11.86,11.86,11.86,0
2020-02-12,11.86,11.86,11.86,11.86,0
2020-02-13,11.86,11.86,11.86,11.86,0
2020-02-14,11.86,11.86,11.86,11.86,0
2020-02-17,11.86,11.86,11.86,11.86,0
2020-02-18,11.86,11.86,11.86,11.86,0
2020-02-19,11.86,11.86,11.86,11.86,200
2020-02-20,11.86,11.86,11.86,11.86,0
2020-02-21,11.86,11.86,11.86,11.86,0
2020-02-24,11.86,11.86,11.86,11.86,0
2020-02-25,11.86,11.86,11.86,11.86,0
2020-02-26,11.86,11.86,11.86,11.86,0
2020-02-27,11.86,11.86,11.86,11.86,0
2020-02-28,11.86,11.86,11.86,11.86,0
2020-03-02,11.86,11.86,11.86,11.86,0
2020-03-03,11.86,11.86,11.86,11.86,0
2020-03-04,11.86,11.86,11.86,11.86,0
2020-03-05,11.86,11.86,11.86,11.86,0
2020-03-06,11.86,11.86,11.86,11.86,3000
2020-03-09,11.86,11.86,11.86,11.86,0
2020-03-10,11.86,11.86,11.86,11.86,0
2020-03-11,11.86,11.86,11.86,11.86,0
2020-03-12,11.86,11.86,11.86,11.86,0
2020-03-13,11.86,11.86,11.86,11.86,0
2020-03-16,11.86,11.86,11.86,11.86,0
2020-03-17,11.86,11.86,11.86,11.86,0
2020-03-18,11.86,11.86,11.86,11.86,0
2020-03-19,11.86,11.86,11.86,11.86,0
2020-03-20,11.86,11.86,11.86,11.86,0
2020-03-23,11.86,11.86,11.86,11.86,0
2020-03-24,11.86,11.86,11.86,11.86,0
2020-03-25,11.86,11.86,11.86,11.86,0
2020-03-26,11.86,11.86,11.86,11.86,0
2020-03-27,11.86,11.86,11.86,11.86,0
2020-03-30,11.86,11.86,11.86,11.86,0
2020-03-31,11.86,11.86,11.86,11.86,0
2020-04-01,11.86,11.86,11.86,11.86,0
2020-04-03,11.86,11.86,11.86,11.86,0
2020-04-06,11.86,11.86,11.86,11.86,0
2020-04-07,11.86,11.86,11.86,11.86,0
2020-04-08,11.86,11.86,11.86,11.86,0
2020-04-09,11.86,11.86,11.86,11.86,0
2020-04-10,11.86,11.86,11.86,11.86,200
2020-04-13,11.86,11.86,11.86,11.86,0
2020-04-14,11.86,11.86,11.86,11.86,0
2020-04-15,11.86,11.86,11.86,11.86,0
2020-04-16,11.86,11.86,11.86,11.86,0
2020-04-17,11.86,11.86,11.86,11.86,0
2020-04-20,11.86,11.86,11.86,11.86,0
2020-04-21,11.86,11.86,11.86,11.86,0
2020-04-22,11.86,11.86,11.86,11.86,0
2020-04-23,11.86,11.86,11.86,11.86,0
2020-04-24,11.86,11.86,11.86,11.86,0
2020-04-27,11.86,11.86,11.86,11.86,0
2020-04-28,11.86,11.86,11.86,11.86,0
2020-04-29,11.86,11.86,11.86,11.86,0
2020-05-04,11.86,11.86,11.86,11.86,0
2020-05-05,11.86,11.86,11.86,11.86,0
2020-05-06,11.86,11.86,11.86,11.86,0
2020-05-07,11.86,11.86,11.86,11.86,800
2020-05-08,11.86,11.86,11.86,11.86,0
2020-05-11,11.86,11.86,11.86,11.86,0
2020-05-12,11.86,11.86,11.86,11.86,0
2020-05-13,11.86,11.86,11.86,11.86,0
2020-05-14,11.86,11.86,11.86,11.86,0
2020-05-15,11.86,11.86,11.86,11.86,0
2020-05-18,11.86,11.86,11.86,11.86,600
2020-05-19,10.85,10.85,10.85,10.85,183
2020-05-20,12.47,12.47,12.47,12.47,1200
2020-05-21,12.47,12.47,12.47,12.47,0
2020-05-22,13.56,14.3,13.56,14.3,600
2020-05-25,14.17,14.3,14.3,14.3,0
2020-05-26,16.13,16.13,16.13,16.13,506
2020-05-27,15.25,15.25,15.25,15.25,1000
2020-05-28,15.25,15.25,15.25,15.25,0
2020-05-29,15.25,15.25,15.25,15.25,0
2020-06-01,15.25,15.25,15.25,15.25,0
2020-06-02,15.25,15.25,15.25,15.25,0
2020-06-03,15.25,15.25,15.25,15.25,0
2020-06-04,15.25,15.25,15.25,15.25,0
2020-06-05,15.25,15.25,15.25,15.25,0
2020-06-08,15.25,15.25,15.25,15.25,0
2020-06-09,15.25,15.25,15.25,15.25,0
2020-06-10,15.25,15.25,15.25,15.25,0
2020-06-11,15.25,15.25,15.25,15.25,0
2020-06-12,13.9,13.9,13.9,13.9,1000
2020-06-15,13.9,13.9,13.9,13.9,117
2020-06-16,13.9,13.9,13.9,13.9,0
2020-06-17,13.9,13.9,13.9,13.9,0
2020-06-18,13.22,13.22,13.22,13.22,100
2020-06-19,13.9,13.9,13.9,13.9,100
2020-06-22,13.9,13.9,13.9,13.9,0
2020-06-23,13.9,13.9,13.9,13.9,0
2020-06-24,13.9,13.9,13.9,13.9,0
2020-06-25,13.9,13.9,13.9,13.9,0
2020-06-26,14.88,14.88,14.88,14.88,200
2020-06-29,14.88,14.88,14.88,14.88,0
2020-06-30,14.88,14.88,14.88,14.88,0
2020-07-01,14.88,14.88,14.88,14.88,0
2020-07-02,14.88,14.88,14.88,14.88,0
2020-07-03,14.24,14.24,14.24,14.24,200
2020-07-06,14.24,14.24,14.24,14.24,0
2020-07-07,14.24,14.24,14.24,14.24,1000
2020-07-08,14.24,14.24,14.24,14.24,0
2020-07-09,14.24,14.24,14.24,14.24,0
2020-07-10,14.24,14.24,14.24,14.24,0
2020-07-13,14.24,14.24,14.24,14.24,0
2020-07-14,14.24,14.24,14.24,14.24,0
2020-07-15,14.24,14.24,14.24,14.24,0
2020-07-16,14.24,14.24,14.24,14.24,0
2020-07-17,14.24,14.24,14.24,14.24,0
2020-07-20,14.24,14.24,14.24,14.24,0
2020-07-21,14.24,14.24,14.24,14.24,0
2020-07-22,14.24,14.24,14.24,14.24,0
2020-07-23,14.24,14.24,14.24,14.24,0
2020-07-24,14.41,14.41,14.41,14.41,300
2020-07-27,14.41,14.41,14.41,14.41,0
2020-07-28,14.41,14.41,14.41,14.41,0
2020-07-29,14.41,14.41,14.41,14.41,400
2020-07-30,14.41,14.41,14.41,14.41,200
2020-07-31,14.41,14.41,14.41,14.41,0
2020-08-03,14.41,14.41,14.41,14.41,0
2020-08-04,14.41,14.41,14.41,14.41,0
2020-08-05,14.41,14.41,14.41,14.41,0
2020-08-06,14.59,14.59,14.59,14.59,500
2020-08-07,14.59,14.59,14.59,14.59,0
2020-08-10,14.59,14.59,14.59,14.59,0
2020-08-11,14.59,14.59,14.59,14.59,0
2020-08-12,14.59,14.59,14.59,14.59,0
2020-08-13,14.59,14.59,14.59,14.59,340
2020-08-14,14.59,14.59,14.59,14.59,400
2020-08-17,14.59,14.59,14.59,14.59,0
2020-08-18,14.59,14.59,14.59,14.59,0
2020-08-19,14.59,14.59,14.59,14.59,200
2020-08-20,14.59,14.59,14.59,14.59,300
2020-08-21,14.77,14.77,14.77,14.77,1000
2020-08-24,14.95,15.14,14.95,15.14,2400
2020-08-25,16.05,16.05,16.05,16.05,338
2020-08-26,16.05,16.05,16.05,16.05,3
2020-08-27,16.05,16.05,16.05,16.05,2
2020-08-28,16.05,16.05,15.32,15.32,3400
2020-08-31,16.05,16.41,16.05,16.41,414
2020-09-01,16.78,17.14,16.78,16.78,1600
2020-09-03,17.16,17.78,17.16,17.78,1200
2020-09-04,17.69,17.69,17.69,17.78,2
2020-09-07,17.69,17.78,17.78,17.78,0
2020-09-08,17.54,17.54,17.31,17.54,1100
2020-09-09,17.31,17.54,17.31,17.54,1000
2020-09-10,19.91,19.91,19.91,19.91,100
2020-09-11,17.31,17.31,17.31,17.31,400
2020-09-14,17.31,17.31,17.31,17.31,0
2020-09-15,17.31,17.31,17.31,17.31,0
2020-09-16,14.75,14.75,14.75,14.75,300
2020-09-17,16.83,16.83,16.83,16.83,100
2020-09-18,16.83,16.83,16.83,16.83,0
2020-09-21,15.65,15.65,15.65,15.65,500
2020-09-22,16.12,16.12,15.6,15.6,500
2020-09-23,15.79,15.6,15.6,15.6,0
2020-09-24,15.88,15.88,15.88,15.88,300
2020-09-25,15.88,15.88,15.88,15.88,0
2020-09-28,15.88,15.88,15.88,15.88,0
2020-09-29,15.88,15.88,15.88,15.88,0
2020-09-30,15.6,15.6,15.6,15.6,500
2020-10-01,15.6,15.6,15.6,15.6,0
2020-10-02,15.6,15.6,15.6,15.6,0
2020-10-05,13.75,13.75,13.51,13.51,1300
2020-10-06,13.56,13.51,13.51,13.51,0
2020-10-07,15.55,15.55,15.55,15.55,4900
2020-10-08,15.55,15.55,15.55,15.55,100
2020-10-09,15.55,15.55,15.55,15.55,0
2020-10-12,15.55,15.55,15.55,15.55,0
2020-10-13,15.55,15.55,15.55,15.55,0
2020-10-14,17.02,17.02,17.02,17.02,500
2020-10-15,17.02,17.02,17.02,17.02,0
2020-10-16,17.02,17.02,17.02,17.02,0
2020-10-19,16.6,16.6,16.12,16.6,8600
2020-10-20,16.36,16.6,16.36,16.6,5300
2020-10-21,16.6,16.6,16.6,16.6,100
2020-10-22,14.46,14.46,14.46,14.46,300
2020-10-23,16.6,16.6,16.6,16.6,100
2020-10-26,16.36,16.6,16.36,16.6,1300
2020-10-27,19.06,19.06,19.06,19.06,100
2020-10-28,19.06,19.06,19.06,19.06,0
2020-10-29,19.06,19.06,19.06,19.06,0
2020-10-30,16.22,16.22,16.22,16.22,900
2020-11-02,16.6,16.6,16.6,16.6,100
2020-11-03,16.6,16.6,16.6,16.6,0
2020-11-04,16.12,16.12,16.12,16.12,1000
2020-11-05,16.12,16.12,16.12,16.12,0
2020-11-06,16.6,16.6,16.6,16.6,200
2020-11-09,16.6,16.6,16.6,16.6,0
2020-11-10,19.06,19.06,16.83,16.83,200
2020-11-11,17.97,16.83,16.83,16.83,0
2020-11-12,17.97,16.83,16.83,16.83,0
2020-11-13,17.97,16.83,16.83,16.83,0
2020-11-16,17.97,16.83,16.83,16.83,0
2020-11-17,16.6,16.6,16.6,16.6,600
2020-11-18,19.06,19.06,19.06,19.06,100
2020-11-19,19.06,19.06,19.06,19.06,0
2020-11-20,19.06,19.06,19.06,19.06,0
2020-11-23,18.25,19.91,18.25,18.97,11700
2020-11-24,18.97,19.06,18.49,18.97,36500
2020-11-25,18.97,19.01,18.97,19.01,5000
2020-11-26,18.97,19.01,18.97,19.01,5400
2020-11-27,19.01,19.01,18.97,18.97,5000
2020-11-30,21.81,21.81,21.81,21.81,100
2020-12-01,21.81,21.81,21.81,21.81,0
2020-12-02,18.97,18.97,18.97,18.97,100
2020-12-03,18.97,18.97,18.97,18.97,0
2020-12-04,18.97,18.97,18.97,18.97,0
2020-12-07,18.97,18.97,18.97,18.97,0
2020-12-08,19.91,19.91,19.91,19.91,500
2020-12-09,19.91,19.91,19.91,19.91,0
2020-12-10,20.39,20.39,20.39,20.39,200
2020-12-11,20.39,22.28,20.39,22.28,9700
2020-12-14,23.42,23.42,23.42,23.42,100
2020-12-15,23.42,23.42,23.42,23.42,0
2020-12-16,23.14,23.14,23.14,23.14,8500
2020-12-17,23.14,23.14,23.14,23.14,0
2020-12-18,23.14,23.14,23.14,23.14,0
2020-12-21,20.25,20.25,20.25,20.25,210
2020-12-22,19.01,23.14,19.01,23.14,9850
2020-12-23,21.91,21.91,21.91,21.91,105
2020-12-24,21.91,21.91,21.91,21.91,0
2020-12-25,21.91,21.91,21.91,21.91,0
2020-12-28,25.18,25.18,25.18,25.18,100
2020-12-29,21.48,23.66,21.48,23.66,1000
2020-12-30,25.18,25.18,25.18,25.18,100
2020-12-31,25.18,25.18,25.18,25.18,0
2021-01-04,25.18,25.18,21.81,23.23,11005
2021-01-05,25.03,23.23,23.23,23.23,0
2021-01-06,25.03,23.23,23.23,23.23,0
2021-01-07,22.28,24.75,22.28,24.75,556
2021-01-08,21.81,21.81,21.81,21.81,120
2021-01-11,25.08,25.08,21.38,21.38,292
2021-01-12,25.08,25.08,21.38,21.38,306
2021-01-13,22.62,22.62,22.62,21.38,75
2021-01-14,22.62,21.38,21.38,21.38,0
2021-01-15,20.63,20.63,20.63,20.63,100
2021-01-18,23.71,23.71,20.67,20.67,507
2021-01-19,21.29,20.67,20.67,20.67,0
2021-01-20,23.09,23.09,23.09,23.09,100
2021-01-21,23.09,23.09,23.09,23.09,0
2021-01-22,20.63,20.63,20.63,20.63,200
2021-01-25,23.71,23.71,20.67,20.67,400
2021-01-26,20.72,20.72,20.72,20.72,200
2021-01-27,20.63,20.67,20.63,20.67,300
2021-01-28,20.67,21.24,20.67,21.24,1300
2021-01-29,21.1,21.81,21.1,21.81,4100
2021-02-01,21.81,24.13,19.25,19.25,14800
2021-02-02,21.76,22.1,21.76,22.1,28500
2021-02-03,22.05,22.24,22.05,22.24,3200
2021-02-04,25.41,25.41,25.41,25.41,120
2021-02-05,25.41,25.41,25.41,25.41,0
2021-02-08,25.41,25.41,25.41,25.41,0
2021-02-09,25.41,25.41,25.41,25.41,0
2021-02-17,25.41,25.41,25.41,25.41,0
2021-02-18,25.46,25.46,25.18,25.41,12700
2021-02-19,21.95,21.95,21.95,21.95,200
2021-02-22,21.95,21.95,21.95,21.95,0
2021-02-23,21.95,21.95,21.95,21.95,1
2021-02-24,21.95,21.95,21.95,21.95,0
2021-02-25,25.18,25.18,25.18,25.18,101
2021-02-26,22.76,23.47,22.76,23.47,2600
2021-03-01,23.33,23.47,23.33,23.47,6200
2021-03-02,23.33,23.47,23.33,23.47,3513
2021-03-03,25.6,25.6,25.6,25.6,100
2021-03-04,25.6,25.6,25.6,25.6,0
2021-03-05,25.6,25.6,25.6,25.6,0
2021-03-08,25.6,25.6,25.6,25.6,0
2021-03-09,25.6,25.6,25.6,25.6,0
2021-03-10,25.6,25.6,25.6,25.6,0
2021-03-11,23.71,23.71,23.71,23.71,500
2021-03-12,27.26,27.26,27.26,27.26,100
2021-03-15,24.66,24.66,24.66,24.66,2500
2021-03-16,24.66,24.66,24.66,24.66,426
2021-03-17,24.66,24.66,24.66,24.66,0
2021-03-18,24.66,24.66,24.66,24.66,0
2021-03-19,24.66,24.66,24.66,24.66,0
2021-03-22,26.08,26.08,24.56,24.56,800
2021-03-23,24.75,24.56,24.56,24.56,0
2021-03-24,24.75,24.75,24.75,24.56,2
2021-03-25,23.0,23.0,23.0,23.0,100
2021-03-26,23.0,23.0,23.0,23.0,0
2021-03-29,23.0,23.0,23.0,23.0,10
2021-03-30,23.0,23.0,23.0,23.0,0
2021-03-31,23.0,23.0,23.0,23.0,0
2021-04-01,22.76,22.76,22.76,22.76,135
2021-04-02,22.76,22.76,22.76,22.76,0
2021-04-05,22.76,22.76,22.76,22.76,0
2021-04-06,22.76,22.76,22.76,22.76,0
2021-04-07,22.76,22.76,22.76,22.76,0
2021-04-08,22.76,22.76,22.76,22.76,0
2021-04-09,22.76,22.76,22.76,22.76,0
2021-04-12,22.76,22.76,22.76,22.76,0
2021-04-13,22.76,22.76,22.76,22.76,0
2021-04-14,22.76,22.76,22.76,22.76,0
2021-04-15,22.76,22.76,22.76,22.76,0
2021-04-16,22.76,22.76,22.76,22.76,0
2021-04-19,22.76,22.76,22.76,22.76,0
2021-04-20,20.86,20.86,20.86,20.86,2000
2021-04-22,23.99,23.99,23.99,23.99,100
2021-04-23,23.99,23.99,23.99,23.99,0
2021-04-26,23.99,23.99,23.99,23.99,0
2021-04-27,23.99,23.99,23.99,23.99,0
2021-04-28,27.55,27.55,27.55,27.55,100
2021-04-29,27.55,27.55,27.55,27.55,0
2021-05-04,27.55,27.55,27.55,27.55,0
2021-05-05,27.55,27.55,27.55,27.55,0
2021-05-06,27.55,27.55,27.55,27.55,0
2021-05-07,27.55,27.55,27.55,27.55,0
2021-05-10,24.66,24.66,24.66,24.66,100
2021-05-11,23.71,23.71,21.0,21.0,1100
2021-05-12,24.37,24.37,24.37,24.37,100
2021-05-13,24.37,24.37,24.37,24.37,36
2021-05-14,24.37,24.37,24.37,24.37,0
2021-05-17,24.37,24.37,24.37,24.37,1
2021-05-18,24.37,24.37,24.37,24.37,0
2021-05-19,20.86,20.86,20.72,20.72,1000
2021-05-20,20.29,20.29,19.91,19.91,2600
2021-05-21,19.91,19.91,19.91,19.91,2000
2021-05-24,22.76,22.76,22.76,22.76,114
2021-05-25,22.76,22.76,22.76,22.76,0
2021-05-26,22.76,22.76,22.76,22.76,0
2021-05-27,26.17,26.17,26.17,26.17,100
2021-05-28,22.28,22.28,22.28,22.28,100
2021-05-31,22.28,22.28,22.28,22.28,0
2021-06-01,22.28,22.28,22.28,22.28,0
2021-06-02,22.28,22.28,22.28,22.28,0
2021-06-03,25.6,25.6,25.6,25.6,100
2021-06-04,21.76,21.76,21.76,21.76,1100
2021-06-07,21.76,21.76,21.76,21.76,0
2021-06-08,21.76,21.76,21.76,21.76,0
2021-06-09,24.99,24.99,19.58,19.58,200
2021-06-10,22.28,19.58,19.58,19.58,0
2021-06-11,22.28,22.28,22.28,19.58,4
2021-06-14,21.34,22.28,21.34,22.28,1120
2021-06-15,21.34,21.34,21.34,21.34,200
2021-06-16,21.34,21.34,21.34,21.34,100
2021-06-17,20.86,20.86,20.86,20.86,100
2021-06-18,20.44,20.44,20.39,20.39,200
2021-06-21,20.39,20.39,20.39,20.39,100
2021-06-22,23.38,23.38,23.38,23.38,100
2021-06-23,23.38,23.38,23.38,23.38,0
2021-06-24,23.38,23.38,23.38,23.38,0
2021-06-25,25.6,25.6,20.39,23.71,300
2021-06-28,21.34,23.23,21.34,23.23,1100
2021-06-29,21.53,23.23,23.23,23.23,0
2021-06-30,24.7,24.7,19.91,19.91,600
2021-07-01,23.14,19.91,19.91,19.91,0
2021-07-02,23.14,19.91,19.91,19.91,0
2021-07-05,19.91,19.91,19.72,19.72,600
2021-07-06,19.77,19.72,19.72,19.72,0
2021-07-07,19.77,19.72,19.72,19.72,0
2021-07-08,22.71,22.71,22.66,22.66,212
2021-07-09,19.68,20.39,19.53,19.91,6200
2021-07-12,19.96,19.91,19.91,19.91,0
2021-07-13,22.95,22.95,20.39,20.39,10100
2021-07-14,23.19,23.19,23.19,23.19,100
2021-07-15,19.72,21.34,19.72,21.34,200
2021-07-16,20.53,21.34,21.34,21.34,0
2021-07-19,23.52,23.52,23.52,23.52,100
2021-07-20,23.52,23.52,23.52,23.52,0
2021-07-21,23.52,23.52,23.52,23.52,0
2021-07-22,23.52,23.52,23.52,23.52,0
2021-07-23,23.52,23.52,23.52,23.52,0
2021-07-26,23.52,23.52,23.52,23.52,0
2021-07-27,23.52,23.52,23.52,23.52,0
2021-07-28,23.52,23.52,23.52,23.52,0
2021-07-29,23.52,23.52,23.52,23.52,0
2021-07-30,23.52,23.52,23.52,23.52,0
2021-08-02,23.52,23.52,23.52,23.52,0
2021-08-03,23.52,23.52,23.52,23.52,0
2021-08-04,23.52,23.52,23.52,23.52,0
2021-08-05,23.52,23.52,23.52,23.52,0
2021-08-06,23.52,23.52,23.52,23.52,0
2021-08-09,23.52,23.52,23.52,23.52,0
2021-08-10,23.52,23.52,23.52,23.52,0
2021-08-11,23.52,23.52,23.52,23.52,0
2021-08-12,23.52,23.52,23.52,23.52,0
2021-08-13,23.52,23.52,23.52,23.52,0
2021-08-16,23.52,23.52,23.52,23.52,0
2021-08-17,23.52,23.52,23.52,23.52,0
2021-08-18,23.52,23.52,23.52,23.52,0
2021-08-19,23.52,23.52,23.52,23.52,0
2021-08-20,23.52,23.52,23.52,23.52,0
2021-08-23,23.52,23.52,23.52,23.52,0
2021-08-24,23.52,23.52,23.52,23.52,0
2021-08-25,23.52,23.52,23.52,23.52,0
2021-08-26,23.52,23.52,23.52,23.52,0
2021-08-27,20.01,20.01,20.01,20.01,400
2021-08-30,20.01,20.01,20.01,20.01,0
2021-08-31,20.01,20.01,20.01,20.01,0
2021-09-01,20.01,20.01,20.01,20.01,0
2021-09-06,20.01,20.01,20.01,20.01,0
2021-09-07,20.01,20.01,20.01,20.01,0
2021-09-08,20.01,20.01,20.01,20.01,0
2021-09-09,20.01,20.01,20.01,20.01,0
2021-09-10,20.01,20.01,20.01,20.01,57
2021-09-13,20.01,20.01,20.01,20.01,0
2021-09-14,20.01,20.01,20.01,20.01,0
2021-09-15,20.01,20.01,20.01,20.01,0
2021-09-16,20.01,20.01,20.01,20.01,0
2021-09-17,20.01,20.01,20.01,20.01,0
2021-09-20,20.01,20.01,20.01,20.01,0
2021-09-21,20.01,20.01,20.01,20.01,0
2021-09-22,20.01,20.01,20.01,20.01,0
2021-09-23,20.01,20.01,20.01,20.01,0
2021-09-24,20.01,20.01,20.01,20.01,0
2021-09-27,20.01,20.01,20.01,20.01,0
2021-09-28,20.01,20.01,20.01,20.01,0
2021-09-29,20.01,20.01,20.01,20.01,0
2021-09-30,20.01,20.01,20.01,20.01,0
2021-10-01,20.01,20.01,20.01,20.01,0
2021-10-04,20.01,20.01,20.01,20.01,0
2021-10-05,20.01,20.01,20.01,20.01,0
2021-10-06,20.01,20.01,20.01,20.01,0
2021-10-07,20.01,20.01,20.01,20.01,0
2021-10-08,20.01,20.01,20.01,20.01,2
2021-10-11,20.01,20.01,20.01,20.01,0
2021-10-12,20.01,20.01,20.01,20.01,0
2021-10-13,20.01,20.01,20.01,20.01,0
2021-10-14,20.01,20.01,20.01,20.01,0
2021-10-15,21.76,21.76,21.76,21.76,178
2021-10-18,21.76,21.76,21.76,21.76,0
2021-10-19,21.76,21.76,21.76,21.76,0
2021-10-20,21.76,21.76,21.76,21.76,0
2021-10-21,21.76,21.76,21.76,21.76,0
2021-10-22,21.76,21.76,21.76,21.76,0
2021-10-25,21.76,21.76,21.76,21.76,0
2021-10-26,21.76,21.76,21.76,21.76,0
2021-10-27,21.76,21.76,21.76,21.76,0
2021-10-28,21.76,21.76,21.76,21.76,0
2021-10-29,18.97,18.97,18.97,18.97,200
2021-11-01,18.97,18.97,18.97,18.97,0
2021-11-02,18.97,18.97,18.97,18.97,0
2021-11-03,18.97,18.97,18.97,18.97,0
2021-11-04,18.97,18.97,18.97,18.97,0
2021-11-05,18.97,21.72,18.97,21.72,200
2021-11-08,20.34,20.34,20.34,20.34,0
2021-11-09,20.34,20.34,20.34,20.34,0
2021-11-10,20.34,20.34,20.34,20.34,0
2021-11-11,19.91,21.34,19.91,21.34,300
2021-11-12,20.53,20.53,20.53,20.53,0
2021-11-15,20.53,20.53,20.53,20.53,0
2021-11-16,19.44,19.44,19.44,19.44,600
2021-11-17,21.29,21.29,21.29,21.29,100
2021-11-18,19.91,19.91,19.44,19.91,1600
2021-11-19,19.44,19.44,19.44,19.44,100
2021-11-22,18.73,18.73,18.49,18.49,403
2021-11-23,18.11,18.11,18.06,18.06,6520
2021-11-24,20.34,20.34,20.34,20.34,4700
2021-11-25,20.34,20.34,20.34,20.34,0
2021-11-26,20.34,20.34,20.34,20.34,0
2021-11-29,20.34,20.34,20.34,20.34,0
2021-11-30,20.34,20.34,20.34,20.34,0
2021-12-01,20.34,20.34,20.34,20.34,0
2021-12-02,20.34,20.34,20.34,20.34,0
2021-12-03,20.34,20.34,20.34,20.34,0
2021-12-06,20.34,20.34,20.34,20.34,0
2021-12-07,20.34,20.34,20.34,20.34,0
2021-12-08,20.34,20.34,20.34,20.34,0
2021-12-09,20.34,20.34,20.34,20.34,1
2021-12-10,20.34,20.34,20.34,20.34,0
2021-12-13,20.34,20.34,20.34,20.34,0
2021-12-14,20.34,20.34,20.34,20.34,0
2021-12-15,18.02,18.02,18.02,18.02,900
2021-12-16,18.02,18.02,18.02,18.02,0
2021-12-17,18.02,18.02,18.02,18.02,0
2021-12-20,18.02,18.02,18.02,18.02,0
2021-12-21,18.3,18.3,17.54,17.54,2500
2021-12-22,18.06,18.06,18.02,18.02,600
2021-12-23,18.02,18.02,18.02,18.02,0
2021-12-24,18.02,18.02,18.02,18.02,0
2021-12-27,18.02,18.02,18.02,18.02,0
2021-12-28,18.02,18.02,18.02,18.02,0
2021-12-29,18.02,18.02,18.02,18.02,15
2021-12-30,18.02,18.02,18.02,18.02,0
2021-12-31,18.02,18.02,18.02,18.02,0
2022-01-04,18.02,18.02,18.02,18.02,0
2022-01-05,18.02,18.02,18.02,18.02,80
2022-01-06,18.02,18.02,18.02,18.02,0
2022-01-07,18.92,18.92,18.92,18.92,800
2022-01-10,18.97,18.97,18.97,18.97,100
2022-01-11,18.97,18.97,18.97,18.97,0
2022-01-12,18.97,18.97,18.97,18.97,0
2022-01-13,18.02,18.4,18.02,18.4,400
2022-01-14,18.3,18.3,18.3,18.3,0
2022-01-17,18.3,18.3,18.3,18.3,0
2022-01-18,18.3,18.3,18.3,18.3,1000
2022-01-19,18.3,18.3,18.3,18.3,0
2022-01-20,18.3,18.3,18.3,18.3,0
2022-01-21,18.3,18.3,18.3,18.3,0
2022-01-24,18.3,18.3,18.3,18.3,1
2022-01-25,18.3,18.3,18.3,18.3,14
2022-01-26,18.3,18.3,18.3,18.3,0
2022-01-27,21.05,21.05,21.05,21.05,300
2022-01-28,21.05,21.05,20.88,20.88,1400
2022-02-07,20.99,20.99,20.99,20.99,0
2022-02-08,20.99,20.99,20.99,20.99,400
2022-02-09,20.99,20.99,20.99,20.99,100
2022-02-10,20.99,20.99,20.99,20.99,0
2022-02-11,20.17,20.17,20.17,20.17,1000
2022-02-14,20.17,20.17,20.17,20.17,0
2022-02-15,20.17,20.17,20.17,20.17,0
2022-02-16,20.17,20.17,20.17,20.17,0
2022-02-17,20.17,20.17,20.17,20.17,0
2022-02-18,20.17,20.17,20.17,20.17,0
2022-02-21,20.17,20.17,20.17,20.17,0
2022-02-22,20.17,20.17,20.17,20.17,0
2022-02-23,20.17,20.17,20.17,20.17,0
2022-02-24,19.41,19.41,19.36,19.36,7200
2022-02-25,19.25,19.25,19.08,19.08,2300
2022-02-28,19.19,19.19,19.19,19.19,0
2022-03-01,19.19,19.19,19.19,19.19,0
2022-03-02,18.59,18.76,18.59,18.76,7900
2022-03-03,18.7,18.7,18.54,18.54,12500
2022-03-04,18.59,18.59,17.99,18.27,3701
2022-03-07,19.9,19.9,19.9,19.9,100
2022-03-08,18.54,19.9,18.54,19.9,810
2022-03-09,18.54,18.54,18.54,18.54,9100
2022-03-10,17.83,17.83,17.83,17.83,100
2022-03-11,17.83,17.83,17.83,17.83,50
2022-03-14,17.99,18.54,17.99,18.54,1700
2022-03-15,18.21,18.21,18.21,18.21,0
2022-03-16,18.21,18.21,18.21,18.21,0
2022-03-17,19.08,19.08,19.08,19.08,3000
2022-03-18,19.08,19.36,19.08,19.36,1600
2022-03-21,19.36,19.36,19.36,19.36,136
2022-03-22,19.36,19.36,19.36,19.36,2700
2022-03-23,19.36,19.36,19.36,19.36,0
2022-03-24,19.36,19.36,19.36,19.36,0
2022-03-25,19.36,19.36,19.36,19.36,0
2022-03-28,19.63,19.63,19.63,19.63,200
2022-03-29,19.63,19.63,19.63,19.63,0
2022-03-30,19.63,19.63,19.63,19.63,0
2022-03-31,19.63,19.63,19.63,19.63,15
2022-04-01,19.63,19.63,19.63,19.63,0
2022-04-04,19.08,19.08,19.08,19.08,770
2022-04-05,19.08,19.08,19.08,19.08,0
2022-04-06,19.63,19.63,19.63,19.63,100
2022-04-07,19.63,19.63,19.63,19.63,100
2022-04-08,18.81,18.81,18.81,18.81,700
2022-04-12,18.81,18.81,18.81,18.81,0
2022-04-13,19.63,19.63,19.63,19.63,100
2022-04-14,19.63,19.63,19.63,19.63,1000
2022-04-15,19.63,19.63,19.63,19.63,0
2022-04-18,19.63,19.63,19.63,19.63,0
2022-04-19,19.63,19.63,19.63,19.63,0
2022-04-20,19.63,19.63,19.63,19.63,0
2022-04-21,19.63,19.63,19.63,19.63,0
2022-04-22,18.54,18.54,17.99,17.99,1500
2022-04-25,17.99,17.99,17.99,17.99,1600
2022-04-26,17.99,17.99,17.99,17.99,0
2022-04-27,17.99,17.99,17.99,17.99,0
2022-04-28,17.99,17.99,17.99,17.99,0
2022-04-29,17.99,17.99,17.99,17.99,3682
2022-05-04,17.99,17.99,17.99,17.99,87
2022-05-05,17.99,17.99,17.99,17.99,0
2022-05-06,17.99,17.99,17.99,17.99,105
2022-05-09,17.99,17.99,17.99,17.99,0
2022-05-10,17.99,17.99,17.99,17.99,0
2022-05-11,17.99,17.99,17.99,17.99,0
2022-05-12,17.99,17.99,17.99,17.99,0
2022-05-13,17.99,17.99,17.99,17.99,0
2022-05-16,17.99,17.99,17.99,17.99,0
2022-05-17,17.99,17.99,17.99,17.99,0
2022-05-18,17.99,17.99,17.99,17.99,0
2022-05-19,17.99,17.99,17.99,17.99,5
2022-05-20,17.99,17.99,17.99,17.99,0
2022-05-23,17.99,17.99,17.99,17.99,2
2022-05-24,17.99,17.99,17.99,17.99,1
2022-05-25,17.99,17.99,17.99,17.99,2
2022-05-26,17.99,17.99,17.99,17.99,0
2022-05-27,17.99,17.99,17.99,17.99,0
2022-05-30,17.99,17.99,17.99,17.99,0
2022-05-31,17.99,17.99,17.99,17.99,0
2022-06-01,17.99,17.99,17.99,17.99,0
2022-06-02,17.45,17.45,17.45,17.45,800
2022-06-03,17.45,17.45,17.45,17.45,2
2022-06-06,17.45,17.45,17.45,17.45,0
2022-06-07,17.45,17.45,17.45,17.45,27
2022-06-08,17.45,17.45,17.45,17.45,70
2022-06-09,17.45,17.45,17.45,17.45,0
2022-06-10,17.72,17.72,17.72,17.72,500
2022-06-13,17.72,17.72,17.72,17.72,1
2022-06-14,17.72,17.72,17.72,17.72,0
2022-06-15,17.72,17.72,17.72,17.72,0
2022-06-16,17.72,17.72,17.72,17.72,600
2022-06-17,17.72,17.72,17.72,17.72,900
2022-06-20,16.9,17.45,16.9,17.45,400
2022-06-21,17.07,17.07,17.07,17.07,0
2022-06-22,19.08,19.08,19.08,19.08,12420
2022-06-23,17.99,17.99,17.99,17.99,111
2022-06-24,17.99,17.99,17.99,17.99,0
2022-06-27,17.99,17.99,17.99,17.99,0
2022-06-28,17.99,17.99,17.99,17.99,0
2022-06-29,17.99,17.99,17.99,17.99,0
2022-06-30,17.99,17.99,17.99,17.99,0
2022-07-01,17.99,17.99,17.99,17.99,0
2022-07-04,19.08,19.08,19.08,19.08,2100
2022-07-05,19.36,19.36,19.36,19.36,11300
2022-07-06,19.36,19.36,19.36,19.36,0
2022-07-07,19.36,19.36,19.36,19.36,0
2022-07-08,19.36,19.36,19.36,19.36,0
2022-07-11,19.36,19.36,19.36,19.36,0
2022-07-12,19.36,19.36,19.36,19.36,0
2022-07-13,19.03,19.08,19.03,19.08,400
2022-07-14,19.08,19.08,19.08,19.08,0
2022-07-15,19.08,19.08,19.08,19.08,0
2022-07-18,19.08,19.08,19.08,19.08,0
2022-07-19,19.08,19.08,19.08,19.08,0
2022-07-20,19.08,19.08,19.08,19.08,0
2022-07-21,19.08,19.08,19.08,19.08,0
2022-07-22,19.08,19.08,19.08,19.08,0
2022-07-25,19.08,19.08,19.08,19.08,0
2022-07-26,19.08,19.08,19.08,19.08,0
2022-07-27,19.08,19.08,19.08,19.08,0
2022-07-28,19.08,19.08,19.08,19.08,0
2022-07-29,19.08,19.08,19.08,19.08,0
2022-08-01,19.08,19.08,19.08,19.08,0
2022-08-02,19.08,19.08,19.08,19.08,0
2022-08-03,19.08,19.08,19.08,19.08,0
2022-08-04,19.08,19.08,19.08,19.08,0
2022-08-05,19.08,19.08,19.08,19.08,0
2022-08-08,19.08,19.08,19.08,19.08,0
2022-08-09,19.08,19.08,19.08,19.08,0
2022-08-10,19.08,19.08,19.08,19.08,0
2022-08-11,19.08,19.08,19.08,19.08,0
2022-08-12,17.99,17.99,17.99,17.99,100
2022-08-15,17.99,17.99,17.99,17.99,0
2022-08-16,17.99,17.99,17.99,17.99,0
2022-08-17,17.99,17.99,17.99,17.99,0
2022-08-18,17.99,17.99,17.99,17.99,0
2022-08-19,17.99,17.99,17.99,17.99,100
2022-08-22,17.99,17.99,17.99,17.99,0
2022-08-23,17.99,17.99,17.99,17.99,0
2022-08-24,18.05,18.05,16.52,18.05,1100
2022-08-25,17.61,17.61,17.61,17.61,0
2022-08-26,18.05,18.05,18.05,18.05,100
2022-08-29,18.05,18.05,18.05,18.05,0
2022-08-30,17.99,17.99,17.99,17.99,215
2022-08-31,17.99,17.99,17.99,17.99,0
2022-09-05,17.99,17.99,17.99,17.99,0
2022-09-06,17.99,17.99,17.99,17.99,0
2022-09-07,17.99,17.99,17.99,17.99,0
2022-09-08,17.99,17.99,17.99,17.99,0
2022-09-09,17.99,17.99,17.99,17.99,0
2022-09-12,17.99,17.99,17.99,17.99,0
2022-09-13,17.99,17.99,17.99,17.99,404
2022-09-14,17.99,17.99,17.99,17.99,0
2022-09-15,17.99,17.99,17.99,17.99,0
2022-09-16,17.99,17.99,17.99,17.99,100
2022-09-19,17.99,17.99,17.99,17.99,100
2022-09-20,17.99,17.99,17.99,17.99,0
2022-09-21,17.99,17.99,17.99,17.99,0
2022-09-22,17.99,17.99,17.99,17.99,0
2022-09-23,17.99,17.99,17.99,17.99,0
2022-09-26,17.99,17.99,17.99,17.99,0
2022-09-27,17.99,17.99,17.99,17.99,0
2022-09-28,17.99,17.99,17.99,17.99,0
2022-09-29,17.99,17.99,17.99,17.99,0
2022-09-30,17.99,17.99,17.99,17.99,0
2022-10-03,17.99,17.99,17.99,17.99,0
2022-10-04,17.99,17.99,17.99,17.99,1
2022-10-05,17.99,17.99,17.99,17.99,100
2022-10-06,17.99,17.99,17.99,17.99,0
2022-10-07,17.99,17.99,17.99,17.99,0
2022-10-10,17.99,17.99,17.99,17.99,0
2022-10-11,17.99,17.99,17.99,17.99,0
2022-10-12,17.99,17.99,17.99,17.99,0
2022-10-13,17.99,17.99,17.99,17.99,0
2022-10-14,17.99,17.99,17.99,17.99,0
2022-10-17,17.99,17.99,17.99,17.99,0
2022-10-18,17.99,17.99,17.99,17.99,0
2022-10-19,17.99,17.99,17.99,17.99,0
2022-10-20,17.99,17.99,17.99,17.99,0
2022-10-21,17.99,17.99,17.99,17.99,0
2022-10-24,17.99,17.99,17.99,17.99,0
2022-10-25,17.99,17.99,17.99,17.99,0
2022-10-26,17.99,17.99,17.99,17.99,0
2022-10-27,17.99,17.99,17.99,17.99,0
2022-10-28,17.99,17.99,17.99,17.99,0
2022-10-31,17.99,17.99,17.99,17.99,0
2022-11-01,17.99,17.99,17.99,17.99,0
2022-11-02,17.99,17.99,17.99,17.99,0
2022-11-03,17.99,17.99,17.99,17.99,0
2022-11-04,17.99,17.99,17.99,17.99,0
2022-11-07,17.99,17.99,17.99,17.99,0
2022-11-08,15.81,15.81,15.81,15.81,100
2022-11-09,15.81,15.81,15.81,15.81,0
2022-11-10,15.81,15.81,15.81,15.81,0
2022-11-11,15.81,15.81,15.81,15.81,0
2022-11-14,15.81,15.81,15.81,15.81,0
2022-11-15,15.81,15.81,15.81,15.81,0
2022-11-16,15.81,15.81,15.81,15.81,0
2022-11-17,15.81,15.81,15.81,15.81,0
2022-11-18,15.81,15.81,15.81,15.81,1000
2022-11-21,15.81,15.81,15.81,15.81,0
2022-11-22,15.81,15.81,15.81,15.81,0
2022-11-23,15.81,15.81,15.81,15.81,0
2022-11-24,15.81,15.81,15.81,15.81,0
2022-11-25,13.63,13.63,13.63,13.63,1000
2022-11-28,13.63,13.63,13.63,13.63,2000
2022-11-29,13.63,13.63,13.63,13.63,0
2022-11-30,13.63,13.63,13.63,13.63,1000
2022-12-01,13.63,13.63,13.63,13.63,900
2022-12-02,13.63,13.63,13.63,13.63,14
2022-12-05,13.63,13.63,13.63,13.63,0
2022-12-06,13.63,13.63,13.63,13.63,0
2022-12-07,13.63,13.63,13.63,13.63,2900
2022-12-08,13.63,13.63,13.63,13.63,0
2022-12-09,13.63,13.63,13.63,13.63,0
2022-12-12,13.63,13.63,13.63,13.63,0
2022-12-13,13.63,13.63,13.63,13.63,0
2022-12-14,13.63,13.63,13.63,13.63,0
2022-12-15,13.63,13.63,13.63,13.63,14
2022-12-16,13.63,13.63,13.63,13.63,0
2022-12-19,14.72,14.72,14.72,14.72,100
2022-12-20,14.72,14.72,14.72,14.72,0
2022-12-21,14.72,14.72,14.72,14.72,0
2022-12-22,14.72,14.72,14.72,14.72,0
2022-12-23,16.9,16.9,16.9,16.9,12900
2022-12-26,14.45,14.45,14.45,14.45,100
2022-12-27,14.45,14.45,14.45,14.45,0
2022-12-28,14.45,14.45,14.45,14.45,100
2022-12-29,14.45,14.45,14.45,14.45,0
2022-12-30,12.32,12.32,12.32,12.32,100
2023-01-03,12.32,12.32,12.32,12.32,0
2023-01-04,13.63,13.63,13.63,13.63,1000
2023-01-05,11.61,11.61,11.61,11.61,100
2023-01-06,11.61,11.61,11.61,11.61,0
2023-01-09,9.92,9.92,9.92,9.92,100
2023-01-10,9.92,9.92,9.92,9.92,0
2023-01-11,9.92,9.92,9.92,9.92,0
2023-01-12,9.92,9.92,9.92,9.92,0
2023-01-13,9.92,9.92,9.92,9.92,0
2023-01-16,9.92,9.92,9.92,9.92,0
2023-01-17,9.92,9.92,9.92,9.92,0
2023-01-18,9.92,9.92,9.92,9.92,0
2023-01-19,9.92,9.92,9.92,9.92,0
2023-01-27,9.92,9.92,9.92,9.92,0
2023-01-30,9.92,9.92,9.92,9.92,0
2023-01-31,9.92,9.92,9.92,9.92,0
2023-02-01,9.92,9.92,9.92,9.92,0
2023-02-02,9.92,9.92,9.92,9.92,0
2023-02-03,9.92,9.92,9.92,9.92,0
2023-02-06,11.4,11.4,11.4,11.4,500
2023-02-07,11.4,11.4,11.4,11.4,0
2023-02-08,11.4,11.4,11.4,11.4,0
2023-02-09,11.4,11.4,11.4,11.4,0
2023-02-10,11.4,11.4,11.4,11.4,0
2023-02-13,11.4,11.4,11.4,11.4,0
2023-02-14,13.09,13.09,13.09,13.09,908
2023-02-15,15.05,15.05,15.05,15.05,300
2023-02-16,15.05,15.05,15.05,15.05,1050
2023-02-17,15.27,15.27,15.27,15.27,700
2023-02-20,17.18,17.45,17.18,17.45,15200
2023-02-21,16.36,16.36,16.36,16.36,400
2023-02-22,15.32,15.32,15.32,15.32,161
2023-02-23,15.32,15.32,15.32,15.32,0
2023-02-24,13.41,13.41,13.41,13.41,100
2023-02-27,15.38,15.38,15.38,15.38,1000
2023-02-28,17.56,17.56,17.56,17.56,100
2023-03-01,20.12,20.12,20.12,20.12,101
2023-03-02,20.12,20.12,20.12,20.12,0
2023-03-03,17.12,17.18,17.12,17.18,2600
2023-03-06,17.18,17.18,17.18,17.18,0
2023-03-07,17.18,17.18,17.18,17.18,0
2023-03-08,17.18,17.18,17.18,17.18,0
2023-03-09,17.18,17.18,17.18,17.18,0
2023-03-10,17.18,17.18,17.18,17.18,0
2023-03-13,17.18,17.18,17.18,17.18,0
2023-03-14,17.18,17.18,17.18,17.18,0
2023-03-15,17.18,17.18,17.18,17.18,0
2023-03-16,17.18,17.18,17.18,17.18,0
2023-03-17,17.18,17.18,17.18,17.18,0
2023-03-20,17.18,17.18,17.18,17.18,0
2023-03-21,17.18,17.18,17.18,17.18,0
2023-03-22,17.18,17.18,17.18,17.18,1
2023-03-23,17.18,17.18,17.18,17.18,0
2023-03-24,17.18,17.18,17.18,17.18,0
2023-03-27,17.18,17.18,17.18,17.18,0
2023-03-28,17.39,17.39,17.39,17.39,18400
2023-03-29,17.39,17.39,17.39,17.39,0
2023-03-30,17.39,17.39,17.39,17.39,0
2023-03-31,17.39,17.39,17.39,17.39,40
2023-04-03,17.39,17.39,17.39,17.39,2500
2023-04-04,17.39,17.39,17.39,17.39,0
2023-04-05,17.39,17.39,17.39,17.39,0
2023-04-06,17.39,17.39,17.39,17.39,0
2023-04-07,17.39,17.39,17.39,17.39,0
2023-04-10,17.39,17.39,17.39,17.39,8
2023-04-11,17.39,17.39,17.39,17.39,0
2023-04-12,17.39,17.39,17.39,17.39,0
2023-04-13,14.89,14.89,14.89,14.89,100
2023-04-14,14.89,14.89,14.89,14.89,0
2023-04-17,14.89,14.89,14.89,14.89,0
2023-04-18,12.92,12.92,12.92,12.92,100
2023-04-19,12.92,12.92,12.92,12.92,0
2023-04-20,12.92,12.92,12.92,12.92,0
2023-04-21,12.92,12.92,12.92,12.92,3
2023-04-24,12.92,12.92,12.92,12.92,0
2023-04-25,12.92,12.92,12.92,12.92,0
2023-04-26,12.92,12.92,12.92,12.92,0
2023-04-27,12.92,12.92,12.92,12.92,0
2023-04-28,12.92,12.92,12.92,12.92,0
2023-05-04,12.92,12.92,12.92,12.92,0
2023-05-05,12.92,12.92,12.92,12.92,0
2023-05-08,12.92,12.92,12.92,12.92,0
2023-05-09,12.92,12.92,12.92,12.92,0
2023-05-10,12.92,12.92,12.92,12.92,0
2023-05-11,12.92,12.92,12.92,12.92,0
2023-05-12,12.92,12.92,12.92,12.92,0
2023-05-15,12.92,12.92,12.92,12.92,0
2023-05-16,12.92,12.92,12.92,12.92,0
2023-05-17,12.92,12.92,12.92,12.92,0
2023-05-18,12.92,12.92,12.92,12.92,0
2023-05-19,12.92,12.92,12.92,12.92,0
2023-05-22,12.92,12.92,12.92,12.92,0
2023-05-23,12.92,12.92,12.92,12.92,0
2023-05-24,12.92,12.92,12.92,12.92,0
2023-05-25,12.92,12.92,12.92,12.92,0
2023-05-26,12.92,12.92,12.92,12.92,0
2023-05-29,14.83,14.83,14.83,14.83,100
2023-05-30,16.9,17.01,16.9,17.01,200
2023-05-31,16.96,16.96,16.96,16.96,0
2023-06-01,14.56,14.56,14.56,14.56,100
2023-06-02,16.74,16.74,16.74,16.74,100
2023-06-05,16.74,16.74,16.74,16.74,0
2023-06-06,14.39,14.39,14.39,14.39,100
2023-06-07,16.52,16.52,16.52,16.52,500
2023-06-08,16.52,16.52,16.52,16.52,0
2023-06-09,17.5,18.97,17.45,18.97,2000
2023-06-12,18.7,18.7,18.7,18.7,0
2023-06-13,18.7,18.7,18.7,18.7,3
2023-06-14,20.17,20.17,20.17,20.17,200
2023-06-15,21.26,21.26,21.26,21.26,6500
2023-06-16,21.26,21.26,21.26,21.26,0
2023-06-19,21.26,21.26,21.26,21.26,0
2023-06-20,21.26,21.26,21.26,21.26,0
2023-06-21,21.26,21.26,21.26,21.26,0
2023-06-22,21.26,21.26,21.26,21.26,0
2023-06-23,21.27,21.27,21.27,21.27,0
2023-06-26,21.27,21.27,21.27,21.27,0
2023-06-27,21.27,21.27,21.27,21.27,0
2023-06-28,21.27,21.27,21.27,21.27,0
2023-06-29,21.27,21.27,21.27,21.27,0
2023-06-30,21.27,21.27,21.27,21.27,0
2023-07-03,21.27,21.27,21.27,21.27,0
2023-07-04,21.27,21.27,21.27,21.27,0
2023-07-05,21.27,21.27,21.27,21.27,0
2023-07-06,21.27,21.27,21.27,21.27,0
2023-07-07,21.27,21.27,21.27,21.27,0
2023-07-10,21.27,21.27,21.27,21.27,0
2023-07-11,21.27,21.27,21.27,21.27,0
2023-07-12,21.27,21.27,21.27,21.27,100
2023-07-13,21.27,21.27,21.27,21.27,0
2023-07-14,21.27,21.27,21.27,21.27,0
2023-07-17,21.27,21.27,21.27,21.27,4
2023-07-18,21.27,21.27,21.27,21.27,0
2023-07-19,21.27,21.27,21.27,21.27,0
2023-07-20,21.3,21.3,21.3,21.3,0
2023-07-21,21.3,21.3,21.3,21.3,0
2023-07-24,21.3,21.3,21.3,21.3,0
2023-07-25,21.3,21.3,21.3,21.3,0
2023-07-26,21.3,21.3,21.3,21.3,0
2023-07-27,21.3,21.3,21.3,21.3,0
2023-07-28,21.3,21.3,21.3,21.3,0
2023-07-31,21.3,21.3,21.3,21.3,0
2023-08-01,21.3,21.3,21.3,21.3,0
2023-08-02,21.3,21.3,21.3,21.3,0
2023-08-03,21.3,21.3,21.3,21.3,0
2023-08-04,21.3,21.3,21.3,21.3,0
2023-08-07,21.3,21.3,21.3,21.3,0
2023-08-08,21.3,21.3,21.3,21.3,0
2023-08-09,21.3,21.3,21.3,21.3,0
2023-08-10,21.3,21.3,21.3,21.3,64
2023-08-11,21.3,21.3,21.3,21.3,0
2023-08-14,21.3,21.3,21.3,21.3,0
2023-08-15,21.3,21.3,21.3,21.3,0
2023-08-16,21.3,21.3,21.3,21.3,0
2023-08-17,21.3,21.3,21.3,21.3,0
2023-08-18,21.3,21.3,21.3,21.3,0
2023-08-21,21.3,21.3,21.3,21.3,0
2023-08-22,21.3,21.3,21.3,21.3,0
2023-08-23,21.3,21.3,21.3,21.3,0
2023-08-24,21.3,21.3,21.3,21.3,0
2023-08-25,21.3,21.3,21.3,21.3,0
2023-08-28,21.3,21.3,21.3,21.3,0
2023-08-29,21.3,21.3,21.3,21.3,0
2023-08-30,21.3,21.3,21.3,21.3,0
2023-08-31,21.3,21.3,21.3,21.3,0
2023-09-05,21.78,21.78,21.78,21.78,10000
2023-09-06,21.78,21.78,21.78,21.78,0
2023-09-07,21.78,21.78,21.78,21.78,3700
2023-09-08,21.78,21.78,21.78,21.78,0
2023-09-11,21.78,21.78,21.78,21.78,0
2023-09-12,21.78,21.78,21.78,21.78,0
2023-09-13,21.78,21.78,21.78,21.78,0
2023-09-14,21.78,21.78,21.78,21.78,2000
2023-09-15,21.78,21.78,21.78,21.78,0
2023-09-18,21.78,21.78,21.78,21.78,0
2023-09-19,21.78,21.78,21.78,21.78,0
2023-09-20,21.78,21.78,21.78,21.78,0
2023-09-21,21.78,21.78,21.78,21.78,0
2023-09-22,21.78,21.78,21.78,21.78,0
2023-09-25,21.78,21.78,21.78,21.78,0
2023-09-26,21.78,21.78,21.78,21.78,0
2023-09-27,21.78,21.78,21.78,21.78,0
2023-09-28,21.78,21.78,21.78,21.78,0
2023-09-29,21.78,21.78,21.78,21.78,0
2023-10-02,21.78,21.78,21.78,21.78,0
2023-10-03,21.78,21.78,21.78,21.78,0
2023-10-04,21.78,21.78,21.78,21.78,0
2023-10-05,21.78,21.78,21.78,21.78,0
2023-10-06,21.78,21.78,21.78,21.78,0
2023-10-09,20.42,20.42,20.42,20.42,200
2023-10-10,20.42,20.42,20.42,20.42,0
2023-10-11,20.42,20.42,20.42,20.42,0
2023-10-12,20.42,20.42,20.42,20.42,0
2023-10-13,20.42,20.42,20.42,20.42,0
2023-10-16,20.42,20.42,20.42,20.42,0
2023-10-17,20.42,20.42,20.42,20.42,0
2023-10-18,20.42,20.42,20.42,20.42,0
2023-10-19,20.42,20.42,20.42,20.42,0
2023-10-20,20.42,20.42,20.42,20.42,0
2023-10-23,20.42,20.42,20.42,20.42,1
2023-10-24,20.42,20.42,20.42,20.42,0
2023-10-25,20.42,20.42,20.42,20.42,0
2023-10-26,20.42,20.42,20.42,20.42,0
2023-10-27,17.49,17.49,17.49,17.49,100
2023-10-30,20.08,20.08,20.08,20.08,100
2023-10-31,20.08,20.08,20.08,20.08,0
2023-11-01,20.08,20.08,20.08,20.08,0
2023-11-02,20.08,20.08,20.08,20.08,0
2023-11-03,20.08,20.08,20.08,20.08,0
2023-11-06,20.08,20.08,20.08,20.08,0
2023-11-07,17.15,17.15,17.15,17.15,100
2023-11-08,15.38,15.38,15.38,15.38,100
2023-11-09,15.38,15.38,15.38,15.38,4
2023-11-10,17.63,17.63,17.63,17.63,100
2023-11-13,17.63,17.63,17.63,17.63,0
2023-11-14,16.2,16.2,16.2,16.2,100
2023-11-15,16.2,16.2,16.2,16.2,0
2023-11-16,16.2,16.2,16.2,16.2,0
2023-11-17,18.51,18.51,18.51,18.51,300
2023-11-20,18.51,18.51,18.51,18.51,0
2023-11-21,21.1,21.1,21.1,21.1,100
2023-11-22,21.1,21.1,21.1,21.1,0
2023-11-23,23.68,23.68,23.68,23.68,100
2023-11-24,20.14,20.14,20.14,20.14,439
2023-11-27,20.14,20.14,20.14,20.14,0
2023-11-28,20.14,20.14,20.14,20.14,0
2023-11-29,20.14,20.14,20.14,20.14,0
2023-11-30,20.14,20.14,20.14,20.14,0
2023-12-01,20.14,20.14,20.14,20.14,0
2023-12-04,20.14,20.14,20.14,20.14,76
2023-12-05,23.07,23.07,23.07,23.07,100
2023-12-06,23.07,23.07,23.07,23.07,0
2023-12-07,25.18,25.18,25.18,25.18,100
2023-12-08,25.18,25.18,25.18,25.18,0
2023-12-11,25.18,25.18,25.18,25.18,0
2023-12-12,25.18,25.18,25.18,25.18,0
2023-12-13,25.18,25.18,25.18,25.18,0
2023-12-14,25.18,25.18,25.18,25.18,0
2023-12-15,25.18,25.18,25.18,25.18,0
2023-12-18,25.18,25.18,25.18,25.18,0
2023-12-19,25.18,25.18,25.18,25.18,0
2023-12-20,25.18,25.18,25.18,25.18,0
2023-12-21,25.18,25.18,25.18,25.18,0
2023-12-22,25.18,25.18,25.18,25.18,0
2023-12-25,25.18,25.18,25.18,25.18,3
2023-12-26,25.18,25.18,25.18,25.18,0
2023-12-27,21.44,26.54,21.44,26.54,674
2023-12-28,23.82,23.82,23.82,23.82,2500
2023-12-29,23.82,23.82,23.82,23.82,0
2024-01-02,23.82,23.82,23.82,23.82,0
2024-01-03,23.82,23.82,23.82,23.82,1
2024-01-04,23.82,23.82,23.82,23.82,0
2024-01-05,23.82,23.82,23.82,23.82,0
2024-01-08,23.82,23.82,23.82,23.82,0
2024-01-09,23.82,23.82,23.82,23.82,0
2024-01-10,23.82,23.82,23.82,23.82,0
2024-01-11,23.82,23.82,23.82,23.82,0
2024-01-12,23.82,23.82,23.82,23.82,0
2024-01-15,23.82,23.82,23.82,23.82,0
2024-01-16,23.82,23.82,23.82,23.82,0
2024-01-17,23.82,23.82,23.82,23.82,0
2024-01-18,23.82,23.82,23.82,23.82,0
2024-01-19,23.82,23.82,23.82,23.82,0
2024-01-22,23.82,23.82,23.82,23.82,0
2024-01-23,23.82,23.82,23.82,23.82,0
2024-01-24,23.82,23.82,23.82,23.82,0
2024-01-25,23.82,23.82,23.82,23.82,0
2024-01-26,23.82,23.82,23.82,23.82,0
2024-01-29,23.82,23.82,23.82,23.82,0
2024-01-30,23.82,23.82,23.82,23.82,0
2024-01-31,23.82,23.82,23.82,23.82,0
2024-02-01,23.82,23.82,23.82,23.82,0
2024-02-02,23.82,23.82,23.82,23.82,0
2024-02-05,23.82,23.82,23.82,23.82,0
2024-02-06,23.82,23.82,23.82,23.82,40
2024-02-07,23.82,23.82,23.82,23.82,0
2024-02-15,23.82,23.82,23.82,23.82,0
2024-02-16,23.82,23.82,23.82,23.82,0
2024-02-19,23.82,23.82,23.82,23.82,0
2024-02-20,23.82,23.82,23.82,23.82,0
2024-02-21,23.82,23.82,23.82,23.82,0
2024-02-22,23.82,23.82,23.82,23.82,0
2024-02-23,23.82,23.82,23.82,23.82,0
2024-02-26,23.82,23.82,23.82,23.82,0
2024-02-27,23.82,23.82,23.82,23.82,0
2024-02-28,23.82,23.82,23.82,23.82,0
2024-02-29,15.38,15.38,15.38,15.38,100
2024-03-01,17.56,17.63,17.56,17.56,1200
2024-03-04,17.63,20.14,17.63,18.37,1004
2024-03-05,20.82,20.82,20.82,20.82,101
2024-03-06,20.69,20.69,19.74,20.28,1300
2024-03-07,20.35,20.35,20.35,20.35,100
2024-03-08,20.35,20.35,20.35,20.35,0
2024-03-11,20.42,20.42,20.42,20.42,1000
2024-03-12,20.42,20.42,20.42,20.42,30
2024-03-13,18.1,20.35,18.1,20.35,200
2024-03-14,19.26,19.26,19.26,19.26,0
2024-03-15,16.54,16.54,16.54,16.54,154
2024-03-18,16.54,16.54,16.54,16.54,0
2024-03-19,18.99,18.99,18.99,18.99,1280
2024-03-20,19.74,19.74,19.74,19.74,300
2024-03-21,20.35,21.1,20.35,21.1,4034
2024-03-22,21.1,21.1,21.03,21.1,1105
2024-03-25,21.1,21.1,21.1,21.1,900
2024-03-26,21.1,21.1,21.1,21.1,100
2024-03-27,21.1,21.1,21.1,21.1,0
2024-03-28,21.64,24.09,21.64,24.09,5400
2024-03-29,24.84,24.84,24.84,24.84,500
2024-04-01,24.84,24.84,24.84,24.84,0
2024-04-02,24.84,24.84,24.84,24.84,0
2024-04-03,21.3,25.59,21.23,25.59,1400
2024-04-04,21.23,21.3,21.23,21.23,300
2024-04-05,20.48,20.48,20.48,20.48,102
2024-04-08,20.48,20.48,19.12,19.12,300
2024-04-09,21.71,22.73,21.71,22.73,405
2024-04-10,25.18,25.59,21.1,21.1,6600
2024-04-11,25.45,25.52,25.45,25.52,500
2024-04-12,25.86,26.54,25.86,26.54,300
2024-04-15,26.34,26.34,26.34,26.34,0
2024-04-16,26.34,26.34,26.34,26.34,0
2024-04-17,26.34,26.34,26.34,26.34,0
2024-04-19,26.34,26.34,26.34,26.34,0
2024-04-22,22.46,22.46,22.46,22.46,500
2024-04-23,25.18,25.18,25.18,25.18,100
2024-04-24,25.18,25.18,25.18,25.18,32
2024-04-25,25.18,25.18,25.18,25.18,0
2024-04-26,25.18,25.18,25.18,25.18,0
2024-05-02,25.18,25.18,25.18,25.18,2000
2024-05-03,25.18,25.18,25.18,25.18,0
2024-05-06,25.18,25.18,25.18,25.18,0
2024-05-07,25.18,25.18,25.18,25.18,0
2024-05-08,23.82,23.82,23.82,23.82,1000
2024-05-09,23.82,23.82,23.82,23.82,1519
2024-05-10,23.82,23.82,23.82,23.82,0
2024-05-13,23.82,23.82,23.82,23.82,0
2024-05-14,23.82,23.82,23.82,23.82,0
2024-05-15,27.22,27.22,27.22,27.22,100
2024-05-16,27.22,27.22,27.22,27.22,0
2024-05-17,27.22,27.22,27.22,27.22,0
2024-05-20,27.22,27.22,27.22,27.22,0
2024-05-21,27.22,27.22,27.22,27.22,0
2024-05-22,27.22,27.22,27.22,27.22,0
2024-05-23,27.22,27.22,27.22,27.22,0
2024-05-24,27.22,27.22,27.22,27.22,0
2024-05-27,27.22,27.22,27.22,27.22,0
2024-05-28,27.22,27.22,27.22,27.22,4
2024-05-29,27.22,27.22,27.22,27.22,47
2024-05-30,27.22,27.22,27.22,27.22,2
2024-05-31,27.22,27.22,27.22,27.22,1
2024-06-03,27.22,27.22,27.22,27.22,0
2024-06-04,27.22,27.22,27.22,27.22,0
2024-06-05,27.22,27.22,27.22,27.22,0
2024-06-06,27.22,27.22,27.22,27.22,0
2024-06-07,27.22,27.22,27.22,27.22,0
2024-06-10,27.22,27.22,27.22,27.22,0
2024-06-11,27.22,27.22,27.22,27.22,0
2024-06-12,27.22,27.22,27.22,27.22,7
2024-06-13,27.22,27.22,27.22,27.22,0
2024-06-14,27.22,27.22,27.22,27.22,0
2024-06-17,27.22,27.22,27.22,27.22,1
2024-06-18,27.22,27.22,27.22,27.22,0
2024-06-19,27.22,27.22,27.22,27.22,0
2024-06-20,27.22,27.22,27.22,27.22,0
2024-06-21,27.22,27.22,27.22,27.22,0
2024-06-24,27.22,27.22,27.22,27.22,0
2024-06-25,27.22,27.22,27.22,27.22,0
2024-06-26,27.22,27.22,27.22,27.22,0
2024-06-27,27.22,27.22,27.22,27.22,0
2024-06-28,27.22,27.22,27.22,27.22,0
2024-07-01,27.22,27.22,27.22,27.22,0
2024-07-02,27.22,27.22,27.22,27.22,0
2024-07-03,27.22,27.22,27.22,27.22,0
2024-07-04,27.22,27.22,27.22,27.22,0
2024-07-05,27.22,27.22,27.22,27.22,0
2024-07-08,27.22,27.22,27.22,27.22,0
2024-07-09,27.22,27.22,27.22,27.22,0
2024-07-10,27.22,27.22,27.22,27.22,0
2024-07-11,27.22,27.22,27.22,27.22,0
2024-07-12,27.22,27.22,27.22,27.22,0
2024-07-15,27.22,27.22,27.22,27.22,0
2024-07-16,27.22,27.22,27.22,27.22,0
2024-07-17,27.22,27.22,27.22,27.22,0
2024-07-18,27.22,27.22,27.22,27.22,0
2024-07-19,27.22,27.22,27.22,27.22,0
2024-07-22,27.22,27.22,27.22,27.22,0
2024-07-23,27.22,27.22,27.22,27.22,0
2024-07-24,27.22,27.22,27.22,27.22,0
2024-07-25,27.22,27.22,27.22,27.22,0
2024-07-26,27.22,27.22,27.22,27.22,0
2024-07-29,27.22,27.22,27.22,27.22,0
2024-07-30,27.22,27.22,27.22,27.22,0
2024-07-31,27.22,27.22,27.22,27.22,0
2024-08-01,27.22,27.22,27.22,27.22,0
2024-08-02,27.22,27.22,27.22,27.22,0
2024-08-05,27.22,27.22,27.22,27.22,0
2024-08-06,27.22,27.22,27.22,27.22,0
2024-08-07,27.22,27.22,27.22,27.22,0
2024-08-08,27.22,27.22,27.22,27.22,0
2024-08-09,27.22,27.22,27.22,27.22,0
2024-08-12,27.22,27.22,27.22,27.22,0
2024-08-13,27.22,27.22,27.22,27.22,0
2024-08-14,27.22,27.22,27.22,27.22,0
2024-08-15,27.22,27.22,27.22,27.22,0
2024-08-16,27.22,27.22,27.22,27.22,0
2024-08-19,27.22,27.22,27.22,27.22,0
2024-08-20,27.22,27.22,27.22,27.22,0
2024-08-21,27.22,27.22,27.22,27.22,0
2024-08-22,27.22,27.22,27.22,27.22,0
2024-08-23,27.22,27.22,27.22,27.22,0
2024-08-26,27.22,27.22,27.22,27.22,0
2024-08-27,27.22,27.22,27.22,27.22,0
2024-08-28,16.33,16.33,16.33,16.33,100
2024-08-29,16.33,16.33,16.33,16.33,0
2024-08-30,16.33,16.33,16.33,16.33,0
2024-09-04,16.33,16.33,16.33,16.33,0
2024-09-05,16.33,16.33,16.33,16.33,0
2024-09-06,16.33,16.33,16.33,16.33,0
2024-09-09,16.33,16.33,16.33,16.33,0
2024-09-10,18.76,18.76,18.76,18.76,100
2024-09-11,21.53,21.53,21.53,21.53,100
2024-09-12,24.71,24.71,24.71,24.71,121
2024-09-13,24.71,24.71,24.71,24.71,0
2024-09-16,25.55,25.55,25.55,25.55,100
2024-09-17,25.55,25.55,25.55,25.55,0
2024-09-18,28.31,28.31,28.31,28.31,100
2024-09-19,28.31,28.31,28.31,28.31,0
2024-09-20,28.31,28.31,28.31,28.31,0
2024-09-23,28.31,28.31,28.31,28.31,0
2024-09-24,28.31,28.31,28.31,28.31,0
2024-09-25,28.31,28.31,28.31,28.31,0
2024-09-26,28.31,28.31,28.31,28.31,0
2024-09-27,28.31,28.31,28.31,28.31,0
2024-09-30,28.31,28.31,28.31,28.31,0
2024-10-01,28.31,28.31,28.31,28.31,0
2024-10-02,28.31,28.31,28.31,28.31,0
2024-10-03,28.31,28.31,28.31,28.31,0
2024-10-04,28.31,28.31,28.31,28.31,0
2024-10-07,28.31,28.31,28.31,28.31,0
2024-10-08,28.31,28.31,28.31,28.31,0
2024-10-09,28.31,28.31,28.31,28.31,3
2024-10-10,28.31,28.31,28.31,28.31,0
2024-10-11,28.31,28.31,28.31,28.31,0
2024-10-14,28.31,28.31,28.31,28.31,0
2024-10-15,24.29,24.29,24.29,24.29,100
2024-10-16,24.29,24.29,24.29,24.29,20
2024-10-17,24.29,24.29,24.29,24.29,0
2024-10-18,20.69,20.69,20.69,20.69,100
2024-10-21,23.79,23.79,23.79,23.79,200
2024-10-22,26.64,26.64,26.64,26.64,100
2024-10-23,26.64,26.64,26.64,26.64,0
2024-10-24,26.64,26.64,26.64,26.64,0
2024-10-25,26.64,26.64,26.64,26.64,0
2024-10-28,26.64,26.64,26.64,26.64,0
2024-10-29,26.64,26.64,26.64,26.64,0
2024-10-30,26.64,26.64,26.64,26.64,0
2024-10-31,26.64,26.64,26.64,26.64,0
2024-11-01,26.64,26.64,26.64,26.64,0
2024-11-04,28.23,28.23,28.23,28.23,115
2024-11-05,28.23,28.23,28.23,28.23,1
2024-11-06,28.23,28.23,28.23,28.23,0
2024-11-07,28.23,28.23,28.23,28.23,0
2024-11-08,28.23,28.23,28.23,28.23,0
2024-11-11,32.42,32.42,32.42,32.42,100
2024-11-12,27.56,27.56,27.56,27.56,203
2024-11-13,27.56,27.56,27.56,27.56,0
2024-11-14,23.45,23.45,23.45,23.45,100
2024-11-15,23.45,23.45,23.45,23.45,0
2024-11-18,19.93,19.93,19.93,19.93,100
2024-11-19,19.93,19.93,19.93,19.93,0
2024-11-20,17.0,17.0,17.0,17.0,100
2024-11-21,17.0,17.0,17.0,17.0,0
2024-11-22,17.0,17.0,17.0,17.0,0
2024-11-25,14.49,14.49,14.49,14.49,100
2024-11-26,14.49,14.49,14.49,14.49,0
2024-11-27,14.49,14.49,14.49,14.49,0
2024-11-28,14.49,14.49,14.49,14.49,0
2024-11-29,14.49,14.49,14.49,14.49,0
2024-12-02,14.49,14.49,14.49,14.49,0
2024-12-03,14.49,14.49,14.49,14.49,0
2024-12-04,14.49,14.49,14.49,14.49,0
2024-12-05,14.49,14.49,14.49,14.49,0
2024-12-06,14.49,14.49,14.49,14.49,0
2024-12-09,14.49,14.49,14.49,14.49,0
2024-12-10,14.49,14.49,14.49,14.49,0
2024-12-11,14.49,14.49,14.49,14.49,0
2024-12-12,14.49,14.49,14.49,14.49,0
2024-12-13,14.49,14.49,14.49,14.49,0
2024-12-16,14.49,14.49,14.49,14.49,0
2024-12-17,14.49,14.49,14.49,14.49,0
2024-12-18,14.49,14.49,14.49,14.49,0
2024-12-19,14.49,14.49,14.49,14.49,0
2024-12-20,14.49,14.49,14.49,14.49,0
2024-12-23,14.49,14.49,14.49,14.49,0
2024-12-24,14.49,14.49,14.49,14.49,0
2024-12-25,14.49,14.49,14.49,14.49,0
2024-12-26,14.49,14.49,14.49,14.49,0
2024-12-27,14.49,14.49,14.49,14.49,0
2024-12-30,14.49,14.49,14.49,14.49,0
2024-12-31,14.49,14.49,14.49,14.49,0
2025-01-02,14.49,14.49,14.49,14.49,0
2025-01-03,14.49,14.49,14.49,14.49,0
2025-01-06,14.49,14.49,14.49,14.49,0
2025-01-07,14.49,14.49,14.49,14.49,0
2025-01-08,14.49,14.49,14.49,14.49,0
2025-01-09,14.49,14.49,14.49,14.49,0
2025-01-10,14.49,14.49,14.49,14.49,0
2025-01-13,14.49,14.49,14.49,14.49,0
2025-01-14,14.49,14.49,14.49,14.49,0
2025-01-15,14.49,14.49,14.49,14.49,0
2025-01-16,14.49,14.49,14.49,14.49,0
2025-01-17,14.49,14.49,14.49,14.49,0
2025-01-20,14.49,14.49,14.49,14.49,0
2025-01-21,14.49,14.49,14.49,14.49,0
2025-01-22,14.49,14.49,14.49,14.49,0
2025-01-23,14.49,14.49,14.49,14.49,0
2025-01-24,14.49,14.49,14.49,14.49,0
2025-02-03,14.49,14.49,14.49,14.49,0
2025-02-04,14.49,14.49,14.49,14.49,0
2025-02-05,14.49,14.49,14.49,14.49,0
2025-02-06,14.49,14.49,14.49,14.49,0
2025-02-07,14.49,14.49,14.49,14.49,0
2025-02-10,14.49,14.49,14.49,14.49,0
2025-02-11,14.49,14.49,14.49,14.49,0
2025-02-12,14.49,14.49,14.49,14.49,0
2025-02-13,14.49,14.49,14.49,14.49,0
2025-02-14,14.49,14.49,14.49,14.49,0
2025-02-17,14.49,14.49,14.49,14.49,0
2025-02-18,14.49,14.49,14.49,14.49,0
2025-02-19,14.49,14.49,14.49,14.49,0
2025-02-20,14.49,14.49,14.49,14.49,0
2025-02-21,14.49,14.49,14.49,14.49,0
2025-02-24,14.49,14.49,14.49,14.49,0
2025-02-25,14.49,14.49,14.49,14.49,0
2025-02-26,14.49,14.49,14.49,14.49,0
2025-02-27,14.49,14.49,14.49,14.49,0
2025-02-28,14.49,14.49,14.49,14.49,0
2025-03-03,14.49,14.49,14.49,14.49,0
2025-03-04,14.49,14.49,14.49,14.49,0
2025-03-05,14.49,14.49,14.49,14.49,0
2025-03-06,14.49,14.49,14.49,14.49,0
2025-03-07,14.49,14.49,14.49,14.49,0
2025-03-10,14.49,14.49,14.49,14.49,0
2025-03-11,14.49,14.49,14.49,14.49,0
2025-03-12,14.49,14.49,14.49,14.49,0
2025-03-13,20.27,20.27,20.27,20.27,2300
2025-03-14,23.29,23.29,23.29,23.29,500
2025-03-17,26.72,26.72,26.72,26.72,932
2025-03-18,30.66,30.66,26.8,26.8,1213
2025-03-19,23.96,25.04,23.96,25.04,518
2025-03-20,26.72,26.72,25.13,25.13,514
2025-03-21,25.46,25.46,25.46,25.46,0
2025-03-24,26.72,26.72,26.72,26.72,100
2025-03-25,26.72,26.72,26.72,26.72,1
2025-03-26,26.55,26.55,26.55,26.55,500
2025-03-27,26.55,26.55,26.55,26.55,0
2025-03-28,26.55,26.55,26.55,26.55,0
2025-03-31,26.3,26.38,25.38,25.38,1100
2025-04-01,25.88,25.88,25.88,25.88,0
2025-04-02,25.88,25.88,25.88,25.88,100
2025-04-03,25.97,25.97,25.97,25.97,1300
2025-04-04,25.97,25.97,25.97,25.97,400
2025-04-08,25.97,25.97,25.97,25.97,0
2025-04-09,25.97,25.97,25.97,25.97,0
2025-04-10,25.97,25.97,25.97,25.97,0
2025-04-11,25.97,25.97,25.97,25.97,1
2025-04-14,25.97,25.97,25.97,25.97,0
2025-04-15,25.97,25.97,25.97,25.97,0
2025-04-16,25.97,25.97,25.97,25.97,0
2025-04-17,25.97,25.97,25.97,25.97,0
2025-04-18,25.97,25.97,25.97,25.97,0
2025-04-21,25.97,25.97,25.97,25.97,0
2025-04-22,25.97,25.97,25.97,25.97,0
2025-04-23,25.97,25.97,25.97,25.97,0
2025-04-24,25.97,25.97,25.97,25.97,0
2025-04-25,26.55,26.55,26.55,26.55,100
2025-04-28,26.55,26.55,26.55,26.55,0
2025-04-29,26.55,26.55,26.55,26.55,0
2025-05-05,26.8,26.8,26.8,26.8,1000
2025-05-06,26.8,26.8,26.8,26.8,0
2025-05-07,26.8,26.8,26.8,26.8,0
2025-05-08,26.8,27.64,26.8,27.64,300
2025-05-09,26.72,26.72,26.72,26.72,100
2025-05-12,26.72,26.72,26.72,26.72,1
2025-05-13,26.72,26.72,26.72,26.72,1
2025-05-14,26.72,26.72,26.72,26.72,0
2025-05-15,26.72,26.72,26.72,26.72,0
2025-05-16,26.72,26.72,26.72,26.72,0
2025-05-19,26.72,26.72,26.72,26.72,0
2025-05-20,26.72,30.15,26.38,30.15,800
2025-05-21,27.05,27.05,27.05,27.05,0
2025-05-22,26.13,26.13,26.13,26.13,300
2025-05-23,26.13,26.13,26.13,26.13,1
2025-05-26,27.64,27.64,27.64,27.64,100
2025-05-27,27.64,27.64,27.64,27.64,1
2025-05-28,27.64,27.64,27.64,27.64,2
2025-05-29,25.88,25.88,25.8,25.8,500
2025-05-30,25.88,25.97,25.88,25.97,200
2025-06-02,27.89,27.89,27.89,27.89,1000
2025-06-03,27.89,27.89,27.89,27.89,0
2025-06-04,25.46,29.32,25.46,29.32,306
2025-06-05,28.06,28.06,28.06,28.06,0
2025-06-06,28.06,28.06,28.06,28.06,0
2025-06-09,28.06,28.06,28.06,28.06,0
2025-06-10,28.06,28.06,28.06,28.06,0
2025-06-11,28.06,28.06,28.06,28.06,0
2025-06-12,28.06,28.06,28.06,28.06,0
2025-06-13,28.06,28.06,28.06,28.06,0
2025-06-16,28.06,28.06,28.06,28.06,0
2025-06-17,28.06,28.06,28.06,28.06,0
2025-06-18,28.06,28.06,28.06,28.06,0
2025-06-19,28.06,28.06,28.06,28.06,0
2025-06-20,28.06,28.06,28.06,28.06,0
2025-06-23,28.06,28.06,28.06,28.06,10
2025-06-24,28.06,28.06,28.06,28.06,0
2025-06-25,28.06,28.06,28.06,28.06,0
2025-06-26,28.06,28.06,28.06,28.06,0
2025-06-27,28.06,28.06,28.06,28.06,0
2025-06-30,28.06,28.06,28.06,28.06,0
2025-07-01,28.06,28.06,28.06,28.06,0
2025-07-02,28.06,28.06,28.06,28.06,0
2025-07-03,28.06,28.06,28.06,28.06,0
2025-07-04,28.06,28.06,28.06,28.06,0
2025-07-07,28.06,28.06,28.06,28.06,0
2025-07-08,28.06,28.06,28.06,28.06,0
2025-07-09,28.06,28.06,28.06,28.06,0
2025-07-10,28.06,28.06,28.06,28.06,0
2025-07-11,28.06,28.06,28.06,28.06,0
2025-07-14,28.06,28.06,28.06,28.06,100
2025-07-15,28.06,28.06,28.06,28.06,0
2025-07-16,28.06,28.06,28.06,28.06,0
2025-07-17,26.8,26.8,26.8,26.8,100
2025-07-18,29.32,29.32,29.32,29.32,300
2025-07-21,29.32,29.32,29.32,29.32,0
2025-07-22,28.06,28.06,28.06,28.06,300
2025-07-23,28.06,28.06,28.06,28.06,0
2025-07-24,28.06,28.06,28.06,28.06,0
2025-07-25,28.06,28.06,28.06,28.06,0
2025-07-28,28.06,28.06,28.06,28.06,0
2025-07-29,28.06,28.06,28.06,28.06,0
2025-07-30,28.06,28.06,28.06,28.06,0
2025-07-31,28.06,28.06,28.06,28.06,0
2025-08-01,28.06,28.06,28.06,28.06,0
2025-08-04,28.06,28.06,28.06,28.06,0
2025-08-05,28.06,28.06,28.06,28.06,0
2025-08-06,28.06,28.06,28.06,28.06,0
2025-08-07,28.06,28.06,28.06,28.06,0
2025-08-08,28.06,28.06,28.06,28.06,0
2025-08-11,29.32,30.57,29.32,30.57,1100
2025-08-12,29.99,29.99,29.99,29.99,0
2025-08-13,29.99,29.99,29.99,29.99,0
2025-08-14,29.99,29.99,29.99,29.99,0
2025-08-15,29.99,29.99,29.99,29.99,0
2025-08-18,29.99,29.99,29.99,29.99,0
2025-08-19,34.26,34.26,34.26,34.26,400
2025-08-20,34.17,34.17,34.17,34.17,200
2025-08-21,34.17,34.17,34.17,34.17,2
2025-08-22,34.17,34.17,34.17,34.17,0
2025-08-25,34.18,34.18,34.18,34.18,0
2025-08-26,34.18,34.18,34.18,34.18,0
2025-08-27,34.18,34.18,34.18,34.18,0
2025-08-28,34.18,34.18,34.18,34.18,0
2025-08-29,34.18,34.18,34.18,34.18,0
2025-09-03,34.18,34.18,34.18,34.18,0
2025-09-04,34.18,34.18,34.18,34.18,1
2025-09-05,34.18,34.18,34.18,34.18,0
2025-09-08,34.18,34.18,34.18,34.18,0
2025-09-09,34.18,34.18,34.18,34.18,0
2025-09-10,34.18,34.18,34.18,34.18,0
2025-09-11,34.18,34.18,34.18,34.18,0
2025-09-12,34.18,34.35,34.18,34.35,1000
2025-09-15,35.57,35.57,34.26,34.26,8600
2025-09-16,35.22,35.22,29.22,29.57,5801
2025-09-17,31.31,31.31,29.57,29.57,6930
2025-09-18,33.04,33.04,32.96,32.96,603
2025-09-19,32.5,33.0,32.5,33.0,1062
2025-09-22,33.0,33.0,32.9,32.9,4102
2025-09-23,32.7,32.7,32.0,32.0,2000
2025-09-24,32.1,32.1,32.1,32.1,254
2025-09-25,32.1,32.1,32.1,32.1,100
2025-09-26,32.1,32.1,32.1,32.1,11
2025-09-29,32.2,33.3,32.2,33.3,500
2025-09-30,33.0,33.0,33.0,33.0,0
2025-10-01,33.0,33.0,33.0,33.0,0
2025-10-02,37.9,37.9,37.9,37.9,100
2025-10-08,43.0,43.0,43.0,43.0,100
2025-10-16,36.6,36.6,36.6,36.6,400
2025-10-17,31.3,31.3,31.3,31.3,100
