time,open,high,low,close,volume
2019-07-30,12.74,12.74,9.1,12.74,714800
2019-07-31,12.43,12.56,12.43,12.56,76600
2019-08-01,12.62,12.74,11.46,12.31,44100
2019-08-02,11.22,11.95,10.31,10.86,59200
2019-08-05,10.92,10.98,9.34,9.83,86400
2019-08-06,10.49,10.49,9.1,9.83,210100
2019-08-07,9.7,10.49,9.1,9.16,48510
2019-08-08,9.83,9.95,9.28,9.58,25600
2019-08-09,10.19,10.19,9.1,9.7,27200
2019-08-12,9.28,9.7,9.04,9.1,51500
2019-08-13,9.04,9.1,8.73,8.92,23400
2019-08-14,8.55,8.86,8.49,8.49,245750
2019-08-15,8.55,8.98,8.55,8.67,28620
2019-08-16,8.61,8.73,8.61,8.61,72310
2019-08-19,8.61,8.79,8.61,8.79,23840
2019-08-20,8.61,9.4,8.61,9.28,38360
2019-08-21,9.28,9.34,9.1,9.16,55670
2019-08-22,9.22,9.22,9.04,9.16,30600
2019-08-23,9.1,9.22,8.98,9.22,30040
2019-08-26,9.04,9.16,8.98,9.1,147200
2019-08-27,9.1,9.64,9.1,9.4,212500
2019-08-28,9.28,9.34,9.22,9.28,30320
2019-08-29,9.34,9.34,9.16,9.28,22400
2019-08-30,10.01,10.01,9.04,9.1,25000
2019-09-03,9.1,9.16,9.04,9.1,33000
2019-09-04,8.98,9.04,8.55,9.04,27400
2019-09-05,9.04,9.04,8.55,8.79,29210
2019-09-06,8.73,9.04,8.73,8.98,20900
2019-09-09,8.92,9.1,8.86,8.98,23700
2019-09-10,9.04,9.04,8.86,9.04,32200
2019-09-11,9.04,9.04,8.79,8.86,31300
2019-09-12,8.92,8.92,8.61,8.86,25210
2019-09-13,8.61,9.04,8.61,8.98,33700
2019-09-16,8.86,8.86,8.73,8.86,27400
2019-09-17,8.67,8.86,8.67,8.73,29120
2019-09-18,8.67,8.86,8.49,8.79,26600
2019-09-19,8.79,8.79,8.55,8.73,31800
2019-09-20,8.67,8.73,8.49,8.73,19000
2019-09-23,8.92,8.92,8.67,8.73,25900
2019-09-24,8.73,8.73,8.61,8.61,20600
2019-09-25,8.73,8.73,8.61,8.73,28100
2019-09-26,8.86,8.86,8.61,8.73,20530
2019-09-27,8.67,8.86,8.49,8.49,22300
2019-09-30,8.67,8.79,8.61,8.79,39800
2019-10-01,8.73,8.79,8.67,8.79,28110
2019-10-02,8.86,8.92,8.73,8.73,22400
2019-10-03,8.67,9.7,8.55,9.7,65700
2019-10-04,9.1,9.58,8.79,9.1,138000
2019-10-07,9.34,9.34,9.22,9.34,28100
2019-10-08,9.46,9.7,9.28,9.64,51300
2019-10-09,9.4,9.64,9.28,9.52,49500
2019-10-10,9.64,9.64,9.34,9.4,37800
2019-10-11,9.34,9.89,9.34,9.77,55700
2019-10-14,9.89,9.89,9.77,9.83,51950
2019-10-15,9.83,9.83,9.77,9.83,33200
2019-10-16,9.83,9.83,9.64,9.77,41100
2019-10-17,9.7,9.83,9.64,9.64,40800
2019-10-18,9.77,9.89,9.52,9.77,35700
2019-10-21,9.64,9.7,9.52,9.7,28400
2019-10-22,9.58,9.64,9.4,9.64,31100
2019-10-23,9.58,9.58,9.4,9.4,32700
2019-10-24,9.4,9.4,9.28,9.28,25300
2019-10-25,9.34,9.34,9.28,9.28,25300
2019-10-28,9.28,9.28,9.1,9.1,32300
2019-10-29,9.16,9.16,8.98,9.1,33400
2019-10-30,9.16,9.16,9.04,9.16,44500
2019-10-31,9.16,9.16,9.04,9.16,25300
2019-11-01,8.98,9.28,8.98,9.16,54190
2019-11-04,9.1,10.31,9.1,9.22,52600
2019-11-05,9.22,9.22,9.16,9.22,30100
2019-11-06,9.1,9.28,8.79,9.22,36100
2019-11-07,9.16,9.28,8.86,9.22,43990
2019-11-08,9.28,9.28,9.1,9.16,30900
2019-11-11,9.22,9.34,9.22,9.28,29400
2019-11-12,9.34,9.34,8.98,8.98,20700
2019-11-13,8.79,8.92,8.79,8.79,22300
2019-11-14,8.98,8.98,8.79,8.79,24370
2019-11-15,9.1,9.16,8.86,9.1,24300
2019-11-18,9.1,9.22,8.98,9.22,28300
2019-11-19,9.1,9.28,8.98,9.22,32900
2019-11-20,9.22,9.22,9.04,9.04,26100
2019-11-21,9.28,9.4,8.98,9.22,26000
2019-11-22,9.34,9.7,9.04,9.58,26200
2019-11-25,9.52,9.7,9.28,9.4,23110
2019-11-26,9.34,9.46,9.1,9.1,9400
2019-11-27,9.22,9.28,9.22,9.28,31700
2019-11-28,9.16,9.4,8.98,9.28,27500
2019-11-29,9.04,9.28,8.92,9.16,27300
2019-12-02,9.16,9.28,9.04,9.16,27200
2019-12-03,9.22,9.46,9.1,9.34,24700
2019-12-04,9.28,9.4,9.22,9.34,21000
2019-12-05,9.4,10.74,9.34,9.52,23200
2019-12-06,9.58,9.7,9.34,9.7,24900
2019-12-09,9.7,9.7,9.4,9.52,23100
2019-12-10,9.52,9.52,9.22,9.22,22510
2019-12-11,9.34,9.34,9.04,9.1,23500
2019-12-12,9.28,9.28,8.86,9.04,23100
2019-12-13,9.28,9.28,8.79,9.1,24500
2019-12-16,9.1,9.1,8.86,8.92,24200
2019-12-17,9.28,9.4,8.98,9.16,21710
2019-12-18,9.4,9.52,8.98,9.04,20000
2019-12-19,9.1,9.46,9.04,9.1,22600
2019-12-20,8.92,9.28,8.92,9.28,22500
2019-12-23,9.16,9.4,9.1,9.28,23730
2019-12-24,9.4,9.64,9.04,9.34,22000
2019-12-25,9.58,9.58,9.1,9.1,23100
2019-12-26,9.64,9.64,9.16,9.28,24800
2019-12-27,9.22,9.58,9.1,9.58,40700
2019-12-30,9.58,9.64,9.4,9.58,24400
2019-12-31,9.7,10.01,9.64,10.01,23100
2020-01-02,9.7,9.89,9.58,9.7,20700
2020-01-03,9.77,9.89,9.58,9.64,18300
2020-01-06,9.58,9.64,9.4,9.46,21330
2020-01-07,10.01,10.01,9.46,9.46,20100
2020-01-08,9.52,9.52,9.22,9.28,23200
2020-01-09,9.34,9.34,9.04,9.28,24100
2020-01-10,9.7,9.7,9.04,9.34,15800
2020-01-13,9.16,9.28,9.1,9.16,21700
2020-01-14,9.1,9.16,9.1,9.16,23500
2020-01-15,9.22,9.22,9.04,9.04,20400
2020-01-16,9.1,9.22,9.1,9.22,21200
2020-01-17,9.22,9.28,9.16,9.22,23000
2020-01-20,9.22,9.28,9.22,9.28,21900
2020-01-21,9.34,9.95,9.28,9.95,22200
2020-01-22,9.34,9.64,9.34,9.64,19600
2020-01-30,9.58,9.58,9.28,9.58,21400
2020-01-31,9.52,9.58,9.4,9.52,21200
2020-02-03,9.46,9.64,9.34,9.58,22900
2020-02-04,9.52,9.64,9.52,9.64,4600
2020-02-05,9.58,9.58,9.58,9.58,100
2020-02-06,9.58,9.64,9.4,9.64,4900
2020-02-07,9.7,9.89,9.34,9.52,7400
2020-02-10,9.4,9.4,9.28,9.34,3500
2020-02-11,9.28,9.46,9.28,9.46,3800
2020-02-12,9.4,9.52,9.28,9.34,8100
2020-02-13,9.28,9.4,9.16,9.28,6900
2020-02-14,9.4,9.46,9.4,9.46,9800
2020-02-17,10.07,10.07,9.4,9.4,4310
2020-02-18,9.7,9.89,9.46,9.58,6400
2020-02-19,9.7,9.7,9.58,9.58,4600
2020-02-20,9.58,9.95,9.4,9.89,24600
2020-02-21,9.95,9.95,9.83,9.83,400
2020-02-24,9.83,9.83,9.7,9.83,1300
2020-02-25,9.83,9.83,9.64,9.77,3300
2020-02-26,9.77,9.77,9.58,9.64,1600
2020-02-27,9.64,9.7,9.52,9.58,3910
2020-02-28,9.52,9.52,9.4,9.4,2100
2020-03-02,9.34,9.52,9.34,9.52,1400
2020-03-03,9.4,9.52,9.4,9.46,1800
2020-03-04,9.28,9.52,9.22,9.52,5300
2020-03-05,9.34,9.64,9.28,9.58,7200
2020-03-06,9.58,9.77,9.46,9.7,4600
2020-03-09,9.64,9.64,9.52,9.58,1800
2020-03-10,9.58,10.01,9.58,10.01,13600
2020-03-11,9.58,9.95,9.58,9.89,4000
2020-03-12,9.77,9.83,9.58,9.64,7900
2020-03-13,9.52,9.64,9.28,9.46,7600
2020-03-16,9.46,9.46,9.34,9.34,7100
2020-03-17,9.28,9.52,9.28,9.4,3900
2020-03-18,9.34,9.46,9.34,9.46,2500
2020-03-19,9.58,9.58,9.34,9.46,7900
2020-03-20,9.22,9.52,9.22,9.46,5000
2020-03-23,9.4,9.4,9.4,9.4,510
2020-03-24,9.4,9.52,9.4,9.52,1100
2020-03-25,9.58,9.89,9.52,9.7,2800
2020-03-26,9.7,9.7,9.4,9.4,600
2020-03-27,9.52,9.4,9.4,9.4,0
2020-03-30,9.52,9.4,9.4,9.4,0
2020-03-31,9.28,9.28,9.1,9.1,700
2020-04-01,9.16,9.1,9.1,9.1,0
2020-04-03,8.79,9.1,8.79,8.79,3800
2020-04-06,8.98,9.1,8.49,8.92,3400
2020-04-07,8.37,8.61,8.25,8.61,8300
2020-04-08,9.04,9.04,7.58,7.58,16800
2020-04-09,7.76,7.76,6.98,6.98,4900
2020-04-10,7.58,8.19,7.58,8.19,2300
2020-04-13,7.7,8.19,7.7,8.13,3000
2020-04-14,7.88,8.07,7.82,8.07,2800
2020-04-15,8.19,8.19,8.19,8.19,200
2020-04-16,8.19,8.49,8.19,8.19,1350
2020-04-17,8.19,8.31,8.07,8.31,1200
2020-04-20,8.67,9.4,8.67,9.28,6750
2020-04-21,9.1,9.1,8.79,8.79,300
2020-04-22,8.92,8.92,8.92,8.92,100
2020-04-23,8.92,9.1,8.79,8.98,1067
2020-04-24,9.1,9.1,8.92,8.92,301
2020-04-27,8.92,8.92,8.49,8.49,2768
2020-04-28,8.55,8.55,8.55,8.49,24
2020-04-29,8.55,8.49,8.49,8.49,0
2020-05-04,8.61,8.61,8.49,8.49,1008
2020-05-05,8.49,8.49,8.49,8.49,1124
2020-05-06,8.49,8.49,8.49,8.49,100
2020-05-07,8.79,8.79,8.49,8.49,208
2020-05-08,8.79,8.79,8.67,8.67,1324
2020-05-11,8.49,8.61,8.49,8.61,3100
2020-05-12,8.19,8.49,7.88,8.49,2000
2020-05-13,8.13,8.79,8.13,8.79,1800
2020-05-14,8.37,8.73,8.37,8.49,2550
2020-05-15,8.61,8.49,8.49,8.49,0
2020-05-18,8.67,8.67,8.61,8.61,1200
2020-05-19,8.67,8.67,8.67,8.67,410
2020-05-20,8.61,8.61,8.55,8.55,644
2020-05-21,8.61,8.61,8.61,8.61,500
2020-05-22,8.61,8.61,8.61,8.61,100
2020-05-25,8.61,9.89,8.61,9.4,7440
2020-05-26,9.22,9.22,9.22,9.22,150
2020-05-27,9.1,9.1,9.1,9.1,3000
2020-05-28,9.1,9.1,9.1,9.1,10
2020-05-29,8.49,8.49,8.49,8.49,124
2020-06-01,8.49,8.55,8.49,8.49,6020
2020-06-02,8.49,8.49,8.49,8.49,200
2020-06-03,8.49,8.49,8.49,8.49,0
2020-06-04,8.49,9.1,8.49,8.49,3320
2020-06-05,8.55,8.49,8.49,8.49,0
2020-06-08,8.55,8.55,8.55,8.55,1220
2020-06-09,8.55,8.55,8.55,8.55,1
2020-06-10,8.55,8.55,8.55,8.55,20
2020-06-11,8.55,8.55,8.55,8.55,0
2020-06-12,8.55,8.55,8.55,8.55,0
2020-06-15,8.55,8.55,8.55,8.55,0
2020-06-16,8.55,8.55,8.55,8.55,14
2020-06-17,9.83,9.83,8.49,8.49,1800
2020-06-18,7.64,8.49,7.28,8.19,2810
2020-06-19,8.55,8.55,8.55,8.55,1500
2020-06-22,8.55,8.55,8.55,8.55,0
2020-06-23,7.88,8.19,7.88,8.07,1599
2020-06-24,7.58,8.19,7.58,8.19,401
2020-06-25,7.88,8.19,8.19,8.19,0
2020-06-26,7.88,8.19,8.19,8.19,0
2020-06-29,7.28,7.88,6.73,7.88,750
2020-06-30,7.1,7.88,7.88,7.88,0
2020-07-01,7.1,7.1,7.1,7.88,120
2020-07-02,7.82,7.82,7.82,7.82,200
2020-07-03,7.82,8.67,7.82,8.67,300
2020-07-06,8.37,8.37,8.37,8.67,29
2020-07-07,7.88,7.88,7.88,7.88,300
2020-07-08,7.88,7.88,7.88,7.88,0
2020-07-09,7.88,7.88,7.88,7.88,500
2020-07-10,7.88,7.88,7.88,7.88,0
2020-07-13,7.88,7.88,7.88,7.88,10
2020-07-14,7.88,7.88,7.88,7.88,509
2020-07-15,7.88,7.88,7.88,7.88,0
2020-07-16,7.88,7.88,7.88,7.88,200
2020-07-17,8.19,8.61,8.19,8.61,500
2020-07-20,8.55,8.61,8.61,8.61,0
2020-07-21,8.55,8.61,8.61,8.61,0
2020-07-22,8.55,8.55,8.55,8.55,0
2020-07-23,8.55,8.61,8.61,8.61,0
2020-07-24,8.55,8.61,8.61,8.61,0
2020-07-27,8.55,8.61,8.61,8.61,0
2020-07-28,8.55,8.61,8.61,8.61,0
2020-07-29,8.55,8.61,8.61,8.61,0
2020-07-30,8.55,8.61,8.61,8.61,0
2020-07-31,8.07,8.19,7.82,8.19,6000
2020-08-03,8.13,8.13,8.13,8.19,1
2020-08-04,8.13,8.19,8.19,8.19,0
2020-08-05,8.13,8.13,7.88,7.88,1300
2020-08-06,7.88,8.07,7.88,7.88,1200
2020-08-07,7.88,7.88,7.88,7.88,0
2020-08-10,7.88,7.88,7.88,7.88,100
2020-08-11,7.88,7.88,7.88,7.88,500
2020-08-12,8.49,8.49,7.88,7.95,3000
2020-08-13,8.13,8.13,8.13,8.13,2100
2020-08-14,8.07,8.07,8.07,8.07,300
2020-08-17,8.07,8.07,8.07,8.07,0
2020-08-18,8.01,8.01,8.01,8.01,800
2020-08-19,8.01,8.07,7.88,8.07,5300
2020-08-20,7.88,8.13,7.88,8.13,4420
2020-08-21,7.95,7.95,7.88,7.88,1500
2020-08-24,7.82,7.88,7.82,7.88,1100
2020-08-25,7.88,8.07,7.76,8.01,7400
2020-08-26,7.88,8.19,7.88,8.19,201
2020-08-27,7.95,7.95,7.82,7.88,1709
2020-08-28,7.82,7.82,7.82,7.82,1000
2020-08-31,7.82,7.82,7.82,7.82,0
2020-09-01,7.82,7.82,7.82,7.82,1500
2020-09-03,7.82,7.82,7.82,7.82,4
2020-09-04,7.95,7.95,7.95,7.95,104
2020-09-07,7.95,7.95,7.95,7.95,0
2020-09-08,7.95,7.95,7.95,7.95,4
2020-09-09,7.88,7.88,7.88,7.88,200
2020-09-10,7.88,7.95,7.88,7.95,3600
2020-09-11,7.82,7.82,7.4,7.82,4200
2020-09-14,7.7,7.7,7.58,7.58,1500
2020-09-15,7.58,7.64,7.58,7.64,3900
2020-09-16,7.7,7.7,7.64,7.7,2900
2020-09-17,7.76,8.19,7.58,7.82,8800
2020-09-18,7.46,8.19,7.46,8.19,5400
2020-09-21,8.19,8.19,8.19,8.19,100
2020-09-22,7.52,8.13,7.52,8.13,8004
2020-09-23,8.07,8.07,8.07,8.07,100
2020-09-24,7.7,7.7,7.7,7.7,400
2020-09-25,7.76,7.76,7.76,7.76,257
2020-09-28,7.76,7.76,7.76,7.76,2510
2020-09-29,7.76,7.76,7.46,7.46,4900
2020-09-30,7.76,7.76,7.76,7.46,30
2020-10-01,7.76,7.76,7.76,7.76,100
2020-10-02,7.7,7.76,7.58,7.58,12213
2020-10-05,7.7,7.58,7.58,7.58,0
2020-10-06,7.7,7.7,7.7,7.7,400
2020-10-07,7.7,8.07,7.7,8.07,1500
2020-10-08,7.76,7.76,7.64,7.64,2400
2020-10-09,7.52,7.7,7.52,7.58,2200
2020-10-12,7.82,7.82,6.61,6.73,23300
2020-10-13,6.98,7.28,6.98,7.28,5400
2020-10-14,7.58,7.58,6.98,7.16,11300
2020-10-15,7.16,7.16,6.79,7.04,60000
2020-10-16,7.04,7.1,7.04,7.04,13800
2020-10-19,7.04,7.1,7.04,7.1,18100
2020-10-20,7.16,7.16,7.04,7.1,11700
2020-10-21,6.98,7.1,6.98,6.98,12900
2020-10-22,7.04,7.1,7.04,7.1,500
2020-10-23,6.98,7.1,6.98,7.1,4800
2020-10-26,7.1,7.1,6.98,6.98,5500
2020-10-27,7.1,7.1,7.1,7.1,100
2020-10-28,7.1,7.1,6.85,6.85,2400
2020-10-29,6.67,6.85,6.61,6.85,12300
2020-10-30,6.61,7.1,6.61,6.73,2300
2020-11-02,7.04,7.04,7.04,7.04,100
2020-11-03,6.91,6.98,6.79,6.79,1800
2020-11-04,6.67,6.85,6.67,6.85,1600
2020-11-05,6.73,6.79,6.73,6.79,1800
2020-11-06,6.43,6.61,6.43,6.61,1400
2020-11-09,6.49,6.67,6.49,6.49,4800
2020-11-10,6.55,6.61,6.49,6.55,7400
2020-11-11,6.55,6.55,6.55,6.55,500
2020-11-12,6.61,6.67,6.61,6.61,2800
2020-11-13,6.67,6.67,6.49,6.49,5700
2020-11-16,6.61,6.61,6.55,6.61,7100
2020-11-17,6.61,6.98,6.61,6.61,6300
2020-11-18,6.73,6.73,6.67,6.67,4200
2020-11-19,6.73,6.73,6.67,6.67,800
2020-11-20,6.61,6.73,6.61,6.67,3500
2020-11-23,6.73,6.73,6.73,6.73,1400
2020-11-24,6.79,6.79,6.43,6.67,2900
2020-11-25,6.73,6.73,6.67,6.67,11500
2020-11-26,6.79,6.85,6.79,6.79,2700
2020-11-27,6.73,6.79,6.61,6.79,5000
2020-11-30,6.79,6.98,6.79,6.98,4600
2020-12-01,6.79,7.1,6.67,7.1,3800
2020-12-02,6.98,7.1,6.91,6.98,10200
2020-12-03,6.98,7.04,6.91,7.04,7100
2020-12-04,6.91,6.91,6.91,6.91,3400
2020-12-07,6.91,6.98,6.73,6.98,10500
2020-12-08,6.98,6.98,6.98,6.98,2800
2020-12-09,6.98,7.1,6.91,6.91,5000
2020-12-10,6.98,6.98,6.85,6.98,8500
2020-12-11,6.91,6.98,6.85,6.85,12600
2020-12-14,6.85,7.04,6.85,7.04,9000
2020-12-15,6.98,6.98,6.91,6.91,300
2020-12-16,6.91,6.91,6.91,6.91,280
2020-12-17,6.91,6.91,6.91,6.91,12000
2020-12-18,6.91,6.98,6.91,6.98,500
2020-12-21,6.98,7.04,6.85,7.04,39224
2020-12-22,7.1,7.64,7.1,7.64,49300
2020-12-23,7.58,7.95,7.58,7.95,32420
2020-12-24,7.82,7.82,7.28,7.46,7500
2020-12-25,7.52,7.52,7.28,7.52,18322
2020-12-28,7.46,7.58,7.46,7.46,14420
2020-12-29,7.52,7.58,7.46,7.46,10000
2020-12-30,7.46,7.46,7.28,7.46,7600
2020-12-31,7.28,7.34,7.28,7.28,6421
2021-01-04,7.34,7.4,7.28,7.34,15400
2021-01-05,7.46,7.52,7.28,7.52,7400
2021-01-06,7.4,7.76,7.4,7.64,15600
2021-01-07,7.64,7.64,7.46,7.58,16120
2021-01-08,7.64,7.82,7.64,7.82,36123
2021-01-11,7.88,8.25,7.88,8.13,23927
2021-01-12,8.19,8.37,8.13,8.37,38609
2021-01-13,8.37,8.49,8.31,8.49,25800
2021-01-14,8.49,8.55,8.49,8.49,24950
2021-01-15,8.49,8.55,8.37,8.49,36645
2021-01-18,8.49,8.55,8.37,8.55,29720
2021-01-19,8.55,8.55,7.95,7.95,18600
2021-01-20,7.95,8.13,7.88,8.13,3455
2021-01-21,7.95,7.95,7.34,7.95,6200
2021-01-22,7.95,8.13,7.95,8.07,2800
2021-01-25,7.95,7.95,7.88,7.88,2000
2021-01-26,7.82,7.88,7.82,7.88,200
2021-01-27,7.82,7.82,7.82,7.82,152
2021-01-28,7.76,7.76,6.67,6.67,23720
2021-01-29,6.73,7.28,6.73,6.98,7800
2021-02-01,7.16,7.64,6.79,6.79,7300
2021-02-02,6.79,6.98,6.79,6.98,2800
2021-02-03,6.98,7.28,6.98,7.16,8300
2021-02-04,7.28,7.28,6.91,6.91,6150
2021-02-05,6.98,7.22,6.98,7.22,6600
2021-02-08,7.22,7.28,7.16,7.16,9200
2021-02-09,6.91,7.28,6.91,7.16,7700
2021-02-17,7.28,7.28,7.1,7.16,7400
2021-02-18,7.16,7.28,7.16,7.28,9600
2021-02-19,7.22,7.28,7.16,7.28,6600
2021-02-22,7.22,7.58,7.22,7.58,9100
2021-02-23,7.46,7.7,7.46,7.7,10900
2021-02-24,7.95,7.95,7.7,7.88,10100
2021-02-25,7.88,8.19,7.88,8.19,36710
2021-02-26,8.07,8.19,7.04,8.19,26200
2021-03-01,8.19,8.19,7.88,8.19,16255
2021-03-02,8.13,8.13,7.88,8.01,13800
2021-03-03,8.07,8.07,7.58,7.58,20700
2021-03-04,7.95,8.19,7.95,8.01,11900
2021-03-05,8.13,8.13,7.58,7.58,34750
2021-03-08,7.88,8.01,7.76,7.88,16500
2021-03-09,7.88,7.88,7.76,7.88,22250
2021-03-10,7.88,7.88,7.82,7.88,23100
2021-03-11,7.88,7.95,7.82,7.95,71171
2021-03-12,7.95,8.01,7.88,7.95,58837
2021-03-15,7.95,8.01,7.88,7.95,129700
2021-03-16,7.95,8.13,7.95,8.01,74809
2021-03-17,8.07,8.13,8.01,8.13,122400
2021-03-18,8.19,8.37,8.19,8.31,186240
2021-03-19,8.31,8.31,8.13,8.25,39025
2021-03-22,8.19,8.19,8.07,8.07,27800
2021-03-23,8.01,8.07,7.76,7.88,114400
2021-03-24,7.76,8.25,7.76,8.01,51428
2021-03-25,7.95,8.01,7.82,7.88,11510
2021-03-26,8.01,8.01,7.64,7.95,27220
2021-03-29,7.88,8.07,7.82,8.07,47692
2021-03-30,8.07,8.13,7.95,8.13,24700
2021-03-31,7.95,8.13,7.95,8.13,26389
2021-04-01,8.07,8.25,8.01,8.25,74900
2021-04-02,8.31,8.61,8.31,8.61,91413
2021-04-05,8.79,9.1,8.79,9.04,152451
2021-04-06,9.1,9.16,8.73,8.98,76376
2021-04-07,8.86,8.92,8.67,8.79,50614
2021-04-08,8.86,8.86,8.67,8.79,58400
2021-04-09,8.79,8.92,8.61,8.86,56925
2021-04-12,8.86,9.7,8.86,9.7,94171
2021-04-13,9.7,9.7,9.28,9.28,84406
2021-04-14,9.4,9.4,9.16,9.28,47240
2021-04-15,9.28,9.52,9.22,9.28,86020
2021-04-16,9.34,9.34,8.92,9.04,20601
2021-04-19,8.86,9.04,8.86,9.04,32000
2021-04-20,9.04,9.04,8.79,8.92,33927
2021-04-22,8.98,9.04,8.19,8.61,163900
2021-04-23,8.31,8.61,8.31,8.49,20800
2021-04-26,8.49,8.49,8.07,8.07,27720
2021-04-27,7.95,8.31,7.88,8.13,22900
2021-04-28,8.37,8.37,8.13,8.37,42400
2021-04-29,8.37,8.79,8.31,8.49,45260
2021-05-04,8.55,8.55,8.13,8.49,18000
2021-05-05,8.49,8.73,8.37,8.49,32500
2021-05-06,8.55,8.61,8.37,8.55,38300
2021-05-07,8.61,8.61,8.31,8.43,22700
2021-05-10,8.49,8.49,8.43,8.49,54410
2021-05-11,8.49,8.55,8.37,8.43,28200
2021-05-12,8.49,8.49,8.43,8.43,36500
2021-05-13,8.37,8.49,8.25,8.25,134615
2021-05-14,8.25,8.43,8.25,8.31,101800
2021-05-17,8.31,8.37,8.13,8.19,55400
2021-05-18,8.25,8.25,8.07,8.19,32200
2021-05-19,8.13,8.13,7.95,7.95,53702
2021-05-20,8.01,8.19,7.95,8.19,45900
2021-05-21,8.19,8.73,8.19,8.67,280409
2021-05-24,9.7,9.83,8.67,9.58,341432
2021-05-25,9.52,10.01,9.52,9.7,179311
2021-05-26,9.83,9.95,9.46,9.83,245412
2021-05-27,9.89,11.04,9.89,10.98,413121
2021-05-28,10.92,12.19,10.92,12.19,412105
2021-05-31,12.25,13.95,12.19,13.95,395339
2021-06-01,15.77,15.95,13.95,14.86,466365
2021-06-02,14.8,15.47,13.34,14.25,319909
2021-06-03,14.37,15.53,13.83,15.16,348544
2021-06-04,14.86,15.77,14.56,14.86,149232
2021-06-07,15.16,15.16,12.8,13.89,161665
2021-06-08,13.65,13.65,11.83,12.01,218590
2021-06-09,12.01,13.28,11.16,13.04,154883
2021-06-10,14.17,14.17,13.48,13.83,77710
2021-06-11,15.21,15.21,13.48,14.11,93797
2021-06-14,13.9,14.38,13.34,13.55,104363
2021-06-15,13.55,13.55,13.34,13.34,77324
2021-06-16,13.34,13.34,12.86,12.93,69832
2021-06-17,13.0,13.14,12.79,13.14,58544
2021-06-18,12.93,13.48,12.93,13.21,131353
2021-06-21,13.21,13.21,12.72,12.93,35363
2021-06-22,12.93,13.14,12.79,13.07,37913
2021-06-23,13.0,13.0,12.86,12.93,35244
2021-06-24,12.93,12.93,12.79,12.86,48317
2021-06-25,13.07,13.07,12.65,12.79,49800
2021-06-28,12.79,12.93,12.72,12.86,119320
2021-06-29,12.93,13.55,12.93,13.55,237552
2021-06-30,13.55,13.69,13.14,13.14,44932
2021-07-01,13.41,13.41,12.93,13.21,69106
2021-07-02,13.21,13.21,12.86,13.14,120913
2021-07-05,13.21,13.28,13.0,13.0,178300
2021-07-06,13.14,13.76,13.14,13.14,312190
2021-07-07,13.41,13.41,12.79,13.07,57100
2021-07-08,13.07,13.14,12.86,12.86,53300
2021-07-09,13.14,13.14,12.17,12.17,109500
2021-07-12,12.45,12.45,10.65,10.86,150920
2021-07-13,11.06,11.89,11.06,11.69,48309
2021-07-14,11.55,11.55,10.92,11.55,27400
2021-07-15,11.2,11.48,11.06,11.48,43600
2021-07-16,11.55,11.62,11.34,11.55,56500
2021-07-19,11.55,11.62,10.37,10.65,57400
2021-07-20,10.37,10.92,9.68,10.92,43300
2021-07-21,11.06,11.13,10.86,10.99,32608
2021-07-22,10.86,11.2,10.86,11.06,49300
2021-07-23,10.92,11.06,10.79,10.79,23605
2021-07-26,10.79,10.79,10.58,10.79,22722
2021-07-27,10.86,11.06,10.72,10.72,34600
2021-07-28,10.99,10.99,10.72,10.79,27004
2021-07-29,10.86,10.99,10.79,10.99,55761
2021-07-30,11.06,11.75,11.06,11.62,105300
2021-08-02,11.62,12.1,11.62,11.96,87110
2021-08-03,11.75,12.45,11.75,12.17,82404
2021-08-04,12.1,12.24,12.1,12.24,75875
2021-08-05,12.1,12.17,11.89,12.03,49029
2021-08-06,12.03,12.1,11.89,11.89,100188
2021-08-09,11.89,12.17,11.75,11.96,78543
2021-08-10,11.96,12.31,11.96,12.1,89631
2021-08-11,12.1,13.0,12.1,13.0,227548
2021-08-12,12.72,13.28,12.45,12.79,152351
2021-08-13,12.93,12.93,12.38,12.65,84766
2021-08-16,12.65,12.93,12.17,12.86,127649
2021-08-17,12.79,13.28,12.72,12.79,99278
2021-08-18,12.72,12.86,12.58,12.79,59056
2021-08-19,12.58,12.79,12.52,12.65,56215
2021-08-20,12.65,12.65,11.62,12.03,157786
2021-08-23,11.41,11.75,11.41,11.55,86220
2021-08-24,11.62,11.82,11.41,11.75,35796
2021-08-25,11.75,12.1,11.62,11.96,25918
2021-08-26,11.96,11.96,11.75,11.89,20910
2021-08-27,11.62,11.89,11.41,11.62,32579
2021-08-30,11.75,11.89,11.69,11.75,30978
2021-08-31,11.89,11.89,11.55,11.69,44054
2021-09-01,11.69,11.75,11.55,11.62,39888
2021-09-06,11.69,11.75,11.41,11.69,72048
2021-09-07,11.82,12.1,11.75,11.96,44388
2021-09-08,11.75,12.03,11.75,11.82,23166
2021-09-09,11.82,11.82,11.62,11.82,38356
2021-09-10,11.82,11.89,11.55,11.75,19851
2021-09-13,11.75,11.75,11.55,11.62,43013
2021-09-14,11.55,11.62,11.48,11.48,27730
2021-09-15,11.48,11.69,11.41,11.69,44556
2021-09-16,11.75,11.89,11.69,11.75,41367
2021-09-17,11.89,12.17,11.75,12.17,152475
2021-09-20,12.1,12.86,12.1,12.52,121013
2021-09-21,12.58,12.79,11.41,12.24,23079
2021-09-22,12.24,12.24,11.89,12.03,92838
2021-09-23,11.96,12.31,11.75,12.1,86995
2021-09-24,12.1,12.45,11.96,12.31,74265
2021-09-27,12.31,12.31,11.89,11.96,26129
2021-09-28,11.75,11.96,11.55,11.89,41276
2021-09-29,11.89,12.1,11.62,11.75,32443
2021-09-30,11.75,11.82,11.62,11.75,28795
2021-10-01,11.69,11.75,11.55,11.62,36163
2021-10-04,11.62,11.62,11.13,11.34,69352
2021-10-05,11.27,11.41,11.2,11.41,22164
2021-10-06,11.48,11.62,11.34,11.41,13993
2021-10-07,11.48,11.48,11.27,11.41,31067
2021-10-08,11.48,11.48,11.27,11.34,29786
2021-10-11,11.55,11.62,11.48,11.62,36718
2021-10-12,11.75,11.82,11.62,11.69,54372
2021-10-13,11.75,11.75,11.55,11.62,52788
2021-10-14,11.75,11.75,11.48,11.55,40328
2021-10-15,11.55,11.62,11.48,11.62,20936
2021-10-18,11.62,11.69,11.55,11.55,34012
2021-10-19,11.55,11.62,11.48,11.55,15818
2021-10-20,11.48,11.55,11.48,11.48,19524
2021-10-21,11.48,11.48,11.41,11.41,30411
2021-10-22,11.41,11.55,11.27,11.27,66411
2021-10-25,11.27,11.41,11.2,11.34,25125
2021-10-26,11.27,11.34,11.13,11.34,29274
2021-10-27,11.34,11.41,11.27,11.41,50748
2021-10-28,11.41,11.41,11.34,11.41,28146
2021-10-29,11.48,11.62,11.41,11.62,77282
2021-11-01,11.69,11.89,11.48,11.48,65429
2021-11-02,11.62,11.62,11.55,11.62,35380
2021-11-03,11.62,12.38,11.55,12.31,371089
2021-11-04,12.31,12.38,12.03,12.1,87587
2021-11-05,12.1,12.17,11.75,11.89,54521
2021-11-08,11.75,12.1,11.48,11.89,89268
2021-11-09,11.82,11.89,11.69,11.75,97090
2021-11-10,11.75,11.82,11.62,11.69,68165
2021-11-11,11.69,11.69,11.62,11.62,58090
2021-11-12,11.62,11.75,11.48,11.69,73746
2021-11-15,11.75,11.96,11.75,11.89,95621
2021-11-16,11.96,13.34,11.89,12.72,695527
2021-11-17,12.58,13.07,12.58,13.0,175573
2021-11-18,12.86,12.93,12.65,12.72,83127
2021-11-19,12.72,13.34,11.69,13.0,478335
2021-11-22,12.93,14.87,12.93,14.38,446590
2021-11-23,15.21,15.35,13.97,14.11,179430
2021-11-24,14.31,15.07,13.48,15.07,347392
2021-11-25,15.07,15.07,14.11,14.31,207298
2021-11-26,14.38,14.38,13.69,13.83,186537
2021-11-29,13.14,13.83,11.82,13.41,221968
2021-11-30,13.34,13.48,12.79,12.79,174879
2021-12-01,12.79,13.21,12.72,13.14,119484
2021-12-02,13.07,13.41,13.0,13.0,46655
2021-12-03,13.21,13.21,12.45,12.58,100842
2021-12-06,12.58,12.58,12.1,12.1,113316
2021-12-07,12.1,12.58,11.89,12.38,73503
2021-12-08,12.38,12.52,12.24,12.45,69672
2021-12-09,12.45,12.45,12.17,12.38,48800
2021-12-10,12.31,12.31,12.1,12.31,36097
2021-12-13,12.31,12.45,12.24,12.31,57658
2021-12-14,12.31,12.65,12.24,12.65,103173
2021-12-15,12.45,12.72,12.31,12.65,78151
2021-12-16,12.72,12.72,12.45,12.52,30525
2021-12-17,12.45,12.52,12.31,12.45,74817
2021-12-20,12.45,12.45,12.31,12.38,44259
2021-12-21,12.24,12.38,12.24,12.31,18974
2021-12-22,12.45,12.45,11.96,12.03,50380
2021-12-23,12.17,12.17,11.48,11.62,105578
2021-12-24,11.75,12.38,11.55,12.38,44633
2021-12-27,12.24,12.45,12.1,12.17,22121
2021-12-28,12.17,12.31,12.1,12.24,30427
2021-12-29,12.31,12.52,12.17,12.17,24942
2021-12-30,12.52,14.11,12.52,13.14,232925
2021-12-31,13.62,13.62,12.93,13.14,81244
2022-01-04,12.93,13.28,12.86,13.21,96094
2022-01-05,13.28,13.34,12.86,12.93,51936
2022-01-06,13.07,13.21,12.38,12.52,140443
2022-01-07,12.52,12.72,12.45,12.72,54344
2022-01-10,12.52,12.79,12.45,12.45,45988
2022-01-11,12.52,12.65,12.31,12.38,36571
2022-01-12,12.1,12.72,12.1,12.65,51882
2022-01-13,12.52,13.0,12.38,12.38,117127
2022-01-14,12.45,12.52,12.31,12.45,31353
2022-01-17,12.52,12.52,12.1,12.31,32922
2022-01-18,12.24,12.38,11.69,12.38,61264
2022-01-19,11.82,12.17,11.62,11.82,15353
2022-01-20,11.75,12.03,11.48,12.03,28340
2022-01-21,11.96,12.03,11.55,11.75,39097
2022-01-24,11.89,11.89,11.41,11.62,23833
2022-01-25,11.62,11.82,11.48,11.75,15102
2022-01-26,11.75,12.1,11.75,12.1,39026
2022-01-27,12.1,12.17,11.89,11.89,23453
2022-01-28,12.03,12.03,11.82,12.03,34731
2022-02-07,12.03,12.45,12.03,12.45,57087
2022-02-08,12.45,12.65,12.45,12.65,34859
2022-02-09,12.52,12.58,12.52,12.58,46850
2022-02-10,12.58,12.65,12.45,12.45,24200
2022-02-11,12.52,12.52,12.38,12.52,30312
2022-02-14,12.52,12.52,12.31,12.31,29882
2022-02-15,11.75,12.31,11.75,12.31,28643
2022-02-16,12.38,12.45,12.1,12.24,15069
2022-02-17,12.17,12.31,12.17,12.31,14919
2022-02-18,12.31,12.31,12.1,12.24,29422
2022-02-21,12.24,12.31,12.1,12.1,38650
2022-02-22,12.17,12.24,12.03,12.1,12825
2022-02-23,12.24,12.31,12.1,12.17,33741
2022-02-24,12.1,12.24,11.89,11.96,37237
2022-02-25,11.96,12.17,11.96,12.03,16508
2022-02-28,11.89,12.1,11.75,11.75,28085
2022-03-01,11.75,11.96,11.75,11.89,32424
2022-03-02,11.89,11.89,11.62,11.62,43950
2022-03-03,11.75,11.89,11.62,11.82,32757
2022-03-04,11.75,11.89,11.69,11.82,22498
2022-03-07,11.82,11.82,11.62,11.69,29647
2022-03-08,11.69,11.75,11.62,11.62,20117
2022-03-09,11.69,11.69,11.48,11.55,20222
2022-03-10,11.75,11.82,11.62,11.69,15700
2022-03-11,11.62,11.75,11.48,11.75,35312
2022-03-14,11.75,11.75,11.48,11.55,30900
2022-03-15,11.55,11.69,11.41,11.55,8002
2022-03-16,11.55,11.69,11.27,11.41,137553
2022-03-17,11.41,11.48,10.92,11.27,162477
2022-03-18,11.41,11.62,11.41,11.48,46820
2022-03-21,11.48,11.55,10.37,11.48,151830
2022-03-22,11.41,11.75,11.27,11.69,71816
2022-03-23,11.75,11.96,11.75,11.75,49906
2022-03-24,11.69,11.75,11.41,11.75,97928
2022-03-25,11.75,11.75,11.41,11.55,18478
2022-03-28,11.55,11.75,11.34,11.41,36000
2022-03-29,11.41,11.48,11.41,11.48,19466
2022-03-30,11.2,11.48,11.13,11.41,56187
2022-03-31,11.34,11.41,11.27,11.34,34900
2022-04-01,11.27,11.41,11.2,11.41,26000
2022-04-04,11.34,11.48,11.34,11.41,34760
2022-04-05,11.41,11.48,11.2,11.27,24565
2022-04-06,11.27,11.41,11.27,11.34,16009
2022-04-07,11.34,11.34,11.2,11.2,22905
2022-04-08,11.34,11.34,11.06,11.06,17691
2022-04-12,11.2,11.27,10.92,11.06,18782
2022-04-13,11.06,11.06,10.65,10.92,23172
2022-04-14,10.79,11.06,10.79,10.99,8940
2022-04-15,10.99,11.06,10.79,10.92,12075
2022-04-18,10.92,10.92,10.3,10.37,31906
2022-04-19,10.44,10.51,10.3,10.3,20407
2022-04-20,10.23,10.37,9.68,9.68,26606
2022-04-21,9.96,9.96,8.99,9.54,32100
2022-04-22,9.54,10.03,9.33,9.82,27803
2022-04-25,9.61,10.09,9.2,9.61,29217
2022-04-26,9.61,10.03,9.13,9.96,25000
2022-04-27,9.68,9.68,9.33,9.4,10129
2022-04-28,9.54,9.68,9.4,9.61,39800
2022-04-29,9.89,9.89,9.54,9.61,11101
2022-05-04,10.03,10.03,9.61,9.68,5929
2022-05-05,9.75,9.82,9.54,9.61,2505
2022-05-06,9.61,9.61,9.47,9.54,5600
2022-05-09,9.54,9.54,8.3,8.44,9206
2022-05-10,8.44,8.78,8.37,8.78,24740
2022-05-11,8.57,8.85,8.57,8.85,3440
2022-05-12,8.64,8.64,7.67,8.44,15641
2022-05-13,8.3,8.3,7.26,7.61,18200
2022-05-16,7.61,8.02,7.47,7.61,38400
2022-05-17,7.61,8.09,6.57,8.09,38080
2022-05-18,7.95,8.71,7.95,8.44,19000
2022-05-19,8.44,8.44,8.02,8.37,10801
2022-05-20,7.61,8.3,7.61,8.02,20000
2022-05-23,8.3,8.92,8.02,8.02,6127
2022-05-24,8.23,8.3,8.23,8.3,3900
2022-05-25,8.44,8.44,8.02,8.3,16250
2022-05-26,8.23,8.3,8.23,8.3,14255
2022-05-27,8.02,8.3,8.02,8.3,10800
2022-05-30,8.23,8.44,8.23,8.37,11500
2022-05-31,8.37,9.33,8.37,8.71,31500
2022-06-01,9.27,9.27,8.57,8.64,6000
2022-06-02,8.71,9.13,8.5,8.5,9310
2022-06-03,8.37,8.99,8.37,8.37,8400
2022-06-06,9.27,9.27,8.23,8.23,22600
2022-06-07,8.23,8.3,8.23,8.23,8700
2022-06-08,8.02,8.64,8.02,8.5,21200
2022-06-09,8.3,8.37,8.23,8.37,4400
2022-06-10,8.23,8.37,8.16,8.23,6750
2022-06-13,7.61,8.16,7.61,7.61,17800
2022-06-14,7.74,7.74,7.4,7.67,7914
2022-06-15,7.61,7.61,7.12,7.12,17718
2022-06-16,7.54,7.88,7.12,7.81,6407
2022-06-17,7.4,7.4,7.12,7.12,7500
2022-06-20,7.12,7.54,6.91,6.91,7303
2022-06-21,6.22,7.05,6.22,6.91,15000
2022-06-22,6.08,6.98,6.08,6.85,10800
2022-06-23,6.71,7.12,6.71,6.91,2200
2022-06-24,7.4,7.4,6.78,6.91,5000
2022-06-27,6.85,7.19,6.85,7.19,400
2022-06-28,6.91,7.12,6.91,7.12,5904
2022-06-29,6.98,7.19,6.98,7.19,11948
2022-06-30,7.33,7.61,7.12,7.12,8600
2022-07-01,7.12,7.12,7.12,7.12,3500
2022-07-04,7.05,7.4,7.05,7.19,5310
2022-07-05,7.19,7.19,6.98,6.98,11300
2022-07-06,7.05,7.19,6.91,6.98,11825
2022-07-07,6.91,6.98,6.91,6.91,9856
2022-07-08,6.91,7.12,6.91,6.91,6623
2022-07-11,6.91,7.05,6.91,7.05,4010
2022-07-12,7.47,7.47,6.98,6.98,3400
2022-07-13,7.05,7.19,6.98,7.12,11202
2022-07-14,7.12,7.26,7.12,7.26,17710
2022-07-15,7.19,7.26,7.19,7.26,5202
2022-07-18,7.19,7.26,7.12,7.12,7740
2022-07-19,7.12,7.26,7.12,7.19,2500
2022-07-20,7.19,7.26,7.12,7.26,13220
2022-07-21,7.26,7.33,7.19,7.33,34003
2022-07-22,7.26,7.33,7.26,7.33,8737
2022-07-25,7.33,7.33,7.19,7.19,2500
2022-07-26,7.26,7.26,7.26,7.26,15400
2022-07-27,7.19,7.19,6.91,7.05,1202
2022-07-28,7.05,7.4,7.05,7.33,16000
2022-07-29,7.26,7.33,7.19,7.19,7800
2022-08-01,7.33,7.33,7.19,7.26,26300
2022-08-02,7.26,7.61,7.26,7.54,56602
2022-08-03,7.54,7.54,7.33,7.54,20400
2022-08-04,7.54,7.54,7.33,7.47,19100
2022-08-05,7.47,7.47,7.33,7.4,21801
2022-08-08,7.47,7.54,7.33,7.4,21700
2022-08-09,7.4,7.54,7.4,7.54,34700
2022-08-10,7.47,7.67,7.4,7.67,27880
2022-08-11,7.81,7.81,7.54,7.74,20001
2022-08-12,7.61,7.61,7.47,7.54,17000
2022-08-15,7.67,7.67,7.54,7.54,17733
2022-08-16,7.54,7.61,7.54,7.61,13400
2022-08-17,7.61,7.67,7.47,7.54,12500
2022-08-18,7.54,7.54,7.47,7.54,10014
2022-08-19,7.4,7.67,7.4,7.61,5000
2022-08-22,7.61,7.61,7.47,7.47,12800
2022-08-23,7.4,7.54,7.4,7.54,6200
2022-08-24,7.4,7.47,7.4,7.47,12245
2022-08-25,7.47,7.54,7.4,7.47,12511
2022-08-26,7.47,7.54,7.4,7.47,9600
2022-08-29,7.4,7.4,7.12,7.19,19920
2022-08-30,7.26,7.4,7.26,7.33,6616
2022-08-31,7.47,7.47,7.4,7.4,2101
2022-09-05,7.47,7.47,7.19,7.26,4302
2022-09-06,7.4,7.4,7.19,7.19,10535
2022-09-07,7.33,7.33,7.12,7.12,7500
2022-09-08,7.12,7.12,6.98,6.98,6409
2022-09-09,7.05,7.05,6.98,7.05,22820
2022-09-12,7.05,7.05,6.64,6.85,11853
2022-09-13,6.91,6.91,6.85,6.85,5491
2022-09-14,6.64,6.91,6.57,6.91,12453
2022-09-15,6.85,6.98,6.85,6.91,12124
2022-09-16,6.91,6.91,6.78,6.78,3721
2022-09-19,6.78,6.78,6.57,6.71,9681
2022-09-20,6.78,6.78,6.57,6.71,15206
2022-09-21,6.64,6.71,6.64,6.64,1788
2022-09-22,6.57,6.64,6.43,6.5,8791
2022-09-23,6.78,6.78,6.22,6.36,32014
2022-09-26,6.29,6.29,6.08,6.08,12000
2022-09-27,6.15,6.29,6.08,6.15,9909
2022-09-28,6.15,6.22,6.02,6.22,39600
2022-09-29,6.22,6.29,6.08,6.08,33596
2022-09-30,6.15,6.15,6.02,6.15,9864
2022-10-03,6.22,6.22,6.02,6.08,16670
2022-10-04,6.43,6.43,5.95,6.15,21134
2022-10-05,6.22,6.57,6.22,6.43,70844
2022-10-06,6.36,6.91,6.02,6.5,61791
2022-10-07,6.5,6.5,5.67,6.22,21300
2022-10-10,5.95,6.5,5.74,6.02,35304
2022-10-11,6.43,6.43,5.81,5.81,6444
2022-10-12,5.95,6.22,5.95,6.08,6400
2022-10-13,6.22,6.22,5.81,6.08,19866
2022-10-14,6.15,6.43,6.15,6.29,24728
2022-10-17,6.08,6.29,6.08,6.29,4114
2022-10-18,6.15,6.64,6.15,6.5,38572
2022-10-19,6.5,6.71,6.22,6.71,28640
2022-10-20,6.71,6.78,6.22,6.78,24472
2022-10-21,6.43,6.64,6.22,6.5,30200
2022-10-24,6.15,6.57,5.95,6.36,24101
2022-10-25,6.36,6.91,5.95,6.22,44700
2022-10-26,6.5,6.5,5.88,6.36,50413
2022-10-27,5.88,6.5,5.67,6.36,13151
2022-10-28,6.36,6.64,6.15,6.22,29001
2022-10-31,6.43,6.43,5.88,6.15,14202
2022-11-01,6.29,6.5,6.08,6.15,14408
2022-11-02,6.22,6.98,6.08,6.22,90000
2022-11-03,6.08,6.29,6.08,6.08,10820
2022-11-04,6.08,6.15,5.88,6.15,17444
2022-11-07,5.95,6.02,5.88,5.88,18301
2022-11-08,5.74,5.74,5.53,5.6,18360
2022-11-09,5.74,6.02,5.74,5.95,4400
2022-11-10,5.95,5.95,5.19,5.19,20700
2022-11-11,5.53,5.6,5.39,5.46,7554
2022-11-14,5.39,5.39,5.25,5.32,5040
2022-11-15,5.32,5.32,4.56,4.63,20100
2022-11-16,4.29,5.25,4.15,5.25,20950
2022-11-17,5.05,5.12,5.05,5.12,11089
2022-11-18,5.88,5.88,5.19,5.25,3270
2022-11-21,5.25,5.53,5.19,5.32,6739
2022-11-22,5.32,5.53,5.32,5.46,17037
2022-11-23,5.67,5.67,5.39,5.39,10101
2022-11-24,5.32,5.53,5.25,5.46,2742
2022-11-25,5.53,5.53,5.39,5.46,4261
2022-11-28,5.67,5.88,5.39,5.81,36497
2022-11-29,5.88,5.95,5.53,5.53,11001
2022-11-30,5.67,5.74,5.32,5.67,21462
2022-12-01,5.67,5.88,5.6,5.74,33800
2022-12-02,5.95,5.95,5.74,5.74,6340
2022-12-05,5.88,6.15,5.88,6.08,20950
2022-12-06,5.95,5.95,5.6,5.6,21560
2022-12-07,5.74,5.74,5.53,5.53,5212
2022-12-08,5.88,5.88,5.6,5.74,33152
2022-12-09,5.81,5.81,5.6,5.67,4050
2022-12-12,5.88,5.88,5.32,5.32,29400
2022-12-13,5.53,5.53,5.53,5.53,5722
2022-12-14,5.67,5.67,5.53,5.53,9535
2022-12-15,5.74,5.74,5.53,5.67,9788
2022-12-16,5.67,5.74,5.67,5.74,8450
2022-12-19,5.74,5.88,5.6,5.81,22000
2022-12-20,5.95,5.95,5.53,5.53,6002
2022-12-21,5.81,5.81,5.46,5.67,1850
2022-12-22,5.53,5.6,5.53,5.53,4471
2022-12-23,5.53,5.53,5.46,5.46,5503
2022-12-26,5.39,5.46,5.19,5.19,25902
2022-12-27,5.32,5.53,5.19,5.46,5931
2022-12-28,5.46,5.46,5.19,5.32,18200
2022-12-29,5.25,5.46,5.25,5.32,17932
2022-12-30,5.19,5.39,5.19,5.39,4800
2023-01-03,5.53,5.74,5.32,5.67,68100
2023-01-04,5.6,6.43,5.6,6.36,168904
2023-01-05,6.02,7.05,6.02,6.91,89652
2023-01-06,7.47,7.81,6.91,6.98,83027
2023-01-09,7.26,8.64,7.19,8.3,143637
2023-01-10,8.3,8.64,7.61,7.88,44280
2023-01-11,7.95,7.95,7.4,7.54,13436
2023-01-12,7.95,8.16,7.26,7.33,22291
2023-01-13,6.91,7.61,6.91,7.05,12800
2023-01-16,7.12,7.12,7.12,7.12,2300
2023-01-17,7.33,8.16,7.19,7.26,18661
2023-01-18,7.4,7.74,7.4,7.4,2914
2023-01-19,7.61,7.61,7.26,7.26,17104
2023-01-27,7.26,7.4,7.05,7.26,7539
2023-01-30,7.26,7.4,7.05,7.19,5311
2023-01-31,7.19,7.33,6.91,7.33,4258
2023-02-01,7.05,7.4,7.05,7.26,27535
2023-02-02,7.05,7.4,7.05,7.12,3600
2023-02-03,7.33,7.33,6.91,6.91,5655
2023-02-06,7.26,7.26,7.05,7.12,1060
2023-02-07,7.26,7.26,6.91,6.91,2500
2023-02-08,6.98,7.19,6.78,6.78,11398
2023-02-09,7.19,7.19,7.05,7.05,432
2023-02-10,6.29,7.05,6.29,6.91,1600
2023-02-13,6.91,6.91,6.71,6.91,16529
2023-02-14,6.85,6.85,6.78,6.78,500
2023-02-15,6.85,7.26,6.85,7.26,43672
2023-02-16,7.26,7.67,6.64,7.61,39320
2023-02-17,7.26,7.26,7.19,7.19,4672
2023-02-20,7.19,7.19,6.98,7.05,400
2023-02-21,7.19,7.19,7.05,7.05,5520
2023-02-22,7.4,7.4,7.12,7.12,514
2023-02-23,7.26,7.88,7.26,7.88,49050
2023-02-24,7.81,7.81,7.33,7.74,19152
2023-02-27,8.16,8.16,7.47,7.81,13800
2023-02-28,7.74,8.5,6.98,8.5,56265
2023-03-01,7.81,8.09,7.19,8.09,29625
2023-03-02,8.5,8.5,7.19,7.26,15720
2023-03-03,7.26,7.47,7.05,7.47,2388
2023-03-06,7.19,7.74,7.12,7.12,9102
2023-03-07,7.12,7.61,7.12,7.19,11642
2023-03-08,7.54,7.54,7.54,7.54,2120
2023-03-09,7.12,7.61,7.12,7.47,5573
2023-03-10,7.54,7.54,7.26,7.54,9284
2023-03-13,7.47,7.47,7.4,7.4,220
2023-03-14,7.47,7.47,7.05,7.05,16040
2023-03-15,7.4,7.4,7.4,7.4,1077
2023-03-16,7.4,7.4,7.33,7.33,783
2023-03-17,7.33,7.33,7.26,7.26,1300
2023-03-20,7.05,7.47,7.05,7.33,6100
2023-03-21,7.19,7.19,7.12,7.12,1500
2023-03-22,7.33,7.33,7.12,7.12,1100
2023-03-23,7.12,7.26,7.05,7.12,3300
2023-03-24,7.33,7.33,6.98,7.26,8377
2023-03-27,7.33,7.33,7.12,7.12,9617
2023-03-28,7.33,7.33,7.12,7.12,908
2023-03-29,7.05,7.12,7.05,7.05,1310
2023-03-30,7.05,7.33,7.05,7.26,8700
2023-03-31,7.33,7.33,6.98,7.33,2600
2023-04-03,7.4,7.4,7.19,7.19,12044
2023-04-04,7.26,7.26,7.19,7.19,16339
2023-04-05,7.26,7.33,7.19,7.33,7600
2023-04-06,7.26,7.4,7.26,7.26,9564
2023-04-07,7.33,7.33,7.19,7.26,1600
2023-04-10,7.47,7.47,7.26,7.26,13275
2023-04-11,7.33,7.33,7.12,7.33,15113
2023-04-12,7.26,7.33,7.26,7.33,8268
2023-04-13,7.33,7.4,7.26,7.4,7971
2023-04-14,7.33,7.33,6.98,6.98,8710
2023-04-17,7.19,7.33,7.19,7.33,3571
2023-04-18,7.33,7.33,7.26,7.26,2527
2023-04-19,7.26,7.26,7.26,7.26,3300
2023-04-20,7.12,7.12,7.12,7.12,3210
2023-04-21,7.12,7.33,7.12,7.33,2251
2023-04-24,7.12,7.12,7.05,7.12,4009
2023-04-25,7.33,8.16,7.33,7.88,102144
2023-04-26,7.47,7.81,7.19,7.74,63216
2023-04-27,7.61,7.61,7.12,7.26,37438
2023-04-28,7.33,7.47,7.26,7.47,11120
2023-05-04,7.33,7.47,7.12,7.33,58699
2023-05-05,7.26,7.26,7.05,7.05,9916
2023-05-08,7.26,7.26,7.05,7.26,7527
2023-05-09,7.33,7.33,7.12,7.19,8855
2023-05-10,7.19,7.26,7.19,7.26,27402
2023-05-11,7.26,7.33,7.19,7.19,32828
2023-05-12,7.26,7.4,7.26,7.33,10985
2023-05-15,7.74,7.74,7.26,7.33,6705
2023-05-16,7.33,7.33,6.98,7.33,8700
2023-05-17,7.26,7.26,7.19,7.26,1101
2023-05-18,7.19,7.33,7.19,7.33,2500
2023-05-19,7.33,7.33,7.19,7.26,12103
2023-05-22,7.19,7.33,7.19,7.26,9225
2023-05-23,7.26,7.26,7.19,7.19,6863
2023-05-24,7.26,7.33,7.19,7.33,6000
2023-05-25,7.26,7.26,7.05,7.19,3600
2023-05-26,7.12,7.26,7.12,7.19,2902
2023-05-29,7.12,7.26,7.12,7.19,13300
2023-05-30,7.26,7.33,7.19,7.19,8100
2023-05-31,7.26,7.26,7.19,7.19,40904
2023-06-01,7.19,7.33,7.19,7.33,55455
2023-06-02,7.54,7.74,7.54,7.61,45800
2023-06-05,7.67,7.95,7.67,7.67,39232
2023-06-06,7.81,7.81,7.54,7.67,23449
2023-06-07,7.67,7.67,7.61,7.67,14949
2023-06-08,7.67,7.74,7.61,7.61,32403
2023-06-09,7.67,7.74,7.54,7.61,17200
2023-06-12,7.67,7.74,7.61,7.61,19465
2023-06-13,7.67,7.74,7.33,7.67,30100
2023-06-14,7.67,7.67,7.47,7.47,27429
2023-06-15,7.47,7.54,7.26,7.4,10410
2023-06-16,7.33,7.54,7.33,7.33,10150
2023-06-19,7.33,7.33,7.33,7.33,7109
2023-06-20,7.4,7.54,7.4,7.4,1551
2023-06-21,7.4,7.54,7.4,7.47,6900
2023-06-22,7.47,7.47,7.33,7.47,7851
2023-06-23,7.4,7.54,7.26,7.54,61389
2023-06-26,7.61,7.61,7.4,7.47,1305
2023-06-27,7.54,7.54,7.4,7.47,4140
2023-06-28,7.47,7.47,7.4,7.47,6448
2023-06-29,7.54,7.54,7.4,7.4,13100
2023-06-30,7.4,7.47,7.33,7.47,1924
2023-07-03,7.4,7.4,7.4,7.4,1533
2023-07-04,7.4,7.4,7.33,7.4,5800
2023-07-05,7.4,7.4,7.26,7.33,26244
2023-07-06,7.4,7.54,7.33,7.47,44320
2023-07-07,7.47,7.47,7.4,7.47,1300
2023-07-10,7.47,7.47,7.19,7.26,36111
2023-07-11,7.33,7.4,7.26,7.33,13220
2023-07-12,7.33,7.33,7.26,7.33,5731
2023-07-13,7.33,7.33,7.26,7.33,15900
2023-07-14,7.33,7.33,7.26,7.26,14880
2023-07-17,7.26,7.47,7.26,7.47,37627
2023-07-18,7.54,7.54,7.33,7.4,1409
2023-07-19,7.4,7.4,7.33,7.4,21619
2023-07-20,7.33,7.4,7.33,7.33,6956
2023-07-21,7.4,7.67,7.33,7.61,65001
2023-07-24,7.54,8.44,7.54,7.74,70671
2023-07-25,7.74,8.3,7.4,7.95,29478
2023-07-26,8.3,8.3,7.61,7.74,28684
2023-07-27,7.95,8.5,7.67,7.67,56081
2023-07-28,8.09,9.13,8.02,8.09,64100
2023-07-31,8.3,9.06,8.3,8.5,68933
2023-08-01,8.92,9.33,8.57,8.85,70253
2023-08-02,8.85,8.85,8.5,8.57,30888
2023-08-03,8.64,8.64,8.3,8.44,5500
2023-08-04,8.44,8.5,8.3,8.5,7309
2023-08-07,8.57,8.57,7.4,8.44,31955
2023-08-08,8.37,8.57,8.37,8.37,5700
2023-08-09,8.3,8.44,8.3,8.3,5105
2023-08-10,8.3,8.44,8.3,8.37,10358
2023-08-11,8.37,8.37,8.16,8.37,5106
2023-08-14,8.3,8.3,8.02,8.09,10528
2023-08-15,8.09,8.3,8.09,8.3,10285
2023-08-16,8.23,8.44,8.23,8.3,17411
2023-08-17,8.37,8.37,8.23,8.3,7918
2023-08-18,8.16,8.16,7.81,7.81,11086
2023-08-21,7.88,7.88,7.81,7.88,3215
2023-08-22,7.81,7.81,7.67,7.81,5628
2023-08-23,7.88,7.95,7.74,7.74,2361
2023-08-24,7.95,7.95,7.81,7.81,7184
2023-08-25,7.74,7.81,7.61,7.81,1842
2023-08-28,7.88,7.95,7.88,7.88,2654
2023-08-29,7.88,8.02,7.88,7.88,1438
2023-08-30,7.88,7.95,7.88,7.95,1500
2023-08-31,7.88,7.95,7.88,7.95,5301
2023-09-05,8.02,8.37,7.95,8.16,8084
2023-09-06,8.16,8.16,8.02,8.02,33002
2023-09-07,8.02,8.16,8.02,8.02,9751
2023-09-08,8.09,8.16,8.02,8.02,6000
2023-09-11,7.95,8.02,7.95,8.02,4801
2023-09-12,7.67,7.95,7.67,7.95,2106
2023-09-13,7.88,7.88,7.74,7.74,19321
2023-09-14,7.81,7.88,7.81,7.88,5029
2023-09-15,7.81,7.95,7.61,7.67,11208
2023-09-18,7.74,7.95,7.74,7.74,1433
2023-09-19,7.88,7.88,7.74,7.81,1002
2023-09-20,7.81,7.81,7.81,7.81,3866
2023-09-21,7.81,7.81,7.74,7.74,1247
2023-09-22,7.74,7.81,7.54,7.54,1954
2023-09-25,7.81,7.81,7.4,7.61,10202
2023-09-26,7.54,7.54,7.47,7.47,4604
2023-09-27,7.47,7.47,7.26,7.4,10927
2023-09-28,7.33,7.33,7.33,7.33,105
2023-09-29,7.33,7.33,7.33,7.33,2004
2023-10-02,7.19,7.33,7.12,7.12,3835
2023-10-03,7.19,7.26,7.05,7.05,2102
2023-10-04,7.05,7.19,7.05,7.19,1985
2023-10-05,7.19,7.19,7.12,7.12,1372
2023-10-06,7.12,7.12,6.91,7.12,4400
2023-10-09,6.98,6.98,6.91,6.98,4500
2023-10-10,6.98,7.12,6.98,7.12,3300
2023-10-11,7.19,7.33,7.19,7.33,2170
2023-10-12,7.26,7.26,7.19,7.19,4705
2023-10-13,7.19,7.19,7.19,7.19,0
2023-10-16,7.12,7.19,6.98,7.19,8597
2023-10-17,7.12,7.12,7.12,7.12,9000
2023-10-18,7.12,7.19,7.12,7.12,2230
2023-10-19,7.19,7.19,7.05,7.05,9000
2023-10-20,7.05,7.05,6.91,7.05,3710
2023-10-23,7.05,7.12,6.91,6.91,700
2023-10-24,6.85,7.05,6.85,7.05,1340
2023-10-25,7.05,7.05,7.05,7.05,901
2023-10-26,6.91,6.91,6.71,6.78,4466
2023-10-27,6.91,6.98,6.78,6.78,1700
2023-10-30,6.85,6.85,6.85,6.85,0
2023-10-31,6.71,6.71,6.02,6.02,9800
2023-11-01,6.08,6.08,6.08,6.08,34
2023-11-02,6.98,6.98,6.57,6.85,1510
2023-11-03,6.85,6.91,6.64,6.91,5608
2023-11-06,6.64,7.05,6.64,7.05,7777
2023-11-07,7.05,7.12,6.85,6.85,9200
2023-11-08,6.78,6.85,6.71,6.85,12530
2023-11-09,6.85,6.85,6.85,6.85,2100
2023-11-10,6.91,6.91,6.78,6.78,3116
2023-11-13,6.78,6.78,6.78,6.78,1400
2023-11-14,6.71,6.85,6.71,6.85,3714
2023-11-15,6.91,6.91,6.85,6.85,3516
2023-11-16,6.78,6.85,6.78,6.85,682
2023-11-17,6.85,6.91,6.85,6.85,9475
2023-11-20,6.85,6.85,6.78,6.78,3640
2023-11-21,6.78,6.78,6.71,6.78,1600
2023-11-22,6.71,6.78,6.71,6.78,6230
2023-11-23,6.71,6.71,6.71,6.71,130
2023-11-24,6.71,6.71,6.71,6.71,3
2023-11-27,6.71,6.71,6.71,6.71,1212
2023-11-28,6.57,6.71,6.57,6.71,323
2023-11-29,6.64,6.64,6.64,6.64,69
2023-11-30,6.57,6.64,6.57,6.64,750
2023-12-01,6.57,6.64,6.5,6.64,2500
2023-12-04,6.57,6.57,6.5,6.5,2120
2023-12-05,6.71,6.78,6.71,6.78,3892
2023-12-06,6.71,6.71,6.64,6.64,1310
2023-12-07,6.64,6.64,6.57,6.57,6402
2023-12-08,6.57,6.57,6.57,6.57,2400
2023-12-11,6.64,6.64,6.57,6.57,2000
2023-12-12,6.57,6.57,6.5,6.57,3805
2023-12-13,6.64,6.71,6.64,6.64,3800
2023-12-14,6.64,6.64,6.64,6.64,806
2023-12-15,6.64,6.71,6.64,6.71,600
2023-12-18,6.71,6.71,6.64,6.64,901
2023-12-19,6.64,6.64,6.64,6.64,800
2023-12-20,6.57,6.64,6.57,6.64,2800
2023-12-21,6.64,6.64,6.57,6.57,4101
2023-12-22,6.5,6.64,5.95,6.64,12840
2023-12-25,6.5,6.64,6.5,6.64,1708
2023-12-26,6.64,6.98,6.64,6.98,24553
2023-12-27,6.98,7.05,6.85,6.98,7112
2023-12-28,6.91,6.98,6.91,6.98,4210
2023-12-29,6.78,6.91,6.78,6.91,4973
2024-01-02,7.05,7.33,7.05,7.33,13101
2024-01-03,7.26,7.26,7.12,7.19,1040
2024-01-04,7.33,7.4,7.12,7.26,5618
2024-01-05,7.12,7.47,6.91,7.47,8832
2024-01-08,7.3,8.0,7.3,7.86,72410
2024-01-09,7.86,8.0,7.86,7.93,31505
2024-01-10,7.93,7.93,7.3,7.58,9983
2024-01-11,7.65,7.72,7.3,7.44,18793
2024-01-12,7.44,7.65,7.3,7.37,15327
2024-01-15,7.37,7.51,7.17,7.17,19120
2024-01-16,7.3,7.3,7.17,7.17,7584
2024-01-17,7.65,7.65,7.3,7.3,10710
2024-01-18,7.65,7.65,7.3,7.51,5410
2024-01-19,7.44,7.58,7.24,7.3,10932
2024-01-22,7.37,7.37,7.3,7.37,5141
2024-01-23,7.37,7.44,7.37,7.44,3076
2024-01-24,7.37,7.37,7.3,7.3,3326
2024-01-25,7.3,7.37,7.3,7.37,912
2024-01-26,7.3,7.37,7.3,7.37,3213
2024-01-29,7.3,7.3,7.3,7.3,908
2024-01-30,7.24,7.24,7.1,7.17,3520
2024-01-31,7.3,7.3,7.17,7.17,9010
2024-02-01,7.17,7.3,7.17,7.17,18924
2024-02-02,7.17,7.17,7.17,7.17,2200
2024-02-05,7.17,7.37,7.03,7.37,8252
2024-02-06,7.3,7.3,7.1,7.1,1416
2024-02-07,7.3,7.37,7.17,7.37,3002
2024-02-15,7.37,7.58,7.1,7.44,27850
2024-02-16,7.44,7.44,7.24,7.3,29349
2024-02-19,7.37,7.37,7.24,7.3,5001
2024-02-20,7.3,7.3,7.24,7.3,11001
2024-02-21,7.24,7.3,7.24,7.3,10900
2024-02-22,7.3,7.3,7.24,7.3,14302
2024-02-23,7.3,7.37,7.3,7.3,26240
2024-02-26,7.1,7.24,6.96,7.24,6514
2024-02-27,7.24,7.3,7.17,7.17,6302
2024-02-28,7.1,7.24,7.1,7.24,6076
2024-02-29,7.17,7.24,7.17,7.24,9073
2024-03-01,7.24,7.3,7.1,7.24,26400
2024-03-04,7.17,7.17,7.1,7.17,3401
2024-03-05,7.1,7.17,7.1,7.1,9331
2024-03-06,7.17,7.24,7.17,7.17,19005
2024-03-07,7.24,7.24,7.1,7.24,6115
2024-03-08,7.3,7.3,7.17,7.17,4403
2024-03-11,7.17,7.17,7.1,7.1,11941
2024-03-12,7.1,7.1,7.03,7.03,1207
2024-03-13,7.1,7.24,7.1,7.24,473
2024-03-14,7.1,7.17,7.03,7.17,17221
2024-03-15,7.17,7.24,7.1,7.1,2638
2024-03-18,7.03,7.03,6.96,7.03,5938
2024-03-19,7.03,7.03,6.96,6.96,9038
2024-03-20,6.96,7.1,6.96,6.96,7701
2024-03-21,6.96,7.1,6.96,7.1,1417
2024-03-22,7.1,7.1,6.96,7.03,16683
2024-03-25,7.03,7.24,7.03,7.03,6269
2024-03-26,7.03,7.03,7.03,7.03,4019
2024-03-27,7.1,7.1,7.03,7.1,5001
2024-03-28,7.1,7.1,6.96,6.96,4048
2024-03-29,7.03,7.1,6.96,6.96,10852
2024-04-01,7.03,7.03,6.96,6.96,701
2024-04-02,7.03,7.03,6.96,7.03,6504
2024-04-03,6.96,7.03,6.96,6.96,8149
2024-04-04,7.03,7.03,6.96,6.96,6000
2024-04-05,6.96,6.96,6.89,6.89,4700
2024-04-08,6.96,6.96,6.96,6.96,229
2024-04-09,6.96,6.96,6.89,6.89,2421
2024-04-10,6.96,6.96,6.96,6.96,9352
2024-04-11,7.03,7.03,6.96,6.96,602
2024-04-12,7.03,7.03,6.96,7.03,11833
2024-04-15,7.03,7.17,7.03,7.03,20919
2024-04-16,7.1,7.1,6.61,6.89,13680
2024-04-17,6.89,6.89,6.75,6.75,2601
2024-04-19,6.75,6.75,6.68,6.68,20734
2024-04-22,6.61,6.89,6.61,6.75,3800
2024-04-23,6.82,6.82,6.68,6.68,2762
2024-04-24,6.68,6.75,6.68,6.68,2003
2024-04-25,6.75,6.82,6.68,6.82,18000
2024-04-26,6.82,7.72,6.82,7.72,142967
2024-05-02,8.0,8.84,8.0,8.84,139919
2024-05-03,8.84,10.16,8.0,8.35,62654
2024-05-06,8.35,8.9,7.93,8.35,176770
2024-05-07,8.9,8.97,8.21,8.49,73152
2024-05-08,8.84,8.84,8.84,8.84,50
2024-05-09,8.49,8.49,7.79,8.35,14048
2024-05-10,8.28,8.49,7.93,7.93,28920
2024-05-13,8.0,8.07,8.0,8.07,10340
2024-05-14,8.07,8.35,8.07,8.28,22743
2024-05-15,8.35,8.35,8.21,8.21,5404
2024-05-16,8.28,8.28,8.0,8.07,19808
2024-05-17,8.07,8.14,7.79,7.86,25021
2024-05-20,8.28,8.35,8.0,8.0,26004
2024-05-21,8.21,8.21,7.93,8.14,5610
2024-05-22,8.0,8.28,8.0,8.07,15301
2024-05-23,8.14,8.14,7.93,8.0,3912
2024-05-24,8.07,8.07,7.93,7.93,17803
2024-05-27,8.0,8.0,7.93,7.93,6419
2024-05-28,7.93,7.93,7.93,7.93,1040
2024-05-29,7.93,7.93,7.79,7.86,10705
2024-05-30,7.93,7.93,7.65,7.93,1043
2024-05-31,7.79,7.79,7.72,7.72,4500
2024-06-03,7.79,7.86,7.79,7.86,5815
2024-06-04,7.86,7.86,7.86,7.86,9601
2024-06-05,7.79,7.86,7.79,7.86,11156
2024-06-06,7.86,7.86,6.89,7.86,13320
2024-06-07,7.86,7.86,7.65,7.86,23286
2024-06-10,7.86,7.86,7.72,7.79,3420
2024-06-11,7.72,7.79,7.72,7.79,1407
2024-06-12,7.65,7.79,7.44,7.79,7508
2024-06-13,7.86,7.93,7.65,7.72,9856
2024-06-14,7.72,7.79,7.65,7.65,11241
2024-06-17,7.72,7.79,7.51,7.79,12500
2024-06-18,7.65,7.65,7.65,7.65,4364
2024-06-19,7.65,7.65,7.58,7.58,1700
2024-06-20,7.58,7.58,7.58,7.58,2943
2024-06-21,7.65,7.65,7.37,7.37,19700
2024-06-24,7.51,7.51,7.51,7.51,2003
2024-06-25,7.51,7.58,7.51,7.51,3209
2024-06-26,7.65,7.65,7.58,7.58,356
2024-06-27,7.65,7.65,7.44,7.51,2633
2024-06-28,7.44,7.44,7.1,7.1,8570
2024-07-01,7.24,7.24,7.24,7.24,23730
2024-07-02,7.3,7.37,7.24,7.3,5813
2024-07-03,7.24,7.3,7.24,7.3,5902
2024-07-04,7.58,7.58,7.58,7.58,2104
2024-07-05,7.58,7.58,7.58,7.58,250
2024-07-08,7.58,7.65,7.37,7.37,3603
2024-07-09,7.65,7.65,7.3,7.3,4150
2024-07-10,7.51,7.51,7.51,7.51,1303
2024-07-11,7.51,7.51,7.37,7.37,2563
2024-07-12,7.3,7.51,6.96,7.51,19410
2024-07-15,7.51,7.51,7.17,7.17,3937
2024-07-16,7.51,7.51,7.24,7.37,4880
2024-07-17,7.37,7.51,7.37,7.37,18404
2024-07-18,7.65,7.65,7.51,7.51,3180
2024-07-19,8.35,8.35,7.51,7.51,4140
2024-07-22,7.37,7.37,7.24,7.3,10212
2024-07-23,7.3,7.3,7.24,7.24,1131
2024-07-24,7.24,7.24,6.96,7.1,3501
2024-07-25,7.1,7.17,6.96,7.03,15920
2024-07-26,7.03,7.03,6.96,6.96,6914
2024-07-29,7.1,7.24,7.1,7.1,9543
2024-07-30,7.1,7.1,7.03,7.03,2822
2024-07-31,7.1,7.1,6.96,7.1,12393
2024-08-01,7.17,7.17,6.96,6.96,4639
2024-08-02,6.96,7.1,6.89,7.1,9526
2024-08-05,7.1,7.1,6.89,6.89,5791
2024-08-06,6.89,7.03,6.82,6.96,7281
2024-08-07,6.96,6.96,6.89,6.96,24124
2024-08-08,6.89,6.96,6.89,6.96,6131
2024-08-09,6.89,6.96,6.89,6.89,14345
2024-08-12,6.96,6.96,6.82,6.82,1411
2024-08-13,6.96,7.03,6.96,6.96,8930
2024-08-14,7.1,7.24,6.89,7.03,6513
2024-08-15,6.96,6.96,6.89,6.89,5294
2024-08-16,6.89,6.96,6.89,6.96,8801
2024-08-19,6.89,6.96,6.89,6.96,8057
2024-08-20,6.89,6.96,6.82,6.96,4236
2024-08-21,6.89,6.96,6.82,6.89,9822
2024-08-22,6.89,6.89,6.89,6.89,18337
2024-08-23,6.89,6.89,6.82,6.89,6542
2024-08-26,6.96,6.96,6.89,6.89,6360
2024-08-27,6.89,6.96,6.89,6.89,8130
2024-08-28,6.89,6.96,6.89,6.89,5951
2024-08-29,6.96,6.96,6.89,6.89,5145
2024-08-30,6.89,6.89,6.82,6.89,1111
2024-09-04,6.82,6.89,6.82,6.89,14944
2024-09-05,6.89,6.89,6.82,6.82,14001
2024-09-06,6.89,6.89,6.82,6.82,2916
2024-09-09,6.82,6.82,6.75,6.75,3938
2024-09-10,6.82,6.82,6.68,6.68,17368
2024-09-11,6.68,6.75,6.68,6.75,2620
2024-09-12,6.82,6.82,6.82,6.82,11288
2024-09-13,6.89,6.89,6.75,6.75,534
2024-09-16,6.75,6.82,6.61,6.75,4925
2024-09-17,6.89,6.89,6.68,6.75,1619
2024-09-18,6.82,6.82,6.75,6.82,1806
2024-09-19,6.82,6.89,6.82,6.89,5512
2024-09-20,6.89,6.89,6.82,6.89,8705
2024-09-23,6.89,6.96,6.89,6.96,2565
2024-09-24,6.96,6.96,6.96,6.96,6366
2024-09-25,6.96,6.96,6.89,6.96,5822
2024-09-26,6.96,7.03,6.89,6.96,18316
2024-09-27,7.03,7.24,7.03,7.17,60534
2024-09-30,7.24,7.37,6.89,7.17,34207
2024-10-01,7.24,7.3,7.1,7.1,40337
2024-10-02,7.1,7.1,6.96,7.1,13109
2024-10-03,7.03,7.24,7.03,7.1,22600
2024-10-04,7.1,7.1,7.03,7.03,55169
2024-10-07,7.03,7.03,6.89,6.96,27084
2024-10-08,7.03,7.03,6.96,6.96,3710
2024-10-09,6.96,7.03,6.96,6.96,32108
2024-10-10,6.96,7.03,6.96,6.96,12550
2024-10-11,5.91,6.96,5.91,6.89,11010
2024-10-14,6.96,6.96,6.82,6.89,6345
2024-10-15,6.96,7.1,6.96,7.03,41595
2024-10-16,6.96,6.96,6.96,6.96,5921
2024-10-17,6.96,7.03,6.89,6.96,43624
2024-10-18,6.96,6.96,6.96,6.96,36012
2024-10-21,6.96,7.03,6.96,7.03,56404
2024-10-22,7.1,7.1,6.96,7.03,11220
2024-10-23,6.96,6.96,6.75,6.89,51801
2024-10-24,6.89,6.89,6.82,6.89,7800
2024-10-25,6.89,6.96,6.82,6.89,26419
2024-10-28,6.89,6.96,6.89,6.89,10605
2024-10-29,6.89,6.89,6.82,6.89,19914
2024-10-30,6.96,6.96,6.89,6.96,3203
2024-10-31,6.96,7.03,6.96,7.03,39315
2024-11-01,7.03,7.17,6.89,6.96,58116
2024-11-04,6.96,7.03,6.82,6.96,95804
2024-11-05,6.96,6.96,6.89,6.96,16938
2024-11-06,6.96,6.96,6.89,6.96,13048
2024-11-07,7.03,7.03,6.89,6.96,55902
2024-11-08,6.89,6.96,6.82,6.96,20000
2024-11-11,6.96,6.96,6.75,6.89,43325
2024-11-12,6.89,6.89,6.82,6.89,85203
2024-11-13,6.82,6.89,6.82,6.89,11401
2024-11-14,6.89,6.96,6.82,6.82,8313
2024-11-15,6.82,6.89,6.75,6.82,35744
2024-11-18,6.89,7.58,6.89,7.17,173184
2024-11-19,7.17,7.17,6.96,7.1,38610
2024-11-20,7.1,7.17,7.1,7.17,75936
2024-11-21,7.17,7.17,7.03,7.1,36947
2024-11-22,7.17,7.17,7.03,7.17,90122
2024-11-25,7.17,7.51,7.17,7.51,182683
2024-11-26,7.51,7.79,7.51,7.65,165759
2024-11-27,7.65,8.07,7.58,7.58,253010
2024-11-28,8.52,8.52,7.83,8.0,107353
2024-11-29,8.09,8.09,7.74,8.0,130461
2024-12-02,8.0,8.09,7.83,8.09,95599
2024-12-03,8.0,8.09,7.91,8.0,56318
2024-12-04,7.91,8.0,7.74,8.0,70173
2024-12-05,7.91,8.0,7.83,7.91,27841
2024-12-06,7.91,7.91,7.83,7.91,27050
2024-12-09,7.91,7.91,7.83,7.91,20703
2024-12-10,7.91,8.0,7.91,7.91,13716
2024-12-11,7.91,8.0,7.83,7.83,10048
2024-12-12,7.91,7.91,7.91,7.91,25650
2024-12-13,7.91,8.0,7.91,8.0,26761
2024-12-16,7.91,7.91,7.74,7.91,19589
2024-12-17,7.83,7.83,7.74,7.83,11027
2024-12-18,7.83,7.91,7.83,7.91,6430
2024-12-19,7.91,7.91,7.83,7.91,12159
2024-12-20,7.91,7.91,7.57,7.83,110801
2024-12-23,7.83,7.83,7.83,7.83,10186
2024-12-24,7.74,7.83,7.74,7.83,5359
2024-12-25,7.83,7.91,7.83,7.91,27017
2024-12-26,7.91,7.91,7.91,7.91,315
2024-12-27,7.91,7.91,7.83,7.91,16463
2024-12-30,7.91,8.0,7.83,8.0,20563
2024-12-31,8.0,8.0,7.83,8.0,22750
2025-01-02,7.91,8.26,7.91,7.91,9362
2025-01-03,7.91,7.91,7.91,7.91,8206
2025-01-06,7.91,7.91,7.83,7.91,8204
2025-01-07,7.91,7.91,7.83,7.91,35354
2025-01-08,7.91,7.91,7.83,7.91,34770
2025-01-09,7.91,7.91,7.83,7.83,5105
2025-01-10,7.91,7.91,7.83,7.91,9741
2025-01-13,7.91,7.91,7.83,7.91,15091
2025-01-14,7.83,7.83,7.83,7.83,3377
2025-01-15,7.83,7.91,7.83,7.83,2945
2025-01-16,7.83,7.83,7.83,7.83,4709
2025-01-17,7.83,7.83,7.74,7.83,4105
2025-01-20,7.83,7.83,7.83,7.83,2952
2025-01-21,7.83,7.83,7.83,7.83,5716
2025-01-22,7.83,7.83,7.83,7.83,1858
2025-01-23,7.83,7.83,7.83,7.83,4305
2025-01-24,7.83,7.83,7.65,7.74,34204
2025-02-03,7.74,7.74,7.48,7.48,47630
2025-02-04,7.48,7.74,7.48,7.65,46266
2025-02-05,7.65,7.65,7.65,7.65,7343
2025-02-06,7.65,7.74,7.65,7.74,12975
2025-02-07,7.65,7.83,7.65,7.74,8279
2025-02-10,7.74,7.74,7.65,7.65,26765
2025-02-11,7.65,7.74,7.57,7.65,38828
2025-02-12,7.65,7.83,7.65,7.65,12259
2025-02-13,7.74,7.83,7.65,7.83,51475
2025-02-14,7.83,8.0,7.74,8.0,71765
2025-02-17,8.0,8.35,7.91,8.26,199022
2025-02-18,8.17,8.87,8.17,8.52,168529
2025-02-19,8.52,8.52,8.17,8.26,26442
2025-02-20,8.26,8.35,7.83,8.26,115378
2025-02-21,8.44,8.44,8.09,8.17,25809
2025-02-24,8.17,8.26,8.0,8.17,71688
2025-02-25,8.17,8.26,8.09,8.17,52771
2025-02-26,8.17,8.26,8.09,8.17,47035
2025-02-27,8.17,8.17,8.09,8.17,38786
2025-02-28,8.17,8.17,8.17,8.17,76130
2025-03-03,8.26,8.26,8.09,8.17,43287
2025-03-04,8.26,8.26,8.09,8.17,58271
2025-03-05,8.17,8.26,8.17,8.17,16706
2025-03-06,8.17,8.17,8.09,8.17,27623
2025-03-07,8.09,8.17,8.0,8.17,39021
2025-03-10,8.17,8.17,8.09,8.09,39193
2025-03-11,8.09,8.52,8.09,8.26,107042
2025-03-12,8.35,8.35,8.26,8.35,29058
2025-03-13,8.35,8.44,8.26,8.26,41810
2025-03-14,8.35,8.35,8.26,8.26,15112
2025-03-17,8.35,9.39,8.26,8.7,209987
2025-03-18,8.7,8.96,8.35,8.7,18071
2025-03-19,8.7,8.7,8.44,8.52,17326
2025-03-20,8.87,8.87,8.52,8.61,10739
2025-03-21,8.52,9.13,8.52,8.78,49232
2025-03-24,8.87,8.87,8.61,8.7,16831
2025-03-25,8.7,8.7,8.52,8.52,8024
2025-03-26,8.52,8.61,8.44,8.52,18464
2025-03-27,8.52,8.7,8.52,8.7,2434
2025-03-28,8.78,8.78,8.52,8.61,19723
2025-03-31,8.61,8.61,8.52,8.61,15251
2025-04-01,8.44,8.61,8.44,8.61,14578
2025-04-02,8.52,8.61,8.52,8.61,15050
2025-04-03,7.83,8.35,7.39,7.65,92138
2025-04-04,7.65,8.52,7.48,8.35,53096
2025-04-08,7.74,7.83,7.48,7.65,23576
2025-04-09,7.57,8.0,7.57,7.65,47035
2025-04-10,8.35,8.7,8.35,8.7,118543
2025-04-11,8.7,8.7,8.26,8.7,51013
2025-04-14,8.7,8.7,8.35,8.35,16543
2025-04-15,8.35,8.52,8.35,8.52,26270
2025-04-16,8.35,8.44,8.35,8.44,11546
2025-04-17,8.35,8.44,8.35,8.35,6974
2025-04-18,8.35,8.52,8.35,8.52,15381
2025-04-21,8.44,8.44,8.26,8.26,22574
2025-04-22,8.26,8.78,7.91,8.35,22924
2025-04-23,8.35,8.52,8.35,8.52,6283
2025-04-24,8.44,8.44,8.26,8.35,15509
2025-04-25,8.35,8.35,8.26,8.35,6058
2025-04-28,8.35,8.35,8.26,8.26,3819
2025-04-29,8.35,8.35,8.26,8.35,15106
2025-05-05,8.44,8.44,8.26,8.35,13505
2025-05-06,8.35,8.44,8.26,8.35,21830
2025-05-07,8.35,8.44,8.26,8.35,16193
2025-05-08,8.35,8.35,8.26,8.35,8043
2025-05-09,8.35,8.44,8.26,8.44,69324
2025-05-12,8.35,8.52,8.35,8.44,35256
2025-05-13,8.52,8.52,8.44,8.44,8507
2025-05-14,8.52,8.52,8.26,8.44,32517
2025-05-15,8.35,8.7,8.35,8.52,21023
2025-05-16,8.7,8.7,8.52,8.52,15087
2025-05-19,8.61,8.96,8.44,8.7,70755
2025-05-20,8.7,8.7,8.61,8.7,13073
2025-05-21,8.61,8.87,8.44,8.7,40929
2025-05-22,8.7,9.04,8.7,8.78,190465
2025-05-23,8.87,8.96,8.7,8.87,74353
2025-05-26,8.87,9.74,8.87,9.39,235942
2025-05-27,9.48,9.57,9.3,9.57,124743
2025-05-28,9.57,10.09,9.57,9.91,198925
2025-05-29,9.91,10.0,9.65,9.91,92481
2025-05-30,9.83,10.09,9.74,9.91,110529
2025-06-02,9.91,9.91,9.65,9.91,76945
2025-06-03,9.83,9.91,9.74,9.83,63819
2025-06-04,9.83,9.83,9.65,9.65,154411
2025-06-05,9.65,9.65,9.39,9.57,143785
2025-06-06,9.48,9.48,9.22,9.3,70929
2025-06-09,9.13,9.48,9.13,9.22,47456
2025-06-10,9.3,9.39,9.3,9.39,40562
2025-06-11,9.39,9.39,9.22,9.39,49342
2025-06-12,9.39,9.65,9.3,9.48,52899
2025-06-13,9.48,9.48,9.22,9.39,91082
2025-06-16,9.3,9.48,9.3,9.48,71062
2025-06-17,9.65,10.7,9.48,9.91,127365
2025-06-18,9.91,10.0,9.83,9.91,104002
2025-06-19,10.0,10.0,9.65,9.83,59074
2025-06-20,9.83,9.83,9.74,9.83,65983
2025-06-23,9.83,9.83,9.57,9.83,483821
2025-06-24,9.83,10.09,9.74,10.09,452104
2025-06-25,10.17,10.17,9.91,9.91,337981
2025-06-26,10.0,10.0,9.65,9.65,313800
2025-06-27,9.7,10.7,9.7,10.1,110178
2025-06-30,10.1,10.5,10.0,10.2,69941
2025-07-01,10.1,10.3,9.8,10.0,82567
2025-07-02,9.8,10.0,9.7,10.0,46219
2025-07-03,10.0,10.0,9.8,10.0,114767
2025-07-04,10.0,10.1,9.9,9.9,33150
2025-07-07,10.0,10.2,9.9,10.2,120795
2025-07-08,10.2,10.3,10.1,10.2,68148
2025-07-09,10.5,10.5,10.3,10.5,156585
2025-07-10,10.4,10.7,10.4,10.6,102300
2025-07-11,10.6,11.1,10.6,10.7,232300
2025-07-14,10.8,11.1,10.7,11.0,157700
2025-07-15,11.1,11.5,10.9,10.9,171700
2025-07-16,11.0,11.3,10.9,11.1,132300
2025-07-17,11.2,11.3,11.1,11.3,110600
2025-07-18,11.4,11.4,11.0,11.2,92700
2025-07-21,11.2,11.2,11.0,11.0,81600
2025-07-22,11.1,11.3,11.1,11.3,62400
2025-07-23,11.3,11.4,10.5,11.2,84200
2025-07-24,11.2,11.4,11.1,11.3,255100
2025-07-25,11.3,11.4,11.3,11.4,158500
2025-07-28,11.4,11.8,11.3,11.8,274600
2025-07-29,11.8,12.0,11.2,11.3,272000
2025-07-30,11.3,11.5,10.8,11.3,183900
2025-07-31,11.7,11.7,11.2,11.5,149600
2025-08-01,11.5,11.5,11.3,11.4,61600
2025-08-04,11.4,11.6,11.2,11.6,154100
2025-08-05,11.6,12.2,11.4,11.5,516800
2025-08-06,11.9,12.0,11.5,12.0,165500
2025-08-07,12.0,12.1,11.8,12.0,139500
2025-08-08,12.0,12.2,11.9,12.1,173800
2025-08-11,12.1,12.1,11.8,12.0,180800
2025-08-12,12.0,12.0,11.7,11.9,212000
2025-08-13,12.5,12.5,11.8,11.9,135700
2025-08-14,11.9,12.4,11.9,12.2,412700
2025-08-15,12.1,12.4,11.9,12.1,200300
2025-08-18,12.2,12.2,11.8,12.0,182200
2025-08-19,12.0,12.0,11.8,11.9,191600
2025-08-20,11.9,12.2,11.7,12.1,399400
2025-08-21,12.2,12.9,12.1,12.9,647400
2025-08-22,13.0,13.2,12.4,12.6,487200
2025-08-25,12.8,12.9,11.8,12.0,243000
2025-08-26,12.1,12.3,11.8,12.2,201300
2025-08-27,12.2,12.4,11.8,12.0,204800
2025-08-28,12.1,12.1,11.8,12.0,93700
2025-08-29,12.0,12.1,11.8,12.0,210400
2025-09-03,12.1,12.1,11.8,11.9,125200
2025-09-04,12.4,13.0,12.0,12.1,141600
2025-09-05,12.1,12.2,11.8,11.8,181000
2025-09-08,12.3,12.3,11.6,11.6,189100
2025-09-09,11.7,11.8,11.5,11.8,107500
2025-09-10,11.9,12.0,11.6,11.8,21400
2025-09-11,11.8,11.8,11.4,11.7,122100
2025-09-12,11.6,11.7,11.5,11.6,51700
2025-09-15,11.7,11.7,11.5,11.7,36200
2025-09-16,11.7,11.7,11.6,11.6,52100
2025-09-17,11.7,11.7,11.5,11.6,51200
2025-09-18,11.6,11.6,11.4,11.5,51000
2025-09-19,11.6,11.6,11.4,11.6,58300
2025-09-22,11.6,11.6,11.3,11.4,56100
2025-09-23,11.4,11.5,11.3,11.4,25100
2025-09-24,11.4,11.6,11.3,11.6,67800
2025-09-25,11.6,11.6,11.5,11.6,46900
2025-09-26,11.7,11.7,11.4,11.5,31200
2025-09-29,11.5,11.6,11.4,11.4,31900
2025-09-30,11.5,11.6,11.1,11.3,88300
2025-10-01,11.2,11.6,11.2,11.6,111200
2025-10-02,11.6,11.8,11.4,11.6,59600
2025-10-03,11.6,11.6,11.3,11.4,38700
2025-10-06,11.4,11.6,11.4,11.6,33200
2025-10-07,11.6,11.8,11.6,11.7,111900
2025-10-08,11.7,11.9,11.6,11.7,47500
2025-10-09,11.5,11.8,11.5,11.6,36300
2025-10-10,11.6,11.7,11.5,11.6,61700
2025-10-13,11.8,11.9,11.6,11.8,189400
2025-10-14,11.8,11.9,11.6,11.7,123100
2025-10-15,11.7,11.9,11.6,11.8,76200
2025-10-16,11.9,12.0,11.7,11.8,142700
2025-10-17,11.8,12.0,11.7,12.0,178700
2025-10-20,12.0,12.0,11.3,11.6,105300
2025-10-21,11.3,11.8,11.3,11.7,46500
