time,open,high,low,close,volume
2015-04-08,7.1,7.89,4.26,7.89,21800
2015-04-09,4.1,4.1,4.1,4.1,5000
2015-04-10,4.1,4.1,4.1,4.1,0
2015-04-13,4.1,4.1,4.1,4.1,0
2015-04-14,4.1,4.1,4.1,4.1,0
2015-04-15,4.1,4.1,4.1,4.1,0
2015-04-16,4.18,4.34,4.18,4.18,11000
2015-04-17,4.65,4.65,4.65,4.65,3000
2015-04-20,4.65,4.65,4.65,4.65,0
2015-04-21,4.97,4.97,4.97,4.97,3000
2015-04-22,4.5,5.44,4.5,5.44,25100
2015-04-23,5.44,5.44,5.44,5.44,0
2015-04-24,5.44,5.44,5.44,5.44,0
2015-04-27,5.84,5.84,5.84,5.84,100
2015-05-04,5.29,6.07,5.29,6.07,200
2015-05-05,6.07,6.07,6.07,6.07,100
2015-05-06,5.52,6.15,5.52,6.15,200
2015-05-07,5.36,5.36,5.36,5.36,100
2015-05-08,4.89,4.89,4.89,4.89,100
2015-05-11,4.42,4.42,4.42,4.42,100
2015-05-12,4.81,4.81,4.81,4.81,100
2015-05-13,4.34,4.58,4.34,4.58,600
2015-05-14,4.97,4.97,4.58,4.58,10000
2015-05-15,4.42,4.42,4.42,4.42,500
2015-05-18,4.81,4.81,4.81,4.81,100
2015-05-19,4.34,5.29,4.34,5.29,1900
2015-05-20,5.52,5.52,5.52,5.52,13000
2015-05-21,5.52,5.52,5.52,5.52,0
2015-05-22,5.52,5.52,5.52,5.52,0
2015-05-25,5.13,5.52,5.13,5.52,5000
2015-05-26,5.52,5.52,5.52,5.52,1000
2015-05-27,5.68,5.76,5.68,5.76,2100
2015-05-28,5.84,5.99,5.84,5.99,3000
2015-05-29,5.99,5.99,5.99,5.99,1000
2015-06-01,6.07,6.07,6.07,6.07,2000
2015-06-02,6.15,6.23,6.15,6.15,15000
2015-06-03,6.31,6.31,5.99,5.99,10000
2015-06-04,5.92,6.31,5.92,6.31,51500
2015-06-05,6.31,6.55,6.31,6.55,35100
2015-06-08,6.55,6.7,6.55,6.7,38400
2015-06-09,7.26,7.26,7.1,7.1,200
2015-06-10,7.1,7.1,7.1,7.1,0
2015-06-11,6.78,6.78,6.63,6.63,5500
2015-06-12,6.63,6.63,6.47,6.63,21600
2015-06-15,6.55,6.63,6.55,6.63,16000
2015-06-16,6.7,6.7,6.7,6.7,128000
2015-06-17,6.78,6.78,6.78,6.78,500
2015-06-18,6.86,6.86,6.7,6.7,8800
2015-06-19,6.78,6.78,6.78,6.78,7000
2015-06-22,6.78,6.86,6.78,6.86,16400
2015-06-23,6.94,6.94,6.94,6.94,5100
2015-06-24,6.86,6.86,6.86,6.86,2500
2015-06-25,6.86,6.86,6.86,6.86,0
2015-06-26,7.1,7.1,7.1,7.1,100
2015-06-29,7.1,7.1,7.1,7.1,0
2015-06-30,6.7,6.7,6.7,6.7,4600
2015-07-01,6.7,6.78,6.7,6.78,6100
2015-07-02,6.78,6.78,6.7,6.78,124500
2015-07-03,6.78,6.78,6.7,6.7,2200
2015-07-06,6.7,6.7,6.7,6.7,9700
2015-07-07,6.7,6.7,6.7,6.7,3000
2015-07-08,6.7,6.7,6.63,6.7,30500
2015-07-09,6.55,6.63,6.55,6.55,10400
2015-07-10,6.63,6.7,6.63,6.7,12000
2015-07-13,6.7,6.7,6.7,6.7,1500
2015-07-14,6.7,6.7,6.7,6.7,1100
2015-07-15,6.7,6.7,6.7,6.7,0
2015-07-16,5.76,6.63,5.76,6.63,3600
2015-07-17,6.55,6.7,6.55,6.7,8900
2015-07-20,6.7,6.7,6.7,6.7,0
2015-07-21,6.63,6.78,6.63,6.7,19700
2015-07-22,6.7,6.7,6.7,6.7,60000
2015-07-23,5.92,5.92,5.92,5.92,100
2015-07-24,5.92,5.92,5.92,5.92,0
2015-07-27,5.92,5.92,5.92,5.92,0
2015-07-28,5.6,5.6,5.6,5.6,100
2015-07-29,5.6,5.6,5.6,5.6,0
2015-07-30,5.6,5.6,5.6,5.6,0
2015-07-31,6.39,6.39,6.39,6.39,1800
2015-08-03,5.68,5.68,5.68,5.68,100
2015-08-04,5.68,5.68,5.68,5.68,0
2015-08-05,5.68,5.68,5.68,5.68,0
2015-08-06,5.68,5.68,5.68,5.68,0
2015-08-07,6.47,6.47,6.47,6.47,5000
2015-08-10,5.52,6.7,5.52,6.7,13600
2015-08-11,5.76,6.7,5.76,6.7,29200
2015-08-12,6.7,6.7,6.7,6.7,36000
2015-08-13,5.76,6.7,5.76,6.7,8200
2015-08-14,6.7,6.7,6.7,6.7,4500
2015-08-17,6.55,6.55,6.55,6.55,5000
2015-08-18,6.55,6.55,6.55,6.55,0
2015-08-19,6.55,6.55,6.55,6.55,0
2015-08-20,6.55,6.55,6.55,6.55,0
2015-08-21,6.55,6.55,6.55,6.55,0
2015-08-24,6.55,6.55,6.55,6.55,0
2015-08-25,6.55,6.63,6.55,6.63,60000
2015-08-26,6.63,6.7,6.63,6.7,22000
2015-08-27,6.7,6.78,6.7,6.78,79600
2015-08-28,5.76,6.7,5.76,6.7,200
2015-08-31,6.7,6.94,6.7,6.94,10800
2015-09-01,6.94,6.94,6.94,6.94,0
2015-09-03,7.02,7.73,7.02,7.73,3400
2015-09-04,7.34,7.34,7.34,7.34,900
2015-09-07,7.81,7.81,7.81,7.81,100
2015-09-08,8.12,8.12,8.12,8.12,100
2015-09-09,8.36,8.36,8.36,8.36,100
2015-09-10,8.68,8.68,8.68,8.68,100
2015-09-11,8.68,8.68,8.68,8.68,0
2015-09-14,7.41,7.41,7.41,7.41,200
2015-09-15,6.31,6.7,6.31,6.7,200
2015-09-16,6.7,6.7,6.7,6.7,0
2015-09-17,7.41,7.41,7.41,7.41,2700
2015-09-18,8.44,8.44,8.44,8.44,900
2015-09-21,7.18,7.18,7.18,7.18,16400
2015-09-22,8.05,8.05,8.05,8.05,100
2015-09-23,8.6,8.6,7.65,7.65,600
2015-09-24,7.65,7.65,7.65,7.65,0
2015-09-25,7.02,7.1,6.94,7.1,22000
2015-09-28,7.65,7.65,7.49,7.49,169200
2015-09-29,7.57,7.57,7.57,7.57,1800
2015-09-30,7.57,7.57,7.57,7.57,0
2015-10-01,7.34,7.34,7.26,7.34,14200
2015-10-02,7.34,7.34,7.34,7.34,0
2015-10-05,6.7,6.7,6.7,6.7,14000
2015-10-06,7.34,7.34,7.1,7.34,140100
2015-10-07,7.26,7.49,7.26,7.41,43500
2015-10-08,7.26,7.26,7.26,7.26,1000
2015-10-09,8.28,8.28,8.28,8.28,100
2015-10-12,8.28,8.28,8.28,8.28,0
2015-10-13,7.1,7.1,7.1,7.1,200
2015-10-14,7.1,7.1,7.1,7.1,0
2015-10-15,6.39,6.39,6.39,6.39,100
2015-10-16,6.39,6.39,6.39,6.39,0
2015-10-19,6.39,6.39,6.39,6.39,0
2015-10-20,6.39,6.39,6.39,6.39,0
2015-10-21,6.86,6.86,6.86,6.86,1000
2015-10-22,6.86,6.86,6.86,6.86,0
2015-10-23,6.86,6.86,6.86,6.86,0
2015-10-26,6.86,6.86,6.86,6.86,0
2015-10-27,6.86,6.86,6.86,6.86,0
2015-10-28,6.86,6.86,6.86,6.86,0
2015-10-29,6.86,6.86,6.86,6.86,0
2015-10-30,7.1,7.1,7.1,7.1,800
2015-11-02,7.1,7.1,7.1,7.1,0
2015-11-03,7.1,7.1,7.1,7.1,0
2015-11-04,7.1,7.1,7.1,7.1,0
2015-11-05,7.1,7.1,7.1,7.1,600
2015-11-06,7.1,7.1,7.1,7.1,0
2015-11-09,7.1,7.1,7.1,7.1,0
2015-11-10,7.1,7.1,7.1,7.1,0
2015-11-11,7.1,7.1,7.1,7.1,0
2015-11-12,7.1,7.1,7.1,7.1,0
2015-11-13,7.1,7.1,7.1,7.1,0
2015-11-16,7.1,7.1,7.1,7.1,0
2015-11-17,7.1,7.1,7.1,7.1,0
2015-11-18,7.1,7.1,7.1,7.1,0
2015-11-19,7.1,7.1,7.1,7.1,0
2015-11-20,7.1,7.1,7.1,7.1,0
2015-11-23,7.1,7.1,7.1,7.1,0
2015-11-24,7.1,7.1,7.1,7.1,0
2015-11-25,7.1,7.1,7.1,7.1,0
2015-11-26,7.1,7.1,7.1,7.1,0
2015-11-27,7.1,7.1,7.1,7.1,0
2015-11-30,7.1,7.1,7.1,7.1,0
2015-12-01,7.1,7.1,7.1,7.1,0
2015-12-02,7.1,7.1,7.1,7.1,0
2015-12-03,7.1,7.1,7.1,7.1,0
2015-12-04,7.1,7.1,7.1,7.1,0
2015-12-07,7.1,7.1,7.1,7.1,0
2015-12-08,7.1,7.1,7.1,7.1,0
2015-12-09,7.1,7.1,7.1,7.1,0
2015-12-10,7.1,7.1,7.1,7.1,0
2015-12-11,7.1,7.1,7.1,7.1,0
2015-12-14,7.1,7.1,7.1,7.1,0
2015-12-15,7.1,7.1,7.1,7.1,1000
2015-12-16,7.1,7.1,7.1,7.1,1600
2015-12-17,7.1,7.1,7.1,7.1,0
2015-12-18,6.07,6.07,6.07,6.07,300
2015-12-21,6.94,6.94,6.94,6.94,16500
2015-12-22,6.94,6.94,6.94,6.94,500
2015-12-23,5.92,6.07,5.92,5.92,21600
2015-12-24,5.29,5.29,5.29,5.29,300
2015-12-25,6.07,6.07,6.07,6.07,100
2015-12-28,6.07,6.31,6.07,6.07,2500
2015-12-29,6.31,6.31,6.31,6.31,2000
2015-12-30,6.31,6.39,6.31,6.39,4000
2015-12-31,6.39,6.47,6.39,6.47,5600
2016-01-04,6.47,6.47,6.47,6.47,0
2016-01-05,6.47,6.47,6.47,6.47,7400
2016-01-06,5.92,6.55,5.92,6.55,7300
2016-01-07,6.31,6.39,6.31,6.39,5000
2016-01-08,6.39,6.39,6.39,6.39,0
2016-01-11,6.39,6.39,6.39,6.39,0
2016-01-12,6.39,6.39,6.39,6.39,0
2016-01-13,6.39,6.39,6.39,6.39,0
2016-01-14,6.47,6.7,6.47,6.7,5000
2016-01-15,6.63,6.63,6.63,6.63,3000
2016-01-18,6.63,6.63,6.63,6.63,0
2016-01-19,6.63,6.63,6.63,6.63,0
2016-01-20,6.63,6.63,6.63,6.63,0
2016-01-21,6.63,6.63,6.63,6.63,0
2016-01-22,6.63,6.63,6.63,6.63,0
2016-01-25,6.63,6.78,6.63,6.78,5000
2016-01-26,6.7,6.7,6.7,6.7,4000
2016-01-27,6.7,6.7,6.7,6.7,0
2016-01-28,6.7,6.7,6.7,6.7,2000
2016-01-29,6.86,6.86,6.55,6.55,1100
2016-02-01,6.55,6.55,6.55,6.55,0
2016-02-02,6.55,6.55,6.55,6.55,0
2016-02-03,6.55,6.55,6.55,6.55,1500
2016-02-04,6.86,6.86,6.86,6.86,100
2016-02-05,6.86,6.86,6.86,6.86,0
2016-02-15,6.86,6.86,6.86,6.86,1800
2016-02-16,6.86,6.86,6.78,6.86,10000
2016-02-17,7.41,7.41,7.41,7.41,100
2016-02-18,6.78,6.78,6.78,6.78,3000
2016-02-19,6.78,6.78,6.78,6.78,0
2016-02-22,6.31,6.31,6.31,6.31,100
2016-02-23,6.7,6.7,6.7,6.7,2000
2016-02-24,6.7,6.7,6.7,6.7,0
2016-02-25,6.7,6.7,6.7,6.7,3000
2016-02-26,6.7,6.7,6.7,6.7,3600
2016-02-29,6.7,6.78,6.7,6.78,4800
2016-03-01,6.78,6.78,6.78,6.78,0
2016-03-02,6.78,6.78,6.78,6.78,0
2016-03-03,6.7,6.7,6.7,6.7,13000
2016-03-04,7.1,7.1,7.1,7.1,100
2016-03-07,7.1,7.1,7.1,7.1,0
2016-03-08,7.1,7.1,7.1,7.1,0
2016-03-09,7.1,7.1,7.1,7.1,0
2016-03-10,7.1,7.1,7.1,7.1,4500
2016-03-11,7.1,7.1,7.1,7.1,200
2016-03-14,7.1,7.1,7.1,7.1,0
2016-03-15,7.1,7.1,7.1,7.1,0
2016-03-16,7.1,7.1,7.1,7.1,0
2016-03-17,6.07,6.07,6.07,6.07,200
2016-03-18,6.94,6.94,6.94,6.94,100
2016-03-21,6.94,6.94,6.94,6.94,0
2016-03-22,6.94,6.94,6.94,6.94,0
2016-03-23,6.94,6.94,6.94,6.94,0
2016-03-24,6.94,6.94,6.94,6.94,0
2016-03-25,6.94,6.94,6.94,6.94,0
2016-03-28,5.92,5.92,5.92,5.92,2100
2016-03-29,6.31,6.31,6.31,6.31,1100
2016-03-30,5.92,5.92,5.92,5.92,200
2016-03-31,5.92,5.92,5.92,5.92,0
2016-04-01,5.52,5.52,5.52,5.52,1000
2016-04-04,6.31,6.31,6.31,6.31,1100
2016-04-05,6.55,6.55,6.47,6.47,20000
2016-04-06,6.55,6.55,6.55,6.55,900
2016-04-07,6.55,6.55,6.55,6.55,0
2016-04-08,6.31,6.31,6.31,6.31,1000
2016-04-11,5.52,5.52,5.36,5.36,5000
2016-04-12,5.92,6.15,5.52,6.15,3000
2016-04-13,6.55,6.55,6.55,6.55,2000
2016-04-14,5.99,6.31,5.92,6.31,45000
2016-04-15,6.23,6.23,6.23,6.23,1000
2016-04-19,6.7,6.7,6.7,6.7,100
2016-04-20,6.47,6.47,6.47,6.47,4500
2016-04-21,6.39,6.47,6.39,6.47,10200
2016-04-22,6.47,7.41,6.47,6.47,8200
2016-04-25,6.55,6.55,6.55,6.55,5000
2016-04-26,6.7,6.7,6.7,6.7,4200
2016-04-27,7.02,7.02,7.02,7.02,100
2016-04-28,7.02,7.02,7.02,7.02,0
2016-04-29,6.15,6.15,6.15,6.15,5000
2016-05-04,6.47,6.55,6.47,6.47,24600
2016-05-05,6.47,6.47,6.47,6.47,0
2016-05-06,6.47,6.47,6.47,6.47,5000
2016-05-09,7.1,7.1,7.1,7.1,1000
2016-05-10,6.55,6.63,6.47,6.63,2400
2016-05-11,6.63,6.63,6.63,6.63,0
2016-05-12,6.63,6.63,6.63,6.63,0
2016-05-13,6.7,6.7,6.7,6.7,1600
2016-05-16,7.1,7.1,7.1,7.1,5500
2016-05-17,7.1,7.1,7.1,7.1,0
2016-05-18,7.02,7.02,7.02,7.02,700
2016-05-19,7.02,7.02,7.02,7.02,0
2016-05-20,7.02,7.02,7.02,7.02,0
2016-05-23,7.02,7.02,7.02,7.02,0
2016-05-24,6.7,6.7,6.7,6.7,700
2016-05-25,6.7,6.7,6.7,6.7,0
2016-05-26,6.7,6.7,6.7,6.7,0
2016-05-27,6.7,6.7,6.7,6.7,0
2016-05-30,6.7,6.7,6.7,6.7,0
2016-05-31,6.7,6.7,6.7,6.7,0
2016-06-01,6.7,6.7,6.7,6.7,0
2016-06-02,6.7,6.7,6.7,6.7,0
2016-06-03,6.78,6.78,6.78,6.78,1000
2016-06-06,6.78,6.78,6.78,6.78,1000
2016-06-07,6.7,6.7,6.63,6.63,1200
2016-06-08,6.63,6.63,6.63,6.63,0
2016-06-09,6.7,6.7,6.7,6.7,300
2016-06-10,6.7,6.7,6.7,6.7,0
2016-06-13,6.7,6.7,6.7,6.7,1400
2016-06-14,6.7,6.7,6.7,6.7,0
2016-06-15,6.7,6.7,6.7,6.7,8000
2016-06-16,6.7,6.7,6.7,6.7,1000
2016-06-17,6.7,6.7,6.7,6.7,0
2016-06-20,6.7,6.7,6.7,6.7,0
2016-06-21,6.7,6.7,6.7,6.7,2000
2016-06-22,6.7,6.7,6.7,6.7,0
2016-06-23,6.7,6.7,6.7,6.7,0
2016-06-24,6.7,6.7,6.7,6.7,0
2016-06-27,6.7,6.7,6.7,6.7,0
2016-06-28,6.7,6.7,6.7,6.7,0
2016-06-29,6.78,6.78,6.78,6.78,200
2016-06-30,6.78,6.78,6.78,6.78,0
2016-07-01,7.73,7.73,7.73,7.73,100
2016-07-04,7.73,7.73,7.73,7.73,0
2016-07-05,6.63,6.63,6.63,6.63,1000
2016-07-06,6.63,6.63,6.63,6.63,0
2016-07-07,6.63,6.63,6.63,6.63,0
2016-07-08,6.63,6.63,6.63,6.63,0
2016-07-11,6.63,6.63,6.63,6.63,0
2016-07-12,6.63,6.63,6.63,6.63,0
2016-07-13,6.63,6.63,6.63,6.63,0
2016-07-14,6.47,6.7,5.68,6.7,4500
2016-07-15,6.31,6.31,6.31,6.31,2000
2016-07-18,6.31,6.31,6.31,6.31,0
2016-07-19,6.31,6.31,6.31,6.31,0
2016-07-20,6.31,6.31,6.31,6.31,0
2016-07-21,6.31,6.31,6.31,6.31,0
2016-07-22,5.92,5.92,5.92,5.92,1000
2016-07-25,6.7,6.7,6.7,6.7,300
2016-07-26,6.7,6.7,6.7,6.7,0
2016-07-27,6.31,6.7,6.31,6.7,12400
2016-07-28,6.47,6.47,6.47,6.47,2500
2016-07-29,6.47,6.47,6.47,6.47,0
2016-08-01,5.99,5.99,5.99,5.99,5000
2016-08-02,6.55,6.55,5.99,5.99,5100
2016-08-03,6.7,6.7,6.7,6.7,100
2016-08-04,6.7,6.7,6.7,6.7,0
2016-08-05,6.7,6.7,6.7,6.7,0
2016-08-08,6.7,6.7,6.7,6.7,0
2016-08-09,6.7,6.7,6.7,6.7,0
2016-08-10,6.7,6.7,6.7,6.7,0
2016-08-11,6.7,6.7,6.7,6.7,0
2016-08-12,6.31,6.31,6.31,0.0,3000
2016-08-15,6.7,6.7,6.31,6.31,1100
2016-08-16,6.31,6.31,6.31,6.31,0
2016-08-17,6.31,6.31,6.31,6.31,600
2016-08-18,6.31,6.31,6.31,6.31,1400
2016-08-19,6.55,6.55,6.55,6.55,100
2016-08-22,6.31,6.31,6.31,6.31,1000
2016-08-23,6.7,6.7,6.23,6.31,6100
2016-08-24,6.31,6.31,6.31,6.31,0
2016-08-25,6.07,6.07,6.07,6.07,10000
2016-08-26,6.15,6.31,6.15,6.31,5000
2016-08-29,6.39,6.7,6.39,6.7,10800
2016-08-30,6.63,6.63,6.39,6.55,4400
2016-08-31,6.47,6.47,6.47,6.47,4000
2016-09-01,6.55,6.7,6.55,6.7,10900
2016-09-05,6.63,6.7,6.63,6.7,7600
2016-09-06,6.7,6.7,6.7,6.7,4000
2016-09-07,6.55,6.55,6.55,6.55,2900
2016-09-08,6.7,6.7,6.7,6.7,3000
2016-09-09,6.7,6.78,6.7,6.78,8300
2016-09-12,6.86,6.86,6.7,6.7,8000
2016-09-13,6.94,6.94,6.94,6.94,100
2016-09-14,6.94,6.94,6.94,6.94,500
2016-09-15,6.94,6.94,6.94,6.94,0
2016-09-16,6.7,6.7,6.7,6.7,2100
2016-09-19,6.7,6.7,6.7,6.7,0
2016-09-20,6.7,6.78,6.7,6.78,21000
2016-09-21,7.02,7.02,7.02,7.02,100
2016-09-22,7.02,7.02,7.02,7.02,0
2016-09-23,7.1,7.1,7.02,7.02,1300
2016-09-26,7.1,7.1,7.1,7.1,7300
2016-09-27,7.1,7.1,7.1,7.1,2500
2016-09-28,6.94,6.94,6.94,6.94,1500
2016-09-29,6.31,7.02,6.31,6.94,800
2016-09-30,6.63,7.1,6.63,7.1,14900
2016-10-03,7.65,7.65,6.94,6.94,1000
2016-10-04,7.1,7.26,6.94,7.26,28900
2016-10-05,7.81,7.81,7.81,7.81,100
2016-10-06,7.1,7.1,7.1,7.1,33000
2016-10-07,7.81,7.81,7.1,7.1,4100
2016-10-10,7.49,7.49,7.49,7.49,100
2016-10-11,6.94,6.94,6.94,6.94,800
2016-10-12,7.81,7.81,7.81,7.81,100
2016-10-13,7.81,7.81,7.81,7.81,0
2016-10-14,7.81,7.81,7.81,7.81,0
2016-10-17,6.78,6.78,6.78,6.78,10000
2016-10-18,7.65,7.65,7.65,7.65,100
2016-10-19,6.86,7.26,6.78,7.26,30000
2016-10-20,7.02,7.02,6.78,6.78,16000
2016-10-21,6.86,6.94,6.78,6.94,9700
2016-10-24,7.1,7.1,7.1,7.1,100
2016-10-25,7.1,7.1,7.1,7.1,10600
2016-10-26,7.1,7.1,7.1,7.1,0
2016-10-27,7.1,7.1,7.1,7.1,22100
2016-10-28,7.1,7.1,7.1,7.1,0
2016-10-31,7.34,7.34,7.34,7.34,100
2016-11-01,7.34,7.34,7.34,7.34,0
2016-11-02,7.34,7.34,7.34,7.34,0
2016-11-03,7.26,7.26,7.26,7.26,5000
2016-11-04,7.81,7.81,7.73,7.73,60600
2016-11-07,7.1,7.73,6.86,6.86,118100
2016-11-08,7.73,7.73,7.1,7.1,25200
2016-11-09,7.57,7.65,7.57,7.57,19600
2016-11-10,6.94,6.94,6.94,6.94,7000
2016-11-11,7.02,7.57,6.78,6.94,103200
2016-11-14,7.1,7.1,7.1,7.1,5300
2016-11-15,7.49,7.49,7.49,7.49,100
2016-11-16,7.1,7.1,7.1,7.1,2000
2016-11-17,6.78,6.78,6.63,6.7,77000
2016-11-18,7.49,7.49,7.1,7.1,2100
2016-11-21,6.7,6.7,6.7,6.7,1000
2016-11-22,6.7,6.7,6.7,6.7,9000
2016-11-23,6.7,7.02,6.7,6.7,9000
2016-11-24,6.7,6.7,6.7,6.7,7500
2016-11-25,7.02,7.02,7.02,7.02,500
2016-11-28,7.02,7.1,7.02,7.02,15000
2016-11-29,7.02,7.02,7.02,7.02,1700
2016-11-30,7.02,7.02,7.02,7.02,1300
2016-12-01,7.02,7.02,7.02,7.02,15000
2016-12-02,6.7,6.7,6.7,6.7,5100
2016-12-05,6.78,7.02,6.7,7.02,22900
2016-12-06,7.34,7.73,7.1,7.1,8100
2016-12-07,7.57,7.57,7.57,7.57,2000
2016-12-08,7.57,7.57,7.57,7.57,0
2016-12-09,7.57,7.57,7.57,7.57,0
2016-12-12,6.7,7.41,6.7,7.41,2200
2016-12-13,6.7,7.81,6.7,7.81,2300
2016-12-14,7.89,7.89,6.7,6.7,30200
2016-12-15,7.57,7.57,6.7,6.7,10100
2016-12-16,7.65,7.65,7.65,7.65,100
2016-12-19,6.7,6.7,6.7,6.7,62800
2016-12-20,6.7,6.7,6.7,6.7,50
2016-12-21,7.41,7.41,6.86,6.86,31100
2016-12-22,6.86,7.1,6.86,7.1,8000
2016-12-23,6.86,6.86,6.86,6.86,7700
2016-12-26,7.26,7.34,7.26,7.34,14000
2016-12-27,7.1,7.26,7.1,7.26,20200
2016-12-28,7.02,7.1,7.02,7.1,10200
2016-12-29,7.34,7.34,7.1,7.1,16900
2016-12-30,7.34,7.34,7.1,7.1,600
2017-01-03,7.1,7.1,7.1,7.1,0
2017-01-04,7.18,7.18,7.18,7.18,31000
2017-01-05,7.18,7.26,7.18,7.18,33600
2017-01-06,6.94,7.18,6.94,7.18,6400
2017-01-09,7.18,7.26,7.18,7.26,52000
2017-01-10,7.18,7.26,7.18,7.18,33000
2017-01-11,7.26,7.26,7.18,7.18,8000
2017-01-12,7.18,7.26,7.18,7.18,70200
2017-01-13,7.73,7.73,7.26,7.34,2800
2017-01-16,7.49,7.49,7.26,7.26,5100
2017-01-17,7.26,7.26,7.26,7.26,5000
2017-01-18,7.34,7.34,7.26,7.26,9800
2017-01-19,7.89,7.89,7.18,7.89,20300
2017-01-20,7.26,7.26,7.18,7.18,18600
2017-01-23,7.89,7.89,7.26,7.89,5200
2017-01-24,7.18,7.18,7.18,7.18,5000
2017-01-25,7.89,7.89,7.1,7.1,20100
2017-02-02,7.89,7.89,7.1,7.1,20500
2017-02-03,7.1,7.89,7.1,7.89,6400
2017-02-06,7.18,7.89,7.1,7.89,24800
2017-02-07,7.34,7.34,7.34,7.34,55300
2017-02-08,7.89,7.89,7.57,7.81,17300
2017-02-09,7.81,7.89,7.81,7.89,52900
2017-02-10,7.65,7.65,7.65,7.65,1400
2017-02-13,7.89,7.89,7.89,7.89,10000
2017-02-14,7.89,8.28,7.89,7.89,36800
2017-02-15,7.89,7.89,7.73,7.81,10400
2017-02-16,7.73,7.73,7.73,7.73,21100
2017-02-17,7.73,7.73,7.73,7.73,0
2017-02-20,8.68,8.68,8.2,8.2,5100
2017-02-21,8.05,8.05,7.49,7.97,34500
2017-02-22,7.89,7.89,7.89,7.89,500
2017-02-23,7.97,7.97,7.97,7.97,500
2017-02-24,7.49,8.28,7.49,8.28,2800
2017-02-27,8.68,8.68,8.68,8.68,200
2017-02-28,8.68,8.68,8.68,8.68,0
2017-03-01,8.68,8.68,8.6,8.6,300
2017-03-02,8.6,8.6,8.6,8.6,0
2017-03-03,8.6,8.6,7.89,7.89,600
2017-03-06,8.6,8.6,7.89,7.89,9300
2017-03-07,7.89,7.89,7.89,7.89,0
2017-03-08,7.89,7.97,7.89,7.97,2100
2017-03-09,7.57,8.2,7.57,8.2,16000
2017-03-10,8.6,8.6,7.73,7.97,1800
2017-03-13,8.28,8.28,8.28,8.28,100
2017-03-14,8.6,8.6,7.57,7.57,5700
2017-03-15,7.97,7.97,7.57,7.89,43700
2017-03-16,7.57,7.89,7.49,7.49,35600
2017-03-17,7.89,7.89,7.49,7.65,7400
2017-03-20,8.05,8.05,7.49,7.89,9600
2017-03-21,7.89,8.28,7.89,7.89,33300
2017-03-22,7.65,7.65,7.65,7.65,5000
2017-03-23,8.05,8.05,7.57,7.57,20400
2017-03-24,8.6,8.6,7.49,7.49,80300
2017-03-27,7.89,7.89,7.89,7.89,100
2017-03-28,7.49,7.49,7.49,7.49,100
2017-03-29,7.57,7.89,7.57,7.89,800
2017-03-30,7.89,8.52,7.89,7.89,11200
2017-03-31,8.28,8.28,7.65,7.65,10100
2017-04-03,8.44,8.44,7.65,7.81,36200
2017-04-04,7.89,8.68,7.65,8.12,106100
2017-04-05,7.97,8.68,7.81,7.97,38100
2017-04-07,7.89,7.89,7.89,7.89,13000
2017-04-10,7.89,7.89,7.89,7.89,36700
2017-04-11,7.89,7.89,7.49,7.89,33100
2017-04-12,8.52,8.6,7.81,7.81,33200
2017-04-13,8.52,8.52,7.73,7.81,12500
2017-04-14,8.28,8.28,7.89,8.05,10500
2017-04-17,7.81,7.81,7.81,7.81,13000
2017-04-18,7.81,7.81,7.81,7.81,23800
2017-04-19,7.81,8.52,7.81,8.52,39000
2017-04-20,8.6,8.68,8.52,8.6,10800
2017-04-21,8.2,8.6,8.12,8.6,4700
2017-04-24,8.68,8.68,7.97,8.6,29200
2017-04-25,8.68,8.68,7.81,8.44,49700
2017-04-26,8.6,8.6,8.52,8.52,600
2017-04-27,8.52,8.52,8.52,8.52,200
2017-04-28,8.12,8.68,7.97,8.6,90000
2017-05-03,8.44,8.6,8.05,8.05,33400
2017-05-04,8.52,8.6,7.97,8.28,22200
2017-05-05,8.12,8.28,7.97,7.97,13900
2017-05-08,8.12,8.28,7.73,7.89,6300
2017-05-09,7.89,8.28,7.81,8.05,103800
2017-05-10,7.89,7.97,7.81,7.89,81000
2017-05-11,7.89,7.89,7.81,7.81,5500
2017-05-12,7.81,7.81,7.81,7.81,19400
2017-05-15,8.28,8.28,7.81,7.81,9800
2017-05-16,7.89,8.2,7.81,7.89,17120
2017-05-17,7.81,7.81,7.81,7.81,7500
2017-05-18,7.81,7.81,7.81,7.81,8000
2017-05-19,7.81,8.68,7.81,8.68,350
2017-05-22,7.89,7.89,7.81,7.89,28100
2017-05-23,7.81,7.81,7.81,7.81,4000
2017-05-24,8.05,8.05,7.81,7.81,26500
2017-05-25,7.81,7.81,7.81,7.81,26500
2017-05-26,7.81,7.81,7.73,7.81,28500
2017-05-29,7.73,7.81,7.73,7.81,54600
2017-05-30,7.81,7.81,7.73,7.73,44800
2017-05-31,7.81,7.81,7.81,7.81,57000
2017-06-01,7.81,7.81,7.81,7.81,12500
2017-06-02,7.81,7.81,7.81,7.81,1500
2017-06-05,7.81,7.89,7.81,7.89,33900
2017-06-06,7.89,7.89,7.89,7.89,0
2017-06-07,7.89,7.89,7.81,7.89,12800
2017-06-08,7.81,7.81,7.81,7.81,177900
2017-06-09,7.81,7.81,7.73,7.73,5000
2017-06-12,7.73,7.1,7.1,7.1,50
2017-06-13,7.73,7.73,7.73,7.73,5000
2017-06-14,7.73,7.73,7.65,7.73,10900
2017-06-15,7.73,7.73,7.73,7.73,2000
2017-06-16,7.73,7.73,7.73,7.73,0
2017-06-19,7.73,7.81,7.73,7.81,26600
2017-06-20,7.81,7.81,7.73,7.81,123600
2017-06-21,7.73,7.73,7.73,7.73,0
2017-06-22,7.73,7.73,7.73,7.73,26020
2017-06-23,7.73,7.73,7.73,7.73,0
2017-06-26,7.89,7.89,7.89,7.89,130
2017-06-27,7.81,7.81,7.81,7.81,100
2017-06-28,7.81,7.81,7.81,7.81,0
2017-06-29,7.49,7.97,7.49,7.97,500
2017-06-30,7.89,7.89,7.89,7.89,0
2017-07-03,7.89,7.89,7.89,7.89,0
2017-07-04,7.49,7.49,7.49,7.49,500
2017-07-05,7.57,7.57,7.57,7.57,10000
2017-07-06,7.57,7.57,7.57,7.57,0
2017-07-07,7.57,7.57,7.41,7.41,25100
2017-07-10,7.49,7.49,7.49,7.49,0
2017-07-11,7.49,7.49,7.49,7.49,0
2017-07-12,7.49,7.49,7.49,7.49,0
2017-07-13,7.49,7.49,7.49,7.49,0
2017-07-14,7.49,7.73,7.41,7.73,1200
2017-07-17,7.49,7.49,7.49,7.49,1100
2017-07-18,7.49,7.49,7.49,7.49,0
2017-07-19,7.49,7.57,7.49,7.57,12400
2017-07-20,7.49,7.49,7.49,7.49,0
2017-07-21,7.49,7.49,7.49,7.49,0
2017-07-24,7.1,7.49,7.1,7.41,24900
2017-07-25,7.41,7.41,7.41,7.41,0
2017-07-26,7.41,7.41,7.34,7.41,34500
2017-07-27,7.41,7.41,7.41,7.41,8100
2017-07-28,7.41,7.41,7.41,7.41,10000
2017-07-31,7.41,7.41,7.41,7.41,500
2017-08-01,7.41,7.41,7.41,7.41,200
2017-08-02,7.34,7.34,7.34,7.34,5000
2017-08-03,7.34,7.34,7.26,7.34,6000
2017-08-04,7.26,7.26,7.26,7.26,3000
2017-08-07,7.26,7.41,7.26,7.34,60600
2017-08-08,7.26,7.34,7.26,7.26,50000
2017-08-09,7.26,7.26,7.26,7.26,0
2017-08-10,7.34,7.34,7.34,7.34,6000
2017-08-11,7.26,7.34,7.26,7.34,14500
2017-08-14,7.26,7.34,7.26,7.34,1300
2017-08-15,7.34,7.34,7.34,7.34,6000
2017-08-16,7.26,7.34,7.26,7.26,8000
2017-08-17,7.34,7.34,7.34,7.34,1200
2017-08-18,7.34,7.34,7.26,7.34,6200
2017-08-21,7.34,7.34,7.26,7.26,14700
2017-08-22,7.34,7.34,7.34,7.34,0
2017-08-23,7.26,7.26,7.26,7.26,34900
2017-08-24,7.34,7.34,7.34,7.34,5000
2017-08-25,7.26,7.26,7.26,7.26,11600
2017-08-28,7.26,7.26,7.26,7.26,0
2017-08-29,7.1,7.1,7.1,7.1,2000
2017-08-30,7.1,7.1,7.1,7.1,0
2017-08-31,7.18,7.18,7.18,7.18,4000
2017-09-01,7.18,7.18,7.18,7.18,0
2017-09-05,7.18,7.18,7.18,7.18,0
2017-09-06,7.18,7.18,7.02,7.02,15800
2017-09-07,7.1,7.1,7.1,7.1,5700
2017-09-08,7.1,7.57,7.1,7.57,20000
2017-09-11,7.26,7.34,7.18,7.34,8500
2017-09-12,7.34,7.41,7.34,7.34,13000
2017-09-13,7.49,7.65,7.49,7.65,9300
2017-09-14,7.49,7.89,7.49,7.89,93600
2017-09-15,7.81,8.83,7.81,8.76,346200
2017-09-18,8.76,8.76,8.68,8.68,103100
2017-09-19,8.68,8.83,8.68,8.76,125400
2017-09-20,8.76,8.83,8.68,8.83,41000
2017-09-21,8.76,8.83,8.68,8.76,84500
2017-09-22,8.76,8.76,8.68,8.68,2000
2017-09-25,8.68,8.68,8.52,8.68,17500
2017-09-26,8.68,8.83,8.68,8.83,27100
2017-09-27,8.76,9.15,8.68,8.99,128200
2017-09-28,9.86,9.86,8.76,8.99,23600
2017-09-29,9.07,9.86,9.07,9.47,122800
2017-10-02,9.39,10.25,9.31,9.31,31100
2017-10-03,8.99,9.78,8.99,9.78,7100
2017-10-04,9.86,9.86,9.15,9.15,47400
2017-10-05,8.99,9.23,8.99,8.99,39500
2017-10-06,8.91,9.15,8.91,9.15,10000
2017-10-09,9.07,9.07,8.91,8.91,53800
2017-10-10,8.12,9.31,7.89,9.31,58800
2017-10-11,9.15,9.31,9.07,9.07,90800
2017-10-12,9.07,9.23,9.07,9.07,60200
2017-10-13,9.07,9.31,9.07,9.23,90700
2017-10-16,9.07,9.15,9.07,9.15,36300
2017-10-17,9.07,9.07,9.07,9.07,2000
2017-10-18,9.23,9.39,9.23,9.39,25200
2017-10-19,9.15,9.62,9.15,9.62,43200
2017-10-20,9.86,9.86,9.07,9.07,50300
2017-10-23,9.23,9.23,9.07,9.07,64500
2017-10-24,9.07,9.07,9.07,9.07,47900
2017-10-25,9.07,9.07,9.07,9.07,84000
2017-10-26,9.15,9.15,9.07,9.07,58800
2017-10-27,9.86,10.33,9.31,9.54,72800
2017-10-30,9.78,9.86,9.78,9.86,48100
2017-10-31,9.23,9.23,9.23,9.23,49800
2017-11-01,9.39,9.78,9.39,9.39,157400
2017-11-02,9.78,10.25,9.39,10.25,165800
2017-11-03,10.25,11.12,9.07,9.31,1167900
2017-11-06,9.15,9.47,8.99,9.47,61400
2017-11-07,7.73,9.15,7.73,8.52,32200
2017-11-08,8.68,9.15,8.68,9.15,6500
2017-11-09,8.12,8.68,8.12,8.36,6200
2017-11-10,8.05,8.28,8.05,8.2,20200
2017-11-13,8.2,8.2,7.02,7.02,222900
2017-11-14,8.2,8.2,7.73,8.2,436900
2017-11-15,8.99,8.99,8.28,8.28,5200
2017-11-16,8.99,8.99,8.99,8.99,40100
2017-11-17,8.28,8.99,8.28,8.68,24200
2017-11-20,8.68,8.68,8.52,8.68,21200
2017-11-21,8.52,8.52,8.52,8.52,5000
2017-11-22,8.52,8.68,7.26,8.68,913600
2017-11-23,7.26,7.26,7.26,7.26,0
2017-11-24,8.28,8.28,8.28,8.28,100
2017-11-27,8.52,8.99,8.52,8.68,47600
2017-11-28,8.83,9.07,8.83,9.07,11100
2017-11-29,8.68,9.07,8.68,9.07,9800
2017-11-30,9.31,9.31,8.99,8.99,5200
2017-12-01,9.47,9.47,8.83,9.07,12100
2017-12-04,9.07,9.07,9.07,9.07,30000
2017-12-05,8.28,9.07,8.28,9.07,20500
2017-12-06,8.68,9.07,8.68,9.07,36300
2017-12-07,8.99,8.99,8.99,8.99,0
2017-12-08,8.99,8.99,8.99,8.99,0
2017-12-11,8.99,8.99,8.99,8.99,0
2017-12-12,8.36,8.36,7.89,7.89,9000
2017-12-13,8.12,8.12,8.12,8.12,6000
2017-12-14,8.12,8.12,8.12,8.12,2000
2017-12-15,8.12,8.12,8.12,8.12,3000
2017-12-18,8.2,8.68,8.2,8.6,32000
2017-12-19,8.36,8.36,8.36,8.36,0
2017-12-20,8.68,8.83,8.68,8.83,18500
2017-12-21,8.68,8.83,8.68,8.68,6500
2017-12-22,8.68,8.91,8.68,8.91,10000
2017-12-25,8.91,8.91,8.68,8.68,31700
2017-12-26,8.68,8.68,8.52,8.52,37100
2017-12-27,8.68,8.91,8.68,8.91,114600
2017-12-28,8.76,8.83,8.76,8.83,2700
2017-12-29,8.68,9.07,8.68,9.07,36800
2018-01-02,8.83,8.83,8.83,8.83,0
2018-01-03,8.91,9.15,8.91,9.15,8600
2018-01-04,8.99,9.07,8.99,9.07,6200
2018-01-05,9.07,9.23,9.07,9.23,8500
2018-01-08,8.52,9.07,8.52,9.07,5400
2018-01-09,9.07,9.07,9.07,9.07,100
2018-01-10,9.07,9.07,9.07,9.07,38500
2018-01-11,8.76,8.83,8.76,8.83,60000
2018-01-12,8.83,8.83,8.83,8.83,0
2018-01-15,8.91,9.07,8.83,9.07,1200
2018-01-16,8.76,8.76,8.68,8.68,20000
2018-01-17,8.68,9.07,8.68,8.91,49300
2018-01-18,8.68,8.76,8.68,8.68,33500
2018-01-19,8.68,8.68,8.68,8.68,0
2018-01-22,9.07,9.31,8.68,9.23,85000
2018-01-23,8.76,9.07,8.76,9.07,25000
2018-01-24,9.15,9.15,8.99,9.07,67100
2018-01-25,8.99,8.99,8.99,8.99,1000
2018-01-26,8.91,9.07,8.91,9.07,11000
2018-01-29,8.68,8.76,8.68,8.68,12000
2018-01-30,8.68,8.99,8.68,8.76,15800
2018-01-31,8.99,8.99,8.83,8.83,13400
2018-02-01,8.83,8.83,8.83,8.83,5000
2018-02-02,8.83,8.83,8.83,8.83,5550
2018-02-05,8.76,8.76,8.68,8.76,20000
2018-02-06,8.68,8.68,8.68,8.68,6500
2018-02-07,8.68,8.68,8.68,8.68,11900
2018-02-08,8.68,8.68,8.68,8.68,10100
2018-02-09,8.68,8.83,8.68,8.83,5600
2018-02-12,8.68,8.68,8.68,8.68,0
2018-02-13,8.68,8.68,8.68,8.68,0
2018-02-21,8.68,8.68,8.68,8.68,0
2018-02-22,9.07,9.07,8.52,8.52,12000
2018-02-23,8.99,8.99,8.99,8.99,0
2018-02-26,8.68,8.68,8.68,8.68,3500
2018-02-27,8.68,8.68,8.68,8.68,3000
2018-02-28,8.68,8.83,8.68,8.68,4900
2018-03-01,8.68,8.68,8.68,8.68,11500
2018-03-02,8.68,8.68,8.68,8.68,7500
2018-03-05,8.68,8.68,8.68,8.68,14200
2018-03-06,8.52,8.6,8.52,8.6,6300
2018-03-07,8.6,8.68,8.52,8.52,52500
2018-03-08,8.68,8.68,8.68,8.68,17600
2018-03-09,8.68,8.68,8.68,8.68,0
2018-03-12,8.6,8.6,8.6,8.6,3000
2018-03-13,8.6,8.6,8.52,8.52,6000
2018-03-14,8.6,8.6,8.52,8.52,16200
2018-03-15,8.6,9.07,8.6,9.07,51800
2018-03-16,8.68,8.76,8.52,8.76,29500
2018-03-19,8.68,8.68,8.68,8.68,30000
2018-03-20,8.68,8.68,8.68,8.68,382900
2018-03-21,8.68,8.68,8.68,8.68,400
2018-03-22,8.6,8.6,8.6,8.6,31500
2018-03-23,8.6,8.6,8.6,8.6,0
2018-03-26,8.6,8.6,8.6,8.6,0
2018-03-27,8.52,8.52,8.52,8.52,148100
2018-03-28,8.52,8.52,8.36,8.44,25000
2018-03-29,8.36,8.36,8.36,8.36,186000
2018-03-30,8.36,8.36,8.36,8.36,0
2018-04-02,8.36,8.36,8.36,8.36,0
2018-04-03,8.6,8.6,8.6,8.6,30000
2018-04-04,8.6,8.6,8.6,8.6,0
2018-04-05,8.6,8.6,8.36,8.36,8000
2018-04-06,8.6,8.68,8.6,8.68,86100
2018-04-09,8.6,8.6,8.6,8.6,0
2018-04-10,8.52,8.6,8.52,8.6,7000
2018-04-11,8.68,8.68,8.6,8.6,13900
2018-04-12,8.52,8.6,8.52,8.6,40000
2018-04-13,8.52,8.52,8.52,8.52,35000
2018-04-16,8.52,8.52,8.52,8.52,0
2018-04-17,8.52,8.52,8.52,8.52,0
2018-04-18,8.68,8.68,8.68,8.68,6000
2018-04-19,8.68,8.68,8.68,8.68,0
2018-04-20,8.52,8.52,8.52,8.52,10000
2018-04-23,8.52,8.52,8.52,8.52,7500
2018-04-24,8.52,8.52,8.52,8.52,12900
2018-04-26,8.52,8.52,8.52,8.52,0
2018-04-27,8.52,8.52,8.52,8.52,0
2018-05-02,8.52,8.52,8.52,8.52,0
2018-05-03,8.52,8.52,8.52,8.52,0
2018-05-04,8.52,8.52,8.52,8.52,0
2018-05-07,8.44,8.44,8.44,8.44,13000
2018-05-08,8.44,8.44,8.44,8.44,0
2018-05-09,8.44,8.44,8.44,8.44,0
2018-05-10,8.52,8.6,8.52,8.6,12000
2018-05-11,8.52,8.52,8.52,8.52,9400
2018-05-14,8.52,8.52,8.52,8.52,0
2018-05-15,8.52,8.52,8.52,8.52,0
2018-05-16,7.97,8.28,7.89,8.28,4000
2018-05-17,8.28,8.28,8.12,8.28,70900
2018-05-18,8.2,8.2,8.2,8.2,0
2018-05-21,8.2,8.2,8.2,8.2,0
2018-05-22,8.12,8.2,8.12,8.2,3500
2018-05-23,8.2,8.2,8.2,8.2,500
2018-05-24,8.2,8.2,8.2,8.2,5900
2018-05-25,8.2,8.2,8.2,8.2,0
2018-05-28,8.12,8.12,8.12,8.12,15000
2018-05-29,8.12,8.12,8.12,8.12,10000
2018-05-30,8.12,8.12,8.12,8.12,0
2018-05-31,8.12,8.12,8.12,8.12,0
2018-06-01,8.12,8.12,8.12,8.12,5000
2018-06-04,8.12,8.12,8.12,8.12,0
2018-06-05,8.52,8.52,8.52,8.52,100
2018-06-06,8.52,8.52,8.36,8.36,24700
2018-06-07,8.36,8.36,8.36,8.36,5000
2018-06-08,8.36,8.36,8.36,8.36,0
2018-06-11,8.68,8.68,8.68,8.68,11300
2018-06-12,8.68,8.68,8.68,8.68,3000
2018-06-13,8.68,8.68,8.68,8.68,0
2018-06-14,8.68,8.68,8.68,8.68,0
2018-06-15,8.68,8.68,8.68,8.68,0
2018-06-18,9.07,9.07,8.44,8.44,28200
2018-06-19,9.07,9.07,9.07,9.07,16700
2018-06-20,9.07,9.07,9.07,9.07,0
2018-06-21,9.07,9.07,9.07,9.07,10900
2018-06-22,9.07,9.07,9.07,9.07,800
2018-06-25,9.07,9.07,9.07,9.07,2900
2018-06-26,9.07,9.07,9.07,9.07,2000
2018-06-27,9.07,9.07,9.07,9.07,0
2018-06-28,9.31,9.47,9.31,9.47,9800
2018-06-29,9.39,9.39,9.39,9.39,0
2018-07-02,9.39,9.39,9.39,9.39,3300
2018-07-03,9.39,9.47,9.39,9.39,18700
2018-07-04,9.39,9.39,9.39,9.39,5000
2018-07-05,9.39,9.47,9.39,9.47,6400
2018-07-06,9.47,9.47,9.47,9.47,1000
2018-07-09,9.47,9.47,9.47,9.47,1000
2018-07-10,9.47,9.47,9.47,9.47,0
2018-07-11,9.47,9.47,9.47,9.47,0
2018-07-12,9.47,9.47,9.47,9.47,0
2018-07-13,9.47,9.47,9.47,9.47,0
2018-07-16,9.47,9.47,9.47,9.47,0
2018-07-17,9.47,9.47,9.47,9.47,0
2018-07-18,9.47,9.47,9.47,9.47,0
2018-07-19,9.47,9.47,9.47,9.47,0
2018-07-20,9.47,9.47,9.47,9.47,0
2018-07-23,9.47,9.47,9.47,9.47,0
2018-07-24,9.47,9.47,9.47,9.47,0
2018-07-25,9.47,9.47,9.47,9.47,0
2018-07-26,8.68,8.68,8.68,8.68,1000
2018-07-27,8.68,8.68,8.68,8.68,1000
2018-07-30,8.68,8.68,8.68,8.68,0
2018-07-31,8.68,8.68,8.68,8.68,0
2018-08-01,8.68,8.68,8.68,8.68,0
2018-08-02,8.68,8.68,8.68,8.68,2000
2018-08-03,8.68,8.68,8.68,8.68,0
2018-08-06,8.68,8.68,8.68,8.68,1000
2018-08-07,8.68,8.68,8.68,8.68,0
2018-08-08,8.68,8.68,8.68,8.68,1000
2018-08-09,8.68,8.68,8.68,8.68,1000
2018-08-10,8.68,8.68,8.68,8.68,0
2018-08-13,8.68,8.68,8.68,8.68,0
2018-08-14,8.68,8.68,8.68,8.68,1000
2018-08-15,8.68,8.68,8.68,8.68,2000
2018-08-16,8.68,8.68,8.68,8.68,0
2018-08-17,8.68,8.68,8.68,8.68,0
2018-08-20,8.68,8.68,8.68,8.68,0
2018-08-21,8.68,8.68,8.68,8.68,700
2018-08-22,8.68,8.68,8.68,8.68,0
2018-08-23,8.68,8.68,8.68,8.68,0
2018-08-24,8.68,8.68,8.68,8.68,0
2018-08-27,8.68,8.68,8.68,8.68,0
2018-08-28,8.68,8.68,8.68,8.68,0
2018-08-29,8.68,8.68,8.68,8.68,0
2018-08-30,8.68,8.68,8.68,8.68,0
2018-08-31,8.68,8.68,8.68,8.68,0
2018-09-04,8.68,8.68,8.68,8.68,0
2018-09-05,8.68,8.68,8.68,8.68,0
2018-09-06,8.36,8.36,8.36,8.36,100
2018-09-07,8.36,8.36,8.36,8.36,0
2018-09-10,8.36,8.36,8.36,8.36,0
2018-09-11,8.36,8.36,8.36,8.36,0
2018-09-12,8.36,8.36,8.36,8.36,3800
2018-09-13,8.36,8.36,8.36,8.36,300
2018-09-14,8.36,8.36,8.36,8.36,0
2018-09-17,8.36,8.36,8.36,8.36,0
2018-09-18,8.76,8.76,8.76,8.76,1000
2018-09-19,8.68,8.68,8.68,8.68,500
2018-09-20,8.68,8.68,8.68,8.68,0
2018-09-21,8.28,8.28,8.28,8.28,9500
2018-09-24,8.36,8.36,8.36,8.36,2000
2018-09-25,8.36,8.36,8.36,8.36,0
2018-09-26,8.36,8.36,8.36,8.36,0
2018-09-27,8.44,8.52,8.44,8.52,3000
2018-09-28,8.44,8.44,8.36,8.36,4500
2018-10-01,8.52,8.52,8.44,8.44,9900
2018-10-02,8.44,8.44,8.44,8.44,0
2018-10-03,8.44,8.44,8.44,8.44,0
2018-10-04,8.44,8.44,8.44,8.44,0
2018-10-05,8.44,8.44,8.44,8.44,20500
2018-10-08,8.44,8.44,8.44,8.44,0
2018-10-09,8.44,8.44,8.44,8.44,0
2018-10-10,8.44,8.44,8.44,8.44,0
2018-10-11,8.44,8.44,8.44,8.44,25000
2018-10-12,8.44,8.44,8.44,8.44,0
2018-10-15,8.44,8.44,8.44,8.44,0
2018-10-16,8.44,8.44,8.44,8.44,0
2018-10-17,8.44,8.44,8.44,8.44,0
2018-10-18,8.44,8.44,8.44,8.44,0
2018-10-19,8.44,8.44,8.44,8.44,0
2018-10-22,8.44,8.44,8.44,8.44,0
2018-10-23,8.44,8.44,8.44,8.44,40000
2018-10-24,8.44,8.44,8.36,8.36,12000
2018-10-25,8.44,8.44,8.44,8.44,0
2018-10-26,8.28,8.28,8.28,8.28,3000
2018-10-29,8.28,8.28,8.28,8.28,0
2018-10-30,8.28,8.28,8.28,8.28,0
2018-10-31,8.28,8.28,8.28,8.28,0
2018-11-01,8.36,8.36,8.36,8.36,20000
2018-11-02,8.36,8.52,8.36,8.52,45900
2018-11-05,8.44,8.52,8.44,8.52,900
2018-11-06,8.44,8.44,8.44,8.44,0
2018-11-07,8.44,8.44,8.44,8.44,0
2018-11-08,8.44,8.44,8.44,8.44,0
2018-11-09,8.28,8.28,8.28,8.28,32900
2018-11-12,8.28,8.28,8.28,8.28,1000
2018-11-13,8.36,8.36,8.36,8.36,47100
2018-11-14,8.36,8.36,8.36,8.36,56500
2018-11-15,8.36,8.52,8.36,8.36,27000
2018-11-16,8.44,8.44,8.44,8.44,1400
2018-11-19,8.44,8.44,8.44,8.44,39600
2018-11-20,8.36,8.36,8.36,8.36,40600
2018-11-21,8.36,8.36,8.36,8.36,0
2018-11-22,8.28,8.28,8.28,8.28,500
2018-11-23,8.36,8.44,8.36,8.36,40300
2018-11-26,8.44,8.44,8.36,8.36,5100
2018-11-27,8.44,8.44,8.44,8.44,18100
2018-11-28,8.68,8.68,8.36,8.36,25300
2018-11-29,8.68,8.36,8.36,8.36,0
2018-11-30,8.44,8.44,8.44,8.44,1600
2018-12-03,8.44,8.44,8.44,8.44,0
2018-12-04,8.36,8.44,8.36,8.44,21000
2018-12-05,8.68,8.68,8.68,8.68,12000
2018-12-06,8.44,8.44,8.44,8.44,100
2018-12-07,8.44,8.44,8.44,8.44,0
2018-12-10,8.44,8.44,8.44,8.44,0
2018-12-11,8.44,8.44,8.44,8.44,0
2018-12-12,8.83,8.83,8.83,8.83,2500
2018-12-13,8.83,8.83,8.83,8.83,2500
2018-12-14,8.44,8.44,8.44,8.44,100
2018-12-17,8.44,8.44,8.44,8.44,0
2018-12-18,8.36,8.68,8.36,8.68,17100
2018-12-19,8.44,8.44,8.44,8.44,100
2018-12-20,8.44,8.44,8.44,8.44,0
2018-12-21,8.44,8.44,8.44,8.44,0
2018-12-24,7.41,7.41,7.41,7.41,100
2018-12-25,7.41,7.41,7.41,7.41,0
2018-12-26,8.52,8.52,8.52,8.52,200
2018-12-27,8.68,8.91,8.68,8.68,21300
2018-12-28,8.83,8.83,8.83,8.83,7900
2019-01-02,8.36,8.83,8.36,8.83,10100
2019-01-03,8.52,8.52,8.52,8.52,11000
2019-01-04,8.12,8.12,8.05,8.05,20000
2019-01-07,8.28,8.68,8.28,8.68,15100
2019-01-08,8.68,8.68,8.68,8.68,62000
2019-01-09,8.36,8.36,8.36,8.36,100
2019-01-10,8.36,8.36,8.36,8.36,0
2019-01-11,8.68,8.68,8.68,8.68,6200
2019-01-14,8.68,8.68,8.68,8.68,0
2019-01-15,8.05,8.05,8.05,8.05,100
2019-01-16,8.52,8.52,8.52,8.52,20000
2019-01-17,8.52,8.52,8.52,8.52,9500
2019-01-18,8.52,8.52,8.52,8.52,12000
2019-01-21,8.05,8.05,8.05,8.05,100
2019-01-22,8.05,8.05,8.05,8.05,0
2019-01-23,8.6,8.6,8.6,8.6,100
2019-01-24,8.6,8.6,8.6,8.6,0
2019-01-25,8.6,8.6,8.6,8.6,0
2019-01-28,8.6,8.6,8.6,8.6,0
2019-01-29,7.57,8.52,7.57,8.52,1100
2019-01-30,8.52,8.52,8.52,8.52,10000
2019-01-31,8.44,8.44,8.44,8.44,1000
2019-02-01,8.28,8.28,8.28,8.28,18800
2019-02-11,8.28,8.28,8.28,8.28,0
2019-02-12,8.28,8.28,8.28,8.28,0
2019-02-13,9.39,9.39,8.36,8.36,28100
2019-02-14,8.68,8.68,8.68,8.68,100
2019-02-15,8.36,8.36,8.36,8.36,100
2019-02-18,8.68,8.68,8.68,8.68,100
2019-02-19,8.68,8.68,8.68,8.68,0
2019-02-20,8.68,8.68,8.68,8.68,14000
2019-02-21,8.68,8.68,8.68,8.68,8000
2019-02-22,8.68,8.68,8.52,8.52,10000
2019-02-25,8.6,8.52,8.52,8.52,0
2019-02-26,8.6,8.68,8.6,8.68,9000
2019-02-27,8.6,8.68,8.6,8.68,9000
2019-02-28,8.6,8.6,8.6,8.6,1400
2019-03-01,8.6,8.6,8.6,8.6,0
2019-03-04,8.52,8.6,8.52,8.6,14600
2019-03-05,8.52,8.6,8.6,8.6,0
2019-03-06,8.6,8.6,8.6,8.6,300
2019-03-07,8.6,8.6,8.6,8.6,10100
2019-03-08,8.6,8.6,8.6,8.6,0
2019-03-11,8.6,8.6,8.6,8.6,2700
2019-03-12,8.6,8.68,8.6,8.6,7200
2019-03-13,8.52,8.68,8.52,8.6,8000
2019-03-14,8.6,8.6,8.6,8.6,0
2019-03-15,8.6,8.6,8.6,8.6,0
2019-03-18,8.68,8.68,8.6,8.6,35200
2019-03-19,8.68,8.6,8.6,8.6,0
2019-03-20,8.68,8.6,8.6,8.6,0
2019-03-21,8.68,8.6,8.6,8.6,0
2019-03-22,8.68,8.6,8.6,8.6,0
2019-03-25,8.68,8.6,8.6,8.6,0
2019-03-26,8.68,8.68,8.68,8.68,1000
2019-03-27,8.68,8.68,8.68,8.68,0
2019-03-28,8.68,8.68,8.68,8.68,0
2019-03-29,8.68,8.68,8.68,8.68,0
2019-04-01,8.52,8.52,8.52,8.52,300
2019-04-02,8.52,8.52,8.36,8.36,6800
2019-04-03,8.44,8.36,8.36,8.36,0
2019-04-04,8.44,8.36,8.36,8.36,0
2019-04-05,8.44,8.36,8.36,8.36,0
2019-04-08,8.44,8.36,8.36,8.36,0
2019-04-09,8.44,8.36,8.36,8.36,0
2019-04-10,8.44,8.36,8.36,8.36,0
2019-04-11,8.44,8.44,8.44,8.44,1000
2019-04-12,8.44,8.44,8.44,8.44,0
2019-04-16,8.44,8.44,8.44,8.44,2000
2019-04-17,8.68,8.68,8.44,8.44,7100
2019-04-18,8.44,8.44,8.44,8.44,0
2019-04-19,8.44,8.44,8.44,8.44,0
2019-04-22,8.44,8.44,8.44,8.44,0
2019-04-23,8.44,8.44,8.44,8.44,0
2019-04-24,8.28,8.28,8.28,8.28,5000
2019-04-25,8.44,8.44,8.44,8.44,2000
2019-04-26,8.44,8.44,8.44,8.44,0
2019-05-02,8.36,8.36,8.36,8.36,700
2019-05-03,8.36,8.36,8.36,8.36,0
2019-05-06,8.36,8.36,8.36,8.36,0
2019-05-07,8.36,8.36,8.36,8.36,0
2019-05-08,7.97,7.97,7.97,7.97,7000
2019-05-09,7.97,8.28,7.97,8.28,400
2019-05-10,8.2,8.28,8.28,8.28,0
2019-05-13,8.2,8.28,8.28,8.28,0
2019-05-14,8.28,8.28,8.28,8.28,2000
2019-05-15,8.28,8.28,8.28,8.28,2000
2019-05-16,7.89,8.12,7.89,7.97,10000
2019-05-17,7.97,7.97,7.97,7.97,0
2019-05-20,7.89,7.89,7.89,7.89,2000
2019-05-21,7.89,7.89,7.89,7.89,33000
2019-05-22,7.89,7.89,7.89,7.89,1900
2019-05-23,7.89,7.89,7.89,7.89,0
2019-05-24,7.89,7.89,7.89,7.89,0
2019-05-27,8.28,8.28,8.28,8.28,100
2019-05-28,8.28,8.28,8.28,8.28,0
2019-05-29,8.28,8.28,8.28,8.28,0
2019-05-30,8.28,8.28,8.28,8.28,0
2019-05-31,8.28,8.28,8.28,8.28,0
2019-06-03,8.28,8.28,8.28,8.28,0
2019-06-04,8.28,8.28,8.28,8.28,0
2019-06-05,8.28,8.28,8.28,8.28,0
2019-06-06,8.28,8.28,8.28,8.28,0
2019-06-07,8.28,8.28,8.28,8.28,0
2019-06-10,8.28,8.28,8.28,8.28,0
2019-06-11,8.28,8.28,8.28,8.28,0
2019-06-12,8.28,8.28,8.28,8.28,0
2019-06-13,8.28,8.28,8.28,8.28,0
2019-06-14,8.28,8.28,8.28,8.28,0
2019-06-17,8.28,8.28,8.28,8.28,0
2019-06-18,8.28,8.28,8.28,8.28,0
2019-06-19,8.28,8.28,8.28,8.28,0
2019-06-20,8.28,8.28,8.28,8.28,0
2019-06-21,8.28,8.28,8.28,8.28,0
2019-06-24,8.28,8.28,8.28,8.28,0
2019-06-25,8.28,8.28,8.28,8.28,0
2019-06-26,8.28,8.28,8.28,8.28,0
2019-06-27,8.28,8.28,8.28,8.28,0
2019-06-28,7.1,7.89,7.1,7.89,765700
2019-07-01,7.97,7.97,7.97,7.97,100
2019-07-02,7.97,7.97,7.97,7.97,0
2019-07-03,7.97,7.97,7.97,7.97,0
2019-07-04,7.97,7.97,7.97,7.97,0
2019-07-05,7.97,7.97,7.97,7.97,0
2019-07-08,7.97,7.97,7.97,7.97,0
2019-07-09,7.97,7.97,7.97,7.97,0
2019-07-10,7.97,7.97,7.97,7.97,0
2019-07-11,7.97,7.97,7.97,7.97,0
2019-07-12,7.97,7.97,7.97,7.97,0
2019-07-15,7.97,7.97,7.97,7.97,0
2019-07-16,7.97,7.97,7.97,7.97,0
2019-07-17,9.15,9.15,9.15,9.15,100
2019-07-18,9.15,9.15,9.15,9.15,0
2019-07-19,9.15,9.15,9.15,9.15,0
2019-07-22,7.81,7.81,7.81,7.81,1500
2019-07-23,7.81,7.81,7.81,7.81,0
2019-07-24,7.81,7.81,7.81,7.81,0
2019-07-25,7.81,7.81,7.81,7.81,0
2019-07-26,7.81,7.81,7.81,7.81,0
2019-07-29,7.81,7.81,7.81,7.81,0
2019-07-30,7.89,7.89,6.7,6.7,949000
2019-07-31,5.76,5.76,5.76,5.76,263000
2019-08-01,6.55,6.55,5.05,5.05,50500
2019-08-02,5.76,5.76,5.76,5.76,100
2019-08-05,5.76,5.76,4.97,4.97,4700
2019-08-06,5.76,5.76,5.76,5.76,100
2019-08-07,6.55,6.55,6.55,6.55,100
2019-08-08,7.49,7.49,7.49,7.49,500
2019-08-09,7.81,7.81,7.81,7.81,100
2019-08-12,7.49,7.49,7.49,7.49,4900
2019-08-13,7.49,7.49,7.49,7.49,0
2019-08-14,7.49,7.49,7.49,7.49,0
2019-08-15,7.49,7.49,7.49,7.49,0
2019-08-16,7.49,7.49,7.49,7.49,0
2019-08-19,7.49,7.49,7.49,7.49,0
2019-08-20,7.49,7.49,7.49,7.49,0
2019-08-21,7.49,7.49,7.49,7.49,0
2019-08-22,7.49,7.49,7.49,7.49,0
2019-08-23,7.49,7.49,7.49,7.49,0
2019-08-26,7.49,7.49,7.49,7.49,0
2019-08-27,7.49,7.49,7.49,7.49,0
2019-08-28,7.49,7.49,7.49,7.49,0
2019-08-29,7.49,7.49,7.49,7.49,0
2019-08-30,7.49,7.49,7.49,7.49,0
2019-09-03,8.28,8.28,8.28,8.28,100
2019-09-04,8.28,8.28,8.28,8.28,0
2019-09-05,8.28,8.28,8.28,8.28,0
2019-09-06,8.28,8.28,8.28,8.28,0
2019-09-09,8.28,8.28,8.28,8.28,0
2019-09-10,8.28,8.28,8.28,8.28,0
2019-09-11,8.28,8.28,8.28,8.28,0
2019-09-12,8.28,8.28,8.28,8.28,0
2019-09-13,8.28,8.28,8.28,8.28,0
2019-09-16,8.28,8.28,8.28,8.28,0
2019-09-17,8.28,8.28,8.28,8.28,0
2019-09-18,8.28,8.28,8.28,8.28,0
2019-09-19,8.28,8.28,8.28,8.28,0
2019-09-20,8.28,8.28,8.28,8.28,0
2019-09-23,8.28,8.28,8.28,8.28,0
2019-09-24,8.28,8.28,8.28,8.28,0
2019-09-25,8.28,8.28,8.28,8.28,0
2019-09-26,8.28,8.28,8.28,8.28,0
2019-09-27,8.28,8.28,8.28,8.28,0
2019-09-30,8.28,8.28,8.28,8.28,0
2019-10-01,8.28,8.28,8.28,8.28,0
2019-10-02,8.28,8.28,8.28,8.28,0
2019-10-03,8.28,8.28,8.28,8.28,0
2019-10-04,8.28,8.28,8.28,8.28,0
2019-10-07,8.28,8.28,8.28,8.28,0
2019-10-08,8.28,8.28,8.28,8.28,0
2019-10-09,8.28,8.28,8.28,8.28,0
2019-10-10,8.28,8.28,8.28,8.28,0
2019-10-11,7.1,7.1,7.1,7.1,1000
2019-10-14,7.89,7.89,7.89,7.89,100
2019-10-15,6.7,6.7,6.7,6.7,4000
2019-10-16,6.7,6.7,6.7,6.7,0
2019-10-17,6.7,6.7,6.7,6.7,0
2019-10-18,6.7,6.7,6.7,6.7,3000
2019-10-21,6.7,6.7,6.7,6.7,0
2019-10-22,5.76,6.7,5.76,6.7,4000
2019-10-23,5.52,7.1,5.52,7.1,3600
2019-10-24,7.41,7.41,7.41,7.41,1000
2019-10-25,7.41,7.41,7.41,7.41,0
2019-10-28,7.41,7.41,7.41,7.41,0
2019-10-29,7.41,7.41,7.41,7.41,0
2019-10-30,7.89,7.89,7.89,7.89,100
2019-10-31,7.1,7.1,7.1,7.89,22100
2019-11-01,7.1,7.1,7.1,7.1,55500
2019-11-04,7.1,7.1,7.1,7.1,35700
2019-11-05,7.49,7.49,7.49,7.49,1000
2019-11-06,6.39,7.49,6.39,7.49,3000
2019-11-07,7.49,7.49,7.49,7.49,500
2019-11-08,7.49,7.49,7.49,7.49,1400
2019-11-11,7.49,7.49,7.49,7.49,0
2019-11-12,7.49,7.49,7.49,7.49,0
2019-11-13,7.49,7.49,7.49,7.49,0
2019-11-14,8.52,8.52,8.52,8.52,600
2019-11-15,8.52,8.52,8.52,8.52,0
2019-11-18,8.52,8.52,8.52,8.52,0
2019-11-19,7.89,7.89,7.89,7.89,2200
2019-11-20,7.89,7.89,7.89,7.89,0
2019-11-21,7.49,7.49,7.49,7.49,100
2019-11-22,7.49,7.49,7.49,7.49,0
2019-11-25,7.49,7.49,7.49,7.49,0
2019-11-26,7.49,7.49,7.49,7.49,500
2019-11-27,7.49,7.49,7.49,7.49,0
2019-11-28,7.89,7.89,7.89,7.89,1700
2019-11-29,7.89,7.89,7.89,7.89,100
2019-12-02,7.89,7.89,7.89,7.89,0
2019-12-03,7.89,7.89,7.89,7.89,0
2019-12-04,7.89,7.89,7.89,7.89,0
2019-12-05,7.89,7.89,7.89,7.89,0
2019-12-06,7.89,7.89,7.89,7.89,0
2019-12-09,7.49,7.49,7.49,7.49,900
2019-12-10,7.1,7.1,7.1,7.1,400
2019-12-11,7.1,7.1,7.1,7.1,0
2019-12-12,7.1,7.1,7.1,7.1,0
2019-12-13,7.1,7.1,7.1,7.1,0
2019-12-16,7.1,7.1,7.1,7.1,0
2019-12-17,7.1,7.1,7.1,7.1,0
2019-12-18,7.1,7.1,7.1,7.1,0
2019-12-19,7.1,7.1,7.1,7.1,500
2019-12-20,7.1,7.1,7.1,7.1,0
2019-12-23,7.1,7.1,7.1,7.1,1000
2019-12-24,7.1,7.1,7.1,7.1,0
2019-12-25,7.1,7.1,7.1,7.1,0
2019-12-26,7.1,7.1,7.1,7.1,0
2019-12-27,7.1,7.1,7.1,7.1,0
2019-12-30,7.1,7.1,7.1,7.1,0
2019-12-31,7.1,7.1,7.1,7.1,0
2020-01-02,7.1,7.1,7.1,7.1,1000
2020-01-03,7.1,7.1,7.1,7.1,7300
2020-01-06,7.1,7.1,7.1,7.1,0
2020-01-07,7.1,7.1,7.1,7.1,2100
2020-01-08,7.1,7.1,7.1,7.1,0
2020-01-09,7.1,7.1,7.1,7.1,0
2020-01-10,7.1,7.1,7.1,7.1,0
2020-01-13,7.1,7.1,7.1,7.1,0
2020-01-14,7.1,7.1,7.1,7.1,0
2020-01-15,7.1,7.1,7.1,7.1,0
2020-01-16,7.1,7.1,7.1,7.1,0
2020-01-17,7.1,7.1,7.1,7.1,0
2020-01-20,7.1,7.1,7.1,7.1,0
2020-01-21,7.1,7.1,7.1,7.1,0
2020-01-22,7.1,7.1,7.1,7.1,0
2020-01-30,7.1,7.1,7.1,7.1,0
2020-01-31,7.1,7.1,7.1,7.1,0
2020-02-03,7.1,7.1,7.1,7.1,0
2020-02-04,7.1,7.1,7.1,7.1,0
2020-02-05,7.1,7.1,7.1,7.1,0
2020-02-06,7.1,7.1,7.1,7.1,0
2020-02-07,7.1,7.1,7.1,7.1,0
2020-02-10,7.1,7.1,7.1,7.1,1000
2020-02-11,7.1,7.1,7.1,7.1,3200
2020-02-12,7.1,7.1,7.1,7.1,0
2020-02-13,7.1,7.1,7.1,7.1,0
2020-02-14,7.1,7.1,7.1,7.1,0
2020-02-17,7.1,7.1,7.1,7.1,0
2020-02-18,7.1,7.1,7.1,7.1,0
2020-02-19,7.1,7.1,7.1,7.1,0
2020-02-20,7.1,7.1,7.1,7.1,0
2020-02-21,7.1,7.1,7.1,7.1,0
2020-02-24,7.1,7.1,7.1,7.1,0
2020-02-25,7.89,7.89,7.89,7.89,100
2020-02-26,7.89,7.89,7.89,7.89,0
2020-02-27,7.89,7.89,7.89,7.89,0
2020-02-28,7.89,7.89,7.89,7.89,0
2020-03-02,7.89,7.89,7.89,7.89,0
2020-03-03,7.89,7.89,7.89,7.89,0
2020-03-04,7.89,7.89,7.89,7.89,0
2020-03-05,6.7,6.7,6.7,6.7,9500
2020-03-06,6.7,6.7,6.7,6.7,0
2020-03-09,6.7,6.7,6.7,6.7,0
2020-03-10,5.92,7.1,5.92,6.39,5300
2020-03-11,6.86,6.86,6.86,6.86,1400
2020-03-12,6.31,6.31,6.31,6.31,100
2020-03-13,6.31,6.31,6.31,6.31,0
2020-03-16,6.31,6.31,6.31,6.31,0
2020-03-17,6.31,6.31,6.31,6.31,600
2020-03-18,6.31,6.31,6.31,6.31,0
2020-03-19,6.31,6.31,6.31,6.31,0
2020-03-20,6.31,6.31,6.31,6.31,0
2020-03-23,5.36,5.36,5.36,5.36,100
2020-03-24,6.15,6.15,6.15,6.15,100
2020-03-25,6.15,6.15,6.15,6.15,0
2020-03-26,6.31,6.31,6.31,6.31,800
2020-03-27,6.31,6.31,6.31,6.31,0
2020-03-30,6.31,6.31,6.31,6.31,0
2020-03-31,6.31,6.31,6.31,6.31,0
2020-04-01,6.31,6.31,6.31,6.31,2100
2020-04-03,6.31,6.31,6.31,6.31,0
2020-04-06,6.31,6.31,6.31,6.31,0
2020-04-07,6.31,6.31,6.31,6.31,0
2020-04-08,6.31,6.31,6.31,6.31,0
2020-04-09,6.31,6.31,6.31,6.31,0
2020-04-10,6.31,6.31,6.31,6.31,0
2020-04-13,6.31,6.31,6.31,6.31,0
2020-04-14,6.31,6.31,6.31,6.31,0
2020-04-15,6.31,6.31,6.31,6.31,0
2020-04-16,6.31,6.31,6.31,6.31,1000
2020-04-17,6.94,6.94,6.94,6.94,100
2020-04-20,6.94,6.94,6.94,6.94,0
2020-04-21,6.31,6.31,6.31,6.31,100
2020-04-22,6.31,6.31,6.31,6.31,0
2020-04-23,6.31,6.31,6.31,6.31,2400
2020-04-24,6.31,6.31,6.31,6.31,0
2020-04-27,6.7,6.7,6.7,6.7,100
2020-04-28,6.7,6.7,6.7,6.7,0
2020-04-29,6.47,6.47,6.47,6.47,600
2020-05-04,6.31,6.31,6.31,6.31,7200
2020-05-05,6.31,6.31,6.31,6.31,0
2020-05-06,6.31,6.31,6.31,6.31,7000
2020-05-07,6.31,6.31,6.31,6.31,0
2020-05-08,6.63,6.63,6.63,6.63,1000
2020-05-11,6.78,6.78,6.55,6.63,15700
2020-05-12,6.63,6.63,6.63,6.63,11700
2020-05-13,6.63,6.63,6.63,6.63,0
2020-05-14,6.31,6.31,6.31,6.31,500
2020-05-15,6.63,6.63,6.63,6.63,6500
2020-05-18,6.63,6.63,6.63,6.63,5900
2020-05-19,6.63,6.63,6.63,6.63,900
2020-05-20,6.63,6.63,6.63,6.63,1100
2020-05-21,6.63,6.63,6.63,6.63,0
2020-05-22,6.63,6.63,6.63,6.63,0
2020-05-25,6.63,6.63,6.63,6.63,0
2020-05-26,7.49,7.49,7.49,7.49,100
2020-05-27,7.49,7.49,7.49,7.49,0
2020-05-28,7.49,7.49,7.49,7.49,0
2020-05-29,6.55,6.55,6.55,6.55,5000
2020-06-01,6.55,6.55,6.55,6.55,0
2020-06-02,6.55,6.55,6.55,6.55,0
2020-06-03,6.55,6.55,6.55,6.55,0
2020-06-04,6.55,6.55,6.55,6.55,0
2020-06-05,6.55,6.55,6.55,6.55,500
2020-06-08,6.55,6.55,6.55,6.55,7300
2020-06-09,6.55,6.55,6.55,6.55,0
2020-06-10,6.55,6.55,6.55,6.55,0
2020-06-11,6.55,6.55,6.55,6.55,0
2020-06-12,6.7,6.7,6.7,6.7,900
2020-06-15,6.7,6.7,6.7,6.7,0
2020-06-16,6.47,6.7,6.31,6.7,20700
2020-06-17,6.31,6.7,6.7,6.7,0
2020-06-18,6.55,6.7,6.55,6.7,400
2020-06-19,6.63,6.7,6.7,6.7,0
2020-06-22,6.63,6.7,6.7,6.7,0
2020-06-23,6.63,6.78,6.63,6.78,17400
2020-06-24,6.7,6.78,6.78,6.78,0
2020-06-25,6.94,6.94,6.94,6.94,100
2020-06-26,6.94,6.94,6.94,6.94,0
2020-06-29,6.94,6.94,6.94,6.94,0
2020-06-30,6.94,6.94,6.94,6.94,0
2020-07-01,6.94,6.94,6.94,6.94,0
2020-07-02,6.55,6.55,6.55,6.55,200
2020-07-03,6.55,6.55,6.55,6.55,0
2020-07-06,6.7,6.7,6.7,6.7,400
2020-07-07,6.7,6.7,6.7,6.7,0
2020-07-08,6.7,6.7,6.7,6.7,0
2020-07-09,6.7,6.7,6.7,6.7,0
2020-07-10,6.7,6.7,6.7,6.7,0
2020-07-13,6.7,6.7,6.7,6.7,1000
2020-07-14,6.78,7.02,6.78,7.02,10200
2020-07-15,6.78,7.02,7.02,7.02,0
2020-07-16,6.78,7.02,7.02,7.02,0
2020-07-17,6.78,7.02,7.02,7.02,0
2020-07-20,6.78,7.02,7.02,7.02,0
2020-07-21,6.78,7.02,7.02,7.02,0
2020-07-22,6.78,7.02,7.02,7.02,0
2020-07-23,6.78,7.02,7.02,7.02,0
2020-07-24,6.78,7.02,7.02,7.02,0
2020-07-27,6.78,7.02,7.02,7.02,0
2020-07-28,6.78,7.02,7.02,7.02,0
2020-07-29,6.78,7.02,7.02,7.02,0
2020-07-30,6.78,7.02,7.02,7.02,0
2020-07-31,6.78,7.02,7.02,7.02,0
2020-08-03,6.78,7.02,7.02,7.02,0
2020-08-04,6.78,7.02,7.02,7.02,0
2020-08-05,6.78,7.02,7.02,7.02,0
2020-08-06,6.78,7.02,7.02,7.02,0
2020-08-07,6.78,7.02,7.02,7.02,0
2020-08-10,6.78,7.02,7.02,7.02,0
2020-08-11,6.78,7.02,7.02,7.02,0
2020-08-12,6.78,7.02,7.02,7.02,0
2020-08-13,6.7,6.7,6.7,6.7,600
2020-08-14,7.65,7.65,7.65,7.65,100
2020-08-17,7.65,7.65,7.65,7.65,0
2020-08-18,7.65,7.65,7.65,7.65,0
2020-08-19,7.1,7.1,7.1,7.1,1000
2020-08-20,7.1,7.1,7.1,7.1,0
2020-08-21,7.49,7.49,7.49,7.49,100
2020-08-24,7.49,7.49,7.49,7.49,0
2020-08-25,7.49,7.49,7.49,7.49,0
2020-08-26,7.49,7.49,7.49,7.49,0
2020-08-27,7.49,7.49,7.49,7.49,0
2020-08-28,7.49,7.49,7.49,7.49,0
2020-08-31,7.57,7.57,7.49,7.57,34200
2020-09-01,7.49,7.57,7.57,7.57,0
2020-09-03,7.49,7.57,7.57,7.57,0
2020-09-04,7.49,7.57,7.57,7.57,0
2020-09-07,7.49,7.57,7.57,7.57,0
2020-09-08,7.49,7.57,7.57,7.57,0
2020-09-09,7.49,7.57,7.57,7.57,0
2020-09-10,7.49,7.57,7.57,7.57,0
2020-09-11,7.49,7.49,7.49,7.49,100
2020-09-14,7.34,7.34,7.34,7.34,200
2020-09-15,7.34,7.34,7.34,7.34,0
2020-09-16,7.34,7.34,7.34,7.34,0
2020-09-17,7.34,7.34,7.34,7.34,0
2020-09-18,8.36,8.36,8.36,8.36,100
2020-09-21,7.34,7.34,7.18,7.18,16100
2020-09-22,7.26,7.18,7.18,7.18,0
2020-09-23,7.26,7.18,7.18,7.18,0
2020-09-24,7.26,7.18,7.18,7.18,0
2020-09-25,7.26,7.18,7.18,7.18,0
2020-09-28,6.7,6.94,6.7,6.7,7000
2020-09-29,6.7,6.7,6.7,6.7,0
2020-09-30,6.7,6.7,6.7,6.7,0
2020-10-01,6.7,6.7,6.7,6.7,0
2020-10-02,6.7,6.7,6.7,6.7,0
2020-10-05,6.7,6.7,6.7,6.7,0
2020-10-06,7.49,7.49,7.49,7.49,6000
2020-10-07,7.49,7.49,7.49,7.49,0
2020-10-08,7.49,7.49,7.49,7.49,0
2020-10-09,7.49,7.49,7.49,7.49,0
2020-10-12,7.49,7.49,7.49,7.49,0
2020-10-13,7.49,7.49,7.49,7.49,0
2020-10-14,7.49,7.49,7.49,7.49,0
2020-10-15,7.49,7.49,7.49,7.49,0
2020-10-16,7.49,7.49,7.49,7.49,0
2020-10-19,7.1,7.1,7.1,7.1,10000
2020-10-20,7.1,7.1,7.1,7.1,0
2020-10-21,7.1,7.1,7.1,7.1,0
2020-10-22,7.1,7.1,7.1,7.1,0
2020-10-23,7.1,7.1,7.1,7.1,0
2020-10-26,7.1,7.1,7.1,7.1,0
2020-10-27,7.1,7.1,7.1,7.1,0
2020-10-28,7.1,7.1,7.1,7.1,0
2020-10-29,7.1,7.1,7.1,7.1,0
2020-10-30,7.1,7.1,7.1,7.1,0
2020-11-02,7.1,7.1,7.1,7.1,0
2020-11-03,7.1,7.1,7.1,7.1,0
2020-11-04,7.1,7.1,7.1,7.1,1600
2020-11-05,7.1,7.1,7.1,7.1,3700
2020-11-06,7.1,7.1,7.1,7.1,2000
2020-11-09,7.1,7.1,7.1,7.1,0
2020-11-10,7.1,7.1,7.1,7.1,0
2020-11-11,7.1,7.1,7.1,7.1,0
2020-11-12,6.55,6.55,6.55,6.55,8000
2020-11-13,6.63,6.63,6.63,6.63,5000
2020-11-16,6.63,6.63,6.63,6.63,0
2020-11-17,6.78,6.78,6.7,6.7,4200
2020-11-18,6.7,7.1,6.63,7.1,17000
2020-11-19,6.94,7.1,7.1,7.1,0
2020-11-20,7.1,7.1,7.1,7.1,900
2020-11-23,6.78,6.78,6.78,6.78,3000
2020-11-24,6.78,6.78,6.78,6.78,0
2020-11-25,6.78,6.78,6.78,6.78,5000
2020-11-26,6.78,6.78,6.78,6.78,0
2020-11-27,6.78,6.78,6.78,6.78,0
2020-11-30,6.78,6.78,6.78,6.78,5000
2020-12-01,6.78,6.78,6.78,6.78,0
2020-12-02,6.78,6.78,6.78,6.78,0
2020-12-03,6.78,6.78,6.78,6.78,0
2020-12-04,6.78,6.78,6.78,6.78,0
2020-12-07,7.57,7.57,7.57,7.57,100
2020-12-08,7.57,7.57,7.57,7.57,0
2020-12-09,6.7,6.7,6.7,6.7,300
2020-12-10,7.1,7.1,7.1,7.1,100
2020-12-11,6.39,6.39,6.39,6.39,100
2020-12-14,6.78,6.78,6.78,6.78,5000
2020-12-15,6.7,6.7,6.7,6.7,4000
2020-12-16,6.7,6.7,6.7,6.7,0
2020-12-17,6.7,6.7,6.7,6.7,0
2020-12-18,6.7,6.7,6.7,6.7,0
2020-12-21,6.7,6.7,6.7,6.7,0
2020-12-22,6.7,6.7,6.7,6.7,0
2020-12-23,6.7,6.7,6.7,6.7,0
2020-12-24,6.7,6.7,6.7,6.7,0
2020-12-25,6.7,6.7,6.7,6.7,0
2020-12-28,6.7,6.7,6.7,6.7,0
2020-12-29,6.7,6.7,6.7,6.7,0
2020-12-30,6.7,6.7,6.7,6.7,0
2020-12-31,6.7,6.7,6.7,6.7,0
2021-01-04,6.7,6.7,6.7,6.7,0
2021-01-05,6.7,6.7,6.7,6.7,0
2021-01-06,6.7,6.7,6.7,6.7,0
2021-01-07,6.7,6.7,6.7,6.7,0
2021-01-08,7.65,7.65,7.65,7.65,100
2021-01-11,7.65,7.65,7.65,7.65,0
2021-01-12,7.65,7.65,7.65,7.65,0
2021-01-13,7.65,7.65,7.65,7.65,0
2021-01-14,6.63,6.63,6.63,6.63,10000
2021-01-15,6.63,6.63,6.63,6.63,0
2021-01-18,7.57,7.57,7.57,7.57,100
2021-01-19,7.57,7.57,7.57,7.57,0
2021-01-20,7.57,7.57,7.57,7.57,0
2021-01-21,7.57,7.57,7.57,7.57,0
2021-01-22,7.57,7.57,7.57,7.57,0
2021-01-25,7.1,7.1,7.1,7.1,7300
2021-01-26,7.26,7.26,7.26,7.26,100
2021-01-27,6.78,6.78,6.78,6.78,9000
2021-01-28,6.78,6.78,6.78,6.78,0
2021-01-29,6.78,6.78,6.78,6.78,0
2021-02-01,6.78,6.78,6.78,6.78,0
2021-02-02,7.73,7.73,7.73,7.73,100
2021-02-03,7.73,7.73,7.73,7.73,0
2021-02-04,8.83,8.83,8.83,8.83,18600
2021-02-05,10.1,10.1,7.57,7.57,700
2021-02-08,8.68,7.57,7.57,7.57,0
2021-02-09,8.68,7.57,7.57,7.57,0
2021-02-17,8.68,8.68,8.68,8.68,0
2021-02-18,8.68,7.57,7.57,7.57,0
2021-02-19,8.68,7.57,7.57,7.57,0
2021-02-22,8.68,7.57,7.57,7.57,0
2021-02-23,8.68,7.57,7.57,7.57,0
2021-02-24,8.68,7.57,7.57,7.57,0
2021-02-25,8.68,7.57,7.57,7.57,0
2021-02-26,8.68,7.57,7.57,7.57,0
2021-03-01,8.68,7.57,7.57,7.57,0
2021-03-02,8.68,7.57,7.57,7.57,0
2021-03-03,8.68,7.57,7.57,7.57,0
2021-03-04,7.89,7.89,7.89,7.89,800
2021-03-05,7.89,7.89,7.89,7.89,0
2021-03-08,6.7,6.7,6.7,6.7,6200
2021-03-09,7.65,7.65,7.65,7.65,100
2021-03-10,7.65,7.65,7.65,7.65,0
2021-03-11,7.1,7.1,7.1,7.1,1300
2021-03-12,7.1,7.1,7.1,7.1,0
2021-03-15,8.12,8.12,8.12,8.12,200
2021-03-16,8.12,8.12,8.12,8.12,0
2021-03-17,6.94,6.94,6.94,6.94,100
2021-03-18,7.97,7.97,7.97,7.97,100
2021-03-19,7.97,7.97,7.97,7.97,0
2021-03-22,7.97,7.97,7.97,7.97,0
2021-03-23,7.97,7.97,7.97,7.97,0
2021-03-24,7.97,7.97,7.97,7.97,0
2021-03-25,7.97,7.97,7.97,7.97,0
2021-03-26,7.49,7.49,7.49,7.49,4900
2021-03-29,7.49,7.49,7.49,7.49,32400
2021-03-30,7.49,7.49,7.49,7.49,0
2021-03-31,7.49,7.49,7.49,7.49,0
2021-04-01,7.49,7.49,7.49,7.49,0
2021-04-02,7.49,7.49,7.49,7.49,0
2021-04-05,7.49,7.49,7.49,7.49,0
2021-04-06,7.49,7.49,7.49,7.49,50
2021-04-07,7.49,7.49,7.49,7.49,0
2021-04-08,7.49,7.49,7.49,7.49,9900
2021-04-09,7.49,7.49,7.49,7.49,2001
2021-04-12,7.49,7.49,7.49,7.49,5000
2021-04-13,8.28,8.28,8.28,8.28,3500
2021-04-14,8.28,8.28,8.28,8.28,0
2021-04-15,8.28,8.28,8.28,8.28,0
2021-04-16,8.28,8.28,8.28,8.28,0
2021-04-19,7.1,7.1,7.1,7.1,1200
2021-04-20,7.57,7.57,7.57,7.57,2500
2021-04-22,7.57,7.57,7.57,7.57,9700
2021-04-23,7.57,8.68,7.57,7.89,76500
2021-04-26,7.57,8.68,7.57,8.68,110700
2021-04-27,8.68,8.68,7.89,7.89,18500
2021-04-28,8.6,8.68,8.6,8.68,700
2021-04-29,7.65,7.65,7.65,7.65,1400
2021-05-04,7.57,8.76,7.49,7.57,57100
2021-05-05,8.91,8.91,7.65,7.65,118400
2021-05-06,7.73,7.73,7.73,7.73,1100
2021-05-07,7.65,7.65,7.65,7.65,1200
2021-05-10,7.57,8.76,7.57,8.76,59300
2021-05-11,7.81,8.76,7.81,7.97,2200
2021-05-12,7.89,7.89,7.89,7.89,1000
2021-05-13,8.68,9.07,8.68,9.07,118900
2021-05-14,7.97,9.07,7.97,9.07,47900
2021-05-17,8.05,8.05,8.05,8.05,500
2021-05-18,8.05,8.05,8.05,8.05,1200
2021-05-19,8.05,8.05,8.05,8.05,300
2021-05-20,8.05,8.05,8.05,8.05,0
2021-05-21,8.05,8.05,8.05,8.05,0
2021-05-24,7.73,8.05,7.73,7.73,1500
2021-05-25,8.99,9.15,8.91,9.15,24110
2021-05-26,9.23,9.23,9.23,9.23,24500
2021-05-27,9.23,9.23,9.23,9.23,10
2021-05-28,9.23,9.23,9.23,9.23,0
2021-05-31,9.23,9.23,9.23,9.23,0
2021-06-01,9.23,9.23,9.23,9.23,0
2021-06-02,9.23,9.23,9.23,9.23,0
2021-06-03,9.23,9.23,9.23,9.23,0
2021-06-04,9.23,9.23,9.23,9.23,0
2021-06-07,9.23,9.23,9.23,9.23,10
2021-06-08,9.23,9.23,9.23,9.23,0
2021-06-09,9.23,9.23,9.23,9.23,0
2021-06-10,9.23,9.23,9.23,9.23,0
2021-06-11,9.15,9.15,9.15,9.15,1000
2021-06-14,9.15,9.15,9.15,9.15,0
2021-06-15,9.15,9.15,9.15,9.15,0
2021-06-16,9.15,9.15,9.15,9.15,0
2021-06-17,9.15,9.15,9.15,9.15,30
2021-06-18,9.15,9.15,9.15,9.15,0
2021-06-21,9.15,9.15,9.15,9.15,0
2021-06-22,9.15,9.15,9.15,9.15,0
2021-06-23,9.15,9.15,9.15,9.15,0
2021-06-24,9.15,9.15,9.15,9.15,0
2021-06-25,9.15,9.15,9.15,9.15,0
2021-06-28,9.15,9.15,9.15,9.15,0
2021-06-29,9.15,9.15,9.15,9.15,0
2021-06-30,9.15,9.15,9.15,9.15,0
2021-07-01,9.15,9.15,9.15,9.15,0
2021-07-02,9.15,9.15,9.15,9.15,0
2021-07-05,9.15,9.15,9.15,9.15,0
2021-07-06,9.15,9.15,9.15,9.15,0
2021-07-07,9.15,9.15,9.15,9.15,0
2021-07-08,9.15,9.15,9.15,9.15,0
2021-07-09,9.15,9.15,9.15,9.15,0
2021-07-12,9.15,9.15,9.15,9.15,0
2021-07-13,9.15,9.15,9.15,9.15,0
2021-07-14,9.15,9.15,9.15,9.15,0
2021-07-15,9.15,9.15,9.15,9.15,0
2021-07-16,9.15,9.15,9.15,9.15,0
2021-07-19,9.15,9.15,9.15,9.15,0
2021-07-20,9.15,9.15,9.15,9.15,0
2021-07-21,9.15,9.15,9.15,9.15,0
2021-07-22,9.15,9.15,9.15,9.15,0
2021-07-23,10.33,10.33,10.25,10.25,11900
2021-07-26,10.25,10.25,10.25,10.25,0
2021-07-27,10.25,10.25,10.25,10.25,0
2021-07-28,10.33,10.33,10.25,10.25,5100
2021-07-29,10.25,10.25,10.25,10.25,0
2021-07-30,8.76,8.91,8.76,8.91,4449
2021-08-02,8.68,10.1,8.68,10.1,2100
2021-08-03,9.94,9.94,9.94,9.94,100
2021-08-04,9.94,9.94,9.94,9.94,0
2021-08-05,9.94,9.94,9.94,9.94,0
2021-08-06,9.47,9.47,9.47,9.47,2900
2021-08-09,9.47,9.47,9.47,9.47,0
2021-08-10,9.47,9.47,9.47,9.47,0
2021-08-11,9.47,9.47,9.47,9.47,0
2021-08-12,9.94,9.94,8.12,8.12,4400
2021-08-13,9.39,9.39,9.39,9.39,100
2021-08-16,9.39,9.39,9.39,9.39,1
2021-08-17,9.39,9.39,9.39,9.39,0
2021-08-18,9.39,9.39,9.39,9.39,0
2021-08-19,9.31,9.31,9.31,9.31,100
2021-08-20,9.31,9.31,9.31,9.31,0
2021-08-23,9.31,9.31,9.31,9.31,0
2021-08-24,9.31,9.31,9.31,9.31,0
2021-08-25,9.31,9.31,9.31,9.31,0
2021-08-26,9.23,9.23,9.23,9.23,2000
2021-08-27,9.15,9.15,9.15,9.15,200
2021-08-30,9.07,9.07,9.07,9.07,400
2021-08-31,8.99,9.94,8.99,9.94,549
2021-09-01,9.15,9.23,9.15,9.23,10000
2021-09-06,9.47,9.47,9.47,9.47,10300
2021-09-07,8.12,9.78,8.12,8.12,3900
2021-09-08,9.39,9.39,8.99,9.39,27300
2021-09-09,8.83,9.15,8.83,9.15,4500
2021-09-10,8.99,9.39,8.99,9.39,11819
2021-09-13,9.31,9.47,9.31,9.47,74600
2021-09-14,9.62,9.7,9.62,9.7,52600
2021-09-15,9.62,9.7,9.47,9.47,25000
2021-09-16,9.7,9.7,9.7,9.7,0
2021-09-17,10.65,10.65,9.86,9.86,21200
2021-09-20,10.25,10.25,9.94,10.18,25000
2021-09-21,10.57,10.57,10.02,10.25,10806
2021-09-22,10.18,10.57,10.18,10.57,16600
2021-09-23,10.33,10.65,10.25,10.57,22600
2021-09-24,10.41,10.41,10.25,10.33,9700
2021-09-27,10.49,10.57,10.25,10.49,14000
2021-09-28,10.18,10.33,10.18,10.33,300
2021-09-29,10.25,10.33,10.25,10.33,3000
2021-09-30,10.33,10.49,10.33,10.49,9300
2021-10-01,10.49,10.57,10.41,10.41,24700
2021-10-04,10.49,11.83,10.49,11.6,48010
2021-10-05,12.38,12.38,11.04,11.52,7193
2021-10-06,12.38,12.38,11.6,11.6,806
2021-10-07,10.89,11.83,10.89,11.28,29200
2021-10-08,10.89,11.2,10.89,10.89,5400
2021-10-11,11.75,11.75,11.04,11.04,12700
2021-10-12,10.73,11.04,10.73,10.73,300
2021-10-13,10.96,10.96,10.65,10.73,2700
2021-10-14,10.65,10.96,10.57,10.96,25700
2021-10-15,10.96,11.6,10.96,11.44,2800
2021-10-18,11.36,11.36,11.12,11.12,600
2021-10-19,11.2,11.2,11.2,11.2,200
2021-10-20,10.73,11.2,10.73,11.12,16900
2021-10-21,11.44,11.44,11.04,11.04,200
2021-10-22,11.04,11.04,11.04,11.04,500
2021-10-25,10.57,11.36,10.49,11.36,20300
2021-10-26,11.36,11.83,10.96,11.36,45500
2021-10-27,11.12,11.12,11.04,11.04,5700
2021-10-28,11.44,11.44,11.28,11.28,200
2021-10-29,11.36,11.36,11.36,11.36,0
2021-11-01,10.65,10.89,10.25,10.65,9800
2021-11-02,10.41,11.04,10.25,10.41,14500
2021-11-03,10.25,10.81,10.25,10.81,2410
2021-11-04,10.65,10.89,10.65,10.65,2100
2021-11-05,10.65,10.81,10.41,10.81,14500
2021-11-08,10.65,10.89,10.65,10.89,6101
2021-11-09,10.73,10.89,10.73,10.73,1600
2021-11-10,10.49,10.57,10.49,10.57,1700
2021-11-11,10.57,11.04,10.57,11.04,11100
2021-11-12,11.04,11.83,11.04,11.83,59900
2021-11-15,11.75,12.86,11.75,11.91,52501
2021-11-16,11.91,12.62,11.91,11.99,13700
2021-11-17,12.62,12.62,11.99,12.23,42000
2021-11-18,11.99,11.99,11.75,11.99,6900
2021-11-19,11.83,11.91,11.83,11.83,6900
2021-11-22,10.49,10.57,10.49,10.57,1500
2021-11-23,11.75,11.75,11.67,11.67,200
2021-11-24,11.75,11.75,11.75,11.75,0
2021-11-25,11.36,11.75,10.57,11.75,22700
2021-11-26,11.75,11.83,11.75,11.83,40200
2021-11-29,11.83,11.83,11.83,11.83,100
2021-11-30,11.75,11.75,11.67,11.67,300
2021-12-01,11.75,11.75,11.04,11.04,1100
2021-12-02,10.96,11.04,10.96,11.04,2900
2021-12-03,10.96,11.04,10.89,10.89,4300
2021-12-06,10.89,10.89,10.89,10.89,3900
2021-12-07,11.04,11.04,11.04,11.04,10000
2021-12-08,11.04,11.04,10.89,10.89,500
2021-12-09,11.04,11.04,11.04,11.04,1200
2021-12-10,11.04,11.04,11.04,11.04,0
2021-12-13,10.65,10.89,10.65,10.89,1100
2021-12-14,10.65,10.81,10.49,10.81,1000
2021-12-15,10.89,10.89,10.89,10.89,2000
2021-12-16,10.96,10.96,10.96,10.96,200
2021-12-17,10.96,10.96,10.96,10.96,500
2021-12-20,9.86,10.96,9.86,10.96,700
2021-12-21,10.49,10.49,10.49,10.49,300
2021-12-22,10.96,10.96,10.49,10.49,903
2021-12-23,10.57,10.57,10.57,10.57,100
2021-12-24,10.65,10.65,10.65,10.65,1500
2021-12-27,10.25,10.65,10.25,10.65,1300
2021-12-28,10.57,10.57,10.57,10.57,0
2021-12-29,10.65,10.65,10.65,10.65,100
2021-12-30,10.33,10.73,10.33,10.65,6601
2021-12-31,10.41,10.65,10.25,10.65,17900
2022-01-04,10.65,10.65,10.49,10.65,6700
2022-01-05,10.65,10.65,10.65,10.65,1106
2022-01-06,10.65,10.65,10.65,10.65,6700
2022-01-07,10.41,10.65,10.41,10.65,600
2022-01-10,10.65,12.15,10.65,12.15,13752
2022-01-11,11.04,11.04,11.04,11.04,500
2022-01-12,11.44,11.44,10.89,10.89,200
2022-01-13,11.2,11.2,10.25,10.25,700
2022-01-14,10.41,10.41,10.41,10.41,0
2022-01-17,10.57,10.57,10.57,10.57,100
2022-01-18,10.57,10.57,10.57,10.57,0
2022-01-19,10.25,10.25,10.1,10.18,1901
2022-01-20,10.57,10.57,8.68,8.91,10100
2022-01-21,10.1,10.1,10.1,10.1,1401
2022-01-24,10.1,10.18,10.1,10.1,2700
2022-01-25,10.02,10.02,10.02,10.02,6300
2022-01-26,9.94,10.65,9.94,10.65,2300
2022-01-27,11.44,11.44,11.44,11.44,501
2022-01-28,10.89,11.04,10.89,11.04,16101
2022-02-07,11.04,11.04,11.04,11.04,2000
2022-02-08,11.12,11.12,11.04,11.04,2200
2022-02-09,11.04,11.44,11.04,11.28,9900
2022-02-10,11.44,11.44,11.44,11.44,3248
2022-02-11,11.44,11.44,11.44,11.44,28400
2022-02-14,11.04,11.04,10.89,10.89,7000
2022-02-15,10.96,10.96,10.96,10.96,0
2022-02-16,10.96,10.96,10.96,10.96,0
2022-02-17,10.96,10.96,10.96,10.96,0
2022-02-18,10.96,10.96,10.96,10.96,6001
2022-02-21,10.96,10.96,10.96,10.96,208
2022-02-22,11.04,11.04,11.04,11.04,100
2022-02-23,11.2,11.2,11.2,11.2,1000
2022-02-24,11.2,11.2,11.2,11.2,0
2022-02-25,11.2,11.2,11.2,11.2,0
2022-02-28,11.2,11.52,11.2,11.52,4000
2022-03-01,11.36,11.52,11.36,11.52,7901
2022-03-02,11.44,11.52,11.44,11.52,15200
2022-03-03,11.44,11.52,11.44,11.52,5900
2022-03-04,10.33,11.52,10.25,11.52,17900
2022-03-07,11.04,11.04,10.81,10.81,300
2022-03-08,10.96,10.96,10.96,10.96,0
2022-03-09,10.96,10.96,10.96,10.96,2000
2022-03-10,10.89,10.96,10.49,10.96,900
2022-03-11,10.96,11.2,10.96,11.2,7900
2022-03-14,11.2,11.2,10.89,10.89,200
2022-03-15,10.73,11.04,10.73,11.04,5100
2022-03-16,11.04,11.04,11.04,11.04,13800
2022-03-17,10.96,11.04,10.96,11.04,4500
2022-03-18,10.96,10.96,10.96,10.96,0
2022-03-21,10.96,10.96,10.96,10.96,0
2022-03-22,11.12,11.2,11.12,11.2,3400
2022-03-23,11.44,11.44,11.04,11.04,3200
2022-03-24,11.2,11.2,11.2,11.2,0
2022-03-25,11.2,11.44,11.2,11.44,2000
2022-03-28,11.52,11.52,11.2,11.2,1300
2022-03-29,11.2,11.28,11.2,11.28,1600
2022-03-30,11.2,11.36,11.2,11.28,5400
2022-03-31,10.89,11.04,10.89,11.04,700
2022-04-01,11.2,11.2,10.96,10.96,800
2022-04-04,11.44,11.44,11.44,11.44,3400
2022-04-05,11.44,11.52,11.44,11.52,2100
2022-04-06,11.44,11.44,11.2,11.2,1600
2022-04-07,11.28,11.28,11.04,11.04,300
2022-04-08,11.12,11.44,11.12,11.44,9300
2022-04-12,11.28,11.28,11.28,11.28,200
2022-04-13,11.52,11.52,11.52,11.52,200
2022-04-14,11.52,11.52,11.52,11.52,0
2022-04-15,11.52,11.52,11.52,11.52,0
2022-04-18,11.52,11.52,11.52,11.52,0
2022-04-19,11.52,11.52,11.52,11.52,0
2022-04-20,11.52,11.52,11.52,11.52,0
2022-04-21,10.89,11.52,9.86,11.52,1100
2022-04-22,11.52,11.52,11.44,11.52,1400
2022-04-25,10.41,10.41,10.25,10.25,4000
2022-04-26,10.25,10.65,10.25,10.65,2400
2022-04-27,10.33,10.41,10.33,10.41,2900
2022-04-28,10.96,10.96,10.96,10.96,700
2022-04-29,10.96,12.46,10.96,12.46,4000
2022-05-04,11.36,11.36,11.36,11.36,0
2022-05-05,11.36,11.36,11.36,11.36,0
2022-05-06,10.33,10.49,10.33,10.49,2800
2022-05-09,10.73,10.73,10.49,10.49,15000
2022-05-10,10.65,10.65,10.65,10.65,0
2022-05-11,9.54,10.81,9.47,10.73,3300
2022-05-12,10.65,10.65,10.65,10.65,3000
2022-05-13,10.65,10.65,10.65,10.65,0
2022-05-16,10.57,10.65,10.57,10.57,10400
2022-05-17,10.65,10.65,10.65,10.65,4600
2022-05-18,10.65,10.65,10.65,10.65,0
2022-05-19,10.65,10.65,10.65,10.65,0
2022-05-20,10.65,10.65,10.65,10.65,0
2022-05-23,10.65,10.65,10.65,10.65,0
2022-05-24,10.65,10.65,10.65,10.65,0
2022-05-25,10.65,10.65,10.65,10.65,9700
2022-05-26,10.65,10.65,10.65,10.65,0
2022-05-27,11.44,11.44,11.44,11.44,200
2022-05-30,11.44,11.44,11.44,11.44,300
2022-05-31,11.44,11.44,11.44,11.44,300
2022-06-01,11.44,11.44,11.44,11.44,0
2022-06-02,11.44,11.44,11.44,11.44,500
2022-06-03,11.44,11.44,11.44,11.44,0
2022-06-06,11.44,11.44,11.44,11.44,500
2022-06-07,11.44,11.44,11.44,11.44,20800
2022-06-08,11.44,11.44,11.44,11.44,0
2022-06-09,11.44,11.44,11.44,11.44,0
2022-06-10,11.36,11.44,11.36,11.44,4000
2022-06-13,11.83,11.83,10.25,10.25,300
2022-06-14,11.28,11.28,11.28,11.28,0
2022-06-15,10.73,10.73,10.73,10.73,1000
2022-06-16,10.73,10.73,10.73,10.73,0
2022-06-17,10.73,11.44,10.65,11.44,4000
2022-06-20,10.73,10.73,10.73,10.73,1000
2022-06-21,10.73,10.73,10.73,10.73,0
2022-06-22,10.73,10.73,10.73,10.73,0
2022-06-23,10.73,10.73,10.73,10.73,0
2022-06-24,10.25,10.25,10.25,10.25,1000
2022-06-27,10.25,10.25,10.25,10.25,0
2022-06-28,11.04,11.04,11.04,11.04,7200
2022-06-29,11.04,11.04,11.04,11.04,0
2022-06-30,11.04,11.04,11.04,11.04,0
2022-07-01,10.25,10.25,10.18,10.18,800
2022-07-04,10.18,10.18,10.18,10.18,0
2022-07-05,10.18,10.18,10.18,10.18,0
2022-07-06,10.18,10.18,10.18,10.18,0
2022-07-07,10.18,10.18,10.18,10.18,0
2022-07-08,11.04,11.2,11.04,11.2,1300
2022-07-11,11.04,11.44,11.04,11.44,23200
2022-07-12,11.44,11.44,11.44,11.44,6000
2022-07-13,11.44,11.44,11.44,11.44,16300
2022-07-14,13.09,13.09,13.09,13.09,400
2022-07-15,13.09,13.09,13.09,13.09,0
2022-07-18,12.54,12.62,12.54,12.62,600
2022-07-19,12.62,12.62,12.62,12.62,0
2022-07-20,12.62,12.62,12.62,12.62,0
2022-07-21,12.62,12.62,12.62,12.62,0
2022-07-22,12.58,12.58,12.58,12.58,0
2022-07-25,12.58,12.58,10.81,10.81,800
2022-07-26,11.21,11.21,11.21,11.21,0
2022-07-27,11.21,11.21,11.21,11.21,0
2022-07-28,12.02,12.26,12.02,12.18,17700
2022-07-29,12.18,12.18,12.18,12.18,0
2022-08-01,12.18,12.18,12.18,12.18,100
2022-08-02,12.18,12.18,12.18,12.18,0
2022-08-03,12.02,12.02,12.02,12.02,200
2022-08-04,12.1,12.1,12.1,12.1,500
2022-08-05,12.1,12.1,12.1,12.1,0
2022-08-08,12.1,12.1,12.1,12.1,0
2022-08-09,12.1,12.1,12.1,12.1,0
2022-08-10,12.1,12.1,12.1,12.1,200
2022-08-11,12.1,12.1,12.1,12.1,0
2022-08-12,12.02,12.02,10.97,10.97,3100
2022-08-15,11.21,11.61,11.21,11.61,1200
2022-08-16,11.21,11.29,11.21,11.29,1500
2022-08-17,11.29,11.45,11.29,11.29,3300
2022-08-18,11.37,11.37,11.37,11.37,500
2022-08-19,11.37,11.45,11.37,11.45,1000
2022-08-22,11.77,11.77,11.77,11.77,800
2022-08-23,11.77,11.77,11.77,11.77,0
2022-08-24,11.94,12.34,11.94,12.34,4601
2022-08-25,12.34,12.34,12.34,12.34,0
2022-08-26,12.34,12.34,12.34,12.34,0
2022-08-29,12.34,12.34,12.34,12.34,0
2022-08-30,11.29,12.26,11.29,12.26,200
2022-08-31,11.77,11.77,11.77,11.77,0
2022-09-05,11.29,11.29,11.29,11.29,100
2022-09-06,11.29,11.29,11.29,11.29,0
2022-09-07,11.29,11.29,11.29,11.29,200
2022-09-08,11.29,11.29,11.29,11.29,100
2022-09-09,11.29,11.29,11.29,11.29,0
2022-09-12,11.37,11.37,11.37,11.37,500
2022-09-13,11.37,11.37,11.37,11.37,44
2022-09-14,11.37,11.37,11.37,11.37,0
2022-09-15,11.69,11.69,11.69,11.69,19000
2022-09-16,11.69,11.69,11.69,11.69,0
2022-09-19,12.18,12.18,11.29,11.29,400
2022-09-20,11.53,11.53,11.53,11.53,0
2022-09-21,11.53,11.53,11.53,11.53,0
2022-09-22,12.1,12.1,12.1,12.1,700
2022-09-23,12.1,12.1,12.1,12.1,1100
2022-09-26,12.74,12.74,12.74,12.74,100
2022-09-27,12.74,12.74,12.74,12.74,0
2022-09-28,12.74,12.74,12.74,12.74,0
2022-09-29,12.1,12.1,12.1,12.1,1500
2022-09-30,12.1,12.1,12.1,12.1,0
2022-10-03,12.1,12.1,12.1,12.1,0
2022-10-04,12.1,12.1,12.1,12.1,0
2022-10-05,12.1,12.1,12.1,12.1,0
2022-10-06,12.1,12.1,12.1,12.1,0
2022-10-07,12.1,12.1,12.1,12.1,0
2022-10-10,12.74,12.74,12.74,12.74,100
2022-10-11,12.74,12.74,12.74,12.74,0
2022-10-12,12.74,12.74,12.74,12.74,0
2022-10-13,12.74,12.74,12.74,12.74,0
2022-10-14,12.74,12.74,12.74,12.74,0
2022-10-17,12.74,12.74,12.74,12.74,0
2022-10-18,12.74,12.74,12.74,12.74,0
2022-10-19,12.74,12.74,12.74,12.74,0
2022-10-20,12.02,12.74,12.02,12.74,600
2022-10-21,12.5,12.5,12.5,12.5,0
2022-10-24,12.5,12.5,12.5,12.5,0
2022-10-25,12.5,12.5,12.5,12.5,0
2022-10-26,11.29,11.29,11.29,11.29,100
2022-10-27,11.29,11.29,11.29,11.29,6000
2022-10-28,12.66,12.66,12.66,12.66,500
2022-10-31,12.1,12.1,12.1,12.1,1000
2022-11-01,12.1,12.1,12.1,12.1,2000
2022-11-02,12.1,12.1,12.1,12.1,0
2022-11-03,12.1,12.1,12.1,12.1,0
2022-11-04,12.66,12.66,12.66,12.66,100
2022-11-07,12.66,12.66,12.66,12.66,0
2022-11-08,12.66,12.66,12.66,12.66,0
2022-11-09,12.66,12.66,12.66,12.66,0
2022-11-10,12.66,12.66,12.66,12.66,0
2022-11-11,12.66,12.66,12.66,12.66,0
2022-11-14,12.66,12.66,12.66,12.66,0
2022-11-15,12.66,12.66,12.66,12.66,0
2022-11-16,12.66,12.66,12.66,12.66,0
2022-11-17,12.66,12.66,12.66,12.66,0
2022-11-18,12.66,12.66,12.66,12.66,0
2022-11-21,12.66,12.66,12.66,12.66,0
2022-11-22,12.66,12.66,12.66,12.66,0
2022-11-23,12.66,12.66,12.66,12.66,0
2022-11-24,12.66,12.66,12.66,12.66,0
2022-11-25,12.66,12.66,12.66,12.66,0
2022-11-28,11.61,11.69,11.29,11.29,1300
2022-11-29,11.29,11.69,11.29,11.69,200
2022-11-30,12.74,12.74,12.74,12.74,100
2022-12-01,12.74,12.74,12.74,12.74,0
2022-12-02,12.74,12.74,12.74,12.74,0
2022-12-05,12.74,12.74,12.74,12.74,0
2022-12-06,12.74,12.74,12.74,12.74,0
2022-12-07,12.74,12.74,12.74,12.74,0
2022-12-08,11.69,11.69,11.69,11.69,5200
2022-12-09,11.69,11.69,11.69,11.69,0
2022-12-12,10.89,11.61,10.73,10.73,8300
2022-12-13,11.61,11.61,10.89,10.89,200
2022-12-14,12.02,12.02,12.02,12.02,500
2022-12-15,12.02,12.02,12.02,12.02,0
2022-12-16,12.02,12.02,12.02,12.02,0
2022-12-19,12.74,12.74,12.74,12.74,100
2022-12-20,12.74,12.74,12.74,12.74,0
2022-12-21,12.74,12.74,12.74,12.74,0
2022-12-22,12.74,12.74,12.74,12.74,0
2022-12-23,11.29,11.94,11.29,11.94,4200
2022-12-26,12.74,12.74,11.94,11.94,11200
2022-12-27,12.02,12.02,12.02,12.02,3500
2022-12-28,12.1,12.1,12.1,12.1,5000
2022-12-29,12.1,12.1,11.69,11.69,5500
2022-12-30,11.69,11.69,11.69,11.69,0
2023-01-03,11.69,11.69,11.69,11.69,0
2023-01-04,11.61,11.94,11.61,11.94,5200
2023-01-05,12.1,12.1,12.1,12.1,3000
2023-01-06,12.1,12.1,12.1,12.1,0
2023-01-09,12.1,12.1,12.1,12.1,0
2023-01-10,12.1,12.1,12.1,12.1,4100
2023-01-11,12.1,12.1,12.1,12.1,101
2023-01-12,12.1,12.1,12.1,12.1,500
2023-01-13,12.1,12.5,12.1,12.5,12000
2023-01-16,12.42,12.5,12.42,12.5,10000
2023-01-17,12.5,12.5,12.5,12.5,10000
2023-01-18,12.5,12.5,12.5,12.5,0
2023-01-19,12.5,12.5,12.5,12.5,3000
2023-01-27,12.5,12.5,12.5,12.5,0
2023-01-30,12.5,12.5,12.5,12.5,5000
2023-01-31,12.5,12.5,10.65,10.65,948
2023-02-01,12.26,12.26,12.26,12.26,4700
2023-02-02,12.26,12.26,12.26,12.26,0
2023-02-03,12.26,12.26,12.26,12.26,0
2023-02-06,12.26,12.26,12.26,12.26,0
2023-02-07,12.26,12.26,12.26,12.26,0
2023-02-08,12.26,12.26,12.26,12.26,0
2023-02-09,12.26,12.26,12.26,12.26,0
2023-02-10,12.26,12.26,12.26,12.26,0
2023-02-13,12.26,12.26,12.26,12.26,0
2023-02-14,12.26,12.26,12.26,12.26,11
2023-02-15,12.26,12.26,12.26,12.26,0
2023-02-16,12.26,12.26,12.26,12.26,0
2023-02-17,12.26,12.26,12.26,12.26,0
2023-02-20,12.18,12.18,12.18,12.18,1200
2023-02-21,12.18,12.18,12.18,12.18,0
2023-02-22,11.21,11.21,11.21,11.21,1000
2023-02-23,11.21,11.21,11.21,11.21,0
2023-02-24,11.21,11.21,11.21,11.21,0
2023-02-27,11.21,11.21,11.21,11.21,0
2023-02-28,11.21,11.21,11.21,11.21,0
2023-03-01,11.21,11.21,11.21,11.21,0
2023-03-02,11.21,11.21,11.21,11.21,0
2023-03-03,11.21,11.21,11.21,11.21,0
2023-03-06,11.21,11.21,11.21,11.21,0
2023-03-07,11.21,11.21,11.21,11.21,0
2023-03-08,11.21,11.21,11.21,11.21,0
2023-03-09,11.21,11.21,11.21,11.21,0
2023-03-10,11.21,11.21,11.21,11.21,0
2023-03-13,11.21,11.21,11.21,11.21,0
2023-03-14,11.21,11.21,11.21,11.21,0
2023-03-15,11.21,11.21,11.21,11.21,0
2023-03-16,11.21,11.21,11.21,11.21,0
2023-03-17,11.21,11.21,11.21,11.21,0
2023-03-20,11.21,11.21,11.21,11.21,0
2023-03-21,11.21,11.21,11.21,11.21,0
2023-03-22,12.18,12.18,12.18,12.18,4000
2023-03-23,12.18,12.18,12.18,12.18,0
2023-03-24,11.29,11.29,10.48,11.29,800
2023-03-27,12.5,12.5,12.5,12.5,200
2023-03-28,12.5,12.5,12.5,12.5,0
2023-03-29,12.1,12.1,12.1,12.1,100
2023-03-30,12.1,12.1,12.1,12.1,0
2023-03-31,12.1,12.1,12.1,12.1,100
2023-04-03,12.1,12.1,12.1,12.1,0
2023-04-04,12.1,12.1,12.1,12.1,0
2023-04-05,12.1,12.1,12.1,12.1,200
2023-04-06,12.1,12.1,12.1,12.1,1000
2023-04-07,12.1,12.1,12.1,12.1,0
2023-04-10,12.1,12.1,12.1,12.1,0
2023-04-11,12.1,12.1,12.1,12.1,0
2023-04-12,12.1,12.1,12.1,12.1,0
2023-04-13,12.1,12.1,12.1,12.1,0
2023-04-14,12.1,12.1,12.1,12.1,2
2023-04-17,12.1,12.1,12.1,12.1,43
2023-04-18,12.1,12.1,12.1,12.1,1
2023-04-19,10.32,10.32,10.32,10.32,100
2023-04-20,10.32,10.32,10.32,10.32,0
2023-04-21,8.79,8.79,8.79,8.79,100
2023-04-24,8.79,8.79,8.79,8.79,0
2023-04-25,8.79,8.79,8.79,8.79,0
2023-04-26,8.79,8.79,8.79,8.79,0
2023-04-27,8.79,8.79,8.79,8.79,0
2023-04-28,8.79,8.79,8.79,8.79,0
2023-05-04,8.79,8.79,8.79,8.79,0
2023-05-05,10.08,10.08,10.08,10.08,100
2023-05-08,11.53,11.53,11.53,11.53,100
2023-05-09,13.23,13.23,12.9,12.9,800
2023-05-10,12.98,12.98,12.98,12.98,1
2023-05-11,12.98,12.98,12.98,12.98,0
2023-05-12,12.98,12.98,12.98,12.98,0
2023-05-15,11.05,11.05,11.05,11.05,200
2023-05-16,10.48,10.48,10.48,10.48,500
2023-05-17,10.48,10.48,10.48,10.48,0
2023-05-18,10.48,10.48,10.48,10.48,0
2023-05-19,10.48,10.48,10.48,10.48,1
2023-05-22,10.48,10.48,10.48,10.48,0
2023-05-23,10.48,10.48,10.48,10.48,0
2023-05-24,12.02,12.02,12.02,12.02,400
2023-05-25,12.02,12.02,12.02,12.02,0
2023-05-26,12.02,12.02,12.02,12.02,0
2023-05-29,11.29,12.5,11.29,12.5,2200
2023-05-30,11.69,11.69,11.69,11.69,5000
2023-05-31,11.69,11.69,11.69,11.69,0
2023-06-01,12.1,12.1,11.69,11.69,5100
2023-06-02,12.1,12.58,12.1,12.58,7000
2023-06-05,11.37,11.94,11.37,11.69,13100
2023-06-06,11.86,12.5,11.86,12.5,14500
2023-06-07,12.5,12.5,12.5,12.5,4000
2023-06-08,12.5,12.5,12.5,12.5,0
2023-06-09,12.5,12.5,12.5,12.5,0
2023-06-12,12.5,12.5,12.5,12.5,0
2023-06-13,12.5,12.5,12.5,12.5,0
2023-06-14,12.5,12.5,12.5,12.5,7300
2023-06-15,12.5,13.71,12.5,13.71,18400
2023-06-16,12.5,12.5,12.5,12.5,0
2023-06-19,12.74,12.74,12.5,12.5,10000
2023-06-20,12.66,12.66,12.66,12.66,200
2023-06-21,12.66,12.66,12.66,12.66,1900
2023-06-22,12.66,12.66,12.66,12.66,0
2023-06-23,12.66,12.66,12.66,12.66,500
2023-06-26,12.9,12.9,12.9,12.9,7500
2023-06-27,12.9,12.9,12.9,12.9,0
2023-06-28,12.9,13.63,12.9,13.63,1100
2023-06-29,12.98,12.98,12.98,12.98,0
2023-06-30,12.98,12.98,12.98,12.98,0
2023-07-03,12.9,12.9,12.9,12.9,1000
2023-07-04,12.9,12.9,12.9,12.9,3000
2023-07-05,12.9,12.9,12.9,12.9,9800
2023-07-06,13.31,13.31,13.31,13.31,200
2023-07-07,13.15,13.15,13.15,13.15,500
2023-07-10,13.15,13.15,13.15,13.15,0
2023-07-11,13.15,13.15,13.15,13.15,0
2023-07-12,13.31,13.31,13.31,13.31,2100
2023-07-13,13.31,13.31,13.23,13.31,2400
2023-07-14,13.31,13.39,13.31,13.31,5500
2023-07-17,13.31,13.31,13.31,13.31,1500
2023-07-18,13.31,13.31,13.31,13.31,2400
2023-07-19,13.31,13.31,13.31,13.31,0
2023-07-20,13.31,13.31,13.31,13.31,0
2023-07-21,13.31,13.31,13.31,13.31,0
2023-07-24,13.31,13.31,13.31,13.31,0
2023-07-25,13.31,13.31,13.31,13.31,0
2023-07-26,13.31,13.31,13.31,13.31,0
2023-07-27,13.39,13.39,13.39,13.39,4600
2023-07-28,13.39,13.39,13.39,13.39,0
2023-07-31,12.02,13.56,11.59,13.56,8200
2023-08-01,12.62,12.62,12.62,12.62,10000
2023-08-02,11.16,11.16,11.16,11.16,100
2023-08-03,11.16,11.16,11.16,11.16,0
2023-08-04,12.45,12.45,12.45,12.45,10000
2023-08-07,12.45,12.45,12.45,12.45,0
2023-08-08,13.31,13.31,13.31,13.31,10000
2023-08-09,13.31,13.31,13.31,13.31,0
2023-08-10,13.31,13.31,13.31,13.31,0
2023-08-11,12.1,15.28,12.02,15.28,25100
2023-08-14,12.02,12.02,12.02,12.02,0
2023-08-15,12.02,12.02,12.02,12.02,0
2023-08-16,13.82,13.82,13.82,13.82,500
2023-08-17,13.82,13.82,13.82,13.82,0
2023-08-18,13.82,13.82,13.82,13.82,0
2023-08-21,12.02,12.02,12.02,12.02,300
2023-08-22,13.82,13.82,13.82,13.82,100
2023-08-23,13.82,13.82,13.82,13.82,0
2023-08-24,13.82,13.82,13.82,13.82,0
2023-08-25,13.82,13.82,13.82,13.82,0
2023-08-28,13.82,13.82,13.82,13.82,0
2023-08-29,13.82,13.82,13.82,13.82,0
2023-08-30,13.82,13.82,13.82,13.82,0
2023-08-31,13.31,13.31,13.31,13.31,1000
2023-09-05,13.31,13.31,13.31,13.31,0
2023-09-06,13.31,13.31,13.31,13.31,0
2023-09-07,13.31,13.31,13.31,13.31,0
2023-09-08,13.31,13.31,13.31,13.31,0
2023-09-11,13.31,13.31,13.31,13.31,2200
2023-09-12,13.31,13.39,13.31,13.39,5500
2023-09-13,15.28,15.28,15.02,15.28,1100
2023-09-14,17.17,17.17,16.91,16.91,900
2023-09-15,17.0,17.0,17.0,17.0,100
2023-09-18,17.0,17.0,17.0,17.0,0
2023-09-19,18.89,18.89,18.89,18.89,100
2023-09-20,16.23,16.23,16.23,16.23,800
2023-09-21,18.54,18.54,18.54,18.54,100
2023-09-22,21.12,21.12,21.12,21.12,100
2023-09-25,21.2,23.87,21.12,23.87,600
2023-09-26,26.18,26.18,21.03,21.03,200
2023-09-27,23.61,23.61,23.61,23.61,0
2023-09-28,23.61,23.61,23.61,23.61,0
2023-09-29,23.61,23.61,23.61,23.61,0
2023-10-02,27.04,27.04,27.04,27.04,100
2023-10-03,27.04,27.04,27.04,27.04,10
2023-10-04,27.04,27.04,27.04,27.04,26
2023-10-05,27.04,27.04,27.04,27.04,70
2023-10-06,27.04,27.04,27.04,27.04,0
2023-10-09,27.04,27.04,27.04,27.04,0
2023-10-10,27.04,27.04,27.04,27.04,0
2023-10-11,27.04,27.04,27.04,27.04,0
2023-10-12,27.04,27.04,27.04,27.04,0
2023-10-13,27.04,27.04,27.04,27.04,0
2023-10-16,23.01,23.01,23.01,23.01,120
2023-10-17,24.81,24.81,19.57,22.75,1000
2023-10-18,22.23,22.23,22.23,22.23,0
2023-10-19,22.23,22.23,22.23,22.23,0
2023-10-20,22.23,22.23,22.23,22.23,0
2023-10-23,22.23,22.23,22.23,22.23,0
2023-10-24,22.23,22.23,22.23,22.23,0
2023-10-25,22.92,22.92,18.97,18.97,1400
2023-10-26,21.38,21.38,19.49,19.49,200
2023-10-27,20.43,20.43,20.43,20.43,0
2023-10-30,20.43,20.43,20.43,20.43,0
2023-10-31,20.78,20.78,20.78,20.78,100
2023-11-01,20.78,20.78,20.78,20.78,0
2023-11-02,20.78,20.78,20.78,20.78,0
2023-11-03,20.78,20.78,20.78,20.78,0
2023-11-06,17.68,17.68,17.68,17.68,100
2023-11-07,15.11,17.17,15.11,15.11,3100
2023-11-08,13.05,17.34,13.05,16.4,49200
2023-11-09,15.2,15.2,15.2,15.2,100
2023-11-10,15.2,16.65,15.2,16.14,600
2023-11-13,18.37,18.37,16.05,16.05,1100
2023-11-14,14.08,16.05,14.08,16.05,1300
2023-11-15,17.94,17.94,17.94,17.94,100
2023-11-16,20.6,20.6,15.28,16.31,1400
2023-11-17,19.23,19.23,14.42,16.91,3400
2023-11-20,17.94,17.94,13.56,15.71,900
2023-11-21,13.82,14.77,13.31,14.77,4900
2023-11-22,15.54,15.54,13.65,14.94,1111
2023-11-23,15.45,15.45,13.56,15.11,400
2023-11-24,14.85,14.85,14.85,14.85,0
2023-11-27,14.85,14.85,14.85,14.85,0
2023-11-28,14.85,14.85,14.85,14.85,0
2023-11-29,15.71,15.71,15.71,15.71,300
2023-11-30,13.74,14.85,13.56,14.85,2900
2023-12-01,15.8,15.8,13.74,15.2,800
2023-12-04,17.26,17.26,13.99,16.4,1411
2023-12-05,15.88,15.88,15.88,15.88,0
2023-12-06,13.91,15.71,13.91,15.71,400
2023-12-07,15.45,15.45,15.45,15.45,100
2023-12-08,15.45,15.45,15.45,15.45,0
2023-12-11,15.45,15.45,15.45,15.45,0
2023-12-12,15.45,15.45,15.45,15.45,0
2023-12-13,15.45,15.45,15.45,15.45,0
2023-12-14,15.45,15.45,15.45,15.45,0
2023-12-15,13.65,16.14,13.65,16.14,3100
2023-12-18,15.97,17.34,15.02,15.88,1500
2023-12-19,18.11,18.11,13.91,15.97,300
2023-12-20,14.17,15.88,14.08,15.88,1300
2023-12-21,14.17,16.05,14.17,16.05,800
2023-12-22,15.97,15.97,14.34,14.51,7000
2023-12-25,14.51,15.8,14.51,15.8,800
2023-12-26,16.14,16.14,16.14,16.14,500
2023-12-27,16.14,16.14,16.14,16.14,0
2023-12-28,16.14,16.14,16.14,16.14,0
2023-12-29,16.05,16.05,14.17,14.25,3200
2024-01-02,15.45,15.45,15.45,15.45,100
2024-01-03,15.45,15.45,15.45,15.45,0
2024-01-04,15.45,15.45,15.45,15.45,100
2024-01-05,15.45,15.45,15.45,15.45,0
2024-01-08,17.68,17.68,13.82,13.91,600
2024-01-09,15.02,15.02,15.02,15.02,0
2024-01-10,15.02,15.02,15.02,15.02,0
2024-01-11,13.82,14.77,13.74,14.77,800
2024-01-12,15.02,15.02,15.02,15.02,100
2024-01-15,15.02,15.02,15.02,15.02,0
2024-01-16,15.02,15.02,15.02,15.02,0
2024-01-17,15.02,15.02,15.02,15.02,0
2024-01-18,15.02,15.02,15.02,15.02,0
2024-01-19,14.94,15.45,14.94,15.45,3600
2024-01-22,15.2,15.2,15.2,15.2,200
2024-01-23,17.34,17.34,17.34,17.34,100
2024-01-24,14.77,15.97,14.77,15.97,500
2024-01-25,15.71,15.71,15.71,15.71,0
2024-01-26,15.71,15.71,15.71,15.71,0
2024-01-29,17.17,17.17,17.17,17.17,100
2024-01-30,17.17,17.17,17.17,17.17,0
2024-01-31,14.68,16.83,14.68,16.83,1800
2024-02-01,15.88,15.88,15.88,15.88,0
2024-02-02,17.0,17.0,15.8,15.8,600
2024-02-05,15.97,15.97,15.97,15.97,10
2024-02-06,15.97,15.97,15.97,15.97,0
2024-02-07,15.88,15.88,15.88,15.88,100
2024-02-15,15.8,15.8,15.8,15.8,130
2024-02-16,15.8,15.8,15.8,15.8,0
2024-02-19,14.34,15.8,14.34,15.8,800
2024-02-20,15.54,15.54,15.54,15.54,0
2024-02-21,15.8,16.83,15.8,16.83,600
2024-02-22,14.59,15.97,14.59,15.97,1149
2024-02-23,16.83,16.83,16.83,16.83,100
2024-02-26,16.83,16.83,16.83,16.83,0
2024-02-27,16.83,16.83,16.83,16.83,0
2024-02-28,16.83,16.83,16.83,16.83,0
2024-02-29,16.83,16.83,16.83,16.83,0
2024-03-01,16.83,16.83,16.83,16.83,0
2024-03-04,16.83,16.83,16.83,16.83,0
2024-03-05,16.83,16.83,16.83,16.83,0
2024-03-06,16.83,16.83,16.83,16.83,0
2024-03-07,16.83,16.83,16.83,16.83,0
2024-03-08,16.83,16.83,16.83,16.83,0
2024-03-11,16.74,16.74,16.74,16.74,200
2024-03-12,16.74,16.74,16.74,16.74,0
2024-03-13,16.74,16.74,16.74,16.74,0
2024-03-14,19.23,19.23,16.4,18.8,3700
2024-03-15,19.83,19.83,18.97,18.97,1100
2024-03-18,21.81,21.81,18.97,18.97,900
2024-03-19,21.98,21.98,21.98,21.98,500
2024-03-20,24.9,24.9,19.75,19.75,200
2024-03-21,25.58,25.58,19.75,22.15,900
2024-03-22,24.81,24.81,18.63,21.38,2200
2024-03-25,18.97,18.97,17.6,17.6,500
2024-03-26,21.38,21.38,15.97,20.6,10800
2024-03-27,18.63,18.63,18.63,18.63,103
2024-03-28,21.29,21.29,15.97,18.11,6000
2024-03-29,18.54,18.54,18.29,18.29,600
2024-04-01,20.09,20.09,20.0,20.0,401
2024-04-02,20.86,20.86,20.86,20.86,300
2024-04-03,20.78,20.78,17.77,17.86,8300
2024-04-04,20.0,20.0,15.97,19.83,2801
2024-04-05,20.0,20.0,16.31,16.48,7410
2024-04-08,18.46,18.8,18.46,18.8,2100
2024-04-09,16.48,16.48,16.48,16.48,105000
2024-04-10,18.63,18.63,16.65,16.91,6407
2024-04-11,17.6,17.6,17.6,17.6,90000
2024-04-12,15.71,15.71,15.71,15.71,1101
2024-04-15,16.31,16.31,16.31,16.31,200
2024-04-16,17.94,17.94,17.94,17.94,100
2024-04-17,17.94,17.94,17.94,17.94,2
2024-04-19,17.94,17.94,17.94,17.94,0
2024-04-22,17.94,17.94,17.94,17.94,0
2024-04-23,17.94,17.94,17.94,17.94,0
2024-04-24,17.94,17.94,17.94,17.94,0
2024-04-25,17.94,17.94,17.94,17.94,0
2024-04-26,17.94,17.94,17.94,17.94,0
2024-05-02,18.54,18.54,18.54,18.54,100
2024-05-03,19.23,19.23,19.23,19.23,200
2024-05-06,19.23,19.23,19.23,19.23,17
2024-05-07,18.54,18.89,18.54,18.89,1000
2024-05-08,19.32,20.86,19.32,20.86,300
2024-05-09,20.35,20.35,20.35,20.35,0
2024-05-10,20.35,20.35,20.35,20.35,5
2024-05-13,21.12,21.12,21.12,21.12,100
2024-05-14,21.12,21.12,21.12,21.12,0
2024-05-15,21.12,21.12,21.12,21.12,0
2024-05-16,21.12,21.12,21.12,21.12,0
2024-05-17,21.12,21.12,18.03,18.03,4500
2024-05-20,18.03,19.32,18.03,19.32,300
2024-05-21,19.23,19.23,19.23,19.23,200
2024-05-22,19.23,19.23,19.23,19.23,0
2024-05-23,17.26,18.63,17.26,18.63,1102
2024-05-24,18.54,18.54,18.54,18.54,0
2024-05-27,18.54,18.54,18.54,18.54,0
2024-05-28,18.29,18.29,18.29,18.29,102
2024-05-29,15.88,15.88,15.88,15.88,800
2024-05-30,15.88,15.88,15.88,15.88,0
2024-05-31,16.31,16.31,16.31,16.31,230
2024-06-03,17.26,17.77,17.26,17.77,1700
2024-06-04,19.23,19.23,19.23,19.23,100
2024-06-05,18.46,18.89,18.46,18.89,900
2024-06-06,18.8,18.8,18.8,18.8,0
2024-06-07,18.63,18.63,18.37,18.37,1300
2024-06-10,18.03,18.03,17.34,17.34,2100
2024-06-11,18.03,18.03,18.03,18.03,0
2024-06-12,17.86,17.86,17.86,17.86,100
2024-06-13,17.77,18.54,17.77,18.54,4300
2024-06-14,18.89,20.52,18.89,19.32,19800
2024-06-17,20.6,20.6,19.66,19.83,14205
2024-06-18,19.75,20.6,19.66,19.66,2304
2024-06-19,20.09,20.09,18.72,18.72,9000
2024-06-20,19.57,20.35,19.49,19.83,6502
2024-06-21,19.83,20.17,19.83,19.83,3200
2024-06-24,20.6,20.6,20.0,20.17,5501
2024-06-25,20.6,21.12,20.35,20.35,4903
2024-06-26,20.6,20.6,20.17,20.17,800
2024-06-27,20.52,20.69,20.52,20.69,5202
2024-06-28,20.5,20.5,20.41,20.41,601
2024-07-01,18.07,18.82,18.07,18.82,1900
2024-07-02,18.82,20.13,18.82,20.13,300
2024-07-03,20.32,21.53,20.32,21.53,1000
2024-07-04,19.66,19.66,19.66,19.66,400
2024-07-05,19.19,19.29,19.19,19.29,500
2024-07-08,19.38,19.38,19.29,19.29,900
2024-07-09,19.85,19.85,19.85,19.85,100
2024-07-10,19.85,19.85,19.29,19.29,2800
2024-07-11,18.91,19.66,18.91,19.48,2900
2024-07-12,19.57,19.57,19.57,19.57,0
2024-07-15,19.57,19.57,19.01,19.57,1313
2024-07-16,19.48,20.41,19.48,20.41,300
2024-07-17,19.76,19.76,18.73,18.73,1700
2024-07-18,19.38,19.38,19.01,19.01,2500
2024-07-19,19.01,19.01,18.73,18.73,1400
2024-07-22,20.13,20.13,20.13,20.13,100
2024-07-23,18.73,18.73,18.26,18.26,2300
2024-07-24,18.26,18.26,18.26,18.26,0
2024-07-25,18.54,18.73,18.54,18.73,801
2024-07-26,18.73,18.73,18.63,18.73,1800
2024-07-29,18.73,19.19,18.73,18.91,10700
2024-07-30,18.82,19.1,18.73,18.82,14801
2024-07-31,18.91,19.19,18.91,19.19,1500
2024-08-01,19.1,19.48,18.91,18.91,2700
2024-08-02,19.01,19.1,18.91,19.01,1400
2024-08-05,18.91,19.01,18.91,18.91,1800
2024-08-06,18.91,18.91,18.91,18.91,0
2024-08-07,18.91,18.91,18.91,18.91,0
2024-08-08,19.01,19.19,19.01,19.19,11300
2024-08-09,19.1,19.1,19.1,19.1,0
2024-08-12,18.82,19.1,18.82,19.1,1600
2024-08-13,19.1,19.1,18.82,18.82,600
2024-08-14,21.44,21.44,21.44,21.44,100
2024-08-15,19.29,19.57,19.19,19.19,4900
2024-08-16,19.29,21.25,19.1,20.97,1900
2024-08-19,20.5,20.5,19.66,20.32,1500
2024-08-20,20.13,20.13,20.13,20.13,200
2024-08-21,19.19,19.66,19.19,19.66,700
2024-08-22,19.66,19.66,19.66,19.66,220
2024-08-23,19.66,19.66,19.66,19.66,0
2024-08-26,19.66,19.66,19.48,19.48,1600
2024-08-27,19.57,19.66,19.57,19.66,301
2024-08-28,19.57,19.57,19.57,19.57,500
2024-08-29,19.57,19.66,19.57,19.66,2100
2024-08-30,19.66,20.5,19.48,20.5,2300
2024-09-04,19.94,19.94,19.94,19.94,101
2024-09-05,19.38,21.16,19.38,21.16,3000
2024-09-06,21.07,21.07,19.48,20.22,2900
2024-09-09,21.44,21.44,21.44,21.44,102
2024-09-10,19.85,21.44,19.85,21.44,2000
2024-09-11,20.41,21.25,20.41,21.25,2300
2024-09-12,21.44,21.44,21.44,21.44,109
2024-09-13,21.44,21.44,21.44,21.44,1
2024-09-16,21.44,21.44,21.44,21.44,0
2024-09-17,21.16,21.16,20.6,20.6,3700
2024-09-18,20.97,20.97,20.97,20.97,0
2024-09-19,19.76,20.88,19.76,20.88,2600
2024-09-20,20.79,20.79,20.79,20.79,3
2024-09-23,20.79,20.79,20.79,20.79,0
2024-09-24,21.44,21.44,19.85,20.04,4600
2024-09-25,20.04,20.13,19.76,20.13,2009
2024-09-26,20.04,20.04,20.04,20.04,0
2024-09-27,20.5,20.5,20.04,20.04,400
2024-09-30,21.25,21.25,19.94,20.88,1500
2024-10-01,20.13,20.6,20.04,20.04,2100
2024-10-02,19.94,20.5,19.94,20.5,200
2024-10-03,19.94,19.94,19.94,19.94,300
2024-10-04,20.69,20.69,20.69,20.69,111
2024-10-07,20.69,20.69,20.69,20.69,0
2024-10-08,20.69,20.69,20.69,20.69,0
2024-10-09,20.69,20.69,20.69,20.69,0
2024-10-10,19.66,20.04,19.66,19.94,10900
2024-10-11,19.94,20.13,19.94,20.13,800
2024-10-14,20.13,20.22,20.04,20.22,5800
2024-10-15,20.13,20.13,20.13,20.13,0
2024-10-16,20.13,20.13,20.13,20.13,0
2024-10-17,20.13,20.13,20.13,20.13,0
2024-10-18,20.13,20.13,20.13,20.13,1
2024-10-21,20.13,20.13,20.13,20.13,0
2024-10-22,20.13,20.13,20.13,20.13,100
2024-10-23,20.13,20.5,20.13,20.22,4210
2024-10-24,20.13,20.6,20.13,20.6,3200
2024-10-25,20.6,20.69,20.6,20.69,2000
2024-10-28,20.69,20.69,20.69,20.69,0
2024-10-29,20.6,20.6,20.6,20.6,401
2024-10-30,21.07,21.07,20.5,20.6,4400
2024-10-31,20.6,20.6,20.6,20.6,9600
2024-11-01,20.6,20.6,20.6,20.6,0
2024-11-04,21.07,21.07,21.07,21.07,1300
2024-11-05,21.07,21.07,21.07,21.07,100
2024-11-06,21.07,21.07,21.07,21.07,100
2024-11-07,21.07,21.07,21.07,21.07,0
2024-11-08,21.07,21.07,21.07,21.07,17
2024-11-11,21.07,21.07,21.07,21.07,0
2024-11-12,21.07,21.53,21.07,21.53,2101
2024-11-13,21.53,21.53,21.53,21.53,1307
2024-11-14,21.53,21.53,21.53,21.53,0
2024-11-15,22.38,22.47,22.38,22.47,500
2024-11-18,21.07,22.19,21.07,22.19,900
2024-11-19,22.47,22.47,22.47,22.47,100
2024-11-20,22.47,22.47,22.0,22.0,1100
2024-11-21,22.0,22.0,22.0,22.0,200
2024-11-22,24.34,24.34,24.34,24.34,200
2024-11-25,24.34,24.34,24.34,24.34,0
2024-11-26,24.34,27.15,22.38,22.38,2200
2024-11-27,24.34,24.34,24.34,24.34,400
2024-11-28,27.06,27.06,27.06,27.06,201
2024-11-29,27.06,27.06,27.06,27.06,0
2024-12-02,24.44,26.5,23.03,26.5,1500
2024-12-03,27.06,27.06,27.06,27.06,100
2024-12-04,24.06,24.06,23.88,24.06,1700
2024-12-05,21.53,21.63,21.53,21.63,1300
2024-12-06,23.78,23.78,23.78,23.78,400
2024-12-09,23.78,23.78,23.78,23.78,48
2024-12-10,23.78,23.78,23.78,23.78,0
2024-12-11,21.82,21.82,21.82,21.82,107
2024-12-12,22.1,22.1,21.91,21.91,3200
2024-12-13,22.0,22.0,22.0,22.0,0
2024-12-16,23.5,23.5,23.5,23.5,100
2024-12-17,26.59,26.59,26.59,26.59,100
2024-12-18,22.75,22.75,22.66,22.66,5700
2024-12-19,22.75,22.75,22.75,22.75,12
2024-12-20,22.66,22.66,22.66,22.66,500
2024-12-23,22.56,22.56,22.0,22.56,2200
2024-12-24,22.47,22.47,22.47,22.47,1000
2024-12-25,22.47,22.47,22.47,22.47,200
2024-12-26,23.31,23.31,22.47,22.47,200
2024-12-27,21.63,22.47,21.63,22.47,300
2024-12-30,22.75,22.75,22.47,22.47,707
2024-12-31,22.47,22.47,22.47,22.47,0
2025-01-02,23.22,23.22,23.22,23.22,100
2025-01-03,23.13,23.13,23.13,23.13,400
2025-01-06,23.13,23.13,23.13,23.13,0
2025-01-07,23.13,23.13,23.13,23.13,0
2025-01-08,21.07,22.94,21.07,22.94,1400
2025-01-09,21.63,21.63,21.63,21.63,0
2025-01-10,21.63,21.63,21.63,21.63,0
2025-01-13,23.31,23.31,23.31,23.31,210
2025-01-14,23.31,23.31,23.31,23.31,200
2025-01-15,23.88,23.88,22.75,22.75,2400
2025-01-16,23.78,23.78,23.78,23.78,0
2025-01-17,22.94,23.22,22.94,23.22,800
2025-01-20,23.78,23.78,23.78,23.78,200
2025-01-21,23.41,24.34,23.41,24.34,7553
2025-01-22,23.97,25.94,23.97,25.94,3800
2025-01-23,24.16,26.03,24.16,24.25,2000
2025-01-24,23.88,24.34,23.88,24.34,700
2025-02-03,24.25,24.25,24.06,24.06,5500
2025-02-04,24.34,24.34,24.34,24.34,1100
2025-02-05,24.34,24.44,24.34,24.34,1200
2025-02-06,24.34,24.72,24.34,24.72,1200
2025-02-07,25.65,25.65,25.65,25.65,200
2025-02-10,25.65,25.65,25.65,25.65,1
2025-02-11,24.44,26.03,24.44,26.03,300
2025-02-12,25.28,25.56,25.28,25.47,1800
2025-02-13,25.56,25.56,25.47,25.47,700
2025-02-14,25.56,25.56,25.56,25.56,0
2025-02-17,25.56,25.56,25.56,25.56,0
2025-02-18,25.65,28.09,25.65,26.22,500
2025-02-19,26.4,26.4,26.03,26.03,600
2025-02-20,25.84,25.84,25.84,25.84,100
2025-02-21,25.84,25.84,25.84,25.84,900
2025-02-24,25.84,25.94,25.75,25.75,1900
2025-02-25,25.84,25.84,25.56,25.56,200
2025-02-26,25.09,25.09,25.09,25.09,1100
2025-02-27,25.28,25.28,24.91,24.91,1300
2025-02-28,25.19,25.28,25.0,25.28,1400
2025-03-03,25.09,25.09,25.09,25.09,0
2025-03-04,25.09,25.09,25.09,25.09,1900
2025-03-05,25.09,25.47,25.09,25.28,700
2025-03-06,27.15,27.15,27.15,27.15,100
2025-03-07,27.15,27.15,27.15,27.15,0
2025-03-10,25.75,25.84,25.09,25.09,900
2025-03-11,25.47,25.47,25.47,25.47,0
2025-03-12,25.56,25.56,25.19,25.19,1300
2025-03-13,25.19,25.19,24.91,24.91,600
2025-03-14,25.19,25.19,25.19,25.19,0
2025-03-17,25.28,25.28,25.28,25.28,500
2025-03-18,25.28,25.65,25.28,25.65,1000
2025-03-19,25.47,25.47,25.47,25.47,100
2025-03-20,25.47,25.47,25.47,25.47,0
2025-03-21,25.47,25.47,25.47,25.47,0
2025-03-24,25.47,25.47,25.47,25.47,0
2025-03-25,25.09,25.09,25.09,25.09,100
2025-03-26,25.37,25.47,25.28,25.28,2400
2025-03-27,25.28,25.28,25.28,25.28,0
2025-03-28,25.28,25.28,25.28,25.28,1000
2025-03-31,25.28,25.28,25.28,25.28,1500
2025-04-01,25.37,25.37,25.37,25.37,200
2025-04-02,25.75,26.22,25.75,25.75,1903
2025-04-03,26.12,26.12,23.41,23.78,9403
2025-04-04,23.5,24.81,23.5,24.34,5000
2025-04-08,24.16,24.16,23.59,24.16,5101
2025-04-09,23.78,24.34,23.69,24.34,3900
2025-04-10,26.31,26.31,24.16,26.31,47101
2025-04-11,25.56,25.56,25.56,25.56,800
2025-04-14,25.56,25.56,25.56,25.56,400
2025-04-15,25.56,25.65,25.37,25.65,1200
2025-04-16,25.28,25.37,25.28,25.28,4200
2025-04-17,25.56,25.56,25.56,25.56,301
2025-04-18,25.37,25.37,25.37,25.37,100
2025-04-21,25.56,28.0,25.56,27.15,900
2025-04-22,26.31,27.62,26.31,27.62,2301
2025-04-23,27.53,27.53,27.53,27.53,100
2025-04-24,27.43,27.53,27.43,27.53,1800
2025-04-25,29.87,29.87,29.87,29.87,600
2025-04-28,27.71,27.71,27.62,27.62,1000
2025-04-29,27.62,27.62,27.62,27.62,1
2025-05-05,27.62,28.09,27.34,28.09,2100
2025-05-06,27.15,28.09,27.15,28.09,200
2025-05-07,29.96,29.96,27.62,27.62,3100
2025-05-08,27.81,27.81,27.71,27.71,1600
2025-05-09,27.81,27.81,27.71,27.71,1800
2025-05-12,28.09,28.37,27.9,28.37,2200
2025-05-13,29.03,29.03,28.0,28.0,11502
2025-05-14,28.37,28.37,28.09,28.09,800
2025-05-15,28.46,28.46,28.18,28.18,1301
2025-05-16,28.56,31.83,28.56,29.21,6100
2025-05-19,29.21,29.21,28.18,28.74,7000
2025-05-20,29.59,29.59,29.59,29.59,600
2025-05-21,29.59,29.59,28.93,28.93,500
2025-05-22,29.03,29.03,29.03,29.03,561
2025-05-23,29.4,29.4,28.56,28.56,2400
2025-05-26,28.74,28.93,28.65,28.65,7100
2025-05-27,28.65,28.84,28.65,28.84,660
2025-05-28,28.84,29.21,28.74,29.12,2401
2025-05-29,29.03,29.03,29.03,29.03,100
2025-05-30,29.21,29.21,29.21,29.21,1000
2025-06-02,28.65,28.65,28.65,28.65,1100
2025-06-03,28.84,28.93,28.09,28.56,15600
2025-06-04,29.31,29.31,28.74,29.12,1100
2025-06-05,28.56,28.74,28.56,28.74,7200
2025-06-06,29.03,29.12,29.03,29.12,2300
2025-06-09,28.93,29.03,28.84,28.84,2000
2025-06-10,29.31,29.31,29.31,29.31,600
2025-06-11,28.65,28.65,28.46,28.65,13420
2025-06-12,28.65,28.84,28.65,28.74,3600
2025-06-13,28.74,28.84,28.46,28.65,5600
2025-06-16,29.03,29.03,28.65,28.74,2900
2025-06-17,28.65,28.84,28.65,28.74,3800
2025-06-18,28.74,28.74,28.74,28.74,1900
2025-06-19,28.74,28.74,28.74,28.74,200
2025-06-20,28.84,28.84,28.74,28.74,4200
2025-06-23,28.74,29.03,28.74,28.74,19700
2025-06-24,28.74,28.74,28.46,28.65,21000
2025-06-25,28.56,28.56,28.56,28.56,8100
2025-06-26,28.46,28.74,28.37,28.65,13200
2025-06-27,28.84,28.93,28.46,28.46,9602
2025-06-30,28.74,28.74,28.37,28.37,14100
2025-07-01,28.46,28.65,28.28,28.65,5600
2025-07-02,28.46,28.65,28.28,28.65,9800
2025-07-03,28.46,28.56,28.18,28.56,2600
2025-07-04,28.37,28.56,28.28,28.28,114600
2025-07-07,28.37,28.56,28.09,28.09,47800
2025-07-08,28.18,28.46,28.09,28.28,18200
2025-07-09,28.18,28.18,28.09,28.09,6000
2025-07-10,28.09,28.37,28.09,28.09,3900
2025-07-11,28.46,28.46,28.09,28.28,5600
2025-07-14,28.09,28.37,28.09,28.28,3000
2025-07-15,28.18,28.56,28.09,28.28,8500
2025-07-16,28.09,28.28,28.09,28.28,27900
2025-07-17,28.09,28.37,28.09,28.09,12900
2025-07-18,28.09,28.56,28.09,28.56,7700
2025-07-21,28.93,29.96,28.56,29.21,70400
2025-07-22,29.21,31.55,28.56,29.03,41400
2025-07-23,29.03,29.4,28.56,29.03,52410
2025-07-24,29.03,29.49,28.93,29.31,38620
2025-07-25,29.21,29.59,28.93,29.31,32001
2025-07-28,29.49,29.49,29.03,29.12,33100
2025-07-29,29.03,29.12,28.46,28.74,39700
2025-07-30,28.65,28.74,28.65,28.74,10239
2025-07-31,28.84,28.84,28.65,28.84,9506
2025-08-01,28.84,29.21,28.74,28.84,39100
2025-08-04,28.93,29.12,28.93,29.03,4450
2025-08-05,29.21,29.21,28.56,28.74,18510
2025-08-06,28.74,29.03,28.56,29.03,18305
2025-08-07,29.12,29.12,28.84,29.03,13700
2025-08-08,29.03,29.21,28.74,29.03,16511
2025-08-11,29.03,29.03,28.84,29.03,3830
2025-08-12,29.03,29.4,29.03,29.03,97000
2025-08-13,29.4,29.77,29.4,29.4,33230
2025-08-14,29.59,29.68,29.4,29.49,12408
2025-08-15,29.49,29.49,29.03,29.4,20000
2025-08-18,29.21,29.21,28.93,29.03,24800
2025-08-19,29.31,29.31,28.93,29.03,21308
2025-08-20,29.12,29.21,28.84,28.93,24400
2025-08-21,29.03,29.12,28.74,28.74,35800
2025-08-22,29.03,29.03,28.65,28.84,23100
2025-08-25,28.93,29.21,28.84,28.84,23200
2025-08-26,29.03,29.4,29.03,29.31,19400
2025-08-27,29.21,29.49,29.21,29.4,6100
2025-08-28,29.4,29.49,29.31,29.4,5200
2025-08-29,29.4,29.49,29.4,29.4,13352
2025-09-03,29.3,29.9,29.3,29.8,17600
2025-09-04,29.9,29.9,29.6,29.7,33672
2025-09-05,29.7,29.9,29.6,29.7,4928
2025-09-08,29.5,29.6,29.2,29.6,3600
2025-09-09,29.0,29.5,29.0,29.5,8011
2025-09-10,29.4,29.4,29.0,29.1,3005
2025-09-11,29.6,29.6,29.1,29.4,3181
2025-09-12,29.5,29.5,29.1,29.1,550
2025-09-15,29.3,29.4,29.0,29.4,6000
2025-09-16,29.2,29.4,29.1,29.2,1900
2025-09-17,29.2,29.5,29.2,29.2,3400
2025-09-18,29.2,29.3,29.1,29.1,1700
2025-09-19,29.1,29.4,29.1,29.4,500
2025-09-22,29.2,29.2,29.0,29.0,7300
2025-09-23,29.0,29.3,28.9,29.0,3200
2025-09-24,29.0,29.1,29.0,29.1,1300
2025-09-25,29.1,30.6,29.1,30.0,78000
2025-09-26,30.0,31.0,30.0,31.0,13000
2025-09-29,30.6,30.8,30.5,30.5,7100
2025-09-30,30.7,30.8,30.4,30.7,9100
2025-10-01,30.2,31.5,30.2,31.5,53300
2025-10-02,30.7,31.8,30.7,31.0,6600
2025-10-03,30.9,30.9,30.9,30.9,200
2025-10-06,30.5,30.8,30.5,30.6,6900
2025-10-07,31.0,32.0,31.0,31.9,37900
2025-10-08,31.8,32.3,31.8,32.2,12300
2025-10-09,31.2,32.2,31.2,32.2,3000
2025-10-10,32.0,34.0,32.0,34.0,6200
2025-10-13,33.8,33.8,32.5,32.7,1200
2025-10-14,32.9,33.0,32.8,32.8,100600
2025-10-16,31.0,31.2,31.0,31.2,1700
2025-10-17,31.0,31.5,30.2,31.5,4100
2025-10-20,31.1,31.1,30.5,30.5,5300
2025-10-21,30.9,30.9,30.7,30.7,2300
