time,open,high,low,close,volume
2010-06-09,16.43,17.25,13.56,17.25,118700
2010-06-10,15.94,15.94,15.36,15.36,15000
2010-06-11,15.69,15.69,14.62,14.95,14900
2010-06-14,15.03,15.03,14.13,14.13,100100
2010-06-15,13.14,13.56,13.14,13.23,490200
2010-06-16,13.97,14.05,13.97,14.05,174600
2010-06-17,14.95,14.95,14.54,14.95,248100
2010-06-18,15.69,15.86,14.79,14.87,138800
2010-06-21,14.62,14.62,14.54,14.54,24000
2010-06-22,13.8,13.97,13.56,13.88,159200
2010-06-23,14.29,14.29,13.47,13.64,32100
2010-06-24,13.56,13.72,13.39,13.47,26200
2010-06-25,13.39,13.88,13.14,13.56,82300
2010-06-28,13.14,13.31,13.14,13.23,12100
2010-06-29,12.98,13.64,12.98,13.14,9100
2010-06-30,12.9,13.14,12.73,12.73,29500
2010-07-01,13.47,13.72,12.73,12.73,27200
2010-07-02,13.14,13.23,12.57,12.73,49200
2010-07-05,12.73,13.64,12.49,12.49,21400
2010-07-06,12.57,12.57,12.24,12.32,22200
2010-07-07,12.65,13.14,12.65,13.06,52600
2010-07-08,13.31,13.64,13.14,13.31,91600
2010-07-09,13.47,13.64,12.49,12.57,137500
2010-07-12,12.73,13.23,12.49,13.14,72000
2010-07-13,13.14,13.64,13.14,13.47,131800
2010-07-14,13.47,13.64,12.65,13.06,80600
2010-07-15,12.9,13.23,12.65,13.06,71200
2010-07-16,13.06,13.31,13.06,13.31,61000
2010-07-19,13.31,13.31,12.98,12.98,42800
2010-07-20,13.14,13.14,12.82,12.82,13400
2010-07-21,12.98,13.14,12.49,12.57,81900
2010-07-22,12.57,12.57,12.32,12.49,18700
2010-07-23,12.57,12.73,11.91,11.91,89400
2010-07-26,12.32,12.57,11.67,11.67,35800
2010-07-27,12.16,12.24,11.5,11.91,35700
2010-07-28,11.67,12.16,11.5,12.16,22400
2010-07-29,11.67,11.83,11.58,11.83,3300
2010-07-30,11.83,11.91,11.67,11.67,8000
2010-08-02,11.91,11.91,11.17,11.17,19000
2010-08-03,11.75,11.75,10.84,10.93,17300
2010-08-04,10.93,11.5,10.93,11.26,97200
2010-08-05,11.17,11.34,10.76,10.76,78400
2010-08-06,11.09,11.09,10.84,10.84,53900
2010-08-09,11.17,11.17,10.43,11.01,30400
2010-08-10,10.93,11.17,10.19,10.68,80300
2010-08-11,10.6,11.01,10.19,10.76,74300
2010-08-12,10.93,10.93,9.94,9.94,56300
2010-08-13,9.69,10.6,9.69,10.27,33500
2010-08-16,10.68,10.68,10.19,10.6,37300
2010-08-17,10.68,10.84,10.35,10.52,33600
2010-08-18,10.02,10.19,9.94,9.94,35600
2010-08-19,9.61,10.1,9.45,10.1,24900
2010-08-20,10.27,10.6,9.45,9.94,74800
2010-08-23,9.94,9.94,9.78,9.78,9900
2010-08-24,10.02,10.02,9.12,9.12,17700
2010-08-25,8.54,8.63,8.54,8.63,72100
2010-08-26,8.95,9.04,8.22,8.22,4100
2010-08-27,8.3,8.38,8.3,8.38,7400
2010-08-30,8.87,8.87,8.54,8.79,36800
2010-08-31,8.71,8.87,8.54,8.63,54700
2010-09-01,9.12,9.12,8.63,8.79,20300
2010-09-06,8.79,9.37,8.79,9.2,28200
2010-09-07,9.04,9.2,8.54,9.2,18600
2010-09-08,8.71,8.71,8.3,8.71,9000
2010-09-09,8.71,8.95,8.71,8.95,31100
2010-09-10,9.04,9.04,8.22,8.3,46200
2010-09-13,8.63,8.63,8.22,8.22,20400
2010-09-14,8.3,8.38,8.22,8.38,10500
2010-09-15,8.3,8.3,8.22,8.22,2400
2010-09-16,8.22,8.22,8.13,8.22,10500
2010-09-17,8.3,8.79,8.3,8.79,46900
2010-09-20,9.12,9.2,8.87,9.12,21000
2010-09-21,8.95,8.95,8.54,8.54,13800
2010-09-22,8.63,8.63,8.46,8.46,5000
2010-09-23,8.46,8.63,8.3,8.38,8600
2010-09-24,8.3,8.46,8.22,8.22,34000
2010-09-27,8.3,8.3,8.22,8.3,5600
2010-09-28,8.3,8.38,8.3,8.38,13800
2010-09-29,8.38,8.87,8.38,8.87,164000
2010-09-30,9.28,9.37,9.28,9.37,128600
2010-10-01,9.94,9.94,9.45,9.78,146100
2010-10-04,10.27,10.35,9.28,9.28,66800
2010-10-05,8.95,9.2,8.95,8.95,42500
2010-10-06,8.63,8.95,8.63,8.87,40900
2010-10-07,8.63,9.28,8.54,8.63,19500
2010-10-08,8.63,8.63,8.38,8.46,70900
2010-10-11,8.38,8.46,8.3,8.3,2400
2010-10-12,8.3,8.54,8.3,8.46,1900
2010-10-13,8.63,8.63,8.3,8.3,4700
2010-10-14,8.3,8.54,8.3,8.3,16900
2010-10-15,8.05,8.3,7.72,8.05,39100
2010-10-18,8.13,8.3,7.97,8.3,11400
2010-10-19,8.13,8.22,7.89,8.13,18100
2010-10-20,7.8,7.8,7.48,7.48,27900
2010-10-21,7.8,7.8,7.8,7.8,15000
2010-10-22,7.8,7.8,7.39,7.64,32700
2010-10-25,7.15,7.56,7.07,7.56,28800
2010-10-26,7.56,7.64,7.15,7.56,5900
2010-10-27,7.39,7.39,7.39,7.39,1000
2010-10-28,7.56,7.56,7.23,7.23,10500
2010-10-29,7.39,7.39,7.07,7.07,13500
2010-11-01,7.07,7.07,6.74,6.74,4000
2010-11-02,6.9,6.98,6.74,6.98,4700
2010-11-03,7.15,7.15,6.82,6.82,500
2010-11-04,7.07,7.23,7.07,7.23,5200
2010-11-05,7.39,7.56,7.39,7.56,9300
2010-11-08,7.64,7.64,7.56,7.56,1500
2010-11-09,7.15,7.15,7.07,7.07,7500
2010-11-10,7.39,7.39,7.39,7.39,100
2010-11-11,7.39,7.39,6.9,6.9,6800
2010-11-12,6.82,6.82,6.57,6.57,27100
2010-11-15,6.57,6.57,6.57,6.57,9400
2010-11-16,6.57,6.57,6.33,6.49,5100
2010-11-17,6.57,6.57,6.57,6.57,2500
2010-11-18,6.65,6.98,6.65,6.9,10500
2010-11-19,7.31,7.31,7.07,7.31,58900
2010-11-22,7.31,7.31,7.23,7.23,8000
2010-11-23,7.31,7.39,7.23,7.23,14500
2010-11-24,7.39,7.39,7.39,7.39,3800
2010-11-25,7.23,7.23,7.07,7.07,7100
2010-11-26,6.82,6.98,6.57,6.57,22400
2010-11-29,6.65,7.07,6.57,7.07,9700
2010-11-30,7.23,7.23,7.15,7.15,26300
2010-12-01,7.39,7.39,7.07,7.07,1600
2010-12-02,7.07,7.72,7.07,7.56,14800
2010-12-03,7.8,7.89,7.39,7.89,70200
2010-12-06,8.22,8.22,7.72,7.72,38100
2010-12-07,7.8,7.89,7.39,7.39,21600
2010-12-08,7.23,7.39,7.15,7.15,18900
2010-12-09,7.23,7.23,6.74,7.15,8000
2010-12-10,7.31,7.39,7.31,7.39,80500
2010-12-13,7.72,7.8,7.72,7.8,27700
2010-12-14,8.3,8.3,7.8,8.13,44800
2010-12-15,8.54,8.63,7.97,8.38,77800
2010-12-16,8.13,8.13,7.72,7.97,25500
2010-12-17,7.97,8.3,7.97,8.3,55300
2010-12-20,7.8,8.63,7.8,8.63,32100
2010-12-21,9.04,9.12,8.79,9.12,174500
2010-12-22,9.69,9.69,9.53,9.69,136100
2010-12-23,10.27,10.35,9.12,9.45,37100
2010-12-24,9.69,10.6,9.69,9.86,79800
2010-12-27,10.68,10.68,9.61,9.61,24500
2010-12-28,10.6,10.6,9.28,9.45,140100
2010-12-29,9.69,10.27,9.04,9.28,192300
2010-12-30,10.27,10.35,9.28,9.61,143000
2010-12-31,9.53,9.53,9.37,9.37,13800
2011-01-04,9.45,9.86,8.79,8.79,47300
2011-01-05,8.54,8.54,8.46,8.46,32400
2011-01-06,8.22,8.46,7.89,7.89,34100
2011-01-07,8.3,8.3,8.05,8.05,8900
2011-01-10,8.05,8.13,7.64,7.64,29700
2011-01-11,7.64,7.64,7.23,7.23,46600
2011-01-12,7.31,7.72,7.31,7.72,12500
2011-01-13,8.13,8.22,8.05,8.22,15900
2011-01-14,8.13,8.13,7.72,7.89,9000
2011-01-17,8.3,8.3,8.13,8.13,12600
2011-01-18,8.3,8.3,7.64,7.72,42900
2011-01-19,7.89,7.97,7.48,7.48,13600
2011-01-20,7.39,7.72,7.39,7.48,9500
2011-01-21,7.89,7.97,7.89,7.97,57400
2011-01-24,8.38,8.46,8.13,8.22,14800
2011-01-25,8.71,8.87,8.3,8.38,10900
2011-01-26,8.87,9.04,8.38,8.38,20200
2011-01-27,8.38,8.38,8.05,8.13,17000
2011-01-28,8.38,8.46,7.97,8.22,16500
2011-02-08,8.38,8.63,8.38,8.54,20300
2011-02-09,8.38,8.38,8.05,8.05,9100
2011-02-10,7.97,7.97,7.89,7.89,5700
2011-02-11,8.13,8.13,8.05,8.13,2300
2011-02-14,7.97,8.22,7.8,8.22,10700
2011-02-15,7.64,8.13,7.56,8.13,3500
2011-02-16,8.05,8.05,7.48,7.8,800
2011-02-17,7.48,7.64,7.39,7.56,6200
2011-02-18,7.48,7.48,7.15,7.15,14700
2011-02-21,7.07,7.07,6.74,6.74,9600
2011-02-22,6.65,6.65,6.49,6.49,22000
2011-02-23,6.9,6.9,6.57,6.57,10000
2011-02-24,6.82,6.82,6.41,6.57,20300
2011-02-25,6.82,6.82,6.49,6.65,10400
2011-02-28,6.74,6.74,6.41,6.41,4500
2011-03-01,6.24,6.49,6.24,6.49,9200
2011-03-02,6.24,6.24,6.08,6.08,10200
2011-03-03,6.0,6.0,5.67,5.67,5400
2011-03-04,6.0,6.08,5.5,5.67,1500
2011-03-07,5.67,5.92,5.67,5.92,4500
2011-03-08,5.92,6.0,5.67,5.75,17000
2011-03-09,5.5,5.5,5.5,5.5,4700
2011-03-10,5.83,5.83,5.83,5.83,3500
2011-03-11,6.16,6.16,6.16,6.16,32200
2011-03-14,6.49,6.49,6.0,6.0,4400
2011-03-15,6.16,6.16,6.0,6.0,1000
2011-03-16,6.08,6.24,5.75,6.24,2700
2011-03-17,6.0,6.0,6.0,6.0,100
2011-03-18,5.75,6.24,5.75,6.16,4200
2011-03-21,6.41,6.41,6.0,6.41,27700
2011-03-22,6.74,6.82,6.24,6.24,1000
2011-03-23,6.16,6.49,6.16,6.24,1800
2011-03-24,6.41,6.41,6.41,6.41,100
2011-03-25,6.0,6.08,6.0,6.0,13000
2011-03-28,6.08,6.16,5.75,6.16,2100
2011-03-29,6.24,6.41,5.92,6.33,30400
2011-03-30,6.0,6.0,6.0,6.0,1400
2011-03-31,6.24,6.24,6.24,6.24,3000
2011-04-01,6.24,6.24,5.83,5.83,6200
2011-04-04,5.83,6.0,5.83,6.0,3200
2011-04-05,6.24,6.24,6.24,6.24,100
2011-04-06,6.08,6.08,6.08,6.08,1000
2011-04-07,6.16,6.16,5.75,5.75,21600
2011-04-08,5.75,5.75,5.75,5.75,9300
2011-04-13,5.42,5.5,5.42,5.5,2800
2011-04-14,5.34,5.67,5.26,5.26,2000
2011-04-15,5.5,5.5,5.34,5.5,1500
2011-04-18,5.09,5.75,5.09,5.18,6900
2011-04-19,5.42,5.42,5.42,5.42,200
2011-04-20,5.5,5.5,5.09,5.09,9500
2011-04-21,5.26,5.26,5.26,5.26,600
2011-04-22,5.09,5.09,4.93,4.93,6800
2011-04-25,4.68,4.93,4.68,4.85,1800
2011-04-26,4.93,4.93,4.93,4.93,1100
2011-04-27,4.85,4.85,4.6,4.6,1600
2011-04-28,4.85,4.85,4.52,4.85,2600
2011-04-29,4.85,4.85,4.6,4.85,8300
2011-05-04,5.09,5.09,5.09,5.09,1000
2011-05-05,4.93,4.93,4.93,4.93,300
2011-05-06,5.09,5.09,4.68,4.93,4000
2011-05-09,4.85,4.85,4.85,4.85,100
2011-05-10,4.76,4.85,4.76,4.85,700
2011-05-11,4.93,4.93,4.93,4.93,100
2011-05-12,4.93,4.93,4.93,4.93,0
2011-05-13,4.76,4.76,4.76,4.76,1600
2011-05-16,4.44,4.44,4.44,4.44,2400
2011-05-17,4.19,4.27,4.19,4.19,4600
2011-05-18,4.44,4.44,3.94,4.11,4600
2011-05-19,3.86,4.35,3.86,3.86,3700
2011-05-20,3.86,3.86,3.61,3.61,7000
2011-05-23,3.7,3.7,3.37,3.45,21100
2011-05-24,3.37,3.37,3.37,3.37,2100
2011-05-25,3.37,3.37,3.2,3.2,1000
2011-05-26,3.29,3.29,3.12,3.12,2400
2011-05-27,3.12,3.37,3.12,3.37,1700
2011-05-30,3.53,3.53,3.2,3.2,8400
2011-05-31,3.12,3.12,3.12,3.12,12500
2011-06-01,3.2,3.29,3.2,3.29,6000
2011-06-02,3.37,3.45,3.37,3.45,6100
2011-06-03,3.61,3.61,3.53,3.61,14400
2011-06-06,3.61,3.86,3.61,3.86,3800
2011-06-07,3.86,3.86,3.78,3.86,2900
2011-06-08,3.86,3.94,3.61,3.94,7000
2011-06-09,3.86,3.94,3.86,3.94,2900
2011-06-10,4.11,4.19,4.11,4.11,10100
2011-06-13,4.35,4.35,4.19,4.19,1700
2011-06-14,4.35,4.35,4.27,4.27,2400
2011-06-15,4.19,4.19,4.11,4.11,200
2011-06-16,3.94,3.94,3.94,3.94,700
2011-06-17,3.7,3.7,3.7,3.7,7300
2011-06-20,3.45,3.45,3.45,3.45,3300
2011-06-21,3.61,3.61,3.61,3.61,900
2011-06-22,3.45,3.7,3.37,3.37,9000
2011-06-23,3.37,3.53,3.37,3.53,200
2011-06-24,3.45,3.45,3.29,3.37,10000
2011-06-27,3.29,3.45,3.12,3.12,21100
2011-06-28,3.29,3.29,3.04,3.04,19900
2011-06-29,3.12,3.29,3.12,3.29,9800
2011-06-30,3.2,3.45,3.12,3.12,9700
2011-07-01,3.2,3.2,3.2,3.2,300
2011-07-04,3.12,3.12,3.04,3.04,47000
2011-07-05,3.2,3.2,2.88,2.96,68600
2011-07-06,2.79,2.96,2.71,2.88,111800
2011-07-07,2.88,2.88,2.88,2.88,6400
2011-07-08,3.04,3.04,3.04,3.04,42300
2011-07-11,3.12,3.2,3.12,3.2,25600
2011-07-12,3.29,3.29,3.04,3.2,30100
2011-07-13,3.2,3.2,3.04,3.2,20000
2011-07-14,3.2,3.37,3.12,3.2,17200
2011-07-15,3.29,3.37,3.12,3.12,32600
2011-07-18,3.04,3.12,3.04,3.04,11700
2011-07-19,2.96,3.04,2.88,3.04,4000
2011-07-20,3.04,3.04,2.96,3.04,9000
2011-07-21,3.04,3.2,2.96,2.96,11700
2011-07-22,2.96,2.96,2.88,2.96,2600
2011-07-25,2.96,2.96,2.88,2.88,4400
2011-07-26,2.79,2.88,2.79,2.79,8700
2011-07-27,2.96,2.96,2.79,2.88,8800
2011-07-28,2.88,3.04,2.88,3.04,6300
2011-07-29,2.88,2.88,2.79,2.79,26400
2011-08-01,2.79,2.79,2.71,2.79,5200
2011-08-02,2.71,2.79,2.71,2.71,18000
2011-08-03,2.71,2.88,2.71,2.88,10000
2011-08-04,2.88,2.96,2.88,2.96,19600
2011-08-05,2.96,2.96,2.88,2.88,3000
2011-08-08,2.96,2.96,2.88,2.88,1600
2011-08-09,2.88,2.88,2.71,2.71,16200
2011-08-10,2.79,2.79,2.71,2.71,3100
2011-08-11,2.63,2.63,2.55,2.55,1000
2011-08-12,2.71,2.71,2.71,2.71,6600
2011-08-15,2.71,2.88,2.71,2.88,2800
2011-08-16,2.88,2.88,2.88,2.88,2600
2011-08-17,2.88,2.96,2.88,2.96,15800
2011-08-18,3.04,3.04,2.88,2.88,5900
2011-08-19,2.96,2.96,2.79,2.79,8400
2011-08-22,3.04,3.04,3.04,3.04,19800
2011-08-23,3.12,3.12,3.12,3.12,500
2011-08-24,3.12,3.2,2.96,3.12,7500
2011-08-25,2.96,3.04,2.88,2.88,1600
2011-08-26,2.79,2.88,2.79,2.79,4000
2011-08-29,2.96,2.96,2.88,2.96,12300
2011-08-30,3.12,3.12,3.04,3.04,11800
2011-08-31,3.12,3.2,3.04,3.12,27200
2011-09-01,3.29,3.37,3.29,3.37,48700
2011-09-05,3.53,3.53,3.53,3.53,54300
2011-09-06,3.78,3.78,3.29,3.29,39300
2011-09-07,3.29,3.45,3.29,3.45,10300
2011-09-08,3.61,3.61,3.61,3.61,28200
2011-09-09,3.7,3.86,3.7,3.86,62600
2011-09-12,4.11,4.11,4.11,4.11,38100
2011-09-13,4.35,4.35,4.35,4.35,44100
2011-09-14,4.6,4.6,4.35,4.35,54400
2011-09-15,4.27,4.35,4.27,4.27,105900
2011-09-16,4.11,4.11,4.03,4.03,64100
2011-09-19,3.78,4.03,3.78,4.03,21300
2011-09-20,4.03,4.11,3.78,3.94,23300
2011-09-21,4.19,4.19,3.78,3.86,13300
2011-09-22,4.11,4.11,3.78,4.11,5600
2011-09-23,4.27,4.27,4.03,4.11,5600
2011-09-26,4.11,4.11,3.86,3.86,30800
2011-09-27,3.86,4.03,3.78,3.78,8100
2011-09-28,4.03,4.03,3.7,3.7,14500
2011-09-29,3.94,3.94,3.45,3.45,51600
2011-09-30,3.78,3.78,3.45,3.45,17300
2011-10-03,3.37,3.78,3.37,3.37,13500
2011-10-04,3.53,3.53,3.53,3.53,200
2011-10-05,3.7,3.7,3.37,3.45,3600
2011-10-06,3.53,3.61,3.53,3.61,6900
2011-10-07,3.45,3.53,3.45,3.53,17100
2011-10-10,3.29,3.37,3.29,3.37,4900
2011-10-11,3.53,3.53,3.45,3.45,5000
2011-10-12,3.37,3.37,3.29,3.37,4500
2011-10-13,3.45,3.45,3.29,3.37,2500
2011-10-14,3.45,3.45,3.12,3.12,25800
2011-10-17,3.37,3.37,3.04,3.04,13200
2011-10-18,3.2,3.2,3.12,3.2,3400
2011-10-19,3.29,3.29,3.2,3.2,200
2011-10-20,3.45,3.45,3.29,3.29,600
2011-10-21,3.37,3.37,3.37,3.37,6700
2011-10-24,3.45,3.45,3.45,3.45,1300
2011-10-25,3.45,3.45,3.29,3.29,5900
2011-10-26,3.45,3.45,3.12,3.12,54000
2011-10-27,3.29,3.29,3.04,3.12,2600
2011-10-28,3.29,3.29,3.04,3.29,35800
2011-10-31,3.45,3.45,3.29,3.29,7100
2011-11-01,3.45,3.45,3.2,3.2,24700
2011-11-02,3.29,3.29,3.04,3.04,19500
2011-11-03,3.2,3.2,3.2,3.2,800
2011-11-04,3.29,3.29,3.2,3.2,200
2011-11-07,3.12,3.12,3.12,3.12,10500
2011-11-08,3.2,3.2,3.12,3.12,3300
2011-11-09,3.2,3.2,3.12,3.12,400
2011-11-10,3.12,3.12,3.12,3.12,0
2011-11-11,3.29,3.29,3.04,3.04,400
2011-11-14,2.96,3.12,2.96,3.12,700
2011-11-15,3.2,3.2,2.96,3.04,4900
2011-11-16,3.2,3.2,3.2,3.2,100
2011-11-17,3.29,3.29,3.2,3.2,900
2011-11-18,3.29,3.29,3.29,3.29,100
2011-11-21,3.29,3.29,3.29,3.29,100
2011-11-22,3.29,3.29,3.29,3.29,100
2011-11-23,3.45,3.45,3.45,3.45,100
2011-11-24,3.61,3.61,3.29,3.29,900
2011-11-25,3.29,3.29,3.29,3.29,100
2011-11-28,3.29,3.37,3.29,3.37,2200
2011-11-29,3.2,3.2,3.2,3.2,200
2011-11-30,3.37,3.37,3.37,3.37,100
2011-12-01,3.29,3.29,3.2,3.2,2800
2011-12-02,3.12,3.12,3.04,3.04,9200
2011-12-05,3.2,3.2,3.2,3.2,3700
2011-12-06,3.04,3.04,3.04,3.04,6000
2011-12-07,3.2,3.2,2.88,2.88,5100
2011-12-08,3.04,3.04,2.71,2.71,15100
2011-12-09,2.71,2.71,2.55,2.55,16800
2011-12-12,2.63,2.63,2.63,2.63,100
2011-12-13,2.46,2.63,2.46,2.46,3300
2011-12-14,2.38,2.38,2.3,2.3,2000
2011-12-15,2.55,2.55,2.22,2.38,23100
2011-12-16,2.38,2.38,2.38,2.38,4300
2011-12-19,2.55,2.55,2.55,2.55,3500
2011-12-20,2.71,2.71,2.63,2.63,7500
2011-12-21,2.88,2.88,2.55,2.55,3700
2011-12-22,2.79,2.79,2.55,2.55,4300
2011-12-23,2.71,2.71,2.71,2.71,100
2011-12-26,2.88,2.88,2.88,2.88,100
2011-12-27,2.71,2.71,2.71,2.71,100
2011-12-28,2.55,2.71,2.55,2.71,700
2011-12-29,2.71,2.71,2.46,2.46,200
2011-12-30,2.71,2.71,2.46,2.63,3200
2012-01-03,2.63,2.63,2.63,2.63,0
2012-01-04,2.79,2.79,2.46,2.46,200
2012-01-05,2.71,2.71,2.71,2.71,100
2012-01-06,2.71,2.71,2.71,2.71,0
2012-01-09,2.71,2.71,2.71,2.71,0
2012-01-10,2.63,2.63,2.63,2.63,500
2012-01-11,2.71,2.71,2.46,2.46,1700
2012-01-12,2.63,2.63,2.63,2.63,100
2012-01-13,2.71,2.71,2.71,2.71,100
2012-01-16,2.79,2.79,2.79,2.79,100
2012-01-17,2.96,2.96,2.96,2.96,100
2012-01-18,3.12,3.12,3.12,3.12,100
2012-01-19,2.96,3.29,2.96,3.29,11100
2012-01-20,2.96,2.96,2.96,2.96,2900
2012-01-30,2.79,2.79,2.79,2.79,100
2012-01-31,2.63,2.63,2.63,2.63,17700
2012-02-01,2.63,2.63,2.46,2.46,24200
2012-02-02,2.55,2.63,2.46,2.63,17700
2012-02-03,2.63,2.63,2.38,2.46,14500
2012-02-06,2.38,2.38,2.38,2.38,5400
2012-02-07,2.22,2.46,2.22,2.22,12000
2012-02-08,2.38,2.38,2.22,2.38,19900
2012-02-09,2.55,2.55,2.3,2.3,15600
2012-02-10,2.22,2.22,2.22,2.22,4000
2012-02-13,2.22,2.22,2.22,2.22,3000
2012-02-14,2.3,2.3,2.14,2.3,6100
2012-02-15,2.05,2.22,2.05,2.14,4200
2012-02-16,2.05,2.14,2.05,2.14,5400
2012-02-17,2.22,2.22,2.22,2.22,100
2012-02-20,2.3,2.3,2.22,2.3,5100
2012-02-21,2.38,2.38,2.22,2.22,10900
2012-02-22,2.3,2.38,2.3,2.38,2100
2012-02-23,2.55,2.55,2.46,2.55,1200
2012-02-24,2.71,2.71,2.71,2.71,600
2012-02-27,2.55,2.55,2.55,2.55,18000
2012-02-28,2.71,2.71,2.46,2.46,300
2012-02-29,2.46,2.46,2.46,2.46,800
2012-03-01,2.55,2.63,2.38,2.55,55800
2012-03-02,2.63,2.71,2.63,2.71,69500
2012-03-05,2.88,2.88,2.88,2.88,21400
2012-03-06,3.04,3.04,2.88,3.04,41900
2012-03-07,3.12,3.2,3.04,3.2,52400
2012-03-08,2.96,3.2,2.96,2.96,41400
2012-03-09,2.96,2.96,2.96,2.96,31400
2012-03-12,2.79,2.79,2.79,2.79,6200
2012-03-13,2.63,2.96,2.63,2.71,25600
2012-03-14,2.63,2.63,2.55,2.55,30100
2012-03-15,2.46,2.71,2.46,2.71,31800
2012-03-16,2.79,2.79,2.79,2.79,32700
2012-03-19,2.96,2.96,2.88,2.96,20400
2012-03-20,3.12,3.12,3.12,3.12,50200
2012-03-21,3.29,3.29,3.29,3.29,30800
2012-03-22,3.45,3.45,3.45,3.45,14500
2012-03-23,3.61,3.61,3.61,3.61,18800
2012-03-26,3.86,3.86,3.61,3.86,201600
2012-03-27,4.11,4.11,4.03,4.11,160000
2012-03-28,4.35,4.35,3.86,4.35,105000
2012-03-29,4.35,4.6,4.11,4.11,64200
2012-03-30,3.86,4.11,3.86,4.03,43100
2012-04-03,3.86,4.27,3.78,4.11,101600
2012-04-04,4.19,4.19,3.86,3.86,40600
2012-04-05,3.78,4.03,3.61,3.94,33700
2012-04-06,3.86,4.11,3.7,3.7,96400
2012-04-09,3.94,4.03,3.78,4.03,42700
2012-04-10,4.11,4.11,4.03,4.03,8900
2012-04-11,4.27,4.27,3.78,4.11,47400
2012-04-12,4.03,4.11,3.86,3.86,34400
2012-04-13,3.7,4.03,3.7,4.03,11900
2012-04-16,3.78,4.19,3.78,4.11,55100
2012-04-17,3.86,4.11,3.86,3.86,18700
2012-04-18,3.86,3.94,3.86,3.94,28100
2012-04-19,4.03,4.03,3.86,4.03,11700
2012-04-20,3.7,4.03,3.7,4.03,15300
2012-04-23,3.78,4.03,3.78,3.86,36000
2012-04-24,3.61,3.61,3.53,3.53,49800
2012-04-25,3.7,3.7,3.45,3.45,5900
2012-04-26,3.29,3.53,3.29,3.53,14800
2012-04-27,3.29,3.7,3.29,3.37,52400
2012-05-02,3.2,3.29,3.2,3.2,53200
2012-05-03,3.04,3.37,3.04,3.37,27100
2012-05-04,2.88,3.2,2.88,3.2,12400
2012-05-07,3.04,3.37,3.04,3.37,1700
2012-05-08,3.2,3.53,3.2,3.53,15000
2012-05-09,3.53,3.78,3.53,3.78,7700
2012-05-10,3.61,3.7,3.53,3.7,8200
2012-05-11,3.45,3.7,3.45,3.7,6500
2012-05-14,3.53,3.61,3.45,3.45,7100
2012-05-15,3.29,3.37,3.29,3.37,700
2012-05-16,3.45,3.53,3.37,3.45,35900
2012-05-17,3.37,3.45,3.29,3.45,1200
2012-05-18,3.53,3.53,3.2,3.2,4100
2012-05-21,3.45,3.45,3.12,3.12,500
2012-05-22,3.37,3.37,3.12,3.29,34300
2012-05-23,3.12,3.29,3.12,3.29,600
2012-05-24,3.37,3.37,3.12,3.29,1400
2012-05-25,3.29,3.37,3.12,3.37,3200
2012-05-28,3.53,3.53,3.53,3.53,100
2012-05-29,3.78,3.78,3.29,3.45,22700
2012-05-30,3.53,3.53,3.29,3.29,1600
2012-05-31,3.45,3.45,3.2,3.2,10100
2012-06-01,3.12,3.37,3.12,3.37,800
2012-06-04,3.53,3.53,3.2,3.29,9600
2012-06-05,3.37,3.37,3.37,3.37,100
2012-06-06,3.2,3.37,3.2,3.2,12500
2012-06-07,3.37,3.37,3.37,3.37,3100
2012-06-08,3.45,3.45,3.2,3.2,6700
2012-06-11,3.29,3.29,3.12,3.12,200
2012-06-12,3.29,3.29,3.2,3.29,6700
2012-06-13,3.2,3.37,3.2,3.37,600
2012-06-14,3.37,3.37,3.37,3.37,0
2012-06-15,3.2,3.37,3.2,3.37,1300
2012-06-18,3.37,3.37,3.37,3.37,0
2012-06-19,3.37,3.37,3.37,3.37,0
2012-06-20,3.2,3.2,3.2,3.2,300
2012-06-21,3.04,3.04,3.04,3.04,1900
2012-06-22,2.88,2.88,2.88,2.88,3800
2012-06-25,2.71,2.71,2.71,2.71,14500
2012-06-26,2.55,2.79,2.55,2.79,15700
2012-06-27,2.63,2.63,2.63,2.63,1000
2012-06-28,2.46,2.46,2.46,2.46,3000
2012-06-29,2.63,2.63,2.3,2.3,40000
2012-07-02,2.3,2.3,2.3,2.3,0
2012-07-03,2.38,2.38,2.22,2.38,3000
2012-07-04,2.3,2.55,2.22,2.55,99700
2012-07-05,2.71,2.71,2.38,2.71,1200
2012-07-06,2.55,2.71,2.55,2.71,2900
2012-07-09,2.71,2.71,2.71,2.71,0
2012-07-10,2.55,2.88,2.55,2.88,900
2012-07-11,2.71,2.71,2.71,2.71,100
2012-07-12,2.79,2.79,2.55,2.79,11100
2012-07-13,2.88,2.96,2.88,2.88,37700
2012-07-16,2.96,3.04,2.96,3.04,10300
2012-07-17,3.12,3.12,2.96,3.04,11200
2012-07-18,2.88,3.12,2.88,2.88,12400
2012-07-19,2.71,2.88,2.71,2.88,10100
2012-07-20,2.96,2.96,2.79,2.88,28100
2012-07-23,2.71,2.88,2.71,2.88,7500
2012-07-24,2.88,2.96,2.71,2.96,5400
2012-07-25,2.79,2.88,2.79,2.88,11800
2012-07-26,2.96,2.96,2.96,2.96,100
2012-07-27,3.04,3.04,2.79,3.04,8100
2012-07-30,3.12,3.12,3.04,3.04,5100
2012-07-31,3.12,3.12,3.12,3.12,5000
2012-08-01,3.04,3.12,2.96,3.12,1500
2012-08-02,3.12,3.12,3.12,3.12,0
2012-08-03,3.12,3.2,3.04,3.04,5100
2012-08-06,2.88,3.12,2.88,2.88,5300
2012-08-07,2.79,2.79,2.71,2.71,1300
2012-08-08,2.55,2.71,2.55,2.55,3800
2012-08-09,2.71,2.71,2.55,2.55,3900
2012-08-10,2.55,2.55,2.55,2.55,0
2012-08-13,2.71,2.71,2.71,2.71,200
2012-08-14,2.79,2.79,2.79,2.79,5000
2012-08-15,2.63,2.63,2.63,2.63,1500
2012-08-16,2.79,2.79,2.79,2.79,500
2012-08-17,2.63,2.79,2.63,2.71,600
2012-08-20,2.88,2.88,2.88,2.88,800
2012-08-21,2.88,2.88,2.88,2.88,500
2012-08-22,2.88,2.88,2.88,2.88,0
2012-08-23,2.88,2.88,2.88,2.88,0
2012-08-24,2.88,2.88,2.88,2.88,0
2012-08-27,2.88,2.88,2.88,2.88,0
2012-08-28,2.88,2.88,2.88,2.88,0
2012-08-29,2.88,2.88,2.88,2.88,0
2012-08-30,2.88,2.88,2.88,2.88,0
2012-08-31,2.88,2.88,2.88,2.88,0
2012-09-04,2.71,2.71,2.71,2.71,100
2012-09-05,2.63,2.63,2.63,2.63,1000
2012-09-06,2.46,2.46,2.46,2.46,100
2012-09-07,2.46,2.46,2.46,2.46,0
2012-09-10,2.46,2.46,2.46,2.46,0
2012-09-11,2.63,2.63,2.63,2.63,100
2012-09-12,2.63,2.63,2.63,2.63,0
2012-09-13,2.63,2.63,2.63,2.63,0
2012-09-14,2.55,2.55,2.55,2.55,2100
2012-09-17,2.55,2.55,2.55,2.55,0
2012-09-18,2.38,2.46,2.38,2.46,1400
2012-09-19,2.3,2.55,2.3,2.55,1500
2012-09-20,2.55,2.55,2.55,2.55,700
2012-09-21,2.55,2.55,2.55,2.55,0
2012-09-24,2.55,2.71,2.55,2.71,2000
2012-09-25,2.55,2.79,2.55,2.79,200
2012-09-26,2.79,2.79,2.79,2.79,11500
2012-09-27,2.96,2.96,2.63,2.63,36200
2012-09-28,2.79,2.79,2.63,2.79,5100
2012-10-01,2.79,2.79,2.79,2.79,1200
2012-10-02,2.96,2.96,2.63,2.63,1400
2012-10-03,2.88,2.88,2.55,2.71,11200
2012-10-04,2.55,2.71,2.55,2.71,4000
2012-10-05,2.88,2.88,2.55,2.79,500
2012-10-08,2.63,2.63,2.63,2.63,1100
2012-10-09,2.46,2.79,2.46,2.79,1000
2012-10-10,2.88,2.88,2.88,2.88,200
2012-10-11,2.96,3.04,2.96,3.04,400
2012-10-12,3.04,3.04,3.04,3.04,0
2012-10-15,3.04,3.04,3.04,3.04,0
2012-10-16,2.96,2.96,2.96,2.96,100
2012-10-17,2.79,2.79,2.79,2.79,1200
2012-10-18,2.63,2.63,2.63,2.63,100
2012-10-19,2.63,2.63,2.63,2.63,0
2012-10-22,2.46,2.79,2.46,2.79,1200
2012-10-23,2.38,2.55,2.3,2.55,27200
2012-10-24,2.55,2.55,2.46,2.55,4900
2012-10-25,2.55,2.55,2.55,2.55,0
2012-10-26,2.55,2.55,2.55,2.55,0
2012-10-29,2.55,2.55,2.55,2.55,0
2012-10-30,2.46,2.46,2.38,2.38,600
2012-10-31,2.3,2.38,2.22,2.38,2800
2012-11-01,2.22,2.38,2.22,2.38,1600
2012-11-02,2.38,2.38,2.38,2.38,0
2012-11-05,2.22,2.22,2.22,2.22,100
2012-11-06,2.14,2.14,2.14,2.14,1000
2012-11-07,2.22,2.22,2.14,2.14,200
2012-11-08,2.05,2.05,2.05,2.05,100
2012-11-09,1.97,2.14,1.97,2.14,400
2012-11-12,2.14,2.14,2.14,2.14,500
2012-11-13,2.05,2.05,2.05,2.05,200
2012-11-14,2.05,2.14,1.97,1.97,13300
2012-11-15,1.89,1.89,1.89,1.89,8800
2012-11-16,1.81,1.97,1.81,1.81,9100
2012-11-19,2.05,2.05,1.89,1.89,300
2012-11-20,1.97,1.97,1.81,1.81,17300
2012-11-21,1.97,1.97,1.97,1.97,1100
2012-11-22,2.05,2.05,1.97,2.05,2200
2012-11-23,2.14,2.14,1.97,2.14,8700
2012-11-26,2.22,2.22,2.05,2.22,5700
2012-11-27,2.3,2.3,2.14,2.3,5600
2012-11-28,2.38,2.38,2.22,2.22,700
2012-11-29,2.3,2.3,2.14,2.14,4000
2012-11-30,2.38,2.38,2.38,2.38,100
2012-12-03,2.46,2.55,2.22,2.55,1000
2012-12-04,2.38,2.71,2.38,2.71,300
2012-12-05,2.55,2.63,2.55,2.63,1100
2012-12-06,2.46,2.63,2.46,2.46,400
2012-12-07,2.38,2.55,2.38,2.55,400
2012-12-10,2.38,2.71,2.38,2.71,800
2012-12-11,2.38,2.38,2.38,2.38,300
2012-12-12,2.22,2.22,2.22,2.22,4600
2012-12-13,2.14,2.3,2.14,2.14,5400
2012-12-14,2.05,2.22,2.05,2.22,1200
2012-12-17,2.3,2.3,2.3,2.3,100
2012-12-18,2.38,2.38,2.38,2.38,100
2012-12-19,2.38,2.38,2.38,2.38,0
2012-12-20,2.38,2.38,2.38,2.38,100
2012-12-21,2.46,2.46,2.46,2.46,100
2012-12-24,2.55,2.55,2.55,2.55,100
2012-12-25,2.38,2.46,2.38,2.46,400
2012-12-26,2.3,2.46,2.3,2.46,5200
2012-12-27,2.38,2.46,2.3,2.46,3100
2012-12-28,2.46,2.55,2.22,2.22,400
2013-01-02,2.22,2.3,2.22,2.3,2100
2013-01-03,2.22,2.22,2.22,2.22,3500
2013-01-04,2.14,2.3,2.14,2.22,1700
2013-01-07,2.3,2.3,2.22,2.3,1100
2013-01-08,2.38,2.38,2.38,2.38,700
2013-01-09,2.55,2.55,2.55,2.55,3900
2013-01-10,2.38,2.38,2.38,2.38,1000
2013-01-11,2.55,2.55,2.38,2.38,700
2013-01-14,2.38,2.38,2.38,2.38,100
2013-01-15,2.46,2.55,2.46,2.55,1500
2013-01-16,2.55,2.55,2.46,2.55,1300
2013-01-17,2.46,2.46,2.38,2.46,1600
2013-01-18,2.46,2.46,2.46,2.46,0
2013-01-21,2.46,2.46,2.22,2.22,2800
2013-01-22,2.14,2.14,2.14,2.14,100
2013-01-23,2.14,2.14,2.14,2.14,0
2013-01-24,2.3,2.3,2.3,2.3,100
2013-01-25,2.3,2.46,2.3,2.46,1700
2013-01-28,2.55,2.55,2.22,2.22,2100
2013-01-29,2.38,2.38,2.38,2.38,900
2013-01-30,2.46,2.46,2.46,2.46,100
2013-01-31,2.46,2.46,2.46,2.46,0
2013-02-01,2.38,2.55,2.22,2.55,5600
2013-02-04,2.46,2.46,2.46,2.46,100
2013-02-05,2.46,2.46,2.46,2.46,0
2013-02-06,2.38,2.38,2.38,2.38,100
2013-02-07,2.46,2.46,2.38,2.46,2400
2013-02-08,2.3,2.55,2.3,2.55,3600
2013-02-18,2.46,2.46,2.46,2.46,100
2013-02-19,2.38,2.38,2.22,2.22,1100
2013-02-20,2.22,2.38,2.22,2.22,12300
2013-02-21,2.22,2.38,2.05,2.38,7100
2013-02-22,2.22,2.22,2.05,2.05,9900
2013-02-25,2.14,2.22,2.14,2.22,5400
2013-02-26,2.22,2.3,2.05,2.3,4600
2013-02-27,2.22,2.46,2.22,2.46,2100
2013-02-28,2.46,2.46,2.46,2.46,0
2013-03-01,2.38,2.55,2.3,2.55,2800
2013-03-04,2.55,2.63,2.55,2.63,3000
2013-03-05,2.63,2.63,2.63,2.63,0
2013-03-06,2.55,2.55,2.55,2.55,100
2013-03-07,2.55,2.55,2.55,2.55,0
2013-03-08,2.3,2.3,2.3,2.3,300
2013-03-11,2.3,2.3,2.3,2.3,0
2013-03-12,2.3,2.3,2.14,2.3,4800
2013-03-13,2.38,2.38,2.3,2.38,3000
2013-03-14,2.3,2.38,2.3,2.38,4700
2013-03-15,2.38,2.46,2.38,2.46,2000
2013-03-18,2.22,2.3,2.22,2.3,1100
2013-03-19,2.3,2.3,2.3,2.3,0
2013-03-20,2.3,2.3,2.3,2.3,0
2013-03-21,2.38,2.38,2.38,2.38,100
2013-03-22,2.3,2.3,2.3,2.3,100
2013-03-25,2.3,2.3,2.3,2.3,0
2013-03-26,2.3,2.3,2.3,2.3,0
2013-03-27,2.14,2.46,2.14,2.46,5400
2013-03-28,2.3,2.38,2.3,2.38,2000
2013-03-29,2.38,2.38,2.38,2.38,4400
2013-04-01,2.22,2.22,2.22,2.22,1000
2013-04-02,2.22,2.22,2.22,2.22,0
2013-04-03,2.22,2.22,2.22,2.22,0
2013-04-04,2.05,2.05,2.05,2.05,100
2013-04-05,1.97,2.05,1.89,2.05,2400
2013-04-08,1.97,2.22,1.97,2.22,2800
2013-04-09,2.05,2.22,2.05,2.22,3600
2013-04-10,2.22,2.38,2.22,2.38,3000
2013-04-11,2.3,2.46,2.3,2.46,4700
2013-04-12,2.71,2.71,2.22,2.22,16700
2013-04-15,2.22,2.22,2.22,2.22,0
2013-04-16,2.05,2.05,2.05,2.05,3500
2013-04-17,2.22,2.22,2.22,2.22,100
2013-04-18,2.05,2.38,2.05,2.38,5000
2013-04-22,2.22,2.3,2.22,2.22,2200
2013-04-23,2.22,2.22,2.22,2.22,0
2013-04-24,2.3,2.38,2.3,2.38,9000
2013-04-25,2.38,2.38,2.38,2.38,0
2013-04-26,2.22,2.22,2.22,2.22,4000
2013-05-02,2.22,2.22,2.22,2.22,0
2013-05-03,2.22,2.3,2.22,2.3,3000
2013-05-06,2.46,2.46,2.46,2.46,3000
2013-05-07,2.22,2.22,2.22,2.22,100
2013-05-08,2.22,2.22,2.22,2.22,0
2013-05-09,2.14,2.14,2.14,2.14,100
2013-05-10,2.14,2.14,2.14,2.14,0
2013-05-13,2.14,2.14,2.14,2.14,0
2013-05-14,2.14,2.14,2.14,2.14,0
2013-05-15,2.14,2.14,2.14,2.14,0
2013-05-16,2.3,2.3,2.3,2.3,2100
2013-05-17,2.3,2.3,2.3,2.3,10000
2013-05-20,2.3,2.3,2.3,2.3,10000
2013-05-21,2.3,2.3,2.3,2.3,10000
2013-05-22,2.3,2.3,2.3,2.3,20000
2013-05-23,2.14,2.3,2.14,2.3,9700
2013-05-24,2.3,2.3,2.3,2.3,3900
2013-05-27,2.3,2.3,2.14,2.14,10100
2013-05-28,2.3,2.3,2.3,2.3,5600
2013-05-29,2.38,2.38,2.38,2.38,2100
2013-05-30,2.38,2.38,2.38,2.38,100
2013-05-31,2.38,2.38,2.38,2.38,8000
2013-06-03,2.38,2.38,2.38,2.38,0
2013-06-04,2.38,2.38,2.38,2.38,0
2013-06-05,2.46,2.46,2.46,2.46,100
2013-06-06,2.55,2.55,2.55,2.55,700
2013-06-07,2.3,2.3,2.3,2.3,100
2013-06-10,2.38,2.38,2.38,2.38,500
2013-06-11,2.46,2.46,2.22,2.22,20100
2013-06-12,2.38,2.38,2.38,2.38,14500
2013-06-13,2.46,2.46,2.46,2.46,100
2013-06-14,2.55,2.55,2.22,2.22,20100
2013-06-17,2.38,2.38,2.38,2.38,100
2013-06-18,2.46,2.46,2.46,2.46,2000
2013-06-19,2.55,2.55,2.55,2.55,20000
2013-06-20,2.63,2.63,2.63,2.63,8000
2013-06-21,2.71,2.71,2.71,2.63,20000
2013-06-24,2.79,2.79,2.79,2.79,5500
2013-06-25,2.79,2.79,2.55,2.55,20100
2013-06-26,2.63,2.63,2.63,2.63,800
2013-06-27,2.71,2.71,2.38,2.38,20100
2013-06-28,2.38,2.38,2.38,2.38,0
2013-07-01,2.46,2.46,2.22,2.22,20100
2013-07-02,2.38,2.38,2.38,2.38,200
2013-07-03,2.38,2.55,2.22,2.55,300
2013-07-04,2.71,2.71,2.71,2.71,100
2013-07-05,2.71,2.71,2.71,2.71,700
2013-07-08,2.88,2.88,2.88,2.88,100
2013-07-09,2.88,3.04,2.63,2.63,21200
2013-07-10,2.63,2.88,2.38,2.88,25100
2013-07-11,2.79,2.96,2.79,2.96,4400
2013-07-12,2.79,3.12,2.79,3.12,3100
2013-07-15,3.12,3.2,3.12,3.2,4500
2013-07-16,3.29,3.29,3.29,3.29,1000
2013-07-17,3.29,3.29,3.29,3.29,2300
2013-07-18,3.45,3.45,3.45,3.45,100
2013-07-19,3.45,3.45,3.45,3.45,4400
2013-07-22,3.78,3.78,3.78,3.78,300
2013-07-23,3.78,3.78,3.78,3.78,1300
2013-07-24,3.45,3.45,3.45,3.45,100
2013-07-25,3.12,3.12,3.12,3.12,100
2013-07-26,2.88,2.88,2.88,2.88,100
2013-07-29,2.63,2.63,2.63,2.63,100
2013-07-30,2.38,2.46,2.38,2.46,200
2013-07-31,2.63,2.63,2.38,2.38,9200
2013-08-01,2.22,2.22,2.22,2.22,200
2013-08-02,2.38,2.38,2.38,2.38,1000
2013-08-05,2.38,2.38,2.38,2.38,100
2013-08-06,2.3,2.55,2.3,2.55,25000
2013-08-07,2.3,2.3,2.3,2.3,11100
2013-08-08,2.3,2.3,2.3,2.3,400
2013-08-09,2.3,2.38,2.3,2.3,4400
2013-08-12,2.3,2.46,2.3,2.3,12000
2013-08-13,2.3,2.3,2.3,2.3,10000
2013-08-14,2.3,2.3,2.14,2.14,47300
2013-08-15,2.14,2.14,2.14,2.14,0
2013-08-16,2.14,2.14,2.14,2.14,0
2013-08-19,2.14,2.14,2.14,2.14,0
2013-08-20,2.14,2.14,2.14,2.14,400
2013-08-21,2.14,2.14,2.14,2.14,0
2013-08-22,2.05,2.05,2.05,2.05,5300
2013-08-23,1.89,1.89,1.89,1.89,100
2013-08-26,1.73,1.73,1.73,1.73,300
2013-08-27,1.73,1.73,1.73,1.73,0
2013-08-28,1.73,1.73,1.73,1.73,0
2013-08-29,1.64,1.64,1.56,1.56,300
2013-08-30,1.56,1.56,1.56,1.56,0
2013-09-03,1.64,1.64,1.64,1.64,500
2013-09-04,1.64,1.64,1.64,1.64,0
2013-09-05,1.81,1.81,1.81,1.81,200
2013-09-06,1.81,1.81,1.81,1.81,0
2013-09-09,1.81,1.81,1.81,1.81,0
2013-09-10,1.81,1.81,1.81,1.81,0
2013-09-11,1.81,1.81,1.81,1.81,0
2013-09-12,1.81,1.81,1.81,1.81,0
2013-09-13,1.81,1.81,1.81,1.81,0
2013-09-16,1.64,1.64,1.64,1.64,100
2013-09-17,1.64,1.64,1.64,1.64,0
2013-09-18,1.64,1.64,1.64,1.64,0
2013-09-19,1.64,1.64,1.64,1.64,0
2013-09-20,1.64,1.64,1.64,1.64,0
2013-09-23,1.64,1.64,1.64,1.64,0
2013-09-24,1.64,1.64,1.64,1.64,0
2013-09-25,1.64,1.64,1.64,1.64,0
2013-09-26,1.64,1.64,1.64,1.64,0
2013-09-27,1.64,1.81,1.64,1.81,600
2013-09-30,1.97,1.97,1.97,1.97,100
2013-10-01,1.81,1.81,1.81,1.81,100
2013-10-02,1.81,1.81,1.81,1.81,0
2013-10-03,1.97,1.97,1.97,1.97,100
2013-10-04,1.97,1.97,1.97,1.97,100
2013-10-07,1.97,1.97,1.97,1.97,0
2013-10-08,1.97,1.97,1.97,1.97,500
2013-10-09,2.14,2.14,1.89,1.89,700
2013-10-10,2.05,2.05,2.05,2.05,200
2013-10-11,2.14,2.14,2.14,2.14,200
2013-10-14,2.05,2.05,2.05,2.05,100
2013-10-15,1.89,1.89,1.89,1.89,200
2013-10-16,1.89,1.89,1.89,1.89,300
2013-10-17,2.05,2.05,1.89,1.89,300
2013-10-18,1.81,1.81,1.81,1.81,100
2013-10-21,1.81,1.81,1.81,1.81,0
2013-10-22,1.97,1.97,1.97,1.97,100
2013-10-23,1.81,2.14,1.81,2.14,1000
2013-10-24,2.05,2.05,2.05,2.05,200
2013-10-25,1.97,1.97,1.97,1.97,2100
2013-10-28,1.97,1.97,1.97,1.97,0
2013-10-29,1.97,1.97,1.97,1.97,0
2013-10-30,1.89,1.89,1.89,1.89,100
2013-10-31,1.81,1.81,1.81,1.81,400
2013-11-01,1.81,1.81,1.81,1.81,2200
2013-11-04,1.81,1.81,1.73,1.73,2600
2013-11-05,1.73,1.73,1.73,1.73,0
2013-11-06,1.73,1.73,1.73,1.73,0
2013-11-07,1.73,1.73,1.73,1.73,500
2013-11-08,1.64,1.64,1.64,1.64,1000
2013-11-11,1.73,1.81,1.73,1.81,14200
2013-11-12,1.81,1.81,1.81,1.81,1000
2013-11-13,1.64,1.64,1.64,1.64,200
2013-11-14,1.81,1.81,1.81,1.81,1500
2013-11-15,1.73,1.73,1.73,1.73,100
2013-11-18,1.73,1.73,1.73,1.73,0
2013-11-19,1.89,1.89,1.89,1.89,1500
2013-11-20,1.89,1.97,1.89,1.97,1300
2013-11-21,1.97,2.05,1.81,2.05,4400
2013-11-22,1.89,1.89,1.89,2.05,77800
2013-11-25,1.73,2.05,1.73,1.73,18200
2013-11-26,1.73,1.81,1.64,1.81,500
2013-11-27,1.89,1.89,1.89,1.89,100
2013-11-28,1.81,1.81,1.81,1.81,200
2013-11-29,1.89,1.89,1.89,1.89,400
2013-12-02,1.81,1.81,1.81,1.81,100
2013-12-03,1.89,1.97,1.89,1.97,20800
2013-12-04,2.05,2.14,1.89,2.05,14400
2013-12-05,2.05,2.22,1.97,1.97,13000
2013-12-06,1.89,1.89,1.81,1.81,200
2013-12-09,1.89,1.97,1.89,1.97,200
2013-12-10,2.14,2.14,2.14,2.14,100
2013-12-11,1.97,1.97,1.97,1.97,100
2013-12-12,1.97,1.97,1.97,1.97,0
2013-12-13,1.97,1.97,1.97,1.97,0
2013-12-16,1.89,2.14,1.81,2.14,1000
2013-12-17,1.97,1.97,1.97,1.97,200
2013-12-18,1.81,1.81,1.81,1.81,1500
2013-12-19,1.81,1.81,1.81,1.81,3100
2013-12-20,1.81,1.81,1.81,1.81,1500
2013-12-23,1.97,1.97,1.97,1.97,100
2013-12-24,1.97,1.97,1.81,1.81,32800
2013-12-25,1.81,1.97,1.81,1.97,7400
2013-12-26,1.97,1.97,1.97,1.97,0
2013-12-27,1.89,1.89,1.81,1.89,3200
2013-12-30,1.81,1.81,1.81,1.81,3800
2013-12-31,1.81,1.81,1.81,1.81,0
2014-01-02,1.89,1.89,1.89,1.89,100
2014-01-03,1.81,1.97,1.73,1.97,15400
2014-01-06,1.81,1.89,1.81,1.89,76300
2014-01-07,1.89,1.89,1.81,1.89,20500
2014-01-08,1.81,1.89,1.73,1.81,30000
2014-01-09,1.89,1.97,1.81,1.97,4700
2019-07-31,12.98,12.98,9.28,11.99,4800
2019-08-01,12.32,14.13,10.52,14.13,400
2019-08-02,14.13,14.13,14.13,14.13,274
2019-08-05,12.08,12.08,12.08,12.08,300
2019-08-06,11.91,11.91,10.27,10.27,1400
2019-08-07,9.86,9.86,9.86,9.86,100
2019-08-08,9.86,9.86,9.53,9.86,700
2019-08-09,9.78,9.86,9.86,9.86,0
2019-08-12,9.86,9.86,9.78,9.86,1701
2019-08-13,9.86,9.86,9.2,9.2,1200
2019-08-14,9.37,9.37,9.2,9.2,3089
2019-08-15,9.37,9.37,9.2,9.28,1500
2019-08-16,9.37,9.37,9.2,9.2,1100
2019-08-19,9.2,9.2,9.04,9.04,400
2019-08-20,9.2,9.2,9.2,9.2,102
2019-08-21,9.12,9.12,7.89,9.04,400
2019-08-22,7.48,8.95,7.48,8.95,2030
2019-08-23,8.22,8.22,8.22,8.22,5000
2019-08-26,8.22,8.87,8.22,8.87,1127
2019-08-27,9.37,9.37,9.37,9.37,100
2019-08-28,9.37,9.37,9.37,9.37,0
2019-08-29,9.37,9.37,9.37,9.37,0
2019-08-30,7.97,9.04,7.97,9.04,5300
2019-09-03,9.04,9.04,9.04,9.04,100
2019-09-04,8.54,8.54,8.54,8.54,100
2019-09-05,8.46,8.46,8.46,8.46,100
2019-09-06,7.23,8.79,7.23,8.79,3163
2019-09-09,8.38,8.38,8.38,8.38,600
2019-09-10,8.95,8.95,8.38,8.38,200
2019-09-11,8.95,8.95,8.95,8.95,100
2019-09-12,8.95,8.95,8.95,8.95,0
2019-09-13,9.12,9.12,9.12,9.12,100
2019-09-16,7.8,9.04,7.8,8.87,1981
2019-09-17,9.04,9.04,9.04,9.04,100
2019-09-18,9.04,9.04,9.04,9.04,0
2019-09-19,9.04,9.04,9.04,9.04,0
2019-09-20,9.04,9.04,9.04,9.04,0
2019-09-23,7.72,10.27,7.72,10.27,1200
2019-09-24,9.28,9.28,9.28,9.28,100
2019-09-25,9.28,9.28,9.28,9.28,0
2019-09-26,9.28,9.28,9.28,9.28,0
2019-09-27,9.28,9.28,9.28,9.28,0
2019-09-30,9.28,9.28,9.28,9.28,0
2019-10-01,9.28,9.28,9.28,9.28,0
2019-10-02,9.28,9.28,9.28,9.28,4
2019-10-03,7.97,10.43,7.97,10.43,500
2019-10-04,8.22,8.22,8.22,8.22,281
2019-10-07,7.15,8.95,7.15,8.95,4500
2019-10-08,8.22,8.22,8.22,8.22,100
2019-10-09,8.22,8.22,8.22,8.22,102
2019-10-10,8.22,8.22,8.22,8.22,100
2019-10-11,8.22,8.22,8.22,8.22,100
2019-10-14,8.22,8.22,8.22,8.22,0
2019-10-15,8.22,8.22,8.22,8.22,0
2019-10-16,7.97,8.95,7.97,8.95,1400
2019-10-17,8.05,9.12,8.05,9.12,1200
2019-10-18,8.22,8.22,8.22,8.22,200
2019-10-21,8.22,8.22,8.22,8.22,100
2019-10-22,8.22,8.22,8.22,8.22,0
2019-10-23,9.45,9.45,9.45,9.45,100
2019-10-24,9.45,9.45,9.45,9.45,0
2019-10-25,9.45,9.45,9.45,9.45,0
2019-10-28,9.45,9.45,9.45,9.45,0
2019-10-29,9.45,9.45,9.45,9.45,0
2019-10-30,9.45,9.45,9.45,9.45,0
2019-10-31,9.45,9.45,9.45,9.45,0
2019-11-01,9.45,9.45,9.45,9.45,0
2019-11-04,9.45,9.45,9.45,9.45,0
2019-11-05,9.45,9.45,9.45,9.45,0
2019-11-06,9.45,9.45,9.45,9.45,0
2019-11-07,8.13,8.13,8.13,8.13,600
2019-11-08,8.22,9.12,8.13,9.12,900
2019-11-11,8.38,8.38,7.48,8.38,2200
2019-11-12,8.22,8.22,8.22,8.22,300
2019-11-13,8.87,8.87,8.87,8.87,100
2019-11-14,8.87,8.87,8.87,8.87,0
2019-11-15,8.87,8.87,8.87,8.87,0
2019-11-18,8.87,8.87,8.87,8.87,0
2019-11-19,7.56,8.22,7.56,8.22,1100
2019-11-20,8.22,8.22,8.22,8.22,100
2019-11-21,8.22,8.22,8.22,8.22,100
2019-11-22,8.22,8.22,8.22,8.22,100
2019-11-25,8.22,8.22,8.22,8.22,0
2019-11-26,8.22,8.22,8.22,8.22,0
2019-11-27,8.22,8.22,8.22,8.22,100
2019-11-28,8.22,8.22,8.22,8.22,100
2019-11-29,8.22,8.22,8.22,8.22,0
2019-12-02,8.22,8.22,8.22,8.22,100
2019-12-03,8.22,8.22,8.22,8.22,0
2019-12-04,8.22,8.22,8.22,8.22,0
2019-12-05,8.22,8.22,8.22,8.22,0
2019-12-06,8.22,8.22,8.22,8.22,0
2019-12-09,8.22,8.22,8.22,8.22,0
2019-12-10,8.22,8.22,8.22,8.22,100
2019-12-11,8.22,8.22,8.22,8.22,0
2019-12-12,8.22,8.22,8.22,8.22,0
2019-12-13,8.22,8.22,8.22,8.22,0
2019-12-16,8.22,8.22,8.22,8.22,0
2019-12-17,8.22,8.22,8.22,8.22,0
2019-12-18,8.22,8.22,8.22,8.22,0
2019-12-19,8.22,8.22,8.22,8.22,0
2019-12-20,8.22,8.22,8.22,8.22,0
2019-12-23,8.22,8.22,8.22,8.22,0
2019-12-24,8.22,8.22,8.22,8.22,48
2019-12-25,8.22,8.22,8.22,8.22,0
2019-12-26,8.22,8.22,8.22,8.22,0
2019-12-27,8.22,8.22,8.22,8.22,0
2019-12-30,8.22,8.22,8.22,8.22,0
2019-12-31,8.22,8.22,8.22,8.22,0
2020-01-02,8.22,8.22,8.22,8.22,0
2020-01-03,8.22,8.22,8.22,8.22,0
2020-01-06,8.22,8.22,8.22,8.22,0
2020-01-07,8.22,8.22,8.22,8.22,0
2020-01-08,9.04,9.04,9.04,9.04,100
2020-01-09,9.04,9.04,9.04,9.04,0
2020-01-10,9.04,9.04,9.04,9.04,0
2020-01-13,9.04,9.04,9.04,9.04,0
2020-01-14,9.04,9.04,9.04,9.04,0
2020-01-15,9.04,9.04,9.04,9.04,0
2020-01-16,9.04,9.04,9.04,9.04,0
2020-01-17,9.04,9.04,9.04,9.04,0
2020-01-20,9.04,9.04,9.04,9.04,73
2020-01-21,9.04,9.04,9.04,9.04,0
2020-01-22,9.04,9.04,9.04,9.04,0
2020-01-30,9.04,9.04,9.04,9.04,0
2020-01-31,9.04,9.04,9.04,9.04,0
2020-02-03,9.04,9.04,9.04,9.04,0
2020-02-04,9.04,9.04,9.04,9.04,0
2020-02-05,9.04,9.04,9.04,9.04,0
2020-02-06,9.04,9.04,9.04,9.04,0
2020-02-07,9.04,9.04,9.04,9.04,0
2020-02-10,9.04,9.04,9.04,9.04,0
2020-02-11,9.04,9.04,9.04,9.04,0
2020-02-12,9.04,9.04,9.04,9.04,0
2020-02-13,8.95,8.95,8.95,8.95,100
2020-02-14,8.95,8.95,8.95,8.95,0
2020-02-17,8.95,8.95,8.95,8.95,0
2020-02-18,8.95,8.95,8.95,8.95,0
2020-02-19,8.95,8.95,8.95,8.95,100
2020-02-20,8.95,8.95,8.95,8.95,0
2020-02-21,8.95,8.95,8.95,8.95,0
2020-02-24,8.95,8.95,8.95,8.95,0
2020-02-25,8.95,8.95,8.95,8.95,0
2020-02-26,8.95,8.95,8.95,8.95,0
2020-02-27,8.95,8.95,8.95,8.95,0
2020-02-28,8.95,8.95,8.95,8.95,0
2020-03-02,8.95,8.95,8.95,8.95,0
2020-03-03,8.95,8.95,8.95,8.95,0
2020-03-04,8.95,8.95,8.95,8.95,0
2020-03-05,8.95,8.95,8.95,8.95,0
2020-03-06,8.95,8.95,8.95,8.95,0
2020-03-09,8.95,8.95,8.95,8.95,0
2020-03-10,7.64,7.64,7.64,7.64,104
2020-03-11,7.64,7.64,7.64,7.64,0
2020-03-12,7.64,7.64,7.64,7.64,0
2020-03-13,6.57,6.57,6.57,6.57,100
2020-03-16,5.59,5.59,5.59,5.59,100
2020-03-17,5.59,5.59,5.59,5.59,0
2020-03-18,4.76,4.76,4.76,4.76,100
2020-03-19,4.11,4.11,4.11,4.11,100
2020-03-20,4.11,4.11,4.11,4.11,0
2020-03-23,4.11,4.11,4.11,4.11,0
2020-03-24,4.68,4.68,3.53,4.68,5100
2020-03-25,5.34,5.34,5.34,5.34,100
2020-03-26,5.34,5.34,5.34,5.34,0
2020-03-27,5.34,5.34,5.34,5.34,0
2020-03-30,5.67,5.67,5.67,5.67,500
2020-03-31,5.67,5.67,5.67,5.67,0
2020-04-01,5.67,5.67,5.67,5.67,0
2020-04-03,5.67,5.67,5.67,5.67,0
2020-04-06,6.16,6.16,6.16,6.16,200
2020-04-07,6.57,6.57,6.57,6.57,200
2020-04-08,6.57,6.57,6.57,6.57,0
2020-04-09,6.57,6.57,6.57,6.57,0
2020-04-10,6.57,6.57,6.57,6.57,20
2020-04-13,6.57,6.57,6.57,6.57,0
2020-04-14,6.57,6.57,6.57,6.57,0
2020-04-15,6.57,6.57,6.57,6.57,0
2020-04-16,6.57,6.57,6.57,6.57,0
2020-04-17,7.48,7.48,7.48,7.48,1100
2020-04-20,7.48,7.48,7.48,7.48,0
2020-04-21,6.74,6.74,6.74,6.74,4300
2020-04-22,6.74,6.74,6.74,6.74,0
2020-04-23,6.74,6.74,6.74,6.74,0
2020-04-24,6.74,6.74,6.74,6.74,0
2020-04-27,6.74,6.74,6.74,6.74,0
2020-04-28,6.74,6.74,6.74,6.74,0
2020-04-29,6.74,6.74,6.74,6.74,0
2020-05-04,6.74,6.74,6.74,6.74,0
2020-05-05,6.74,6.74,6.74,6.74,0
2020-05-06,6.74,6.74,6.74,6.74,0
2020-05-07,6.74,6.74,6.74,6.74,0
2020-05-08,7.72,7.72,7.72,7.72,627
2020-05-11,7.72,7.72,7.72,7.72,0
2020-05-12,7.72,7.72,7.72,7.72,0
2020-05-13,7.72,7.72,7.72,7.72,0
2020-05-14,7.72,7.72,7.72,7.72,0
2020-05-15,7.72,7.72,7.72,7.72,0
2020-05-18,7.72,7.72,7.72,7.72,0
2020-05-19,7.72,7.72,7.72,7.72,0
2020-05-20,7.72,7.72,7.72,7.72,0
2020-05-21,7.72,7.72,7.72,7.72,0
2020-05-22,7.72,7.72,7.72,7.72,0
2020-05-25,7.72,7.72,7.72,7.72,0
2020-05-26,7.72,7.72,7.72,7.72,0
2020-05-27,7.72,7.72,7.72,7.72,0
2020-05-28,7.72,7.72,7.72,7.72,0
2020-05-29,7.72,7.72,7.72,7.72,0
2020-06-01,7.72,7.72,7.72,7.72,0
2020-06-02,7.72,7.72,7.72,7.72,0
2020-06-03,7.72,7.72,7.72,7.72,0
2020-06-04,7.72,7.72,7.72,7.72,0
2020-06-05,7.72,7.72,7.72,7.72,0
2020-06-08,7.72,7.72,7.72,7.72,0
2020-06-09,7.72,7.72,7.72,7.72,0
2020-06-10,7.72,7.72,7.72,7.72,0
2020-06-11,7.72,7.72,7.72,7.72,0
2020-06-12,7.72,7.72,7.72,7.72,0
2020-06-15,7.72,7.72,7.72,7.72,0
2020-06-16,7.72,7.72,7.72,7.72,0
2020-06-17,4.68,7.48,4.68,7.48,700
2020-06-18,7.07,7.48,7.48,7.48,0
2020-06-19,8.05,8.05,8.05,8.05,210
2020-06-22,8.08,8.33,8.33,8.33,0
2020-06-23,8.08,8.33,8.33,8.33,0
2020-06-24,8.08,8.33,8.33,8.33,0
2020-06-25,8.08,8.33,8.33,8.33,0
2020-06-26,8.08,8.33,8.33,8.33,0
2020-06-29,8.08,8.33,8.33,8.33,0
2020-06-30,8.08,8.33,8.33,8.33,0
2020-07-01,8.08,8.33,8.33,8.33,0
2020-07-02,7.06,7.06,7.06,7.06,100
2020-07-03,7.06,7.06,7.06,7.06,0
2020-07-06,7.06,7.06,7.06,7.06,10
2020-07-07,7.06,7.06,7.06,7.06,10
2020-07-08,7.06,7.06,7.06,7.06,0
2020-07-09,7.06,7.06,7.06,7.06,0
2020-07-10,7.06,7.06,7.06,7.06,24
2020-07-13,7.06,7.06,7.06,7.06,0
2020-07-14,7.06,7.06,7.06,7.06,0
2020-07-15,7.06,7.06,7.06,7.06,10
2020-07-16,7.06,7.06,7.06,7.06,0
2020-07-17,7.99,7.99,7.99,7.99,100
2020-07-20,7.99,7.99,7.99,7.99,0
2020-07-21,7.99,7.99,7.99,7.99,0
2020-07-22,7.99,7.99,7.99,7.99,0
2020-07-23,7.99,7.99,7.99,7.99,0
2020-07-24,7.99,7.99,7.99,7.99,0
2020-07-27,7.99,7.99,7.99,7.99,0
2020-07-28,8.5,8.5,8.5,8.5,100
2020-07-29,8.5,8.5,8.5,8.5,2
2020-07-30,8.5,8.5,8.5,8.5,0
2020-07-31,8.5,8.5,8.5,8.5,0
2020-08-03,8.5,8.5,8.5,8.5,0
2020-08-04,8.5,8.5,8.5,8.5,0
2020-08-05,7.23,7.23,7.23,7.23,100
2020-08-06,8.25,8.25,8.25,8.25,108
2020-08-07,8.25,8.25,8.25,8.25,1
2020-08-10,8.25,8.25,8.25,8.25,0
2020-08-11,8.25,8.25,8.25,8.25,0
2020-08-12,8.25,8.25,8.25,8.25,0
2020-08-13,8.25,8.25,8.25,8.25,0
2020-08-14,8.25,8.25,8.25,8.25,0
2020-08-17,8.25,8.25,8.25,8.25,0
2020-08-18,8.25,8.25,8.25,8.25,0
2020-08-19,8.25,8.25,8.25,8.25,0
2020-08-20,8.25,8.25,8.25,8.25,0
2020-08-21,8.25,8.25,8.25,8.25,0
2020-08-24,8.25,8.25,8.25,8.25,0
2020-08-25,8.25,8.25,8.25,8.25,0
2020-08-26,8.25,8.25,8.25,8.25,0
2020-08-27,8.25,8.25,8.25,8.25,1
2020-08-28,8.25,8.25,8.25,8.25,0
2020-08-31,8.25,8.25,8.25,8.25,0
2020-09-01,8.25,8.25,8.25,8.25,0
2020-09-03,8.25,8.25,8.25,8.25,0
2020-09-04,8.25,8.25,8.25,8.25,0
2020-09-07,8.25,8.25,8.25,8.25,0
2020-09-08,8.5,8.5,8.5,8.5,100
2020-09-09,8.5,8.5,8.5,8.5,0
2020-09-10,8.5,8.5,8.5,8.5,0
2020-09-11,8.5,8.5,8.5,8.5,0
2020-09-14,8.5,8.5,8.5,8.5,0
2020-09-15,8.5,8.5,8.5,8.5,0
2020-09-16,8.5,8.5,8.5,8.5,0
2020-09-17,8.5,8.5,8.5,8.5,0
2020-09-18,8.5,8.5,8.5,8.5,0
2020-09-21,8.5,8.5,8.5,8.5,0
2020-09-22,8.5,8.5,8.5,8.5,0
2020-09-23,8.5,8.5,8.5,8.5,0
2020-09-24,8.5,8.5,8.5,8.5,0
2020-09-25,8.5,8.5,8.5,8.5,0
2020-09-28,8.5,8.5,8.5,8.5,0
2020-09-29,8.5,8.5,8.5,8.5,0
2020-09-30,8.5,8.5,8.5,8.5,0
2020-10-01,8.5,8.5,8.5,8.5,0
2020-10-02,8.5,8.5,8.5,8.5,0
2020-10-05,8.5,8.5,8.5,8.5,0
2020-10-06,8.5,8.5,8.5,8.5,0
2020-10-07,8.5,8.5,8.5,8.5,0
2020-10-08,8.5,8.5,8.5,8.5,0
2020-10-09,8.5,8.5,8.5,8.5,0
2020-10-12,8.5,8.5,8.5,8.5,0
2020-10-13,8.5,8.5,8.5,8.5,0
2020-10-14,8.5,8.5,8.5,8.5,0
2020-10-15,8.5,8.5,8.5,8.5,0
2020-10-16,8.5,8.5,8.5,8.5,0
2020-10-19,8.5,8.5,8.5,8.5,0
2020-10-20,8.5,8.5,8.5,8.5,100
2020-10-21,8.5,8.5,8.5,8.5,0
2020-10-22,8.5,8.5,8.5,8.5,0
2020-10-23,8.5,8.5,8.5,8.5,0
2020-10-26,8.5,8.5,8.5,8.5,0
2020-10-27,8.5,8.5,8.5,8.5,0
2020-10-28,8.5,8.5,8.5,8.5,0
2020-10-29,8.5,8.5,8.5,8.5,0
2020-10-30,8.5,8.5,8.5,8.5,0
2020-11-02,8.5,8.5,8.5,8.5,0
2020-11-03,8.5,8.5,8.5,8.5,0
2020-11-04,8.5,8.5,8.5,8.5,0
2020-11-05,8.5,8.5,8.5,8.5,0
2020-11-06,8.5,8.5,8.5,8.5,0
2020-11-09,8.5,8.5,8.5,8.5,0
2020-11-10,8.5,8.5,8.5,8.5,0
2020-11-11,8.5,8.5,8.5,8.5,0
2020-11-12,8.5,8.5,8.5,8.5,0
2020-11-13,8.5,8.5,8.5,8.5,0
2020-11-16,8.5,8.5,8.5,8.5,0
2020-11-17,8.5,8.5,8.5,8.5,0
2020-11-18,8.5,8.5,8.5,8.5,0
2020-11-19,8.5,8.5,8.5,8.5,0
2020-11-20,8.5,8.5,8.5,8.5,0
2020-11-23,8.5,8.5,8.5,8.5,100
2020-11-24,8.5,8.5,8.5,8.5,0
2020-11-25,8.5,8.5,8.5,8.5,0
2020-11-26,8.5,8.5,8.5,8.5,0
2020-11-27,8.5,8.5,8.5,8.5,0
2020-11-30,8.5,8.5,8.5,8.5,0
2020-12-01,8.5,8.5,8.5,8.5,0
2020-12-02,8.5,8.5,8.5,8.5,1000
2020-12-03,8.5,8.5,8.5,8.5,0
2020-12-04,8.5,8.5,8.5,8.5,0
2020-12-07,8.5,8.5,8.5,8.5,0
2020-12-08,7.23,7.23,7.23,7.23,100
2020-12-09,8.16,8.25,8.16,8.16,1600
2020-12-10,8.25,8.16,8.16,8.16,0
2020-12-11,8.25,8.16,8.16,8.16,0
2020-12-14,8.25,8.25,8.25,8.25,300
2020-12-15,8.25,8.25,8.25,8.25,0
2020-12-16,8.25,8.25,8.25,8.25,0
2020-12-17,8.25,8.25,8.25,8.25,700
2020-12-18,8.25,8.25,8.25,8.25,0
2020-12-21,8.25,8.25,8.25,8.25,0
2020-12-22,8.5,8.5,8.5,8.5,100
2020-12-23,8.5,8.5,8.5,8.5,0
2020-12-24,8.5,8.5,8.5,8.5,0
2020-12-25,8.5,8.5,8.5,8.5,0
2020-12-28,8.5,8.5,8.5,8.5,0
2020-12-29,8.5,8.5,8.5,8.5,0
2020-12-30,8.5,8.5,8.5,8.5,4100
2020-12-31,8.5,8.5,8.5,8.5,2000
2021-01-04,8.5,8.5,8.5,8.5,1700
2021-01-05,8.5,8.5,8.5,8.5,0
2021-01-06,8.5,8.5,8.5,8.5,200
2021-01-07,8.5,8.5,8.5,8.5,5700
2021-01-08,8.5,8.5,8.5,8.5,0
2021-01-11,8.5,9.27,8.5,9.27,3700
2021-01-12,7.91,8.5,7.91,8.5,2100
2021-01-13,8.5,8.5,8.5,8.5,0
2021-01-14,8.5,8.5,8.5,8.5,0
2021-01-15,8.5,8.5,8.5,8.5,18000
2021-01-18,8.5,8.5,8.5,8.5,29
2021-01-19,8.5,8.5,8.5,8.5,0
2021-01-20,7.4,9.69,7.4,9.69,600
2021-01-21,9.78,9.78,9.78,9.78,200
2021-01-22,9.35,9.35,9.35,9.35,200
2021-01-25,9.1,9.1,9.1,9.1,1000
2021-01-26,9.1,9.1,9.1,9.1,0
2021-01-27,9.1,9.1,9.1,9.1,0
2021-01-28,9.1,9.1,9.1,9.1,0
2021-01-29,9.1,9.1,9.1,9.1,0
2021-02-01,9.1,9.1,9.1,9.1,0
2021-02-02,9.1,9.1,9.1,9.1,0
2021-02-03,9.1,9.1,9.1,9.1,0
2021-02-04,9.1,9.1,9.1,9.1,0
2021-02-05,9.1,9.1,9.1,9.1,0
2021-02-08,9.1,9.1,9.1,9.1,0
2021-02-09,9.1,9.1,9.1,9.1,0
2021-02-17,9.1,9.1,9.1,9.1,0
2021-02-18,9.1,9.1,9.1,9.1,0
2021-02-19,9.1,9.1,9.1,9.1,0
2021-02-22,9.1,9.1,9.1,9.1,0
2021-02-23,9.1,9.1,9.1,9.1,0
2021-02-24,9.1,9.1,9.1,9.1,0
2021-02-25,9.1,9.1,9.1,9.1,0
2021-02-26,9.1,9.1,9.1,9.1,0
2021-03-01,9.1,9.1,9.1,9.1,0
2021-03-02,8.5,8.93,7.82,8.93,1412
2021-03-03,8.5,8.5,8.5,8.5,300
2021-03-04,8.5,8.5,8.5,8.5,0
2021-03-05,8.5,8.5,8.5,8.5,0
2021-03-08,8.33,8.5,8.33,8.5,3000
2021-03-09,8.5,8.5,8.5,8.5,2200
2021-03-10,8.5,8.5,8.5,8.5,0
2021-03-11,8.5,8.5,8.5,8.5,0
2021-03-12,8.5,8.5,8.5,8.5,1000
2021-03-15,8.5,8.5,8.5,8.5,0
2021-03-16,8.5,8.5,8.5,8.5,0
2021-03-17,8.5,8.5,8.5,8.5,0
2021-03-18,8.5,8.5,8.5,8.5,0
2021-03-19,8.5,8.5,8.5,8.5,541
2021-03-22,8.5,8.5,8.5,8.5,3600
2021-03-23,8.5,8.5,8.5,8.5,2100
2021-03-24,9.35,9.78,8.93,9.78,6800
2021-03-25,9.61,9.78,9.78,9.78,0
2021-03-26,9.61,9.61,9.35,9.61,1300
2021-03-29,9.44,9.44,9.44,9.44,1300
2021-03-30,9.44,9.44,9.44,9.44,0
2021-03-31,9.44,9.44,9.44,9.44,0
2021-04-01,10.2,10.2,10.2,10.2,1000
2021-04-02,10.2,10.2,10.2,10.2,100
2021-04-05,10.63,10.63,10.63,10.63,400
2021-04-06,10.63,10.63,10.63,10.63,0
2021-04-07,10.63,10.63,10.63,10.63,0
2021-04-08,10.63,10.63,10.63,10.63,4800
2021-04-09,10.63,10.63,10.63,10.63,0
2021-04-12,10.63,10.63,10.63,10.63,0
2021-04-13,10.63,10.63,10.63,10.63,100
2021-04-14,10.63,10.63,10.63,10.63,0
2021-04-15,10.63,10.63,10.63,10.63,200
2021-04-16,10.63,10.63,10.63,10.63,0
2021-04-19,10.63,10.63,10.63,10.63,0
2021-04-20,9.35,9.35,9.35,9.35,2600
2021-04-22,9.35,9.35,9.35,9.35,0
2021-04-23,9.35,9.35,9.35,9.35,0
2021-04-26,9.35,9.35,9.35,9.35,0
2021-04-27,9.35,9.35,9.35,9.35,0
2021-04-28,9.35,9.35,9.35,9.35,100
2021-04-29,9.35,9.35,9.35,9.35,0
2021-05-04,9.35,9.35,9.35,9.35,0
2021-05-05,8.08,8.08,8.08,8.08,100
2021-05-06,8.08,8.08,8.08,8.08,0
2021-05-07,8.08,8.08,8.08,8.08,0
2021-05-10,8.08,8.08,8.08,8.08,0
2021-05-11,8.16,8.16,8.16,8.16,100
2021-05-12,8.5,9.35,8.5,9.35,1100
2021-05-13,10.54,10.54,10.46,10.46,1900
2021-05-14,10.54,10.46,10.46,10.46,0
2021-05-17,12.07,12.07,12.07,12.07,100
2021-05-18,12.07,12.07,12.07,12.07,0
2021-05-19,12.07,12.07,12.07,12.07,0
2021-05-20,10.46,10.46,10.29,10.29,1400
2021-05-21,10.29,10.29,10.29,10.29,0
2021-05-24,10.29,10.29,10.03,10.03,1200
2021-05-25,10.03,10.2,10.03,10.2,300
2021-05-26,10.12,10.2,10.2,10.2,0
2021-05-27,10.12,10.2,10.2,10.2,0
2021-05-28,8.76,8.76,8.76,8.76,700
2021-05-31,8.84,9.44,8.84,9.44,1200
2021-06-01,10.2,10.71,10.2,10.37,4900
2021-06-02,10.54,10.54,10.46,10.46,200
2021-06-03,10.54,10.54,10.54,10.46,3
2021-06-04,10.46,11.99,10.46,11.99,4300
2021-06-07,11.56,11.99,11.99,11.99,0
2021-06-08,11.56,11.99,11.99,11.99,0
2021-06-09,11.56,11.56,11.48,11.48,1200
2021-06-10,9.78,9.78,9.78,9.78,1300
2021-06-11,9.78,9.78,9.78,9.78,500
2021-06-14,10.12,10.12,10.12,10.12,700
2021-06-15,10.12,10.12,10.12,10.12,100
2021-06-16,8.67,8.76,8.67,8.76,300
2021-06-17,8.76,8.76,8.76,8.76,0
2021-06-18,9.95,9.95,9.95,9.95,330
2021-06-21,9.35,11.39,9.35,11.39,1400
2021-06-22,11.22,11.39,11.39,11.39,0
2021-06-23,11.05,11.39,10.12,11.39,1000
2021-06-24,10.97,10.97,10.97,10.97,200
2021-06-25,11.05,11.14,11.05,11.14,1603
2021-06-28,11.22,12.75,11.22,12.75,8528
2021-06-29,12.67,12.67,12.67,12.67,500
2021-06-30,12.67,12.67,12.67,12.67,1300
2021-07-01,12.33,12.33,10.88,11.22,1600
2021-07-02,11.14,12.84,11.14,12.84,13200
2021-07-05,12.75,13.18,12.75,13.18,1400
2021-07-06,12.75,12.75,12.75,12.75,800
2021-07-07,12.75,12.75,11.05,11.05,1400
2021-07-08,11.99,11.05,11.05,11.05,0
2021-07-09,11.99,11.05,11.05,11.05,0
2021-07-12,10.29,10.29,10.29,10.29,4100
2021-07-13,10.29,10.29,10.2,10.29,400
2021-07-14,10.29,10.29,10.29,10.29,0
2021-07-15,11.82,11.82,11.82,11.82,300
2021-07-16,11.82,11.82,11.82,11.82,0
2021-07-19,11.82,11.82,11.82,11.82,0
2021-07-20,11.82,11.82,11.82,11.82,0
2021-07-21,11.05,11.05,11.05,11.05,1500
2021-07-22,11.05,11.05,11.05,11.05,0
2021-07-23,11.05,11.05,9.52,9.52,300
2021-07-26,10.97,10.97,10.97,10.97,200
2021-07-27,10.97,10.97,10.97,10.97,0
2021-07-28,10.97,10.97,10.97,10.97,0
2021-07-29,10.97,10.97,10.97,10.97,0
2021-07-30,10.97,10.97,10.97,10.97,200
2021-08-02,10.97,10.97,10.97,10.97,2000
2021-08-03,10.97,10.97,10.97,10.97,0
2021-08-04,10.97,10.97,10.97,10.97,1000
2021-08-05,10.88,12.58,10.88,11.05,500
2021-08-06,11.82,11.82,11.73,11.73,1200
2021-08-09,11.73,13.43,11.73,13.43,6108
2021-08-10,13.52,15.3,13.52,15.3,6592
2021-08-11,17.43,17.43,17.43,17.43,9040
2021-08-12,17.43,17.43,16.92,16.92,4500
2021-08-13,14.62,15.3,14.62,15.3,2800
2021-08-16,15.3,15.3,13.6,14.71,5400
2021-08-17,14.37,14.37,14.37,14.37,308
2021-08-18,15.3,16.49,15.3,16.49,1272
2021-08-19,15.56,15.56,15.39,15.47,1000
2021-08-20,13.26,15.3,13.26,15.3,903
2021-08-23,15.13,15.13,14.79,15.13,3770
2021-08-24,15.16,15.16,14.99,14.99,1100
2021-08-25,14.81,14.81,14.81,14.81,248
2021-08-26,12.99,12.99,12.82,12.82,812
2021-08-27,14.55,14.64,13.17,13.17,1600
2021-08-30,14.03,14.03,14.03,14.03,1100
2021-08-31,15.51,15.51,15.16,15.16,201
2021-09-01,13.17,14.73,13.17,14.29,2000
2021-09-06,13.86,14.64,12.21,14.64,2500
2021-09-07,14.55,14.55,14.21,14.21,1200
2021-09-08,14.47,15.16,13.25,14.9,1100
2021-09-09,14.21,14.81,14.21,14.38,1700
2021-09-10,14.47,15.42,14.47,15.33,3000
2021-09-13,15.16,15.16,15.16,15.16,400
2021-09-14,14.81,14.81,14.73,14.73,1800
2021-09-15,14.73,14.73,13.86,14.64,400
2021-09-16,14.47,14.47,14.47,14.47,0
2021-09-17,14.47,14.47,14.47,14.47,0
2021-09-20,14.03,14.03,13.86,13.86,500
2021-09-21,14.12,15.85,14.12,15.85,220
2021-09-22,15.07,16.46,15.07,16.11,7500
2021-09-23,16.2,16.2,16.11,16.11,200
2021-09-24,14.73,14.73,14.73,14.73,120
2021-09-27,14.81,16.46,14.73,15.59,1500
2021-09-28,15.42,15.59,13.86,15.59,1200
2021-09-29,15.59,15.68,15.59,15.68,600
2021-09-30,17.07,17.07,17.07,17.07,100
2021-10-01,17.07,17.07,17.07,17.07,0
2021-10-04,17.07,17.07,17.07,17.07,0
2021-10-05,17.07,17.07,17.07,17.07,200
2021-10-06,14.55,16.29,14.55,16.29,200
2021-10-07,15.42,15.42,15.33,15.42,1900
2021-10-08,15.42,15.42,15.42,15.42,0
2021-10-11,13.86,15.42,13.86,15.42,700
2021-10-12,15.16,15.16,15.16,15.16,0
2021-10-13,16.89,16.89,16.89,16.89,600
2021-10-14,16.89,16.89,16.89,16.89,0
2021-10-15,16.81,16.81,16.81,16.81,100
2021-10-18,16.81,16.81,16.81,16.81,0
2021-10-19,16.81,16.81,16.81,16.81,0
2021-10-20,16.81,16.81,16.81,16.81,0
2021-10-21,16.81,16.81,16.81,16.81,0
2021-10-22,16.81,16.81,16.81,16.81,0
2021-10-25,17.76,19.32,17.76,18.11,7300
2021-10-26,18.11,18.89,18.11,18.89,600
2021-10-27,18.8,18.8,18.8,18.8,0
2021-10-28,16.46,18.63,16.46,18.63,5800
2021-10-29,18.02,20.1,18.02,20.1,500
2021-11-01,20.27,20.27,20.27,20.27,5500
2021-11-02,20.27,21.74,20.27,20.79,1500
2021-11-03,19.49,19.49,19.49,19.49,100
2021-11-04,19.49,19.49,19.49,19.49,8000
2021-11-05,18.19,18.37,18.19,18.37,1500
2021-11-08,18.28,18.28,18.28,18.28,2000
2021-11-09,18.28,18.28,18.28,18.28,6500
2021-11-10,15.68,17.76,15.68,16.46,1400
2021-11-11,16.46,16.46,16.46,16.46,4000
2021-11-12,16.37,16.63,16.37,16.63,4076
2021-11-15,16.63,17.76,16.55,17.67,12400
2021-11-16,16.81,16.89,16.81,16.89,1807
2021-11-17,18.19,18.19,18.19,18.19,100
2021-11-18,18.19,20.7,18.19,20.18,10900
2021-11-19,19.41,21.22,19.41,19.41,8700
2021-11-22,19.41,21.22,17.67,20.79,800
2021-11-23,16.89,19.93,16.89,19.93,6000
2021-11-24,19.93,19.93,19.67,19.67,3800
2021-11-25,19.06,19.67,18.89,19.67,8500
2021-11-26,20.62,20.62,19.84,19.93,5200
2021-11-29,19.93,19.93,17.33,19.84,2600
2021-11-30,19.32,19.32,18.19,19.23,2000
2021-12-01,18.37,18.37,18.37,18.37,300
2021-12-02,18.37,19.23,17.85,19.06,2100
2021-12-03,17.5,18.89,17.33,18.89,400
2021-12-06,17.76,17.76,17.59,17.59,700
2021-12-07,17.76,19.93,16.46,19.75,2600
2021-12-08,19.06,19.06,18.97,19.06,3600
2021-12-09,19.06,19.67,18.97,18.97,1100
2021-12-10,19.06,19.49,17.33,19.41,5900
2021-12-13,17.76,18.63,17.76,18.63,3500
2021-12-14,18.02,18.19,18.02,18.11,2900
2021-12-15,18.11,18.11,18.11,18.11,400
2021-12-16,17.33,17.33,16.89,16.89,3800
2021-12-17,17.33,17.76,17.33,17.76,2648
2021-12-20,16.11,16.55,16.11,16.55,400
2021-12-21,16.55,16.55,16.55,16.55,100
2021-12-22,16.63,17.07,16.63,16.72,2200
2021-12-23,16.63,17.33,16.63,17.33,400
2021-12-24,16.89,17.15,16.89,17.15,200
2021-12-27,17.07,17.07,17.07,17.07,200
2021-12-28,18.19,19.58,18.19,19.15,16700
2021-12-29,19.32,19.32,19.15,19.15,1500
2021-12-30,19.06,19.06,18.97,19.06,2200
2021-12-31,19.06,20.1,16.98,18.19,5800
2022-01-04,17.59,19.23,17.33,18.97,3600
2022-01-05,18.63,18.63,18.37,18.37,1496
2022-01-06,18.37,18.37,17.33,18.19,4600
2022-01-07,17.33,18.54,17.33,18.54,1700
2022-01-10,17.33,17.41,17.33,17.33,4100
2022-01-11,19.15,19.32,17.33,17.33,1200
2022-01-12,19.06,19.06,19.06,19.06,1100
2022-01-13,17.07,17.07,16.89,16.89,500
2022-01-14,16.46,17.33,16.29,17.33,1920
2022-01-17,16.46,16.46,16.03,16.03,3800
2022-01-18,16.46,16.46,16.46,16.46,4000
2022-01-19,14.38,14.47,14.38,14.47,400
2022-01-20,14.47,14.47,14.47,14.47,0
2022-01-21,16.55,16.55,15.16,15.16,1000
2022-01-24,16.03,16.03,16.03,16.03,0
2022-01-25,16.46,16.55,16.46,16.55,200
2022-01-26,14.81,15.07,14.81,15.07,700
2022-01-27,14.99,14.99,14.99,14.99,0
2022-01-28,15.59,15.59,15.59,15.59,300
2022-02-07,16.29,16.29,16.29,16.29,100
2022-02-08,13.95,13.95,13.95,13.95,100
2022-02-09,15.59,15.59,15.59,15.59,200
2022-02-10,15.77,15.77,15.77,15.77,200
2022-02-11,16.03,16.03,16.03,16.03,100
2022-02-14,16.03,16.03,16.03,16.03,0
2022-02-15,17.24,17.24,17.15,17.24,1704
2022-02-16,17.15,17.15,16.81,16.81,2500
2022-02-17,16.81,16.81,16.81,16.81,900
2022-02-18,16.81,16.81,16.81,16.81,300
2022-02-21,16.81,16.81,16.81,16.81,1100
2022-02-22,16.81,16.81,16.81,16.81,700
2022-02-23,16.89,16.89,16.55,16.55,300
2022-02-24,16.63,16.63,15.16,15.33,500
2022-02-25,14.9,15.59,14.9,15.59,403
2022-02-28,17.07,17.07,15.59,15.59,201
2022-03-01,16.63,16.63,16.63,16.63,200
2022-03-02,16.46,16.46,16.2,16.2,400
2022-03-03,16.37,16.37,16.37,16.37,100
2022-03-04,17.15,17.15,17.15,17.15,200
2022-03-07,17.15,17.15,17.15,17.15,200
2022-03-08,18.71,18.71,17.15,17.15,200
2022-03-09,17.93,17.93,17.93,17.93,500
2022-03-10,17.93,17.93,17.76,17.76,600
2022-03-11,17.76,17.76,16.63,16.63,3200
2022-03-14,18.71,18.89,17.33,17.33,1710
2022-03-15,17.5,17.5,17.5,17.5,2201
2022-03-16,17.76,17.76,17.76,17.76,100
2022-03-17,17.76,19.67,17.76,19.67,300
2022-03-18,18.37,18.37,15.77,18.28,2920
2022-03-21,16.81,18.71,16.81,17.67,2210
2022-03-22,17.76,17.76,17.67,17.67,200
2022-03-23,17.67,18.19,17.24,18.19,5404
2022-03-24,18.19,18.19,17.33,17.33,1100
2022-03-25,17.76,17.76,16.81,16.81,230
2022-03-28,17.59,17.59,17.41,17.41,900
2022-03-29,17.76,17.76,16.46,17.33,4100
2022-03-30,17.67,17.67,16.98,16.98,900
2022-03-31,17.76,17.76,17.59,17.59,380
2022-04-01,18.02,19.06,17.67,17.67,601
2022-04-04,17.59,17.67,16.98,16.98,400
2022-04-05,18.97,18.97,18.97,18.97,100
2022-04-06,18.97,18.97,18.97,18.97,0
2022-04-07,16.72,18.02,16.72,18.02,502
2022-04-08,17.5,17.5,17.5,17.5,0
2022-04-12,17.76,17.76,17.76,17.76,200
2022-04-13,17.93,17.93,16.55,16.55,200
2022-04-14,17.24,17.24,17.24,17.24,0
2022-04-15,17.5,17.5,16.29,16.29,800
2022-04-18,17.24,17.24,17.24,17.24,100
2022-04-19,17.24,17.24,17.24,17.24,0
2022-04-20,17.24,17.24,17.24,17.24,0
2022-04-21,17.15,17.24,17.15,17.24,1400
2022-04-22,17.15,17.15,17.15,17.15,0
2022-04-25,17.15,17.15,17.15,17.15,1
2022-04-26,17.15,17.15,17.15,17.15,1
2022-04-27,17.15,17.15,17.15,17.15,0
2022-04-28,17.15,17.15,17.15,17.15,0
2022-04-29,17.15,17.15,17.15,17.15,0
2022-05-04,14.64,17.15,14.64,17.15,1681
2022-05-05,14.9,14.9,14.9,14.9,0
2022-05-06,14.88,14.88,14.88,14.88,0
2022-05-09,15.51,15.51,15.51,15.51,100
2022-05-10,15.24,15.42,15.24,15.42,200
2022-05-11,15.33,15.33,15.33,15.33,0
2022-05-12,15.33,15.33,15.33,15.33,0
2022-05-13,15.33,15.33,15.33,15.33,0
2022-05-16,15.33,15.33,15.33,15.33,0
2022-05-17,15.33,15.33,15.33,15.33,0
2022-05-18,15.33,15.33,15.33,15.33,600
2022-05-19,15.33,15.33,15.33,15.33,0
2022-05-20,15.33,15.33,15.33,15.33,0
2022-05-23,15.33,15.33,15.33,15.33,0
2022-05-24,15.33,15.33,15.33,15.33,0
2022-05-25,15.33,15.33,15.33,15.33,0
2022-05-26,15.33,15.33,15.33,15.33,0
2022-05-27,15.33,15.33,15.33,15.33,0
2022-05-30,15.33,15.33,15.33,15.33,0
2022-05-31,15.33,15.33,15.33,15.33,0
2022-06-01,15.33,15.33,15.33,15.33,0
2022-06-02,15.33,15.33,15.33,15.33,0
2022-06-03,15.33,15.33,15.33,15.33,0
2022-06-06,16.04,16.04,16.04,16.04,100
2022-06-07,16.04,16.04,16.04,16.04,500
2022-06-08,16.04,17.11,16.04,17.11,2000
2022-06-09,18.63,18.63,18.63,18.63,140
2022-06-10,18.54,18.54,18.27,18.27,200
2022-06-13,18.45,18.45,18.45,18.45,0
2022-06-14,18.36,18.98,18.36,18.98,6200
2022-06-15,18.71,18.71,18.27,18.27,300
2022-06-16,18.63,18.63,18.54,18.54,200
2022-06-17,18.27,18.27,17.65,17.65,300
2022-06-20,19.52,19.52,18.71,19.52,2600
2022-06-21,19.25,19.25,19.25,19.25,0
2022-06-22,19.29,19.29,19.29,19.29,0
2022-06-23,19.1,19.1,19.0,19.0,1200
2022-06-24,19.96,20.05,19.96,20.05,1700
2022-06-27,20.05,21.96,20.05,21.96,6900
2022-06-28,20.72,20.72,20.72,20.72,500
2022-06-29,20.72,20.72,20.72,20.72,100
2022-06-30,20.62,20.62,20.62,20.62,100
2022-07-01,20.62,20.62,20.62,20.62,0
2022-07-04,21.2,21.2,21.2,21.2,100
2022-07-05,21.2,21.2,21.2,21.2,100
2022-07-06,21.2,21.2,21.2,21.2,0
2022-07-07,21.2,21.2,21.2,21.2,0
2022-07-08,21.2,21.2,21.2,21.2,0
2022-07-11,21.2,21.2,21.2,21.2,0
2022-07-12,21.2,21.2,21.2,21.2,0
2022-07-13,21.2,21.2,21.2,21.2,0
2022-07-14,21.2,21.2,21.2,21.2,0
2022-07-15,21.2,21.2,21.2,21.2,0
2022-07-18,19.1,19.1,19.1,19.1,900
2022-07-19,19.1,19.1,19.1,19.1,0
2022-07-20,19.1,19.1,19.1,19.1,0
2022-07-21,20.05,20.05,20.05,20.05,100
2022-07-22,20.05,20.05,20.05,20.05,0
2022-07-25,20.05,20.05,20.05,20.05,0
2022-07-26,20.05,20.05,20.05,20.05,0
2022-07-27,20.05,20.05,20.05,20.05,0
2022-07-28,20.05,20.05,20.05,20.05,0
2022-07-29,17.19,22.73,17.19,19.57,500
2022-08-01,19.57,19.57,19.57,19.57,100
2022-08-02,20.05,20.05,20.05,20.05,100
2022-08-03,20.05,20.05,20.05,20.05,0
2022-08-04,21.01,21.01,21.01,21.01,100
2022-08-05,21.01,21.01,21.01,21.01,0
2022-08-08,21.01,21.01,21.01,21.01,0
2022-08-09,21.01,21.01,21.01,21.01,0
2022-08-10,21.01,21.01,21.01,21.01,0
2022-08-11,21.29,21.29,21.29,21.29,100
2022-08-12,21.29,21.29,21.29,21.29,0
2022-08-15,21.29,21.29,21.29,21.29,0
2022-08-16,21.29,21.29,21.29,21.29,0
2022-08-17,21.29,21.29,21.29,21.29,0
2022-08-18,21.48,21.48,21.48,21.48,100
2022-08-19,21.48,21.48,21.48,21.48,0
2022-08-22,21.48,21.48,21.48,21.48,0
2022-08-23,21.48,21.48,21.48,21.48,0
2022-08-24,21.58,21.58,21.58,21.58,100
2022-08-25,21.58,21.58,21.58,21.58,1
2022-08-26,21.58,21.58,21.58,21.58,0
2022-08-29,21.58,21.58,21.58,21.58,0
2022-08-30,24.64,24.64,24.64,24.64,100
2022-08-31,24.64,24.64,24.64,24.64,0
2022-09-05,24.64,24.64,24.64,24.64,0
2022-09-06,24.64,24.64,24.64,24.64,0
2022-09-07,24.64,24.64,24.64,24.64,0
2022-09-08,24.64,24.64,24.64,24.64,0
2022-09-09,24.64,24.64,24.64,24.64,0
2022-09-12,24.64,24.64,24.64,24.64,0
2022-09-13,24.64,24.64,24.64,24.64,0
2022-09-14,24.64,24.64,24.64,24.64,14
2022-09-15,24.64,24.64,24.64,24.64,0
2022-09-16,24.64,24.64,24.64,24.64,0
2022-09-19,24.64,24.64,24.64,24.64,7
2022-09-20,24.64,24.64,24.64,24.64,1
2022-09-21,24.64,24.64,24.64,24.64,29
2022-09-22,24.64,24.64,24.64,24.64,35
2022-09-23,25.02,25.02,25.02,25.02,815
2022-09-26,25.02,25.02,25.02,25.02,25
2022-09-27,25.02,25.02,21.29,21.29,5400
2022-09-28,21.48,21.48,21.48,21.48,207
2022-09-29,21.48,21.48,21.48,21.48,10
2022-09-30,21.48,21.48,21.48,21.48,0
2022-10-03,21.48,21.48,21.48,21.48,7
2022-10-04,21.48,21.48,21.48,21.48,1
2022-10-05,21.48,21.48,21.48,21.48,0
2022-10-06,21.48,21.48,21.48,21.48,0
2022-10-07,21.48,21.48,21.48,21.48,6
2022-10-10,21.48,21.48,21.48,21.48,0
2022-10-11,21.48,21.48,21.48,21.48,0
2022-10-12,21.48,21.48,21.48,21.48,5
2022-10-13,21.48,21.48,21.48,21.48,0
2022-10-14,21.48,21.48,21.48,21.48,0
2022-10-17,18.33,18.33,18.33,18.33,100
2022-10-18,18.33,18.33,18.33,18.33,0
2022-10-19,18.33,18.33,18.33,18.33,102
2022-10-20,18.33,18.33,18.33,18.33,0
2022-10-21,18.33,18.33,18.33,18.33,0
2022-10-24,15.66,19.96,15.66,19.96,200
2022-10-25,15.18,15.18,15.18,15.18,105
2022-10-26,15.18,15.18,15.18,15.18,5
2022-10-27,12.99,15.28,12.99,15.28,200
2022-10-28,14.13,14.13,14.13,14.13,4
2022-10-31,14.13,14.13,14.13,14.13,0
2022-11-01,14.13,14.13,14.13,14.13,7
2022-11-02,14.13,14.13,14.13,14.13,0
2022-11-03,14.13,14.13,14.13,14.13,0
2022-11-04,14.13,14.13,14.13,14.13,0
2022-11-07,14.13,14.13,14.13,14.13,0
2022-11-08,14.13,14.13,14.13,14.13,0
2022-11-09,14.13,14.13,14.13,14.13,0
2022-11-10,14.13,14.13,14.13,14.13,0
2022-11-11,14.13,14.13,14.13,14.13,0
2022-11-14,14.13,14.13,14.13,14.13,0
2022-11-15,14.13,14.13,14.13,14.13,0
2022-11-16,14.13,14.13,14.13,14.13,0
2022-11-17,14.13,14.13,14.13,14.13,0
2022-11-18,14.13,14.13,14.13,14.13,1
2022-11-21,16.23,16.23,16.23,16.23,100
2022-11-22,13.85,13.85,13.85,13.85,100
2022-11-23,13.85,13.85,13.85,13.85,0
2022-11-24,13.85,13.85,13.85,13.85,0
2022-11-25,13.85,13.85,13.85,13.85,1
2022-11-28,13.85,13.85,13.85,13.85,42
2022-11-29,13.85,13.85,13.85,13.85,12
2022-11-30,12.41,12.41,12.41,12.41,421
2022-12-01,11.74,12.41,11.65,12.41,777
2022-12-02,11.74,12.41,11.74,12.41,400
2022-12-05,12.41,12.41,12.22,12.22,325
2022-12-06,12.32,12.32,12.32,12.32,0
2022-12-07,12.41,12.41,12.41,12.41,300
2022-12-08,14.23,14.23,14.23,14.23,600
2022-12-09,14.23,14.23,14.23,14.23,0
2022-12-12,14.23,14.23,14.23,14.23,0
2022-12-13,14.23,14.23,14.23,14.23,0
2022-12-14,14.23,14.23,14.23,14.23,0
2022-12-15,14.23,14.23,14.23,14.23,0
2022-12-16,12.6,12.6,12.6,12.6,100
2022-12-19,12.6,12.6,12.6,12.6,0
2022-12-20,12.6,12.6,12.6,12.6,1
2022-12-21,12.6,12.6,12.6,12.6,0
2022-12-22,12.6,12.6,12.6,12.6,0
2022-12-23,14.32,14.32,14.32,14.32,300
2022-12-26,16.14,16.14,12.51,12.51,200
2022-12-27,14.32,14.32,14.32,14.32,0
2022-12-28,14.32,14.32,14.32,14.32,0
2022-12-29,14.32,14.32,14.32,14.32,0
2022-12-30,14.32,14.32,14.32,14.32,0
2023-01-03,14.32,14.32,14.32,14.32,0
2023-01-04,12.51,12.51,12.51,12.51,107
2023-01-05,12.51,12.51,12.51,12.51,107
2023-01-06,12.51,12.51,12.51,12.51,0
2023-01-09,12.51,12.51,12.51,12.51,0
2023-01-10,12.51,12.51,12.51,12.51,0
2023-01-11,12.51,12.51,12.51,12.51,1
2023-01-12,12.51,12.51,12.51,12.51,0
2023-01-13,14.13,14.13,14.13,14.13,100
2023-01-16,14.13,14.13,14.13,14.13,0
2023-01-17,14.32,16.04,14.32,16.04,300
2023-01-18,16.9,16.9,16.9,16.9,200
2023-01-19,16.9,16.9,16.9,16.9,0
2023-01-27,16.9,16.9,16.9,16.9,0
2023-01-30,16.9,16.9,16.9,16.9,0
2023-01-31,18.91,18.91,18.91,18.91,103
2023-02-01,16.23,16.23,16.23,16.23,100
2023-02-02,18.52,18.52,18.52,18.52,100
2023-02-03,18.52,18.52,18.52,18.52,0
2023-02-06,18.52,18.52,18.52,18.52,0
2023-02-07,18.52,18.52,18.52,18.52,0
2023-02-08,18.52,18.52,18.52,18.52,1
2023-02-09,18.52,18.52,18.52,18.52,0
2023-02-10,18.52,18.52,18.52,18.52,1
2023-02-13,18.52,18.52,18.52,18.52,0
2023-02-14,16.23,16.23,16.23,16.23,100
2023-02-15,14.32,14.32,14.32,14.32,178
2023-02-16,14.32,14.32,14.32,14.32,0
2023-02-17,14.32,14.32,14.32,14.32,0
2023-02-20,14.32,14.32,14.32,14.32,0
2023-02-21,14.32,14.32,14.32,14.32,0
2023-02-22,14.32,14.32,14.32,14.32,0
2023-02-23,16.14,16.14,16.14,16.14,100
2023-02-24,16.14,16.14,16.14,16.14,0
2023-02-27,13.75,13.85,13.75,13.85,425
2023-02-28,13.85,13.85,13.85,13.85,0
2023-03-01,11.94,11.94,11.94,11.94,100
2023-03-02,11.94,11.94,11.94,11.94,0
2023-03-03,11.94,11.94,11.94,11.94,0
2023-03-06,11.94,11.94,11.94,11.94,0
2023-03-07,11.94,11.94,11.94,11.94,0
2023-03-08,11.94,11.94,11.94,11.94,0
2023-03-09,11.94,11.94,11.94,11.94,0
2023-03-10,12.41,12.41,12.41,12.41,100
2023-03-13,12.41,12.41,12.41,12.41,0
2023-03-14,12.41,12.41,12.41,12.41,0
2023-03-15,14.23,14.23,14.23,14.23,500
2023-03-16,12.41,12.41,12.41,12.41,100
2023-03-17,10.98,10.98,10.98,10.98,200
2023-03-20,10.98,10.98,10.98,10.98,35
2023-03-21,12.6,12.6,12.6,12.6,100
2023-03-22,12.6,12.6,12.6,12.6,0
2023-03-23,12.6,12.6,12.6,12.6,0
2023-03-24,12.6,12.6,12.6,12.6,0
2023-03-27,12.6,12.6,12.6,12.6,0
2023-03-28,12.6,12.6,12.6,12.6,0
2023-03-29,12.6,12.6,12.6,12.6,0
2023-03-30,12.6,12.6,12.6,12.6,0
2023-03-31,12.6,12.6,12.6,12.6,0
2023-04-03,12.6,12.6,12.6,12.6,0
2023-04-04,12.6,12.6,12.6,12.6,32
2023-04-05,12.6,12.6,12.6,12.6,0
2023-04-06,12.41,12.41,12.41,12.41,1000
2023-04-07,12.41,12.41,12.41,12.41,0
2023-04-10,12.32,12.32,11.84,11.84,600
2023-04-11,12.03,12.03,12.03,12.03,0
2023-04-12,10.79,10.79,10.79,10.79,107
2023-04-13,11.55,12.32,11.27,12.32,908
2023-04-14,11.94,11.94,11.94,11.94,0
2023-04-17,11.94,11.94,11.94,11.94,8
2023-04-18,11.94,11.94,11.94,11.94,0
2023-04-19,11.65,11.65,11.65,11.65,100
2023-04-20,11.65,11.65,11.65,11.65,0
2023-04-21,10.5,10.5,10.5,10.5,100
2023-04-24,10.5,10.5,10.5,10.5,0
2023-04-25,10.5,10.5,10.5,10.5,0
2023-04-26,10.5,10.5,10.5,10.5,0
2023-04-27,10.5,10.5,10.5,10.5,100
2023-04-28,10.5,10.5,10.5,10.5,0
2023-05-04,10.5,10.5,10.5,10.5,0
2023-05-05,10.5,10.5,10.5,10.5,0
2023-05-08,10.5,10.5,10.5,10.5,0
2023-05-09,10.03,10.03,10.03,10.03,107
2023-05-10,10.03,10.03,10.03,10.03,0
2023-05-11,10.5,10.5,10.5,10.5,147
2023-05-12,10.5,10.5,10.5,10.5,0
2023-05-15,10.5,10.5,10.5,10.5,7
2023-05-16,10.5,10.5,10.5,10.5,0
2023-05-17,10.5,10.5,10.5,10.5,0
2023-05-18,10.5,10.5,10.5,10.5,0
2023-05-19,10.5,10.5,10.5,10.5,0
2023-05-22,10.5,10.5,10.5,10.5,0
2023-05-23,10.5,10.5,10.5,10.5,0
2023-05-24,10.5,10.5,10.5,10.5,0
2023-05-25,10.5,10.5,10.5,10.5,0
2023-05-26,10.5,10.5,10.5,10.5,14
2023-05-29,10.12,10.12,10.12,10.12,100
2023-05-30,10.12,10.12,10.12,10.12,0
2023-05-31,10.6,10.6,10.5,10.5,700
2023-06-01,10.6,10.6,10.6,10.6,100
2023-06-02,10.03,12.13,10.03,12.13,1108
2023-06-05,11.94,11.94,11.94,11.94,0
2023-06-06,11.94,11.94,11.94,11.94,0
2023-06-07,13.37,13.37,13.37,13.37,400
2023-06-08,13.37,13.37,13.37,13.37,1
2023-06-09,13.56,13.56,13.56,13.56,400
2023-06-12,13.56,13.56,13.56,13.56,50
2023-06-13,13.56,13.56,13.56,13.56,0
2023-06-14,14.13,14.13,13.75,13.75,4400
2023-06-15,13.85,13.85,13.85,13.85,3
2023-06-16,13.85,13.85,13.85,13.85,1200
2023-06-19,13.85,13.85,13.85,13.85,0
2023-06-20,12.03,12.03,12.03,12.03,5100
2023-06-21,12.03,12.03,12.03,12.03,0
2023-06-22,12.7,12.7,12.7,12.7,100
2023-06-23,12.7,12.7,12.7,12.7,0
2023-06-26,12.7,12.7,12.7,12.7,10
2023-06-27,12.99,12.99,12.89,12.89,1100
2023-06-28,12.89,12.89,12.89,12.89,0
2023-06-29,12.89,12.89,12.89,12.89,0
2023-06-30,12.89,12.89,12.89,12.89,0
2023-07-03,12.89,12.89,12.89,12.89,0
2023-07-04,12.89,12.89,12.89,12.89,0
2023-07-05,12.89,12.89,12.89,12.89,0
2023-07-06,12.89,12.89,12.89,12.89,0
2023-07-07,12.89,12.89,12.89,12.89,0
2023-07-10,12.21,12.21,12.21,12.21,101
2023-07-11,13.08,13.08,13.08,13.08,1100
2023-07-12,13.08,13.08,13.08,13.08,0
2023-07-13,12.99,12.99,11.34,11.44,800
2023-07-14,11.53,11.53,11.53,11.53,0
2023-07-17,11.53,11.53,11.53,11.53,0
2023-07-18,11.53,11.53,11.53,11.53,150
2023-07-19,11.53,11.53,11.53,11.53,3
2023-07-20,11.53,11.53,11.53,11.53,0
2023-07-21,11.53,11.53,11.53,11.53,100
2023-07-24,11.53,11.53,11.53,11.53,0
2023-07-25,11.53,11.53,11.53,11.53,0
2023-07-26,11.53,11.53,11.53,11.53,0
2023-07-27,11.53,11.53,11.53,11.53,0
2023-07-28,11.92,12.02,11.92,12.02,208
2023-07-31,13.57,13.76,13.57,13.76,2927
2023-08-01,13.37,13.37,13.37,13.37,150
2023-08-02,11.73,11.73,11.73,11.73,600
2023-08-03,13.47,13.47,13.47,13.47,109
2023-08-04,13.47,13.47,13.47,13.47,62
2023-08-07,13.28,14.93,13.28,14.05,500
2023-08-08,15.8,15.8,15.02,15.51,1200
2023-08-09,15.6,15.6,15.6,15.6,1
2023-08-10,14.05,14.05,14.05,14.05,800
2023-08-11,14.05,14.05,14.05,14.05,1
2023-08-14,12.21,12.31,12.21,12.21,5907
2023-08-15,12.31,12.31,12.31,12.31,112
2023-08-16,12.31,12.31,12.31,12.31,24
2023-08-17,12.31,12.31,12.31,12.31,0
2023-08-18,12.31,12.31,12.31,12.31,103
2023-08-21,12.31,12.31,12.31,12.31,0
2023-08-22,12.31,12.31,12.31,12.31,0
2023-08-23,12.31,12.31,12.31,12.31,0
2023-08-24,12.31,12.31,12.31,12.31,0
2023-08-25,12.31,12.31,12.31,12.31,0
2023-08-28,12.41,12.6,12.41,12.6,2733
2023-08-29,12.5,12.5,12.5,12.5,0
2023-08-30,12.5,12.5,12.5,12.5,0
2023-08-31,12.12,12.12,12.12,12.12,100
2023-09-05,13.28,13.28,13.28,13.28,1300
2023-09-06,13.28,13.28,13.28,13.28,200
2023-09-07,13.37,13.37,13.28,13.28,500
2023-09-08,13.37,13.37,13.37,13.37,3000
2023-09-11,13.37,13.37,13.37,13.37,0
2023-09-12,13.47,13.57,13.47,13.57,900
2023-09-13,13.57,13.57,13.57,13.57,1300
2023-09-14,13.57,13.57,13.57,13.57,2707
2023-09-15,13.57,13.57,13.57,13.57,5
2023-09-18,13.57,13.57,13.57,13.57,0
2023-09-19,13.57,13.57,13.57,13.57,400
2023-09-20,13.57,13.57,13.57,13.57,1100
2023-09-21,13.57,13.57,13.57,13.57,7
2023-09-22,13.57,13.57,13.57,13.57,3
2023-09-25,13.57,13.57,13.57,13.57,14
2023-09-26,13.57,13.57,13.57,13.57,0
2023-09-27,13.57,13.57,13.57,13.57,17
2023-09-28,13.57,13.57,13.57,13.57,0
2023-09-29,13.57,13.57,13.57,13.57,0
2023-10-02,13.57,13.57,13.57,13.57,0
2023-10-03,13.57,13.57,13.57,13.57,0
2023-10-04,13.57,13.57,13.57,13.57,0
2023-10-05,13.57,13.57,13.57,13.57,0
2023-10-06,13.57,13.57,13.57,13.57,0
2023-10-09,13.57,13.57,13.57,13.57,1
2023-10-10,13.57,13.57,13.57,13.57,0
2023-10-11,13.57,13.57,13.57,13.57,0
2023-10-12,13.57,13.57,13.57,13.57,0
2023-10-13,13.57,13.57,13.57,13.57,0
2023-10-16,13.57,13.57,13.57,13.57,0
2023-10-17,13.57,13.57,13.57,13.57,0
2023-10-18,11.53,11.53,11.53,11.53,107
2023-10-19,11.53,11.53,11.53,11.53,0
2023-10-20,11.53,11.53,11.53,11.53,0
2023-10-23,11.53,11.53,11.53,11.53,0
2023-10-24,11.53,11.53,11.53,11.53,0
2023-10-25,11.53,11.53,11.53,11.53,0
2023-10-26,11.53,11.53,11.53,11.53,0
2023-10-27,11.53,11.53,11.53,11.53,0
2023-10-30,9.89,9.89,9.89,9.89,100
2023-10-31,8.43,8.43,8.43,8.43,700
2023-11-01,8.43,8.43,8.43,8.43,0
2023-11-02,9.21,9.4,9.21,9.21,900
2023-11-03,10.18,10.18,10.18,10.18,500
2023-11-06,11.24,11.24,11.15,11.15,300
2023-11-07,11.15,11.15,11.15,11.15,100
2023-11-08,9.69,12.79,9.69,12.79,3300
2023-11-09,11.34,11.34,11.34,11.34,300
2023-11-10,12.99,12.99,12.89,12.89,205
2023-11-13,14.93,14.93,14.93,14.93,2604
2023-11-14,16.86,16.86,12.79,12.79,1110
2023-11-15,13.37,14.54,13.37,14.54,3700
2023-11-16,15.89,15.89,15.51,15.51,300
2023-11-17,13.57,15.02,13.57,14.54,845
2023-11-20,14.54,14.54,14.54,14.54,300
2023-11-21,14.34,14.54,13.08,13.08,303
2023-11-22,14.34,14.34,14.34,14.34,304
2023-11-23,16.48,16.48,12.7,15.41,300
2023-11-24,14.83,14.83,14.83,14.83,0
2023-11-27,15.51,15.99,15.51,15.99,200
2023-11-28,15.89,15.89,15.8,15.8,701
2023-11-29,16.28,16.28,13.47,16.09,308
2023-11-30,15.31,15.31,15.31,15.31,30
2023-12-01,16.09,16.09,13.57,15.51,300
2023-12-04,16.09,17.25,14.15,14.15,1100
2023-12-05,16.19,16.19,16.19,16.19,100
2023-12-06,14.54,14.63,14.54,14.63,10200
2023-12-07,15.7,15.7,14.54,14.54,200
2023-12-08,15.12,15.12,15.12,15.12,0
2023-12-11,15.12,15.12,15.12,15.12,0
2023-12-12,13.96,13.96,13.96,13.96,300
2023-12-13,13.96,13.96,13.96,13.96,0
2023-12-14,13.96,14.05,13.96,14.05,600
2023-12-15,15.6,15.6,15.6,15.6,100
2023-12-18,15.6,15.6,15.6,15.6,0
2023-12-19,15.6,15.6,15.6,15.6,0
2023-12-20,15.51,15.51,15.51,15.51,100
2023-12-21,15.89,15.89,15.89,15.89,107
2023-12-22,15.89,15.89,15.89,15.89,1
2023-12-25,15.89,15.89,15.89,15.89,0
2023-12-26,15.89,15.89,15.89,15.89,0
2023-12-27,16.28,16.28,16.09,16.09,200
2023-12-28,16.19,16.19,16.19,16.19,1
2023-12-29,16.19,16.19,16.19,16.19,0
2024-01-02,16.19,16.19,16.19,16.19,3
2024-01-03,13.96,13.96,13.96,13.96,100
2024-01-04,13.96,13.96,13.96,13.96,0
2024-01-05,15.6,15.99,15.6,15.99,209
2024-01-08,14.05,14.05,14.05,14.05,214
2024-01-09,15.8,15.8,15.8,15.8,100
2024-01-10,15.8,15.8,15.8,15.8,0
2024-01-11,15.8,15.8,15.8,15.8,0
2024-01-12,13.57,13.57,13.57,13.57,104
2024-01-15,13.57,13.57,13.57,13.57,0
2024-01-16,13.57,13.57,13.57,13.57,0
2024-01-17,13.57,13.57,13.57,13.57,0
2024-01-18,13.57,13.57,13.57,13.57,0
2024-01-19,13.57,13.57,13.57,13.57,0
2024-01-22,13.57,13.57,13.57,13.57,0
2024-01-23,13.57,13.57,13.57,13.57,0
2024-01-24,13.57,13.57,13.57,13.57,28
2024-01-25,15.51,15.6,15.51,15.6,203
2024-01-26,15.6,15.6,15.6,15.6,0
2024-01-29,15.31,15.31,15.31,15.31,143
2024-01-30,15.31,15.31,15.31,15.31,0
2024-01-31,15.31,15.31,15.31,15.31,11
2024-02-01,15.31,15.31,15.31,15.31,0
2024-02-02,16.96,16.96,16.96,16.96,100
2024-02-05,16.67,16.67,16.67,16.67,100
2024-02-06,16.96,16.96,16.96,16.96,100
2024-02-07,16.48,16.48,16.48,16.48,312
2024-02-15,16.19,17.45,16.19,17.45,5300
2024-02-16,19.38,19.38,19.29,19.29,1115
2024-02-19,20.06,20.06,20.06,20.06,100
2024-02-20,20.06,20.06,20.06,20.06,0
2024-02-21,19.77,19.77,17.06,17.06,1438
2024-02-22,19.77,19.77,14.73,14.73,22120
2024-02-23,14.73,14.73,14.73,14.73,7214
2024-02-26,16.86,16.86,14.63,14.73,13600
2024-02-27,14.34,14.73,14.25,14.54,18100
2024-02-28,14.54,14.54,14.54,14.54,8100
2024-02-29,14.34,14.34,14.15,14.15,500
2024-03-01,14.34,14.34,14.05,14.05,2401
2024-03-04,14.83,14.93,14.83,14.83,2514
2024-03-05,14.93,15.02,14.93,15.02,1101
2024-03-06,14.93,14.93,14.93,14.93,2501
2024-03-07,14.93,14.93,14.93,14.93,200
2024-03-08,14.93,14.93,14.93,14.93,107
2024-03-11,15.02,15.02,14.93,14.93,410
2024-03-12,14.93,14.93,14.93,14.93,12
2024-03-13,14.93,14.93,14.93,14.93,2700
2024-03-14,14.93,14.93,14.93,14.93,1000
2024-03-15,14.93,14.93,14.93,14.93,1
2024-03-18,13.08,13.08,13.08,13.08,116
2024-03-19,14.73,14.73,14.73,14.73,208
2024-03-20,14.73,14.73,14.73,14.73,110
2024-03-21,12.89,12.99,12.89,12.89,807
2024-03-22,14.73,14.73,14.73,14.73,3420
2024-03-25,14.73,14.73,14.73,14.73,7
2024-03-26,14.73,14.73,14.73,14.73,1
2024-03-27,14.54,14.54,14.44,14.54,4408
2024-03-28,14.34,14.44,14.34,14.44,2601
2024-03-29,14.34,14.34,14.34,14.34,200
2024-04-01,14.34,14.34,14.34,14.34,9
2024-04-02,14.34,14.34,14.34,14.34,0
2024-04-03,13.57,13.57,13.57,13.57,407
2024-04-04,13.57,13.57,13.57,13.57,0
2024-04-05,13.57,13.57,13.57,13.57,0
2024-04-08,14.73,14.73,14.73,14.73,100
2024-04-09,14.73,14.73,14.73,14.73,0
2024-04-10,14.73,14.73,14.73,14.73,0
2024-04-11,14.73,14.73,14.73,14.73,0
2024-04-12,14.73,14.73,14.73,14.73,0
2024-04-15,14.63,14.63,14.63,14.63,300
2024-04-16,14.63,14.63,14.63,14.63,29
2024-04-17,14.63,14.63,14.63,14.63,6
2024-04-19,15.22,15.22,15.22,15.22,105
2024-04-22,15.22,15.22,15.22,15.22,0
2024-04-23,13.08,13.08,13.08,13.08,103
2024-04-24,14.93,14.93,14.93,14.93,113
2024-04-25,15.31,15.31,15.31,15.31,101
2024-04-26,15.31,15.31,15.31,15.31,0
2024-05-02,15.31,15.31,15.31,15.31,0
2024-05-03,15.31,15.31,15.31,15.31,37
2024-05-06,15.31,15.31,15.31,15.31,4
2024-05-07,15.31,15.31,15.31,15.31,0
2024-05-08,15.31,15.31,15.31,15.31,0
2024-05-09,15.31,15.31,15.31,15.31,0
2024-05-10,15.6,15.6,15.6,15.6,100
2024-05-13,15.6,15.6,15.6,15.6,0
2024-05-14,15.6,15.6,15.6,15.6,0
2024-05-15,15.6,15.6,15.6,15.6,0
2024-05-16,15.6,15.6,15.6,15.6,0
2024-05-17,15.6,15.6,15.6,15.6,0
2024-05-20,15.6,15.6,15.6,15.6,1
2024-05-21,15.6,15.6,15.6,15.6,0
2024-05-22,15.6,15.6,15.6,15.6,0
2024-05-23,13.67,15.6,13.67,15.6,1300
2024-05-24,13.86,13.86,13.86,13.86,88
2024-05-27,13.86,13.86,13.86,13.86,2
2024-05-28,13.86,13.86,13.86,13.86,107
2024-05-29,13.86,13.86,13.86,13.86,0
2024-05-30,13.86,13.86,13.86,13.86,0
2024-05-31,13.86,13.86,13.86,13.86,16
2024-06-03,13.86,13.86,13.86,13.86,100
2024-06-04,13.86,13.86,13.86,13.86,0
2024-06-05,13.86,13.86,13.86,13.86,0
2024-06-06,13.86,13.86,13.86,13.86,0
2024-06-07,13.86,13.86,13.86,13.86,0
2024-06-10,13.86,13.86,13.86,13.86,10
2024-06-11,13.86,13.86,13.86,13.86,0
2024-06-12,13.86,13.86,13.86,13.86,302
2024-06-13,13.86,13.86,13.86,13.86,0
2024-06-14,13.86,13.86,13.86,13.86,0
2024-06-17,13.86,13.86,12.21,12.21,207
2024-06-18,12.21,13.37,12.21,13.37,445
2024-06-19,12.5,12.5,12.5,12.5,16
2024-06-20,12.5,12.5,12.5,12.5,7
2024-06-21,13.37,13.37,13.37,13.37,100
2024-06-24,13.37,13.37,13.37,13.37,0
2024-06-25,13.37,13.37,13.37,13.37,1
2024-06-26,13.37,13.37,13.37,13.37,0
2024-06-27,12.09,12.09,12.09,12.09,100
2024-06-28,12.09,12.09,12.09,12.09,0
2024-07-01,10.4,10.4,10.4,10.4,201
2024-07-02,10.4,10.4,10.4,10.4,0
2024-07-03,10.4,10.4,10.4,10.4,7
2024-07-04,10.4,10.4,10.4,10.4,0
2024-07-05,10.4,10.4,10.4,10.4,63
2024-07-08,10.4,10.4,10.4,10.4,0
2024-07-09,10.4,10.4,10.4,10.4,0
2024-07-10,11.89,11.89,11.89,11.89,200
2024-07-11,11.89,11.89,11.89,11.89,0
2024-07-12,11.89,11.89,11.89,11.89,0
2024-07-15,11.89,11.89,11.89,11.89,0
2024-07-16,11.89,11.89,11.89,11.89,7
2024-07-17,11.89,11.89,11.89,11.89,0
2024-07-18,11.89,11.89,11.89,11.89,0
2024-07-19,11.89,11.89,11.89,11.89,0
2024-07-22,11.89,11.89,11.89,11.89,0
2024-07-23,11.89,11.89,11.89,11.89,0
2024-07-24,11.89,11.89,11.89,11.89,0
2024-07-25,11.89,11.89,11.89,11.89,0
2024-07-26,11.39,11.39,11.39,11.39,500
2024-07-29,11.39,11.39,11.39,11.39,200
2024-07-30,11.39,11.39,11.39,11.39,0
2024-07-31,11.39,11.39,11.39,11.39,0
2024-08-01,11.39,11.39,11.39,11.39,0
2024-08-02,11.39,11.39,11.39,11.39,0
2024-08-05,11.39,11.39,11.39,11.39,0
2024-08-06,11.39,11.39,11.39,11.39,0
2024-08-07,11.39,11.39,11.39,11.39,0
2024-08-08,11.39,11.39,11.39,11.39,0
2024-08-09,11.39,11.39,11.39,11.39,50
2024-08-12,11.39,11.39,11.39,11.39,75
2024-08-13,11.39,11.39,11.39,11.39,1
2024-08-14,11.39,11.39,11.39,11.39,0
2024-08-15,11.39,11.39,11.39,11.39,40
2024-08-16,11.39,11.39,11.39,11.39,0
2024-08-19,11.39,11.39,11.39,11.39,2
2024-08-20,9.81,9.81,9.81,9.81,156
2024-08-21,9.81,9.81,9.81,9.81,0
2024-08-22,9.81,9.81,9.81,9.81,0
2024-08-23,9.81,9.81,9.81,9.81,0
2024-08-26,9.81,9.81,9.81,9.81,0
2024-08-27,9.81,9.81,9.81,9.81,0
2024-08-28,9.81,9.81,9.81,9.81,5
2024-08-29,9.81,9.81,9.81,9.81,0
2024-08-30,9.81,9.81,9.81,9.81,0
2024-09-04,9.81,9.81,9.81,9.81,0
2024-09-05,9.81,9.81,9.81,9.81,0
2024-09-06,9.81,9.81,9.81,9.81,0
2024-09-09,9.81,9.81,9.81,9.81,0
2024-09-10,9.81,9.81,9.81,9.81,0
2024-09-11,9.81,9.81,9.81,9.81,0
2024-09-12,9.81,9.81,9.81,9.81,0
2024-09-13,9.81,9.81,9.81,9.81,0
2024-09-16,9.81,9.81,9.81,9.81,0
2024-09-17,9.81,9.81,9.81,9.81,0
2024-09-18,9.81,9.81,9.81,9.81,0
2024-09-19,9.81,9.81,9.81,9.81,0
2024-09-20,9.81,9.81,9.81,9.81,0
2024-09-23,9.81,9.81,9.81,9.81,0
2024-09-24,9.81,9.81,9.81,9.81,1
2024-09-25,9.91,9.91,9.91,9.91,100
2024-09-26,9.91,9.91,9.91,9.91,0
2024-09-27,9.91,9.91,9.91,9.91,3
2024-09-30,9.91,9.91,9.91,9.91,0
2024-10-01,9.91,9.91,9.91,9.91,7
2024-10-02,9.91,9.91,9.91,9.91,0
2024-10-03,9.91,9.91,9.91,9.91,65
2024-10-04,9.91,9.91,9.91,9.91,0
2024-10-07,9.91,9.91,9.91,9.91,0
2024-10-08,9.91,9.91,9.91,9.91,0
2024-10-09,9.91,9.91,9.91,9.91,0
2024-10-10,9.91,9.91,9.91,9.91,0
2024-10-11,9.91,9.91,9.91,9.91,0
2024-10-14,9.91,9.91,9.91,9.91,0
2024-10-15,9.91,9.91,9.91,9.91,0
2024-10-16,9.91,9.91,9.91,9.91,0
2024-10-17,9.91,9.91,9.91,9.91,0
2024-10-18,9.91,9.91,9.91,9.91,0
2024-10-21,11.39,11.39,11.39,11.39,400
2024-10-22,11.39,11.39,11.39,11.39,0
2024-10-23,11.39,11.39,11.39,11.39,0
2024-10-24,11.39,11.39,11.39,11.39,0
2024-10-25,11.39,11.39,11.39,11.39,0
2024-10-28,11.39,11.39,11.39,11.39,1
2024-10-29,11.39,11.39,11.39,11.39,200
2024-10-30,11.39,11.39,11.39,11.39,0
2024-10-31,11.39,11.39,11.39,11.39,0
2024-11-01,11.39,11.39,11.39,11.39,4400
2024-11-04,11.39,11.39,11.39,11.39,0
2024-11-05,11.39,11.39,11.39,11.39,0
2024-11-06,11.39,11.39,11.39,11.39,0
2024-11-07,11.39,11.39,11.29,11.29,4201
2024-11-08,11.29,11.29,11.29,11.29,0
2024-11-11,11.29,11.29,11.29,11.29,100
2024-11-12,11.29,11.29,11.29,11.29,1
2024-11-13,11.29,11.29,11.29,11.29,100
2024-11-14,11.29,11.29,11.29,11.29,0
2024-11-15,11.29,11.29,11.29,11.29,0
2024-11-18,11.29,11.29,11.29,11.29,0
2024-11-19,11.29,11.29,11.29,11.29,0
2024-11-20,11.29,11.29,11.29,11.29,0
2024-11-21,11.29,11.29,11.29,11.29,0
2024-11-22,11.29,11.29,11.29,11.29,0
2024-11-25,11.29,11.29,11.29,11.29,1
2024-11-26,11.29,11.29,11.29,11.29,0
2024-11-27,11.29,11.29,11.29,11.29,0
2024-11-28,11.29,11.29,11.29,11.29,0
2024-11-29,11.29,11.29,11.29,11.29,0
2024-12-02,11.29,11.29,11.29,11.29,0
2024-12-03,11.29,11.29,11.29,11.29,0
2024-12-04,11.29,11.29,11.29,11.29,0
2024-12-05,11.29,11.29,11.29,11.29,0
2024-12-06,9.61,9.71,9.61,9.71,301
2024-12-09,8.32,8.32,8.32,8.32,100
2024-12-10,9.21,9.21,9.21,9.21,101
2024-12-11,9.21,9.21,9.21,9.21,0
2024-12-12,8.32,8.32,8.32,8.32,100
2024-12-13,8.32,8.32,8.32,8.32,0
2024-12-16,9.51,9.51,9.51,9.51,134
2024-12-17,9.51,9.51,9.51,9.51,1
2024-12-18,9.51,9.51,9.51,9.51,1200
2024-12-19,9.51,9.51,9.51,9.51,12
2024-12-20,9.51,9.51,9.51,9.51,23
2024-12-23,9.51,9.51,9.51,9.51,100
2024-12-24,9.51,9.51,9.51,9.51,23
2024-12-25,8.12,8.12,8.12,8.12,100
2024-12-26,9.31,9.31,9.31,9.31,101
2024-12-27,9.31,9.31,9.31,9.31,0
2024-12-30,9.31,9.31,9.31,9.31,0
2024-12-31,10.2,10.2,10.11,10.11,210
2025-01-02,10.2,10.2,10.2,10.2,0
2025-01-03,10.2,10.2,10.2,10.2,0
2025-01-06,10.2,10.2,10.2,10.2,0
2025-01-07,10.2,10.2,10.2,10.2,0
2025-01-08,10.2,10.2,10.2,10.2,2
2025-01-09,10.2,10.2,10.2,10.2,0
2025-01-10,10.2,10.2,10.2,10.2,0
2025-01-13,10.2,10.2,10.2,10.2,4
2025-01-14,10.2,10.2,10.2,10.2,0
2025-01-15,10.2,10.2,10.2,10.2,0
2025-01-16,10.2,10.2,10.2,10.2,0
2025-01-17,10.2,10.2,10.2,10.2,0
2025-01-20,10.2,10.2,10.2,10.2,0
2025-01-21,10.2,10.2,10.2,10.2,0
2025-01-22,10.2,10.2,10.2,10.2,0
2025-01-23,10.2,10.2,10.2,10.2,0
2025-01-24,10.2,10.2,10.2,10.2,0
2025-02-03,10.2,10.2,10.2,10.2,0
2025-02-04,10.2,10.2,10.2,10.2,0
2025-02-05,10.2,10.2,10.2,10.2,0
2025-02-06,10.2,10.2,10.2,10.2,0
2025-02-07,10.2,10.2,10.2,10.2,0
2025-02-10,10.2,10.2,10.2,10.2,0
2025-02-11,10.2,10.2,10.2,10.2,1
2025-02-12,10.3,10.3,10.3,10.3,100
2025-02-13,11.59,11.59,11.59,11.59,100
2025-02-14,11.59,11.59,11.59,11.59,0
2025-02-17,11.59,11.59,11.59,11.59,200
2025-02-18,11.59,11.59,11.59,11.59,0
2025-02-19,11.59,11.59,11.59,11.59,0
2025-02-20,11.59,11.59,11.59,11.59,100
2025-02-21,11.59,11.59,11.59,11.59,0
2025-02-24,11.59,11.59,11.59,11.59,0
2025-02-25,11.49,11.49,11.49,11.49,161
2025-02-26,11.49,11.49,11.49,11.49,0
2025-02-27,9.91,11.59,9.91,11.59,400
2025-02-28,11.19,11.19,11.19,11.19,0
2025-03-03,11.19,11.19,11.19,11.19,0
2025-03-04,11.19,11.19,11.19,11.19,0
2025-03-05,11.19,11.19,11.19,11.19,0
2025-03-06,11.19,11.19,11.19,11.19,7
2025-03-07,11.19,11.19,11.19,11.19,300
2025-03-10,11.19,11.19,11.19,11.19,0
2025-03-11,11.19,11.19,11.19,11.19,14
2025-03-12,9.61,9.61,9.61,9.61,300
2025-03-13,9.61,9.61,9.61,9.61,0
2025-03-14,9.61,9.61,9.61,9.61,0
2025-03-17,9.61,9.61,9.61,9.61,0
2025-03-18,9.61,9.61,9.61,9.61,0
2025-03-19,10.9,10.9,10.9,10.9,105
2025-03-20,10.9,10.9,10.9,10.9,0
2025-03-21,10.9,10.9,10.9,10.9,502
2025-03-24,10.9,10.9,10.9,10.9,0
2025-03-25,10.9,10.9,10.9,10.9,0
2025-03-26,10.9,10.9,10.9,10.9,0
2025-03-27,10.9,10.9,10.9,10.9,3
2025-03-28,11.79,11.79,11.79,11.79,107
2025-03-31,11.79,11.79,11.79,11.79,11
2025-04-01,11.79,11.79,11.79,11.79,0
2025-04-02,11.79,11.79,11.79,11.79,0
2025-04-03,11.79,11.79,11.79,11.79,0
2025-04-04,11.79,11.79,11.79,11.79,0
2025-04-08,11.79,11.79,11.79,11.79,1
2025-04-09,11.79,11.79,11.79,11.79,0
2025-04-10,11.79,11.79,11.79,11.79,0
2025-04-11,11.79,11.79,11.79,11.79,100
2025-04-14,11.79,11.79,11.79,11.79,1
2025-04-15,11.79,11.79,11.79,11.79,100
2025-04-16,11.79,11.79,11.79,11.79,0
2025-04-17,11.79,11.79,11.79,11.79,0
2025-04-18,11.79,11.79,11.79,11.79,1011
2025-04-21,11.79,11.79,11.79,11.79,501
2025-04-22,10.11,10.11,10.11,10.11,100
2025-04-23,9.91,9.91,9.91,9.91,500
2025-04-24,9.91,9.91,9.91,9.91,0
2025-04-25,11.39,11.39,11.39,11.39,600
2025-04-28,11.39,11.39,11.39,11.39,0
2025-04-29,11.39,11.39,11.39,11.39,0
2025-05-05,11.39,11.39,9.81,9.81,201
2025-05-06,9.81,9.81,9.81,9.81,0
2025-05-07,10.6,10.6,10.6,10.6,0
2025-05-08,10.6,10.6,10.6,10.6,0
2025-05-09,9.61,9.61,9.61,9.61,100
2025-05-12,11.0,11.0,11.0,11.0,510
2025-05-13,11.0,11.0,11.0,11.0,100
2025-05-14,11.0,11.0,11.0,11.0,0
2025-05-15,11.0,11.0,11.0,11.0,1
2025-05-16,9.51,9.51,9.51,9.51,200
2025-05-19,9.51,9.51,9.51,9.51,1
2025-05-20,9.51,9.51,9.51,9.51,0
2025-05-21,9.51,9.51,9.51,9.51,0
2025-05-22,9.51,9.51,9.51,9.51,0
2025-05-23,8.22,8.22,8.12,8.12,300
2025-05-26,8.12,8.12,8.12,8.12,1
2025-05-27,8.12,8.12,8.12,8.12,0
2025-05-28,9.31,9.31,9.31,9.31,500
2025-05-29,10.6,10.6,10.6,10.6,200
2025-05-30,10.6,10.6,10.6,10.6,0
2025-06-02,10.6,10.6,10.6,10.6,0
2025-06-03,10.6,10.6,10.6,10.6,0
2025-06-04,10.6,10.6,10.6,10.6,0
2025-06-05,10.6,10.6,10.6,10.6,0
2025-06-06,10.6,10.6,10.6,10.6,0
2025-06-09,10.6,10.6,10.6,10.6,0
2025-06-10,10.6,10.6,10.6,10.6,0
2025-06-11,10.6,10.6,10.6,10.6,0
2025-06-12,10.6,10.6,10.6,10.6,0
2025-06-13,10.6,10.6,10.6,10.6,0
2025-06-16,10.6,10.6,10.6,10.6,0
2025-06-17,10.6,10.6,10.6,10.6,0
2025-06-18,10.6,10.6,10.6,10.6,0
2025-06-19,10.6,10.6,10.6,10.6,0
2025-06-20,10.6,10.6,10.6,10.6,0
2025-06-23,10.6,10.6,10.6,10.6,0
2025-06-24,10.6,10.6,10.6,10.6,0
2025-06-25,10.6,10.6,10.6,10.6,0
2025-06-26,10.6,10.6,10.6,10.6,0
2025-06-27,10.6,10.6,10.6,10.6,0
2025-06-30,10.6,10.6,10.6,10.6,0
2025-07-01,10.6,10.6,10.6,10.6,0
2025-07-02,10.6,10.6,10.6,10.6,0
2025-07-03,10.0,10.0,10.0,10.0,100
2025-07-04,10.0,10.0,10.0,10.0,215
2025-07-07,10.0,10.0,10.0,10.0,400
2025-07-09,10.0,11.5,10.0,11.5,800
2025-07-11,10.0,12.8,10.0,12.8,600
2025-07-18,10.0,10.0,10.0,10.0,500
2025-07-22,10.0,10.0,10.0,10.0,300
2025-07-23,10.0,10.0,10.0,10.0,200
2025-07-28,11.5,11.5,11.5,11.5,400
2025-07-29,13.0,13.0,13.0,13.0,6800
2025-07-31,13.2,13.5,13.2,13.5,500
2025-08-04,13.5,13.5,13.5,13.5,400
2025-08-05,13.5,13.5,13.5,13.5,200
2025-08-06,13.5,14.2,13.5,13.5,3200
2025-08-08,13.9,13.9,13.9,13.9,200
2025-08-12,13.9,13.9,13.9,13.9,1300
2025-08-13,13.9,13.9,13.9,13.9,100
2025-08-15,15.2,15.8,15.2,15.8,3500
2025-08-18,15.2,15.2,15.2,15.2,2000
2025-08-19,15.2,15.2,15.2,15.2,400
2025-08-20,15.2,15.2,13.0,13.0,400
2025-08-21,13.0,13.0,13.0,13.0,100
2025-08-22,13.5,13.5,13.5,13.5,200
2025-08-25,13.0,13.0,13.0,13.0,100
2025-08-26,14.9,14.9,14.9,14.9,200
2025-08-28,12.7,12.7,12.7,12.7,300
2025-09-05,12.7,12.7,12.7,12.7,100
2025-09-11,12.7,12.7,12.7,12.7,100
2025-09-16,12.7,12.7,10.8,10.8,600
2025-10-08,11.2,11.2,11.2,11.2,100
2025-10-15,12.8,12.8,12.8,12.8,400
2025-10-17,12.9,12.9,12.9,12.9,200
2025-10-20,13.0,13.0,13.0,13.0,300
2025-10-21,13.1,13.1,13.1,13.1,400
