time,open,high,low,close,volume
2015-07-23,6.38,6.38,5.67,6.02,59400
2015-07-24,6.02,6.2,6.02,6.02,8700
2015-07-27,5.99,6.02,5.85,5.85,15000
2015-07-28,5.67,5.85,5.67,5.67,33400
2015-07-29,5.67,5.74,5.49,5.49,29300
2015-07-30,5.53,5.6,5.53,5.56,16000
2015-07-31,5.56,5.56,5.53,5.53,11200
2015-08-03,5.28,5.56,5.28,5.53,26600
2015-08-04,5.35,5.49,5.32,5.39,18600
2015-08-05,5.49,5.49,5.28,5.49,17200
2015-08-06,5.49,5.49,5.49,5.49,0
2015-08-07,5.28,5.28,5.28,5.28,500
2015-08-10,5.24,5.24,5.03,5.03,22600
2015-08-11,5.07,5.07,5.07,5.07,1900
2015-08-12,5.17,5.21,5.07,5.14,15600
2015-08-13,5.14,5.14,5.14,5.14,0
2015-08-14,5.14,5.14,5.14,5.14,0
2015-08-17,5.21,5.21,5.14,5.14,1300
2015-08-18,5.14,5.14,5.14,5.14,500
2015-08-19,5.07,5.14,5.07,5.14,1700
2015-08-20,5.07,5.1,5.07,5.1,5700
2015-08-21,5.07,5.1,5.07,5.1,2100
2015-08-24,5.03,5.03,5.03,5.03,1000
2015-08-25,5.03,5.03,5.03,5.03,0
2015-08-26,5.03,5.03,5.03,5.03,0
2015-08-27,5.03,5.03,5.03,5.03,0
2015-08-28,5.14,5.14,5.14,5.14,1000
2015-08-31,5.03,5.07,5.03,5.07,7900
2015-09-01,5.07,5.07,5.07,5.07,0
2015-09-03,5.07,5.07,5.07,5.07,0
2015-09-04,5.07,5.07,5.07,5.07,0
2015-09-07,5.0,5.21,5.0,5.21,700
2015-09-08,5.21,5.21,5.21,5.21,0
2015-09-09,5.17,5.17,5.17,5.17,100
2015-09-10,5.17,5.17,5.17,5.17,0
2015-09-11,5.17,5.17,5.17,5.17,0
2015-09-14,5.24,5.24,5.24,5.24,400
2015-09-15,5.24,5.24,5.24,5.24,0
2015-09-16,5.07,5.07,5.07,5.07,200
2015-09-17,5.24,5.24,5.24,5.24,100
2015-09-18,5.24,5.24,5.24,5.24,0
2015-09-21,5.0,5.0,5.0,5.0,100
2015-09-22,5.24,5.28,5.24,5.28,300
2015-09-23,5.24,5.24,5.24,5.24,500
2015-09-24,5.28,5.28,5.28,5.28,1100
2015-09-25,5.28,5.28,5.24,5.24,1900
2015-09-28,5.24,5.24,5.24,5.24,0
2015-09-29,5.17,5.32,5.17,5.32,2500
2015-09-30,5.32,5.32,5.32,5.32,0
2015-10-01,5.32,5.32,5.32,5.32,0
2015-10-02,5.07,5.07,5.07,5.07,3000
2015-10-05,5.07,5.07,5.07,5.07,1000
2015-10-06,5.07,5.07,5.07,5.07,0
2015-10-07,5.39,5.39,5.39,5.39,100
2015-10-08,5.07,5.07,5.07,5.07,100
2015-10-09,5.07,5.07,5.07,5.07,0
2015-10-12,5.32,5.32,5.32,5.32,100
2015-10-13,5.32,5.32,5.32,5.32,0
2015-10-14,5.32,5.32,5.32,5.32,0
2015-10-15,5.32,5.32,5.32,5.32,0
2015-10-16,5.32,5.39,5.32,5.39,2000
2015-10-19,5.39,5.39,5.39,5.39,0
2015-10-20,5.39,5.39,5.39,5.39,0
2015-10-21,5.39,5.39,5.39,5.39,0
2015-10-22,5.21,5.21,5.21,5.21,700
2015-10-23,5.21,5.21,5.21,5.21,0
2015-10-26,5.17,5.17,5.17,5.17,2700
2015-10-27,5.17,5.17,5.17,5.17,0
2015-10-28,5.32,5.32,5.32,5.32,300
2015-10-29,5.32,5.32,5.17,5.17,2200
2015-10-30,5.17,5.17,5.17,5.17,10000
2015-11-02,5.32,5.32,5.17,5.17,7000
2015-11-03,5.17,5.17,5.14,5.14,18000
2015-11-04,5.14,5.14,5.14,5.14,5000
2015-11-05,5.07,5.07,5.07,5.07,7000
2015-11-06,5.07,5.07,5.07,5.07,0
2015-11-09,5.07,5.07,5.07,5.07,0
2015-11-10,5.07,5.07,5.07,5.07,0
2015-11-11,5.14,5.14,5.14,5.14,700
2015-11-12,4.96,4.96,4.96,4.96,7000
2015-11-13,4.89,4.89,4.89,4.89,14000
2015-11-16,4.89,4.89,4.89,4.89,0
2015-11-17,4.89,4.89,4.89,4.89,0
2015-11-18,4.89,4.89,4.89,4.89,0
2015-11-19,4.89,4.89,4.89,4.89,0
2015-11-20,4.89,4.89,4.89,4.89,0
2015-11-23,4.89,4.89,4.89,4.89,0
2015-11-24,4.86,4.86,4.86,4.86,3900
2015-11-25,4.86,4.86,4.86,4.86,0
2015-11-26,5.14,5.14,5.14,5.14,100
2015-11-27,5.14,5.14,5.14,5.14,0
2015-11-30,4.64,5.14,4.64,5.0,4400
2015-12-01,4.5,4.5,4.5,4.5,100
2015-12-02,4.5,4.5,4.5,4.5,0
2015-12-03,4.68,4.68,4.68,4.68,100
2015-12-04,4.68,4.68,4.68,4.68,0
2015-12-07,4.89,4.89,4.89,4.89,100
2015-12-08,4.89,4.89,4.89,4.89,0
2015-12-09,4.89,4.89,4.89,4.89,0
2015-12-10,4.89,4.89,4.89,4.89,0
2015-12-11,4.89,4.89,4.89,4.89,0
2015-12-14,4.89,4.89,4.89,4.89,0
2015-12-15,4.89,4.89,4.89,4.89,0
2015-12-16,4.89,4.89,4.89,4.89,0
2015-12-17,4.89,4.89,4.89,4.89,0
2015-12-18,5.35,5.35,5.35,5.35,100
2015-12-21,4.82,4.82,4.82,4.82,100
2015-12-22,4.82,4.82,4.82,4.82,0
2015-12-23,5.28,5.28,5.28,5.28,100
2015-12-24,4.78,4.78,4.78,4.78,100
2015-12-25,5.03,5.03,5.03,5.03,200
2015-12-28,4.54,4.54,4.54,4.54,100
2015-12-29,4.78,4.78,4.78,4.78,200
2015-12-30,4.78,4.78,4.78,4.78,0
2015-12-31,4.89,5.07,4.89,5.07,200
2016-01-04,4.57,4.57,4.57,4.57,100
2016-01-05,4.57,4.57,4.57,4.57,0
2016-01-06,4.57,4.57,4.57,4.57,0
2016-01-07,4.57,4.57,4.57,4.57,0
2016-01-08,4.61,4.61,4.61,4.61,100
2016-01-11,4.61,4.61,4.61,4.61,0
2016-01-12,4.82,4.82,4.82,4.82,200
2016-01-13,4.61,4.61,4.61,4.61,600
2016-01-14,4.75,4.75,4.75,4.75,100
2016-01-15,4.75,4.75,4.75,4.75,200
2016-01-18,4.57,4.57,4.57,4.57,1700
2016-01-19,4.54,4.54,4.54,4.54,1000
2016-01-20,4.54,4.54,4.54,4.54,0
2016-01-21,4.61,4.61,4.61,4.61,200
2016-01-22,4.61,4.61,4.61,4.61,0
2016-01-25,5.0,5.0,4.64,4.64,1200
2016-01-26,4.5,4.5,4.5,4.5,7800
2016-01-27,4.78,4.78,4.78,4.78,100
2016-01-28,4.32,4.86,4.32,4.68,500
2016-01-29,4.68,4.68,4.68,4.68,0
2016-02-01,4.22,4.78,4.22,4.5,1500
2016-02-02,4.5,4.5,4.5,4.5,0
2016-02-03,4.5,4.5,4.5,4.5,0
2016-02-04,4.5,4.5,4.5,4.5,0
2016-02-05,4.5,4.5,4.5,4.5,0
2016-02-15,4.61,4.61,4.61,4.61,300
2016-02-16,4.61,4.61,4.61,4.61,300
2016-02-17,4.61,4.61,4.61,4.61,2200
2016-02-18,5.07,5.07,5.07,5.07,100
2016-02-19,4.57,4.57,4.57,4.57,100
2016-02-22,4.57,4.57,4.57,4.57,0
2016-02-23,4.57,4.57,4.57,4.57,0
2016-02-24,4.61,4.61,4.61,4.61,200
2016-02-25,4.61,4.61,4.61,4.61,0
2016-02-26,5.03,5.03,5.03,5.03,100
2016-02-29,5.03,5.03,5.03,5.03,0
2016-03-01,4.78,4.78,4.78,4.78,1900
2016-03-02,4.78,4.78,4.78,4.78,3100
2016-03-03,4.78,4.78,4.78,4.78,0
2016-03-04,4.78,4.78,4.78,4.78,0
2016-03-07,4.78,4.78,4.78,4.78,200
2016-03-08,4.61,4.61,4.61,4.61,10000
2016-03-09,4.96,4.96,4.96,4.96,100
2016-03-10,4.78,4.78,4.78,4.78,500
2016-03-11,4.78,4.78,4.78,4.78,0
2016-03-14,4.93,4.93,4.93,4.93,300
2016-03-15,4.78,4.78,4.78,4.78,100
2016-03-16,4.64,4.64,4.61,4.61,5000
2016-03-17,4.71,4.71,4.71,4.71,900
2016-03-18,4.71,4.71,4.71,4.71,0
2016-03-21,4.68,4.68,4.68,4.68,1900
2016-03-22,4.64,4.64,4.64,4.64,8400
2016-03-23,4.68,4.68,4.68,4.68,400
2016-03-24,4.68,4.68,4.64,4.64,800
2016-03-25,4.61,4.61,4.61,4.61,8200
2016-03-28,4.57,4.57,4.57,4.57,2200
2016-03-29,4.75,4.75,4.75,4.75,100
2016-03-30,4.75,4.86,4.75,4.86,8100
2016-03-31,4.89,4.89,4.89,4.89,1000
2016-04-01,4.93,4.93,4.89,4.89,2000
2016-04-04,4.89,4.89,4.89,4.89,0
2016-04-05,5.1,5.1,5.1,5.1,100
2016-04-06,5.1,5.1,5.1,5.1,0
2016-04-07,5.24,5.24,5.14,5.14,1100
2016-04-08,5.24,5.6,5.24,5.6,800
2016-04-11,5.14,5.14,5.07,5.14,4100
2016-04-12,5.14,5.39,5.14,5.39,2500
2016-04-13,5.28,5.28,5.28,5.28,100
2016-04-14,5.67,5.67,5.67,5.67,100
2016-04-15,5.1,5.1,5.1,5.1,100
2016-04-19,5.53,5.53,5.53,5.53,100
2016-04-20,5.0,5.0,5.0,5.0,100
2016-04-21,5.49,5.49,5.21,5.21,3400
2016-04-22,5.49,5.49,5.28,5.28,2000
2016-04-25,5.78,5.78,5.78,5.78,100
2016-04-26,5.78,5.78,5.78,5.78,0
2016-04-27,5.21,5.39,5.21,5.39,200
2016-04-28,5.49,5.49,5.49,5.49,1000
2016-04-29,6.04,6.04,6.04,6.04,0
2016-05-04,6.04,6.04,6.04,6.04,0
2016-05-05,5.34,5.34,5.34,5.34,100
2016-05-06,5.34,5.34,5.34,5.34,0
2016-05-09,5.45,5.45,5.45,5.45,1400
2016-05-10,5.45,5.45,5.45,5.45,0
2016-05-11,5.38,5.38,5.38,5.38,3000
2016-05-12,5.38,5.38,5.38,5.38,0
2016-05-13,5.65,5.65,5.65,5.65,900
2016-05-16,5.65,5.65,5.65,5.65,0
2016-05-17,5.65,5.65,5.65,5.65,0
2016-05-18,5.65,5.65,5.65,5.65,0
2016-05-19,5.65,5.65,5.65,5.65,0
2016-05-20,5.45,5.45,5.45,5.45,1500
2016-05-23,5.45,5.45,5.45,5.45,600
2016-05-24,5.45,5.45,5.45,5.45,900
2016-05-25,5.53,5.53,5.53,5.53,600
2016-05-26,5.53,5.53,5.53,5.53,0
2016-05-27,5.53,5.53,5.53,5.53,0
2016-05-30,5.53,5.53,5.53,5.53,0
2016-05-31,5.53,5.53,5.53,5.53,100
2016-06-01,5.53,5.53,5.53,5.53,0
2016-06-02,5.57,5.57,5.57,5.57,100
2016-06-03,5.57,5.61,5.57,5.57,7000
2016-06-06,5.65,5.65,5.61,5.61,3300
2016-06-07,5.65,5.65,5.61,5.61,3500
2016-06-08,5.61,5.61,5.61,5.61,1600
2016-06-09,5.65,6.08,5.65,6.08,300
2016-06-10,5.49,6.04,5.49,5.65,300
2016-06-13,5.84,5.84,5.84,5.84,100
2016-06-14,5.84,5.84,5.69,5.69,200
2016-06-15,6.0,6.0,5.65,5.65,200
2016-06-16,5.84,5.84,5.65,5.65,200
2016-06-17,5.84,5.84,5.65,5.65,200
2016-06-20,5.65,5.65,5.65,5.65,0
2016-06-21,5.65,5.65,5.65,5.65,0
2016-06-22,5.65,5.65,5.65,5.65,0
2016-06-23,5.65,5.65,5.65,5.65,0
2016-06-24,5.65,5.65,5.65,5.65,4700
2016-06-27,5.65,5.65,5.61,5.61,9000
2016-06-28,5.61,6.16,5.61,6.16,1300
2016-06-29,6.16,6.16,6.16,6.16,100
2016-06-30,5.57,5.57,5.57,5.57,100
2016-07-01,5.57,5.57,5.57,5.57,0
2016-07-04,5.57,5.57,5.57,5.57,0
2016-07-05,5.57,5.57,5.57,5.57,0
2016-07-06,5.57,5.57,5.57,5.57,0
2016-07-07,5.57,5.57,5.57,5.57,0
2016-07-08,5.57,5.57,5.57,5.57,0
2016-07-11,5.57,5.57,5.57,5.57,0
2016-07-12,5.57,5.57,5.57,5.57,0
2016-07-13,5.57,5.57,5.57,5.57,0
2016-07-14,5.57,5.57,5.57,5.57,0
2016-07-15,5.57,5.57,5.57,5.57,100
2016-07-18,5.57,5.57,5.57,5.57,0
2016-07-19,5.57,5.57,5.57,5.57,500
2016-07-20,5.88,5.88,5.88,5.88,100
2016-07-21,5.84,5.84,5.84,5.84,200
2016-07-22,5.45,5.84,5.45,5.84,200
2016-07-25,5.26,5.8,5.26,5.8,1000
2016-07-26,5.8,5.8,5.8,5.8,0
2016-07-27,5.26,5.8,5.26,5.8,200
2016-07-28,5.26,5.8,5.26,5.8,200
2016-07-29,5.8,5.8,5.8,5.8,0
2016-08-01,5.3,5.84,5.3,5.84,200
2016-08-02,5.26,5.84,5.26,5.77,900
2016-08-03,5.22,5.77,5.22,5.77,200
2016-08-04,5.22,5.77,5.22,5.65,800
2016-08-05,5.84,5.84,5.49,5.49,600
2016-08-08,5.57,5.57,5.57,5.57,200
2016-08-09,5.8,5.8,5.8,5.8,200
2016-08-10,5.8,5.8,5.8,5.8,0
2016-08-11,5.8,5.8,5.8,5.8,0
2016-08-12,5.49,5.61,5.49,5.61,300
2016-08-15,5.61,5.61,5.61,5.61,0
2016-08-16,5.61,5.61,5.61,5.61,0
2016-08-17,5.61,5.61,5.61,5.61,0
2016-08-18,5.57,5.57,5.57,5.57,1000
2016-08-19,5.53,5.53,5.53,5.53,200
2016-08-22,5.53,5.53,5.53,5.53,0
2016-08-23,5.53,5.53,5.53,5.53,0
2016-08-24,5.53,5.53,5.53,5.53,0
2016-08-25,5.53,5.53,5.53,5.53,0
2016-08-26,5.53,5.53,5.53,5.53,2000
2016-08-29,5.53,5.53,5.53,5.53,3100
2016-08-30,5.53,5.53,5.53,5.53,0
2016-08-31,5.61,5.61,5.61,5.61,100
2016-09-01,5.49,6.0,5.49,6.0,2100
2016-09-05,5.41,5.92,5.41,5.92,3200
2016-09-06,5.34,5.92,5.34,5.92,200
2016-09-07,5.34,5.88,5.34,5.88,300
2016-09-08,5.3,5.88,5.3,5.88,200
2016-09-09,5.34,5.57,5.34,5.57,200
2016-09-12,5.57,5.77,5.57,5.77,2100
2016-09-13,5.61,5.69,5.53,5.57,3400
2016-09-14,5.57,5.57,5.57,5.57,100
2016-09-15,5.73,5.73,5.57,5.57,200
2016-09-16,5.77,6.12,5.77,6.12,400
2016-09-19,6.12,6.12,5.73,5.73,1200
2016-09-20,5.65,5.65,5.65,5.65,100
2016-09-21,5.69,5.69,5.65,5.69,300
2016-09-22,5.69,5.69,5.69,5.69,0
2016-09-23,6.23,6.23,6.23,6.23,100
2016-09-26,5.61,5.77,5.61,5.77,200
2016-09-27,5.92,5.92,5.84,5.84,200
2016-09-28,6.43,6.43,5.65,5.84,2100
2016-09-29,6.43,6.43,5.84,5.84,200
2016-09-30,6.43,6.43,5.65,6.31,500
2016-10-03,5.69,6.31,5.69,5.8,800
2016-10-04,5.73,5.84,5.73,5.84,300
2016-10-05,5.69,5.84,5.69,5.84,700
2016-10-06,5.69,5.96,5.69,5.96,200
2016-10-07,5.96,5.96,5.96,5.96,0
2016-10-10,5.96,5.96,5.96,5.96,0
2016-10-11,5.69,5.96,5.69,5.69,700
2016-10-12,6.23,6.23,6.23,6.23,100
2016-10-13,6.16,6.16,5.69,5.69,200
2016-10-14,6.16,6.16,5.65,6.16,5700
2016-10-17,6.12,6.12,5.84,5.84,2100
2016-10-18,5.84,5.84,5.84,5.84,1000
2016-10-19,5.84,5.84,5.84,5.84,0
2016-10-20,5.84,5.84,5.84,5.84,1500
2016-10-21,5.84,5.84,5.84,5.84,300
2016-10-24,5.88,5.88,5.88,5.88,2000
2016-10-25,5.96,5.96,5.96,5.96,600
2016-10-26,6.0,6.04,6.0,6.04,600
2016-10-27,6.04,6.04,6.04,6.04,0
2016-10-28,5.88,5.88,5.88,5.88,800
2016-10-31,6.47,6.47,6.47,6.47,100
2016-11-01,6.47,6.47,6.47,6.47,0
2016-11-02,6.47,6.47,6.47,6.47,0
2016-11-03,6.47,6.47,6.47,6.47,0
2016-11-04,6.47,6.47,6.47,6.47,0
2016-11-07,6.47,6.47,6.47,6.47,0
2016-11-08,5.88,5.88,5.88,5.88,100
2016-11-09,6.47,6.47,6.47,6.47,100
2016-11-10,5.84,5.84,5.84,5.84,100
2016-11-11,6.23,6.43,5.88,5.88,10300
2016-11-14,5.88,5.88,5.88,5.88,100
2016-11-15,5.88,5.88,5.88,5.88,100
2016-11-16,6.19,6.43,6.0,6.0,5100
2016-11-17,6.0,6.31,6.0,6.0,1200
2016-11-18,6.43,6.43,6.08,6.08,5200
2016-11-21,6.08,6.08,6.08,6.08,0
2016-11-22,6.08,6.08,6.08,6.08,0
2016-11-23,6.08,6.08,6.08,6.08,0
2016-11-24,6.32,6.32,6.32,6.32,0
2016-11-25,6.32,6.32,6.32,6.32,100
2016-11-28,6.32,6.32,6.32,6.32,0
2016-11-29,6.12,6.12,6.12,6.12,100
2016-11-30,6.12,6.12,6.12,6.12,0
2016-12-01,6.12,6.12,6.12,6.12,0
2016-12-02,6.12,6.12,6.12,6.12,0
2016-12-05,6.16,6.16,6.16,6.16,100
2016-12-06,6.16,6.16,6.12,6.16,2300
2016-12-07,6.16,6.16,6.16,6.16,100
2016-12-08,6.16,6.16,6.16,6.16,0
2016-12-09,6.77,6.77,6.77,6.77,100
2016-12-12,6.12,6.6,6.12,6.44,500
2016-12-13,6.44,6.44,6.44,6.44,800
2016-12-14,6.44,6.44,6.16,6.16,6600
2016-12-15,6.48,6.77,6.44,6.44,2500
2016-12-16,7.01,7.01,7.01,7.01,100
2016-12-19,6.97,7.01,6.48,6.85,5200
2016-12-20,6.2,6.85,6.2,6.52,3400
2016-12-21,6.56,6.64,6.52,6.52,1300
2016-12-22,6.52,6.52,6.52,6.52,2700
2016-12-23,6.52,6.93,6.52,6.93,1300
2016-12-26,6.69,6.93,6.56,6.56,5200
2016-12-27,6.56,6.56,6.56,6.56,100
2016-12-28,6.69,6.69,6.56,6.56,8100
2016-12-29,6.56,6.56,6.56,6.56,500
2016-12-30,6.56,6.56,6.56,6.56,100
2017-01-03,6.56,6.56,6.56,6.56,100
2017-01-04,6.56,6.56,6.56,6.56,100
2017-01-05,6.56,6.56,6.56,6.56,100
2017-01-06,6.28,6.56,6.28,6.56,200
2017-01-09,6.28,6.28,6.28,6.28,100
2017-01-10,6.28,6.28,6.28,6.28,0
2017-01-11,6.56,6.56,6.56,6.56,300
2017-01-12,6.56,7.13,6.56,7.13,200
2017-01-13,6.56,7.13,6.56,7.13,300
2017-01-16,7.01,7.13,7.01,7.13,3000
2017-01-17,6.44,7.13,6.44,6.64,3400
2017-01-18,6.64,6.64,6.64,6.64,100
2017-01-19,6.64,6.64,6.64,6.64,0
2017-01-20,6.64,6.64,6.64,6.64,0
2017-01-23,6.64,6.64,6.64,6.64,0
2017-01-24,6.64,6.64,6.64,6.64,9700
2017-01-25,6.48,6.48,6.48,6.48,100
2017-02-02,6.48,6.48,6.48,6.48,0
2017-02-03,6.6,6.6,6.6,6.6,100
2017-02-06,6.6,6.6,6.6,6.6,0
2017-02-07,6.6,6.6,6.6,6.6,200
2017-02-08,6.6,6.6,6.6,6.6,0
2017-02-09,6.6,6.6,6.6,6.6,0
2017-02-10,6.48,6.6,6.48,6.6,200
2017-02-13,7.25,7.25,7.25,7.25,100
2017-02-14,6.56,7.13,6.56,7.13,200
2017-02-15,7.09,7.13,7.09,7.13,4300
2017-02-16,6.6,7.13,6.6,7.13,200
2017-02-17,7.13,7.13,7.13,7.13,100
2017-02-20,7.13,7.13,7.13,7.13,200
2017-02-21,6.52,6.52,6.52,6.52,100
2017-02-22,6.52,6.52,6.52,6.52,0
2017-02-23,6.52,6.52,6.52,6.52,0
2017-02-24,7.13,7.13,7.13,7.13,100
2017-02-27,7.09,7.09,7.09,7.09,400
2017-02-28,7.05,7.05,7.05,7.05,200
2017-03-01,7.05,7.05,7.05,7.05,0
2017-03-02,7.05,7.05,7.05,7.05,0
2017-03-03,7.05,7.05,7.05,7.05,0
2017-03-06,7.05,7.05,7.05,7.05,0
2017-03-07,7.01,7.01,7.01,7.01,1000
2017-03-08,7.05,7.05,7.05,7.05,500
2017-03-09,6.97,6.97,6.97,6.97,500
2017-03-10,7.09,7.09,7.09,7.09,200
2017-03-13,7.09,7.09,7.09,7.09,0
2017-03-14,7.09,7.09,7.09,7.09,100
2017-03-15,7.09,7.09,7.09,7.09,0
2017-03-16,7.09,7.09,7.09,7.09,0
2017-03-17,7.09,7.09,7.09,7.09,0
2017-03-20,7.09,7.09,7.09,7.09,0
2017-03-21,7.09,7.09,7.09,7.09,0
2017-03-22,7.09,7.09,7.09,7.09,0
2017-03-23,7.09,7.09,7.09,7.09,0
2017-03-24,7.09,7.09,7.09,7.09,0
2017-03-27,7.09,7.09,7.09,7.09,0
2017-03-28,7.09,7.09,7.09,7.09,0
2017-03-29,7.09,7.09,7.09,7.09,0
2017-03-30,6.6,6.6,6.6,6.6,100
2017-03-31,6.6,6.6,6.6,6.6,0
2017-04-03,6.6,6.6,6.6,6.6,0
2017-04-04,6.6,6.6,6.6,6.6,0
2017-04-05,6.6,6.6,6.6,6.6,0
2017-04-07,6.6,6.6,6.6,6.6,0
2017-04-10,7.09,7.09,7.09,7.09,400
2017-04-11,6.64,6.64,6.64,6.64,100
2017-04-12,6.64,6.64,6.64,6.64,0
2017-04-13,6.64,6.64,6.64,6.64,0
2017-04-14,7.22,7.22,7.22,7.22,100
2017-04-17,7.22,7.22,7.22,7.22,0
2017-04-18,7.22,7.22,7.22,7.22,0
2017-04-19,7.22,7.22,7.22,7.22,0
2017-04-20,7.18,7.22,7.18,7.18,2900
2017-04-21,7.18,7.18,7.18,7.18,0
2017-04-24,7.18,7.18,7.18,7.18,3600
2017-04-25,7.13,7.13,7.13,7.13,200
2017-04-26,7.13,7.13,7.13,7.13,0
2017-04-27,7.13,7.13,7.13,7.13,0
2017-04-28,7.13,7.13,7.13,7.13,0
2017-05-03,7.13,7.13,7.13,7.13,0
2017-05-04,7.13,7.13,7.13,7.13,10000
2017-05-05,7.13,7.13,7.13,7.13,100
2017-05-08,7.13,7.13,7.13,7.13,0
2017-05-09,7.13,7.13,7.13,7.13,0
2017-05-10,7.13,7.13,7.13,7.13,0
2017-05-11,6.47,6.47,6.47,6.47,100
2017-05-12,6.47,6.47,6.47,6.47,0
2017-05-15,6.47,6.47,6.47,6.47,0
2017-05-16,6.47,6.47,6.47,6.47,0
2017-05-17,6.47,6.47,6.47,6.47,0
2017-05-18,6.47,6.47,6.47,6.47,0
2017-05-19,6.47,6.47,6.47,6.47,0
2017-05-22,6.56,6.56,6.51,6.51,1200
2017-05-23,6.51,6.51,6.51,6.51,0
2017-05-24,6.51,6.51,6.51,6.51,0
2017-05-25,6.51,6.51,6.51,6.51,0
2017-05-26,6.51,6.51,6.51,6.51,0
2017-05-29,6.51,6.51,6.51,6.51,0
2017-05-30,6.51,6.51,6.51,6.51,3300
2017-05-31,6.51,6.51,6.51,6.51,0
2017-06-01,6.51,6.51,6.51,6.51,0
2017-06-02,6.51,6.51,6.51,6.51,0
2017-06-05,6.51,6.51,6.51,6.51,0
2017-06-06,6.51,6.51,6.51,6.51,0
2017-06-07,6.51,6.51,6.51,6.51,0
2017-06-08,6.51,6.51,6.51,6.51,0
2017-06-09,6.51,6.51,6.51,6.51,0
2017-06-12,6.51,6.51,6.51,6.51,0
2017-06-13,6.51,6.51,6.51,6.51,0
2017-06-14,5.94,5.94,5.94,5.94,100
2017-06-15,5.94,5.94,5.94,5.94,0
2017-06-16,5.94,5.94,5.94,5.94,0
2017-06-19,5.94,5.94,5.94,5.94,0
2017-06-20,6.51,6.51,5.98,5.98,3100
2017-06-21,5.98,5.98,5.98,5.98,0
2017-06-22,5.98,5.98,5.98,5.98,0
2017-06-23,5.98,5.98,5.98,5.98,0
2017-06-26,6.56,6.56,6.02,6.02,1700
2017-06-27,6.6,6.6,6.07,6.07,200
2017-06-28,6.07,6.07,6.07,6.07,0
2017-06-29,6.07,6.07,6.07,6.07,0
2017-06-30,6.07,6.07,6.07,6.07,0
2017-07-03,6.07,6.07,6.07,6.07,0
2017-07-04,6.64,6.64,6.11,6.11,600
2017-07-05,6.11,6.11,6.11,6.11,0
2017-07-06,6.11,6.11,6.11,6.11,0
2017-07-07,6.11,6.11,6.11,6.11,0
2017-07-10,6.11,6.11,6.11,6.11,0
2017-07-11,6.11,6.11,6.11,6.11,0
2017-07-12,6.11,6.11,6.11,6.11,0
2017-07-13,6.11,6.11,6.11,6.11,0
2017-07-14,6.11,6.11,6.11,6.11,0
2017-07-17,5.54,5.54,5.54,5.54,100
2017-07-18,5.54,5.54,5.54,5.54,0
2017-07-19,5.01,5.01,5.01,5.01,100
2017-07-20,4.65,4.65,4.65,4.65,100
2017-07-21,4.43,4.43,4.43,4.43,100
2017-07-24,4.43,4.43,4.43,4.43,0
2017-07-25,4.43,4.43,4.43,4.43,0
2017-07-26,4.43,4.43,4.43,4.43,0
2017-07-27,4.87,4.87,4.87,4.87,100
2017-07-28,4.87,4.87,4.87,4.87,0
2017-07-31,4.87,4.87,4.87,4.87,0
2017-08-01,5.36,5.36,5.36,5.36,100
2017-08-02,4.87,4.87,4.87,4.87,100
2017-08-03,4.87,4.87,4.87,4.87,0
2017-08-04,4.87,4.87,4.87,4.87,0
2017-08-07,4.87,4.87,4.87,4.87,0
2017-08-08,4.87,4.87,4.87,4.87,0
2017-08-09,4.87,4.87,4.87,4.87,0
2017-08-10,4.87,4.87,4.87,4.87,0
2017-08-11,4.87,4.87,4.87,4.87,0
2017-08-14,5.36,5.36,5.36,5.36,100
2017-08-15,5.89,5.89,5.89,5.89,100
2017-08-16,5.32,6.47,5.32,6.47,400
2017-08-17,5.85,7.09,5.85,7.04,800
2017-08-18,6.38,7.71,6.38,7.71,200
2017-08-21,6.95,6.95,6.95,6.95,100
2017-08-22,6.95,6.95,6.95,6.95,0
2017-08-23,6.29,6.95,6.29,6.95,200
2017-08-24,6.95,6.95,6.95,6.95,0
2017-08-25,6.95,6.95,6.95,6.95,0
2017-08-28,6.29,6.95,6.29,6.95,200
2017-08-29,6.29,7.62,6.29,7.62,200
2017-08-30,6.87,6.87,6.87,6.87,100
2017-08-31,6.87,6.87,6.87,6.87,7500
2017-09-01,6.2,6.2,6.2,6.2,100
2017-09-05,6.2,6.2,6.2,6.2,0
2017-09-06,5.76,5.76,5.76,5.76,100
2017-09-07,5.76,5.76,5.76,5.76,0
2017-09-08,5.4,5.4,5.4,5.4,100
2017-09-11,5.94,5.94,5.94,5.94,100
2017-09-12,5.94,5.94,5.94,5.94,0
2017-09-13,5.45,5.94,5.45,5.94,200
2017-09-14,5.36,5.89,5.36,5.89,200
2017-09-15,5.32,5.32,5.32,5.32,100
2017-09-18,5.32,5.32,5.32,5.32,0
2017-09-19,5.32,5.32,5.32,5.32,0
2017-09-20,4.92,4.92,4.92,4.92,100
2017-09-21,4.92,4.92,4.92,4.92,0
2017-09-22,4.92,4.92,4.92,4.92,0
2017-09-25,5.4,5.4,5.4,5.4,100
2017-09-26,5.4,5.4,5.4,5.4,100
2017-09-27,5.4,5.4,5.4,5.4,0
2017-09-28,4.87,4.87,4.87,4.87,100
2017-09-29,5.36,5.36,5.36,5.36,100
2017-10-02,5.36,5.36,5.36,5.36,0
2017-10-03,4.87,5.32,4.87,5.32,200
2017-10-04,4.83,4.83,4.83,4.83,100
2017-10-05,4.43,4.83,4.43,4.83,200
2017-10-06,4.83,4.83,4.83,4.83,0
2017-10-09,4.39,4.39,4.39,4.39,100
2017-10-10,4.39,4.39,4.39,4.39,0
2017-10-11,4.78,4.78,4.78,4.78,100
2017-10-12,4.78,5.23,4.78,5.23,400
2017-10-13,4.74,4.74,4.74,4.74,100
2017-10-16,4.74,4.74,4.74,4.74,0
2017-10-17,5.09,5.09,5.09,5.09,100
2017-10-18,4.61,5.58,4.61,5.58,200
2017-10-19,5.05,5.05,5.05,5.05,100
2017-10-20,5.05,5.05,5.05,5.05,0
2017-10-23,5.05,5.05,5.05,5.05,0
2017-10-24,5.05,5.05,5.05,5.05,0
2017-10-25,5.05,5.05,5.05,5.05,0
2017-10-26,5.54,5.54,5.54,5.54,100
2017-10-27,5.01,5.01,5.01,5.01,100
2017-10-30,5.01,5.01,5.01,5.01,0
2017-10-31,5.01,5.01,5.01,5.01,0
2017-11-01,5.01,5.01,5.01,5.01,0
2017-11-02,4.56,5.49,4.56,5.49,200
2017-11-03,4.96,4.96,4.96,4.96,100
2017-11-06,4.56,4.56,4.56,4.56,100
2017-11-07,5.01,5.01,5.01,5.01,100
2017-11-08,4.61,5.49,4.61,5.49,200
2017-11-09,4.96,5.49,4.96,5.49,200
2017-11-10,4.96,5.49,4.96,5.49,200
2017-11-13,4.96,4.96,4.96,4.96,100
2017-11-14,4.56,4.56,4.56,4.56,100
2017-11-15,5.01,5.01,5.01,5.01,100
2017-11-16,5.47,5.47,5.47,5.47,300
2017-11-17,5.47,5.47,5.47,5.47,100
2017-11-20,5.01,5.75,5.01,5.75,200
2017-11-21,5.24,5.24,5.24,5.24,100
2017-11-22,5.75,5.75,5.75,5.75,100
2017-11-23,5.75,5.75,5.75,5.75,0
2017-11-24,5.24,5.61,5.24,5.61,200
2017-11-27,5.1,5.1,5.1,5.1,100
2017-11-28,5.57,5.57,5.57,5.57,100
2017-11-29,5.57,5.57,5.57,5.57,0
2017-11-30,5.57,5.57,5.57,5.57,0
2017-12-01,5.57,5.57,5.57,5.57,0
2017-12-04,5.57,5.57,5.57,5.57,0
2017-12-05,5.05,5.47,5.05,5.47,200
2017-12-06,5.47,5.47,5.47,5.47,0
2017-12-07,5.47,5.47,5.47,5.47,100
2017-12-08,5.47,5.47,5.47,5.47,0
2017-12-11,5.47,5.47,5.47,5.47,0
2017-12-12,5.47,5.47,5.47,5.47,5000
2017-12-13,5.01,5.01,5.01,5.01,100
2017-12-14,5.01,5.01,5.01,5.01,500
2017-12-15,5.01,5.01,5.01,5.01,0
2017-12-18,4.77,4.77,4.77,4.77,100
2017-12-19,4.77,4.77,4.77,4.77,0
2017-12-20,4.77,4.77,4.77,4.77,0
2017-12-21,4.91,4.91,4.91,4.91,7500
2017-12-22,5.01,5.01,4.96,4.96,2000
2017-12-25,4.96,4.96,4.96,4.96,0
2017-12-26,4.96,4.96,4.96,4.96,0
2017-12-27,5.05,5.15,5.05,5.15,1300
2017-12-28,5.15,5.15,5.15,5.15,4000
2017-12-29,5.15,5.15,5.15,5.15,1700
2018-01-02,5.61,5.61,5.61,5.61,100
2018-01-03,5.05,5.47,5.05,5.47,200
2018-01-04,4.96,4.96,4.96,4.96,100
2018-01-05,5.15,5.15,4.77,4.77,11000
2018-01-08,5.19,5.19,5.19,5.19,100
2018-01-09,5.19,5.19,5.19,5.19,0
2018-01-10,5.19,5.19,5.19,5.19,100
2018-01-11,5.19,5.19,5.19,5.19,100
2018-01-12,5.1,5.1,5.1,5.1,1100
2018-01-15,5.33,5.33,5.33,5.33,100
2018-01-16,5.01,5.01,5.01,5.01,800
2018-01-17,5.01,5.01,5.01,5.01,9200
2018-01-18,5.01,5.01,5.01,5.01,300
2018-01-19,5.01,5.01,5.01,5.01,0
2018-01-22,5.01,5.01,5.01,5.01,0
2018-01-23,5.01,5.01,5.01,5.01,800
2018-01-24,5.01,5.01,5.01,5.01,200
2018-01-25,4.58,4.58,4.58,4.58,100
2018-01-26,4.58,4.58,4.58,4.58,0
2018-01-29,4.73,4.73,4.68,4.68,1700
2018-01-30,5.15,5.15,5.1,5.1,2000
2018-01-31,5.57,5.57,4.77,5.24,6300
2018-02-01,5.24,5.24,5.24,5.24,0
2018-02-02,4.77,4.77,4.77,4.77,100
2018-02-05,4.77,4.77,4.77,4.77,0
2018-02-06,5.15,5.15,5.15,5.15,100
2018-02-07,4.63,5.1,4.63,5.1,300
2018-02-08,4.63,4.63,4.63,4.63,100
2018-02-09,4.96,4.96,4.96,4.96,100
2018-02-12,4.96,4.96,4.96,4.96,100
2018-02-13,5.1,5.1,5.1,5.1,100
2018-02-21,4.68,5.05,4.68,5.05,200
2018-02-22,4.58,5.01,4.58,5.01,200
2018-02-23,4.58,4.58,4.58,4.58,100
2018-02-26,4.96,4.96,4.96,4.96,100
2018-02-27,4.68,4.91,4.68,4.91,2100
2018-02-28,4.91,4.91,4.91,4.91,400
2018-03-01,4.91,4.91,4.91,4.91,9300
2018-03-02,4.91,5.38,4.91,5.01,5700
2018-03-05,4.58,5.01,4.58,5.01,200
2018-03-06,4.58,4.91,4.58,4.91,1600
2018-03-07,4.91,4.91,4.91,4.91,700
2018-03-08,4.91,4.91,4.91,4.91,0
2018-03-09,4.91,4.91,4.91,4.91,100
2018-03-12,4.91,4.91,4.91,4.91,500
2018-03-13,4.91,4.91,4.91,4.91,0
2018-03-14,4.91,4.91,4.91,4.91,0
2018-03-15,4.91,4.91,4.91,4.91,100
2018-03-16,4.91,4.91,4.91,4.91,0
2018-03-19,4.58,5.24,4.58,5.24,200
2018-03-20,5.47,5.47,5.15,5.15,300
2018-03-21,4.68,5.15,4.68,5.15,200
2018-03-22,4.68,4.91,4.68,4.91,500
2018-03-23,4.91,4.91,4.91,4.91,0
2018-03-26,4.58,5.29,4.58,5.29,200
2018-03-27,4.77,4.77,4.77,4.77,100
2018-03-28,5.05,5.05,5.05,5.05,200
2018-03-29,5.05,5.52,5.05,5.52,500
2018-03-30,5.01,5.01,5.01,5.01,200
2018-04-02,4.58,5.01,4.58,5.01,400
2018-04-03,5.43,5.43,4.87,4.87,1800
2018-04-04,4.87,4.87,4.87,4.87,1000
2018-04-05,4.58,4.58,4.58,4.58,100
2018-04-06,4.96,4.96,4.96,4.96,100
2018-04-09,4.54,4.54,4.54,4.54,100
2018-04-10,4.54,4.54,4.54,4.54,0
2018-04-11,4.54,4.54,4.54,4.54,0
2018-04-12,4.54,4.54,4.54,4.54,0
2018-04-13,4.54,4.54,4.54,4.54,0
2018-04-16,4.54,4.54,4.54,4.54,0
2018-04-17,4.96,4.96,4.96,4.96,100
2018-04-18,4.96,4.96,4.96,4.96,0
2018-04-19,4.58,4.87,4.58,4.87,200
2018-04-20,4.87,4.87,4.87,4.87,7300
2018-04-23,4.87,4.87,4.63,4.63,2300
2018-04-24,4.77,4.77,4.77,4.77,100
2018-04-26,4.77,4.77,4.77,4.77,0
2018-04-27,4.77,4.77,4.77,4.77,0
2018-05-02,4.77,4.77,4.77,4.77,0
2018-05-03,4.35,4.35,4.35,4.35,100
2018-05-04,4.35,4.35,4.35,4.35,0
2018-05-07,4.35,4.35,4.35,4.35,0
2018-05-08,4.35,4.35,4.35,4.35,0
2018-05-09,4.35,4.35,4.35,4.35,0
2018-05-10,4.35,4.35,4.35,4.35,0
2018-05-11,4.35,4.35,4.35,4.35,0
2018-05-14,4.35,4.35,4.35,4.35,0
2018-05-15,4.35,4.35,4.35,4.35,0
2018-05-16,4.77,4.77,4.4,4.4,200
2018-05-17,4.4,4.4,4.4,4.4,0
2018-05-18,4.4,4.4,4.4,4.4,0
2018-05-21,4.4,4.4,4.4,4.4,0
2018-05-22,4.4,4.4,4.4,4.4,0
2018-05-23,4.4,4.4,4.4,4.4,0
2018-05-24,4.4,4.4,4.4,4.4,0
2018-05-25,4.4,4.4,4.4,4.4,0
2018-05-28,4.4,4.4,4.4,4.4,0
2018-05-29,4.4,4.4,4.4,4.4,0
2018-05-30,4.4,4.4,4.4,4.4,0
2018-05-31,4.4,4.4,4.4,4.4,0
2018-06-01,4.81,4.81,4.81,4.81,100
2018-06-04,5.28,5.28,4.86,4.86,300
2018-06-05,4.45,4.91,4.45,4.91,200
2018-06-06,4.91,4.91,4.91,4.91,0
2018-06-07,5.17,5.17,4.76,4.76,600
2018-06-08,4.76,4.76,4.76,4.76,0
2018-06-11,4.76,4.76,4.76,4.76,0
2018-06-12,4.4,4.4,4.4,4.4,100
2018-06-13,4.4,4.4,4.4,4.4,0
2018-06-14,4.4,4.4,4.4,4.4,0
2018-06-15,4.4,4.4,4.4,4.4,0
2018-06-18,4.81,4.81,4.81,4.81,100
2018-06-19,5.17,5.17,4.4,4.4,500
2018-06-20,4.4,4.4,4.4,4.4,0
2018-06-21,4.4,4.4,4.4,4.4,0
2018-06-22,4.4,4.4,4.4,4.4,0
2018-06-25,4.81,4.81,4.14,4.14,900
2018-06-26,4.14,4.14,4.14,4.14,0
2018-06-27,4.14,4.14,4.14,4.14,0
2018-06-28,4.14,4.14,4.14,4.14,0
2018-06-29,3.72,3.72,3.72,3.72,100
2018-07-02,3.72,3.72,3.72,3.72,0
2018-07-03,3.41,3.41,3.41,3.41,100
2018-07-04,3.41,3.41,3.41,3.41,0
2018-07-05,3.41,3.41,3.41,3.41,0
2018-07-06,3.41,3.41,3.41,3.41,0
2018-07-09,3.41,3.41,3.41,3.41,0
2018-07-10,3.41,3.41,3.41,3.41,0
2018-07-11,3.72,3.72,3.72,3.72,100
2018-07-12,3.72,3.72,3.72,3.72,0
2018-07-13,3.72,3.72,3.72,3.72,0
2018-07-16,3.72,3.72,3.72,3.72,0
2018-07-17,3.72,3.72,3.72,3.72,0
2018-07-18,3.72,3.72,3.72,3.72,0
2018-07-19,3.72,3.72,3.72,3.72,0
2018-07-20,3.41,3.41,3.41,3.41,100
2018-07-23,3.41,3.41,3.41,3.41,0
2018-07-24,3.41,3.41,3.41,3.41,0
2018-07-25,3.41,3.41,3.41,3.41,0
2018-07-26,3.41,3.41,3.41,3.41,0
2018-07-27,3.41,3.41,3.41,3.41,0
2018-07-30,3.41,3.41,3.41,3.41,0
2018-07-31,3.41,3.41,3.41,3.41,0
2018-08-01,3.41,3.41,3.41,3.41,0
2018-08-02,3.41,3.41,3.41,3.41,0
2018-08-03,3.41,3.41,3.41,3.41,0
2018-08-06,3.41,3.41,3.41,3.41,0
2018-08-07,3.41,3.41,3.41,3.41,0
2018-08-08,3.41,3.41,3.41,3.41,0
2018-08-09,3.41,3.41,3.41,3.41,0
2018-08-10,3.41,3.41,3.41,3.41,0
2018-08-13,3.41,3.41,3.41,3.41,0
2018-08-14,3.41,3.41,3.41,3.41,0
2018-08-15,3.41,3.41,3.41,3.41,0
2018-08-16,3.41,3.41,3.41,3.41,0
2018-08-17,3.41,3.41,3.41,3.41,0
2018-08-20,3.41,3.41,3.41,3.41,0
2018-08-21,3.26,3.72,3.26,3.72,200
2018-08-22,4.09,4.09,4.09,4.09,100
2018-08-23,4.09,4.09,4.09,4.09,0
2018-08-24,4.09,4.09,4.09,4.09,0
2018-08-27,4.09,4.45,4.09,4.45,200
2018-08-28,4.04,4.04,4.04,4.04,100
2018-08-29,4.04,4.04,4.04,4.04,0
2018-08-30,4.04,4.04,4.04,4.04,0
2018-08-31,4.4,4.4,4.09,4.09,200
2018-09-04,4.09,4.09,4.09,4.09,0
2018-09-05,4.09,4.09,4.09,4.09,0
2018-09-06,4.09,4.09,4.09,4.09,0
2018-09-07,4.09,4.09,4.09,4.09,0
2018-09-10,4.09,4.09,4.09,4.09,0
2018-09-11,4.09,4.09,4.09,4.09,0
2018-09-12,4.09,4.09,4.09,4.09,0
2018-09-13,4.09,4.09,4.09,4.09,0
2018-09-14,4.09,4.09,4.09,4.09,0
2018-09-17,4.14,4.14,4.14,4.14,100
2018-09-18,4.55,4.55,4.19,4.19,200
2018-09-19,4.19,4.19,4.19,4.19,0
2018-09-20,3.83,3.83,3.83,3.83,100
2018-09-21,3.83,3.83,3.83,3.83,0
2018-09-24,3.83,3.83,3.83,3.83,0
2018-09-25,3.83,3.83,3.83,3.83,0
2018-09-26,3.83,3.83,3.83,3.83,0
2018-09-27,3.83,3.83,3.83,3.83,0
2018-09-28,3.83,3.83,3.83,3.83,0
2018-10-01,3.67,3.67,3.67,3.67,100
2018-10-02,3.67,3.67,3.67,3.67,0
2018-10-03,3.67,3.67,3.67,3.67,0
2018-10-04,3.67,3.67,3.67,3.67,0
2018-10-05,3.67,3.67,3.67,3.67,0
2018-10-08,3.67,3.67,3.67,3.67,0
2018-10-09,3.67,3.67,3.67,3.67,0
2018-10-10,3.67,3.67,3.67,3.67,0
2018-10-11,3.67,3.67,3.67,3.67,0
2018-10-12,3.67,3.67,3.67,3.67,0
2018-10-15,3.67,3.67,3.67,3.67,0
2018-10-16,3.67,3.67,3.67,3.67,0
2018-10-17,3.67,3.67,3.67,3.67,0
2018-10-18,3.67,3.67,3.67,3.67,0
2018-10-19,3.67,3.67,3.67,3.67,0
2018-10-22,3.67,3.67,3.67,3.67,0
2018-10-23,3.67,3.67,3.67,3.67,0
2018-10-24,3.67,3.67,3.67,3.67,0
2018-10-25,3.67,3.67,3.67,3.67,0
2018-10-26,3.67,3.67,3.67,3.67,0
2018-10-29,3.31,3.31,3.31,3.31,100
2018-10-30,3.31,3.31,3.31,3.31,0
2018-10-31,3.31,3.31,3.31,3.31,0
2018-11-01,3.31,3.31,3.31,3.31,0
2018-11-02,3.31,3.31,3.31,3.31,0
2018-11-05,3.31,3.31,3.31,3.31,0
2018-11-06,3.31,3.31,3.31,3.31,0
2018-11-07,3.31,3.31,3.31,3.31,0
2018-11-08,3.31,3.31,3.31,3.31,0
2018-11-09,3.31,3.31,3.31,3.31,0
2018-11-12,3.31,3.31,3.31,3.31,0
2018-11-13,3.31,3.31,3.31,3.31,0
2018-11-14,3.31,3.31,3.31,3.31,0
2018-11-15,3.31,3.31,3.31,3.31,0
2018-11-16,3.31,3.31,3.31,3.31,0
2018-11-19,3.31,3.31,3.31,3.31,0
2018-11-20,3.31,3.31,3.31,3.31,0
2018-11-21,3.31,3.31,3.31,3.31,0
2018-11-22,3.31,3.31,3.31,3.31,0
2018-11-23,3.31,3.31,3.31,3.31,0
2018-11-26,3.31,3.31,3.31,3.31,0
2018-11-27,3.31,3.31,3.31,3.31,0
2018-11-28,3.31,3.31,3.31,3.31,0
2018-11-29,3.31,3.31,3.31,3.31,0
2018-11-30,3.31,3.31,3.31,3.31,0
2018-12-03,3.31,3.31,3.31,3.31,0
2018-12-04,3.31,3.31,3.31,3.31,0
2018-12-05,3.31,3.31,3.31,3.31,0
2018-12-06,3.31,3.31,3.31,3.31,0
2018-12-07,3.31,3.31,3.31,3.31,0
2018-12-10,3.31,3.31,3.31,3.31,0
2018-12-11,3.31,3.31,3.31,3.31,0
2018-12-12,3.31,3.31,3.31,3.31,0
2018-12-13,3.31,3.31,3.31,3.31,0
2018-12-14,3.31,3.31,3.31,3.31,0
2018-12-17,3.31,3.31,3.31,3.31,0
2018-12-18,3.31,3.31,3.31,3.31,0
2018-12-19,3.31,3.31,3.31,3.31,0
2018-12-20,3.31,3.31,3.31,3.31,0
2018-12-21,3.31,3.31,3.31,3.31,0
2018-12-24,3.31,3.31,3.31,3.31,0
2018-12-25,3.31,3.31,3.31,3.31,0
2018-12-26,3.31,3.31,3.31,3.31,0
2018-12-27,3.31,3.31,3.31,3.31,0
2018-12-28,3.31,3.31,3.31,3.31,0
2019-01-02,3.31,3.31,3.31,3.31,0
2019-01-03,3.31,3.31,3.31,3.31,0
2019-01-04,3.31,3.31,3.31,3.31,0
2019-01-07,3.31,3.31,3.31,3.31,0
2019-01-08,3.1,3.1,3.1,3.1,100
2019-01-09,3.41,3.41,3.1,3.1,400
2019-01-10,3.1,3.1,3.1,3.1,0
2019-01-11,3.41,3.41,3.41,3.41,100
2019-01-14,3.72,3.72,3.72,3.72,100
2019-01-15,4.09,4.09,4.09,4.09,200
2019-01-16,3.83,3.83,3.83,3.83,100
2019-01-17,3.83,3.83,3.83,3.83,0
2019-01-18,3.83,3.83,3.83,3.83,0
2019-01-21,4.19,4.19,4.19,4.19,100
2019-01-22,3.78,4.6,3.78,4.6,200
2019-01-23,5.02,5.02,5.02,5.02,1100
2019-01-24,5.02,5.02,5.02,5.02,0
2019-01-25,5.43,5.43,5.43,5.43,100
2019-01-28,5.43,5.43,5.43,5.43,1000
2019-01-29,4.91,4.91,4.91,4.91,100
2019-01-30,4.55,4.55,4.55,4.55,100
2019-01-31,4.55,4.55,4.55,4.55,0
2019-02-01,4.55,4.55,4.55,4.55,0
2019-02-11,4.55,4.55,4.55,4.55,0
2019-02-12,4.55,4.55,4.55,4.55,0
2019-02-13,4.97,4.97,4.97,4.97,1000
2019-02-14,4.97,4.97,4.97,4.97,0
2019-02-15,4.5,5.17,4.5,5.17,600
2019-02-18,5.17,5.17,5.17,5.17,0
2019-02-19,4.66,4.66,4.66,4.66,100
2019-02-20,4.66,5.12,4.66,5.02,2900
2019-02-21,5.02,5.02,5.02,5.02,0
2019-02-22,4.55,5.48,4.55,5.48,200
2019-02-25,4.97,5.48,4.97,5.48,200
2019-02-26,5.48,5.48,5.48,5.48,1800
2019-02-27,4.97,4.97,4.97,4.97,200
2019-02-28,4.5,4.5,4.5,4.5,100
2019-03-01,4.5,4.5,4.5,4.5,0
2019-03-04,4.5,4.5,4.5,4.5,0
2019-03-05,4.91,4.91,4.91,4.91,100
2019-03-06,4.71,4.71,4.71,4.71,100
2019-03-07,4.71,4.71,4.71,4.71,0
2019-03-08,4.71,4.71,4.71,4.71,0
2019-03-11,4.71,4.71,4.71,4.71,0
2019-03-12,4.71,4.71,4.71,4.71,0
2019-03-13,4.71,4.71,4.71,4.71,0
2019-03-14,4.71,4.71,4.71,4.71,0
2019-03-15,4.71,4.71,4.71,4.71,1000
2019-03-18,4.71,4.71,4.71,4.71,0
2019-03-19,5.17,5.17,5.17,5.17,100
2019-03-20,4.66,5.64,4.66,5.64,300
2019-03-21,5.12,5.12,5.12,5.12,100
2019-03-22,4.66,5.43,4.66,5.43,200
2019-03-25,4.91,4.91,4.91,4.91,100
2019-03-26,4.66,4.66,4.66,4.66,100
2019-03-27,4.66,4.66,4.66,4.66,0
2019-03-28,5.07,5.07,5.07,5.07,100
2019-03-29,4.6,5.38,4.6,5.38,200
2019-04-01,4.86,4.86,4.86,4.86,100
2019-04-02,4.4,5.23,4.4,4.66,1600
2019-04-03,4.71,4.71,4.71,4.71,1000
2019-04-04,4.71,4.71,4.71,4.71,0
2019-04-05,4.71,4.71,4.71,4.71,0
2019-04-08,4.71,4.71,4.71,4.71,0
2019-04-09,4.76,4.76,4.76,4.76,100
2019-04-10,4.76,4.76,4.76,4.76,0
2019-04-11,4.76,4.76,4.76,4.76,0
2019-04-12,4.76,4.76,4.76,4.76,0
2019-04-16,5.07,5.17,5.07,5.17,400
2019-04-17,4.76,5.69,4.76,5.69,300
2019-04-18,5.12,6.26,5.12,6.26,200
2019-04-19,6.26,6.26,6.26,6.26,0
2019-04-22,5.64,5.64,5.64,5.64,3800
2019-04-23,5.12,5.12,5.12,5.12,100
2019-04-24,5.12,5.12,5.12,5.12,0
2019-04-25,4.66,4.66,4.66,4.66,100
2019-04-26,4.66,4.66,4.66,4.66,0
2019-05-02,4.66,4.66,4.66,4.66,0
2019-05-03,4.66,4.66,4.66,4.66,0
2019-05-06,4.66,4.66,4.66,4.66,0
2019-05-07,4.66,4.66,4.66,4.66,0
2019-05-08,5.07,5.07,4.71,4.71,200
2019-05-09,4.71,4.71,4.71,4.71,0
2019-05-10,4.76,4.81,4.76,4.76,300
2019-05-13,5.17,5.17,4.91,4.91,500
2019-05-14,4.91,4.91,4.91,4.91,0
2019-05-15,4.91,4.91,4.91,4.91,0
2019-05-16,4.91,4.91,4.91,4.91,0
2019-05-17,4.91,4.91,4.91,4.91,0
2019-05-20,5.28,5.28,5.28,5.28,100
2019-05-21,4.97,5.74,4.97,5.74,200
2019-05-22,5.17,5.74,5.17,5.43,500
2019-05-23,5.43,5.43,5.43,5.43,300
2019-05-24,5.17,5.17,5.17,5.17,100
2019-05-27,5.17,5.17,5.17,5.17,0
2019-05-28,5.17,5.17,5.17,5.17,0
2019-05-29,5.17,5.17,5.17,5.17,0
2019-05-30,5.17,5.17,5.17,5.17,0
2019-05-31,5.17,5.17,5.17,5.17,0
2019-06-03,5.64,5.64,5.64,5.64,100
2019-06-04,5.17,6.0,5.17,6.0,200
2019-06-05,5.47,5.47,5.47,5.47,1100
2019-06-06,5.47,5.47,5.47,5.47,0
2019-06-07,5.47,5.47,5.47,5.47,0
2019-06-10,5.47,5.47,5.47,5.47,0
2019-06-11,5.47,5.47,5.47,5.47,0
2019-06-12,5.47,5.47,5.47,5.47,0
2019-06-13,5.47,5.47,5.47,5.47,0
2019-06-14,5.47,5.47,5.47,5.47,0
2019-06-17,5.47,5.47,5.47,5.47,0
2019-06-18,5.47,5.47,5.47,5.47,0
2019-06-19,5.47,5.47,5.47,5.47,200
2019-06-20,5.06,5.06,5.06,5.06,100
2019-06-21,5.53,5.53,5.53,5.53,100
2019-06-24,5.0,5.0,5.0,5.0,100
2019-06-25,5.0,5.0,5.0,5.0,0
2019-06-26,5.0,5.0,5.0,5.0,0
2019-06-27,5.47,5.47,4.82,4.82,200
2019-06-28,4.82,4.82,4.82,4.82,0
2019-07-01,4.82,4.82,4.82,4.82,0
2019-07-02,5.29,5.29,5.29,5.29,100
2019-07-03,5.06,5.06,5.06,5.06,100
2019-07-04,5.06,5.06,5.06,5.06,0
2019-07-05,5.06,5.06,5.06,5.06,0
2019-07-08,5.06,5.06,5.06,5.06,0
2019-07-09,5.06,5.06,5.06,5.06,0
2019-07-10,5.06,5.06,5.06,5.06,0
2019-07-11,5.06,5.06,5.06,5.06,0
2019-07-12,5.53,5.53,5.53,5.53,100
2019-07-15,5.0,6.0,5.0,6.0,200
2019-07-16,5.41,5.7,5.41,5.7,300
2019-07-17,5.88,5.88,5.88,5.88,400
2019-07-18,5.35,5.35,5.35,5.35,100
2019-07-19,5.35,5.35,5.35,5.35,0
2019-07-22,5.35,5.35,5.35,5.35,0
2019-07-23,5.35,5.35,5.35,5.35,0
2019-07-24,5.35,5.35,5.35,5.35,0
2019-07-25,5.35,5.35,5.35,5.35,0
2019-07-26,5.35,5.35,5.35,5.35,0
2019-07-29,5.35,5.35,5.35,5.35,0
2019-07-30,5.35,5.35,5.35,5.35,0
2019-07-31,5.35,5.35,5.35,5.35,0
2019-08-01,5.35,5.35,5.35,5.35,0
2019-08-02,5.35,5.35,5.35,5.35,0
2019-08-05,5.35,5.35,5.35,5.35,0
2019-08-06,5.35,5.35,5.35,5.35,0
2019-08-07,5.35,5.35,5.35,5.35,0
2019-08-08,5.35,5.35,5.35,5.35,0
2019-08-09,5.35,5.35,5.35,5.35,0
2019-08-12,5.35,5.35,5.35,5.35,0
2019-08-13,5.35,5.35,5.35,5.35,0
2019-08-14,5.35,5.35,5.35,5.35,0
2019-08-15,5.35,5.35,5.35,5.35,0
2019-08-16,5.35,5.35,5.35,5.35,0
2019-08-19,5.35,5.35,5.35,5.35,0
2019-08-20,5.35,5.35,5.35,5.35,0
2019-08-21,5.35,5.35,5.35,5.35,0
2019-08-22,5.35,5.35,5.35,5.35,0
2019-08-23,5.35,5.35,5.35,5.35,0
2019-08-26,5.35,5.35,5.35,5.35,0
2019-08-27,5.35,5.35,5.35,5.35,0
2019-08-28,5.35,5.35,5.35,5.35,0
2019-08-29,5.35,5.35,5.35,5.35,0
2019-08-30,5.35,5.35,5.35,5.35,0
2019-09-03,5.17,5.17,5.17,5.17,3400
2019-09-04,5.17,5.17,5.17,5.17,0
2019-09-05,5.17,5.17,5.17,5.17,0
2019-09-06,5.64,5.64,5.64,5.64,100
2019-09-09,6.17,6.17,5.29,5.29,1200
2019-09-10,5.76,5.76,5.29,5.29,600
2019-09-11,5.7,5.7,5.7,5.7,100
2019-09-12,6.06,6.06,6.06,6.06,100
2019-09-13,6.06,6.06,6.06,6.06,0
2019-09-16,6.06,6.06,6.06,6.06,0
2019-09-17,6.0,6.0,6.0,6.0,2800
2019-09-18,6.0,6.0,6.0,6.0,1800
2019-09-19,5.88,5.88,5.88,5.88,700
2019-09-20,5.35,5.35,5.35,5.35,100
2019-09-23,5.17,5.17,5.17,5.17,100
2019-09-24,5.17,5.17,5.17,5.17,3200
2019-09-25,5.17,5.17,5.17,5.17,0
2019-09-26,5.17,5.17,5.17,5.17,0
2019-09-27,5.17,5.17,5.17,5.17,0
2019-09-30,5.17,5.17,5.17,5.17,0
2019-10-01,5.17,5.17,5.17,5.17,0
2019-10-02,5.17,5.17,5.17,5.17,0
2019-10-03,5.17,5.17,5.17,5.17,0
2019-10-04,5.17,5.17,5.17,5.17,0
2019-10-07,5.17,5.17,5.17,5.17,0
2019-10-08,5.17,5.29,5.11,5.17,500
2019-10-09,5.06,5.23,5.06,5.23,2300
2019-10-10,5.23,5.41,5.23,5.41,1900
2019-10-11,5.82,5.82,5.82,5.82,100
2019-10-14,6.11,6.11,6.11,6.11,100
2019-10-15,6.11,6.11,6.11,6.11,600
2019-10-16,6.11,6.11,6.11,6.11,0
2019-10-17,6.11,6.11,6.11,6.11,0
2019-10-18,6.06,6.06,6.06,6.06,300
2019-10-21,6.06,6.06,6.06,6.06,0
2019-10-22,6.06,6.06,6.06,6.06,0
2019-10-23,6.06,6.06,6.06,6.06,0
2019-10-24,6.06,6.06,6.06,6.06,0
2019-10-25,6.06,6.06,6.06,6.06,0
2019-10-28,6.06,6.06,6.06,6.06,0
2019-10-29,6.06,6.06,6.06,6.06,0
2019-10-30,6.06,6.06,6.06,6.06,0
2019-10-31,5.47,5.94,5.47,5.94,200
2019-11-01,6.0,6.0,6.0,6.0,3400
2019-11-04,6.0,6.0,6.0,6.0,3900
2019-11-05,5.53,5.53,5.53,5.53,100
2019-11-06,5.53,5.53,5.53,5.53,0
2019-11-07,5.53,5.53,5.53,5.53,0
2019-11-08,5.35,5.35,5.35,5.35,100
2019-11-11,5.35,5.35,5.35,5.35,0
2019-11-12,5.35,5.35,5.35,5.35,10000
2019-11-13,5.35,5.35,5.35,5.35,0
2019-11-14,5.88,5.88,5.88,5.88,100
2019-11-15,6.11,6.11,6.11,6.11,100
2019-11-18,5.88,5.88,5.88,5.88,9900
2019-11-19,5.35,5.35,5.35,5.35,100
2019-11-20,5.35,5.35,5.06,5.06,200
2019-11-21,5.06,5.06,5.06,5.06,300
2019-11-22,5.06,5.06,5.06,5.06,0
2019-11-25,5.06,5.06,5.06,5.06,0
2019-11-26,5.06,5.06,5.06,5.06,0
2019-11-27,5.06,5.06,5.06,5.06,0
2019-11-28,5.06,5.06,5.06,5.06,0
2019-11-29,5.06,5.06,5.06,5.06,0
2019-12-02,5.06,5.06,5.06,5.06,0
2019-12-03,5.06,5.06,5.06,5.06,0
2019-12-04,5.06,5.06,5.06,5.06,0
2019-12-05,5.06,5.06,5.06,5.06,0
2019-12-06,5.06,5.06,5.06,5.06,0
2019-12-09,5.06,5.06,5.06,5.06,0
2019-12-10,5.06,5.06,5.06,5.06,0
2019-12-11,5.06,5.06,5.06,5.06,0
2019-12-12,5.06,5.06,5.06,5.06,0
2019-12-13,5.06,5.06,5.06,5.06,0
2019-12-16,5.06,5.06,5.06,5.06,0
2019-12-17,5.06,5.06,5.06,5.06,0
2019-12-18,5.06,5.06,5.06,5.06,0
2019-12-19,5.06,5.06,5.06,5.06,0
2019-12-20,5.53,5.53,5.06,5.06,200
2019-12-23,5.06,5.06,5.06,5.06,0
2019-12-24,5.06,5.06,4.7,4.7,200
2019-12-25,4.7,4.7,4.7,4.7,0
2019-12-26,4.7,4.7,4.7,4.7,0
2019-12-27,4.7,4.7,4.7,4.7,0
2019-12-30,4.41,5.17,4.41,5.17,200
2019-12-31,4.76,4.76,4.76,4.76,100
2020-01-02,5.23,5.23,4.53,4.53,200
2020-01-03,4.53,4.53,4.53,4.53,0
2020-01-06,4.17,4.17,4.17,4.17,100
2020-01-07,4.17,4.17,4.17,4.17,0
2020-01-08,3.82,3.82,3.82,3.82,100
2020-01-09,3.82,3.82,3.82,3.82,0
2020-01-10,3.82,3.82,3.82,3.82,0
2020-01-13,3.82,3.82,3.82,3.82,0
2020-01-14,3.82,3.82,3.82,3.82,0
2020-01-15,3.82,3.82,3.82,3.82,0
2020-01-16,3.53,3.53,3.53,3.53,100
2020-01-17,3.53,3.53,3.53,3.53,0
2020-01-20,3.53,3.53,3.53,3.53,0
2020-01-21,3.53,3.53,3.53,3.53,0
2020-01-22,3.53,3.53,3.53,3.53,0
2020-01-30,3.53,3.53,3.53,3.53,0
2020-01-31,3.53,3.53,3.53,3.53,0
2020-02-03,3.53,3.53,3.53,3.53,0
2020-02-04,3.53,3.53,3.53,3.53,0
2020-02-05,3.53,3.53,3.53,3.53,0
2020-02-06,3.53,3.53,3.53,3.53,0
2020-02-07,3.53,3.53,3.53,3.53,0
2020-02-10,3.53,3.53,3.53,3.53,0
2020-02-11,3.53,3.53,3.53,3.53,0
2020-02-12,3.53,3.53,3.53,3.53,0
2020-02-13,3.53,3.53,3.53,3.53,0
2020-02-14,3.53,3.53,3.53,3.53,0
2020-02-17,3.53,3.53,3.53,3.53,0
2020-02-18,3.53,3.53,3.53,3.53,0
2020-02-19,3.53,3.53,3.53,3.53,0
2020-02-20,3.53,3.53,3.53,3.53,0
2020-02-21,3.53,3.53,3.53,3.53,0
2020-02-24,3.53,3.53,3.53,3.53,0
2020-02-25,3.53,3.53,3.53,3.53,0
2020-02-26,3.53,3.53,3.53,3.53,0
2020-02-27,3.53,3.53,3.53,3.53,0
2020-02-28,3.53,3.53,3.53,3.53,0
2020-03-02,3.53,3.53,3.53,3.53,0
2020-03-03,3.53,3.53,3.53,3.53,0
2020-03-04,3.53,3.53,3.53,3.53,0
2020-03-05,3.53,3.53,3.53,3.53,0
2020-03-06,3.53,3.53,3.53,3.53,0
2020-03-09,3.53,3.53,3.53,3.53,0
2020-03-10,3.53,3.53,3.53,3.53,0
2020-03-11,3.53,3.53,3.53,3.53,0
2020-03-12,3.53,3.53,3.53,3.53,0
2020-03-13,3.17,3.17,3.17,3.17,100
2020-03-16,3.17,3.17,3.17,3.17,0
2020-03-17,3.17,3.17,3.17,3.17,0
2020-03-18,3.17,3.17,3.17,3.17,0
2020-03-19,3.47,3.47,3.47,3.47,100
2020-03-20,3.47,3.47,3.47,3.47,0
2020-03-23,3.47,3.47,3.47,3.47,0
2020-03-24,3.76,3.76,3.76,3.76,100
2020-03-25,3.41,3.41,3.41,3.41,100
2020-03-26,3.41,3.41,3.41,3.41,0
2020-03-27,3.7,3.7,3.7,3.7,100
2020-03-30,3.35,4.06,3.35,4.06,200
2020-03-31,3.7,3.7,3.7,3.7,100
2020-04-01,3.35,3.35,3.35,3.35,100
2020-04-03,3.12,3.12,3.12,3.12,100
2020-04-06,3.12,3.12,3.12,3.12,0
2020-04-07,3.12,3.12,3.12,3.12,0
2020-04-08,3.12,3.12,3.12,3.12,0
2020-04-09,3.12,3.12,3.12,3.12,0
2020-04-10,3.12,3.12,3.12,3.12,0
2020-04-13,3.12,3.12,3.12,3.12,0
2020-04-14,3.12,3.12,3.12,3.12,0
2020-04-15,3.12,3.12,3.12,3.12,0
2020-04-16,3.12,3.12,3.12,3.12,0
2020-04-17,3.12,3.12,3.12,3.12,0
2020-04-20,3.12,3.12,3.12,3.12,0
2020-04-21,3.12,3.12,3.12,3.12,0
2020-04-22,3.12,3.12,3.12,3.12,0
2020-04-23,3.12,3.12,3.12,3.12,0
2020-04-24,3.12,3.12,3.12,3.12,0
2020-04-27,3.12,3.12,3.12,3.12,0
2020-04-28,3.12,3.12,3.12,3.12,0
2020-04-29,3.12,3.12,3.12,3.12,0
2020-05-04,3.12,3.12,3.12,3.12,0
2020-05-05,3.12,3.12,3.12,3.12,0
2020-05-06,3.12,3.12,3.12,3.12,0
2020-05-07,3.12,3.12,3.12,3.12,0
2020-05-08,3.12,3.12,3.12,3.12,0
2020-05-11,3.12,3.12,3.12,3.12,0
2020-05-12,3.12,3.12,3.12,3.12,0
2020-05-13,3.41,3.41,3.41,3.41,100
2020-05-14,3.41,3.41,3.41,3.41,0
2020-05-15,3.41,3.41,3.41,3.41,0
2020-05-18,3.7,3.7,3.7,3.7,100
2020-05-19,3.7,3.7,3.7,3.7,0
2020-05-20,3.7,3.7,3.7,3.7,0
2020-05-21,3.7,3.7,3.7,3.7,0
2020-05-22,3.7,3.7,3.7,3.7,0
2020-05-25,3.7,3.7,3.7,3.7,0
2020-05-26,3.7,3.7,3.7,3.7,0
2020-05-27,4.06,4.06,4.06,4.06,100
2020-05-28,4.06,4.06,4.06,4.06,0
2020-05-29,4.06,4.06,4.06,4.06,0
2020-06-01,4.41,4.41,4.41,4.41,100
2020-06-02,4.82,4.82,4.82,4.82,100
2020-06-03,4.53,5.29,4.53,5.29,200
2020-06-04,5.82,5.82,5.82,5.82,200
2020-06-05,6.17,6.23,6.17,6.23,1200
2020-06-08,6.7,6.76,6.7,6.76,1600
2020-06-09,7.29,7.35,7.29,7.35,3800
2020-06-10,7.82,7.82,7.82,7.82,300
2020-06-11,8.58,8.58,8.58,8.58,200
2020-06-12,9.41,9.41,9.41,9.41,500
2020-06-15,9.41,9.41,9.41,9.41,0
2020-06-16,9.29,9.29,9.29,9.29,400
2020-06-17,9.29,9.29,9.29,9.29,0
2020-06-18,9.29,9.29,9.29,9.29,0
2020-06-19,9.29,9.29,9.29,9.29,0
2020-06-22,9.29,9.29,9.29,9.29,0
2020-06-23,9.29,9.29,9.29,9.29,0
2020-06-24,9.29,9.29,9.29,9.29,0
2020-06-25,9.29,9.29,9.29,9.29,0
2020-06-26,9.29,9.29,9.29,9.29,0
2020-06-29,9.29,9.29,9.29,9.29,0
2020-06-30,9.29,9.29,9.29,9.29,0
2020-07-01,9.29,9.29,9.29,9.29,0
2020-07-02,9.29,9.29,9.29,9.29,0
2020-07-03,9.29,9.29,9.29,9.29,0
2020-07-06,9.29,9.29,9.29,9.29,0
2020-07-07,9.29,9.29,9.29,9.29,0
2020-07-08,9.29,9.29,9.29,9.29,0
2020-07-09,9.29,10.17,9.29,9.88,500
2020-07-10,9.88,9.88,9.88,9.88,0
2020-07-13,9.88,9.88,9.88,9.88,0
2020-07-14,9.11,9.11,9.11,9.11,200
2020-07-15,9.99,9.99,8.23,9.76,900
2020-07-16,10.7,10.7,10.46,10.46,200
2020-07-17,10.46,10.46,10.46,10.46,0
2020-07-20,9.46,9.46,9.46,9.46,100
2020-07-21,10.23,10.23,10.23,10.23,0
2020-07-22,10.23,10.23,10.23,10.23,0
2020-07-23,10.23,10.23,10.23,10.23,0
2020-07-24,10.23,10.23,10.23,10.23,0
2020-07-27,10.23,10.23,10.23,10.23,0
2020-07-28,10.23,10.23,10.23,10.23,100
2020-07-29,10.23,10.23,10.23,10.23,0
2020-07-30,10.23,10.23,10.23,10.23,0
2020-07-31,10.23,10.23,10.23,10.23,0
2020-08-03,10.23,10.23,10.23,10.23,0
2020-08-04,10.23,10.23,10.23,10.23,0
2020-08-05,10.23,10.23,10.23,10.23,0
2020-08-06,10.23,10.23,10.23,10.23,0
2020-08-07,10.23,10.23,10.23,10.23,0
2020-08-10,10.23,10.23,10.23,10.23,0
2020-08-11,10.23,10.23,10.23,10.23,0
2020-08-12,9.21,9.21,9.21,9.21,2300
2020-08-13,9.21,9.21,9.21,9.21,0
2020-08-14,8.32,9.46,8.32,9.46,200
2020-08-17,9.46,9.46,9.46,9.46,0
2020-08-18,9.46,9.46,9.46,9.46,0
2020-08-19,8.58,8.58,8.58,8.58,100
2020-08-20,8.83,8.83,8.83,8.83,100
2020-08-21,9.53,9.53,9.53,9.53,100
2020-08-24,8.58,8.58,8.58,8.58,100
2020-08-25,7.75,7.75,7.75,7.75,500
2020-08-26,6.99,7.24,6.99,7.24,1700
2020-08-27,7.24,7.24,7.24,7.24,0
2020-08-28,7.24,7.24,6.61,6.61,400
2020-08-31,6.61,6.61,6.61,6.61,0
2020-09-01,6.61,6.61,6.61,6.61,0
2020-09-03,6.61,6.61,6.61,6.61,0
2020-09-04,6.61,6.61,6.61,6.61,0
2020-09-07,6.61,6.61,6.61,6.61,100
2020-09-08,6.61,6.61,6.61,6.61,0
2020-09-09,6.1,6.1,5.97,5.97,300
2020-09-10,6.1,6.1,5.97,5.97,6000
2020-09-11,5.97,5.97,5.97,5.97,0
2020-09-14,5.97,5.97,5.97,5.97,300
2020-09-15,5.97,5.97,5.97,5.97,0
2020-09-16,5.97,5.97,5.97,5.97,300
2020-09-17,5.97,5.97,5.97,5.97,0
2020-09-18,5.97,5.97,5.97,5.97,1100
2020-09-21,5.97,5.97,5.78,5.78,1200
2020-09-22,5.78,5.78,5.78,5.78,0
2020-09-23,5.78,5.78,5.78,5.78,0
2020-09-24,5.78,5.78,5.78,5.78,0
2020-09-25,5.34,5.34,5.34,5.34,100
2020-09-28,5.84,5.84,5.84,5.84,1600
2020-09-29,5.84,5.84,5.84,5.84,300
2020-09-30,5.84,5.84,5.84,5.84,0
2020-10-01,5.84,5.84,5.84,5.84,0
2020-10-02,5.84,5.84,5.84,5.84,0
2020-10-05,6.42,6.42,6.42,6.42,100
2020-10-06,6.42,6.42,6.42,6.42,0
2020-10-07,5.84,5.84,5.84,5.84,300
2020-10-08,5.59,5.72,5.59,5.72,5300
2020-10-09,5.72,5.72,5.72,5.72,5300
2020-10-12,6.29,6.29,6.29,6.29,100
2020-10-13,6.29,6.29,6.29,6.29,0
2020-10-14,6.29,6.29,6.29,6.29,0
2020-10-15,6.29,6.29,6.29,6.29,0
2020-10-16,6.29,6.29,6.29,6.29,0
2020-10-19,6.86,6.86,6.86,6.86,100
2020-10-20,6.86,6.86,6.86,6.86,0
2020-10-21,6.86,6.86,6.86,6.86,0
2020-10-22,6.86,6.86,6.86,6.86,0
2020-10-23,6.86,6.86,6.86,6.86,0
2020-10-26,6.86,6.86,6.86,6.86,0
2020-10-27,6.86,6.86,6.86,6.86,0
2020-10-28,6.86,6.86,6.86,6.86,0
2020-10-29,6.86,6.86,6.86,6.86,0
2020-10-30,6.86,6.86,6.86,6.86,0
2020-11-02,6.23,6.23,6.23,6.23,100
2020-11-03,6.23,6.23,6.23,6.23,0
2020-11-04,6.23,6.23,6.23,6.23,0
2020-11-05,5.97,5.97,5.78,5.78,1200
2020-11-06,6.35,6.35,6.35,6.35,100
2020-11-09,5.84,5.91,5.84,5.84,5700
2020-11-10,6.42,6.42,5.72,5.72,1100
2020-11-11,5.72,5.72,5.72,5.72,0
2020-11-12,5.72,5.72,5.72,5.72,0
2020-11-13,5.72,5.72,5.72,5.72,0
2020-11-16,5.72,5.72,5.72,5.72,0
2020-11-17,5.72,5.72,5.72,5.72,0
2020-11-18,5.72,5.72,5.72,5.72,0
2020-11-19,5.72,5.72,5.72,5.72,0
2020-11-20,5.72,5.72,5.72,5.72,0
2020-11-23,5.72,5.72,5.72,5.72,0
2020-11-24,5.84,5.84,5.84,5.84,100
2020-11-25,5.84,5.84,5.84,5.84,0
2020-11-26,5.84,5.84,5.84,5.84,0
2020-11-27,5.84,5.84,5.84,5.84,0
2020-11-30,5.72,5.72,5.72,5.72,1100
2020-12-01,5.72,5.72,5.72,5.72,1100
2020-12-02,5.72,5.72,5.72,5.72,900
2020-12-03,5.91,5.91,5.91,5.91,100
2020-12-04,5.97,6.03,5.97,6.03,400
2020-12-07,6.03,6.03,6.03,6.03,0
2020-12-08,5.72,5.72,5.72,5.72,100
2020-12-09,5.72,5.72,5.72,5.72,0
2020-12-10,5.84,5.84,5.72,5.72,400
2020-12-11,5.84,5.84,5.84,5.84,6000
2020-12-14,5.78,5.78,5.72,5.78,4000
2020-12-15,5.78,5.78,5.72,5.72,1300
2020-12-16,5.72,5.84,5.72,5.84,15000
2020-12-17,5.72,5.78,5.72,5.78,7900
2020-12-18,5.78,6.03,5.78,5.91,21000
2020-12-21,5.91,6.03,5.91,6.03,9399
2020-12-22,6.03,6.16,6.03,6.16,10600
2020-12-23,6.16,6.16,6.03,6.16,16100
2020-12-24,6.1,6.1,6.03,6.03,400
2020-12-25,6.03,6.23,6.03,6.23,6500
2020-12-28,6.23,6.29,6.23,6.29,10600
2020-12-29,6.29,6.29,6.23,6.23,6700
2020-12-30,6.29,6.29,6.29,6.29,7600
2020-12-31,6.29,6.35,6.29,6.29,8600
2021-01-04,6.16,6.23,6.1,6.23,2100
2021-01-05,6.8,6.8,6.8,6.8,100
2021-01-06,6.8,6.8,6.67,6.67,5000
2021-01-07,6.61,6.67,6.61,6.67,5000
2021-01-08,6.67,6.67,6.67,6.67,2000
2021-01-11,6.67,6.73,6.67,6.73,7600
2021-01-12,6.73,6.8,6.73,6.73,13700
2021-01-13,6.67,6.73,6.67,6.73,6000
2021-01-14,6.73,6.73,6.73,6.73,0
2021-01-15,7.37,7.37,7.24,7.24,300
2021-01-18,7.24,7.24,7.24,7.24,0
2021-01-19,7.24,7.24,7.24,7.24,0
2021-01-20,7.24,7.24,7.24,7.24,1
2021-01-21,7.24,7.24,7.24,7.24,0
2021-01-22,6.61,6.61,6.61,6.61,500
2021-01-25,7.18,7.18,7.18,7.18,110
2021-01-26,7.18,7.18,7.18,7.18,0
2021-01-27,6.61,6.61,6.61,6.61,200
2021-01-28,7.18,7.18,7.18,7.18,100
2021-01-29,7.18,7.18,7.18,7.18,0
2021-02-01,7.18,7.18,7.18,7.18,0
2021-02-02,6.54,6.54,6.54,6.54,3700
2021-02-03,6.92,6.92,6.92,6.92,100
2021-02-04,6.92,6.92,6.92,6.92,0
2021-02-05,6.92,6.92,6.92,6.92,0
2021-02-08,6.92,6.92,6.92,6.92,0
2021-02-09,6.92,6.92,6.92,6.92,10
2021-02-17,6.92,6.92,6.92,6.92,1500
2021-02-18,6.48,6.48,6.48,6.48,5000
2021-02-19,6.03,6.16,5.97,6.16,11600
2021-02-22,6.23,6.23,6.16,6.16,12400
2021-02-23,6.67,6.67,6.35,6.35,400
2021-02-24,6.35,6.35,6.16,6.16,2000
2021-02-25,6.16,6.16,6.16,6.16,500
2021-02-26,6.23,6.23,6.16,6.16,4300
2021-03-01,6.73,6.73,6.67,6.67,300
2021-03-02,6.67,6.67,6.54,6.54,1500
2021-03-03,6.61,6.67,6.61,6.67,3100
2021-03-04,6.67,6.67,6.61,6.61,6310
2021-03-05,6.67,6.99,6.67,6.92,11900
2021-03-08,6.92,6.99,6.61,6.92,3000
2021-03-09,6.86,6.92,6.8,6.92,9200
2021-03-10,6.92,6.92,6.92,6.92,6200
2021-03-11,6.86,6.92,6.86,6.92,400
2021-03-12,6.92,7.3,6.92,6.99,9600
2021-03-15,6.99,6.99,6.92,6.92,6100
2021-03-16,6.99,6.99,6.92,6.99,7700
2021-03-17,6.92,6.99,6.92,6.92,7800
2021-03-18,6.86,6.99,6.86,6.99,14600
2021-03-19,6.92,6.99,6.92,6.99,7900
2021-03-22,6.99,6.99,6.99,6.99,2100
2021-03-23,7.05,7.05,6.92,6.99,600
2021-03-24,6.67,6.92,6.67,6.86,6500
2021-03-25,6.8,6.86,6.73,6.86,1800
2021-03-26,6.67,6.67,6.61,6.67,3000
2021-03-29,6.67,6.67,6.67,6.67,3300
2021-03-30,7.24,7.24,6.99,6.99,3200
2021-03-31,6.99,6.99,6.99,6.99,14110
2021-04-01,6.99,6.99,6.73,6.86,3040
2021-04-02,6.92,6.92,6.92,6.92,2700
2021-04-05,6.67,6.67,6.61,6.61,4339
2021-04-06,6.67,6.73,6.67,6.67,9400
2021-04-07,6.99,6.99,6.67,6.92,7400
2021-04-08,6.99,6.99,6.86,6.86,3400
2021-04-09,6.86,6.99,6.86,6.99,13600
2021-04-12,6.99,7.05,6.99,7.05,14850
2021-04-13,7.05,7.62,7.05,7.43,14850
2021-04-14,7.43,7.43,7.37,7.37,5900
2021-04-15,7.37,7.37,7.3,7.3,6600
2021-04-16,7.24,7.3,7.11,7.18,5400
2021-04-19,7.3,7.88,7.3,7.88,60500
2021-04-20,8.0,8.0,7.43,7.62,20200
2021-04-22,7.69,8.07,7.69,8.07,17400
2021-04-23,7.81,7.88,7.62,7.88,22889
2021-04-26,7.81,7.81,7.62,7.75,18600
2021-04-27,7.69,7.75,7.62,7.75,8900
2021-04-28,7.75,7.88,7.62,7.88,20000
2021-04-29,7.75,7.88,7.75,7.75,17500
2021-05-04,7.69,7.69,7.56,7.56,3800
2021-05-05,7.56,7.69,7.56,7.69,4500
2021-05-06,7.62,7.69,7.62,7.62,22200
2021-05-07,7.5,7.5,7.24,7.24,17100
2021-05-10,7.24,7.37,7.05,7.37,12300
2021-05-11,7.24,7.37,7.24,7.37,14000
2021-05-12,7.37,7.37,7.37,7.37,8000
2021-05-13,7.3,7.43,7.3,7.43,5300
2021-05-14,7.3,7.62,7.3,7.62,12600
2021-05-17,7.56,7.56,7.5,7.5,6700
2021-05-18,7.37,7.37,7.3,7.3,10400
2021-05-19,7.3,7.3,7.24,7.3,2000
2021-05-20,7.37,7.37,7.37,7.37,2300
2021-05-21,7.18,7.62,7.18,7.62,15700
2021-05-24,7.62,7.62,7.62,7.62,14400
2021-05-25,7.75,7.94,7.75,7.94,3600
2021-05-26,7.62,7.62,7.62,7.62,5000
2021-05-27,7.62,7.62,7.62,7.62,0
2021-05-28,7.62,7.62,7.62,7.62,1100
2021-05-31,7.62,7.62,7.62,7.62,6000
2021-06-01,7.62,7.62,7.62,7.62,10
2021-06-02,7.62,7.62,7.62,7.62,7300
2021-06-03,7.62,7.62,7.62,7.62,1000
2021-06-04,7.62,7.62,7.62,7.62,1500
2021-06-07,7.88,7.94,7.69,7.94,19000
2021-06-08,7.94,8.07,7.94,8.07,9900
2021-06-09,7.94,8.0,7.94,7.94,6800
2021-06-10,7.94,8.07,7.94,8.07,500
2021-06-11,8.13,8.13,8.07,8.07,2600
2021-06-14,8.32,8.32,8.32,8.32,100
2021-06-15,8.32,8.32,8.32,8.32,0
2021-06-16,8.32,8.32,8.32,8.32,0
2021-06-17,8.26,8.26,8.26,8.26,5000
2021-06-18,8.32,8.77,8.26,8.77,16400
2021-06-21,8.77,8.77,8.77,8.77,0
2021-06-22,8.77,8.77,8.77,8.77,0
2021-06-23,8.58,8.58,8.26,8.58,3000
2021-06-24,8.58,8.58,8.58,8.58,0
2021-06-25,8.58,8.58,8.58,8.58,0
2021-06-28,8.58,9.02,8.58,8.58,8710
2021-06-29,8.64,8.64,8.58,8.64,6800
2021-06-30,9.08,9.21,8.64,9.21,9625
2021-07-01,8.96,9.27,8.96,9.08,1600
2021-07-02,9.08,9.08,9.08,9.08,100
2021-07-05,9.15,9.72,9.15,9.59,14700
2021-07-06,9.72,9.85,9.66,9.66,14600
2021-07-07,9.66,9.66,9.66,9.66,1100
2021-07-08,9.66,10.04,9.66,9.91,8600
2021-07-09,9.91,9.91,9.53,9.53,16700
2021-07-12,9.53,9.53,9.53,9.53,2400
2021-07-13,9.53,9.53,9.53,9.53,0
2021-07-14,8.58,8.58,8.58,8.58,19300
2021-07-15,8.58,9.27,8.58,9.27,23100
2021-07-16,9.27,9.27,9.0,9.27,2400
2021-07-19,8.65,8.79,8.58,8.79,1700
2021-07-20,8.17,8.24,8.17,8.24,300
2021-07-21,8.31,8.31,7.68,7.68,500
2021-07-22,7.61,8.44,7.61,8.44,5900
2021-07-23,8.79,9.0,8.79,8.86,6300
2021-07-26,8.72,8.72,8.72,8.72,3300
2021-07-27,8.72,8.72,8.37,8.72,22500
2021-07-28,8.72,8.72,8.72,8.72,0
2021-07-29,8.72,9.14,8.72,9.14,2100
2021-07-30,9.07,9.14,9.07,9.14,2600
2021-08-02,9.14,9.14,9.14,9.14,2500
2021-08-03,9.0,9.0,9.0,9.0,1600
2021-08-04,9.0,9.0,8.51,8.58,2200
2021-08-05,8.65,8.93,8.44,8.93,57200
2021-08-06,8.93,8.93,8.86,8.86,4700
2021-08-09,8.93,9.69,8.93,9.62,44100
2021-08-10,9.62,10.38,9.62,10.38,66745
2021-08-11,10.59,11.42,10.59,11.42,83519
2021-08-12,11.42,12.53,11.42,12.53,81400
2021-08-13,12.53,13.15,11.28,11.83,103800
2021-08-16,11.9,12.32,11.83,12.32,11900
2021-08-17,12.32,12.46,11.49,12.25,18500
2021-08-18,12.04,12.04,11.56,11.9,15200
2021-08-19,11.77,11.9,11.77,11.9,5400
2021-08-20,12.04,12.04,11.63,11.7,46500
2021-08-23,11.77,11.77,11.7,11.77,12400
2021-08-24,11.77,11.77,11.77,11.77,200
2021-08-25,11.07,11.07,11.07,11.07,9800
2021-08-26,11.07,12.18,11.07,11.7,3400
2021-08-27,11.7,11.77,11.56,11.77,7020
2021-08-30,11.77,12.04,11.63,11.97,1500
2021-08-31,11.97,11.97,11.14,11.97,2909
2021-09-01,11.83,11.83,11.83,11.83,100
2021-09-06,11.42,11.77,11.42,11.77,2800
2021-09-07,11.42,11.7,11.07,11.7,3400
2021-09-08,11.63,11.63,11.63,11.63,800
2021-09-09,11.56,11.63,11.49,11.49,8500
2021-09-10,12.11,12.11,11.42,11.77,4500
2021-09-13,11.42,11.7,11.42,11.7,6200
2021-09-14,11.97,12.8,11.97,12.8,76205
2021-09-15,13.63,13.63,12.8,12.87,14000
2021-09-16,12.25,12.87,12.25,12.87,2700
2021-09-17,12.25,12.46,12.18,12.46,10300
2021-09-20,12.6,12.6,12.25,12.46,16800
2021-09-21,12.46,12.46,12.32,12.32,900
2021-09-22,12.25,12.32,12.04,12.32,3400
2021-09-23,12.04,12.39,12.04,12.39,22000
2021-09-24,12.8,12.8,12.39,12.39,5200
2021-09-27,12.39,12.46,12.39,12.46,17400
2021-09-28,12.39,12.39,12.39,12.39,400
2021-09-29,12.39,12.46,12.39,12.39,13100
2021-09-30,12.46,13.36,12.46,13.01,75200
2021-10-01,13.84,13.84,13.01,13.5,36105
2021-10-04,13.5,14.81,13.5,14.33,24000
2021-10-05,15.02,15.02,13.22,14.19,53810
2021-10-06,13.57,14.12,13.57,14.12,17400
2021-10-07,14.12,14.12,13.43,13.43,10200
2021-10-08,12.8,13.63,12.8,13.43,13800
2021-10-11,13.43,13.43,12.8,13.43,34850
2021-10-12,13.43,13.77,13.43,13.77,14400
2021-10-13,13.36,14.46,13.36,14.4,48800
2021-10-14,14.53,15.02,14.4,14.95,26384
2021-10-15,15.64,15.64,14.53,15.57,35965
2021-10-18,17.09,17.09,16.96,17.09,86600
2021-10-19,17.99,17.99,17.3,17.65,37520
2021-10-20,17.65,19.38,17.65,19.38,77310
2021-10-21,19.38,20.76,18.69,20.28,52405
2021-10-22,20.28,20.76,18.41,20.21,69300
2021-10-25,20.07,20.07,18.76,19.03,27800
2021-10-26,19.24,19.24,17.3,17.51,26200
2021-10-27,17.51,18.34,17.51,17.86,17100
2021-10-28,17.58,18.62,17.58,17.79,31400
2021-10-29,17.79,17.79,17.51,17.58,28010
2021-11-01,17.58,17.58,16.33,16.68,39035
2021-11-02,16.61,18.34,16.26,17.99,28910
2021-11-03,17.51,17.65,16.4,17.3,11800
2021-11-04,16.61,17.99,16.61,17.16,8700
2021-11-05,18.76,18.76,17.3,18.55,58200
2021-11-08,18.62,20.21,18.62,19.79,49500
2021-11-09,19.93,21.11,19.79,20.0,29000
2021-11-10,20.0,20.62,18.69,19.59,14400
2021-11-11,19.38,19.38,18.55,18.55,17800
2021-11-12,18.55,18.55,17.3,17.58,37820
2021-11-15,17.99,18.69,17.72,18.41,7400
2021-11-16,17.37,18.69,17.23,17.79,9110
2021-11-17,17.86,17.93,17.37,17.58,12300
2021-11-18,17.44,17.44,16.68,17.09,7100
2021-11-19,16.26,16.26,15.5,15.99,23100
2021-11-22,14.74,15.57,14.74,15.23,14300
2021-11-23,15.57,15.85,15.23,15.78,3500
2021-11-24,16.82,16.89,15.23,15.23,15200
2021-11-25,15.23,16.13,15.23,16.13,4000
2021-11-26,16.13,16.13,15.5,16.06,2400
2021-11-29,15.36,15.78,15.36,15.64,7100
2021-11-30,15.64,15.64,15.43,15.57,6200
2021-12-01,15.5,17.09,15.23,16.89,19600
2021-12-02,16.61,16.82,16.61,16.82,3520
2021-12-03,16.75,16.82,15.64,16.61,12918
2021-12-06,15.5,15.5,15.3,15.3,2102
2021-12-07,15.23,15.3,15.09,15.23,23400
2021-12-08,14.88,15.71,14.88,15.71,1500
2021-12-09,15.71,16.2,15.23,15.78,4200
2021-12-10,14.67,15.64,14.67,15.43,7700
2021-12-13,15.43,16.47,15.43,16.47,11400
2021-12-14,17.99,17.99,16.26,16.33,4101
2021-12-15,15.36,15.36,15.23,15.23,1600
2021-12-16,16.2,16.2,15.5,16.13,8300
2021-12-17,16.13,16.75,15.92,16.13,7900
2021-12-20,17.09,17.09,15.57,16.4,11200
2021-12-21,15.64,17.16,15.64,16.89,15100
2021-12-22,17.86,17.86,16.61,17.65,15500
2021-12-23,17.51,17.51,16.26,17.3,4800
2021-12-24,16.33,16.89,16.26,16.89,1900
2021-12-27,15.92,16.75,15.64,16.06,19800
2021-12-28,16.06,16.13,15.78,15.78,8300
2021-12-29,16.47,16.47,15.43,15.99,4600
2021-12-30,15.92,15.92,15.5,15.64,8800
2021-12-31,15.64,15.78,15.64,15.78,1610
2022-01-04,15.78,15.78,15.71,15.78,1800
2022-01-05,15.92,15.92,15.64,15.71,12300
2022-01-06,15.71,15.71,15.5,15.5,4700
2022-01-07,15.43,15.78,15.23,15.36,9100
2022-01-10,15.23,15.85,15.16,15.36,5500
2022-01-11,15.36,15.36,15.36,15.36,5000
2022-01-12,14.74,14.74,13.84,14.67,15900
2022-01-13,14.53,14.53,14.53,14.53,100
2022-01-14,14.4,14.46,13.77,14.46,6400
2022-01-17,14.46,14.46,14.46,14.46,0
2022-01-18,13.57,13.77,13.15,13.77,7100
2022-01-19,13.77,14.19,13.77,14.19,13500
2022-01-20,14.19,14.53,14.19,14.53,7400
2022-01-21,15.16,15.99,15.16,15.99,15300
2022-01-24,17.58,17.58,15.85,16.06,20300
2022-01-25,16.2,16.96,16.2,16.82,16200
2022-01-26,16.13,16.89,16.13,16.89,8600
2022-01-27,17.65,17.79,17.03,17.37,8500
2022-01-28,16.68,17.16,16.68,16.82,2600
2022-02-07,17.3,17.44,16.61,16.89,2500
2022-02-08,16.61,16.75,16.54,16.75,4500
2022-02-09,16.75,16.75,16.61,16.75,10600
2022-02-10,16.61,16.75,16.61,16.75,16800
2022-02-11,16.61,16.68,16.61,16.61,4612
2022-02-14,16.47,16.61,16.47,16.61,2000
2022-02-15,16.75,17.23,16.75,17.23,2900
2022-02-16,16.75,17.16,16.61,17.09,4035
2022-02-17,16.75,16.96,16.75,16.89,8100
2022-02-18,16.96,16.96,16.68,16.68,2100
2022-02-21,16.75,17.99,16.75,17.37,16400
2022-02-22,17.37,17.72,17.3,17.72,13200
2022-02-23,17.72,19.38,17.72,19.31,62700
2022-02-24,19.79,21.18,19.72,21.18,137923
2022-02-25,23.05,23.25,23.05,23.12,67800
2022-02-28,23.12,24.02,21.8,23.46,41200
2022-03-01,22.15,22.63,21.66,21.66,101415
2022-03-02,21.46,22.15,20.62,22.15,43004
2022-03-03,22.49,23.19,21.46,21.46,27628
2022-03-04,21.46,21.46,20.83,21.39,9737
2022-03-07,22.15,23.46,21.39,23.32,76106
2022-03-08,23.32,24.15,22.22,22.98,50700
2022-03-09,22.98,23.19,21.87,23.05,33000
2022-03-10,22.22,22.22,21.59,21.73,23800
2022-03-11,22.15,22.15,21.73,21.73,22200
2022-03-14,22.15,22.15,20.42,20.49,15000
2022-03-15,19.38,20.56,19.03,20.56,25300
2022-03-16,20.56,21.04,20.56,21.04,2200
2022-03-17,20.76,20.76,19.86,20.07,8100
2022-03-18,20.14,20.76,20.14,20.76,6000
2022-03-21,20.76,20.9,20.42,20.76,10000
2022-03-22,20.76,22.08,20.28,22.08,22300
2022-03-23,22.08,22.29,21.46,21.46,9635
2022-03-24,21.46,21.46,20.9,21.25,7700
2022-03-25,20.9,21.25,19.38,21.11,19600
2022-03-28,21.11,21.46,21.11,21.25,21100
2022-03-29,21.18,21.25,20.83,21.25,20500
2022-03-30,21.11,21.11,20.21,20.97,24400
2022-03-31,20.83,21.39,20.83,20.83,13700
2022-04-01,20.62,21.39,20.62,20.69,31100
2022-04-04,20.76,21.11,20.76,21.04,9300
2022-04-05,20.83,21.25,20.76,21.25,8500
2022-04-06,21.39,21.39,20.9,20.9,15300
2022-04-07,20.9,21.04,20.76,21.04,7600
2022-04-08,21.04,21.46,20.76,21.32,10900
2022-04-12,20.76,20.76,20.56,20.56,3700
2022-04-13,20.49,20.49,20.07,20.21,3900
2022-04-14,20.76,21.32,20.28,20.97,20300
2022-04-15,21.11,21.18,20.97,20.97,5400
2022-04-18,20.76,20.76,20.28,20.35,8000
2022-04-19,20.35,21.11,20.14,20.49,21500
2022-04-20,20.14,20.14,20.07,20.07,5400
2022-04-21,19.66,19.66,18.76,19.31,5100
2022-04-22,19.24,19.24,17.58,17.58,6400
2022-04-25,17.58,18.34,15.85,17.79,11800
2022-04-26,17.72,17.72,17.72,17.72,500
2022-04-27,17.72,17.72,16.89,17.65,2700
2022-04-28,17.58,17.72,17.58,17.58,2000
2022-04-29,17.51,17.72,17.51,17.72,1300
2022-05-04,17.51,17.65,17.16,17.65,4500
2022-05-05,18.62,18.62,17.65,17.72,22200
2022-05-06,17.72,17.99,17.72,17.99,400
2022-05-09,17.99,17.99,16.68,16.68,1900
2022-05-10,17.3,17.65,17.3,17.65,200
2022-05-11,17.51,17.51,17.44,17.51,2700
2022-05-12,15.99,15.99,15.99,15.99,1200
2022-05-13,16.26,17.23,14.4,15.78,9600
2022-05-16,15.16,15.16,14.53,14.53,5300
2022-05-17,15.64,15.78,15.64,15.78,1300
2022-05-18,15.3,15.71,15.23,15.64,13900
2022-05-19,15.64,15.64,15.64,15.64,0
2022-05-20,15.64,15.64,15.16,15.16,1700
2022-05-23,14.67,14.88,14.67,14.81,300
2022-05-24,14.81,14.81,14.67,14.81,1400
2022-05-25,14.46,15.3,14.46,15.3,5300
2022-05-26,15.78,15.78,14.33,14.88,3900
2022-05-27,14.88,14.88,14.88,14.88,0
2022-05-30,14.95,15.09,14.88,15.09,7000
2022-05-31,15.09,15.85,15.09,15.36,12200
2022-06-01,15.36,15.85,15.36,15.85,15600
2022-06-02,15.92,16.26,15.64,15.71,6400
2022-06-03,15.71,16.26,15.71,16.26,5900
2022-06-06,16.26,17.23,16.26,16.75,16200
2022-06-07,16.82,16.82,16.2,16.2,45100
2022-06-08,16.61,17.3,16.61,17.3,11508
2022-06-09,16.33,17.93,16.33,17.79,11000
2022-06-10,17.79,17.79,16.75,16.75,2500
2022-06-13,16.2,16.61,16.2,16.47,14800
2022-06-14,16.26,17.3,15.57,17.16,7400
2022-06-15,16.2,17.51,16.2,17.51,3300
2022-06-16,17.3,17.3,17.3,17.3,700
2022-06-17,16.33,16.68,16.33,16.68,12000
2022-06-20,16.61,16.68,16.61,16.61,5800
2022-06-21,16.61,16.61,16.61,16.61,100
2022-06-22,16.61,16.61,16.61,16.61,7000
2022-06-23,16.75,16.75,16.68,16.75,1100
2022-06-24,17.03,17.16,17.03,17.16,4300
2022-06-27,17.16,17.16,17.16,17.16,0
2022-06-28,15.99,17.37,15.99,17.37,1900
2022-06-29,17.16,17.3,15.78,17.3,400
2022-06-30,16.26,17.16,16.26,17.16,200
2022-07-01,17.16,17.16,17.16,17.16,0
2022-07-04,17.16,17.16,17.16,17.16,0
2022-07-05,16.61,17.16,15.64,17.16,2000
2022-07-06,15.92,16.47,15.92,16.47,200
2022-07-07,16.47,17.3,16.47,17.3,28700
2022-07-08,17.23,17.23,17.23,17.23,1100
2022-07-11,17.23,17.23,17.23,17.23,0
2022-07-12,17.23,17.23,16.2,16.2,6100
2022-07-13,16.26,16.26,16.26,16.26,6800
2022-07-14,16.26,16.26,16.06,16.26,26400
2022-07-15,16.33,16.33,16.33,16.33,700
2022-07-18,16.61,17.3,16.61,17.3,15100
2022-07-19,17.3,17.37,17.03,17.16,3900
2022-07-20,17.23,17.3,17.03,17.3,1900
2022-07-21,17.44,17.51,17.03,17.51,14400
2022-07-22,17.51,17.51,17.16,17.37,1000
2022-07-25,17.37,17.65,17.3,17.3,14000
2022-07-26,17.58,17.79,17.51,17.51,5900
2022-07-27,17.86,17.86,17.65,17.86,13600
2022-07-28,17.99,18.76,17.93,18.69,15900
2022-07-29,18.76,18.76,18.69,18.76,6700
2022-08-01,19.31,19.93,19.17,19.93,17100
2022-08-02,19.79,20.07,19.1,20.07,18400
2022-08-03,19.24,20.42,19.24,20.42,12200
2022-08-04,21.11,21.25,19.93,19.93,18100
2022-08-05,19.93,20.76,19.59,19.93,10400
2022-08-08,20.76,21.39,20.76,21.39,34500
2022-08-09,21.39,23.25,21.39,21.87,31300
2022-08-10,21.87,22.49,21.66,21.87,38700
2022-08-11,21.87,21.87,21.52,21.52,9500
2022-08-12,21.52,23.33,20.32,23.33,36130
2022-08-15,21.07,21.75,21.0,21.07,27300
2022-08-16,20.92,21.75,20.32,21.75,17000
2022-08-17,21.68,21.68,20.32,21.22,10600
2022-08-18,21.22,21.45,21.07,21.45,1800
2022-08-19,20.4,20.4,20.32,20.32,1600
2022-08-22,20.32,21.07,19.94,20.32,2200
2022-08-23,20.4,20.62,20.4,20.62,300
2022-08-24,20.62,20.7,20.32,20.32,1300
2022-08-25,19.94,21.22,19.94,21.07,6100
2022-08-26,21.07,21.07,21.07,21.07,0
2022-08-29,21.45,21.45,19.64,21.15,500
2022-08-30,21.15,21.15,21.15,21.15,0
2022-08-31,20.02,21.0,20.02,21.0,1100
2022-09-05,20.92,20.92,19.94,20.55,2600
2022-09-06,22.05,22.05,20.62,20.62,300
2022-09-07,19.57,20.47,19.57,19.57,1800
2022-09-08,19.57,19.57,19.57,19.57,0
2022-09-09,19.64,19.64,19.64,19.64,200
2022-09-12,19.87,19.94,19.64,19.94,900
2022-09-13,19.94,19.94,19.94,19.94,0
2022-09-14,19.94,19.94,19.94,19.94,0
2022-09-15,21.07,21.07,21.07,21.07,400
2022-09-16,19.34,21.45,19.34,21.45,9700
2022-09-19,21.45,21.45,21.45,21.45,0
2022-09-20,19.64,19.64,19.34,19.57,2200
2022-09-21,21.52,21.52,18.89,18.89,830
2022-09-22,18.89,18.89,18.89,18.89,500
2022-09-23,18.89,20.32,18.89,20.32,900
2022-09-26,18.51,18.51,18.51,18.51,1100
2022-09-27,18.51,18.51,18.51,18.51,1600
2022-09-28,17.39,18.44,17.31,18.44,600
2022-09-29,18.44,18.44,18.44,18.44,0
2022-09-30,18.44,18.44,18.44,18.44,0
2022-10-03,18.44,18.44,18.44,18.44,10
2022-10-04,16.71,16.71,16.71,16.71,100
2022-10-05,16.71,18.21,15.13,18.21,400
2022-10-06,18.21,18.21,18.21,18.21,0
2022-10-07,16.56,16.56,16.41,16.41,1500
2022-10-10,15.28,15.28,15.28,15.28,100
2022-10-11,15.28,15.28,14.37,15.05,4200
2022-10-12,15.05,16.48,15.05,16.48,500
2022-10-13,15.8,15.8,15.43,15.43,200
2022-10-14,16.48,16.48,14.45,15.88,4800
2022-10-17,14.37,16.26,14.37,16.26,401
2022-10-18,15.8,15.8,15.43,15.43,1100
2022-10-19,15.13,15.13,15.05,15.05,1700
2022-10-20,15.05,15.05,15.05,15.05,0
2022-10-21,14.68,14.75,14.68,14.68,4900
2022-10-24,13.92,13.92,13.92,13.92,300
2022-10-25,14.98,14.98,14.98,14.98,200
2022-10-26,13.62,13.62,13.62,13.62,100
2022-10-27,13.62,13.62,13.62,13.62,0
2022-10-28,14.0,14.3,14.0,14.3,1110
2022-10-31,14.68,15.5,14.68,14.68,3400
2022-11-01,16.03,16.11,15.05,16.11,2400
2022-11-02,16.18,16.18,16.18,16.18,2600
2022-11-03,16.26,16.26,16.26,16.26,3200
2022-11-04,16.33,16.56,16.33,16.56,2000
2022-11-07,16.56,16.56,16.56,16.56,0
2022-11-08,16.63,18.21,16.63,18.21,5500
2022-11-09,18.21,18.21,18.21,18.21,0
2022-11-10,18.21,18.21,18.21,18.21,0
2022-11-11,18.21,18.21,18.21,18.21,0
2022-11-14,19.94,19.94,19.94,19.94,100
2022-11-15,19.94,19.94,19.94,19.94,0
2022-11-16,17.99,19.57,17.99,19.57,200
2022-11-17,20.09,20.09,20.09,20.09,100
2022-11-18,20.09,20.09,20.09,20.09,0
2022-11-21,20.09,20.09,20.09,20.09,0
2022-11-22,20.09,20.09,20.09,20.09,0
2022-11-23,20.09,20.09,20.09,20.09,0
2022-11-24,20.09,20.09,20.09,20.09,0
2022-11-25,20.09,20.09,20.09,20.09,0
2022-11-28,20.09,20.09,20.09,20.09,0
2022-11-29,18.82,18.82,18.82,18.82,1000
2022-11-30,18.82,18.82,18.82,18.82,0
2022-12-01,18.82,18.82,18.82,18.82,0
2022-12-02,18.82,18.82,18.82,18.82,0
2022-12-05,18.82,18.82,17.69,17.69,800
2022-12-06,19.42,19.42,19.42,19.42,100
2022-12-07,20.47,20.47,20.47,20.47,100
2022-12-08,20.25,20.25,19.94,19.94,200
2022-12-09,19.94,19.94,19.94,19.94,0
2022-12-12,19.94,19.94,19.94,19.94,0
2022-12-13,19.42,19.42,18.44,18.44,400
2022-12-14,18.82,18.82,18.59,18.59,235
2022-12-15,18.59,18.59,18.59,18.59,0
2022-12-16,18.59,18.59,18.59,18.59,0
2022-12-19,18.59,18.59,18.59,18.59,0
2022-12-20,18.59,18.59,18.59,18.59,0
2022-12-21,18.59,18.59,18.59,18.59,0
2022-12-22,18.59,18.59,18.59,18.59,0
2022-12-23,18.59,18.59,18.59,18.59,0
2022-12-26,18.59,18.59,18.59,18.59,0
2022-12-27,16.78,16.78,16.78,16.78,100
2022-12-28,17.99,17.99,17.99,17.99,100
2022-12-29,17.99,17.99,17.99,17.99,0
2022-12-30,17.99,17.99,17.99,17.99,0
2023-01-03,19.42,19.49,19.42,19.49,900
2023-01-04,19.49,19.49,19.49,19.49,10
2023-01-05,17.61,17.61,17.61,17.61,100
2023-01-06,17.61,17.61,17.61,17.61,0
2023-01-09,17.61,17.61,17.61,17.61,0
2023-01-10,19.27,19.27,15.96,15.96,200
2023-01-11,17.54,17.54,17.54,17.54,100
2023-01-12,15.8,15.8,15.8,15.8,100
2023-01-13,15.8,15.8,15.8,15.8,0
2023-01-16,17.31,17.39,17.31,17.39,1400
2023-01-17,19.04,19.04,19.04,19.04,400
2023-01-18,20.09,20.92,20.09,20.92,4000
2023-01-19,18.89,20.4,18.89,20.4,400
2023-01-27,20.4,20.4,20.4,20.4,0
2023-01-30,20.4,20.4,20.4,20.4,0
2023-01-31,20.4,20.4,20.4,20.4,0
2023-02-01,20.4,20.4,20.4,20.4,0
2023-02-02,20.4,20.4,20.4,20.4,0
2023-02-03,20.4,20.4,20.4,20.4,0
2023-02-06,18.36,20.32,18.36,20.32,200
2023-02-07,20.32,20.32,20.32,20.32,0
2023-02-08,20.32,20.32,20.32,20.32,0
2023-02-09,20.32,20.32,20.32,20.32,0
2023-02-10,18.29,20.32,18.29,20.32,701
2023-02-13,18.29,20.32,18.29,20.32,424
2023-02-14,20.32,20.32,20.32,20.32,0
2023-02-15,20.32,20.32,20.32,20.32,0
2023-02-16,20.32,20.32,20.32,20.32,0
2023-02-17,20.32,20.32,20.32,20.32,0
2023-02-20,20.32,20.32,20.32,20.32,0
2023-02-21,20.32,20.32,20.32,20.32,0
2023-02-22,20.32,20.32,20.32,20.32,0
2023-02-23,20.32,20.32,20.32,20.32,0
2023-02-24,20.32,20.32,20.32,20.32,0
2023-02-27,20.32,20.32,20.32,20.32,0
2023-02-28,20.32,20.32,20.32,20.32,0
2023-03-01,20.32,20.32,20.32,20.32,0
2023-03-02,18.29,18.29,18.29,18.29,100
2023-03-03,19.19,19.27,19.19,19.19,400
2023-03-06,20.25,20.25,20.25,20.25,100
2023-03-07,20.25,20.25,20.25,20.25,0
2023-03-08,20.25,20.25,20.25,20.25,0
2023-03-09,20.25,20.25,20.25,20.25,0
2023-03-10,18.29,18.29,18.29,18.29,300
2023-03-13,18.21,18.21,18.06,18.21,2600
2023-03-14,18.82,18.82,18.82,18.82,101
2023-03-15,18.82,18.82,18.82,18.82,0
2023-03-16,17.31,18.74,17.31,18.74,400
2023-03-17,18.74,18.74,18.74,18.74,0
2023-03-20,18.74,18.74,18.74,18.74,0
2023-03-21,18.74,18.74,18.74,18.74,0
2023-03-22,18.74,18.74,18.74,18.74,0
2023-03-23,18.74,20.17,18.29,19.19,400
2023-03-24,17.31,19.04,17.31,17.31,600
2023-03-27,18.82,18.82,18.82,18.82,100
2023-03-28,18.82,18.82,18.82,18.82,0
2023-03-29,18.82,18.82,18.82,18.82,0
2023-03-30,16.93,16.93,16.93,16.93,700
2023-03-31,18.59,18.59,18.59,18.59,100
2023-04-03,18.59,19.79,16.78,19.79,8500
2023-04-04,19.79,20.7,19.79,20.7,3600
2023-04-05,20.7,20.7,20.7,20.7,2
2023-04-06,20.7,20.7,20.7,20.7,0
2023-04-07,20.7,20.7,20.7,20.7,0
2023-04-10,20.7,20.7,20.7,20.7,0
2023-04-11,20.7,20.7,20.7,20.7,0
2023-04-12,18.66,18.66,18.66,18.66,2102
2023-04-13,18.66,18.66,18.66,18.66,500
2023-04-14,16.86,16.86,16.86,16.86,300
2023-04-17,18.51,18.51,18.51,18.51,100
2023-04-18,18.51,18.51,18.51,18.51,0
2023-04-19,18.51,18.51,18.51,18.51,0
2023-04-20,18.51,18.51,18.51,18.51,0
2023-04-21,18.51,18.51,18.51,18.51,0
2023-04-24,20.32,20.32,16.78,16.93,1400
2023-04-25,16.93,16.93,16.93,16.93,0
2023-04-26,18.51,18.51,18.51,18.51,100
2023-04-27,20.02,20.02,16.71,16.71,600
2023-04-28,18.36,18.36,18.36,18.36,100
2023-05-04,20.02,20.02,20.02,20.02,1000
2023-05-05,20.02,20.02,20.02,20.02,0
2023-05-08,18.06,18.06,18.06,18.06,4000
2023-05-09,17.69,17.69,17.69,17.69,500
2023-05-10,19.42,19.42,17.69,17.69,2400
2023-05-11,19.34,19.34,18.06,18.06,1300
2023-05-12,17.39,17.39,17.31,17.31,1800
2023-05-15,17.39,17.39,17.39,17.39,100
2023-05-16,17.39,17.39,17.39,17.39,100
2023-05-17,18.29,18.29,18.29,18.29,100
2023-05-18,17.39,17.39,16.93,16.93,1700
2023-05-19,18.51,18.51,17.31,17.31,400
2023-05-22,17.31,17.31,17.31,17.31,0
2023-05-23,17.31,17.31,17.31,17.31,300
2023-05-24,17.31,17.31,17.31,17.31,800
2023-05-25,17.31,17.31,17.31,17.31,0
2023-05-26,18.59,18.59,18.59,18.59,100
2023-05-29,19.04,19.04,19.04,19.04,200
2023-05-30,19.04,19.04,19.04,19.04,0
2023-05-31,19.04,19.04,19.04,19.04,0
2023-06-01,19.04,19.04,19.04,19.04,0
2023-06-02,17.54,17.54,17.54,17.54,201
2023-06-05,17.39,17.54,17.31,17.31,13200
2023-06-06,17.31,17.31,17.31,17.31,0
2023-06-07,17.31,17.31,17.31,17.31,69
2023-06-08,17.31,17.31,16.93,16.93,1000
2023-06-09,16.93,16.93,16.93,16.93,0
2023-06-12,17.61,17.61,17.61,17.61,100
2023-06-13,16.71,17.54,16.71,17.54,200
2023-06-14,17.54,17.54,17.54,17.54,4
2023-06-15,17.54,17.54,17.54,17.54,0
2023-06-16,17.31,17.31,17.31,17.31,3200
2023-06-19,17.31,17.31,17.31,17.31,0
2023-06-20,17.31,17.31,17.31,17.31,0
2023-06-21,15.88,18.44,15.88,17.61,4901
2023-06-22,17.61,17.61,17.61,17.61,0
2023-06-23,17.61,17.61,17.61,17.61,0
2023-06-26,17.69,17.69,16.41,16.41,6800
2023-06-27,17.31,17.31,17.31,17.31,100
2023-06-28,17.46,17.46,17.23,17.23,3600
2023-06-29,16.48,16.48,16.48,16.48,3000
2023-06-30,17.31,17.31,17.31,17.31,1800
2023-07-03,17.08,17.16,17.08,17.16,800
2023-07-04,17.23,17.23,17.01,17.01,1400
2023-07-05,17.16,17.16,17.01,17.01,6000
2023-07-06,17.16,17.16,16.93,16.93,2500
2023-07-07,16.93,16.93,16.93,16.93,0
2023-07-10,16.78,17.39,16.56,17.39,9100
2023-07-11,16.78,17.84,16.78,17.31,1500
2023-07-12,17.31,17.31,17.31,17.31,400
2023-07-13,17.31,17.31,17.08,17.08,2900
2023-07-14,17.16,17.76,17.16,17.16,3400
2023-07-17,17.31,17.31,17.31,17.31,3030
2023-07-18,17.31,17.31,17.31,17.31,2800
2023-07-19,17.31,17.31,17.31,17.31,0
2023-07-20,16.71,16.71,16.56,16.56,2000
2023-07-21,17.31,17.31,17.31,17.31,1800
2023-07-24,17.01,17.61,16.93,17.61,1507
2023-07-25,17.46,17.46,17.31,17.46,1400
2023-07-26,17.46,17.54,17.46,17.54,1200
2023-07-27,17.54,17.54,17.54,17.54,0
2023-07-28,17.31,17.54,17.31,17.54,300
2023-07-31,17.54,17.54,17.54,17.54,100
2023-08-01,17.54,17.54,17.54,17.54,0
2023-08-02,17.54,18.89,17.54,18.89,7100
2023-08-03,18.89,19.27,18.89,19.04,5314
2023-08-04,19.19,19.27,18.44,19.12,13100
2023-08-07,19.27,19.57,19.12,19.12,4800
2023-08-08,19.49,19.64,19.12,19.49,58000
2023-08-09,20.32,20.32,19.42,19.49,62200
2023-08-10,20.32,21.37,19.94,20.7,85301
2023-08-11,20.77,21.07,19.94,20.32,34815
2023-08-14,20.7,20.7,20.02,20.32,44400
2023-08-15,20.32,21.07,20.25,20.85,18600
2023-08-16,20.77,20.77,20.25,20.25,33300
2023-08-17,20.25,20.62,19.57,20.55,15900
2023-08-18,20.55,20.55,19.64,19.87,21900
2023-08-21,19.87,20.7,19.87,20.7,35700
2023-08-22,20.7,20.77,20.62,20.77,21800
2023-08-23,20.92,21.07,20.77,21.0,12400
2023-08-24,21.07,21.22,20.85,21.0,17600
2023-08-25,21.07,21.07,20.62,20.7,14800
2023-08-28,21.07,21.83,21.07,21.52,50901
2023-08-29,21.75,21.9,21.68,21.75,62700
2023-08-30,21.75,21.83,19.73,21.5,26150
2023-08-31,21.5,21.5,19.4,19.4,44001
2023-09-05,19.4,19.48,19.31,19.31,30305
2023-09-06,20.07,20.07,19.4,19.99,5644
2023-09-07,19.65,19.9,19.48,19.57,11100
2023-09-08,19.99,21.5,19.99,21.41,65122
2023-09-11,21.83,21.83,20.24,20.91,5710
2023-09-12,19.82,20.57,19.73,19.9,15951
2023-09-13,20.15,20.15,18.48,18.9,57300
2023-09-14,20.15,20.15,18.73,19.31,5700
2023-09-15,19.31,19.31,18.9,18.98,14207
2023-09-18,18.73,18.9,18.64,18.9,8400
2023-09-19,18.9,18.9,18.48,18.48,4800
2023-09-20,18.48,18.64,18.14,18.56,3500
2023-09-21,19.15,19.23,18.48,18.98,12100
2023-09-22,18.22,18.81,18.22,18.73,5700
2023-09-25,17.97,17.97,17.64,17.8,6153
2023-09-26,16.46,17.55,16.04,16.8,23800
2023-09-27,16.71,16.8,16.71,16.8,11400
2023-09-28,16.8,16.8,16.71,16.71,1600
2023-09-29,16.71,16.8,16.21,16.71,2000
2023-10-02,17.13,17.22,17.13,17.22,8700
2023-10-03,18.81,18.81,16.12,17.55,1000
2023-10-04,17.3,17.55,17.3,17.55,6400
2023-10-05,16.88,17.55,16.8,17.55,7400
2023-10-06,17.38,17.47,17.38,17.47,3300
2023-10-09,17.13,17.55,16.8,17.55,3200
2023-10-10,17.55,17.55,17.55,17.55,2000
2023-10-11,16.88,17.55,16.88,17.55,2706
2023-10-12,17.47,17.47,16.88,17.47,3200
2023-10-13,16.88,16.96,16.88,16.88,11424
2023-10-16,16.96,16.96,16.96,16.96,1400
2023-10-17,17.47,17.47,17.38,17.47,1300
2023-10-18,17.38,17.47,16.88,16.96,3023
2023-10-19,16.96,16.96,16.8,16.8,1700
2023-10-20,16.21,16.63,16.12,16.29,20901
2023-10-23,16.21,16.29,16.12,16.21,2000
2023-10-24,16.12,17.05,15.96,17.05,1306
2023-10-25,17.05,17.05,17.05,17.05,4
2023-10-26,16.38,16.38,16.21,16.21,2500
2023-10-27,16.21,16.21,15.54,15.96,500
2023-10-30,16.71,16.71,16.71,16.71,100
2023-10-31,15.7,15.7,15.62,15.62,600
2023-11-01,15.62,15.62,15.62,15.62,400
2023-11-02,15.96,16.46,15.96,16.46,800
2023-11-03,16.38,16.38,16.29,16.38,700
2023-11-06,15.62,16.71,15.62,16.71,200
2023-11-07,16.8,16.8,15.87,16.71,1400
2023-11-08,16.8,17.13,16.8,17.13,900
2023-11-09,17.05,17.05,16.8,16.8,3800
2023-11-10,16.63,16.8,16.54,16.8,1100
2023-11-13,16.8,16.8,16.54,16.71,900
2023-11-14,16.8,16.8,16.54,16.54,500
2023-11-15,16.8,16.8,16.63,16.71,500
2023-11-16,16.71,16.71,16.63,16.63,1000
2023-11-17,16.71,16.71,16.63,16.63,800
2023-11-20,16.38,16.38,16.38,16.38,500
2023-11-21,16.38,16.38,16.38,16.38,0
2023-11-22,15.62,16.71,15.2,16.71,1200
2023-11-23,16.71,16.71,15.54,16.46,1600
2023-11-24,16.46,16.46,15.54,16.29,1101
2023-11-27,16.54,16.54,15.62,15.62,400
2023-11-28,16.54,16.54,16.54,16.54,100
2023-11-29,16.63,16.63,16.63,16.63,102
2023-11-30,16.54,16.54,15.79,15.79,700
2023-12-01,15.79,15.79,15.79,15.79,230
2023-12-04,16.54,16.54,16.54,16.54,1000
2023-12-05,16.54,16.54,16.46,16.54,600
2023-12-06,15.96,16.46,15.96,16.46,700
2023-12-07,16.46,16.46,16.46,16.46,0
2023-12-08,16.46,16.46,16.46,16.46,15
2023-12-11,16.46,16.46,16.38,16.46,502
2023-12-12,16.46,16.8,16.46,16.71,3704
2023-12-13,16.71,16.71,16.71,16.71,100
2023-12-14,16.71,16.71,16.71,16.71,100
2023-12-15,16.71,16.71,15.62,16.54,3010
2023-12-18,16.54,16.54,16.54,16.54,0
2023-12-19,15.54,16.38,15.2,16.38,1200
2023-12-20,16.38,16.38,16.38,16.38,500
2023-12-21,16.63,16.63,16.38,16.46,2200
2023-12-22,16.63,16.63,16.63,16.63,100
2023-12-25,16.63,16.63,16.63,16.63,0
2023-12-26,15.54,16.63,15.54,16.63,210
2023-12-27,15.96,16.46,15.96,15.96,2000
2023-12-28,16.71,16.71,16.63,16.63,800
2023-12-29,16.71,16.71,16.38,16.63,800
2024-01-02,16.63,16.63,16.54,16.54,1100
2024-01-03,15.96,16.54,15.96,15.96,1200
2024-01-04,15.96,15.96,15.96,15.96,0
2024-01-05,15.96,15.96,15.7,15.7,500
2024-01-08,16.8,16.8,15.62,15.7,2800
2024-01-09,15.54,17.22,15.54,16.8,5500
2024-01-10,16.8,16.8,15.96,16.71,300
2024-01-11,16.8,16.8,16.04,16.04,200
2024-01-12,16.04,17.47,15.96,16.04,1400
2024-01-15,16.04,16.04,16.04,16.04,0
2024-01-16,16.04,16.04,16.04,16.04,500
2024-01-17,15.79,16.71,15.62,16.71,5000
2024-01-18,16.04,16.12,15.96,16.12,1300
2024-01-19,16.12,16.12,16.12,16.12,500
2024-01-22,16.71,16.71,16.46,16.46,700
2024-01-23,16.46,16.46,16.46,16.46,0
2024-01-24,16.46,16.46,16.46,16.46,0
2024-01-25,16.46,16.46,16.46,16.46,200
2024-01-26,16.46,16.46,16.38,16.46,1100
2024-01-29,16.54,16.54,16.54,16.54,9300
2024-01-30,16.54,16.54,16.54,16.54,200
2024-01-31,16.63,16.71,16.63,16.71,200
2024-02-01,16.71,16.71,16.71,16.71,100
2024-02-02,16.54,16.54,16.38,16.38,500
2024-02-05,16.38,16.38,16.21,16.38,5302
2024-02-06,16.12,16.38,15.96,16.38,2900
2024-02-07,16.38,16.38,16.38,16.38,0
2024-02-15,16.12,16.38,15.96,16.38,1500
2024-02-16,16.38,16.38,15.96,16.12,6200
2024-02-19,16.12,16.12,15.79,15.79,15100
2024-02-20,15.96,15.96,15.62,15.62,42200
2024-02-21,15.79,16.38,15.79,16.38,1620
2024-02-22,15.96,15.96,15.96,15.96,300
2024-02-23,15.96,15.96,15.87,15.87,7033
2024-02-26,15.87,15.87,15.87,15.87,8100
2024-02-27,15.87,15.87,15.87,15.87,900
2024-02-28,16.21,16.21,15.96,16.12,4234
2024-02-29,16.12,16.29,15.96,15.96,6000
2024-03-01,15.96,15.96,15.96,15.96,0
2024-03-04,15.96,15.96,15.87,15.96,700
2024-03-05,16.12,16.29,16.12,16.29,200
2024-03-06,16.29,16.29,16.29,16.29,700
2024-03-07,16.29,16.29,16.29,16.29,500
2024-03-08,16.29,16.29,16.29,16.29,1870
2024-03-11,16.04,16.04,16.04,16.04,100
2024-03-12,16.04,16.04,16.04,16.04,1130
2024-03-13,15.96,15.96,15.96,15.96,900
2024-03-14,15.96,16.12,15.96,16.04,9000
2024-03-15,16.04,16.04,16.04,16.04,3200
2024-03-18,15.79,15.96,15.79,15.96,200
2024-03-19,15.96,16.04,15.96,15.96,1001
2024-03-20,16.71,16.8,16.04,16.04,1800
2024-03-21,16.04,16.04,16.04,16.04,200
2024-03-22,16.04,16.12,16.04,16.04,400
2024-03-25,16.04,16.04,16.04,16.04,200
2024-03-26,16.04,16.04,15.96,15.96,4000
2024-03-27,16.04,16.04,16.04,16.04,1000
2024-03-28,16.04,16.04,16.04,16.04,200
2024-03-29,16.12,16.12,16.12,16.12,100
2024-04-01,16.63,16.63,16.12,16.12,1500
2024-04-02,16.12,16.29,16.12,16.12,1900
2024-04-03,16.21,16.21,16.04,16.21,5400
2024-04-04,16.12,16.12,16.12,16.12,1000
2024-04-05,16.12,16.12,16.12,16.12,0
2024-04-08,16.12,16.12,16.12,16.12,0
2024-04-09,16.04,16.04,16.04,16.04,200
2024-04-10,16.04,16.04,16.04,16.04,200
2024-04-11,16.04,16.04,16.04,16.04,1900
2024-04-12,16.29,16.29,16.04,16.04,300
2024-04-15,15.79,15.79,15.79,15.79,300
2024-04-16,15.79,15.79,15.54,15.62,5800
2024-04-17,16.04,16.04,15.79,15.79,5200
2024-04-19,15.79,15.79,15.79,15.79,300
2024-04-22,15.79,15.79,15.79,15.79,125
2024-04-23,15.79,15.79,15.79,15.79,10
2024-04-24,15.62,15.96,15.28,15.96,33500
2024-04-25,15.96,15.96,15.96,15.96,0
2024-04-26,15.96,15.96,15.96,15.96,0
2024-05-02,15.96,15.96,15.96,15.96,700
2024-05-03,15.96,15.96,15.96,15.96,0
2024-05-06,16.29,16.29,16.12,16.12,1100
2024-05-07,16.12,16.12,16.04,16.04,4600
2024-05-08,16.04,16.04,16.04,16.04,1
2024-05-09,16.12,16.12,16.12,16.12,500
2024-05-10,16.04,16.04,15.96,15.96,3800
2024-05-13,16.04,16.04,15.87,15.87,1700
2024-05-14,16.12,16.12,16.12,16.12,300
2024-05-15,15.96,15.96,15.96,15.96,100
2024-05-16,16.54,17.38,16.04,16.04,3601
2024-05-17,15.96,15.96,15.96,15.96,2800
2024-05-20,16.12,16.12,16.12,16.12,5000
2024-05-21,16.12,16.21,16.04,16.04,7700
2024-05-22,16.04,16.12,16.04,16.12,2700
2024-05-23,16.12,16.21,16.12,16.21,11600
2024-05-24,16.21,16.29,16.21,16.29,2400
2024-05-27,16.04,16.29,16.04,16.29,2506
2024-05-28,16.04,16.04,16.04,16.04,4400
2024-05-29,16.04,16.12,16.04,16.12,1700
2024-05-30,16.12,16.12,15.96,16.12,6300
2024-05-31,16.21,16.21,16.04,16.12,4400
2024-06-03,16.29,16.29,16.21,16.29,7800
2024-06-04,16.38,16.38,16.21,16.21,1900
2024-06-05,16.21,16.29,16.21,16.29,601
2024-06-06,16.29,16.29,16.21,16.21,3501
2024-06-07,16.21,16.29,16.21,16.21,6400
2024-06-10,16.21,16.21,16.21,16.21,6800
2024-06-11,16.21,16.21,16.21,16.21,2908
2024-06-12,16.21,16.21,16.12,16.21,11100
2024-06-13,16.21,16.29,16.21,16.21,2800
2024-06-14,16.21,16.21,16.21,16.21,1220
2024-06-17,16.21,16.38,16.21,16.38,6000
2024-06-18,16.29,16.38,16.29,16.38,1645
2024-06-19,16.46,16.8,16.46,16.54,4100
2024-06-20,16.54,16.54,16.54,16.54,5200
2024-06-21,16.54,16.54,16.46,16.54,5800
2024-06-24,16.63,16.8,16.54,16.54,5548
2024-06-25,16.54,16.54,16.54,16.54,300
2024-06-26,16.54,16.8,16.54,16.63,2900
2024-06-27,16.71,16.71,16.54,16.54,3110
2024-06-28,16.54,16.54,16.46,16.46,500
2024-07-01,16.38,16.38,16.38,16.38,2302
2024-07-02,16.38,16.38,16.38,16.38,108
2024-07-03,16.38,16.38,16.38,16.38,0
2024-07-04,16.54,16.8,16.54,16.8,600
2024-07-05,16.8,16.8,16.54,16.54,1200
2024-07-08,16.8,16.88,16.71,16.71,3100
2024-07-09,17.05,18.06,17.05,17.8,16280
2024-07-10,17.89,17.89,17.8,17.8,1401
2024-07-11,17.22,17.38,17.22,17.22,2692
2024-07-12,17.64,17.64,17.05,17.22,1400
2024-07-15,17.13,17.64,17.13,17.64,500
2024-07-16,17.64,17.64,16.8,16.8,4112
2024-07-17,17.64,17.64,17.05,17.05,2503
2024-07-18,17.05,17.05,16.63,16.71,2828
2024-07-19,16.71,16.71,16.71,16.71,4301
2024-07-22,16.8,16.8,16.71,16.71,1000
2024-07-23,16.8,16.8,16.8,16.8,1700
2024-07-24,16.8,16.8,16.71,16.71,3400
2024-07-25,16.71,16.71,16.71,16.71,0
2024-07-26,16.71,16.71,16.63,16.63,602
2024-07-29,16.63,16.63,16.63,16.63,1505
2024-07-30,16.63,16.8,16.29,16.8,1300
2024-07-31,16.8,17.13,16.8,16.88,770
2024-08-01,16.88,16.88,16.63,16.63,1700
2024-08-02,16.38,16.63,16.38,16.46,800
2024-08-05,16.46,16.46,16.12,16.12,700
2024-08-06,16.38,16.38,16.38,16.38,1100
2024-08-07,16.38,16.38,15.96,16.38,1104
2024-08-08,16.38,16.38,16.21,16.38,1200
2024-08-09,16.38,16.38,16.38,16.38,0
2024-08-12,16.46,16.46,16.46,16.46,1625
2024-08-13,16.46,16.46,16.46,16.46,700
2024-08-14,16.54,17.22,16.54,17.22,2934
2024-08-15,16.54,17.13,16.46,17.13,500
2024-08-16,16.8,16.96,16.46,16.96,2701
2024-08-19,17.05,17.47,17.05,17.47,5500
2024-08-20,17.55,17.64,17.55,17.55,3600
2024-08-21,17.55,17.72,17.55,17.64,7990
2024-08-22,17.64,17.8,17.47,17.64,8164
2024-08-23,17.64,17.64,17.55,17.55,2200
2024-08-26,17.55,17.55,17.55,17.55,5386
2024-08-27,17.64,17.64,17.22,17.55,2100
2024-08-28,17.55,17.64,16.96,17.47,2621
2024-08-29,17.47,17.47,16.88,16.88,14059
2024-08-30,18.14,18.14,16.79,16.79,3670
2024-09-04,16.79,17.06,16.7,16.88,5351
2024-09-05,16.7,16.79,16.7,16.79,2638
2024-09-06,16.79,16.79,16.7,16.7,1000
2024-09-09,16.79,16.79,16.43,16.43,6801
2024-09-10,16.52,16.52,16.43,16.43,900
2024-09-11,16.43,16.43,16.25,16.25,1500
2024-09-12,16.34,16.34,16.25,16.25,753
2024-09-13,16.25,16.25,16.25,16.25,200
2024-09-16,16.25,16.25,16.25,16.25,300
2024-09-17,16.25,16.25,16.25,16.25,65
2024-09-18,16.61,16.61,16.61,16.61,505
2024-09-19,16.61,16.61,16.61,16.61,400
2024-09-20,16.34,16.7,16.25,16.61,3400
2024-09-23,16.34,16.34,16.25,16.25,1500
2024-09-24,16.25,16.25,16.25,16.25,1700
2024-09-25,16.25,16.25,16.25,16.25,1300
2024-09-26,16.52,16.52,16.52,16.52,100
2024-09-27,16.52,16.52,16.52,16.52,0
2024-09-30,16.52,16.52,15.89,16.43,2301
2024-10-01,16.43,16.43,16.43,16.43,2603
2024-10-02,16.25,16.25,16.25,16.25,101
2024-10-03,16.25,16.25,16.25,16.25,2000
2024-10-04,16.34,16.34,16.34,16.34,400
2024-10-07,16.34,16.34,16.25,16.25,1921
2024-10-08,16.34,16.34,16.34,16.34,400
2024-10-09,16.43,16.52,16.43,16.52,800
2024-10-10,16.52,16.52,16.52,16.52,105
2024-10-11,16.25,16.25,16.25,16.25,2000
2024-10-14,16.25,16.25,16.25,16.25,1386
2024-10-15,16.25,16.25,16.25,16.25,0
2024-10-16,16.25,16.25,16.25,16.25,100
2024-10-17,16.25,16.25,16.25,16.25,1
2024-10-18,16.34,16.34,16.34,16.34,200
2024-10-21,16.25,16.34,16.25,16.34,1300
2024-10-22,16.07,16.34,16.07,16.25,900
2024-10-23,15.98,16.25,15.71,16.25,2000
2024-10-24,16.25,16.25,16.25,16.25,0
2024-10-25,16.25,16.25,16.25,16.25,0
2024-10-28,16.34,16.34,16.34,16.34,100
2024-10-29,16.52,16.7,16.52,16.7,1300
2024-10-30,16.7,16.7,16.7,16.7,0
2024-10-31,16.7,16.7,16.7,16.7,0
2024-11-01,16.25,16.34,16.25,16.25,6300
2024-11-04,16.25,16.25,16.25,16.25,0
2024-11-05,15.44,16.16,15.44,16.16,6200
2024-11-06,16.16,16.16,16.07,16.16,7000
2024-11-07,16.16,16.16,16.16,16.16,2202
2024-11-08,16.16,16.16,15.89,15.89,2300
2024-11-11,16.34,16.34,16.34,16.34,600
2024-11-12,16.25,16.34,16.25,16.34,200
2024-11-13,16.34,16.34,16.34,16.34,0
2024-11-14,16.34,16.34,16.34,16.34,0
2024-11-15,16.07,16.07,16.07,16.07,500
2024-11-18,16.07,16.07,15.89,15.89,1800
2024-11-19,15.89,15.89,15.89,15.89,1300
2024-11-20,15.89,15.89,15.89,15.89,0
2024-11-21,16.25,16.25,16.25,16.25,500
2024-11-22,16.25,16.25,16.25,16.25,0
2024-11-25,16.25,16.25,16.25,16.25,0
2024-11-26,16.25,16.25,16.25,16.25,0
2024-11-27,15.98,15.98,15.98,15.98,400
2024-11-28,15.89,16.07,15.71,16.07,3500
2024-11-29,15.44,16.52,15.44,16.07,1300
2024-12-02,16.07,16.07,16.07,16.07,0
2024-12-03,15.98,15.98,15.8,15.8,2200
2024-12-04,15.8,15.8,15.8,15.8,0
2024-12-05,15.8,15.8,15.8,15.8,0
2024-12-06,16.07,16.25,16.07,16.25,1600
2024-12-09,16.07,16.25,16.07,16.25,200
2024-12-10,16.25,16.25,16.25,16.25,100
2024-12-11,16.88,16.88,16.88,16.88,100
2024-12-12,16.34,16.34,16.34,16.34,101
2024-12-13,16.07,16.07,16.07,16.07,400
2024-12-16,16.34,16.34,16.34,16.34,100
2024-12-17,16.34,16.34,16.34,16.34,0
2024-12-18,16.34,16.34,16.34,16.34,302
2024-12-19,16.34,16.34,16.34,16.34,100
2024-12-20,16.25,16.25,16.25,16.25,200
2024-12-23,16.16,16.25,16.16,16.25,1000
2024-12-24,16.25,16.25,16.25,16.25,200
2024-12-25,16.25,16.25,16.25,16.25,119
2024-12-26,16.34,16.61,16.34,16.61,900
2024-12-27,16.25,16.25,16.25,16.25,402
2024-12-30,16.07,16.07,15.98,15.98,2300
2024-12-31,15.98,15.98,15.98,15.98,0
2025-01-02,15.98,15.98,15.98,15.98,0
2025-01-03,16.25,16.25,16.16,16.16,320
2025-01-06,16.07,16.07,16.07,16.07,503
2025-01-07,15.98,15.98,15.98,15.98,402
2025-01-08,15.98,15.98,15.98,15.98,1000
2025-01-09,15.98,15.98,15.98,15.98,2002
2025-01-10,15.98,15.98,15.98,15.98,3700
2025-01-13,15.98,15.98,15.98,15.98,500
2025-01-14,15.98,15.98,15.98,15.98,0
2025-01-15,15.98,15.98,15.98,15.98,0
2025-01-16,15.98,15.98,15.98,15.98,0
2025-01-17,16.7,16.7,16.7,16.7,100
2025-01-20,15.98,15.98,15.89,15.98,1900
2025-01-21,16.25,16.43,16.25,16.34,20900
2025-01-22,16.7,16.7,16.34,16.34,3800
2025-01-23,16.25,16.25,16.25,16.25,300
2025-01-24,16.34,16.34,16.34,16.34,300
2025-02-03,16.25,16.34,16.25,16.34,800
2025-02-04,16.61,16.7,16.34,16.7,6600
2025-02-05,16.7,16.7,16.7,16.7,1400
2025-02-06,16.7,16.7,16.7,16.7,500
2025-02-07,16.79,16.79,16.79,16.79,300
2025-02-10,16.7,16.79,16.7,16.79,700
2025-02-11,16.88,16.88,16.79,16.79,541
2025-02-12,16.79,16.79,16.79,16.79,400
2025-02-13,16.79,16.79,16.79,16.79,1300
2025-02-14,16.88,17.51,16.88,17.42,12544
2025-02-17,17.06,17.42,17.06,17.33,321
2025-02-18,17.33,17.33,17.33,17.33,0
2025-02-19,17.33,17.33,17.33,17.33,50
2025-02-20,17.33,17.33,17.33,17.33,5
2025-02-21,17.33,17.33,17.15,17.24,1500
2025-02-24,17.24,17.24,16.79,16.88,7800
2025-02-25,16.88,16.88,16.88,16.88,0
2025-02-26,16.97,16.97,16.88,16.88,1000
2025-02-27,17.06,17.15,17.06,17.15,3302
2025-02-28,17.15,17.15,17.15,17.15,430
2025-03-03,17.15,17.15,17.15,17.15,600
2025-03-04,17.15,17.15,17.06,17.15,3500
2025-03-05,17.06,17.06,17.06,17.06,117
2025-03-06,17.15,17.15,17.15,17.15,100
2025-03-07,17.24,17.24,17.24,17.24,900
2025-03-10,17.15,17.24,17.15,17.24,14700
2025-03-11,17.33,17.33,17.15,17.24,3000
2025-03-12,17.24,17.24,17.24,17.24,300
2025-03-13,17.15,17.24,17.15,17.24,1400
2025-03-14,17.24,17.24,17.24,17.24,0
2025-03-17,17.24,17.24,17.24,17.24,0
2025-03-18,17.24,17.24,17.24,17.24,100
2025-03-19,17.24,17.24,17.24,17.24,0
2025-03-20,17.24,17.24,16.97,16.97,300
2025-03-21,16.97,16.97,16.97,16.97,0
2025-03-24,17.78,17.78,17.15,17.78,9400
2025-03-25,18.05,18.42,17.78,18.05,13400
2025-03-26,18.05,18.05,18.05,18.05,700
2025-03-27,18.05,18.05,17.69,17.69,1700
2025-03-28,17.78,18.05,17.78,17.96,3800
2025-03-31,18.05,18.14,18.05,18.05,2300
2025-04-01,18.05,18.42,18.05,18.42,900
2025-04-02,18.42,18.6,18.32,18.6,3601
2025-04-03,18.51,18.51,17.15,18.32,13170
2025-04-04,16.7,17.87,16.61,17.87,4503
2025-04-08,16.52,16.79,16.43,16.79,2001
2025-04-09,16.79,18.05,16.79,16.88,11901
2025-04-10,18.05,18.05,18.05,18.05,1200
2025-04-11,17.96,18.05,17.96,18.05,200
2025-04-14,18.05,18.05,18.05,18.05,102
2025-04-15,18.05,18.05,17.96,18.05,3000
2025-04-16,18.05,18.05,17.51,18.05,2701
2025-04-17,18.05,18.05,17.6,18.05,505
2025-04-18,18.05,18.23,17.69,18.23,1000
2025-04-21,18.42,18.42,17.6,18.23,1600
2025-04-22,17.6,17.6,17.6,17.6,1204
2025-04-23,17.69,18.14,17.69,18.14,300
2025-04-24,18.14,18.14,18.14,18.14,0
2025-04-25,18.05,18.14,18.05,18.14,2400
2025-04-28,18.42,18.42,18.14,18.23,2404
2025-04-29,18.51,18.51,18.23,18.51,1700
2025-05-05,18.51,18.51,18.51,18.51,0
2025-05-06,19.41,19.41,18.96,18.96,202
2025-05-07,18.96,18.96,18.78,18.78,4000
2025-05-08,18.69,18.69,18.69,18.69,500
2025-05-09,18.14,18.96,18.14,18.96,1100
2025-05-12,18.96,18.96,18.96,18.96,0
2025-05-13,18.87,18.87,18.87,18.87,312
2025-05-14,18.87,18.87,18.87,18.87,9
2025-05-15,18.87,18.87,18.87,18.87,0
2025-05-16,18.69,19.32,18.69,19.32,3100
2025-05-19,18.96,18.96,18.96,18.96,2500
2025-05-20,18.96,18.96,18.96,18.96,300
2025-05-21,18.78,18.78,18.78,18.78,1000
2025-05-22,18.6,18.96,18.6,18.78,7300
2025-05-23,18.78,18.96,18.78,18.96,2100
2025-05-26,18.96,18.96,18.78,18.96,7700
2025-05-27,18.78,18.96,18.78,18.87,2700
2025-05-28,18.96,19.14,18.87,19.14,1300
2025-05-29,19.14,19.14,18.96,19.14,8300
2025-05-30,18.96,19.05,18.96,18.96,3601
2025-06-02,18.96,18.96,18.96,18.96,0
2025-06-03,18.96,18.96,18.96,18.96,500
2025-06-04,18.32,18.87,18.32,18.78,6900
2025-06-05,18.87,18.96,18.69,18.96,2700
2025-06-06,18.96,18.96,18.96,18.96,2100
2025-06-09,18.96,19.05,18.96,19.05,16100
2025-06-10,19.23,19.23,18.87,19.14,2922
2025-06-11,19.14,19.14,19.14,19.14,1
2025-06-12,18.87,19.05,18.87,19.05,1200
2025-06-13,18.96,18.96,18.6,18.96,13400
2025-06-16,18.96,18.96,18.96,18.96,7700
2025-06-17,18.96,19.23,18.96,19.23,59403
2025-06-18,19.23,19.32,19.23,19.32,2664
2025-06-19,19.32,19.32,19.32,19.32,600
2025-06-20,19.14,19.32,19.14,19.32,4800
2025-06-23,19.05,19.5,19.05,19.5,1400
2025-06-24,19.5,19.5,19.41,19.41,300
2025-06-25,19.41,19.68,19.32,19.59,6400
2025-06-26,19.41,19.41,19.41,19.41,1100
2025-06-27,19.41,19.41,19.23,19.23,4200
2025-06-30,19.14,19.41,19.14,19.41,1700
2025-07-01,19.41,19.41,19.41,19.41,0
2025-07-02,19.41,19.41,19.41,19.41,2500
2025-07-03,19.5,19.5,19.5,19.5,200
2025-07-04,19.59,19.59,19.41,19.41,6000
2025-07-07,19.41,19.86,19.41,19.86,3100
2025-07-08,19.32,19.5,19.32,19.5,2100
2025-07-09,19.32,19.5,19.32,19.5,6500
2025-07-10,19.5,19.86,19.5,19.5,46104
2025-07-11,19.41,19.41,19.41,19.41,3100
2025-07-14,19.41,19.41,19.32,19.32,3100
2025-07-15,19.59,19.59,19.5,19.5,1900
2025-07-16,19.5,19.59,19.5,19.59,5100
2025-07-17,19.59,19.59,19.59,19.59,18810
2025-07-18,19.59,19.86,19.59,19.86,3900
2025-07-21,20.67,20.67,20.31,20.58,2400
2025-07-22,20.76,21.03,20.31,20.31,7600
2025-07-23,20.76,20.76,20.76,20.76,3300
2025-07-24,20.76,20.76,20.76,20.76,0
2025-07-25,20.67,20.67,20.31,20.31,1200
2025-07-28,20.49,20.49,20.31,20.49,5600
2025-07-29,20.49,20.49,20.49,20.49,1800
2025-07-30,20.58,20.76,20.58,20.76,9000
2025-07-31,20.76,21.03,20.76,21.03,4200
2025-08-01,21.03,21.03,21.03,21.03,650
2025-08-04,21.03,21.03,21.03,21.03,2600
2025-08-05,21.03,21.03,21.03,21.03,1600
2025-08-06,21.03,21.12,21.03,21.12,6200
2025-08-07,21.3,21.39,21.3,21.39,200
2025-08-08,21.39,21.39,21.39,21.39,100
2025-08-11,21.39,21.39,21.39,21.39,2129
2025-08-12,21.66,21.76,21.66,21.66,3696
2025-08-13,22.12,22.12,21.03,21.76,11530
2025-08-14,22.12,22.57,21.94,22.57,29262
2025-08-15,22.57,22.57,22.03,22.21,10110
2025-08-18,22.3,22.39,21.66,21.66,8505
2025-08-19,22.21,23.2,22.12,23.02,71417
2025-08-20,23.11,23.56,22.84,23.56,36908
2025-08-21,23.74,23.92,23.29,23.56,23076
2025-08-22,23.56,23.56,22.84,23.11,12504
2025-08-25,23.29,23.29,21.3,22.84,36253
2025-08-26,22.84,23.47,22.84,23.02,49844
2025-08-27,23.11,23.38,22.84,23.2,48345
2025-08-28,25.0,25.0,21.5,21.6,28300
2025-08-29,21.6,23.0,19.5,21.0,48951
2025-09-03,21.0,22.0,20.0,21.9,19321
2025-09-04,21.0,21.0,20.3,20.6,28501
2025-09-05,20.6,21.0,20.3,20.6,7300
2025-09-08,20.3,20.3,20.0,20.1,14700
2025-09-09,20.0,20.1,20.0,20.1,2000
2025-09-10,20.3,20.4,20.3,20.3,4627
2025-09-11,20.3,21.0,20.2,21.0,9900
2025-09-12,21.0,21.0,20.3,20.9,11000
2025-09-15,20.7,20.7,20.5,20.5,9000
2025-09-16,20.4,20.7,20.4,20.4,7900
2025-09-17,20.5,20.5,20.5,20.5,18000
2025-09-18,20.5,20.5,20.4,20.4,1700
2025-09-19,20.4,20.7,20.4,20.4,1400
2025-09-22,20.5,20.5,20.2,20.2,7000
2025-09-23,20.4,20.4,19.9,20.0,11500
2025-09-24,20.0,20.1,20.0,20.0,2000
2025-09-25,20.0,20.0,20.0,20.0,3100
2025-09-26,20.1,20.2,20.1,20.2,3400
2025-09-29,20.4,20.6,20.4,20.5,6500
2025-09-30,20.4,20.4,20.4,20.4,1200
2025-10-01,20.6,20.6,20.5,20.5,1000
2025-10-02,20.5,20.5,20.1,20.1,1300
2025-10-03,20.1,20.1,20.0,20.1,5100
2025-10-06,20.2,20.8,20.1,20.8,1000
2025-10-07,20.1,20.2,20.1,20.2,1100
2025-10-08,20.2,20.6,20.1,20.1,9700
2025-10-09,20.5,20.5,20.2,20.2,5900
2025-10-10,20.1,20.5,20.1,20.5,2400
2025-10-13,20.5,20.5,20.5,20.5,1200
2025-10-14,20.2,20.2,20.0,20.1,4900
2025-10-15,20.1,20.1,20.1,20.1,2500
2025-10-16,20.1,20.1,20.1,20.1,2300
2025-10-17,20.3,20.3,20.0,20.0,3500
2025-10-20,20.5,20.5,20.0,20.0,3800
2025-10-21,19.8,20.0,19.8,20.0,300
