time,open,high,low,close,volume
2015-11-16,8.11,0.0,0.0,0.0,0
2015-11-17,8.11,0.0,0.0,0.0,0
2015-11-18,8.11,0.0,0.0,0.0,0
2015-11-19,8.11,0.0,0.0,0.0,0
2015-11-20,5.9,5.9,5.9,5.9,3000
2015-11-23,5.9,5.9,5.9,5.9,1500
2015-11-24,5.9,5.9,5.9,5.9,2600
2015-11-25,5.9,5.9,5.9,5.9,0
2015-11-26,5.9,5.9,5.9,5.9,1000
2015-11-27,5.9,5.9,5.9,5.9,2000
2015-11-30,5.9,5.9,5.9,5.9,0
2015-12-01,5.9,5.9,5.9,5.9,0
2015-12-02,5.9,5.9,5.9,5.9,0
2015-12-03,5.9,5.9,5.9,5.9,0
2015-12-04,5.9,5.9,5.9,5.9,0
2015-12-07,5.9,5.9,5.9,5.9,0
2015-12-08,5.9,5.9,5.9,5.9,0
2015-12-09,5.9,5.9,5.9,5.9,0
2015-12-10,5.9,5.9,5.9,5.9,0
2015-12-11,5.9,5.9,5.9,5.9,0
2015-12-14,5.9,5.9,5.9,5.9,0
2015-12-15,5.9,5.9,5.9,5.9,0
2015-12-16,5.9,5.9,5.9,5.9,0
2015-12-17,6.08,6.08,6.08,6.08,300
2015-12-18,6.08,6.08,6.08,6.08,0
2015-12-21,6.08,6.08,6.08,6.08,0
2015-12-22,6.08,6.08,6.08,6.08,0
2015-12-23,6.08,6.08,6.08,6.08,0
2015-12-24,6.08,6.08,6.08,6.08,0
2015-12-25,6.08,6.08,6.08,6.08,0
2015-12-28,6.08,6.08,6.08,6.08,0
2015-12-29,6.08,6.08,6.08,6.08,0
2015-12-30,6.08,6.08,6.08,6.08,0
2015-12-31,6.08,6.08,6.08,6.08,0
2016-01-04,6.08,6.08,6.08,6.08,0
2016-01-05,6.08,6.08,6.08,6.08,0
2016-01-06,6.08,6.08,6.08,6.08,0
2016-01-07,6.08,6.08,6.08,6.08,0
2016-01-08,6.08,6.08,6.08,6.08,0
2016-01-11,6.08,6.08,6.08,6.08,0
2016-01-12,6.08,6.08,6.08,6.08,500
2016-01-13,6.08,6.08,6.08,6.08,0
2016-01-14,6.08,6.08,6.08,6.08,0
2016-01-15,6.08,6.08,6.08,6.08,0
2016-01-18,6.08,6.08,6.08,6.08,0
2016-01-19,6.08,6.08,6.08,6.08,0
2016-01-20,6.08,6.08,6.08,6.08,0
2016-01-21,6.08,6.08,6.08,6.08,0
2016-01-22,6.08,6.08,6.08,6.08,0
2016-01-25,6.08,6.08,6.08,6.08,0
2016-01-26,6.08,6.08,6.08,6.08,0
2016-01-27,6.08,6.08,6.08,6.08,0
2016-01-28,6.08,6.08,6.08,6.08,0
2016-01-29,6.08,6.08,6.08,6.08,0
2016-02-01,6.08,6.08,6.08,6.08,0
2016-02-02,6.08,6.08,6.08,6.08,0
2016-02-03,6.08,6.08,6.08,6.08,0
2016-02-04,6.08,6.08,6.08,6.08,0
2016-02-05,6.08,6.08,6.08,6.08,500
2016-02-15,6.08,6.08,6.08,6.08,0
2016-02-16,6.08,6.08,6.08,6.08,0
2016-02-17,6.08,6.08,6.08,6.08,0
2016-02-18,6.08,6.08,6.08,6.08,0
2016-02-19,6.08,6.08,6.08,6.08,0
2016-02-22,6.08,6.08,6.08,6.08,0
2016-02-23,6.08,6.08,6.08,6.08,0
2016-02-24,6.08,6.08,6.08,6.08,0
2016-02-25,6.08,6.08,6.08,6.08,0
2016-02-26,6.08,6.08,6.08,6.08,0
2016-02-29,6.08,6.08,6.08,6.08,0
2016-03-01,6.08,6.08,6.08,6.08,0
2016-03-02,6.08,6.08,6.08,6.08,0
2016-03-03,6.08,6.08,6.08,6.08,0
2016-03-04,6.08,6.08,6.08,6.08,5000
2016-03-07,6.08,6.08,6.08,6.08,0
2016-03-08,6.08,6.08,6.08,6.08,0
2016-03-09,6.08,6.08,6.08,6.08,0
2016-03-10,6.08,6.08,6.08,6.08,0
2016-03-11,6.08,6.08,6.08,6.08,0
2016-03-14,6.08,6.08,6.08,6.08,0
2016-03-15,6.08,6.08,6.08,6.08,0
2016-03-16,6.08,6.08,6.08,6.08,0
2016-03-17,6.08,6.08,6.08,6.08,0
2016-03-18,6.08,6.08,6.08,6.08,0
2016-03-21,6.08,6.08,6.08,6.08,0
2016-03-22,6.08,6.08,6.08,6.08,0
2016-03-23,6.08,6.08,6.08,6.08,0
2016-03-24,6.08,6.08,6.08,6.08,0
2016-03-25,6.08,6.08,6.08,6.08,0
2016-03-28,6.08,6.08,6.08,6.08,0
2016-03-29,6.08,6.08,6.08,6.08,0
2016-03-30,6.08,6.08,6.08,6.08,0
2016-03-31,6.08,6.08,6.08,6.08,0
2016-04-01,6.08,6.08,6.08,6.08,0
2016-04-04,6.08,6.08,6.08,6.08,0
2016-04-05,6.08,6.08,6.08,6.08,0
2016-04-06,6.08,6.08,6.08,6.08,0
2016-04-07,6.08,6.08,6.08,6.08,0
2016-04-08,6.08,6.08,6.08,6.08,0
2016-04-11,6.08,6.08,6.08,6.08,0
2016-04-12,6.08,6.08,6.08,6.08,0
2016-04-13,6.08,6.08,6.08,6.08,0
2016-04-14,6.08,6.08,6.08,6.08,0
2016-04-15,6.08,6.08,6.08,6.08,0
2016-04-19,6.08,6.08,6.08,6.08,3000
2016-04-20,6.08,6.08,6.08,6.08,0
2016-04-21,6.08,6.08,6.08,6.08,0
2016-04-22,6.08,6.08,6.08,6.08,0
2016-04-25,6.08,6.08,6.08,6.08,0
2016-04-26,6.08,6.08,6.08,6.08,0
2016-04-27,6.08,6.08,6.08,6.08,0
2016-04-28,6.08,6.08,6.08,6.08,0
2016-04-29,6.08,6.08,6.08,6.08,0
2016-05-04,6.08,6.08,6.08,6.08,0
2016-05-05,6.08,6.08,6.08,6.08,0
2016-05-06,6.08,6.08,6.08,6.08,0
2016-05-09,6.08,6.08,6.08,6.08,0
2016-05-10,6.08,6.08,6.08,6.08,0
2016-05-11,6.08,6.08,6.08,6.08,0
2016-05-12,6.08,6.08,6.08,6.08,0
2016-05-13,6.08,6.08,6.08,6.08,0
2016-05-16,6.08,6.08,6.08,6.08,0
2016-05-17,6.08,6.08,6.08,6.08,0
2016-05-18,6.08,6.08,6.08,6.08,0
2016-05-19,6.08,6.08,6.08,6.08,0
2016-05-20,6.08,6.08,6.08,6.08,0
2016-05-23,6.08,6.08,6.08,6.08,0
2016-05-24,6.08,6.08,6.08,6.08,0
2016-05-25,6.08,6.08,6.08,6.08,0
2016-05-26,6.08,6.08,6.08,6.08,0
2016-05-27,6.08,6.08,6.08,6.08,0
2016-05-30,6.08,6.08,6.08,6.08,0
2016-05-31,6.08,6.08,6.08,6.08,0
2016-06-01,6.08,6.08,6.08,6.08,0
2016-06-02,6.08,6.08,6.08,6.08,0
2016-06-03,6.08,6.08,6.08,6.08,0
2016-06-06,6.08,6.08,6.08,6.08,0
2016-06-07,6.08,6.08,6.08,6.08,0
2016-06-08,6.08,6.08,6.08,6.08,0
2016-06-09,6.08,6.08,6.08,6.08,0
2016-06-10,6.08,6.08,6.08,6.08,0
2016-06-13,6.08,6.08,6.08,6.08,0
2016-06-14,6.08,6.08,6.08,6.08,0
2016-06-15,6.08,6.08,6.08,6.08,0
2016-06-16,6.08,6.08,6.08,6.08,0
2016-06-17,6.08,6.08,6.08,6.08,0
2016-06-20,6.08,6.08,6.08,6.08,0
2016-06-21,6.08,6.08,6.08,6.08,0
2016-06-22,6.08,6.08,6.08,6.08,0
2016-06-23,6.08,6.08,6.08,6.08,0
2016-06-24,6.08,6.08,6.08,6.08,0
2016-06-27,6.08,6.08,6.08,6.08,0
2016-06-28,6.08,6.08,6.08,6.08,0
2016-06-29,6.08,6.08,6.08,6.08,0
2016-06-30,6.08,6.08,6.08,6.08,0
2016-07-01,6.08,6.08,6.08,6.08,0
2016-07-04,6.08,6.08,6.08,6.08,0
2016-07-05,6.08,6.08,6.08,6.08,0
2016-07-06,6.08,6.08,6.08,6.08,0
2016-07-07,6.08,6.08,6.08,6.08,0
2016-07-08,6.08,6.08,6.08,6.08,0
2016-07-11,6.08,6.08,6.08,6.08,0
2016-07-12,6.08,6.08,6.08,6.08,0
2016-07-13,6.08,6.08,6.08,6.08,0
2016-07-14,6.08,6.08,6.08,6.08,0
2016-07-15,6.08,6.08,6.08,6.08,0
2016-07-18,6.08,6.08,6.08,6.08,0
2016-07-19,6.08,6.08,6.08,6.08,0
2016-07-20,6.08,6.08,6.08,6.08,0
2016-07-21,6.08,6.08,6.08,6.08,0
2016-07-22,6.08,6.08,6.08,6.08,0
2016-07-25,6.08,6.08,6.08,6.08,0
2016-07-26,6.08,6.08,6.08,6.08,0
2016-07-27,6.08,6.08,6.08,6.08,0
2016-07-28,6.64,6.64,6.64,6.64,0
2016-07-29,6.64,6.64,6.64,6.64,0
2016-08-01,6.64,6.64,6.64,6.64,0
2016-08-02,6.64,6.64,6.64,6.64,0
2016-08-03,6.64,6.64,6.64,6.64,0
2016-08-04,6.64,6.64,6.64,6.64,0
2016-08-05,6.64,6.64,6.64,6.64,0
2016-08-08,6.64,6.64,6.64,6.64,0
2016-08-09,6.64,6.64,6.64,6.64,0
2016-08-10,6.64,6.64,6.64,6.64,0
2016-08-11,6.64,6.64,6.64,6.64,0
2016-08-12,6.64,6.64,6.64,6.64,0
2016-08-15,6.64,6.64,6.64,6.64,0
2016-08-16,6.64,6.64,6.64,6.64,0
2016-08-17,6.64,6.64,6.64,6.64,1000
2016-08-18,6.64,6.64,6.64,6.64,0
2016-08-19,6.64,6.64,6.64,6.64,0
2016-08-22,6.64,6.64,6.64,6.64,0
2016-08-23,6.64,6.64,6.64,6.64,0
2016-08-24,6.64,6.64,6.64,6.64,0
2016-08-25,6.64,6.64,6.64,6.64,0
2016-08-26,6.64,6.64,6.64,6.64,0
2016-08-29,6.64,6.64,6.64,6.64,0
2016-08-30,6.64,6.64,6.64,6.64,0
2016-08-31,6.64,6.64,6.64,6.64,0
2016-09-01,6.64,6.64,6.64,6.64,0
2016-09-05,6.64,6.64,6.64,6.64,0
2016-09-06,6.64,6.64,6.64,6.64,0
2016-09-07,6.64,6.64,6.64,6.64,0
2016-09-08,6.64,6.64,6.64,6.64,0
2016-09-09,6.64,6.64,6.64,6.64,0
2016-09-12,6.64,6.64,6.64,6.64,0
2016-09-13,6.64,6.64,6.64,6.64,0
2016-09-14,6.64,6.64,6.64,6.64,0
2016-09-15,6.64,6.64,6.64,6.64,0
2016-09-16,6.64,6.64,6.64,6.64,0
2016-09-19,6.64,6.64,6.64,6.64,0
2016-09-20,6.64,6.64,6.64,6.64,0
2016-09-21,6.64,6.64,6.64,6.64,0
2016-09-22,6.64,6.64,6.64,6.64,0
2016-09-23,6.64,6.64,6.64,6.64,0
2016-09-26,6.64,6.64,6.64,6.64,0
2016-09-27,6.64,6.64,6.64,6.64,0
2016-09-28,6.64,6.64,6.64,6.64,0
2016-09-29,6.64,6.64,6.64,6.64,0
2016-09-30,6.64,6.64,6.64,6.64,0
2016-10-03,6.64,6.64,6.64,6.64,0
2016-10-04,6.64,6.64,6.64,6.64,0
2016-10-05,6.64,6.64,6.64,6.64,0
2016-10-06,6.64,6.64,6.64,6.64,0
2016-10-07,6.64,6.64,6.64,6.64,0
2016-10-10,6.64,6.64,6.64,6.64,0
2016-10-11,6.64,6.64,6.64,6.64,0
2016-10-12,6.64,6.64,6.64,6.64,0
2016-10-13,6.64,6.64,6.64,6.64,0
2016-10-14,6.64,6.64,6.64,6.64,0
2016-10-17,6.64,6.64,6.64,6.64,0
2016-10-18,6.64,6.64,6.64,6.64,0
2016-10-19,6.64,6.64,6.64,6.64,0
2016-10-20,6.64,6.64,6.64,6.64,0
2016-10-21,6.64,6.64,6.64,6.64,0
2016-10-24,6.64,6.64,6.64,6.64,0
2016-10-25,6.64,6.64,6.64,6.64,0
2016-10-26,6.64,6.64,6.64,6.64,0
2016-10-27,6.64,6.64,6.64,6.64,0
2016-10-28,6.64,6.64,6.64,6.64,0
2016-10-31,6.64,6.64,6.64,6.64,0
2016-11-01,6.64,6.64,6.64,6.64,0
2016-11-02,6.64,6.64,6.64,6.64,0
2016-11-03,6.64,6.64,6.64,6.64,0
2016-11-04,6.64,6.64,6.64,6.64,0
2016-11-07,6.64,6.64,6.64,6.64,0
2016-11-08,6.64,6.64,6.64,6.64,0
2016-11-09,6.64,6.64,6.64,6.64,0
2016-11-10,6.64,6.64,6.64,6.64,0
2016-11-11,6.64,6.64,6.64,6.64,0
2016-11-14,6.64,6.64,6.64,6.64,0
2016-11-15,6.64,6.64,6.64,6.64,0
2016-11-16,6.64,6.64,6.64,6.64,0
2016-11-17,6.64,6.64,6.64,6.64,0
2016-11-18,6.64,6.64,6.64,6.64,0
2016-11-21,6.64,6.64,6.64,6.64,0
2016-11-22,6.64,6.64,6.64,6.64,0
2016-11-23,6.64,6.64,6.64,6.64,0
2016-11-24,6.64,6.64,6.64,6.64,0
2016-11-25,6.64,6.64,6.64,6.64,0
2016-11-28,6.64,6.64,6.64,6.64,0
2016-11-29,6.64,6.64,6.64,6.64,0
2016-11-30,6.64,6.64,6.64,6.64,0
2016-12-01,6.64,6.64,6.64,6.64,0
2016-12-02,6.64,6.64,6.64,6.64,0
2016-12-05,6.64,6.64,6.64,6.64,0
2016-12-06,6.64,6.64,6.64,6.64,0
2016-12-07,6.64,6.64,6.64,6.64,0
2016-12-08,6.64,6.64,6.64,6.64,0
2016-12-09,6.64,6.64,6.64,6.64,0
2016-12-12,6.64,6.64,6.64,6.64,0
2016-12-13,6.64,6.64,6.64,6.64,0
2016-12-14,6.64,6.64,6.64,6.64,0
2016-12-15,6.64,6.64,6.64,6.64,0
2016-12-16,6.64,6.64,6.64,6.64,0
2016-12-19,6.64,6.64,6.64,6.64,0
2016-12-20,6.64,6.64,6.64,6.64,0
2016-12-21,6.64,6.64,6.64,6.64,0
2016-12-22,6.64,6.64,6.64,6.64,0
2016-12-23,6.64,6.64,6.64,6.64,0
2016-12-26,6.64,6.64,6.64,6.64,0
2016-12-27,6.64,6.64,6.64,6.64,0
2016-12-28,6.64,6.64,6.64,6.64,0
2016-12-29,4.03,4.03,4.03,4.03,2400
2016-12-30,4.03,4.03,4.03,4.03,0
2017-01-03,4.03,4.03,4.03,4.03,0
2017-01-04,4.03,4.03,4.03,4.03,0
2017-01-05,4.63,4.63,4.63,4.63,1000
2017-01-06,4.63,4.63,4.63,4.63,0
2017-01-09,4.63,4.63,4.63,4.63,0
2017-01-10,4.63,4.63,4.63,4.63,0
2017-01-11,4.63,4.63,4.63,4.63,0
2017-01-12,5.32,5.32,5.32,5.32,500
2017-01-13,5.32,5.32,5.32,5.32,0
2017-01-16,5.32,5.32,5.32,5.32,0
2017-01-17,5.32,5.32,5.32,5.32,0
2017-01-18,5.32,5.32,5.32,5.32,0
2017-01-19,5.52,5.52,5.52,5.52,500
2017-01-20,5.52,5.52,5.52,5.52,0
2017-01-23,5.52,5.52,5.52,5.52,0
2017-01-24,5.52,5.52,5.52,5.52,0
2017-01-25,5.52,5.52,5.52,5.52,0
2017-02-02,5.52,5.52,5.52,5.52,0
2017-02-03,5.52,5.52,5.52,5.52,0
2017-02-06,5.52,5.52,5.52,5.52,0
2017-02-07,5.52,5.52,5.52,5.52,0
2017-02-08,5.52,5.52,5.52,5.52,0
2017-02-09,5.52,5.52,5.52,5.52,0
2017-02-10,5.52,5.52,5.52,5.52,0
2017-02-13,5.52,5.52,5.52,5.52,0
2017-02-14,5.52,5.52,5.52,5.52,0
2017-02-15,5.52,5.52,5.52,5.52,0
2017-02-16,5.52,5.52,5.52,5.52,0
2017-02-17,5.52,5.52,5.52,5.52,0
2017-02-20,5.52,5.52,5.52,5.52,0
2017-02-21,5.52,5.52,5.52,5.52,0
2017-02-22,5.52,5.52,5.52,5.52,0
2017-02-23,5.52,5.52,5.52,5.52,0
2017-02-24,5.52,5.52,5.52,5.52,0
2017-02-27,5.52,5.52,5.52,5.52,0
2017-02-28,5.52,5.52,5.52,5.52,0
2017-03-01,5.52,5.52,5.52,5.52,0
2017-03-02,5.52,5.52,5.52,5.52,0
2017-03-03,5.52,5.52,5.52,5.52,0
2017-03-06,5.52,5.52,5.52,5.52,0
2017-03-07,5.52,5.52,5.52,5.52,0
2017-03-08,5.52,5.52,5.52,5.52,0
2017-03-09,5.52,5.52,5.52,5.52,0
2017-03-10,5.52,5.52,5.52,5.52,0
2017-03-13,5.52,5.52,5.52,5.52,0
2017-03-14,5.52,5.52,5.52,5.52,0
2017-03-15,5.52,5.52,5.52,5.52,0
2017-03-16,5.52,5.52,5.52,5.52,0
2017-03-17,5.52,5.52,5.52,5.52,0
2017-03-20,5.52,5.52,5.52,5.52,0
2017-03-21,5.52,5.52,5.52,5.52,0
2017-03-22,5.52,5.52,5.52,5.52,0
2017-03-23,5.52,5.52,5.52,5.52,0
2017-03-24,5.52,5.52,5.52,5.52,0
2017-03-27,5.52,5.52,5.52,5.52,0
2017-03-28,5.52,5.52,5.52,5.52,0
2017-03-29,5.52,5.52,5.52,5.52,0
2017-03-30,5.52,5.52,5.52,5.52,0
2017-03-31,5.52,5.52,5.52,5.52,0
2017-04-03,5.52,5.52,5.52,5.52,0
2017-04-04,5.52,5.52,5.52,5.52,0
2017-04-05,5.52,5.52,5.52,5.52,0
2017-04-07,5.52,5.52,5.52,5.52,0
2017-04-10,5.52,5.52,5.52,5.52,0
2017-04-11,5.52,5.52,5.52,5.52,0
2017-04-12,5.52,5.52,5.52,5.52,0
2017-04-13,5.52,5.52,5.52,5.52,0
2017-04-14,5.52,5.52,5.52,5.52,0
2017-04-17,5.52,5.52,5.52,5.52,0
2017-04-18,5.52,5.52,5.52,5.52,0
2017-04-19,5.52,5.52,5.52,5.52,0
2017-04-20,5.52,5.52,5.52,5.52,0
2017-04-21,3.34,3.34,3.34,3.34,100
2017-04-24,3.34,3.34,3.34,3.34,0
2017-04-25,3.34,3.34,3.34,3.34,0
2017-04-26,3.34,3.34,3.34,3.34,0
2017-04-27,3.34,3.34,3.34,3.34,0
2017-04-28,3.34,3.34,3.34,3.34,0
2017-05-03,3.34,3.34,3.34,3.34,0
2017-05-04,3.34,3.34,3.34,3.34,0
2017-05-05,3.34,3.34,3.34,3.34,0
2017-05-08,3.34,3.34,3.34,3.34,0
2017-05-09,3.34,3.34,3.34,3.34,0
2017-05-10,3.34,3.34,3.34,3.34,0
2017-05-11,3.34,3.34,3.34,3.34,0
2017-05-12,3.34,3.34,3.34,3.34,0
2017-05-15,3.34,3.34,3.34,3.34,0
2017-05-16,3.34,3.34,3.34,3.34,0
2017-05-17,3.34,3.34,3.34,3.34,0
2017-05-18,3.34,3.34,3.34,3.34,0
2017-05-19,3.34,3.34,3.34,3.34,0
2017-05-22,3.34,3.34,3.34,3.34,0
2017-05-23,3.34,3.34,3.34,3.34,0
2017-05-24,3.34,3.34,3.34,3.34,0
2017-05-25,3.34,3.34,3.34,3.34,0
2017-05-26,3.34,3.34,3.34,3.34,0
2017-05-29,3.34,3.34,3.34,3.34,0
2017-05-30,3.34,3.34,3.34,3.34,0
2017-05-31,3.34,3.34,3.34,3.34,0
2017-06-01,3.34,3.34,3.34,3.34,0
2017-06-02,3.34,3.34,3.34,3.34,0
2017-06-05,3.34,3.34,3.34,3.34,0
2017-06-06,3.34,3.34,3.34,3.34,0
2017-06-07,3.34,3.34,3.34,3.34,0
2017-06-08,3.34,3.34,3.34,3.34,0
2017-06-09,3.34,3.34,3.34,3.34,0
2017-06-12,3.34,3.34,3.34,3.34,0
2017-06-13,3.34,3.34,3.34,3.34,0
2017-06-14,3.34,3.34,3.34,3.34,0
2017-06-15,3.34,3.34,3.34,3.34,0
2017-06-16,3.34,3.34,3.34,3.34,0
2017-06-19,3.34,3.34,3.34,3.34,0
2017-06-20,3.34,3.34,3.34,3.34,0
2017-06-21,3.34,3.34,3.34,3.34,0
2017-06-22,3.34,3.34,3.34,3.34,0
2017-06-23,3.34,3.34,3.34,3.34,0
2017-06-26,3.34,3.34,3.34,3.34,0
2017-06-27,3.34,3.34,3.34,3.34,0
2017-06-28,3.34,3.34,3.34,3.34,0
2017-06-29,3.34,3.34,3.34,3.34,0
2017-06-30,3.34,3.34,3.34,3.34,0
2017-07-03,3.34,3.34,3.34,3.34,0
2017-07-04,3.34,3.34,3.34,3.34,0
2017-07-05,3.34,3.34,3.34,3.34,0
2017-07-06,3.34,3.34,3.34,3.34,0
2017-07-07,3.34,3.34,3.34,3.34,0
2017-07-10,3.34,3.34,3.34,3.34,0
2017-07-11,3.34,3.34,3.34,3.34,0
2017-07-12,3.34,3.34,3.34,3.34,0
2017-07-13,3.34,3.34,3.34,3.34,0
2017-07-14,3.34,3.34,3.34,3.34,0
2017-07-17,3.34,3.34,3.34,3.34,0
2017-07-18,3.34,3.34,3.34,3.34,0
2017-07-19,3.34,3.34,3.34,3.34,0
2017-07-20,3.34,3.34,3.34,3.34,0
2017-07-21,3.34,3.34,3.34,3.34,0
2017-07-24,3.34,3.34,3.34,3.34,0
2017-07-25,3.34,3.34,3.34,3.34,0
2017-07-26,3.34,3.34,3.34,3.34,0
2017-07-27,3.34,3.34,3.34,3.34,0
2017-07-28,3.34,3.34,3.34,3.34,0
2017-07-31,3.34,3.34,3.34,3.34,0
2017-08-01,3.34,3.34,3.34,3.34,0
2017-08-02,3.34,3.34,3.34,3.34,0
2017-08-03,3.34,3.34,3.34,3.34,0
2017-08-04,3.34,3.34,3.34,3.34,0
2017-08-07,3.34,3.34,3.34,3.34,0
2017-08-08,3.34,3.34,3.34,3.34,0
2017-08-09,3.34,3.34,3.34,3.34,0
2017-08-10,3.34,3.34,3.34,3.34,0
2017-08-11,3.34,3.34,3.34,3.34,0
2017-08-14,3.34,3.34,3.34,3.34,0
2017-08-15,3.34,3.34,3.34,3.34,0
2017-08-16,3.34,3.34,3.34,3.34,0
2017-08-17,3.34,3.34,3.34,3.34,0
2017-08-18,3.34,3.34,3.34,3.34,0
2017-08-21,3.34,3.34,3.34,3.34,0
2017-08-22,3.34,3.34,3.34,3.34,0
2017-08-23,3.34,3.34,3.34,3.34,0
2017-08-24,3.34,3.34,3.34,3.34,0
2017-08-25,3.34,3.34,3.34,3.34,0
2017-08-28,3.34,3.34,3.34,3.34,0
2017-08-29,3.34,3.34,3.34,3.34,0
2017-08-30,3.34,3.34,3.34,3.34,0
2017-08-31,3.34,3.34,3.34,3.34,0
2017-09-01,3.34,3.34,3.34,3.34,0
2017-09-05,3.34,3.34,3.34,3.34,0
2017-09-06,3.34,3.34,3.34,3.34,0
2017-09-07,3.34,3.34,3.34,3.34,0
2017-09-08,3.34,3.34,3.34,3.34,0
2017-09-11,4.67,4.67,4.67,4.67,200
2017-09-12,5.36,5.36,5.36,5.36,100
2017-09-13,5.36,5.36,5.36,5.36,0
2017-09-14,5.36,5.36,5.36,5.36,0
2017-09-15,5.36,5.36,5.36,5.36,0
2017-09-18,5.36,5.36,5.36,5.36,0
2017-09-19,5.36,5.36,5.36,5.36,0
2017-09-20,5.36,5.36,5.36,5.36,0
2017-09-21,5.36,5.36,5.36,5.36,0
2017-09-22,5.36,5.36,5.36,5.36,0
2017-09-25,5.36,5.36,5.36,5.36,0
2017-09-26,5.36,5.36,5.36,5.36,0
2017-09-27,5.36,5.36,5.36,5.36,0
2017-09-28,5.36,5.36,5.36,5.36,0
2017-09-29,5.36,5.36,5.36,5.36,0
2017-10-02,5.36,5.36,5.36,5.36,0
2017-10-03,5.36,5.36,5.36,5.36,0
2017-10-04,5.36,5.36,5.36,5.36,0
2017-10-05,5.36,5.36,5.36,5.36,0
2017-10-06,5.36,5.36,5.36,5.36,0
2017-10-09,5.36,5.36,5.36,5.36,0
2017-10-10,5.36,5.36,5.36,5.36,0
2017-10-11,5.36,5.36,5.36,5.36,0
2017-10-12,5.36,5.36,5.36,5.36,0
2017-10-13,6.08,6.12,6.08,6.12,2500
2017-10-16,5.22,5.22,5.22,5.22,100
2017-10-17,5.22,5.22,5.22,5.22,0
2017-10-18,5.22,5.22,5.22,5.22,0
2017-10-19,5.22,5.22,5.22,5.22,0
2017-10-20,5.22,5.22,5.22,5.22,0
2017-10-23,5.22,5.22,5.22,5.22,0
2017-10-24,5.22,5.22,5.22,5.22,0
2017-10-25,5.22,5.22,5.22,5.22,0
2017-10-26,5.22,5.22,5.22,5.22,0
2017-10-27,5.22,5.22,5.22,5.22,0
2017-10-30,5.22,5.22,5.22,5.22,0
2017-10-31,5.22,5.22,5.22,5.22,0
2017-11-01,5.22,5.22,5.22,5.22,0
2017-11-02,5.22,5.22,5.22,5.22,0
2017-11-03,5.22,5.22,5.22,5.22,0
2017-11-06,5.22,5.22,5.22,5.22,0
2017-11-07,5.22,5.22,5.22,5.22,0
2017-11-08,5.22,5.22,5.22,5.22,0
2017-11-09,5.22,5.22,5.22,5.22,0
2017-11-10,5.22,5.22,5.22,5.22,0
2017-11-13,5.22,5.22,5.22,5.22,0
2017-11-14,5.22,5.22,5.22,5.22,0
2017-11-15,5.22,5.22,5.22,5.22,0
2017-11-16,5.22,5.22,5.22,5.22,0
2017-11-17,5.22,5.22,5.22,5.22,0
2017-11-20,5.22,5.22,5.22,5.22,0
2017-11-21,5.22,5.22,5.22,5.22,0
2017-11-22,5.22,5.22,5.22,5.22,0
2017-11-23,5.22,5.22,5.22,5.22,0
2017-11-24,5.22,5.22,5.22,5.22,0
2017-11-27,5.22,5.22,5.22,5.22,0
2017-11-28,5.22,5.22,5.22,5.22,0
2017-11-29,5.22,5.22,5.22,5.22,0
2017-11-30,5.22,5.22,5.22,5.22,0
2017-12-01,5.22,5.22,5.22,5.22,0
2017-12-04,5.22,5.22,5.22,5.22,0
2017-12-05,5.22,5.22,5.22,5.22,0
2017-12-06,5.22,5.22,5.22,5.22,0
2017-12-07,5.22,5.22,4.59,5.22,100
2017-12-08,5.22,5.22,5.22,5.22,0
2017-12-11,5.22,5.22,5.22,5.22,0
2017-12-12,5.22,5.22,5.22,5.22,0
2017-12-13,5.22,5.22,5.22,5.22,0
2017-12-14,5.22,5.22,5.22,5.22,0
2017-12-15,5.22,5.22,5.22,5.22,0
2017-12-18,5.22,5.22,5.22,5.22,0
2017-12-19,5.22,5.22,5.22,5.22,0
2017-12-20,5.22,5.22,5.22,5.22,0
2017-12-21,5.22,5.22,5.22,5.22,0
2017-12-22,5.22,5.22,5.22,5.22,0
2017-12-25,5.22,5.22,5.22,5.22,0
2017-12-26,5.22,5.22,5.22,5.22,0
2017-12-27,5.22,5.22,5.22,5.22,0
2017-12-28,5.22,5.22,5.22,5.22,0
2017-12-29,5.22,5.22,5.22,5.22,0
2018-01-02,5.22,5.22,5.22,5.22,0
2018-01-03,5.22,5.22,5.22,5.22,0
2018-01-04,5.22,5.22,5.22,5.22,0
2018-01-05,5.22,5.22,5.22,5.22,0
2018-01-08,5.22,5.22,5.22,5.22,0
2018-01-09,5.22,5.22,5.22,5.22,0
2018-01-10,5.22,5.22,5.22,5.22,0
2018-01-11,5.22,5.22,5.22,5.22,0
2018-01-12,5.22,5.22,5.22,5.22,0
2018-01-15,5.22,5.22,5.22,5.22,0
2018-01-16,5.22,5.22,5.22,5.22,0
2018-01-17,5.22,5.22,5.22,5.22,0
2018-01-18,5.22,5.22,5.22,5.22,0
2018-01-19,5.22,5.22,5.22,5.22,0
2018-01-22,5.22,5.22,5.22,5.22,0
2018-01-23,5.22,5.22,5.22,5.22,0
2018-01-24,5.22,5.22,5.22,5.22,0
2018-01-25,5.22,5.22,5.22,5.22,0
2018-01-26,5.22,5.22,5.22,5.22,0
2018-01-29,5.22,5.22,5.22,5.22,0
2018-01-30,5.22,5.22,5.22,5.22,0
2018-01-31,5.22,5.22,5.22,5.22,0
2018-02-01,5.22,5.22,5.22,5.22,0
2018-02-02,5.22,5.22,5.22,5.22,0
2018-02-05,5.22,5.22,5.22,5.22,0
2018-02-06,5.22,5.22,5.22,5.22,0
2018-02-07,5.22,5.22,5.22,5.22,0
2018-02-08,5.22,5.22,5.22,5.22,0
2018-02-09,5.22,5.22,5.22,5.22,0
2018-02-12,5.22,5.22,5.22,5.22,0
2018-02-13,5.22,5.22,5.22,5.22,0
2018-02-21,5.22,5.22,5.22,5.22,0
2018-02-22,5.22,5.22,5.22,5.22,0
2018-02-23,5.22,5.22,5.22,5.22,0
2018-02-26,5.22,5.22,5.22,5.22,0
2018-02-27,5.22,5.22,5.22,5.22,0
2018-02-28,5.22,5.22,5.22,5.22,0
2018-03-01,5.22,5.22,5.22,5.22,0
2018-03-02,5.22,5.22,5.22,5.22,0
2018-03-05,5.22,5.22,5.22,5.22,0
2018-03-06,5.22,5.22,5.22,5.22,0
2018-03-07,5.22,5.22,5.22,5.22,0
2018-03-08,5.22,5.22,5.22,5.22,0
2018-03-09,5.22,5.22,5.22,5.22,0
2018-03-12,5.22,5.22,5.22,5.22,0
2018-03-13,5.22,5.22,5.22,5.22,0
2018-03-14,5.22,5.22,5.22,5.22,0
2018-03-15,5.22,5.22,5.22,5.22,0
2018-03-16,5.22,5.22,5.22,5.22,0
2018-03-19,5.22,5.22,5.22,5.22,0
2018-03-20,5.22,5.22,5.22,5.22,0
2018-03-21,5.22,5.22,5.22,5.22,0
2018-03-22,5.22,5.22,5.22,5.22,0
2018-03-23,5.22,5.22,5.22,5.22,0
2018-03-26,5.22,5.22,5.22,5.22,0
2018-03-27,5.22,5.22,5.22,5.22,0
2018-03-28,5.22,5.22,5.22,5.22,0
2018-03-29,5.22,5.22,5.22,5.22,0
2018-03-30,5.22,5.22,5.22,5.22,0
2018-04-02,5.22,5.22,5.22,5.22,0
2018-04-03,5.22,5.22,5.22,5.22,0
2018-04-04,5.22,5.22,5.22,5.22,0
2018-04-05,5.22,5.22,5.22,5.22,0
2018-04-06,5.22,5.22,5.22,5.22,0
2018-04-09,5.22,5.22,5.22,5.22,0
2018-04-10,5.22,5.22,5.22,5.22,0
2018-04-11,5.22,5.22,5.22,5.22,0
2018-04-12,5.22,5.22,5.22,5.22,0
2018-04-13,5.22,5.22,5.22,5.22,100
2018-04-16,5.22,5.22,5.22,5.22,0
2018-04-17,5.22,5.22,5.22,5.22,0
2018-04-18,5.22,5.22,5.22,5.22,0
2018-04-19,5.22,5.22,5.22,5.22,0
2018-04-20,5.22,5.22,5.22,5.22,0
2018-04-23,5.22,5.22,5.22,5.22,0
2018-04-24,5.22,5.22,5.22,5.22,0
2018-04-26,5.22,5.22,5.22,5.22,0
2018-04-27,5.22,5.22,5.22,5.22,0
2018-05-02,5.22,5.22,5.22,5.22,0
2018-05-03,5.22,5.22,5.22,5.22,0
2018-05-04,5.22,5.22,5.22,5.22,0
2018-05-07,5.22,5.22,5.22,5.22,0
2018-05-08,5.22,5.22,5.22,5.22,0
2018-05-09,5.22,5.22,5.22,5.22,0
2018-05-10,5.22,5.22,5.22,5.22,0
2018-05-11,5.22,5.22,5.22,5.22,0
2018-05-14,5.22,5.22,5.22,5.22,0
2018-05-15,5.22,5.22,5.22,5.22,0
2018-05-16,5.22,5.22,5.22,5.22,0
2018-05-17,5.22,5.22,5.22,5.22,0
2018-05-18,5.22,5.22,5.22,5.22,0
2018-05-21,5.22,5.22,5.22,5.22,0
2018-05-22,5.22,5.22,5.22,5.22,0
2018-05-23,5.22,5.22,5.22,5.22,0
2018-05-24,5.22,5.22,5.22,5.22,0
2018-05-25,5.22,5.22,5.22,5.22,0
2018-05-28,5.22,5.22,5.22,5.22,0
2018-05-29,5.22,5.22,5.22,5.22,0
2018-05-30,5.22,5.22,5.22,5.22,0
2018-05-31,5.22,5.22,5.22,5.22,0
2018-06-01,5.22,5.22,5.22,5.22,0
2018-06-04,5.22,5.22,5.22,5.22,0
2018-06-05,5.22,5.22,5.22,5.22,0
2018-06-06,5.22,5.22,5.22,5.22,0
2018-06-07,5.22,5.22,5.22,5.22,0
2018-06-08,5.22,5.22,5.22,5.22,0
2018-06-11,5.22,5.22,5.22,5.22,0
2018-06-12,5.22,5.22,5.22,5.22,0
2018-06-13,5.22,5.22,5.22,5.22,0
2018-06-14,5.22,5.22,5.22,5.22,0
2018-06-15,5.22,5.22,5.22,5.22,0
2018-06-18,5.22,5.22,5.22,5.22,0
2018-06-19,5.22,5.22,5.22,5.22,0
2018-06-20,5.22,5.22,5.22,5.22,0
2018-06-21,5.22,5.22,5.22,5.22,0
2018-06-22,5.22,5.22,5.22,5.22,0
2018-06-25,5.22,5.22,5.22,5.22,0
2018-06-26,5.22,5.22,5.22,5.22,0
2018-06-27,5.22,5.22,5.22,5.22,0
2018-06-28,5.22,5.22,5.22,5.22,0
2018-06-29,5.22,5.22,5.22,5.22,0
2018-07-02,5.22,5.22,5.22,5.22,0
2018-07-03,5.22,5.22,5.22,5.22,0
2018-07-04,5.22,5.22,5.22,5.22,0
2018-07-05,5.22,5.22,5.22,5.22,0
2018-07-06,5.22,5.22,5.22,5.22,0
2018-07-09,5.22,5.22,5.22,5.22,0
2018-07-10,5.22,5.22,5.22,5.22,0
2018-07-11,5.22,5.22,5.22,5.22,0
2018-07-12,5.22,5.22,5.22,5.22,0
2018-07-13,5.22,5.22,5.22,5.22,0
2018-07-16,5.22,5.22,5.22,5.22,0
2018-07-17,5.22,5.22,5.22,5.22,0
2018-07-18,5.22,5.22,5.22,5.22,0
2018-07-19,5.22,5.22,5.22,5.22,0
2018-07-20,5.22,5.22,5.22,5.22,0
2018-07-23,5.22,5.22,5.22,5.22,0
2018-07-24,5.22,5.22,5.22,5.22,0
2018-07-25,5.22,5.22,5.22,5.22,0
2018-07-26,5.22,5.22,5.22,5.22,0
2018-07-27,5.22,5.22,5.22,5.22,0
2018-07-30,5.22,5.22,5.22,5.22,0
2018-07-31,5.22,5.22,5.22,5.22,0
2018-08-01,5.22,5.22,5.22,5.22,0
2018-08-02,5.22,5.22,5.22,5.22,0
2018-08-03,5.22,5.22,5.22,5.22,0
2018-08-06,5.22,5.22,5.22,5.22,0
2018-08-07,5.22,5.22,5.22,5.22,0
2018-08-08,5.22,5.22,5.22,5.22,0
2018-08-09,5.22,5.22,5.22,5.22,0
2018-08-10,5.22,5.22,5.22,5.22,0
2018-08-13,5.22,5.22,5.22,5.22,0
2018-08-14,5.22,5.22,5.22,5.22,0
2018-08-15,5.22,5.22,5.22,5.22,0
2018-08-16,5.22,5.22,5.22,5.22,0
2018-08-17,5.22,5.22,5.22,5.22,0
2018-08-20,5.22,5.22,5.22,5.22,0
2018-08-21,5.22,5.22,5.22,5.22,0
2018-08-22,5.22,5.22,5.22,5.22,0
2018-08-23,5.22,5.22,5.22,5.22,0
2018-08-24,5.22,5.22,5.22,5.22,0
2018-08-27,5.22,5.22,5.22,5.22,0
2018-08-28,5.22,5.22,5.22,5.22,0
2018-08-29,5.22,5.22,5.22,5.22,0
2018-08-30,5.22,5.22,5.22,5.22,0
2018-08-31,5.22,5.22,5.22,5.22,0
2018-09-04,5.22,5.22,5.22,5.22,0
2018-09-05,5.22,5.22,5.22,5.22,0
2018-09-06,5.22,5.22,5.22,5.22,0
2018-09-07,5.12,5.12,5.12,5.12,3800
2018-09-10,5.12,5.12,5.12,5.12,0
2018-09-11,5.12,5.12,5.12,5.12,0
2018-09-12,5.12,5.12,5.12,5.12,0
2018-09-13,5.12,5.12,5.12,5.12,0
2018-09-14,5.12,5.12,5.12,5.12,0
2018-09-17,5.12,5.12,5.12,5.12,0
2018-09-18,5.12,5.12,5.12,5.12,0
2018-09-19,5.12,5.12,5.12,5.12,0
2018-09-20,5.12,5.12,5.12,5.12,0
2018-09-21,5.12,5.12,5.12,5.12,0
2018-09-24,5.12,5.12,5.12,5.12,0
2018-09-25,5.12,5.12,5.12,5.12,0
2018-09-26,5.12,5.12,5.12,5.12,0
2018-09-27,5.12,5.12,5.12,5.12,0
2018-09-28,5.12,5.12,5.12,5.12,0
2018-10-01,5.12,5.12,5.12,5.12,0
2018-10-02,5.12,5.12,5.12,5.12,0
2018-10-03,5.12,5.12,5.12,5.12,0
2018-10-04,5.12,5.12,5.12,5.12,0
2018-10-05,5.12,5.12,5.12,5.12,0
2018-10-08,5.12,5.12,5.12,5.12,0
2018-10-09,5.12,5.12,5.12,5.12,0
2018-10-10,5.12,5.12,5.12,5.12,0
2018-10-11,5.12,5.12,5.12,5.12,0
2018-10-12,5.12,5.12,5.12,5.12,0
2018-10-15,5.12,5.12,5.12,5.12,0
2018-10-16,5.12,5.12,5.12,5.12,0
2018-10-17,5.12,5.12,5.12,5.12,0
2018-10-18,5.12,5.12,5.12,5.12,0
2018-10-19,5.12,5.12,5.12,5.12,0
2018-10-22,5.12,5.12,5.12,5.12,0
2018-10-23,5.12,5.12,5.12,5.12,0
2018-10-24,3.07,3.07,3.07,3.07,300
2018-10-25,3.07,3.07,3.07,3.07,0
2018-10-26,3.07,3.07,3.07,3.07,0
2018-10-29,3.07,3.07,3.07,3.07,0
2018-10-30,3.07,3.07,3.07,3.07,0
2018-10-31,3.07,3.07,3.07,3.07,0
2018-11-01,3.07,3.07,3.07,3.07,0
2018-11-02,3.07,3.07,3.07,3.07,0
2018-11-05,3.07,3.07,3.07,3.07,0
2018-11-06,3.07,3.07,3.07,3.07,0
2018-11-07,3.07,3.07,3.07,3.07,0
2018-11-08,3.07,3.07,3.07,3.07,0
2018-11-09,3.07,3.07,3.07,3.07,0
2018-11-12,3.07,3.07,3.07,3.07,0
2018-11-13,3.07,3.07,3.07,3.07,0
2018-11-14,3.07,3.07,3.07,3.07,0
2018-11-15,3.07,3.07,3.07,3.07,0
2018-11-16,3.07,3.07,3.07,3.07,0
2018-11-19,3.07,3.07,3.07,3.07,0
2018-11-20,3.07,3.07,3.07,3.07,0
2018-11-21,3.07,3.07,3.07,3.07,0
2018-11-22,3.07,3.07,3.07,3.07,0
2018-11-23,3.07,3.07,3.07,3.07,0
2018-11-26,3.07,3.07,3.07,3.07,0
2018-11-27,3.07,3.07,3.07,3.07,0
2018-11-28,3.07,3.07,3.07,3.07,0
2018-11-29,3.07,3.07,3.07,3.07,0
2018-11-30,3.07,3.07,3.07,3.07,0
2018-12-03,3.07,3.07,3.07,3.07,0
2018-12-04,3.07,3.07,3.07,3.07,0
2018-12-05,3.07,3.07,3.07,3.07,0
2018-12-06,3.07,3.07,3.07,3.07,0
2018-12-07,3.07,3.07,3.07,3.07,0
2018-12-10,3.07,3.07,3.07,3.07,0
2018-12-11,3.07,3.07,3.07,3.07,0
2018-12-12,3.53,3.53,3.53,3.53,1000
2018-12-13,3.53,3.53,3.53,3.53,0
2018-12-14,3.53,3.53,3.53,3.53,0
2018-12-17,3.53,3.53,3.53,3.53,0
2018-12-18,3.53,3.53,3.53,3.53,0
2018-12-19,3.53,3.53,3.53,3.53,0
2018-12-20,3.53,3.53,3.53,3.53,0
2018-12-21,3.53,3.53,3.53,3.53,0
2018-12-24,3.53,3.53,3.53,3.53,0
2018-12-25,3.53,3.53,3.53,3.53,0
2018-12-26,3.53,3.53,3.53,3.53,0
2018-12-27,3.53,3.53,3.53,3.53,0
2018-12-28,3.53,3.53,3.53,3.53,0
2019-01-02,3.53,3.53,3.53,3.53,0
2019-01-03,3.53,3.53,3.53,3.53,0
2019-01-04,3.53,3.53,3.53,3.53,0
2019-01-07,3.53,3.53,3.53,3.53,0
2019-01-08,3.53,3.53,3.53,3.53,0
2019-01-09,3.53,3.53,3.53,3.53,0
2019-01-10,3.53,3.53,3.53,3.53,0
2019-01-11,3.53,3.53,3.53,3.53,0
2019-01-14,3.53,3.53,3.53,3.53,0
2019-01-15,3.53,3.53,3.53,3.53,0
2019-01-16,3.53,3.53,3.53,3.53,0
2019-01-17,3.53,3.53,3.53,3.53,0
2019-01-18,3.53,3.53,3.53,3.53,0
2019-01-21,3.53,3.53,3.53,3.53,0
2019-01-22,3.53,3.53,3.53,3.53,0
2019-01-23,3.53,3.53,3.53,3.53,0
2019-01-24,3.53,3.53,3.53,3.53,0
2019-01-25,3.53,3.53,3.53,3.53,0
2019-01-28,3.53,3.53,3.53,3.53,0
2019-01-29,3.53,3.53,3.53,3.53,0
2019-01-30,3.53,3.53,3.53,3.53,0
2019-01-31,3.53,3.53,3.53,3.53,0
2019-02-01,3.53,3.53,3.53,3.53,0
2019-02-11,3.53,3.53,3.53,3.53,0
2019-02-12,3.53,3.53,3.53,3.53,0
2019-02-13,3.53,3.53,3.53,3.53,0
2019-02-14,3.53,3.53,3.53,3.53,0
2019-02-15,3.53,3.53,3.53,3.53,0
2019-02-18,3.53,3.53,3.53,3.53,0
2019-02-19,3.53,3.53,3.53,3.53,0
2019-02-20,3.53,3.53,3.53,3.53,0
2019-02-21,3.53,3.53,3.53,3.53,0
2019-02-22,3.53,3.53,3.53,3.53,0
2019-02-25,3.53,3.53,3.53,3.53,0
2019-02-26,3.53,3.53,3.53,3.53,0
2019-02-27,3.53,3.53,3.53,3.53,0
2019-02-28,3.53,3.53,3.53,3.53,0
2019-03-01,3.53,3.53,3.53,3.53,0
2019-03-04,3.53,3.53,3.53,3.53,0
2019-03-05,3.53,3.53,3.53,3.53,0
2019-03-06,3.53,3.53,3.53,3.53,0
2019-03-07,3.53,3.53,3.53,3.53,0
2019-03-08,3.53,3.53,3.53,3.53,0
2019-03-11,3.53,3.53,3.53,3.53,0
2019-03-12,3.53,3.53,3.53,3.53,0
2019-03-13,3.53,3.53,3.53,3.53,0
2019-03-14,3.53,3.53,3.53,3.53,0
2019-03-15,3.53,3.53,3.53,3.53,0
2019-03-18,3.53,3.53,3.53,3.53,0
2019-03-19,3.53,3.53,3.53,3.53,0
2019-03-20,3.53,3.53,3.53,3.53,0
2019-03-21,3.53,3.53,3.53,3.53,0
2019-03-22,3.53,3.53,3.53,3.53,0
2019-03-25,3.53,3.53,3.53,3.53,0
2019-03-26,3.53,3.53,3.53,3.53,0
2019-03-27,3.53,3.53,3.53,3.53,0
2019-03-28,3.53,3.53,3.53,3.53,0
2019-03-29,3.53,3.53,3.53,3.53,0
2019-04-01,3.53,3.53,3.53,3.53,0
2019-04-02,3.53,3.53,3.53,3.53,0
2019-04-03,3.53,3.53,3.53,3.53,0
2019-04-04,3.53,3.53,3.53,3.53,0
2019-04-05,3.53,3.53,3.53,3.53,0
2019-04-08,3.53,3.53,3.53,3.53,0
2019-04-09,3.53,3.53,3.53,3.53,0
2019-04-10,3.53,3.53,3.53,3.53,0
2019-04-11,3.53,3.53,3.53,3.53,0
2019-04-12,3.53,3.53,3.53,3.53,0
2019-04-16,3.53,3.53,3.53,3.53,0
2019-04-17,4.91,4.91,4.91,4.91,100
2019-04-18,5.63,5.63,5.63,5.63,2000
2019-04-19,5.63,5.63,5.63,5.63,0
2019-04-22,6.45,6.45,6.45,6.45,100
2019-04-23,7.37,7.37,7.37,7.37,100
2019-04-24,7.37,7.37,7.37,7.37,0
2019-04-25,7.37,7.37,7.37,7.37,0
2019-04-26,8.45,8.45,8.45,8.45,1700
2019-05-02,8.45,8.45,8.45,8.45,0
2019-05-03,8.45,8.45,8.45,8.45,0
2019-05-06,7.22,7.22,7.22,7.22,100
2019-05-07,8.29,8.29,6.25,6.35,500
2019-05-08,7.63,7.63,7.63,7.63,100
2019-05-09,7.12,7.12,7.12,7.12,100
2019-05-10,8.14,8.14,8.14,8.14,200
2019-05-13,7.32,7.32,7.32,7.32,100
2019-05-14,6.25,7.32,6.25,6.25,1400
2019-05-15,6.5,6.25,6.25,6.25,0
2019-05-16,6.5,6.25,6.25,6.25,0
2019-05-17,6.5,6.25,6.25,6.25,0
2019-05-20,6.5,6.25,6.25,6.25,0
2019-05-21,7.47,7.47,6.6,6.6,500
2019-05-22,7.73,7.73,7.73,7.73,100
2019-05-23,8.86,8.86,8.86,8.86,100
2019-05-24,7.68,7.68,7.68,7.68,100
2019-05-27,7.37,7.37,7.37,7.37,100
2019-05-28,7.37,7.37,7.37,7.37,100
2019-05-29,7.17,7.17,7.17,7.17,100
2019-05-30,6.96,6.96,6.96,6.96,100
2019-05-31,6.96,6.96,6.96,6.96,0
2019-06-03,7.99,7.99,7.99,7.99,100
2019-06-04,9.16,9.16,9.16,9.16,100
2019-06-05,10.49,10.49,10.49,10.49,100
2019-06-06,11.72,11.72,11.72,11.72,100
2019-06-07,13.46,13.46,13.46,13.46,100
2019-06-10,15.46,15.46,11.47,13.36,1000
2019-06-11,12.64,13.36,13.36,13.36,0
2019-06-12,14.54,14.54,10.75,10.75,800
2019-06-13,11.52,10.75,10.75,10.75,0
2019-06-14,13.21,13.21,9.83,9.83,900
2019-06-17,10.24,9.83,9.83,9.83,0
2019-06-18,10.24,9.83,9.83,9.83,0
2019-06-19,10.24,9.83,9.83,9.83,0
2019-06-20,11.77,11.77,8.7,8.7,300
2019-06-21,9.73,9.73,9.73,9.73,9300
2019-06-24,9.73,9.73,9.73,9.73,7000
2019-06-25,8.29,8.29,8.29,8.29,100
2019-06-26,7.27,7.27,7.27,7.27,100
2019-06-27,8.34,8.34,8.34,8.34,100
2019-06-28,8.34,8.34,8.34,8.34,0
2019-07-01,8.34,8.34,8.34,8.34,0
2019-07-02,8.34,8.34,8.34,8.34,0
2019-07-03,9.57,9.57,9.57,9.57,100
2019-07-04,9.73,9.73,9.73,9.57,6000
2019-07-05,9.57,9.73,9.73,9.73,0
2019-07-08,9.57,9.73,9.73,9.73,0
2019-07-09,9.57,9.73,9.73,9.73,0
2019-07-10,8.75,8.75,8.75,8.75,100
2019-07-11,8.75,8.75,8.75,8.75,0
2019-07-12,8.75,8.75,8.75,8.75,0
2019-07-15,7.73,7.73,7.73,7.73,100
2019-07-16,7.73,7.73,7.73,7.73,0
2019-07-17,7.73,7.73,7.73,7.73,0
2019-07-18,7.27,7.27,7.27,7.27,100
2019-07-19,7.27,7.27,7.27,7.27,0
2019-07-22,7.27,7.27,7.27,7.27,0
2019-07-23,7.27,7.27,7.27,7.27,0
2019-07-24,7.27,7.27,7.27,7.27,0
2019-07-25,6.91,6.91,6.91,6.91,100
2019-07-26,6.91,6.91,6.91,6.91,0
2019-07-29,6.91,6.91,6.91,6.91,0
2019-07-30,6.91,6.91,6.91,6.91,0
2019-07-31,7.93,7.93,7.93,7.93,1500
2019-08-01,7.93,7.93,7.93,7.93,0
2019-08-02,7.93,7.93,7.93,7.93,100
2019-08-05,7.93,7.93,7.93,7.93,0
2019-08-06,7.42,7.42,7.42,7.42,200
2019-08-07,7.42,7.42,7.42,7.42,0
2019-08-08,7.42,7.42,7.42,7.42,0
2019-08-09,8.5,8.5,8.5,8.5,100
2019-08-12,9.73,9.73,9.73,9.73,1700
2019-08-13,9.73,9.73,9.73,9.73,0
2019-08-14,9.73,9.73,9.73,9.73,0
2019-08-15,8.29,8.29,8.29,8.29,100
2019-08-16,9.52,9.52,9.52,9.52,200
2019-08-19,9.52,9.52,9.52,9.52,0
2019-08-20,9.52,9.52,9.52,9.52,0
2019-08-21,8.14,8.14,8.14,8.14,100
2019-08-22,8.14,8.14,8.14,8.14,0
2019-08-23,8.14,8.14,8.14,8.14,0
2019-08-26,6.96,6.96,6.96,6.96,100
2019-08-27,6.96,6.96,6.96,6.96,0
2019-08-28,6.96,6.96,6.96,6.96,0
2019-08-29,6.96,6.96,6.96,6.96,0
2019-08-30,6.96,6.96,6.96,6.96,0
2019-09-03,6.96,6.96,6.96,6.96,0
2019-09-04,6.96,6.96,6.96,6.96,0
2019-09-05,6.96,6.96,6.96,6.96,0
2019-09-06,6.96,6.96,6.96,6.96,0
2019-09-09,6.96,6.96,6.96,6.96,0
2019-09-10,6.14,6.14,6.14,6.14,100
2019-09-11,6.14,6.14,6.14,6.14,0
2019-09-12,6.14,6.14,6.14,6.14,0
2019-09-13,6.14,6.14,6.14,6.14,0
2019-09-16,6.14,6.14,6.14,6.14,0
2019-09-17,6.14,6.14,6.14,6.14,0
2019-09-18,6.14,6.14,6.14,6.14,0
2019-09-19,6.14,6.95,6.95,6.95,0
2019-09-20,6.14,6.95,6.95,6.95,0
2019-09-23,6.14,6.95,6.95,6.95,0
2019-09-24,6.14,6.95,6.95,6.95,0
2019-09-25,6.14,6.95,6.95,6.95,0
2019-09-26,6.14,6.95,6.95,6.95,0
2019-09-27,6.14,6.95,6.95,6.95,0
2019-09-30,6.14,6.95,6.95,6.95,0
2019-10-01,6.14,6.95,6.95,6.95,0
2019-10-02,7.01,7.01,7.01,7.01,100
2019-10-03,7.01,7.01,7.01,7.01,0
2019-10-04,7.01,7.01,7.01,7.01,0
2019-10-07,7.01,7.01,7.01,7.01,0
2019-10-08,7.01,7.01,7.01,7.01,0
2019-10-09,7.01,7.01,7.01,7.01,0
2019-10-10,7.01,7.01,7.01,7.01,0
2019-10-11,7.01,7.01,7.01,7.01,0
2019-10-14,7.01,7.01,7.01,7.01,0
2019-10-15,7.01,7.01,7.01,7.01,0
2019-10-16,7.01,7.01,7.01,7.01,0
2019-10-17,7.01,7.01,7.01,7.01,0
2019-10-18,7.01,7.01,7.01,7.01,0
2019-10-21,7.01,7.01,7.01,7.01,0
2019-10-22,7.01,7.01,7.01,7.01,0
2019-10-23,7.01,7.01,7.01,7.01,0
2019-10-24,7.01,7.01,7.01,7.01,0
2019-10-25,7.01,7.01,7.01,7.01,0
2019-10-28,7.01,7.01,7.01,7.01,0
2019-10-29,7.01,7.01,7.01,7.01,0
2019-10-30,7.01,7.01,7.01,7.01,0
2019-10-31,7.01,7.01,7.01,7.01,0
2019-11-01,7.01,7.01,7.01,7.01,0
2019-11-04,7.01,7.01,7.01,7.01,0
2019-11-05,7.01,7.01,7.01,7.01,0
2019-11-06,7.01,7.01,7.01,7.01,0
2019-11-07,7.01,7.01,7.01,7.01,0
2019-11-08,7.01,7.01,7.01,7.01,0
2019-11-11,7.01,7.01,7.01,7.01,0
2019-11-12,7.01,7.01,7.01,7.01,0
2019-11-13,7.01,7.01,7.01,7.01,0
2019-11-14,7.01,7.01,7.01,7.01,0
2019-11-15,7.01,7.01,7.01,7.01,0
2019-11-18,7.01,7.01,7.01,7.01,0
2019-11-19,7.01,7.01,7.01,7.01,0
2019-11-20,7.01,7.01,7.01,7.01,0
2019-11-21,7.01,7.01,7.01,7.01,0
2019-11-22,7.01,7.01,7.01,7.01,0
2019-11-25,7.01,7.01,7.01,7.01,0
2019-11-26,7.01,7.01,7.01,7.01,0
2019-11-27,7.01,7.01,7.01,7.01,0
2019-11-28,7.01,7.01,7.01,7.01,0
2019-11-29,7.01,7.01,7.01,7.01,0
2019-12-02,7.01,7.01,7.01,7.01,0
2019-12-03,7.01,7.01,7.01,7.01,0
2019-12-04,7.01,7.01,7.01,7.01,0
2019-12-05,7.01,7.01,7.01,7.01,0
2019-12-06,7.01,7.01,7.01,7.01,0
2019-12-09,7.01,7.01,7.01,7.01,0
2019-12-10,7.01,7.01,7.01,7.01,0
2019-12-11,7.01,7.01,7.01,7.01,0
2019-12-12,7.01,7.01,7.01,7.01,0
2019-12-13,7.01,7.01,7.01,7.01,0
2019-12-16,7.01,7.01,7.01,7.01,0
2019-12-17,7.01,7.01,7.01,7.01,0
2019-12-18,6.37,6.37,6.37,6.37,100
2019-12-19,6.37,6.37,6.37,6.37,0
2019-12-20,6.37,6.37,6.37,6.37,0
2019-12-23,6.37,6.37,6.37,6.37,0
2019-12-24,6.37,6.37,6.37,6.37,0
2019-12-25,6.37,6.37,6.37,6.37,0
2019-12-26,6.37,6.37,6.37,6.37,0
2019-12-27,6.37,6.37,6.37,6.37,0
2019-12-30,6.37,6.37,6.37,6.37,0
2019-12-31,6.37,6.37,6.37,6.37,0
2020-01-02,6.37,6.37,6.37,6.37,0
2020-01-03,6.37,6.37,6.37,6.37,0
2020-01-06,6.37,6.37,6.37,6.37,0
2020-01-07,6.37,6.37,6.37,6.37,0
2020-01-08,6.37,6.37,6.37,6.37,0
2020-01-09,6.37,6.37,6.37,6.37,0
2020-01-10,6.37,6.37,6.37,6.37,0
2020-01-13,6.37,6.37,6.37,6.37,0
2020-01-14,6.37,6.37,6.37,6.37,0
2020-01-15,6.37,6.37,6.37,6.37,0
2020-01-16,6.37,6.37,6.37,6.37,0
2020-01-17,6.37,6.37,6.37,6.37,0
2020-01-20,6.37,6.37,6.37,6.37,0
2020-01-21,6.37,6.37,6.37,6.37,0
2020-01-22,6.37,6.37,6.37,6.37,0
2020-01-30,6.37,6.37,6.37,6.37,0
2020-01-31,6.37,6.37,6.37,6.37,0
2020-02-03,6.37,6.37,6.37,6.37,0
2020-02-04,6.37,6.37,6.37,6.37,0
2020-02-05,6.37,6.37,6.37,6.37,0
2020-02-06,6.37,6.37,6.37,6.37,0
2020-02-07,6.37,6.37,6.37,6.37,0
2020-02-10,6.37,6.37,6.37,6.37,0
2020-02-11,6.37,6.37,6.37,6.37,0
2020-02-12,6.37,6.37,6.37,6.37,0
2020-02-13,6.37,6.37,6.37,6.37,0
2020-02-14,6.37,6.37,6.37,6.37,0
2020-02-17,6.37,6.37,6.37,6.37,0
2020-02-18,6.37,6.37,6.37,6.37,0
2020-02-19,7.3,7.3,7.3,7.3,194
2020-02-20,7.3,7.3,7.3,7.3,0
2020-02-21,7.3,7.3,7.3,7.3,0
2020-02-24,7.3,7.3,7.3,7.3,0
2020-02-25,7.3,7.3,7.3,7.3,0
2020-02-26,7.3,7.3,7.3,7.3,0
2020-02-27,7.3,7.3,7.3,7.3,0
2020-02-28,7.3,7.3,7.3,7.3,0
2020-03-02,7.3,7.3,7.3,7.3,0
2020-03-03,7.3,7.3,7.3,7.3,0
2020-03-04,7.3,7.3,7.3,7.3,0
2020-03-05,7.3,7.3,7.3,7.3,0
2020-03-06,7.3,7.3,7.3,7.3,0
2020-03-09,7.3,7.3,7.3,7.3,0
2020-03-10,7.3,7.3,7.3,7.3,0
2020-03-11,7.3,7.3,7.3,7.3,0
2020-03-12,7.3,7.3,7.3,7.3,0
2020-03-13,6.26,6.26,6.26,6.26,100
2020-03-16,6.26,6.26,6.26,6.26,0
2020-03-17,6.26,6.26,6.26,6.26,0
2020-03-18,6.26,6.26,6.26,6.26,0
2020-03-19,6.26,6.26,6.26,6.26,0
2020-03-20,6.26,6.26,6.26,6.26,0
2020-03-23,6.26,6.26,6.26,6.26,0
2020-03-24,6.26,6.26,6.26,6.26,0
2020-03-25,5.39,5.39,5.39,5.39,100
2020-03-26,5.39,5.39,5.39,5.39,0
2020-03-27,5.39,5.39,5.39,5.39,0
2020-03-30,5.39,5.39,5.39,5.39,0
2020-03-31,5.39,5.39,5.39,5.39,0
2020-04-01,5.39,5.39,5.39,5.39,0
2020-04-03,5.39,5.39,5.39,5.39,0
2020-04-06,5.39,5.39,5.39,5.39,0
2020-04-07,5.39,5.39,5.39,5.39,0
2020-04-08,5.39,5.39,5.39,5.39,0
2020-04-09,5.39,5.39,5.39,5.39,0
2020-04-10,5.39,5.39,5.39,5.39,0
2020-04-13,5.39,5.39,5.39,5.39,0
2020-04-14,5.39,5.39,5.39,5.39,0
2020-04-15,5.39,5.39,5.39,5.39,0
2020-04-16,5.39,5.39,5.39,5.39,0
2020-04-17,5.39,5.39,5.39,5.39,0
2020-04-20,5.39,5.39,5.39,5.39,0
2020-04-21,5.39,5.39,5.39,5.39,0
2020-04-22,5.39,5.39,5.39,5.39,0
2020-04-23,5.39,5.39,5.39,5.39,0
2020-04-24,5.39,5.39,5.39,5.39,0
2020-04-27,5.39,5.39,5.39,5.39,0
2020-04-28,5.39,5.39,5.39,5.39,0
2020-04-29,5.39,5.39,5.39,5.39,0
2020-05-04,5.39,5.39,5.39,5.39,0
2020-05-05,5.39,5.39,5.39,5.39,0
2020-05-06,5.39,5.39,5.39,5.39,0
2020-05-07,5.39,5.39,5.39,5.39,0
2020-05-08,5.39,5.39,5.39,5.39,0
2020-05-11,5.39,5.39,5.39,5.39,0
2020-05-12,5.39,5.39,5.39,5.39,0
2020-05-13,5.39,5.39,5.39,5.39,0
2020-05-14,5.39,5.39,5.39,5.39,0
2020-05-15,5.39,5.39,5.39,5.39,0
2020-05-18,5.39,5.39,5.39,5.39,0
2020-05-19,5.39,5.39,5.39,5.39,0
2020-05-20,5.39,5.39,5.39,5.39,0
2020-05-21,5.39,5.39,5.39,5.39,0
2020-05-22,5.39,5.39,5.39,5.39,0
2020-05-25,5.39,5.39,5.39,5.39,0
2020-05-26,5.39,5.39,5.39,5.39,0
2020-05-27,5.39,5.39,5.39,5.39,0
2020-05-28,5.39,5.39,5.39,5.39,0
2020-05-29,5.39,5.39,5.39,5.39,0
2020-06-01,5.39,5.39,5.39,5.39,0
2020-06-02,5.39,5.39,5.39,5.39,0
2020-06-03,5.39,5.39,5.39,5.39,0
2020-06-04,5.39,5.39,5.39,5.39,0
2020-06-05,5.39,5.39,5.39,5.39,0
2020-06-08,5.39,5.39,5.39,5.39,0
2020-06-09,5.39,5.39,5.39,5.39,0
2020-06-10,5.39,5.39,5.39,5.39,0
2020-06-11,5.39,5.39,5.39,5.39,0
2020-06-12,5.39,5.39,5.39,5.39,0
2020-06-15,5.39,5.39,5.39,5.39,0
2020-06-16,5.39,5.39,5.39,5.39,0
2020-06-17,5.39,5.39,5.39,5.39,0
2020-06-18,5.39,5.39,5.39,5.39,0
2020-06-19,5.39,5.39,5.39,5.39,0
2020-06-22,5.39,5.39,5.39,5.39,0
2020-06-23,5.39,5.39,5.39,5.39,0
2020-06-24,5.39,5.39,5.39,5.39,0
2020-06-25,5.39,5.39,5.39,5.39,0
2020-06-26,5.39,5.39,5.39,5.39,100
2020-06-29,5.39,5.39,5.39,5.39,0
2020-06-30,5.39,5.39,5.39,5.39,0
2020-07-01,5.39,5.39,5.39,5.39,0
2020-07-02,5.39,5.39,5.39,5.39,0
2020-07-03,5.39,5.39,5.39,5.39,0
2020-07-06,5.39,5.39,5.39,5.39,0
2020-07-07,5.39,5.39,5.39,5.39,0
2020-07-08,5.39,5.39,5.39,5.39,0
2020-07-09,5.39,5.39,5.39,5.39,0
2020-07-10,5.39,5.39,5.39,5.39,0
2020-07-13,5.39,5.39,5.39,5.39,0
2020-07-14,5.39,5.39,5.39,5.39,0
2020-07-15,5.39,5.39,5.39,5.39,0
2020-07-16,5.39,5.39,5.39,5.39,0
2020-07-17,5.39,5.39,5.39,5.39,0
2020-07-20,5.39,5.39,5.39,5.39,0
2020-07-21,5.39,5.39,5.39,5.39,0
2020-07-22,5.39,5.39,5.39,5.39,0
2020-07-23,5.39,5.39,5.39,5.39,0
2020-07-24,5.39,5.39,5.39,5.39,0
2020-07-27,5.39,5.39,5.39,5.39,0
2020-07-28,5.39,5.39,5.39,5.39,0
2020-07-29,5.39,5.39,5.39,5.39,0
2020-07-30,5.39,5.39,5.39,5.39,0
2020-07-31,5.39,6.34,6.34,6.34,0
2020-08-03,5.39,6.34,6.34,6.34,0
2020-08-04,5.39,6.34,6.34,6.34,0
2020-08-05,5.39,6.34,6.34,6.34,0
2020-08-06,5.39,6.34,6.34,6.34,0
2020-08-07,5.39,6.34,6.34,6.34,0
2020-08-10,5.39,6.34,6.34,6.34,0
2020-08-11,5.39,6.34,6.34,6.34,0
2020-08-12,5.39,6.34,6.34,6.34,0
2020-08-13,5.39,6.34,6.34,6.34,0
2020-08-14,5.39,6.34,6.34,6.34,0
2020-08-17,5.39,6.34,6.34,6.34,0
2020-08-18,5.39,6.34,6.34,6.34,0
2020-08-19,5.39,6.34,6.34,6.34,0
2020-08-20,5.39,6.34,6.34,6.34,0
2020-08-21,5.39,6.34,6.34,6.34,0
2020-08-24,5.39,6.34,6.34,6.34,0
2020-08-25,5.39,6.34,6.34,6.34,0
2020-08-26,5.39,6.34,6.34,6.34,0
2020-08-27,5.39,6.34,6.34,6.34,0
2020-08-28,5.39,6.34,6.34,6.34,0
2020-08-31,5.39,6.34,6.34,6.34,0
2020-09-01,5.39,6.34,6.34,6.34,0
2020-09-03,5.39,6.34,6.34,6.34,0
2020-09-04,5.39,6.34,6.34,6.34,0
2020-09-07,5.39,6.34,6.34,6.34,0
2020-09-08,5.39,6.34,6.34,6.34,0
2020-09-09,5.39,6.34,6.34,6.34,0
2020-09-10,5.39,6.34,6.34,6.34,0
2020-09-11,5.39,6.34,6.34,6.34,0
2020-09-14,5.39,6.34,6.34,6.34,0
2020-09-15,5.39,6.34,6.34,6.34,0
2020-09-16,5.39,6.34,6.34,6.34,0
2020-09-17,5.39,6.34,6.34,6.34,0
2020-09-18,5.39,6.34,6.34,6.34,0
2020-09-21,5.39,6.34,6.34,6.34,0
2020-09-22,5.39,6.34,6.34,6.34,0
2020-09-23,5.39,6.34,6.34,6.34,0
2020-09-24,5.39,6.34,6.34,6.34,0
2020-09-25,5.39,6.34,6.34,6.34,0
2020-09-28,5.39,6.34,6.34,6.34,0
2020-09-29,5.39,6.34,6.34,6.34,0
2020-09-30,5.39,6.34,6.34,6.34,0
2020-10-01,5.39,6.34,6.34,6.34,0
2020-10-02,5.39,6.34,6.34,6.34,0
2020-10-05,5.39,6.34,6.34,6.34,0
2020-10-06,5.39,6.34,6.34,6.34,0
2020-10-07,5.39,6.34,6.34,6.34,0
2020-10-08,5.39,6.34,6.34,6.34,0
2020-10-09,5.39,6.34,6.34,6.34,0
2020-10-12,5.39,6.34,6.34,6.34,0
2020-10-13,5.39,6.34,6.34,6.34,0
2020-10-14,5.39,6.34,6.34,6.34,0
2020-10-15,5.39,6.34,6.34,6.34,0
2020-10-16,5.39,6.34,6.34,6.34,0
2020-10-19,5.39,6.34,6.34,6.34,0
2020-10-20,5.39,6.34,6.34,6.34,0
2020-10-21,5.39,6.34,6.34,6.34,0
2020-10-22,5.39,6.34,6.34,6.34,0
2020-10-23,5.39,5.39,5.39,5.39,100
2020-10-26,5.39,5.39,5.39,5.39,0
2020-10-27,5.39,5.39,5.39,5.39,0
2020-10-28,5.39,5.39,5.39,5.39,0
2020-10-29,5.39,5.39,5.39,5.39,0
2020-10-30,5.39,5.39,5.39,5.39,0
2020-11-02,5.39,5.39,5.39,5.39,0
2020-11-03,5.39,5.39,5.39,5.39,0
2020-11-04,5.39,5.39,5.39,5.39,0
2020-11-05,6.14,6.14,6.14,6.14,100
2020-11-06,6.14,6.14,6.14,6.14,0
2020-11-09,6.14,6.14,6.14,6.14,0
2020-11-10,6.14,6.14,6.14,6.14,0
2020-11-11,6.14,6.14,6.14,6.14,0
2020-11-12,6.14,6.14,6.14,6.14,0
2020-11-13,6.14,6.14,6.14,6.14,0
2020-11-16,6.14,6.14,6.14,6.14,0
2020-11-17,6.14,6.14,6.14,6.14,0
2020-11-18,6.14,6.14,6.14,6.14,0
2020-11-19,6.14,6.14,6.14,6.14,0
2020-11-20,6.14,6.14,6.14,6.14,0
2020-11-23,6.14,6.14,6.14,6.14,0
2020-11-24,6.14,6.14,6.14,6.14,0
2020-11-25,6.14,6.14,6.14,6.14,0
2020-11-26,6.14,6.14,6.14,6.14,0
2020-11-27,6.14,6.14,6.14,6.14,0
2020-11-30,7.03,7.03,7.03,7.03,100
2020-12-01,7.03,7.03,7.03,7.03,0
2020-12-02,7.03,7.03,7.03,7.03,0
2020-12-03,7.03,7.03,7.03,7.03,0
2020-12-04,7.03,7.03,7.03,7.03,0
2020-12-07,7.03,7.03,7.03,7.03,0
2020-12-08,7.03,7.03,7.03,7.03,0
2020-12-09,7.03,7.03,7.03,7.03,0
2020-12-10,7.03,7.03,7.03,7.03,0
2020-12-11,7.03,7.03,7.03,7.03,0
2020-12-14,7.03,7.03,7.03,7.03,0
2020-12-15,7.03,7.03,7.03,7.03,0
2020-12-16,7.03,7.03,7.03,7.03,0
2020-12-17,7.03,7.03,7.03,7.03,0
2020-12-18,7.03,7.03,7.03,7.03,0
2020-12-21,7.03,7.03,7.03,7.03,0
2020-12-22,7.03,7.03,7.03,7.03,0
2020-12-23,7.03,7.03,7.03,7.03,0
2020-12-24,7.03,7.03,7.03,7.03,0
2020-12-25,7.03,7.03,7.03,7.03,0
2020-12-28,7.03,7.03,7.03,7.03,0
2020-12-29,7.03,7.03,7.03,7.03,0
2020-12-30,7.03,7.03,7.03,7.03,0
2020-12-31,7.03,7.03,7.03,7.03,0
2021-01-04,7.03,7.03,7.03,7.03,0
2021-01-05,7.03,7.03,7.03,7.03,0
2021-01-06,7.03,7.03,7.03,7.03,0
2021-01-07,7.03,7.03,7.03,7.03,0
2021-01-08,7.03,7.03,7.03,7.03,0
2021-01-11,7.03,7.03,7.03,7.03,0
2021-01-12,7.03,7.03,7.03,7.03,0
2021-01-13,7.03,7.03,7.03,7.03,0
2021-01-14,7.03,7.03,7.03,7.03,0
2021-01-15,7.03,7.03,7.03,7.03,0
2021-01-18,7.03,7.03,7.03,7.03,0
2021-01-19,7.03,7.03,7.03,7.03,0
2021-01-20,7.03,7.03,7.03,7.03,0
2021-01-21,7.03,7.03,7.03,7.03,0
2021-01-22,7.03,7.03,7.03,7.03,0
2021-01-25,7.03,7.03,7.03,7.03,0
2021-01-26,7.03,7.03,7.03,7.03,0
2021-01-27,7.03,7.03,7.03,7.03,0
2021-01-28,7.03,7.03,7.03,7.03,0
2021-01-29,7.03,7.03,7.03,7.03,0
2021-02-01,7.03,7.03,7.03,7.03,0
2021-02-02,7.03,7.03,7.03,7.03,0
2021-02-03,7.03,7.03,7.03,7.03,0
2021-02-04,7.03,7.03,7.03,7.03,0
2021-02-05,7.03,7.03,7.03,7.03,0
2021-02-08,7.03,7.03,7.03,7.03,0
2021-02-09,7.03,7.03,7.03,7.03,0
2021-02-17,7.03,7.03,7.03,7.03,0
2021-02-18,7.03,7.03,7.03,7.03,0
2021-02-19,7.03,7.03,7.03,7.03,0
2021-02-22,7.03,7.03,7.03,7.03,0
2021-02-23,7.03,7.03,7.03,7.03,0
2021-02-24,7.03,7.03,7.03,7.03,0
2021-02-25,7.03,7.03,7.03,7.03,0
2021-02-26,7.03,7.03,7.03,7.03,0
2021-03-01,7.03,7.03,7.03,7.03,0
2021-03-02,7.03,7.03,7.03,7.03,0
2021-03-03,7.03,7.03,7.03,7.03,0
2021-03-04,7.03,7.03,7.03,7.03,0
2021-03-05,7.03,7.03,7.03,7.03,0
2021-03-08,7.03,7.03,7.03,7.03,0
2021-03-09,7.03,7.03,7.03,7.03,0
2021-03-10,7.03,7.03,7.03,7.03,0
2021-03-11,7.03,7.03,7.03,7.03,0
2021-03-12,7.03,7.03,7.03,7.03,0
2021-03-15,7.03,7.03,7.03,7.03,0
2021-03-16,7.03,7.03,7.03,7.03,0
2021-03-17,7.03,7.03,7.03,7.03,0
2021-03-18,7.03,7.03,7.03,7.03,0
2021-03-19,7.03,7.03,7.03,7.03,0
2021-03-22,7.03,7.03,7.03,7.03,0
2021-03-23,7.03,7.03,7.03,7.03,0
2021-03-24,7.03,7.03,7.03,7.03,0
2021-03-25,7.03,7.03,7.03,7.03,0
2021-03-26,7.03,7.03,7.03,7.03,0
2021-03-29,7.03,7.03,7.03,7.03,0
2021-03-30,7.03,7.03,7.03,7.03,0
2021-03-31,7.03,7.03,7.03,7.03,0
2021-04-01,7.03,7.03,7.03,7.03,0
2021-04-02,7.03,7.03,7.03,7.03,0
2021-04-05,7.03,7.03,7.03,7.03,0
2021-04-06,7.03,7.03,7.03,7.03,0
2021-04-07,7.03,7.03,7.03,7.03,0
2021-04-08,7.03,7.03,7.03,7.03,0
2021-04-09,7.03,7.03,7.03,7.03,0
2021-04-12,7.03,7.03,7.03,7.03,0
2021-04-13,7.03,7.03,7.03,7.03,0
2021-04-14,7.03,7.03,7.03,7.03,0
2021-04-15,7.03,7.03,7.03,7.03,0
2021-04-16,7.03,7.03,7.03,7.03,0
2021-04-19,7.03,7.03,7.03,7.03,0
2021-04-20,7.03,7.03,7.03,7.03,0
2021-04-22,7.03,7.03,7.03,7.03,0
2021-04-23,7.03,7.03,7.03,7.03,0
2021-04-26,7.03,7.03,7.03,7.03,0
2021-04-27,7.03,7.03,7.03,7.03,0
2021-04-28,7.03,7.03,7.03,7.03,0
2021-04-29,7.03,7.03,7.03,7.03,0
2021-05-04,7.03,7.03,7.03,7.03,0
2021-05-05,7.03,7.03,7.03,7.03,0
2021-05-06,7.03,7.03,7.03,7.03,0
2021-05-07,7.03,7.03,7.03,7.03,0
2021-05-10,7.03,7.03,7.03,7.03,0
2021-05-11,7.03,7.03,7.03,7.03,0
2021-05-12,7.03,7.03,7.03,7.03,0
2021-05-13,6.41,6.41,6.41,6.41,100
2021-05-14,6.41,6.41,6.41,6.41,0
2021-05-17,6.41,6.41,6.41,6.41,0
2021-05-18,6.41,6.41,6.41,6.41,0
2021-05-19,6.41,6.41,6.41,6.41,0
2021-05-20,6.41,6.41,6.41,6.41,0
2021-05-21,6.41,6.41,6.41,6.41,0
2021-05-24,6.41,6.41,6.41,6.41,0
2021-05-25,6.41,6.41,6.41,6.41,0
2021-05-26,6.41,6.41,6.41,6.41,0
2021-05-27,6.41,6.41,6.41,6.41,0
2021-05-28,6.41,6.41,6.41,6.41,0
2021-05-31,6.41,6.41,6.41,6.41,0
2021-06-01,6.41,6.41,6.41,6.41,0
2021-06-02,6.41,6.41,6.41,6.41,0
2021-06-03,6.41,6.41,6.41,6.41,0
2021-06-04,6.41,6.41,6.41,6.41,0
2021-06-07,6.41,6.41,6.41,6.41,0
2021-06-08,6.41,6.41,6.41,6.41,0
2021-06-09,6.41,6.41,6.41,6.41,0
2021-06-10,6.41,6.41,6.41,6.41,0
2021-06-11,6.41,6.41,6.41,6.41,0
2021-06-14,6.41,6.41,6.41,6.41,0
2021-06-15,6.41,6.41,6.41,6.41,0
2021-06-16,6.41,6.41,6.41,6.41,0
2021-06-17,6.41,6.41,6.41,6.41,0
2021-06-18,6.41,6.41,6.41,6.41,0
2021-06-21,6.41,6.41,6.41,7.01,194
2021-06-22,6.41,7.01,7.01,7.01,0
2021-06-23,6.41,7.01,7.01,7.01,0
2021-06-24,6.41,7.01,7.01,7.01,0
2021-06-25,6.41,7.01,7.01,7.01,0
2021-06-28,6.41,7.01,7.01,7.01,0
2021-06-29,6.41,7.01,7.01,7.01,0
2021-06-30,6.41,7.01,7.01,7.01,0
2021-07-01,6.41,7.01,7.01,7.01,0
2021-07-02,6.41,7.01,7.01,7.01,0
2021-07-05,6.41,7.01,7.01,7.01,0
2021-07-06,6.41,7.01,7.01,7.01,0
2021-07-07,6.41,7.01,7.01,7.01,0
2021-07-08,6.41,7.01,7.01,7.01,0
2021-07-09,6.41,7.01,7.01,7.01,0
2021-07-12,6.41,7.01,7.01,7.01,0
2021-07-13,6.41,7.01,7.01,7.01,0
2021-07-14,6.41,7.01,7.01,7.01,0
2021-07-15,6.41,7.01,7.01,7.01,0
2021-07-16,6.41,7.01,7.01,7.01,0
2021-07-19,6.41,7.01,7.01,7.01,0
2021-07-20,6.41,7.01,7.01,7.01,0
2021-07-21,6.41,7.01,7.01,7.01,0
2021-07-22,6.41,7.01,7.01,7.01,0
2021-07-23,6.41,7.01,7.01,7.01,0
2021-07-26,6.41,7.01,7.01,7.01,0
2021-07-27,6.41,7.01,7.01,7.01,0
2021-07-28,6.41,7.01,7.01,7.01,0
2021-07-29,6.41,7.01,7.01,7.01,0
2021-07-30,6.41,7.01,7.01,7.01,0
2021-08-02,6.41,6.41,6.41,6.41,0
2021-08-03,6.41,7.01,7.01,7.01,0
2021-08-04,6.41,7.01,7.01,7.01,0
2021-08-05,6.41,7.01,7.01,7.01,0
2021-08-06,6.41,7.01,7.01,7.01,0
2021-08-09,6.41,7.01,7.01,7.01,0
2021-08-10,6.41,7.01,7.01,7.01,0
2021-08-11,6.41,7.01,7.01,7.01,0
2021-08-12,6.41,7.01,7.01,7.01,0
2021-08-13,6.41,7.01,7.01,7.01,0
2021-08-16,6.41,7.01,7.01,7.01,0
2021-08-17,6.41,7.01,7.01,7.01,0
2021-08-18,6.41,7.01,7.01,7.01,0
2021-08-19,6.41,7.01,7.01,7.01,0
2021-08-20,6.41,6.41,6.41,6.41,0
2021-08-23,6.41,7.01,7.01,7.01,0
2021-08-24,6.41,7.01,7.01,7.01,0
2021-08-25,6.41,7.01,7.01,7.01,0
2021-08-26,6.41,7.01,7.01,7.01,0
2021-08-27,6.41,6.41,6.41,6.41,0
2021-08-30,6.41,6.41,6.41,6.41,0
2021-08-31,6.41,6.41,6.41,6.41,0
2021-09-01,6.41,6.41,6.41,6.41,0
2021-09-06,6.41,7.01,7.01,7.01,0
2021-09-07,6.41,7.01,7.01,7.01,0
2021-09-08,6.41,6.41,6.41,6.41,0
2021-09-09,6.41,6.41,6.41,6.41,0
2021-09-10,6.41,6.41,6.41,6.41,0
2021-09-13,6.41,6.41,6.41,6.41,0
2021-09-14,6.41,6.41,6.41,6.41,0
2021-09-15,6.41,6.41,6.41,6.41,0
2021-09-16,6.41,6.41,6.41,6.41,0
2021-09-17,8.95,8.95,8.95,8.95,100
2021-09-20,8.95,8.95,8.95,8.95,0
2021-09-21,8.95,8.95,8.95,8.95,0
2021-09-22,8.95,8.95,8.95,8.95,0
2021-09-23,8.95,8.95,8.95,8.95,0
2021-09-24,8.95,8.95,8.95,8.95,0
2021-09-27,8.95,8.95,8.95,8.95,0
2021-09-28,8.95,8.95,8.95,8.95,0
2021-09-29,8.95,8.95,8.95,8.95,0
2021-09-30,8.95,8.95,8.95,8.95,0
2021-10-01,8.95,8.95,8.95,8.95,0
2021-10-04,8.95,8.95,8.95,8.95,0
2021-10-05,8.95,8.95,8.95,8.95,0
2021-10-06,8.95,8.95,8.95,8.95,0
2021-10-07,8.95,8.95,8.95,8.95,0
2021-10-08,8.95,8.95,8.95,8.95,0
2021-10-11,8.95,8.95,8.95,8.95,0
2021-10-12,8.95,8.95,8.95,8.95,0
2021-10-13,8.95,8.95,8.95,8.95,0
2021-10-14,8.95,8.95,8.95,8.95,0
2021-10-15,8.95,8.95,8.95,8.95,0
2021-10-18,8.95,8.95,8.95,8.95,0
2021-10-19,8.95,8.95,8.95,8.95,0
2021-10-20,8.95,8.95,8.95,8.95,0
2021-10-21,8.95,8.95,8.95,8.95,0
2021-10-22,8.95,8.95,8.95,8.95,0
2021-10-25,8.95,8.95,8.95,8.95,0
2021-10-26,8.95,8.95,8.95,8.95,0
2021-10-27,8.95,8.95,8.95,8.95,0
2021-10-28,8.95,8.95,8.95,8.95,0
2021-10-29,8.95,8.95,8.95,8.95,0
2021-11-01,8.95,8.95,8.95,8.95,0
2021-11-02,8.95,8.95,8.95,8.95,0
2021-11-03,8.95,8.95,8.95,8.95,0
2021-11-04,9.02,9.02,9.02,9.02,100
2021-11-05,9.02,9.02,9.02,9.02,0
2021-11-08,9.02,9.02,9.02,9.02,0
2021-11-09,9.02,9.02,9.02,9.02,0
2021-11-10,9.02,9.02,9.02,9.02,0
2021-11-11,9.02,9.02,9.02,9.02,0
2021-11-12,9.02,9.02,9.02,9.02,0
2021-11-15,9.02,9.02,9.02,9.02,0
2021-11-16,9.02,9.02,9.02,9.02,10
2021-11-17,9.02,9.02,9.02,9.02,0
2021-11-18,9.02,9.02,9.02,9.02,0
2021-11-19,9.02,9.02,9.02,9.02,0
2021-11-22,9.02,9.02,9.02,9.02,0
2021-11-23,9.02,9.02,9.02,9.02,0
2021-11-24,9.02,9.02,9.02,9.02,0
2021-11-25,9.02,9.02,9.02,9.02,0
2021-11-26,9.02,9.02,9.02,9.02,0
2021-11-29,9.02,9.02,9.02,9.02,0
2021-11-30,10.36,10.36,10.36,10.36,1000
2021-12-01,10.36,10.36,10.36,10.36,0
2021-12-02,10.36,10.36,10.36,10.36,0
2021-12-03,11.86,11.86,11.86,11.86,1100
2021-12-06,13.5,13.5,13.5,13.5,100
2021-12-07,13.5,13.5,13.5,13.5,0
2021-12-08,15.44,15.44,15.44,15.44,100
2021-12-09,15.44,15.44,15.44,15.44,1
2021-12-10,17.67,17.67,17.67,17.67,103
2021-12-13,17.67,17.67,17.67,17.67,0
2021-12-14,20.28,20.28,15.06,20.21,400
2021-12-15,18.94,18.94,18.94,18.94,2
2021-12-16,18.94,18.94,18.94,18.94,0
2021-12-17,16.11,16.11,16.11,16.11,101
2021-12-20,15.14,15.14,15.06,15.06,300
2021-12-21,15.06,15.06,15.06,15.06,0
2021-12-22,17.3,17.3,17.3,17.3,100
2021-12-23,14.76,14.76,14.76,14.76,1100
2021-12-24,14.76,14.76,14.76,14.76,0
2021-12-27,14.76,14.76,14.76,14.76,0
2021-12-28,14.76,14.76,14.76,14.76,0
2021-12-29,12.6,12.6,12.6,12.6,100
2021-12-30,14.47,14.47,14.47,14.47,1200
2021-12-31,14.47,14.47,14.47,14.47,0
2022-01-04,14.47,14.47,14.47,14.47,0
2022-01-05,16.63,16.63,16.63,16.63,100
2022-01-06,16.7,16.7,16.7,16.7,200
2022-01-07,16.7,16.7,16.7,16.7,0
2022-01-10,16.7,16.7,16.7,16.7,0
2022-01-11,16.7,16.7,16.7,16.7,0
2022-01-12,16.7,16.7,16.7,16.7,0
2022-01-13,16.7,16.7,16.7,16.7,0
2022-01-14,16.7,16.7,16.7,16.7,0
2022-01-17,16.7,16.7,16.7,16.7,0
2022-01-18,16.7,16.7,16.7,16.7,0
2022-01-19,16.7,16.7,16.7,16.7,0
2022-01-20,16.7,16.7,16.7,16.7,0
2022-01-21,16.7,16.7,16.7,16.7,0
2022-01-24,16.7,16.7,16.7,16.7,0
2022-01-25,16.7,16.7,16.7,16.7,0
2022-01-26,16.7,16.7,16.7,16.7,0
2022-01-27,16.7,16.7,16.7,16.7,0
2022-01-28,16.7,16.7,16.7,16.7,0
2022-02-07,16.7,16.7,16.7,16.7,0
2022-02-08,16.7,16.7,16.7,16.7,0
2022-02-09,16.7,16.7,16.7,16.7,0
2022-02-10,16.7,16.7,16.7,16.7,0
2022-02-11,16.7,16.7,16.7,16.7,0
2022-02-14,16.7,16.7,16.7,16.7,0
2022-02-15,16.7,16.7,16.7,16.7,0
2022-02-16,16.7,16.7,16.7,16.7,0
2022-02-17,16.7,16.7,16.7,16.7,0
2022-02-18,16.7,16.7,16.7,16.7,0
2022-02-21,16.7,16.7,16.7,16.7,0
2022-02-22,16.7,16.7,16.7,16.7,0
2022-02-23,16.7,16.7,16.7,16.7,0
2022-02-24,16.7,16.7,16.7,16.7,0
2022-02-25,16.7,16.7,16.7,16.7,0
2022-02-28,16.7,16.7,16.7,16.7,0
2022-03-01,16.7,16.7,16.7,16.7,0
2022-03-02,16.7,16.7,16.7,16.7,0
2022-03-03,14.76,14.76,14.76,14.76,2000
2022-03-04,14.76,14.76,14.76,14.76,0
2022-03-07,14.76,14.76,14.76,14.76,0
2022-03-08,14.76,14.76,14.76,14.76,0
2022-03-09,14.76,14.76,14.76,14.76,1400
2022-03-10,14.76,14.76,14.76,14.76,0
2022-03-11,14.76,14.76,14.76,14.76,0
2022-03-14,14.76,14.76,14.76,14.76,0
2022-03-15,14.76,14.76,14.76,14.76,0
2022-03-16,14.76,14.76,14.76,14.76,0
2022-03-17,14.76,14.76,14.76,14.76,0
2022-03-18,14.76,14.76,14.76,14.76,0
2022-03-21,14.76,14.76,14.76,14.76,0
2022-03-22,14.76,14.76,14.76,14.76,0
2022-03-23,14.76,14.76,14.76,14.76,0
2022-03-24,14.76,14.76,14.76,14.76,0
2022-03-25,14.76,14.76,14.76,14.76,0
2022-03-28,14.76,14.76,14.76,14.76,0
2022-03-29,14.76,14.76,14.76,14.76,0
2022-03-30,14.76,14.76,14.76,14.76,0
2022-03-31,14.76,14.76,14.76,14.76,0
2022-04-01,14.76,14.76,14.76,14.76,0
2022-04-04,14.76,14.76,14.76,14.76,0
2022-04-05,14.91,16.93,14.91,16.93,1200
2022-04-06,16.4,16.4,16.4,16.4,0
2022-04-07,16.4,16.4,16.4,16.4,0
2022-04-08,16.4,16.4,16.4,16.4,0
2022-04-12,16.4,16.4,16.4,16.4,0
2022-04-13,16.4,16.4,16.4,16.4,0
2022-04-14,16.4,16.4,16.4,16.4,0
2022-04-15,16.4,16.4,16.4,16.4,0
2022-04-18,16.4,16.4,16.4,16.4,0
2022-04-19,16.4,16.4,16.4,16.4,0
2022-04-20,16.4,16.4,16.4,16.4,0
2022-04-21,16.4,16.4,16.4,16.4,0
2022-04-22,16.4,16.4,16.4,16.4,0
2022-04-25,16.4,16.4,16.4,16.4,0
2022-04-26,16.4,16.4,16.4,16.4,0
2022-04-27,16.4,16.4,16.4,16.4,0
2022-04-28,16.4,16.4,16.4,16.4,0
2022-04-29,16.4,16.4,16.4,16.4,0
2022-05-04,16.4,16.4,16.4,16.4,0
2022-05-05,16.4,16.4,16.4,16.4,0
2022-05-06,16.4,16.4,16.4,16.4,0
2022-05-09,16.4,16.4,16.4,16.4,0
2022-05-10,13.94,13.94,13.94,13.94,500
2022-05-11,13.94,13.94,13.94,13.94,0
2022-05-12,13.94,13.94,13.94,13.94,0
2022-05-13,13.94,13.94,13.94,13.94,0
2022-05-16,13.94,13.94,13.94,13.94,0
2022-05-17,13.94,13.94,13.94,13.94,0
2022-05-18,13.94,13.94,13.94,13.94,0
2022-05-19,13.94,13.94,13.94,13.94,0
2022-05-20,13.94,13.94,13.94,13.94,0
2022-05-23,13.94,13.94,13.94,13.94,0
2022-05-24,13.94,13.94,13.94,13.94,0
2022-05-25,13.94,13.94,13.94,13.94,0
2022-05-26,13.94,13.94,13.94,13.94,0
2022-05-27,13.94,13.94,13.94,13.94,0
2022-05-30,13.94,13.94,13.94,13.94,0
2022-05-31,13.94,13.94,13.94,13.94,0
2022-06-01,13.94,13.94,13.94,13.94,0
2022-06-02,13.94,13.94,13.94,13.94,0
2022-06-03,13.94,13.94,13.94,13.94,0
2022-06-06,13.94,13.94,13.94,13.94,0
2022-06-07,13.94,13.94,13.94,13.94,0
2022-06-08,13.94,13.94,13.94,13.94,0
2022-06-09,13.94,13.94,13.94,13.94,0
2022-06-10,13.94,13.94,13.94,13.94,0
2022-06-13,13.94,13.94,13.94,13.94,0
2022-06-14,13.94,13.94,13.94,13.94,0
2022-06-15,13.94,13.94,13.94,13.94,0
2022-06-16,13.94,13.94,13.94,13.94,0
2022-06-17,13.94,13.94,13.94,13.94,0
2022-06-20,13.94,13.94,13.94,13.94,0
2022-06-21,13.94,13.94,13.94,13.94,0
2022-06-22,13.94,13.94,13.94,13.94,0
2022-06-23,13.94,13.94,13.94,13.94,0
2022-06-24,13.94,13.94,13.94,13.94,0
2022-06-27,13.94,13.94,13.94,13.94,0
2022-06-28,13.94,13.94,13.94,13.94,0
2022-06-29,13.94,13.94,13.94,13.94,0
2022-06-30,13.94,13.94,13.94,13.94,0
2022-07-01,13.94,13.94,13.94,13.94,0
2022-07-04,13.94,13.94,13.94,13.94,0
2022-07-05,13.94,13.94,13.94,13.94,0
2022-07-06,13.94,13.94,13.94,13.94,0
2022-07-07,13.94,13.94,13.94,13.94,0
2022-07-08,13.94,13.94,13.94,13.94,0
2022-07-11,13.94,13.94,13.94,13.94,0
2022-07-12,13.94,13.94,13.94,13.94,0
2022-07-13,13.94,13.94,13.94,13.94,0
2022-07-14,13.94,13.94,13.94,13.94,0
2022-07-15,13.94,13.94,13.94,13.94,0
2022-07-18,13.94,13.94,13.94,13.94,0
2022-07-19,13.94,13.94,13.94,13.94,0
2022-07-20,13.94,13.94,13.94,13.94,0
2022-07-21,13.94,13.94,13.94,13.94,0
2022-07-22,13.94,13.94,13.94,13.94,0
2022-07-25,13.94,13.94,13.94,13.94,0
2022-07-26,13.94,13.94,13.94,13.94,0
2022-07-27,13.94,13.94,13.94,13.94,0
2022-07-28,13.94,13.94,13.94,13.94,0
2022-07-29,13.94,13.94,13.94,13.94,0
2022-08-01,13.94,13.94,13.94,13.94,0
2022-08-02,13.94,13.94,13.94,13.94,0
2022-08-03,13.94,13.94,13.94,13.94,0
2022-08-04,13.94,13.94,13.94,13.94,0
2022-08-05,13.94,13.94,13.94,13.94,0
2022-08-08,13.94,13.94,13.94,13.94,0
2022-08-09,13.94,13.94,13.94,13.94,0
2022-08-10,13.94,13.94,13.94,13.94,0
2022-08-11,13.94,13.94,13.94,13.94,0
2022-08-12,15.58,15.58,15.58,15.58,2000
2022-08-15,15.58,15.58,15.58,15.58,0
2022-08-16,15.42,15.42,15.42,15.42,1000
2022-08-17,15.42,15.42,15.42,15.42,0
2022-08-18,15.42,15.42,15.42,15.42,0
2022-08-19,15.42,15.42,15.42,15.42,0
2022-08-22,15.42,15.42,15.42,15.42,0
2022-08-23,15.42,15.42,15.42,15.42,0
2022-08-24,15.42,15.42,15.42,15.42,0
2022-08-25,15.42,15.42,15.42,15.42,0
2022-08-26,15.42,15.42,15.42,15.42,0
2022-08-29,15.42,15.42,15.42,15.42,0
2022-08-30,15.42,15.42,15.42,15.42,0
2022-08-31,15.42,15.42,15.42,15.42,0
2022-09-05,15.42,15.42,15.42,15.42,0
2022-09-06,15.42,15.42,15.42,15.42,0
2022-09-07,15.42,15.42,15.42,15.42,0
2022-09-08,15.42,15.42,15.42,15.42,0
2022-09-09,15.42,15.42,15.42,15.42,0
2022-09-12,15.42,15.42,15.42,15.42,0
2022-09-13,15.42,15.42,15.42,15.42,0
2022-09-14,15.42,15.42,15.42,15.42,0
2022-09-15,15.42,15.42,15.42,15.42,0
2022-09-16,15.42,15.42,15.42,15.42,0
2022-09-19,15.42,15.42,15.42,15.42,0
2022-09-20,15.42,15.42,15.42,15.42,0
2022-09-21,15.42,15.42,15.42,15.42,0
2022-09-22,15.42,15.42,15.42,15.42,0
2022-09-23,15.42,15.42,15.42,15.42,0
2022-09-26,15.42,15.42,15.42,15.42,0
2022-09-27,15.42,15.42,15.42,15.42,0
2022-09-28,15.42,15.42,15.42,15.42,0
2022-09-29,15.42,15.42,15.42,15.42,0
2022-09-30,15.42,15.42,15.42,15.42,0
2022-10-03,15.42,15.42,15.42,15.42,0
2022-10-04,15.42,15.42,15.42,15.42,0
2022-10-05,15.42,15.42,15.42,15.42,0
2022-10-06,15.42,15.42,15.42,15.42,0
2022-10-07,15.42,15.42,15.42,15.42,0
2022-10-10,15.42,15.42,15.42,15.42,0
2022-10-11,15.42,15.42,15.42,15.42,0
2022-10-12,15.42,15.42,15.42,15.42,0
2022-10-13,15.42,15.42,15.42,15.42,0
2022-10-14,15.42,15.42,15.42,15.42,0
2022-10-17,15.42,15.42,15.42,15.42,0
2022-10-18,15.42,15.42,15.42,15.42,0
2022-10-19,15.42,15.42,15.42,15.42,0
2022-10-20,15.42,15.42,15.42,15.42,0
2022-10-21,15.42,15.42,15.42,15.42,0
2022-10-24,15.42,15.42,15.42,15.42,0
2022-10-25,15.42,15.42,15.42,15.42,0
2022-10-26,15.42,15.42,15.42,15.42,0
2022-10-27,15.42,15.42,15.42,15.42,0
2022-10-28,15.42,15.42,15.42,15.42,0
2022-10-31,15.42,15.42,15.42,15.42,0
2022-11-01,15.42,15.42,15.42,15.42,0
2022-11-02,15.42,15.42,15.42,15.42,0
2022-11-03,15.42,15.42,15.42,15.42,0
2022-11-04,15.42,15.42,15.42,15.42,0
2022-11-07,15.42,15.42,15.42,15.42,0
2022-11-08,15.42,15.42,15.42,15.42,0
2022-11-09,15.42,15.42,15.42,15.42,0
2022-11-10,15.42,15.42,15.42,15.42,0
2022-11-11,15.42,15.42,15.42,15.42,0
2022-11-14,15.42,15.42,15.42,15.42,0
2022-11-15,15.42,15.42,15.42,15.42,0
2022-11-16,15.42,15.42,15.42,15.42,0
2022-11-17,14.8,14.8,14.8,14.8,3400
2022-11-18,14.8,14.8,14.8,14.8,0
2022-11-21,14.8,14.8,14.8,14.8,0
2022-11-22,14.8,14.8,14.8,14.8,0
2022-11-23,14.8,14.8,14.8,14.8,0
2022-11-24,14.8,14.8,14.8,14.8,0
2022-11-25,14.8,14.8,14.8,14.8,0
2022-11-28,14.8,14.8,14.8,14.8,0
2022-11-29,14.8,14.8,14.8,14.8,0
2022-11-30,14.02,14.02,14.02,14.02,1400
2022-12-01,14.02,14.02,14.02,14.02,0
2022-12-02,14.02,14.02,14.02,14.02,0
2022-12-05,14.02,14.02,14.02,14.02,0
2022-12-06,14.02,14.02,14.02,14.02,0
2022-12-07,14.02,14.02,14.02,14.02,0
2022-12-08,14.02,14.02,14.02,14.02,0
2022-12-09,14.02,14.02,14.02,14.02,0
2022-12-12,14.02,14.02,14.02,14.02,0
2022-12-13,12.0,12.0,12.0,12.0,300
2022-12-14,12.0,12.0,12.0,12.0,0
2022-12-15,10.44,10.44,10.44,10.44,100
2022-12-16,10.44,10.44,10.44,10.44,0
2022-12-19,10.44,10.44,10.44,10.44,0
2022-12-20,10.44,10.44,10.44,10.44,0
2022-12-21,10.44,10.44,10.44,10.44,0
2022-12-22,10.44,10.44,10.44,10.44,0
2022-12-23,10.44,10.44,10.44,10.44,0
2022-12-26,10.52,10.52,10.52,10.52,300
2022-12-27,10.52,10.52,10.52,10.52,0
2022-12-28,10.52,10.52,10.52,10.52,0
2022-12-29,11.69,11.69,11.69,11.69,3101
2022-12-30,11.69,11.69,11.69,11.69,0
2023-01-03,11.69,11.69,11.69,11.69,0
2023-01-04,11.69,11.69,11.69,11.69,0
2023-01-05,11.69,11.69,11.69,11.69,0
2023-01-06,11.69,11.69,11.69,11.69,0
2023-01-09,11.69,11.69,11.69,11.69,0
2023-01-10,11.69,11.69,11.69,11.69,0
2023-01-11,11.69,11.69,11.69,11.69,0
2023-01-12,11.69,11.69,11.69,11.69,0
2023-01-13,11.69,11.69,11.69,11.69,0
2023-01-16,11.69,11.69,11.69,11.69,0
2023-01-17,11.69,11.69,11.69,11.69,0
2023-01-18,11.69,11.69,11.69,11.69,0
2023-01-19,11.69,11.69,11.69,11.69,0
2023-01-27,11.69,11.69,11.69,11.69,0
2023-01-30,11.69,11.69,11.69,11.69,0
2023-01-31,11.69,11.69,11.69,11.69,20750
2023-02-01,11.69,11.69,11.69,11.69,0
2023-02-02,11.69,11.69,11.69,11.69,0
2023-02-03,11.69,11.69,11.69,11.69,0
2023-02-06,11.69,11.69,11.69,11.69,0
2023-02-07,11.69,11.69,11.69,11.69,0
2023-02-08,11.69,11.69,11.69,11.69,0
2023-02-09,11.69,11.69,11.69,11.69,0
2023-02-10,11.69,11.69,11.69,11.69,0
2023-02-13,11.69,11.69,11.69,11.69,0
2023-02-14,11.69,11.69,11.69,11.69,0
2023-02-15,11.69,11.69,11.69,11.69,0
2023-02-16,11.69,11.69,11.69,11.69,0
2023-02-17,11.69,11.69,11.69,11.69,0
2023-02-20,11.69,11.69,11.69,11.69,0
2023-02-21,11.69,11.69,11.69,11.69,0
2023-02-22,11.69,11.69,11.69,11.69,0
2023-02-23,11.69,11.69,11.69,11.69,0
2023-02-24,11.69,11.69,11.69,11.69,0
2023-02-27,11.69,11.69,11.69,11.69,0
2023-02-28,11.69,11.69,11.69,11.69,0
2023-03-01,11.69,11.69,11.69,11.69,0
2023-03-02,11.69,11.69,11.69,11.69,0
2023-03-03,11.69,11.69,11.69,11.69,0
2023-03-06,11.69,11.69,11.69,11.69,0
2023-03-07,11.69,11.69,11.69,11.69,0
2023-03-08,11.69,11.69,11.69,11.69,0
2023-03-09,11.69,11.69,11.69,11.69,0
2023-03-10,11.69,11.69,11.69,11.69,0
2023-03-13,11.69,11.69,11.69,11.69,0
2023-03-14,11.69,11.69,11.69,11.69,0
2023-03-15,11.69,11.69,11.69,11.69,0
2023-03-16,11.69,11.69,11.69,11.69,0
2023-03-17,11.69,11.69,11.69,11.69,0
2023-03-20,11.69,11.69,11.69,11.69,0
2023-03-21,11.69,11.69,11.69,11.69,0
2023-03-22,11.69,11.69,11.69,11.69,0
2023-03-23,11.69,11.69,11.69,11.69,0
2023-03-24,11.69,11.69,11.69,11.69,0
2023-03-27,11.69,11.69,11.69,11.69,0
2023-03-28,11.69,11.69,11.69,11.69,0
2023-03-29,11.69,11.69,11.69,11.69,0
2023-03-30,11.69,11.69,11.69,11.69,0
2023-03-31,11.69,11.69,11.69,11.69,0
2023-04-03,11.69,11.69,11.69,11.69,29
2023-04-04,11.69,11.69,11.69,11.69,0
2023-04-05,11.69,11.69,11.69,11.69,0
2023-04-06,11.69,11.69,11.69,11.69,0
2023-04-07,11.69,11.69,11.69,11.69,0
2023-04-10,11.69,11.69,11.69,11.69,0
2023-04-11,11.69,11.69,11.69,11.69,0
2023-04-12,11.69,11.69,11.69,11.69,0
2023-04-13,11.69,11.69,11.69,11.69,0
2023-04-14,11.69,11.69,11.69,11.69,0
2023-04-17,11.69,11.69,11.69,11.69,0
2023-04-18,11.69,11.69,11.69,11.69,0
2023-04-19,11.69,11.69,11.69,11.69,0
2023-04-20,11.69,11.69,11.69,11.69,0
2023-04-21,11.69,11.69,11.69,11.69,0
2023-04-24,11.69,11.69,11.69,11.69,0
2023-04-25,11.69,11.69,11.69,11.69,0
2023-04-26,11.69,11.69,11.69,11.69,0
2023-04-27,11.69,11.69,11.69,11.69,0
2023-04-28,11.69,11.69,11.69,11.69,0
2023-05-04,11.69,11.69,11.69,11.69,0
2023-05-05,11.69,11.69,11.69,11.69,0
2023-05-08,11.69,11.69,11.69,11.69,0
2023-05-09,11.69,11.69,11.69,11.69,0
2023-05-10,11.69,11.69,11.69,11.69,0
2023-05-11,11.69,11.69,11.69,11.69,0
2023-05-12,11.69,11.69,11.69,11.69,0
2023-05-15,11.69,11.69,11.69,11.69,0
2023-05-16,11.69,11.69,11.69,11.69,0
2023-05-17,11.69,11.69,11.69,11.69,0
2023-05-18,11.69,11.69,11.69,11.69,0
2023-05-19,11.69,11.69,11.69,11.69,0
2023-05-22,11.69,11.69,11.69,11.69,0
2023-05-23,11.69,11.69,11.69,11.69,0
2023-05-24,11.69,11.69,11.69,11.69,0
2023-05-25,11.69,11.69,11.69,11.69,0
2023-05-26,11.69,11.69,11.69,11.69,0
2023-05-29,11.69,11.69,11.69,11.69,0
2023-05-30,16.36,16.36,16.36,16.36,100
2023-05-31,16.36,16.36,16.36,16.36,0
2023-06-01,16.36,16.36,16.36,16.36,0
2023-06-02,16.36,16.36,16.36,16.36,0
2023-06-05,16.36,16.36,16.36,16.36,0
2023-06-06,16.36,16.36,16.36,16.36,0
2023-06-07,16.36,16.36,16.36,16.36,0
2023-06-08,16.36,16.36,16.36,16.36,0
2023-06-09,16.36,16.36,16.36,16.36,0
2023-06-12,16.36,16.36,16.36,16.36,0
2023-06-13,16.36,16.36,16.36,16.36,0
2023-06-14,16.36,16.36,16.36,16.36,0
2023-06-15,16.36,16.36,16.36,16.36,0
2023-06-16,13.94,13.94,13.94,13.94,1000
2023-06-19,13.94,13.94,13.94,13.94,0
2023-06-20,13.94,13.94,13.94,13.94,0
2023-06-21,13.94,13.94,13.94,13.94,0
2023-06-22,13.94,13.94,13.94,13.94,0
2023-06-23,13.94,13.94,13.94,13.94,0
2023-06-26,13.94,13.94,13.94,13.94,0
2023-06-27,13.94,13.94,13.94,13.94,0
2023-06-28,13.94,13.94,13.94,13.94,0
2023-06-29,13.94,13.94,13.94,13.94,0
2023-06-30,13.94,13.94,13.94,13.94,0
2023-07-03,13.94,13.94,13.94,13.94,0
2023-07-04,13.94,13.94,13.94,13.94,0
2023-07-05,13.94,13.94,13.94,13.94,0
2023-07-06,13.94,13.94,13.94,13.94,0
2023-07-07,13.94,13.94,13.94,13.94,0
2023-07-10,13.94,13.94,13.94,13.94,0
2023-07-11,13.94,13.94,13.94,13.94,0
2023-07-12,13.94,13.94,13.94,13.94,0
2023-07-13,13.94,13.94,13.94,13.94,0
2023-07-14,13.94,13.94,13.94,13.94,0
2023-07-17,13.94,13.94,13.94,13.94,0
2023-07-18,13.94,13.94,13.94,13.94,0
2023-07-19,13.94,13.94,13.94,13.94,0
2023-07-20,13.94,13.94,13.94,13.94,0
2023-07-21,13.94,13.94,13.94,13.94,0
2023-07-24,13.94,13.94,13.94,13.94,0
2023-07-25,13.94,13.94,13.94,13.94,0
2023-07-26,13.94,13.94,13.94,13.94,0
2023-07-27,13.94,13.94,13.94,13.94,0
2023-07-28,13.94,13.94,13.94,13.94,0
2023-07-31,13.94,13.94,13.94,13.94,0
2023-08-01,13.94,13.94,13.94,13.94,0
2023-08-02,13.94,13.94,13.94,13.94,0
2023-08-03,13.94,13.94,13.94,13.94,0
2023-08-04,13.94,13.94,13.94,13.94,0
2023-08-07,13.94,13.94,13.94,13.94,0
2023-08-08,13.94,13.94,13.94,13.94,0
2023-08-09,13.94,13.94,13.94,13.94,0
2023-08-10,13.94,13.94,13.94,13.94,0
2023-08-11,13.94,13.94,13.94,13.94,0
2023-08-14,13.94,13.94,13.94,13.94,0
2023-08-15,13.94,13.94,13.94,13.94,0
2023-08-16,13.94,13.94,13.94,13.94,0
2023-08-17,13.94,13.94,13.94,13.94,0
2023-08-18,13.94,13.94,13.94,13.94,0
2023-08-21,13.94,13.94,13.94,13.94,0
2023-08-22,13.94,13.94,13.94,13.94,0
2023-08-23,13.94,13.94,13.94,13.94,0
2023-08-24,13.94,13.94,13.94,13.94,0
2023-08-25,13.94,13.94,13.94,13.94,0
2023-08-28,13.94,13.94,13.94,13.94,0
2023-08-29,13.94,13.94,13.94,13.94,0
2023-08-30,13.94,13.94,13.94,13.94,0
2023-08-31,13.94,13.94,13.94,13.94,0
2023-09-05,13.94,13.94,13.94,13.94,0
2023-09-06,13.94,13.94,13.94,13.94,0
2023-09-07,13.94,13.94,13.94,13.94,0
2023-09-08,13.94,13.94,13.94,13.94,0
2023-09-11,13.94,13.94,13.94,13.94,0
2023-09-12,13.94,13.94,13.94,13.94,0
2023-09-13,13.94,13.94,13.94,13.94,0
2023-09-14,13.94,13.94,13.94,13.94,0
2023-09-15,13.94,13.94,13.94,13.94,0
2023-09-18,13.94,13.94,13.94,13.94,0
2023-09-19,13.94,13.94,13.94,13.94,0
2023-09-20,13.94,13.94,13.94,13.94,0
2023-09-21,13.94,13.94,13.94,13.94,0
2023-09-22,13.94,13.94,13.94,13.94,0
2023-09-25,13.94,13.94,13.94,13.94,0
2023-09-26,13.94,13.94,13.94,13.94,0
2023-09-27,13.94,13.94,13.94,13.94,0
2023-09-28,13.94,13.94,13.94,13.94,0
2023-09-29,13.94,13.94,13.94,13.94,0
2023-10-02,13.94,13.94,13.94,13.94,0
2023-10-03,13.94,13.94,13.94,13.94,0
2023-10-04,13.94,13.94,13.94,13.94,0
2023-10-05,13.94,13.94,13.94,13.94,0
2023-10-06,13.94,13.94,13.94,13.94,0
2023-10-09,13.94,13.94,13.94,13.94,0
2023-10-10,13.94,13.94,13.94,13.94,0
2023-10-11,13.94,13.94,13.94,13.94,0
2023-10-12,13.94,13.94,13.94,13.94,0
2023-10-13,13.94,13.94,13.94,13.94,0
2023-10-16,13.94,13.94,13.94,13.94,0
2023-10-17,13.94,13.94,13.94,13.94,0
2023-10-18,13.94,13.94,13.94,13.94,0
2023-10-19,13.94,13.94,13.94,13.94,0
2023-10-20,13.94,13.94,13.94,13.94,0
2023-10-23,13.94,13.94,13.94,13.94,0
2023-10-24,13.94,13.94,13.94,13.94,0
2023-10-25,13.94,13.94,13.94,13.94,0
2023-10-26,13.94,13.94,13.94,13.94,0
2023-10-27,13.94,13.94,13.94,13.94,0
2023-10-30,13.94,13.94,13.94,13.94,0
2023-10-31,13.94,13.94,13.94,13.94,0
2023-11-01,13.94,13.94,13.94,13.94,0
2023-11-02,13.94,13.94,13.94,13.94,0
2023-11-03,13.94,13.94,13.94,13.94,0
2023-11-06,13.94,13.94,13.94,13.94,0
2023-11-07,13.94,13.94,13.94,13.94,0
2023-11-08,13.94,13.94,13.94,13.94,0
2023-11-09,13.94,13.94,13.94,13.94,0
2023-11-10,13.94,13.94,13.94,13.94,0
2023-11-13,13.94,13.94,13.94,13.94,0
2023-11-14,13.94,13.94,13.94,13.94,0
2023-11-15,13.94,13.94,13.94,13.94,0
2023-11-16,13.94,13.94,13.94,13.94,0
2023-11-17,13.94,13.94,13.94,13.94,0
2023-11-20,13.94,13.94,13.94,13.94,0
2023-11-21,13.94,13.94,13.94,13.94,0
2023-11-22,13.94,13.94,13.94,13.94,0
2023-11-23,13.94,13.94,13.94,13.94,0
2023-11-24,13.94,13.94,13.94,13.94,0
2023-11-27,13.94,13.94,13.94,13.94,0
2023-11-28,13.94,13.94,13.94,13.94,0
2023-11-29,13.94,13.94,13.94,13.94,0
2023-11-30,13.05,13.05,13.05,13.05,5000
2023-12-01,13.05,13.05,13.05,13.05,0
2023-12-04,13.05,13.05,13.05,13.05,0
2023-12-05,13.05,13.05,13.05,13.05,0
2023-12-06,13.05,13.05,13.05,13.05,0
2023-12-07,13.05,13.05,13.05,13.05,0
2023-12-08,13.05,13.05,13.05,13.05,0
2023-12-11,13.05,13.05,13.05,13.05,0
2023-12-12,13.05,13.05,13.05,13.05,0
2023-12-13,13.05,13.05,13.05,13.05,0
2023-12-14,13.05,13.05,13.05,13.05,0
2023-12-15,13.05,13.05,13.05,13.05,0
2023-12-18,13.05,13.05,13.05,13.05,0
2023-12-19,13.05,13.05,13.05,13.05,0
2023-12-20,13.05,13.05,13.05,13.05,0
2023-12-21,13.05,13.05,13.05,13.05,0
2023-12-22,13.05,13.05,13.05,13.05,500
2023-12-25,13.05,13.05,13.05,13.05,0
2023-12-26,13.05,13.05,13.05,13.05,0
2023-12-27,13.05,13.05,13.05,13.05,0
2023-12-28,13.05,13.05,13.05,13.05,0
2023-12-29,13.05,13.05,13.05,13.05,0
2024-01-02,13.05,13.05,13.05,13.05,0
2024-01-03,13.05,13.05,13.05,13.05,0
2024-01-04,13.05,13.05,13.05,13.05,0
2024-01-05,13.05,13.05,13.05,13.05,0
2024-01-08,13.05,13.05,13.05,13.05,0
2024-01-09,13.05,13.05,13.05,13.05,0
2024-01-10,13.05,13.05,13.05,13.05,0
2024-01-11,13.05,13.05,13.05,13.05,0
2024-01-12,13.05,13.05,13.05,13.05,0
2024-01-15,13.05,13.05,13.05,13.05,0
2024-01-16,13.05,13.05,13.05,13.05,0
2024-01-17,13.05,13.05,13.05,13.05,0
2024-01-18,13.05,13.05,13.05,13.05,0
2024-01-19,13.05,13.05,13.05,13.05,0
2024-01-22,13.05,13.05,13.05,13.05,0
2024-01-23,13.05,13.05,13.05,13.05,0
2024-01-24,13.05,13.05,13.05,13.05,0
2024-01-25,13.05,13.05,13.05,13.05,0
2024-01-26,13.05,13.05,13.05,13.05,0
2024-01-29,13.05,13.05,13.05,13.05,0
2024-01-30,13.05,13.05,13.05,13.05,0
2024-01-31,13.05,13.05,13.05,13.05,0
2024-02-01,13.05,13.05,13.05,13.05,0
2024-02-02,13.05,13.05,13.05,13.05,0
2024-02-05,13.05,13.05,13.05,13.05,0
2024-02-06,13.05,13.05,13.05,13.05,0
2024-02-07,13.05,13.05,13.05,13.05,0
2024-02-15,13.05,13.05,13.05,13.05,0
2024-02-16,13.05,13.05,13.05,13.05,0
2024-02-19,13.05,13.05,13.05,13.05,0
2024-02-20,13.05,13.05,13.05,13.05,0
2024-02-21,13.05,13.05,13.05,13.05,0
2024-02-22,13.05,13.05,13.05,13.05,0
2024-02-23,13.05,13.05,13.05,13.05,0
2024-02-26,13.05,13.05,13.05,13.05,0
2024-02-27,13.05,13.05,13.05,13.05,0
2024-02-28,13.05,13.05,13.05,13.05,0
2024-02-29,13.05,13.05,13.05,13.05,0
2024-03-01,13.05,13.05,13.05,13.05,0
2024-03-04,13.05,13.05,13.05,13.05,0
2024-03-05,13.05,13.05,13.05,13.05,0
2024-03-06,13.05,13.05,13.05,13.05,0
2024-03-07,13.05,13.05,13.05,13.05,0
2024-03-08,13.05,13.05,13.05,13.05,0
2024-03-11,11.25,11.25,11.25,11.25,1000
2024-03-12,11.25,11.25,11.25,11.25,300
2024-03-13,11.25,11.25,11.25,11.25,0
2024-03-14,11.25,11.25,11.25,11.25,0
2024-03-15,9.62,9.62,9.62,9.62,100
2024-03-18,9.62,9.62,9.62,9.62,0
2024-03-19,8.24,8.24,8.24,8.24,100
2024-03-20,8.24,8.24,8.24,8.24,0
2024-03-21,8.24,8.24,8.24,8.24,0
2024-03-22,7.01,7.01,7.01,7.01,100
2024-03-25,7.01,7.01,7.01,7.01,0
2024-03-26,7.01,7.01,7.01,7.01,0
2024-03-27,7.01,7.01,7.01,7.01,0
2024-03-28,7.01,7.01,7.01,7.01,0
2024-03-29,7.01,7.01,7.01,7.01,0
2024-04-01,7.01,7.01,7.01,7.01,0
2024-04-02,7.01,7.01,7.01,7.01,0
2024-04-03,7.01,7.01,7.01,7.01,0
2024-04-04,7.01,7.01,7.01,7.01,0
2024-04-05,7.01,7.01,7.01,7.01,0
2024-04-08,7.01,7.01,7.01,7.01,0
2024-04-09,7.01,7.01,7.01,7.01,0
2024-04-10,7.01,7.01,7.01,7.01,0
2024-04-11,7.01,7.01,7.01,7.01,0
2024-04-12,7.01,7.01,7.01,7.01,0
2024-04-15,7.01,7.01,7.01,7.01,0
2024-04-16,7.01,7.01,7.01,7.01,0
2024-04-17,7.01,7.01,7.01,7.01,0
2024-04-19,7.01,7.01,7.01,7.01,0
2024-04-22,7.01,7.01,7.01,7.01,0
2024-04-23,7.01,7.01,7.01,7.01,0
2024-04-24,7.01,7.01,7.01,7.01,0
2024-04-25,7.01,7.01,7.01,7.01,0
2024-04-26,7.01,7.01,7.01,7.01,0
2024-05-02,7.01,7.01,7.01,7.01,0
2024-05-03,7.01,7.01,7.01,7.01,0
2024-05-06,7.01,7.01,7.01,7.01,0
2024-05-07,7.01,7.01,7.01,7.01,0
2024-05-08,7.01,7.01,7.01,7.01,0
2024-05-09,7.01,7.01,7.01,7.01,0
2024-05-10,7.01,7.01,7.01,7.01,0
2024-05-13,7.01,7.01,7.01,7.01,0
2024-05-14,7.01,7.01,7.01,7.01,0
2024-05-15,7.01,7.01,7.01,7.01,0
2024-05-16,7.01,7.01,7.01,7.01,0
2024-05-17,7.01,7.01,7.01,7.01,0
2024-05-20,7.01,7.01,7.01,7.01,0
2024-05-21,7.01,7.01,7.01,7.01,0
2024-05-22,7.01,7.01,7.01,7.01,0
2024-05-23,7.01,7.01,7.01,7.01,0
2024-05-24,6.12,6.12,5.79,5.79,300
2024-05-27,5.87,5.87,5.87,5.87,0
2024-05-28,5.87,5.87,5.87,5.87,0
2024-05-29,5.87,5.87,5.87,5.87,0
2024-05-30,5.87,5.87,5.87,5.87,0
2024-05-31,5.87,5.87,5.87,5.87,0
2024-06-03,5.87,5.87,5.87,5.87,0
2024-06-04,5.87,5.87,5.87,5.87,0
2024-06-05,5.87,5.87,5.87,5.87,0
2024-06-06,5.87,5.87,5.87,5.87,0
2024-06-07,5.87,5.87,5.87,5.87,0
2024-06-10,5.87,5.87,5.87,5.87,0
2024-06-11,5.87,5.87,5.87,5.87,0
2024-06-12,5.87,5.87,5.87,5.87,0
2024-06-13,5.87,5.87,5.87,5.87,0
2024-06-14,5.87,5.87,5.87,5.87,0
2024-06-17,5.87,5.87,5.87,5.87,0
2024-06-18,5.87,5.87,5.87,5.87,0
2024-06-19,5.87,5.87,5.87,5.87,0
2024-06-20,5.87,5.87,5.87,5.87,0
2024-06-21,5.87,5.87,5.87,5.87,0
2024-06-24,5.87,5.87,5.87,5.87,0
2024-06-25,5.87,5.87,5.87,5.87,0
2024-06-26,5.87,5.87,5.87,5.87,0
2024-06-27,5.87,5.87,5.87,5.87,0
2024-06-28,5.87,5.87,5.87,5.87,0
2024-07-01,5.87,5.87,5.87,5.87,0
2024-07-02,5.87,5.87,5.87,5.87,0
2024-07-03,5.87,5.87,5.87,5.87,0
2024-07-04,5.87,5.87,5.87,5.87,0
2024-07-05,5.87,5.87,5.87,5.87,0
2024-07-08,5.87,5.87,5.87,5.87,0
2024-07-09,5.87,5.87,5.87,5.87,0
2024-07-10,5.87,5.87,5.87,5.87,0
2024-07-11,5.87,5.87,5.87,5.87,0
2024-07-12,5.87,5.87,5.87,5.87,0
2024-07-15,5.87,5.87,5.87,5.87,0
2024-07-16,5.87,5.87,5.87,5.87,0
2024-07-17,5.87,5.87,5.87,5.87,0
2024-07-18,5.87,5.87,5.87,5.87,0
2024-07-19,5.87,5.87,5.87,5.87,0
2024-07-22,5.87,5.87,5.87,5.87,0
2024-07-23,5.87,5.87,5.87,5.87,0
2024-07-24,5.87,5.87,5.87,5.87,0
2024-07-25,5.87,5.87,5.87,5.87,0
2024-07-26,5.87,5.87,5.87,5.87,0
2024-07-29,5.87,5.87,5.87,5.87,0
2024-07-30,5.87,5.87,5.87,5.87,0
2024-07-31,5.87,5.87,5.87,5.87,0
2024-08-01,5.87,5.87,5.87,5.87,0
2024-08-02,5.87,5.87,5.87,5.87,0
2024-08-05,5.87,5.87,5.87,5.87,0
2024-08-06,5.87,5.87,5.87,5.87,0
2024-08-07,5.87,5.87,5.87,5.87,0
2024-08-08,5.87,5.87,5.87,5.87,0
2024-08-09,5.87,5.87,5.87,5.87,0
2024-08-12,5.87,5.87,5.87,5.87,0
2024-08-13,5.87,5.87,5.87,5.87,0
2024-08-14,5.87,5.87,5.87,5.87,0
2024-08-15,5.87,5.87,5.87,5.87,0
2024-08-16,5.87,5.87,5.87,5.87,0
2024-08-19,5.87,5.87,5.87,5.87,0
2024-08-20,5.87,5.87,5.87,5.87,0
2024-08-21,5.87,5.87,5.87,5.87,0
2024-08-22,5.87,5.87,5.87,5.87,0
2024-08-23,5.87,5.87,5.87,5.87,0
2024-08-26,5.87,5.87,5.87,5.87,0
2024-08-27,5.87,5.87,5.87,5.87,0
2024-08-28,5.87,5.87,5.87,5.87,0
2024-08-29,5.87,5.87,5.87,5.87,0
2024-08-30,5.87,5.87,5.87,5.87,0
2024-09-04,5.87,5.87,5.87,5.87,0
2024-09-05,5.87,5.87,5.87,5.87,0
2024-09-06,5.87,5.87,5.87,5.87,0
2024-09-09,5.87,5.87,5.87,5.87,0
2024-09-10,5.87,5.87,5.87,5.87,0
2024-09-11,5.87,5.87,5.87,5.87,0
2024-09-12,5.87,5.87,5.87,5.87,0
2024-09-13,5.87,5.87,5.87,5.87,0
2024-09-16,5.87,5.87,5.87,5.87,0
2024-09-17,5.87,5.87,5.87,5.87,0
2024-09-18,5.87,5.87,5.87,5.87,0
2024-09-19,5.87,5.87,5.87,5.87,0
2024-09-20,5.87,5.87,5.87,5.87,0
2024-09-23,5.87,5.87,5.87,5.87,0
2024-09-24,5.87,5.87,5.87,5.87,0
2024-09-25,5.87,5.87,5.87,5.87,0
2024-09-26,5.87,5.87,5.87,5.87,0
2024-09-27,5.87,5.87,5.87,5.87,0
2024-09-30,5.87,5.87,5.87,5.87,0
2024-10-01,5.87,5.87,5.87,5.87,0
2024-10-02,5.87,5.87,5.87,5.87,0
2024-10-03,5.87,5.87,5.87,5.87,0
2024-10-04,5.87,5.87,5.87,5.87,0
2024-10-07,5.87,5.87,5.87,5.87,0
2024-10-08,5.87,5.87,5.87,5.87,0
2024-10-09,5.87,5.87,5.87,5.87,0
2024-10-10,5.87,5.87,5.87,5.87,0
2024-10-11,5.87,5.87,5.87,5.87,0
2024-10-14,5.87,5.87,5.87,5.87,0
2024-10-15,5.87,5.87,5.87,5.87,0
2024-10-16,5.87,5.87,5.87,5.87,0
2024-10-17,5.87,5.87,5.87,5.87,0
2024-10-18,5.87,5.87,5.87,5.87,0
2024-10-21,5.87,5.87,5.87,5.87,0
2024-10-22,5.87,5.87,5.87,5.87,0
2024-10-23,5.87,5.87,5.87,5.87,0
2024-10-24,5.87,5.87,5.87,5.87,0
2024-10-25,5.87,5.87,5.87,5.87,0
2024-10-28,5.87,5.87,5.87,5.87,0
2024-10-29,5.87,5.87,5.87,5.87,0
2024-10-30,5.87,5.87,5.87,5.87,0
2024-10-31,5.87,5.87,5.87,5.87,0
2024-11-01,5.87,5.87,5.87,5.87,0
2024-11-04,5.87,5.87,5.87,5.87,0
2024-11-05,5.87,5.87,5.87,5.87,0
2024-11-06,5.87,5.87,5.87,5.87,0
2024-11-07,5.87,5.87,5.87,5.87,0
2024-11-08,5.87,5.87,5.87,5.87,0
2024-11-11,5.87,5.87,5.87,5.87,0
2024-11-12,5.87,5.87,5.87,5.87,0
2024-11-13,5.87,5.87,5.87,5.87,0
2024-11-14,5.87,5.87,5.87,5.87,0
2024-11-15,5.87,5.87,5.87,5.87,0
2024-11-18,5.87,5.87,5.87,5.87,0
2024-11-19,5.87,5.87,5.87,5.87,0
2024-11-20,5.87,5.87,5.87,5.87,0
2024-11-21,5.87,5.87,5.87,5.87,0
2024-11-22,5.87,5.87,5.87,5.87,0
2024-11-25,5.87,5.87,5.87,5.87,0
2024-11-26,5.87,5.87,5.87,5.87,0
2024-11-27,5.87,5.87,5.87,5.87,0
2024-11-28,5.87,5.87,5.87,5.87,0
2024-11-29,5.87,5.87,5.87,5.87,0
2024-12-02,5.87,5.87,5.87,5.87,0
2024-12-03,5.87,5.87,5.87,5.87,0
2024-12-04,5.87,5.87,5.87,5.87,0
2024-12-05,5.87,5.87,5.87,5.87,0
2024-12-06,5.87,5.87,5.87,5.87,0
2024-12-09,5.87,5.87,5.87,5.87,0
2024-12-10,5.87,5.87,5.87,5.87,0
2024-12-11,5.87,5.87,5.87,5.87,0
2024-12-12,5.87,5.87,5.87,5.87,0
2024-12-13,5.87,5.87,5.87,5.87,0
2024-12-16,5.87,5.87,5.87,5.87,0
2024-12-17,5.87,5.87,5.87,5.87,0
2024-12-18,5.87,5.87,5.87,5.87,0
2024-12-19,5.87,5.87,5.87,5.87,0
2024-12-20,5.87,5.87,5.87,5.87,0
2024-12-23,5.87,5.87,5.87,5.87,0
2024-12-24,5.87,5.87,5.87,5.87,0
2024-12-25,5.87,5.87,5.87,5.87,0
2024-12-26,5.87,5.87,5.87,5.87,0
2024-12-27,5.87,5.87,5.87,5.87,0
2024-12-30,5.87,5.87,5.87,5.87,0
2024-12-31,5.87,5.87,5.87,5.87,0
2025-01-02,5.87,5.87,5.87,5.87,0
2025-01-03,5.87,5.87,5.87,5.87,0
2025-01-06,5.87,5.87,5.87,5.87,0
2025-01-07,5.87,5.87,5.87,5.87,0
2025-01-08,5.87,5.87,5.87,5.87,0
2025-01-09,5.87,5.87,5.87,5.87,0
2025-01-10,5.87,5.87,5.87,5.87,0
2025-01-13,5.87,5.87,5.87,5.87,0
2025-01-14,5.87,5.87,5.87,5.87,0
2025-01-15,5.87,5.87,5.87,5.87,0
2025-01-16,5.87,5.87,5.87,5.87,0
2025-01-17,5.87,5.87,5.87,5.87,0
2025-01-20,5.87,5.87,5.87,5.87,0
2025-01-21,5.87,5.87,5.87,5.87,0
2025-01-22,5.87,5.87,5.87,5.87,0
2025-01-23,5.87,5.87,5.87,5.87,0
2025-01-24,5.87,5.87,5.87,5.87,0
2025-02-03,5.87,5.87,5.87,5.87,0
2025-02-04,5.87,5.87,5.87,5.87,0
2025-02-05,5.87,5.87,5.87,5.87,0
2025-02-06,5.87,5.87,5.87,5.87,0
2025-02-07,5.87,5.87,5.87,5.87,0
2025-02-10,5.87,5.87,5.87,5.87,0
2025-02-11,5.87,5.87,5.87,5.87,0
2025-02-12,5.87,5.87,5.87,5.87,0
2025-02-13,5.87,5.87,5.87,5.87,0
2025-02-14,5.87,5.87,5.87,5.87,0
2025-02-17,5.87,5.87,5.87,5.87,0
2025-02-18,5.87,5.87,5.87,5.87,0
2025-02-19,5.87,5.87,5.87,5.87,0
2025-02-20,5.87,5.87,5.87,5.87,0
2025-02-21,5.87,5.87,5.87,5.87,0
2025-02-24,5.87,5.87,5.87,5.87,0
2025-02-25,5.87,5.87,5.87,5.87,0
2025-02-26,5.87,5.87,5.87,5.87,0
2025-02-27,5.87,5.87,5.87,5.87,0
2025-02-28,5.87,5.87,5.87,5.87,0
2025-03-03,5.87,5.87,5.87,5.87,0
2025-03-04,5.87,5.87,5.87,5.87,0
2025-03-05,5.87,5.87,5.87,5.87,0
2025-03-06,5.87,5.87,5.87,5.87,0
2025-03-07,5.87,5.87,5.87,5.87,0
2025-03-10,5.87,5.87,5.87,5.87,0
2025-03-11,5.87,5.87,5.87,5.87,0
2025-03-12,5.87,5.87,5.87,5.87,0
2025-03-13,5.87,5.87,5.87,5.87,0
2025-03-14,5.87,5.87,5.87,5.87,0
2025-03-17,5.87,5.87,5.87,5.87,0
2025-03-18,5.87,5.87,5.87,5.87,0
2025-03-19,5.87,5.87,5.87,5.87,0
2025-03-20,5.87,5.87,5.87,5.87,0
2025-03-21,5.87,5.87,5.87,5.87,0
2025-03-24,5.87,5.87,5.87,5.87,0
2025-03-25,5.87,5.87,5.87,5.87,0
2025-03-26,5.87,5.87,5.87,5.87,0
2025-03-27,5.87,5.87,5.87,5.87,0
2025-03-28,5.87,5.87,5.87,5.87,0
2025-03-31,5.87,5.87,5.87,5.87,0
2025-04-01,5.87,5.87,5.87,5.87,0
2025-04-02,5.87,5.87,5.87,5.87,0
2025-04-03,5.87,5.87,5.87,5.87,0
2025-04-04,8.14,8.14,8.14,8.14,100
2025-04-08,8.14,8.14,8.14,8.14,0
2025-04-09,8.14,8.14,8.14,8.14,0
2025-04-10,8.14,8.14,8.14,8.14,0
2025-04-11,8.14,8.14,8.14,8.14,0
2025-04-14,8.14,8.14,8.14,8.14,0
2025-04-15,8.14,8.14,8.14,8.14,0
2025-04-16,8.14,8.14,8.14,8.14,0
2025-04-17,8.14,8.14,8.14,8.14,0
2025-04-18,8.14,8.14,8.14,8.14,0
2025-04-21,8.14,8.14,8.14,8.14,0
2025-04-22,8.14,8.14,8.14,8.14,0
2025-04-23,8.14,8.14,8.14,8.14,0
2025-04-24,8.14,8.14,8.14,8.14,0
2025-04-25,8.14,8.14,8.14,8.14,0
2025-04-28,8.14,8.14,8.14,8.14,0
2025-04-29,8.14,8.14,8.14,8.14,0
2025-05-05,8.14,8.14,8.14,8.14,0
2025-05-06,8.14,8.14,8.14,8.14,0
2025-05-07,8.14,8.14,8.14,8.14,0
2025-05-08,8.14,8.14,8.14,8.14,0
2025-05-09,8.14,8.14,8.14,8.14,0
2025-05-12,8.14,8.14,8.14,8.14,0
2025-05-13,8.14,8.14,8.14,8.14,0
2025-05-14,8.14,8.14,8.14,8.14,0
2025-05-15,8.14,8.14,8.14,8.14,0
2025-05-16,8.14,8.14,8.14,8.14,0
2025-05-19,8.14,8.14,8.14,8.14,0
2025-05-20,11.36,11.36,11.36,11.36,200
2025-05-21,11.36,11.36,11.36,11.36,0
2025-05-22,11.36,11.36,11.36,11.36,0
2025-05-23,11.36,11.36,11.36,11.36,0
2025-05-26,11.36,11.36,11.36,11.36,0
2025-05-27,12.88,12.88,12.88,12.88,100
2025-05-28,14.77,14.77,14.77,14.77,300
2025-05-29,14.77,14.77,14.77,14.77,0
2025-05-30,14.77,14.77,14.77,14.77,100
2025-06-02,14.3,14.3,14.3,14.3,100
2025-06-03,14.3,14.3,14.3,14.3,0
2025-06-04,14.3,14.3,14.3,14.3,0
2025-06-05,14.3,14.3,14.3,14.3,0
2025-06-06,14.3,14.3,14.3,14.3,0
2025-06-09,14.3,14.3,14.3,14.3,0
2025-06-10,14.3,14.3,14.3,14.3,0
2025-06-11,14.3,14.3,14.3,14.3,0
2025-06-12,14.3,14.3,14.3,14.3,0
2025-06-13,14.3,14.3,14.3,14.3,0
2025-06-16,14.3,14.3,14.3,14.3,0
2025-06-17,14.3,14.3,14.3,14.3,0
2025-06-18,14.3,14.3,14.3,14.3,0
2025-06-19,14.3,14.3,14.3,14.3,0
2025-06-20,14.3,14.3,14.3,14.3,0
2025-06-23,14.3,14.3,14.3,14.3,0
2025-06-24,14.3,14.3,14.3,14.3,0
2025-06-25,14.3,14.3,14.3,14.3,0
2025-06-26,14.3,14.3,14.3,14.3,0
2025-06-27,14.3,14.3,14.3,14.3,0
2025-06-30,14.3,14.3,14.3,14.3,0
2025-07-01,14.3,14.3,14.3,14.3,0
2025-07-02,14.3,14.3,14.3,14.3,0
2025-07-03,14.3,14.3,14.3,14.3,0
2025-07-04,14.3,14.3,14.3,14.3,0
2025-07-07,14.3,14.3,14.3,14.3,0
2025-07-08,14.3,14.3,14.3,14.3,0
2025-07-09,14.3,14.3,14.3,14.3,0
2025-08-04,8.6,8.6,8.6,8.6,2000
