time,open,high,low,close,volume
2019-07-22,6.86,6.86,6.86,6.86,0
2019-07-23,6.86,6.86,6.86,6.86,0
2019-07-24,6.86,6.86,6.86,6.86,0
2019-07-25,6.86,6.86,6.86,6.86,0
2019-07-26,6.86,6.86,6.86,6.86,0
2019-07-29,6.86,6.86,6.86,6.86,0
2019-07-30,6.86,6.86,6.86,6.86,0
2019-07-31,6.86,6.86,6.86,6.86,0
2019-08-01,6.86,6.86,6.86,6.86,0
2019-08-02,6.86,6.86,6.86,6.86,0
2019-08-05,6.86,6.86,6.86,6.86,0
2019-08-06,6.86,6.86,6.86,6.86,0
2019-08-07,6.86,6.86,6.86,6.86,0
2019-08-08,6.86,6.86,6.86,6.86,0
2019-08-09,6.86,6.86,6.86,6.86,0
2019-08-12,6.86,6.86,6.86,6.86,0
2019-08-13,6.86,6.86,6.86,6.86,0
2019-08-14,6.86,6.86,6.86,6.86,0
2019-08-15,6.86,6.86,6.86,6.86,0
2019-08-16,6.86,6.86,6.86,6.86,0
2019-08-19,6.86,6.86,6.86,6.86,0
2019-08-20,6.86,6.86,6.86,6.86,0
2019-08-21,6.86,6.86,6.86,6.86,0
2019-08-22,6.86,6.86,6.86,6.86,0
2019-08-23,6.86,6.86,6.86,6.86,0
2019-08-26,6.86,6.86,6.86,6.86,0
2019-08-27,6.86,6.86,6.86,6.86,0
2019-08-28,6.86,6.86,6.86,6.86,0
2019-08-29,6.86,6.86,6.86,6.86,0
2019-08-30,6.86,6.86,6.86,6.86,0
2019-09-03,6.86,6.86,6.86,6.86,0
2019-09-04,6.86,6.86,6.86,6.86,0
2019-09-05,6.86,6.86,6.86,6.86,0
2019-09-06,6.86,6.86,6.86,6.86,0
2019-09-09,6.86,6.86,6.86,6.86,0
2019-09-10,6.86,6.86,6.86,6.86,0
2019-09-11,6.86,6.86,6.86,6.86,0
2019-09-12,6.86,6.86,6.86,6.86,0
2019-09-13,6.86,6.86,6.86,6.86,0
2019-09-16,6.86,6.86,6.86,6.86,0
2019-09-17,6.86,6.86,6.86,6.86,0
2019-09-18,6.86,6.86,6.86,6.86,0
2019-09-19,6.86,6.86,6.86,6.86,0
2019-09-20,6.86,6.86,6.86,6.86,0
2019-09-23,6.86,6.86,6.86,6.86,0
2019-09-24,6.86,6.86,6.86,6.86,0
2019-09-25,6.86,6.86,6.86,6.86,0
2019-09-26,6.86,6.86,6.86,6.86,0
2019-09-27,6.86,6.86,6.86,6.86,0
2019-09-30,6.86,6.86,6.86,6.86,0
2019-10-01,6.86,6.86,6.86,6.86,0
2019-10-02,6.86,6.86,6.86,6.86,0
2019-10-03,6.86,6.86,6.86,6.86,0
2019-10-04,6.86,6.86,6.86,6.86,0
2019-10-07,6.86,6.86,6.86,6.86,0
2019-10-08,6.86,6.86,6.86,6.86,0
2019-10-09,6.86,6.86,6.86,6.86,0
2019-10-10,6.86,6.86,6.86,6.86,0
2019-10-11,6.86,6.86,6.86,6.86,0
2019-10-14,6.86,6.86,6.86,6.86,0
2019-10-15,6.86,6.86,6.86,6.86,0
2019-10-16,6.86,6.86,6.86,6.86,0
2019-10-17,6.86,6.86,6.86,6.86,0
2019-10-18,6.86,6.86,6.86,6.86,0
2019-10-21,6.86,6.86,6.86,6.86,0
2019-10-22,6.86,6.86,6.86,6.86,0
2019-10-23,6.86,6.86,6.86,6.86,0
2019-10-24,6.86,6.86,6.86,6.86,0
2019-10-25,6.86,6.86,6.86,6.86,0
2019-10-28,6.86,6.86,6.86,6.86,0
2019-10-29,6.86,6.86,6.86,6.86,0
2019-10-30,6.86,6.86,6.86,6.86,0
2019-10-31,6.86,6.86,6.86,6.86,0
2019-11-01,6.86,6.86,6.86,6.86,0
2019-11-04,6.86,6.86,6.86,6.86,0
2019-11-05,6.86,6.86,6.86,6.86,0
2019-11-06,6.86,6.86,6.86,6.86,0
2019-11-07,6.86,6.86,6.86,6.86,0
2019-11-08,6.86,6.86,6.86,6.86,0
2019-11-11,6.86,6.86,6.86,6.86,0
2019-11-12,6.86,6.86,6.86,6.86,0
2019-11-13,6.86,6.86,6.86,6.86,0
2019-11-14,6.86,6.86,6.86,6.86,0
2019-11-15,6.86,6.86,6.86,6.86,0
2019-11-18,6.86,6.86,6.86,6.86,0
2019-11-19,6.86,6.86,6.86,6.86,0
2019-11-20,6.86,6.86,6.86,6.86,0
2019-11-21,6.86,6.86,6.86,6.86,0
2019-11-22,6.86,6.86,6.86,6.86,0
2019-11-25,6.86,6.86,6.86,6.86,0
2019-11-26,6.86,6.86,6.86,6.86,0
2019-11-27,4.11,4.11,4.11,4.11,1500
2019-11-28,4.11,4.11,4.11,4.11,0
2019-11-29,4.11,4.11,4.11,4.11,0
2019-12-02,4.11,4.11,4.11,4.11,0
2019-12-03,3.54,3.54,3.54,3.54,900
2019-12-04,3.54,3.54,3.54,3.54,0
2019-12-05,3.03,3.03,3.03,3.03,1400
2019-12-06,3.03,3.03,3.03,3.03,0
2019-12-09,3.03,3.03,3.03,3.03,0
2019-12-10,2.86,2.86,2.86,2.86,600
2019-12-11,2.74,2.74,2.46,2.46,2100
2019-12-12,2.34,2.34,2.29,2.29,2400
2019-12-13,2.29,2.63,2.29,2.63,1200
2019-12-16,2.8,2.8,2.8,2.8,4100
2019-12-17,3.2,3.2,3.2,3.2,300
2019-12-18,3.26,3.6,3.26,3.6,400
2019-12-19,3.66,3.66,2.97,3.49,1500
2019-12-20,3.43,3.43,3.43,3.43,100
2019-12-23,3.09,3.09,3.03,3.03,600
2019-12-24,3.03,3.03,3.03,3.03,0
2019-12-25,3.09,3.09,3.09,3.09,400
2019-12-26,3.09,3.09,3.09,3.09,0
2019-12-27,3.09,3.43,3.09,3.43,600
2019-12-30,3.14,3.43,3.43,3.43,0
2019-12-31,3.14,3.43,3.43,3.43,0
2020-01-02,3.14,3.43,3.43,3.43,0
2020-01-03,3.14,3.43,3.43,3.43,0
2020-01-06,3.14,3.43,3.43,3.43,0
2020-01-07,3.14,3.43,3.43,3.43,0
2020-01-08,3.14,3.43,3.43,3.43,0
2020-01-09,3.14,3.43,3.43,3.43,0
2020-01-10,3.6,3.6,3.6,3.6,500
2020-01-13,3.6,3.6,3.6,3.6,0
2020-01-14,3.6,3.6,3.6,3.6,0
2020-01-15,3.6,3.6,3.6,3.6,0
2020-01-16,3.6,3.6,3.6,3.6,0
2020-01-17,3.6,3.6,3.6,3.6,0
2020-01-20,3.6,3.6,3.6,3.6,0
2020-01-21,3.6,3.6,3.6,3.6,0
2020-01-22,3.6,3.6,3.6,3.6,0
2020-01-30,3.6,3.6,3.6,3.6,0
2020-01-31,3.6,3.6,3.6,3.6,0
2020-02-03,3.6,3.6,3.6,3.6,0
2020-02-04,3.6,3.6,3.6,3.6,0
2020-02-05,3.6,3.6,3.6,3.6,0
2020-02-06,3.6,3.6,3.6,3.6,0
2020-02-07,3.6,3.6,3.6,3.6,0
2020-02-10,3.6,3.6,3.6,3.6,0
2020-02-11,3.6,3.6,3.6,3.6,0
2020-02-12,3.6,3.6,3.6,3.6,0
2020-02-13,3.6,3.6,3.6,3.6,0
2020-02-14,3.6,3.6,3.6,3.6,0
2020-02-17,3.6,3.6,3.6,3.6,0
2020-02-18,3.6,3.6,3.6,3.6,0
2020-02-19,3.6,3.6,3.6,3.6,0
2020-02-20,3.6,3.6,3.6,3.6,0
2020-02-21,3.6,3.6,3.6,3.6,0
2020-02-24,3.6,3.6,3.6,3.6,0
2020-02-25,3.6,3.6,3.6,3.6,0
2020-02-26,3.6,3.6,3.6,3.6,0
2020-02-27,3.6,3.6,3.6,3.6,0
2020-02-28,3.6,3.6,3.6,3.6,0
2020-03-02,3.6,3.6,3.6,3.6,0
2020-03-03,3.6,3.6,3.6,3.6,0
2020-03-04,3.6,3.6,3.6,3.6,0
2020-03-05,3.6,3.6,3.6,3.6,0
2020-03-06,3.6,3.6,3.6,3.6,0
2020-03-09,3.6,3.6,3.6,3.6,0
2020-03-10,3.6,3.6,3.6,3.6,0
2020-03-11,3.6,3.6,3.6,3.6,0
2020-03-12,3.6,3.6,3.6,3.6,0
2020-03-13,3.6,3.6,3.6,3.6,0
2020-03-16,3.6,3.6,3.6,3.6,0
2020-03-17,3.6,3.6,3.6,3.6,0
2020-03-18,3.6,3.6,3.6,3.6,0
2020-03-19,3.6,3.6,3.6,3.6,0
2020-03-20,3.6,3.6,3.6,3.6,0
2020-03-23,3.6,3.6,3.6,3.6,0
2020-03-24,3.6,3.6,3.6,3.6,0
2020-03-25,3.6,3.6,3.6,3.6,0
2020-03-26,3.6,3.6,3.6,3.6,0
2020-03-27,3.6,3.6,3.6,3.6,0
2020-03-30,3.6,3.6,3.6,3.6,0
2020-03-31,3.6,3.6,3.6,3.6,0
2020-04-01,3.6,3.6,3.6,3.6,0
2020-04-03,3.6,3.6,3.6,3.6,0
2020-04-06,3.6,3.6,3.6,3.6,0
2020-04-07,3.6,3.6,3.6,3.6,0
2020-04-08,3.6,3.6,3.6,3.6,0
2020-04-09,3.6,3.6,3.6,3.6,0
2020-04-10,3.6,3.6,3.6,3.6,0
2020-04-13,3.6,3.6,3.6,3.6,0
2020-04-14,3.6,3.6,3.6,3.6,0
2020-04-15,3.6,3.6,3.6,3.6,0
2020-04-16,3.6,3.6,3.6,3.6,0
2020-04-17,3.6,3.6,3.6,3.6,0
2020-04-20,3.6,3.6,3.6,3.6,0
2020-04-21,3.6,3.6,3.6,3.6,0
2020-04-22,4.0,4.0,4.0,4.0,500
2020-04-23,4.0,4.0,4.0,4.0,0
2020-04-24,4.0,4.0,4.0,4.0,0
2020-04-27,4.0,4.0,4.0,4.0,0
2020-04-28,4.0,4.0,4.0,4.0,0
2020-04-29,4.0,4.0,4.0,4.0,0
2020-05-04,4.0,4.0,4.0,4.0,0
2020-05-05,3.43,3.43,3.43,3.43,500
2020-05-06,3.43,3.43,3.43,3.43,0
2020-05-07,3.43,3.43,3.43,3.43,0
2020-05-08,3.43,3.43,3.43,3.43,0
2020-05-11,3.43,3.43,3.43,3.43,0
2020-05-12,3.43,3.43,3.43,3.43,0
2020-05-13,3.43,3.43,3.43,3.43,0
2020-05-14,3.43,3.43,3.43,3.43,0
2020-05-15,3.94,3.94,3.89,3.89,1100
2020-05-18,3.94,3.89,3.89,3.89,0
2020-05-19,3.94,3.89,3.89,3.89,0
2020-05-20,3.94,3.89,3.89,3.89,0
2020-05-21,3.94,3.89,3.89,3.89,0
2020-05-22,3.94,3.89,3.89,3.89,0
2020-05-25,3.94,3.89,3.89,3.89,0
2020-05-26,3.71,3.71,3.71,3.71,1000
2020-05-27,3.71,3.71,3.71,3.71,0
2020-05-28,3.71,3.71,3.71,3.71,100
2020-05-29,3.71,3.71,3.71,3.71,800
2020-06-01,3.71,3.71,3.71,3.71,500
2020-06-02,3.71,3.71,3.71,3.71,0
2020-06-03,3.71,3.71,3.71,3.71,0
2020-06-04,3.71,3.71,3.71,3.71,0
2020-06-05,3.71,3.71,3.71,3.71,0
2020-06-08,3.71,3.71,3.71,3.71,0
2020-06-09,3.71,3.71,3.71,3.71,0
2020-06-10,3.71,3.71,3.71,3.71,0
2020-06-11,3.71,3.71,3.71,3.71,0
2020-06-12,3.71,3.71,3.71,3.71,0
2020-06-15,3.71,3.71,3.71,3.71,0
2020-06-16,3.71,3.71,3.71,3.71,0
2020-06-17,3.71,3.71,3.71,3.71,0
2020-06-18,3.71,3.71,3.71,3.71,0
2020-06-19,3.71,3.71,3.71,3.71,0
2020-06-22,3.71,3.71,3.71,3.71,0
2020-06-23,3.71,3.71,3.71,3.71,0
2020-06-24,3.71,3.71,3.71,3.71,0
2020-06-25,3.77,3.77,3.77,3.77,2100
2020-06-26,3.77,3.77,3.77,3.77,0
2020-06-29,3.77,3.77,3.77,3.77,0
2020-06-30,3.77,3.77,3.77,3.77,0
2020-07-01,3.77,3.77,3.77,3.77,0
2020-07-02,3.77,3.77,3.77,3.77,0
2020-07-03,3.77,3.77,3.77,3.77,0
2020-07-06,3.77,3.77,3.77,3.77,0
2020-07-07,3.77,3.77,3.77,3.77,0
2020-07-08,3.77,3.77,3.77,3.77,0
2020-07-09,3.77,3.77,3.77,3.77,0
2020-07-10,3.77,3.77,3.77,3.77,0
2020-07-13,3.77,3.77,3.77,3.77,0
2020-07-14,3.77,3.77,3.77,3.77,0
2020-07-15,3.77,3.77,3.77,3.77,0
2020-07-16,3.77,3.77,3.77,3.77,0
2020-07-17,3.77,3.77,3.77,3.77,0
2020-07-20,3.77,3.77,3.77,3.77,0
2020-07-21,3.77,3.77,3.77,3.77,0
2020-07-22,3.77,3.77,3.77,3.77,0
2020-07-23,3.77,3.77,3.77,3.77,0
2020-07-24,3.77,3.77,3.77,3.77,0
2020-07-27,3.77,3.77,3.77,3.77,0
2020-07-28,3.77,3.77,3.77,3.77,0
2020-07-29,3.77,3.77,3.77,3.77,0
2020-07-30,3.77,3.77,3.77,3.77,0
2020-07-31,3.77,3.77,3.77,3.77,0
2020-08-03,3.77,3.77,3.77,3.77,0
2020-08-04,3.77,3.77,3.77,3.77,0
2020-08-05,3.77,3.77,3.77,3.77,0
2020-08-06,3.77,3.77,3.77,3.77,0
2020-08-07,3.77,3.77,3.77,3.77,0
2020-08-10,3.77,3.77,3.77,3.77,0
2020-08-11,3.77,3.77,3.77,3.77,0
2020-08-12,3.77,3.77,3.77,3.77,0
2020-08-13,3.77,3.77,3.77,3.77,0
2020-08-14,3.77,3.77,3.77,3.77,0
2020-08-17,3.77,3.77,3.77,3.77,0
2020-08-18,3.77,3.77,3.77,3.77,0
2020-08-19,3.77,3.77,3.77,3.77,0
2020-08-20,3.77,3.77,3.77,3.77,0
2020-08-21,3.77,3.77,3.77,3.77,0
2020-08-24,3.77,3.77,3.77,3.77,0
2020-08-25,3.77,3.77,3.77,3.77,0
2020-08-26,3.77,3.77,3.77,3.77,0
2020-08-27,3.77,3.77,3.77,3.77,0
2020-08-28,3.77,3.77,3.77,3.77,0
2020-08-31,3.77,3.77,3.77,3.77,0
2020-09-01,3.77,3.77,3.77,3.77,0
2020-09-03,3.77,3.77,3.77,3.77,0
2020-09-04,3.77,3.77,3.77,3.77,0
2020-09-07,3.77,3.77,3.77,3.77,0
2020-09-08,3.2,3.2,3.2,3.2,20000
2020-09-09,3.2,3.2,3.2,3.2,0
2020-09-10,3.2,3.2,3.2,3.2,0
2020-09-11,3.2,3.2,3.2,3.2,0
2020-09-14,3.2,3.2,3.2,3.2,0
2020-09-15,3.2,3.2,3.2,3.2,0
2020-09-16,3.2,3.2,3.2,3.2,0
2020-09-17,3.2,3.2,3.2,3.2,0
2020-09-18,3.2,3.2,3.2,3.2,0
2020-09-21,3.2,3.2,3.2,3.2,0
2020-09-22,3.2,3.2,3.2,3.2,0
2020-09-23,3.2,3.2,3.2,3.2,0
2020-09-24,3.2,3.2,3.2,3.2,0
2020-09-25,3.2,3.2,3.2,3.2,0
2020-09-28,3.2,3.2,3.2,3.2,0
2020-09-29,3.2,3.2,3.2,3.2,0
2020-09-30,3.2,3.2,3.2,3.2,0
2020-10-01,3.2,3.2,3.2,3.2,0
2020-10-02,3.2,3.2,3.2,3.2,0
2020-10-05,3.2,3.2,3.2,3.2,0
2020-10-06,3.2,3.2,3.2,3.2,0
2020-10-07,3.66,3.66,3.43,3.43,600
2020-10-08,3.49,3.43,3.43,3.43,0
2020-10-09,3.49,3.43,3.43,3.43,0
2020-10-12,3.49,3.43,3.43,3.43,0
2020-10-13,3.49,3.43,3.43,3.43,0
2020-10-14,3.49,3.43,3.43,3.43,0
2020-10-15,3.49,3.43,3.43,3.43,0
2020-10-16,3.49,3.43,3.43,3.43,0
2020-10-19,4.0,4.0,4.0,4.0,2000
2020-10-20,4.0,4.0,4.0,4.0,1000
2020-10-21,4.0,4.0,4.0,4.0,1500
2020-10-22,4.0,4.0,4.0,4.0,0
2020-10-23,3.94,3.94,3.94,3.94,1800
2020-10-26,3.94,3.94,3.94,3.94,0
2020-10-27,3.94,3.94,3.94,3.94,0
2020-10-28,4.46,4.46,4.46,4.46,2200
2020-10-29,4.46,4.46,4.46,4.46,0
2020-10-30,4.46,4.46,4.46,4.46,0
2020-11-02,4.46,4.46,4.46,4.46,0
2020-11-03,4.46,4.46,4.46,4.46,0
2020-11-04,4.46,4.46,4.46,4.46,0
2020-11-05,4.86,4.86,4.86,4.86,100
2020-11-06,4.86,4.86,4.86,4.86,0
2020-11-09,4.86,4.86,4.86,4.86,0
2020-11-10,4.86,4.86,4.86,4.86,0
2020-11-11,4.23,4.23,4.23,4.23,100
2020-11-12,4.23,4.23,4.23,4.23,0
2020-11-13,4.23,4.23,4.23,4.23,0
2020-11-16,3.94,3.94,3.94,3.94,100
2020-11-17,3.94,3.94,3.94,3.94,0
2020-11-18,4.51,4.51,4.51,4.51,5800
2020-11-19,4.86,4.86,4.86,4.86,300
2020-11-20,4.86,4.86,4.86,4.86,0
2020-11-23,4.86,4.86,4.86,4.86,0
2020-11-24,4.86,4.86,4.86,4.86,7000
2020-11-25,4.86,4.86,4.86,4.86,0
2020-11-26,4.86,4.86,4.86,4.86,0
2020-11-27,4.86,4.86,4.86,4.86,0
2020-11-30,4.86,4.86,4.86,4.86,0
2020-12-01,4.86,4.86,4.86,4.86,100
2020-12-02,5.49,5.49,5.49,5.49,100
2020-12-03,6.17,6.17,6.17,6.17,100
2020-12-04,6.17,6.17,6.17,6.17,0
2020-12-07,6.8,6.8,6.8,6.8,100
2020-12-08,6.8,6.8,6.8,6.8,0
2020-12-09,5.8,5.8,5.8,5.8,1100
2020-12-10,5.8,5.8,5.8,5.8,0
2020-12-11,6.66,6.66,6.66,6.66,111
2020-12-14,6.66,6.66,6.66,6.66,0
2020-12-15,5.68,5.68,5.68,5.68,110
2020-12-16,5.5,5.5,5.19,5.19,200
2020-12-17,4.89,6.17,4.58,6.17,2500
2020-12-18,4.64,5.25,4.64,5.25,1100
2020-12-21,5.31,5.31,5.31,5.31,100
2020-12-22,5.31,5.31,5.31,5.31,1
2020-12-23,5.74,5.74,5.74,5.74,100
2020-12-24,6.05,6.05,5.74,5.74,1200
2020-12-25,5.8,5.74,5.74,5.74,0
2020-12-28,5.8,5.74,5.74,5.74,0
2020-12-29,6.66,6.66,6.66,6.66,100
2020-12-30,6.66,6.72,6.66,6.72,2500
2020-12-31,6.72,7.7,6.72,7.33,3400
2021-01-04,7.08,7.08,7.08,7.08,8100
2021-01-05,7.33,7.33,7.33,7.33,1000
2021-01-06,7.33,7.33,7.33,7.33,0
2021-01-07,6.23,6.23,6.23,6.23,100
2021-01-08,6.23,6.23,6.23,6.23,0
2021-01-11,6.23,6.23,6.23,6.23,0
2021-01-12,6.23,6.23,6.23,6.23,540
2021-01-13,6.23,6.23,6.23,6.23,500
2021-01-14,6.23,6.23,5.31,5.31,600
2021-01-15,6.41,6.41,6.41,6.41,1000
2021-01-18,6.41,6.41,6.41,6.41,0
2021-01-19,6.41,6.6,6.41,6.6,1600
2021-01-20,6.54,6.6,6.6,6.6,0
2021-01-21,6.54,6.6,6.6,6.6,0
2021-01-22,6.54,6.54,6.54,6.54,0
2021-01-25,6.54,6.6,6.6,6.6,0
2021-01-26,6.54,6.6,6.6,6.6,0
2021-01-27,6.54,6.6,6.6,6.6,0
2021-01-28,6.54,6.6,6.6,6.6,0
2021-01-29,6.54,6.6,6.6,6.6,0
2021-02-01,6.54,6.6,6.6,6.6,0
2021-02-02,6.54,6.6,6.6,6.6,0
2021-02-03,6.54,6.6,6.6,6.6,0
2021-02-04,6.54,6.6,6.6,6.6,0
2021-02-05,6.54,6.6,6.6,6.6,0
2021-02-08,5.56,5.56,5.56,5.56,100
2021-02-09,5.56,5.56,5.56,5.56,0
2021-02-17,5.56,5.56,5.56,5.56,0
2021-02-18,5.56,5.56,5.56,5.56,0
2021-02-19,5.56,5.56,5.56,5.56,0
2021-02-22,5.56,5.56,5.56,5.56,0
2021-02-23,5.56,5.56,5.56,5.56,0
2021-02-24,5.56,5.56,5.56,5.56,3300
2021-02-25,5.56,5.56,5.56,5.56,0
2021-02-26,5.56,5.56,5.56,5.56,0
2021-03-01,5.56,5.56,5.56,5.56,0
2021-03-02,5.56,5.56,5.56,5.56,0
2021-03-03,5.56,5.56,5.56,5.56,500
2021-03-04,5.56,5.56,5.56,5.56,0
2021-03-05,5.56,5.56,5.56,5.56,0
2021-03-08,5.56,5.56,5.56,5.56,0
2021-03-09,5.56,5.56,5.56,5.56,0
2021-03-10,5.56,5.56,5.56,5.56,0
2021-03-11,5.56,5.56,5.56,5.56,0
2021-03-12,5.56,5.56,5.56,5.56,0
2021-03-15,5.56,5.56,5.56,5.56,0
2021-03-16,5.56,5.56,5.56,5.56,0
2021-03-17,5.56,5.56,5.56,5.56,0
2021-03-18,5.56,5.56,5.56,5.56,0
2021-03-19,5.56,5.56,5.56,5.56,200
2021-03-22,5.56,5.56,5.56,5.56,0
2021-03-23,5.56,5.56,5.56,5.56,0
2021-03-24,5.74,5.74,5.74,5.74,200
2021-03-25,5.62,5.74,5.62,5.74,1300
2021-03-26,5.62,5.74,5.74,5.74,0
2021-03-29,5.62,5.74,5.74,5.74,0
2021-03-30,5.62,5.74,5.74,5.74,0
2021-03-31,5.62,5.74,5.74,5.74,0
2021-04-01,5.62,5.74,5.74,5.74,0
2021-04-02,5.62,5.74,5.74,5.74,0
2021-04-05,5.62,5.74,5.74,5.74,0
2021-04-06,5.62,5.74,5.74,5.74,0
2021-04-07,5.62,5.74,5.74,5.74,0
2021-04-08,5.62,5.74,5.74,5.74,0
2021-04-09,5.62,5.74,5.74,5.74,0
2021-04-12,5.62,5.74,5.74,5.74,0
2021-04-13,5.62,5.74,5.74,5.74,0
2021-04-14,5.62,5.74,5.74,5.74,0
2021-04-15,5.62,5.74,5.74,5.74,0
2021-04-16,5.62,5.74,5.74,5.74,0
2021-04-19,5.62,5.74,5.74,5.74,0
2021-04-20,5.62,5.74,5.74,5.74,0
2021-04-22,5.62,5.74,5.74,5.74,0
2021-04-23,5.62,5.74,5.74,5.74,0
2021-04-26,5.62,5.74,5.74,5.74,0
2021-04-27,5.62,5.74,5.74,5.74,0
2021-04-28,5.62,5.74,5.74,5.74,0
2021-04-29,5.62,5.74,5.74,5.74,0
2021-05-04,5.62,5.74,5.74,5.74,0
2021-05-05,5.62,5.74,5.74,5.74,0
2021-05-06,5.62,5.74,5.74,5.74,0
2021-05-07,5.62,5.74,5.74,5.74,0
2021-05-10,5.62,5.74,5.74,5.74,0
2021-05-11,5.62,5.74,5.74,5.74,0
2021-05-12,5.62,5.74,5.74,5.74,0
2021-05-13,5.62,5.74,5.74,5.74,0
2021-05-14,6.39,6.39,6.39,6.39,1000
2021-05-17,6.39,6.39,6.39,6.39,0
2021-05-18,6.39,6.39,6.39,6.39,0
2021-05-19,6.39,6.39,6.39,6.39,0
2021-05-20,6.39,6.39,6.39,6.39,0
2021-05-21,6.39,6.39,6.39,6.39,0
2021-05-24,6.39,6.39,6.39,6.39,0
2021-05-25,6.39,6.39,6.39,6.39,0
2021-05-26,6.39,6.39,6.39,6.39,0
2021-05-27,6.39,6.39,6.39,6.39,0
2021-05-28,6.39,6.39,6.39,6.39,0
2021-05-31,6.39,6.39,6.39,6.39,0
2021-06-01,6.39,6.39,6.39,6.39,0
2021-06-02,6.39,6.39,6.39,6.39,0
2021-06-03,6.39,6.39,6.39,6.39,0
2021-06-04,7.31,7.31,7.31,7.31,300
2021-06-07,7.31,7.31,7.31,7.31,0
2021-06-08,7.31,7.31,7.31,7.31,0
2021-06-09,7.31,7.31,7.31,7.31,0
2021-06-10,7.31,7.31,7.31,7.31,0
2021-06-11,6.25,6.25,6.25,6.25,1700
2021-06-14,6.25,6.25,6.25,6.25,0
2021-06-15,6.25,6.25,6.25,6.25,0
2021-06-16,6.25,6.25,6.25,6.25,0
2021-06-17,6.25,6.25,6.25,6.25,0
2021-06-18,6.25,6.25,6.25,6.25,0
2021-06-21,6.25,6.25,6.25,6.25,0
2021-06-22,6.25,6.25,6.25,6.25,0
2021-06-23,6.25,6.25,6.25,6.25,0
2021-06-24,6.25,6.25,6.25,6.25,0
2021-06-25,6.25,6.25,6.25,6.25,0
2021-06-28,6.25,6.25,6.25,6.25,0
2021-06-29,6.25,6.25,6.25,6.25,0
2021-06-30,6.25,6.25,6.25,6.25,0
2021-07-01,6.25,6.25,6.25,6.25,0
2021-07-02,6.25,6.25,6.25,6.25,0
2021-07-05,6.25,6.25,6.25,6.25,0
2021-07-06,6.25,6.25,6.25,6.25,0
2021-07-07,6.25,6.25,6.25,6.25,0
2021-07-08,6.25,6.25,6.25,6.25,0
2021-07-09,6.25,6.25,6.25,6.25,0
2021-07-12,6.25,6.25,6.25,6.25,0
2021-07-13,6.25,6.25,6.25,6.25,0
2021-07-14,6.25,6.25,6.25,6.25,0
2021-07-15,6.25,6.25,6.25,6.25,0
2021-07-16,6.25,6.25,6.25,6.25,0
2021-07-19,6.25,6.25,6.25,6.25,0
2021-07-20,6.25,6.25,6.25,6.25,0
2021-07-21,6.25,6.25,6.25,6.25,0
2021-07-22,6.25,6.25,6.25,6.25,0
2021-07-23,6.25,6.25,6.25,6.25,0
2021-07-26,6.25,6.25,6.25,6.25,0
2021-07-27,6.25,6.25,6.25,6.25,0
2021-07-28,6.25,6.25,6.25,6.25,0
2021-07-29,6.25,6.25,6.25,6.25,0
2021-07-30,6.25,6.25,6.25,6.25,0
2021-08-02,6.25,6.25,6.25,6.25,0
2021-08-03,6.25,6.25,6.25,6.25,0
2021-08-04,6.25,6.25,6.25,6.25,0
2021-08-05,6.25,6.25,6.25,6.25,0
2021-08-06,6.25,6.25,6.25,6.25,0
2021-08-09,6.25,6.25,6.25,6.25,0
2021-08-10,6.25,6.25,6.25,6.25,0
2021-08-11,6.25,6.25,6.25,6.25,0
2021-08-12,6.25,6.25,6.25,6.25,0
2021-08-13,6.25,6.25,6.25,6.25,0
2021-08-16,6.25,6.25,6.25,6.25,0
2021-08-17,6.25,6.25,6.25,6.25,0
2021-08-18,6.25,6.25,6.25,6.25,0
2021-08-19,6.25,6.25,6.25,6.25,0
2021-08-20,5.32,5.32,5.32,5.32,18960
2021-08-23,5.32,5.32,5.32,5.32,0
2021-08-24,5.32,5.32,5.32,5.32,0
2021-08-25,5.32,5.32,5.32,5.32,0
2021-08-26,5.32,5.32,5.32,5.32,0
2021-08-27,6.11,6.11,6.11,6.11,100
2021-08-30,6.11,6.11,6.11,6.11,0
2021-08-31,6.11,6.11,6.11,6.11,0
2021-09-01,6.11,6.11,6.11,6.11,0
2021-09-06,6.11,6.11,6.11,6.11,0
2021-09-07,6.11,6.11,6.11,6.11,0
2021-09-08,6.11,6.11,6.11,6.11,0
2021-09-09,6.11,6.11,6.11,6.11,0
2021-09-10,6.96,6.96,6.96,6.96,11708
2021-09-13,6.96,6.96,6.96,6.96,0
2021-09-14,6.96,6.96,6.96,6.96,0
2021-09-15,6.96,6.96,6.96,6.96,0
2021-09-16,6.96,6.96,6.96,6.96,0
2021-09-17,6.96,6.96,6.96,6.96,0
2021-09-20,6.96,6.96,6.96,6.96,0
2021-09-21,6.96,6.96,6.96,6.96,0
2021-09-22,6.96,6.96,6.96,6.96,0
2021-09-23,6.96,6.96,6.96,6.96,0
2021-09-24,6.03,6.03,6.03,6.03,300
2021-09-27,6.03,6.03,6.03,6.03,0
2021-09-28,6.03,6.03,6.03,6.03,0
2021-09-29,6.03,6.03,6.03,6.03,0
2021-09-30,6.03,6.03,6.03,6.03,0
2021-10-01,6.03,6.03,6.03,6.03,1
2021-10-04,6.03,6.03,6.03,6.03,0
2021-10-05,6.03,6.03,6.03,6.03,0
2021-10-06,6.03,6.03,6.03,6.03,0
2021-10-07,6.03,6.03,6.03,6.03,0
2021-10-08,6.03,6.03,6.03,6.03,0
2021-10-11,6.03,6.03,6.03,6.03,0
2021-10-12,6.03,6.03,6.03,6.03,0
2021-10-13,6.03,6.03,6.03,6.03,0
2021-10-14,6.03,6.03,6.03,6.03,0
2021-10-15,6.25,6.25,6.25,6.25,200
2021-10-18,6.25,6.25,6.25,6.25,0
2021-10-19,6.25,6.25,6.25,6.25,0
2021-10-20,6.25,6.25,6.25,6.25,0
2021-10-21,6.25,6.25,6.25,6.25,0
2021-10-22,7.17,7.17,6.32,6.32,6100
2021-10-25,6.32,6.32,6.32,6.32,0
2021-10-26,6.32,6.32,6.32,6.32,0
2021-10-27,6.32,6.32,6.32,6.32,0
2021-10-28,6.32,6.32,6.32,6.32,0
2021-10-29,7.24,7.24,7.24,7.24,400
2021-11-01,7.24,7.24,7.24,7.24,0
2021-11-02,7.24,7.24,7.24,7.24,0
2021-11-03,7.24,7.24,7.24,7.24,0
2021-11-04,7.24,7.24,7.24,7.24,0
2021-11-05,7.24,7.24,7.24,7.24,0
2021-11-08,7.24,7.24,7.24,7.24,0
2021-11-09,7.24,7.24,7.24,7.24,0
2021-11-10,7.24,7.24,7.24,7.24,0
2021-11-11,7.24,7.24,7.24,7.24,0
2021-11-12,7.24,7.24,7.24,7.24,0
2021-11-15,7.24,7.24,7.24,7.24,0
2021-11-16,7.24,7.24,7.24,7.24,0
2021-11-17,7.24,7.24,7.24,7.24,0
2021-11-18,7.24,7.24,7.24,7.24,0
2021-11-19,7.24,7.24,7.24,7.24,0
2021-11-22,7.24,7.24,7.24,7.24,0
2021-11-23,7.24,7.24,7.24,7.24,0
2021-11-24,7.24,7.24,7.24,7.24,0
2021-11-25,7.24,7.24,7.24,7.24,0
2021-11-26,7.24,7.24,7.24,7.24,0
2021-11-29,7.24,7.24,7.24,7.24,0
2021-11-30,7.24,7.24,7.24,7.24,0
2021-12-01,7.24,7.24,7.24,7.24,0
2021-12-02,7.24,7.24,7.24,7.24,0
2021-12-03,6.25,7.24,6.25,7.24,6900
2021-12-06,6.32,6.32,6.32,6.32,0
2021-12-07,6.32,6.32,6.32,6.32,0
2021-12-08,6.32,6.32,6.32,6.32,0
2021-12-09,6.32,6.32,6.32,6.32,0
2021-12-10,7.24,7.24,7.24,7.24,100
2021-12-13,7.24,7.24,7.24,7.24,0
2021-12-14,7.24,7.24,7.24,7.24,0
2021-12-15,7.24,7.24,7.24,7.24,0
2021-12-16,7.24,7.24,7.24,7.24,0
2021-12-17,8.31,8.31,8.31,8.31,13900
2021-12-20,8.31,8.31,8.31,8.31,0
2021-12-21,8.31,8.31,8.31,8.31,0
2021-12-22,8.31,8.31,8.31,8.31,0
2021-12-23,8.31,8.31,8.31,8.31,0
2021-12-24,9.44,9.44,9.44,9.44,100
2021-12-27,9.44,9.44,9.44,9.44,0
2021-12-28,9.44,9.44,9.44,9.44,0
2021-12-29,9.44,9.44,9.44,9.44,0
2021-12-30,9.44,9.44,9.44,9.44,0
2021-12-31,9.44,9.44,9.44,9.44,0
2022-01-04,9.44,9.44,9.44,9.44,0
2022-01-05,9.44,9.44,9.44,9.44,0
2022-01-06,9.44,9.44,9.44,9.44,0
2022-01-07,10.72,10.72,10.72,10.72,200
2022-01-10,10.72,10.72,10.72,10.72,0
2022-01-11,10.72,10.72,10.72,10.72,0
2022-01-12,10.72,10.72,10.72,10.72,0
2022-01-13,10.72,10.72,10.72,10.72,0
2022-01-14,10.58,10.58,10.58,10.58,200
2022-01-17,10.58,10.58,10.58,10.58,0
2022-01-18,10.58,10.58,10.58,10.58,0
2022-01-19,10.58,10.58,10.58,10.58,0
2022-01-20,10.58,10.58,10.58,10.58,0
2022-01-21,9.94,9.94,9.02,9.94,500
2022-01-24,9.73,9.73,9.73,9.73,0
2022-01-25,9.73,9.73,9.73,9.73,0
2022-01-26,9.73,9.73,9.73,9.73,0
2022-01-27,9.73,9.73,9.73,9.73,0
2022-01-28,9.73,9.73,9.73,9.73,100
2022-02-07,9.73,9.73,9.73,9.73,0
2022-02-08,9.73,9.73,9.73,9.73,0
2022-02-09,9.73,9.73,9.73,9.73,0
2022-02-10,9.73,9.73,9.73,9.73,0
2022-02-11,9.73,9.73,9.73,9.73,0
2022-02-14,9.73,9.73,9.73,9.73,0
2022-02-15,9.73,9.73,9.73,9.73,0
2022-02-16,9.73,9.73,9.73,9.73,0
2022-02-17,9.73,9.73,9.73,9.73,0
2022-02-18,9.73,9.73,9.73,9.73,1100
2022-02-21,9.73,9.73,9.73,9.73,0
2022-02-22,9.73,9.73,9.73,9.73,0
2022-02-23,9.73,9.73,9.73,9.73,0
2022-02-24,9.73,9.73,9.73,9.73,0
2022-02-25,9.73,9.73,9.73,9.73,0
2022-02-28,9.73,9.73,9.73,9.73,0
2022-03-01,9.73,9.73,9.73,9.73,0
2022-03-02,9.73,9.73,9.73,9.73,0
2022-03-03,9.73,9.73,9.73,9.73,0
2022-03-04,9.73,9.73,9.73,9.73,0
2022-03-07,9.73,9.73,9.73,9.73,0
2022-03-08,9.73,9.73,9.73,9.73,0
2022-03-09,9.73,9.73,9.73,9.73,0
2022-03-10,9.73,9.73,9.73,9.73,0
2022-03-11,9.73,9.73,9.73,9.73,0
2022-03-14,9.73,9.73,9.73,9.73,0
2022-03-15,9.73,9.73,9.73,9.73,0
2022-03-16,9.73,9.73,9.73,9.73,0
2022-03-17,9.73,9.73,9.73,9.73,0
2022-03-18,8.31,8.31,8.31,8.31,9000
2022-03-21,8.31,8.31,8.31,8.31,0
2022-03-22,8.31,8.31,8.31,8.31,0
2022-03-23,8.31,8.31,8.31,8.31,0
2022-03-24,8.31,8.31,8.31,8.31,0
2022-03-25,8.31,8.31,8.31,8.31,0
2022-03-28,8.31,8.31,8.31,8.31,0
2022-03-29,8.31,8.31,8.31,8.31,0
2022-03-30,8.31,8.31,8.31,8.31,0
2022-03-31,8.31,8.31,8.31,8.31,0
2022-04-01,7.1,7.1,7.1,7.1,6300
2022-04-04,7.1,7.1,7.1,7.1,0
2022-04-05,7.1,7.1,7.1,7.1,0
2022-04-06,7.1,7.1,7.1,7.1,0
2022-04-07,7.1,7.1,7.1,7.1,0
2022-04-08,8.16,8.16,7.1,7.17,15200
2022-04-12,7.1,7.1,7.1,7.1,0
2022-04-13,7.1,7.1,7.1,7.1,0
2022-04-14,7.1,7.1,7.1,7.1,0
2022-04-15,7.1,7.1,7.1,7.1,0
2022-04-18,8.02,8.02,8.02,8.02,300
2022-04-19,8.02,8.02,8.02,8.02,0
2022-04-20,9.02,9.02,9.02,9.02,100
2022-04-21,10.37,10.37,9.94,9.94,1400
2022-04-22,11.64,11.64,11.64,11.64,100
2022-04-25,12.78,13.35,12.78,13.28,400
2022-04-26,13.28,13.28,13.28,13.28,200
2022-04-27,13.28,13.28,13.28,13.28,0
2022-04-28,13.28,13.28,13.28,13.28,0
2022-04-29,13.28,13.28,11.29,13.2,2400
2022-05-04,12.0,12.0,12.0,12.0,0
2022-05-05,13.42,13.42,12.07,12.07,400
2022-05-06,12.78,12.78,12.78,12.78,7
2022-05-09,12.78,12.78,12.78,12.78,0
2022-05-10,12.78,12.78,12.78,12.78,0
2022-05-11,12.78,12.78,12.78,12.78,0
2022-05-12,12.78,12.78,12.78,12.78,200
2022-05-13,12.78,12.78,12.78,12.78,0
2022-05-16,12.78,12.78,12.78,12.78,0
2022-05-17,12.78,12.78,12.78,12.78,0
2022-05-18,13.13,13.13,10.86,10.86,700
2022-05-19,10.65,10.65,10.65,10.65,200
2022-05-20,9.12,9.12,9.12,9.12,100
2022-05-23,7.82,7.82,7.82,7.82,600
2022-05-24,8.97,8.97,8.97,8.97,100
2022-05-25,10.27,10.27,10.27,10.27,100
2022-05-26,11.8,11.8,11.8,11.8,200
2022-05-27,10.04,10.04,10.04,10.04,200
2022-05-30,8.58,8.58,8.58,8.58,100
2022-05-31,9.81,9.81,7.51,7.51,300
2022-06-01,10.27,10.27,10.27,10.27,200
2022-06-02,10.27,10.27,10.27,10.27,0
2022-06-03,11.5,11.5,11.5,11.5,100
2022-06-06,11.5,11.5,11.5,11.5,0
2022-06-07,11.5,11.5,11.5,11.5,0
2022-06-08,11.5,11.5,11.5,11.5,0
2022-06-09,9.81,9.81,9.81,9.81,100
2022-06-10,8.35,8.35,8.35,8.35,10000
2022-06-13,9.58,9.58,9.58,9.58,1100
2022-06-14,9.58,9.58,9.58,9.58,0
2022-06-15,8.2,8.2,8.2,8.2,100
2022-06-16,8.2,8.2,8.2,8.2,0
2022-06-17,8.2,8.2,8.2,8.2,2900
2022-06-20,8.2,8.2,8.2,8.2,0
2022-06-21,8.2,8.2,8.2,8.2,0
2022-06-22,9.43,9.43,9.43,9.43,100
2022-06-23,9.43,9.43,9.43,9.43,0
2022-06-24,9.43,9.43,9.43,9.43,0
2022-06-27,9.43,9.43,9.43,9.43,0
2022-06-28,8.12,8.12,8.12,8.12,100
2022-06-29,7.28,8.05,7.28,8.05,1700
2022-06-30,8.05,8.05,8.05,8.05,300
2022-07-01,8.05,8.05,8.05,8.05,0
2022-07-04,8.05,8.05,8.05,8.05,0
2022-07-05,8.05,8.05,8.05,8.05,0
2022-07-06,8.81,9.12,8.81,9.12,2700
2022-07-07,9.04,9.04,9.04,9.04,0
2022-07-08,9.04,9.04,9.04,9.04,0
2022-07-11,9.04,9.04,9.04,9.04,0
2022-07-12,9.04,9.04,9.04,9.04,0
2022-07-13,9.04,9.04,9.04,9.04,0
2022-07-14,9.04,9.04,9.04,9.04,0
2022-07-15,9.04,9.04,9.04,9.04,0
2022-07-18,9.04,9.04,9.04,9.04,0
2022-07-19,8.35,8.35,8.35,8.35,500
2022-07-20,9.58,9.58,9.58,9.58,300
2022-07-21,9.58,9.58,9.58,9.58,0
2022-07-22,9.58,9.58,9.58,9.58,0
2022-07-25,9.58,9.58,9.58,9.58,0
2022-07-26,9.58,9.58,9.58,9.58,0
2022-07-27,9.58,9.58,9.58,9.58,0
2022-07-28,9.58,9.58,9.58,9.58,0
2022-07-29,9.58,9.58,9.58,9.58,0
2022-08-01,9.58,9.58,9.58,9.58,0
2022-08-02,9.58,9.58,9.58,9.58,0
2022-08-03,9.58,9.58,9.58,9.58,0
2022-08-04,9.58,9.58,9.58,9.58,0
2022-08-05,9.58,9.58,9.58,9.58,0
2022-08-08,9.58,9.58,9.58,9.58,0
2022-08-09,9.58,9.58,9.58,9.58,0
2022-08-10,9.58,9.58,9.58,9.58,0
2022-08-11,8.2,9.58,8.2,9.58,400
2022-08-12,8.58,8.58,8.58,8.58,0
2022-08-15,9.66,9.73,9.66,9.73,200
2022-08-16,9.73,9.73,9.73,9.73,0
2022-08-17,9.73,9.73,9.73,9.73,0
2022-08-18,9.73,9.73,9.73,9.73,0
2022-08-19,9.73,9.73,9.73,9.73,0
2022-08-22,9.73,9.73,9.73,9.73,0
2022-08-23,9.96,9.96,9.96,9.96,100
2022-08-24,9.96,9.96,9.96,9.96,0
2022-08-25,9.96,9.96,9.96,9.96,0
2022-08-26,9.96,9.96,9.96,9.96,0
2022-08-29,9.96,9.96,9.96,9.96,0
2022-08-30,9.96,9.96,9.96,9.96,0
2022-08-31,9.96,9.96,9.96,9.96,0
2022-09-05,9.96,9.96,9.96,9.96,0
2022-09-06,9.96,9.96,9.96,9.96,0
2022-09-07,9.96,9.96,9.96,9.96,0
2022-09-08,9.96,9.96,9.96,9.96,0
2022-09-09,9.96,9.96,9.96,9.96,0
2022-09-12,9.96,9.96,9.96,9.96,0
2022-09-13,9.2,9.2,9.2,9.2,100
2022-09-14,9.2,9.2,9.2,9.2,0
2022-09-15,9.2,9.2,9.2,9.2,0
2022-09-16,9.2,9.2,9.2,9.2,0
2022-09-19,9.2,9.2,9.2,9.2,0
2022-09-20,9.2,9.2,9.2,9.2,0
2022-09-21,9.2,9.2,9.2,9.2,0
2022-09-22,9.2,9.2,9.2,9.2,0
2022-09-23,9.2,9.2,9.2,9.2,0
2022-09-26,9.2,9.2,9.2,9.2,0
2022-09-27,9.2,9.2,9.2,9.2,0
2022-09-28,9.2,9.2,9.2,9.2,0
2022-09-29,9.2,9.2,9.2,9.2,0
2022-09-30,9.2,9.2,9.2,9.2,0
2022-10-03,9.2,9.2,9.2,9.2,0
2022-10-04,9.2,9.2,9.2,9.2,0
2022-10-05,9.2,9.2,9.2,9.2,1
2022-10-06,9.2,9.2,9.2,9.2,0
2022-10-07,9.2,9.2,9.2,9.2,0
2022-10-10,9.2,9.2,9.2,9.2,0
2022-10-11,9.2,10.58,9.2,10.58,200
2022-10-12,11.34,11.34,11.34,11.34,100
2022-10-13,13.03,13.03,13.03,13.03,100
2022-10-14,13.03,13.03,13.03,13.03,100
2022-10-17,13.03,13.03,13.03,13.03,0
2022-10-18,13.03,13.03,13.03,13.03,0
2022-10-19,13.03,13.03,13.03,13.03,0
2022-10-20,13.03,13.03,13.03,13.03,0
2022-10-21,13.03,13.03,13.03,13.03,0
2022-10-24,13.03,13.03,13.03,13.03,0
2022-10-25,12.26,12.26,12.26,12.26,100
2022-10-26,12.26,12.26,12.26,12.26,0
2022-10-27,12.26,12.26,12.26,12.26,0
2022-10-28,12.26,12.26,12.26,12.26,0
2022-10-31,12.26,12.26,12.26,12.26,0
2022-11-01,12.26,12.26,12.26,12.26,0
2022-11-02,12.26,12.26,12.26,12.26,0
2022-11-03,12.26,12.26,12.26,12.26,0
2022-11-04,12.26,12.26,12.26,12.26,0
2022-11-07,12.26,12.26,12.26,12.26,0
2022-11-08,12.26,12.26,12.26,12.26,0
2022-11-09,12.26,12.26,12.26,12.26,0
2022-11-10,12.26,12.26,12.26,12.26,100
2022-11-11,12.26,12.26,12.26,12.26,0
2022-11-14,12.26,12.26,12.26,12.26,0
2022-11-15,12.26,12.26,12.26,12.26,0
2022-11-16,12.26,12.26,12.26,12.26,0
2022-11-17,12.26,12.26,12.26,12.26,0
2022-11-18,12.26,12.26,12.26,12.26,0
2022-11-21,12.26,12.26,12.26,12.26,0
2022-11-22,12.26,12.26,12.26,12.26,0
2022-11-23,12.26,12.26,12.26,12.26,0
2022-11-24,12.26,12.26,12.26,12.26,0
2022-11-25,12.26,12.26,12.26,12.26,0
2022-11-28,12.26,12.26,12.26,12.26,0
2022-11-29,12.26,12.26,12.26,12.26,0
2022-11-30,12.26,12.26,12.26,12.26,0
2022-12-01,12.26,12.26,12.26,12.26,0
2022-12-02,12.26,12.26,12.26,12.26,0
2022-12-05,12.26,12.26,12.26,12.26,0
2022-12-06,12.26,12.26,12.26,12.26,0
2022-12-07,12.26,12.26,12.26,12.26,0
2022-12-08,12.26,12.26,12.26,12.26,0
2022-12-09,12.26,12.26,12.26,12.26,0
2022-12-12,12.26,12.26,12.26,12.26,0
2022-12-13,12.26,12.26,12.26,12.26,0
2022-12-14,12.26,12.26,12.26,12.26,0
2022-12-15,12.26,12.26,12.26,12.26,0
2022-12-16,12.26,12.26,12.26,12.26,0
2022-12-19,7.43,7.43,7.43,7.43,100
2022-12-20,7.43,7.43,7.43,7.43,0
2022-12-21,7.66,7.66,7.66,7.66,100
2022-12-22,7.66,7.66,7.66,7.66,0
2022-12-23,7.66,7.66,7.66,7.66,0
2022-12-26,7.66,7.66,7.66,7.66,0
2022-12-27,7.66,7.66,7.66,7.66,0
2022-12-28,7.66,7.66,7.66,7.66,0
2022-12-29,7.66,7.66,7.66,7.66,0
2022-12-30,7.66,7.66,7.66,7.66,0
2023-01-03,7.66,7.66,7.66,7.66,0
2023-01-04,7.66,7.66,7.66,7.66,0
2023-01-05,7.66,7.66,7.66,7.66,600
2023-01-06,7.66,7.66,7.66,7.66,0
2023-01-09,7.66,7.66,7.66,7.66,0
2023-01-10,7.66,7.66,7.66,7.66,0
2023-01-11,7.66,7.66,7.66,7.66,0
2023-01-12,7.66,7.66,7.66,7.66,0
2023-01-13,8.81,8.81,8.81,8.81,500
2023-01-16,8.81,8.81,8.81,8.81,0
2023-01-17,8.81,8.81,8.81,8.81,0
2023-01-18,8.81,8.81,8.81,8.81,0
2023-01-19,8.81,8.81,8.81,8.81,0
2023-01-27,8.81,8.81,8.81,8.81,0
2023-01-30,7.51,7.51,7.51,7.51,100
2023-01-31,7.51,7.51,7.51,7.51,20
2023-02-01,7.51,7.51,7.51,7.51,0
2023-02-02,7.51,7.51,7.51,7.51,0
2023-02-03,7.51,7.51,7.51,7.51,0
2023-02-06,7.51,7.51,7.51,7.51,0
2023-02-07,7.51,7.51,7.51,7.51,0
2023-02-08,7.51,7.51,7.51,7.51,0
2023-02-09,7.51,7.51,7.51,7.51,39
2023-02-10,7.51,7.51,7.51,7.51,0
2023-02-13,8.35,8.35,8.35,8.35,100
2023-02-14,8.35,8.35,8.35,8.35,0
2023-02-15,8.35,8.35,8.35,8.35,0
2023-02-16,8.35,8.35,8.35,8.35,0
2023-02-17,7.13,7.13,7.13,7.13,1700
2023-02-20,7.13,7.13,7.13,7.13,2
2023-02-21,7.13,7.13,7.13,7.13,0
2023-02-22,8.05,8.05,8.05,8.05,1220
2023-02-23,8.05,8.05,8.05,8.05,0
2023-02-24,8.05,8.05,8.05,8.05,0
2023-02-27,8.05,8.05,8.05,8.05,0
2023-02-28,8.05,8.05,8.05,8.05,0
2023-03-01,8.05,8.05,8.05,8.05,1
2023-03-02,8.05,8.05,8.05,8.05,0
2023-03-03,8.05,8.05,8.05,8.05,0
2023-03-06,7.66,7.66,7.66,7.66,2000
2023-03-07,7.66,7.66,7.66,7.66,0
2023-03-08,8.81,8.81,8.81,8.81,101
2023-03-09,8.81,8.81,8.81,8.81,0
2023-03-10,8.81,8.81,8.81,8.81,0
2023-03-13,8.81,8.81,8.81,8.81,0
2023-03-14,8.81,8.81,8.81,8.81,0
2023-03-15,8.81,8.81,8.81,8.81,0
2023-03-16,8.81,8.81,8.81,8.81,0
2023-03-17,8.81,8.81,8.81,8.81,0
2023-03-20,8.81,8.81,8.81,8.81,0
2023-03-21,8.81,8.81,8.81,8.81,0
2023-03-22,8.81,8.81,8.81,8.81,0
2023-03-23,8.81,8.81,8.81,8.81,0
2023-03-24,8.81,8.81,8.81,8.81,0
2023-03-27,9.43,9.43,9.43,9.43,100
2023-03-28,9.43,9.43,9.43,9.43,0
2023-03-29,9.43,9.43,9.43,9.43,0
2023-03-30,9.43,9.43,9.43,9.43,0
2023-03-31,9.43,9.43,9.43,9.43,1
2023-04-03,9.43,9.43,9.43,9.43,0
2023-04-04,9.43,9.43,9.43,9.43,0
2023-04-05,9.43,9.43,9.43,9.43,0
2023-04-06,9.43,9.43,9.43,9.43,0
2023-04-07,8.05,8.05,8.05,8.05,1000
2023-04-10,8.05,8.05,8.05,8.05,0
2023-04-11,8.05,8.05,8.05,8.05,0
2023-04-12,8.05,8.05,8.05,8.05,0
2023-04-13,8.05,8.05,8.05,8.05,0
2023-04-14,8.05,8.05,8.05,8.05,1
2023-04-17,8.05,8.05,8.05,8.05,1
2023-04-18,8.05,8.05,8.05,8.05,0
2023-04-19,8.05,8.05,8.05,8.05,40
2023-04-20,8.05,8.05,8.05,8.05,0
2023-04-21,8.05,8.05,8.05,8.05,0
2023-04-24,8.05,8.05,8.05,8.05,0
2023-04-25,8.05,8.05,8.05,8.05,0
2023-04-26,8.05,8.05,8.05,8.05,6
2023-04-27,8.05,8.05,8.05,8.05,10
2023-04-28,8.05,8.05,8.05,8.05,0
2023-05-04,8.05,8.05,8.05,8.05,0
2023-05-05,8.05,8.05,8.05,8.05,0
2023-05-08,8.05,8.05,8.05,8.05,0
2023-05-09,8.05,8.05,8.05,8.05,0
2023-05-10,9.2,9.2,9.2,9.2,500
2023-05-11,9.2,9.2,9.2,9.2,0
2023-05-12,9.96,10.12,9.96,10.12,400
2023-05-15,11.5,11.5,11.5,11.5,100
2023-05-16,12.72,13.18,11.5,11.5,400
2023-05-17,12.57,12.57,12.57,12.57,0
2023-05-18,12.57,12.57,12.57,12.57,0
2023-05-19,12.6,12.6,12.6,12.6,0
2023-05-22,12.6,12.6,12.6,12.6,0
2023-05-23,12.6,12.6,12.6,12.6,0
2023-05-24,12.6,12.6,12.6,12.6,0
2023-05-25,12.6,12.6,12.6,12.6,0
2023-05-26,12.6,12.6,12.6,12.6,0
2023-05-29,12.6,12.6,12.6,12.6,0
2023-05-30,12.6,12.6,12.6,12.6,0
2023-05-31,12.6,12.6,12.6,12.6,0
2023-06-01,12.6,12.6,12.6,12.6,0
2023-06-02,12.6,12.6,12.6,12.6,0
2023-06-05,12.6,12.6,12.6,12.6,0
2023-06-06,12.6,12.6,12.6,12.6,0
2023-06-07,12.6,12.6,12.6,12.6,0
2023-06-08,12.6,12.6,12.6,12.6,0
2023-06-09,12.6,12.6,12.6,12.6,0
2023-06-12,10.76,10.84,10.76,10.84,2800
2023-06-13,10.84,10.84,10.84,10.84,0
2023-06-14,10.84,10.84,10.84,10.84,0
2023-06-15,10.84,10.84,10.84,10.84,0
2023-06-16,10.84,10.84,10.84,10.84,0
2023-06-19,10.84,10.84,10.84,10.84,0
2023-06-20,10.84,10.84,10.84,10.84,0
2023-06-21,10.84,10.84,10.84,10.84,0
2023-06-22,10.84,10.84,10.84,10.84,0
2023-06-23,10.84,10.84,10.84,10.84,0
2023-06-26,10.84,10.84,10.84,10.84,0
2023-06-27,10.84,10.84,10.84,10.84,0
2023-06-28,10.84,10.84,10.84,10.84,0
2023-06-29,10.84,10.84,10.84,10.84,0
2023-06-30,10.84,10.84,10.84,10.84,0
2023-07-03,10.84,10.84,10.84,10.84,0
2023-07-04,10.01,10.01,10.01,10.01,2700
2023-07-05,10.01,10.01,10.01,10.01,0
2023-07-06,10.01,10.01,10.01,10.01,0
2023-07-07,10.01,10.01,10.01,10.01,0
2023-07-10,10.01,10.01,10.01,10.01,0
2023-07-11,10.01,10.01,10.01,10.01,0
2023-07-12,10.01,10.01,10.01,10.01,0
2023-07-13,10.01,10.01,10.01,10.01,0
2023-07-14,10.01,10.01,10.01,10.01,0
2023-07-17,10.01,10.01,10.01,10.01,0
2023-07-18,10.01,10.01,10.01,10.01,0
2023-07-19,10.01,10.01,10.01,10.01,0
2023-07-20,10.01,10.01,10.01,10.01,0
2023-07-21,10.01,10.01,10.01,10.01,0
2023-07-24,10.01,10.01,10.01,10.01,7
2023-07-25,10.01,10.01,10.01,10.01,0
2023-07-26,10.01,10.01,10.01,10.01,0
2023-07-27,10.01,10.01,10.01,10.01,0
2023-07-28,10.01,10.01,10.01,10.01,0
2023-07-31,10.01,10.01,10.01,10.01,0
2023-08-01,8.51,9.26,8.51,9.26,600
2023-08-02,9.93,9.93,9.93,9.93,100
2023-08-03,9.93,9.93,9.93,9.93,0
2023-08-04,9.93,9.93,9.93,9.93,0
2023-08-07,8.51,8.51,8.51,8.51,501
2023-08-08,8.51,8.51,8.51,8.51,0
2023-08-09,8.51,8.51,8.51,8.51,0
2023-08-10,8.68,8.68,8.68,8.68,100
2023-08-11,8.68,8.68,8.68,8.68,0
2023-08-14,8.68,8.68,8.68,8.68,0
2023-08-15,8.68,8.68,8.68,8.68,0
2023-08-16,8.68,8.68,8.68,8.68,0
2023-08-17,9.93,9.93,9.93,9.93,100
2023-08-18,9.93,9.93,9.93,9.93,0
2023-08-21,9.93,9.93,9.93,9.93,0
2023-08-22,9.93,9.93,9.93,9.93,0
2023-08-23,8.51,8.51,8.51,8.51,200
2023-08-24,8.51,8.51,8.51,8.51,0
2023-08-25,9.76,9.76,9.76,9.76,200
2023-08-28,8.34,9.76,8.34,9.76,200
2023-08-29,9.18,9.18,9.18,9.18,200
2023-08-30,7.84,8.93,7.84,8.93,200
2023-08-31,8.43,8.43,8.43,8.43,2
2023-09-05,8.43,8.43,8.43,8.43,0
2023-09-06,9.68,9.68,9.68,9.68,100
2023-09-07,9.68,9.68,9.68,9.68,0
2023-09-08,11.09,11.09,10.93,10.93,400
2023-09-11,12.6,12.6,12.6,12.6,100
2023-09-12,10.76,10.76,10.76,10.76,100
2023-09-13,10.76,10.76,9.26,9.26,400
2023-09-14,10.01,10.01,10.01,10.01,0
2023-09-15,11.51,11.51,11.51,11.51,200
2023-09-18,13.18,13.18,13.18,13.18,300
2023-09-19,15.01,15.01,14.93,14.93,600
2023-09-20,17.02,17.02,17.02,17.02,100
2023-09-21,14.6,14.6,14.6,14.6,100
2023-09-22,12.43,12.43,12.43,12.43,500
2023-09-25,10.68,10.68,10.59,10.59,300
2023-09-26,10.68,10.68,10.68,10.68,0
2023-09-27,10.68,10.68,10.68,10.68,0
2023-09-28,10.68,10.68,10.68,10.68,0
2023-09-29,10.68,10.68,10.68,10.68,0
2023-10-02,12.26,12.26,12.26,12.26,100
2023-10-03,12.26,12.26,12.26,12.26,0
2023-10-04,14.01,14.01,14.01,14.01,100
2023-10-05,16.1,16.1,11.93,11.93,200
2023-10-06,15.85,15.85,15.85,15.85,100
2023-10-09,15.85,15.85,15.85,15.85,0
2023-10-10,15.85,15.85,15.85,15.85,0
2023-10-11,15.85,15.85,15.85,15.85,0
2023-10-12,15.85,15.85,15.85,15.85,0
2023-10-13,16.27,16.27,16.27,16.27,100
2023-10-16,13.85,13.85,13.85,13.85,200
2023-10-17,13.85,13.85,13.85,13.85,0
2023-10-18,13.85,13.85,13.85,13.85,0
2023-10-19,13.85,13.85,13.85,13.85,0
2023-10-20,13.85,13.85,13.85,13.85,0
2023-10-23,13.85,13.85,13.85,13.85,0
2023-10-24,13.85,13.85,13.85,13.85,0
2023-10-25,13.85,13.85,13.85,13.85,0
2023-10-26,13.85,13.85,13.85,13.85,0
2023-10-27,13.85,13.85,13.85,13.85,0
2023-10-30,13.85,13.85,13.85,13.85,0
2023-10-31,13.85,13.85,13.85,13.85,0
2023-11-01,13.85,13.85,13.85,13.85,0
2023-11-02,13.85,13.85,13.85,13.85,0
2023-11-03,13.85,13.85,13.85,13.85,0
2023-11-06,13.85,13.85,13.85,13.85,0
2023-11-07,13.85,13.85,13.85,13.85,0
2023-11-08,13.85,13.85,13.85,13.85,0
2023-11-09,13.85,13.85,13.85,13.85,0
2023-11-10,13.85,13.85,13.85,13.85,0
2023-11-13,13.85,13.85,13.85,13.85,0
2023-11-14,13.85,13.85,13.85,13.85,0
2023-11-15,13.85,13.85,13.85,13.85,1
2023-11-16,13.85,13.85,13.85,13.85,1
2023-11-17,13.85,13.85,13.85,13.85,1
2023-11-20,13.85,13.85,13.85,13.85,0
2023-11-21,13.85,13.85,13.85,13.85,0
2023-11-22,13.85,13.85,13.85,13.85,0
2023-11-23,13.85,13.85,13.85,13.85,0
2023-11-24,8.34,8.43,8.34,8.34,400
2023-11-27,8.34,8.34,8.34,8.34,0
2023-11-28,8.34,8.34,8.34,8.34,0
2023-11-29,9.59,9.59,9.59,9.59,316
2023-11-30,9.59,9.59,9.59,9.59,0
2023-12-01,11.01,11.01,11.01,11.01,100
2023-12-04,12.6,12.6,12.6,12.6,100
2023-12-05,14.43,14.43,14.43,14.43,200
2023-12-06,16.52,16.52,16.52,16.52,100
2023-12-07,18.94,18.94,14.18,14.18,1203
2023-12-08,14.6,14.6,14.6,14.6,13
2023-12-11,14.6,14.6,14.6,14.6,0
2023-12-12,14.6,14.6,14.6,14.6,0
2023-12-13,14.6,14.6,14.6,14.6,0
2023-12-14,14.6,14.6,14.6,14.6,0
2023-12-15,14.6,14.6,14.6,14.6,0
2023-12-18,14.6,14.6,14.6,14.6,0
2023-12-19,14.6,14.6,14.6,14.6,0
2023-12-20,14.6,14.6,14.6,14.6,0
2023-12-21,14.6,14.6,14.6,14.6,0
2023-12-22,14.6,14.6,14.6,14.6,0
2023-12-25,14.6,14.6,14.6,14.6,0
2023-12-26,14.6,14.6,14.6,14.6,0
2023-12-27,14.6,14.6,14.6,14.6,0
2023-12-28,14.6,14.6,14.6,14.6,0
2023-12-29,14.6,14.6,14.6,14.6,0
2024-01-02,14.6,14.6,14.6,14.6,0
2024-01-03,14.6,14.6,14.6,14.6,0
2024-01-04,14.6,14.6,14.6,14.6,0
2024-01-05,14.6,14.6,14.6,14.6,0
2024-01-08,14.6,14.6,14.6,14.6,0
2024-01-09,14.6,14.6,14.6,14.6,0
2024-01-10,14.6,14.6,14.6,14.6,0
2024-01-11,14.6,14.6,14.6,14.6,0
2024-01-12,14.6,14.6,14.6,14.6,0
2024-01-15,14.6,14.6,14.6,14.6,0
2024-01-16,9.18,9.18,9.18,9.18,100
2024-01-17,9.18,9.18,9.18,9.18,0
2024-01-18,9.18,9.18,9.18,9.18,0
2024-01-19,10.51,10.51,10.51,10.51,100
2024-01-22,10.51,10.51,10.51,10.51,0
2024-01-23,10.51,10.51,10.51,10.51,0
2024-01-24,10.51,10.51,10.51,10.51,0
2024-01-25,10.51,10.51,10.51,10.51,0
2024-01-26,10.51,10.51,10.51,10.51,0
2024-01-29,10.51,10.51,10.51,10.51,0
2024-01-30,10.51,10.51,10.51,10.51,0
2024-01-31,10.51,10.51,10.51,10.51,0
2024-02-01,10.51,10.51,10.51,10.51,0
2024-02-02,10.51,10.51,10.51,10.51,0
2024-02-05,10.51,10.51,10.51,10.51,0
2024-02-06,10.51,10.51,10.51,10.51,0
2024-02-07,10.51,10.51,10.51,10.51,0
2024-02-15,10.51,10.51,10.51,10.51,0
2024-02-16,10.51,10.51,10.51,10.51,0
2024-02-19,10.51,10.51,10.51,10.51,0
2024-02-20,10.51,10.51,10.51,10.51,0
2024-02-21,10.51,10.51,10.51,10.51,0
2024-02-22,10.51,10.51,10.51,10.51,200
2024-02-23,10.51,10.51,10.51,10.51,0
2024-02-26,10.51,10.51,10.51,10.51,0
2024-02-27,10.51,10.51,10.51,10.51,0
2024-02-28,10.51,10.51,10.51,10.51,0
2024-02-29,10.51,10.51,10.51,10.51,0
2024-03-01,10.01,12.01,10.01,12.01,4100
2024-03-04,10.09,10.09,10.09,10.09,0
2024-03-05,10.09,10.09,10.09,10.09,0
2024-03-06,10.09,10.09,10.09,10.09,0
2024-03-07,10.09,10.09,10.09,10.09,0
2024-03-08,10.09,10.09,10.09,10.09,0
2024-03-11,10.09,10.09,10.09,10.09,0
2024-03-12,10.09,10.09,10.09,10.09,0
2024-03-13,10.09,10.09,8.59,8.59,200
2024-03-14,9.34,9.34,9.34,9.34,0
2024-03-15,9.34,9.34,9.34,9.34,0
2024-03-18,9.34,9.34,9.34,9.34,0
2024-03-19,9.34,9.34,9.34,9.34,0
2024-03-20,9.34,9.34,9.34,9.34,0
2024-03-21,9.34,9.34,9.34,9.34,0
2024-03-22,9.34,9.34,9.34,9.34,0
2024-03-25,9.34,9.34,9.34,9.34,0
2024-03-26,9.34,9.34,9.34,9.34,0
2024-03-27,9.34,9.34,9.34,9.34,0
2024-03-28,9.34,9.34,9.34,9.34,0
2024-03-29,9.34,9.34,9.34,9.34,0
2024-04-01,10.59,10.59,10.59,10.59,100
2024-04-02,10.59,10.59,10.59,10.59,1000
2024-04-03,10.59,10.59,10.59,10.59,0
2024-04-04,9.01,9.01,9.01,9.01,200
2024-04-05,9.01,9.01,9.01,9.01,0
2024-04-08,9.01,9.01,9.01,9.01,0
2024-04-09,10.34,10.34,10.34,10.34,200
2024-04-10,10.34,10.34,10.34,10.34,0
2024-04-11,10.34,10.34,10.34,10.34,0
2024-04-12,10.34,10.34,10.34,10.34,0
2024-04-15,10.34,10.34,10.34,10.34,0
2024-04-16,10.34,10.34,10.34,10.34,0
2024-04-17,10.34,10.34,10.34,10.34,0
2024-04-19,9.59,9.59,9.59,9.59,100
2024-04-22,9.59,9.59,9.59,9.59,0
2024-04-23,9.59,9.59,9.59,9.59,0
2024-04-24,9.59,9.59,9.59,9.59,0
2024-04-25,9.59,9.59,9.59,9.59,0
2024-04-26,9.59,9.59,9.59,9.59,0
2024-05-02,9.59,9.59,9.59,9.59,0
2024-05-03,9.59,9.59,9.59,9.59,0
2024-05-06,9.59,9.59,9.59,9.59,3
2024-05-07,9.59,9.59,9.59,9.59,0
2024-05-08,9.59,9.59,9.59,9.59,0
2024-05-09,9.59,9.59,9.59,9.59,0
2024-05-10,9.59,9.59,9.59,9.59,0
2024-05-13,9.59,9.59,9.59,9.59,0
2024-05-14,9.59,9.59,9.59,9.59,0
2024-05-15,9.59,9.59,9.59,9.59,0
2024-05-16,9.59,9.59,9.59,9.59,0
2024-05-17,9.59,9.59,9.59,9.59,0
2024-05-20,9.59,9.59,9.59,9.59,0
2024-05-21,9.59,9.59,9.59,9.59,0
2024-05-22,9.59,9.59,9.59,9.59,0
2024-05-23,9.59,9.59,9.59,9.59,0
2024-05-24,9.59,9.59,9.59,9.59,3
2024-05-27,9.59,9.59,9.59,9.59,0
2024-05-28,9.59,9.59,9.59,9.59,0
2024-05-29,9.57,9.57,9.57,9.57,0
2024-05-30,9.57,9.57,9.57,9.57,0
2024-05-31,10.95,11.5,10.95,11.5,13500
2024-06-03,11.04,11.04,11.04,11.04,500
2024-06-04,11.04,11.04,11.04,11.04,0
2024-06-05,12.7,12.7,12.7,12.7,100
2024-06-06,12.7,12.7,12.7,12.7,0
2024-06-07,12.7,12.7,12.7,12.7,0
2024-06-10,10.86,10.86,10.86,10.86,10000
2024-06-11,10.86,10.86,10.86,10.86,0
2024-06-12,10.86,10.86,10.86,10.86,0
2024-06-13,10.86,10.86,10.86,10.86,0
2024-06-14,10.86,10.86,10.86,10.86,0
2024-06-17,10.58,10.58,10.58,10.58,100
2024-06-18,10.58,10.58,10.58,10.58,32
2024-06-19,10.58,10.58,10.58,10.58,0
2024-06-20,10.58,10.58,10.58,10.58,0
2024-06-21,10.58,10.58,10.58,10.58,200
2024-06-24,11.78,11.78,11.78,11.78,100
2024-06-25,11.96,12.05,11.96,12.05,1502
2024-06-26,12.05,12.05,12.05,12.05,0
2024-06-27,12.05,12.05,12.05,12.05,0
2024-06-28,13.71,13.71,13.71,13.71,100
2024-07-01,11.87,11.96,11.87,11.96,1100
2024-07-02,11.96,11.96,11.96,11.96,0
2024-07-03,11.78,11.78,11.78,11.78,100
2024-07-04,11.22,11.22,11.22,11.22,100
2024-07-05,11.22,11.22,11.22,11.22,0
2024-07-08,11.13,11.13,11.13,11.13,200
2024-07-09,11.13,11.13,11.13,11.13,0
2024-07-10,11.13,11.13,11.13,11.13,0
2024-07-11,11.13,11.13,11.13,11.13,0
2024-07-12,11.13,11.13,11.13,11.13,0
2024-07-15,11.13,11.13,11.13,11.13,0
2024-07-16,11.13,11.13,11.13,11.13,0
2024-07-17,11.13,11.13,11.13,11.13,0
2024-07-18,11.13,11.13,11.13,11.13,0
2024-07-19,11.13,11.13,11.13,11.13,0
2024-07-22,11.13,11.13,11.13,11.13,2
2024-07-23,11.13,11.13,11.13,11.13,0
2024-07-24,11.13,11.13,11.13,11.13,0
2024-07-25,11.13,11.13,11.13,11.13,0
2024-07-26,10.12,10.12,10.12,10.12,128
2024-07-29,10.12,10.12,10.12,10.12,0
2024-07-30,10.12,10.12,10.12,10.12,0
2024-07-31,10.12,10.12,10.12,10.12,0
2024-08-01,10.12,10.12,10.12,10.12,0
2024-08-02,9.66,9.66,9.66,9.66,100
2024-08-05,9.2,11.04,9.2,11.04,19100
2024-08-06,9.2,9.2,9.2,9.2,0
2024-08-07,9.2,9.2,9.2,9.2,0
2024-08-08,10.58,10.58,10.58,10.58,100
2024-08-09,10.58,10.58,10.58,10.58,0
2024-08-12,10.58,10.58,10.58,10.58,0
2024-08-13,10.58,10.58,10.58,10.58,0
2024-08-14,10.58,10.58,10.58,10.58,0
2024-08-15,10.58,10.58,10.58,10.58,0
2024-08-16,10.58,10.58,10.58,10.58,0
2024-08-19,10.58,10.58,10.58,10.58,10000
2024-08-20,9.11,9.11,9.11,9.11,100
2024-08-21,9.11,9.11,9.11,9.11,0
2024-08-22,9.11,9.11,9.11,9.11,0
2024-08-23,9.11,9.11,9.11,9.11,0
2024-08-26,9.11,9.11,9.11,9.11,0
2024-08-27,10.4,10.4,10.4,10.4,100
2024-08-28,11.87,11.87,11.87,11.87,200
2024-08-29,11.87,11.87,11.87,11.87,0
2024-08-30,11.87,11.87,11.87,11.87,0
2024-09-04,11.87,11.87,11.87,11.87,0
2024-09-05,11.87,11.87,11.87,11.87,0
2024-09-06,11.87,11.87,11.87,11.87,0
2024-09-09,11.87,11.87,11.87,11.87,0
2024-09-10,11.04,11.04,11.04,11.04,10000
2024-09-11,11.04,11.04,11.04,11.04,0
2024-09-12,11.04,11.04,11.04,11.04,0
2024-09-13,11.04,11.04,11.04,11.04,0
2024-09-16,11.04,11.04,11.04,11.04,0
2024-09-17,11.04,11.04,11.04,11.04,0
2024-09-18,12.7,12.7,12.7,12.7,100
2024-09-19,12.7,12.7,12.7,12.7,3
2024-09-20,12.7,12.7,12.7,12.7,0
2024-09-23,12.7,12.7,12.7,12.7,0
2024-09-24,12.7,12.7,12.7,12.7,0
2024-09-25,12.7,12.7,12.7,12.7,0
2024-09-26,12.7,12.7,12.7,12.7,0
2024-09-27,12.7,12.7,12.7,12.7,0
2024-09-30,12.7,12.7,12.7,12.7,0
2024-10-01,12.88,12.88,12.88,12.88,100
2024-10-02,12.88,12.88,12.88,12.88,28
2024-10-03,13.34,13.34,11.04,11.04,200
2024-10-04,12.24,12.24,12.24,12.24,0
2024-10-07,10.67,12.79,10.67,12.79,201
2024-10-08,11.13,11.78,11.13,11.78,201
2024-10-09,10.58,13.16,10.58,11.04,1901
2024-10-10,11.22,11.22,11.22,11.22,100
2024-10-11,12.79,12.88,12.79,12.88,302
2024-10-14,11.59,11.59,11.59,11.59,100
2024-10-15,13.06,13.06,13.06,13.06,100
2024-10-16,11.78,11.78,11.78,11.78,100
2024-10-17,11.59,11.59,11.5,11.5,1000
2024-10-18,11.5,13.06,11.5,13.06,900
2024-10-21,11.87,11.87,11.87,11.87,0
2024-10-22,11.87,11.87,11.87,11.87,0
2024-10-23,12.79,12.88,12.79,12.88,200
2024-10-24,12.88,12.88,12.88,12.88,0
2024-10-25,11.04,11.04,11.04,11.04,100
2024-10-28,11.59,11.59,11.59,11.59,2200
2024-10-29,11.32,11.32,11.32,11.32,100
2024-10-30,11.32,11.32,11.32,11.32,0
2024-10-31,11.13,11.13,11.13,11.13,2200
2024-11-01,12.42,12.42,11.22,11.22,200
2024-11-04,11.22,11.22,11.22,11.22,100
2024-11-05,11.22,11.22,11.22,11.22,0
2024-11-06,11.22,11.22,11.22,11.22,0
2024-11-07,12.88,12.88,12.88,12.88,200
2024-11-08,11.22,11.22,11.22,11.22,100
2024-11-11,10.12,10.12,10.12,10.12,100
2024-11-12,10.12,10.12,10.12,10.12,0
2024-11-13,10.21,10.21,8.65,8.65,1600
2024-11-14,9.75,9.75,9.75,9.75,0
2024-11-15,11.13,11.13,11.13,11.13,400
2024-11-18,11.13,11.13,11.13,11.13,0
2024-11-19,11.13,11.13,11.13,11.13,0
2024-11-20,11.13,11.13,11.13,11.13,0
2024-11-21,11.13,11.13,11.13,11.13,48
2024-11-22,11.13,11.13,11.13,11.13,0
2024-11-25,11.13,11.5,11.13,11.5,300
2024-11-26,11.22,11.22,11.22,11.22,0
2024-11-27,11.22,11.22,11.22,11.22,0
2024-11-28,11.22,11.22,11.22,11.22,0
2024-11-29,11.22,11.22,11.22,11.22,0
2024-12-02,11.22,11.22,11.22,11.22,400
2024-12-03,11.5,12.42,11.5,12.42,900
2024-12-04,12.33,12.33,12.33,12.33,0
2024-12-05,12.33,12.33,12.33,12.33,0
2024-12-06,12.33,12.33,12.33,12.33,0
2024-12-09,12.33,12.33,12.33,12.33,0
2024-12-10,12.33,12.33,12.33,12.33,16
2024-12-11,12.33,12.33,12.33,12.33,0
2024-12-12,12.33,12.33,12.33,12.33,0
2024-12-13,12.33,12.33,12.33,12.33,0
2024-12-16,12.33,12.33,12.33,12.33,0
2024-12-17,12.33,12.33,12.33,12.33,0
2024-12-18,12.33,12.33,12.33,12.33,0
2024-12-19,12.33,12.33,12.33,12.33,0
2024-12-20,12.33,12.33,12.33,12.33,0
2024-12-23,12.33,12.33,12.33,12.33,0
2024-12-24,12.33,12.33,12.33,12.33,0
2024-12-25,12.33,12.33,12.33,12.33,0
2024-12-26,12.33,12.33,12.33,12.33,100
2024-12-27,12.33,12.33,11.96,11.96,2800
2024-12-30,12.05,12.05,12.05,12.05,0
2024-12-31,12.05,12.05,12.05,12.05,0
2025-01-02,12.05,12.05,12.05,12.05,0
2025-01-03,12.6,12.6,12.6,12.6,100
2025-01-06,12.6,12.6,12.6,12.6,0
2025-01-07,12.6,12.6,12.6,12.6,0
2025-01-08,12.6,12.6,12.6,12.6,0
2025-01-09,12.6,12.6,12.6,12.6,0
2025-01-10,12.6,12.6,12.6,12.6,0
2025-01-13,12.6,12.6,12.6,12.6,0
2025-01-14,12.6,12.6,12.6,12.6,0
2025-01-15,12.6,12.6,12.6,12.6,0
2025-01-16,12.6,12.6,12.6,12.6,0
2025-01-17,12.24,12.24,12.24,12.24,5300
2025-01-20,11.87,11.96,11.87,11.96,7600
2025-01-21,11.87,11.87,11.87,11.87,0
2025-01-22,11.87,11.87,11.87,11.87,0
2025-01-23,11.87,11.87,11.87,11.87,0
2025-01-24,11.87,11.87,11.87,11.87,0
2025-02-03,11.87,11.87,11.87,11.87,0
2025-02-04,11.87,11.87,11.87,11.87,1000
2025-02-05,11.87,11.87,11.87,11.87,0
2025-02-06,11.87,11.87,11.87,11.87,0
2025-02-07,13.06,13.06,13.06,13.06,100
2025-02-10,13.06,13.06,13.06,13.06,1000
2025-02-11,13.06,13.06,13.06,13.06,0
2025-02-12,13.06,13.06,13.06,13.06,0
2025-02-13,13.06,13.06,13.06,13.06,0
2025-02-14,13.06,13.06,13.06,13.06,0
2025-02-17,13.06,13.06,13.06,13.06,0
2025-02-18,13.06,13.06,13.06,13.06,0
2025-02-19,13.06,13.06,13.06,13.06,0
2025-02-20,13.06,13.06,13.06,13.06,0
2025-02-21,15.0,15.0,15.0,15.0,800
2025-02-24,15.0,15.0,15.0,15.0,0
2025-02-25,15.0,15.0,15.0,15.0,0
2025-02-26,15.0,15.0,15.0,15.0,0
2025-02-27,15.0,15.0,15.0,15.0,0
2025-02-28,15.0,15.0,15.0,15.0,0
2025-03-03,15.0,15.0,15.0,15.0,0
2025-03-04,15.0,15.0,15.0,15.0,0
2025-03-05,15.0,15.0,15.0,15.0,0
2025-03-06,15.0,15.0,15.0,15.0,4
2025-03-07,15.0,15.0,15.0,15.0,0
2025-03-10,13.8,13.8,13.8,13.8,100
2025-03-11,13.8,13.8,13.8,13.8,0
2025-03-12,13.8,13.8,13.8,13.8,0
2025-03-13,13.8,13.8,13.8,13.8,0
2025-03-14,13.8,13.8,13.8,13.8,0
2025-03-17,13.8,13.8,13.8,13.8,0
2025-03-18,13.8,13.8,13.8,13.8,20
2025-03-19,12.88,12.88,12.88,12.88,100
2025-03-20,12.88,12.88,12.88,12.88,7
2025-03-21,13.71,13.71,13.71,13.71,100
2025-03-24,13.71,13.71,13.71,13.71,0
2025-03-25,13.71,13.71,13.71,13.71,0
2025-03-26,13.71,13.71,13.71,13.71,0
2025-03-27,13.71,13.71,13.71,13.71,0
2025-03-28,13.71,13.71,13.71,13.71,0
2025-03-31,13.71,13.71,13.71,13.71,0
2025-04-01,12.51,12.7,12.51,12.7,3000
2025-04-02,12.6,12.6,12.6,12.6,0
2025-04-03,12.6,12.6,12.6,12.6,7
2025-04-04,10.86,12.6,10.86,12.6,307
2025-04-08,12.05,12.05,12.05,12.05,0
2025-04-09,10.3,11.04,10.3,11.04,800
2025-04-10,11.87,11.87,11.87,11.87,100
2025-04-11,11.5,11.5,11.5,11.5,100
2025-04-14,11.5,11.5,11.5,11.5,0
2025-04-15,11.5,11.5,11.5,11.5,0
2025-04-16,11.96,12.79,9.84,12.79,900
2025-04-17,12.05,12.05,12.05,12.05,720
2025-04-18,12.05,12.05,12.05,12.05,100
2025-04-21,12.05,12.05,12.05,12.05,0
2025-04-22,12.05,12.05,12.05,12.05,0
2025-04-23,12.05,12.05,12.05,12.05,0
2025-04-24,12.05,12.05,12.05,12.05,0
2025-04-25,12.05,12.05,12.05,12.05,0
2025-04-28,12.05,12.05,12.05,12.05,0
2025-04-29,12.05,12.05,12.05,12.05,0
2025-05-05,12.05,12.05,12.05,12.05,0
2025-05-06,11.78,11.78,11.78,11.78,100
2025-05-07,11.78,11.78,11.78,11.78,0
2025-05-08,11.78,11.78,11.78,11.78,24
2025-05-09,11.78,11.78,11.78,11.78,0
2025-05-12,11.78,11.78,11.78,11.78,0
2025-05-13,11.78,11.78,11.78,11.78,0
2025-05-14,11.78,11.78,11.78,11.78,0
2025-05-15,11.78,11.78,11.78,11.78,12
2025-05-16,11.78,11.78,11.78,11.78,1
2025-05-19,11.78,11.78,11.78,11.78,0
2025-05-20,11.78,11.78,11.78,11.78,12
2025-05-21,11.78,11.78,11.78,11.78,0
2025-05-22,11.78,11.78,11.78,11.78,0
2025-05-23,11.78,11.78,11.78,11.78,0
2025-05-26,11.78,11.78,11.78,11.78,0
2025-05-27,11.78,11.78,11.78,11.78,400
2025-05-28,11.78,11.78,11.78,11.78,0
2025-05-29,11.78,11.78,11.78,11.78,0
2025-05-30,11.78,11.78,11.78,11.78,0
2025-06-02,11.78,11.78,11.78,11.78,0
2025-06-03,13.52,13.52,12.6,12.6,1300
2025-06-04,15.18,15.18,15.18,15.18,103
2025-06-05,17.11,17.11,17.02,17.02,200
2025-06-06,16.47,17.11,16.47,17.11,400
2025-06-09,14.44,14.44,14.44,14.44,1000
2025-06-10,12.33,16.56,12.33,16.56,200
2025-06-11,12.33,12.33,12.33,12.33,400
2025-06-12,12.42,12.42,10.86,10.86,1103
2025-06-13,12.24,12.24,12.24,12.24,0
2025-06-16,12.24,12.24,12.24,12.24,0
2025-06-17,12.33,12.42,12.33,12.42,300
2025-06-18,12.33,12.88,12.33,12.88,1600
2025-06-19,12.88,12.88,12.88,12.88,300
2025-06-20,12.88,12.88,12.88,12.88,0
2025-06-23,12.6,12.6,12.51,12.6,1600
2025-06-24,12.6,12.6,12.6,12.6,0
2025-06-25,12.6,12.6,12.6,12.6,0
2025-06-26,12.6,12.6,12.6,12.6,300
2025-06-27,12.6,12.6,12.6,12.6,0
2025-06-30,13.34,13.34,13.34,13.34,100
2025-07-01,13.16,15.18,11.59,14.72,58900
2025-07-02,14.54,14.63,14.54,14.63,1700
2025-07-03,13.34,13.34,12.51,12.6,9800
2025-07-04,12.88,12.88,12.88,12.88,300
2025-07-07,12.88,12.97,12.79,12.88,1600
2025-07-08,12.88,13.71,12.88,13.71,5728
2025-07-09,13.16,13.71,13.16,13.71,2364
2025-07-10,13.52,13.62,13.06,13.34,7100
2025-07-11,13.06,13.62,13.06,13.06,2101
2025-07-14,13.43,13.8,13.43,13.8,2200
2025-07-15,13.71,13.8,13.71,13.8,2959
2025-07-16,13.89,13.98,13.89,13.98,12300
2025-07-17,14.26,14.72,14.26,14.72,526
2025-07-18,14.0,14.0,12.5,12.5,4404
2025-07-21,12.7,12.9,12.7,12.9,3300
2025-07-22,12.9,14.5,12.9,13.0,11600
2025-07-23,13.1,13.9,13.0,13.9,1701
2025-07-24,13.5,13.7,13.5,13.7,1600
2025-07-25,13.7,13.7,13.7,13.7,202
2025-07-28,13.6,13.7,13.6,13.7,805
2025-07-29,13.7,13.7,13.7,13.7,9
2025-07-30,11.8,11.8,11.8,11.8,125
2025-08-01,12.1,12.1,12.1,12.1,100
2025-08-04,12.6,12.6,12.6,12.6,100
2025-08-05,12.1,12.7,12.1,12.7,17600
