time,open,high,low,close,volume
2017-04-21,4.96,4.96,4.96,4.96,0
2017-04-24,4.96,4.96,4.96,4.96,0
2017-04-25,4.96,4.96,4.96,4.96,0
2017-04-26,4.96,4.96,4.96,4.96,10000
2017-04-27,4.96,4.96,4.96,4.96,21000
2017-04-28,4.96,4.96,4.96,4.96,0
2017-05-03,4.96,4.96,4.72,4.72,1300
2017-05-04,4.91,4.91,4.91,4.91,0
2017-05-05,4.91,4.91,4.91,4.91,0
2017-05-08,4.91,4.91,4.91,4.91,0
2017-05-09,4.91,4.91,4.91,4.91,0
2017-05-10,4.91,4.91,4.91,4.91,0
2017-05-11,4.91,4.91,4.91,4.91,0
2017-05-12,4.91,4.91,4.91,4.91,0
2017-05-15,4.91,4.91,4.91,4.91,0
2017-05-16,4.91,4.91,4.91,4.91,0
2017-05-17,4.91,4.91,4.91,4.91,0
2017-05-18,5.62,5.62,5.62,5.62,100
2017-05-19,5.62,5.62,5.62,5.62,0
2017-05-22,4.82,4.82,4.82,4.82,100
2017-05-23,4.82,4.82,4.82,4.82,0
2017-05-24,4.82,4.82,4.82,4.82,0
2017-05-25,4.82,4.82,4.82,4.82,0
2017-05-26,5.43,5.43,5.43,5.43,8600
2017-05-29,5.43,5.43,5.43,5.43,0
2017-05-30,5.43,5.43,5.43,5.43,1400
2017-05-31,5.43,5.43,5.43,5.43,0
2017-06-01,5.43,5.43,5.43,5.43,0
2017-06-02,5.43,5.43,5.43,5.43,0
2017-06-05,5.43,5.43,5.43,5.43,0
2017-06-06,5.43,5.43,5.43,5.43,0
2017-06-07,5.43,5.43,5.43,5.43,0
2017-06-08,5.43,5.43,5.43,5.43,0
2017-06-09,5.43,5.43,5.43,5.43,0
2017-06-12,5.43,5.43,5.43,5.43,0
2017-06-13,5.43,5.43,5.43,5.43,0
2017-06-14,5.43,5.43,5.43,5.43,0
2017-06-15,5.43,5.43,5.43,5.43,0
2017-06-16,5.43,5.43,5.43,5.43,0
2017-06-19,5.43,5.43,5.43,5.43,0
2017-06-20,5.43,5.43,5.43,5.43,0
2017-06-21,4.72,4.72,4.72,4.72,1000
2017-06-22,4.72,4.72,4.72,4.72,3400
2017-06-23,4.72,4.72,4.72,4.72,0
2017-06-26,4.72,4.72,4.72,4.72,0
2017-06-27,4.72,4.72,4.72,4.72,0
2017-06-28,4.72,4.72,4.72,4.72,0
2017-06-29,4.96,4.96,4.96,4.96,3100
2017-06-30,4.96,4.96,4.96,4.96,0
2017-07-03,4.96,4.96,4.96,4.96,0
2017-07-04,4.96,4.96,4.96,4.96,0
2017-07-05,4.96,4.96,4.96,4.96,0
2017-07-06,4.96,4.96,4.96,4.96,0
2017-07-07,4.96,4.96,4.96,4.96,0
2017-07-10,4.96,4.96,4.96,4.96,0
2017-07-11,4.96,4.96,4.96,4.96,0
2017-07-12,4.96,4.96,4.96,4.96,0
2017-07-13,4.96,4.96,4.96,4.96,0
2017-07-14,4.96,4.96,4.96,4.96,0
2017-07-17,4.96,4.96,4.96,4.96,0
2017-07-18,4.96,4.96,4.96,4.96,0
2017-07-19,4.96,4.96,4.96,4.96,0
2017-07-20,4.96,4.96,4.96,4.96,0
2017-07-21,4.96,4.96,4.96,4.96,0
2017-07-24,4.96,4.96,4.96,4.96,0
2017-07-25,4.96,4.96,4.96,4.96,0
2017-07-26,4.96,4.96,4.96,4.96,0
2017-07-27,4.72,4.72,4.72,4.72,300
2017-07-28,4.72,4.72,4.72,4.72,0
2017-07-31,4.72,4.72,4.72,4.72,0
2017-08-01,4.72,4.72,4.72,4.72,0
2017-08-02,4.72,4.72,4.72,4.72,0
2017-08-03,4.72,4.72,4.72,4.72,0
2017-08-04,4.72,4.72,4.72,4.72,0
2017-08-07,4.02,5.43,4.02,5.43,600
2017-08-08,5.2,5.2,5.2,5.2,0
2017-08-09,4.44,4.96,4.44,4.96,200
2017-08-10,4.72,4.72,4.72,4.72,0
2017-08-11,4.72,4.72,4.72,4.72,0
2017-08-14,4.72,4.72,4.72,4.72,0
2017-08-15,4.72,4.72,4.72,4.72,0
2017-08-16,4.72,4.72,4.72,4.72,0
2017-08-17,4.72,4.72,4.72,4.72,0
2017-08-18,4.02,5.43,4.02,5.43,300
2017-08-21,4.25,5.67,4.25,5.67,200
2017-08-22,4.25,5.67,4.25,5.67,200
2017-08-23,4.96,4.96,4.96,4.96,0
2017-08-24,4.25,5.67,4.25,5.67,200
2017-08-25,4.96,4.96,4.96,4.96,0
2017-08-28,4.25,5.67,4.25,5.67,200
2017-08-29,4.96,4.96,4.96,4.96,0
2017-08-30,4.96,4.96,4.96,4.96,0
2017-08-31,4.96,4.96,4.96,4.96,0
2017-09-01,4.25,4.72,4.25,4.72,300
2017-09-05,4.49,4.72,4.49,4.72,200
2017-09-06,4.39,4.91,4.39,4.91,500
2017-09-07,4.06,4.72,4.06,4.72,300
2017-09-08,4.54,4.96,4.54,4.96,200
2017-09-11,4.77,4.77,4.77,4.77,0
2017-09-12,4.72,4.87,4.72,4.77,700
2017-09-13,4.72,4.72,4.72,4.72,300
2017-09-14,4.58,4.87,4.58,4.87,200
2017-09-15,4.72,4.72,4.72,4.72,0
2017-09-18,4.72,4.72,4.72,4.72,0
2017-09-19,4.82,4.82,4.82,4.82,100
2017-09-20,5.2,5.29,5.2,5.29,1300
2017-09-21,5.95,5.95,5.95,5.95,100
2017-09-22,5.95,5.95,5.95,5.95,0
2017-09-25,5.29,5.29,5.29,5.29,100
2017-09-26,6.05,6.05,6.05,6.05,100
2017-09-27,6.94,6.94,6.94,6.94,100
2017-09-28,6.94,6.94,6.94,6.94,0
2017-09-29,7.98,7.98,7.98,7.98,100
2017-10-02,9.15,9.15,9.15,9.15,100
2017-10-03,10.17,10.17,10.17,10.17,100
2017-10-04,11.7,11.7,11.7,11.7,100
2017-10-05,13.42,13.42,9.97,9.97,200
2017-10-06,12.71,12.71,9.97,9.97,300
2017-10-09,10.88,10.88,10.88,10.88,0
2017-10-10,12.2,12.2,9.25,9.25,400
2017-10-11,11.49,11.49,8.54,8.54,600
2017-10-12,10.17,10.37,7.73,7.73,600
2017-10-13,10.17,10.17,10.17,10.17,100
2017-10-16,11.44,11.44,8.64,8.64,300
2017-10-17,9.56,9.56,9.56,9.56,0
2017-10-18,9.56,9.56,9.56,9.56,0
2017-10-19,9.56,9.56,9.56,9.56,0
2017-10-20,9.56,9.56,9.56,9.56,0
2017-10-23,9.56,9.56,9.56,9.56,0
2017-10-24,9.56,9.56,9.56,9.56,0
2017-10-25,8.14,8.14,8.14,8.14,200
2017-10-26,6.92,6.92,6.92,6.92,300
2017-10-27,5.95,5.95,5.95,5.95,100
2017-10-30,5.08,5.08,5.08,5.08,100
2017-10-31,5.85,5.85,5.85,5.85,100
2017-11-01,6.71,6.71,6.71,6.71,100
2017-11-02,7.68,7.68,7.68,7.68,100
2017-11-03,8.8,8.8,8.8,8.8,100
2017-11-06,8.8,8.8,8.8,8.8,0
2017-11-07,8.8,8.8,8.8,8.8,0
2017-11-08,7.53,8.8,7.53,7.53,700
2017-11-09,7.12,7.12,7.12,7.12,400
2017-11-10,7.63,7.63,7.63,7.63,100
2017-11-13,7.17,7.17,7.17,7.17,500
2017-11-14,8.14,8.14,8.14,8.14,100
2017-11-15,8.14,8.14,8.14,8.14,0
2017-11-16,8.14,8.14,8.14,8.14,0
2017-11-17,8.14,8.14,8.14,8.14,0
2017-11-20,8.14,8.14,8.14,8.14,0
2017-11-21,7.37,8.14,7.37,8.14,300
2017-11-22,7.63,7.63,7.63,7.63,0
2017-11-23,8.75,8.75,8.75,8.75,100
2017-11-24,8.75,8.75,8.75,8.75,0
2017-11-27,8.75,8.75,8.75,8.75,0
2017-11-28,9.66,9.66,9.66,9.66,100
2017-11-29,9.66,9.66,9.66,9.66,0
2017-11-30,10.68,10.68,10.68,10.68,100
2017-12-01,10.68,10.68,10.68,10.68,0
2017-12-04,9.1,10.68,9.1,10.68,200
2017-12-05,8.44,8.44,8.44,8.44,100
2017-12-06,8.44,8.44,8.44,8.44,0
2017-12-07,8.44,8.44,8.44,8.44,0
2017-12-08,8.44,8.44,8.44,8.44,0
2017-12-11,9.41,9.41,9.41,9.41,100
2017-12-12,9.41,9.41,9.41,9.41,0
2017-12-13,9.41,9.41,9.41,9.41,0
2017-12-14,9.41,9.41,9.41,9.41,0
2017-12-15,9.41,9.41,9.41,9.41,0
2017-12-18,9.41,9.41,9.41,9.41,0
2017-12-19,9.41,9.41,9.41,9.41,0
2017-12-20,9.41,9.41,9.41,9.41,0
2017-12-21,9.41,9.41,9.41,9.41,0
2017-12-22,9.41,9.41,9.41,9.41,0
2017-12-25,9.41,9.41,9.41,9.41,0
2017-12-26,9.41,9.41,9.41,9.41,0
2017-12-27,9.41,9.41,9.41,9.41,0
2017-12-28,9.41,9.41,9.41,9.41,0
2017-12-29,10.78,10.78,10.78,10.78,100
2018-01-02,10.78,10.78,10.78,10.78,0
2018-01-03,10.78,10.78,10.78,10.78,0
2018-01-04,12.2,12.2,12.2,12.2,100
2018-01-05,12.2,12.2,12.2,12.2,0
2018-01-08,12.2,12.2,12.2,12.2,0
2018-01-09,12.2,12.2,12.2,12.2,0
2018-01-10,12.66,12.66,12.66,12.66,100
2018-01-11,12.66,12.66,12.66,12.66,0
2018-01-12,12.66,12.66,12.66,12.66,0
2018-01-15,12.66,12.66,12.66,12.66,0
2018-01-16,12.66,12.66,12.66,12.66,0
2018-01-17,12.66,12.66,12.66,12.66,0
2018-01-18,12.66,12.66,12.66,12.66,0
2018-01-19,12.66,12.66,12.66,12.66,0
2018-01-22,12.66,12.66,12.66,12.66,0
2018-01-23,12.66,12.66,12.66,12.66,0
2018-01-24,12.66,12.66,12.66,12.66,0
2018-01-25,10.78,10.78,10.78,10.78,100
2018-01-26,10.78,10.78,10.78,10.78,0
2018-01-29,10.78,10.78,10.78,10.78,0
2018-01-30,10.78,10.78,10.78,10.78,0
2018-01-31,10.78,10.78,10.78,10.78,0
2018-02-01,10.78,10.78,10.78,10.78,0
2018-02-02,10.78,10.78,10.78,10.78,0
2018-02-05,10.78,10.78,10.78,10.78,0
2018-02-06,9.2,9.2,9.2,9.2,100
2018-02-07,9.2,9.2,9.2,9.2,0
2018-02-08,7.83,7.83,7.83,7.83,100
2018-02-09,6.66,6.66,6.66,6.66,300
2018-02-12,7.63,7.63,7.63,7.63,100
2018-02-13,7.22,7.22,7.22,7.22,500
2018-02-21,8.29,8.29,8.29,8.29,100
2018-02-22,8.19,8.19,8.19,8.19,100
2018-02-23,8.19,8.19,8.19,8.19,0
2018-02-26,8.19,8.19,8.19,8.19,0
2018-02-27,8.19,8.19,8.19,8.19,0
2018-02-28,8.19,8.19,8.19,8.19,0
2018-03-01,8.19,8.19,8.19,8.19,0
2018-03-02,8.19,8.19,8.19,8.19,0
2018-03-05,8.19,8.19,8.19,8.19,0
2018-03-06,8.19,8.19,8.19,8.19,0
2018-03-07,8.19,8.19,8.19,8.19,0
2018-03-08,8.19,8.19,8.19,8.19,0
2018-03-09,8.19,8.19,8.19,8.19,0
2018-03-12,8.19,8.19,8.19,8.19,0
2018-03-13,8.19,8.19,8.19,8.19,0
2018-03-14,8.19,8.19,8.19,8.19,0
2018-03-15,8.19,8.19,8.19,8.19,0
2018-03-16,8.19,8.19,8.19,8.19,0
2018-03-19,8.19,8.19,8.19,8.19,0
2018-03-20,8.19,8.19,8.19,8.19,0
2018-03-21,8.19,8.19,8.19,8.19,0
2018-03-22,8.19,8.19,8.19,8.19,0
2018-03-23,8.19,8.19,8.19,8.19,0
2018-03-26,8.19,8.19,8.19,8.19,0
2018-03-27,8.19,8.19,8.19,8.19,0
2018-03-28,8.19,8.19,8.19,8.19,0
2018-03-29,8.19,8.19,8.19,8.19,0
2018-03-30,8.19,8.19,8.19,8.19,0
2018-04-02,9.41,9.41,7.12,7.12,500
2018-04-03,8.7,8.7,8.7,8.7,100
2018-04-04,7.42,7.42,7.42,7.42,100
2018-04-05,6.36,6.71,6.36,6.71,600
2018-04-06,6.66,6.66,6.66,6.66,0
2018-04-09,6.66,6.66,6.66,6.66,200
2018-04-10,6.66,6.66,6.66,6.66,0
2018-04-11,6.66,6.66,6.66,6.66,0
2018-04-12,6.66,6.66,6.66,6.66,0
2018-04-13,6.66,6.66,6.66,6.66,0
2018-04-16,6.66,6.66,6.66,6.66,0
2018-04-17,6.66,6.66,6.66,6.66,0
2018-04-18,6.66,6.66,6.66,6.66,0
2018-04-19,6.66,6.66,6.66,6.66,0
2018-04-20,6.66,6.66,6.66,6.66,0
2018-04-23,6.66,6.66,6.66,6.66,0
2018-04-24,6.1,6.1,6.1,6.1,100
2018-04-26,6.1,6.1,6.1,6.1,0
2018-04-27,6.1,6.1,6.1,6.1,0
2018-05-02,6.1,6.1,6.1,6.1,0
2018-05-03,6.1,6.1,6.1,6.1,0
2018-05-04,6.1,6.1,6.1,6.1,0
2018-05-07,6.1,6.1,6.1,6.1,0
2018-05-08,6.1,6.1,6.1,6.1,0
2018-05-09,6.1,6.1,6.1,6.1,0
2018-05-10,6.1,6.1,6.1,6.1,0
2018-05-11,6.36,6.36,6.36,6.36,100
2018-05-14,6.36,6.36,6.36,6.36,0
2018-05-15,6.1,7.27,6.1,7.27,200
2018-05-16,5.85,5.85,5.85,5.85,100
2018-05-17,5.85,5.85,5.85,5.85,0
2018-05-18,5.85,5.85,5.85,5.85,0
2018-05-21,6.61,6.61,6.61,6.61,100
2018-05-22,6.1,6.1,5.64,5.7,91000
2018-05-23,5.8,5.8,5.8,5.8,0
2018-05-24,5.8,5.8,5.8,5.8,0
2018-05-25,5.8,5.8,5.8,5.8,0
2018-05-28,5.8,5.8,5.8,5.8,0
2018-05-29,5.8,5.8,5.8,5.8,0
2018-05-30,5.8,5.8,5.8,5.8,0
2018-05-31,5.8,5.8,5.8,5.8,0
2018-06-01,5.8,5.8,5.8,5.8,0
2018-06-04,5.8,5.8,5.8,5.8,0
2018-06-05,5.8,5.8,5.8,5.8,0
2018-06-06,5.8,5.8,5.8,5.8,0
2018-06-07,5.8,5.8,5.8,5.8,0
2018-06-08,5.8,5.8,5.8,5.8,0
2018-06-11,6.66,6.66,6.66,6.66,100
2018-06-12,7.63,7.63,7.63,7.63,100
2018-06-13,7.63,7.63,7.63,7.63,0
2018-06-14,6.51,6.51,6.51,6.51,100
2018-06-15,5.7,5.7,5.7,5.7,100
2018-06-18,6.51,6.51,6.51,6.51,200
2018-06-19,6.51,6.51,6.51,6.51,0
2018-06-20,6.51,6.51,6.51,6.51,0
2018-06-21,5.85,5.85,5.85,5.85,100
2018-06-22,5.85,5.85,5.85,5.85,0
2018-06-25,5.85,5.85,5.85,5.85,0
2018-06-26,5.85,5.85,5.85,5.85,0
2018-06-27,5.85,5.85,5.85,5.85,0
2018-06-28,5.85,5.85,5.85,5.85,0
2018-06-29,5.85,5.85,5.85,5.85,0
2018-07-02,5.85,5.85,5.85,5.85,0
2018-07-03,6.71,6.71,6.71,6.71,100
2018-07-04,6.0,6.0,6.0,6.0,100
2018-07-05,6.0,6.0,6.0,6.0,0
2018-07-06,6.0,6.0,6.0,6.0,0
2018-07-09,6.0,6.0,6.0,6.0,0
2018-07-10,6.0,6.0,6.0,6.0,0
2018-07-11,6.0,6.0,6.0,6.0,0
2018-07-12,6.0,6.0,6.0,6.0,0
2018-07-13,6.0,6.0,6.0,6.0,0
2018-07-16,6.0,6.0,6.0,6.0,0
2018-07-17,5.85,6.0,5.85,6.0,500
2018-07-18,5.95,5.95,5.95,5.95,0
2018-07-19,5.95,5.95,5.95,5.95,0
2018-07-20,5.95,5.95,5.95,5.95,0
2018-07-23,5.95,5.95,5.95,5.95,0
2018-07-24,5.95,5.95,5.95,5.95,0
2018-07-25,5.95,5.95,5.95,5.95,0
2018-07-26,5.95,5.95,5.95,5.95,0
2018-07-27,5.95,5.95,5.95,5.95,0
2018-07-30,5.95,5.95,5.95,5.95,0
2018-07-31,6.15,6.15,6.15,6.15,300
2018-08-01,6.15,6.15,6.15,6.15,0
2018-08-02,6.15,6.15,6.15,6.15,0
2018-08-03,6.15,6.15,6.15,6.15,0
2018-08-06,6.15,6.15,6.15,6.15,0
2018-08-07,6.15,6.15,6.15,6.15,0
2018-08-08,6.15,6.15,6.15,6.15,0
2018-08-09,6.15,6.15,6.15,6.15,0
2018-08-10,6.15,6.15,6.15,6.15,0
2018-08-13,6.15,6.15,6.15,6.15,0
2018-08-14,6.15,6.15,6.15,6.15,0
2018-08-15,6.15,6.15,6.15,6.15,0
2018-08-16,6.15,6.15,6.15,6.15,0
2018-08-17,6.15,6.15,6.15,6.15,0
2018-08-20,6.15,6.15,6.15,6.15,0
2018-08-21,6.15,6.15,6.15,6.15,0
2018-08-22,6.15,6.15,6.15,6.15,0
2018-08-23,6.15,6.15,6.15,6.15,0
2018-08-24,6.15,6.15,6.15,6.15,0
2018-08-27,6.15,6.15,6.15,6.15,0
2018-08-28,6.15,6.15,6.15,6.15,0
2018-08-29,6.15,6.15,6.15,6.15,0
2018-08-30,6.15,6.15,6.15,6.15,0
2018-08-31,6.15,6.15,6.15,6.15,0
2018-09-04,6.15,6.15,6.15,6.15,0
2018-09-05,6.15,6.15,6.15,6.15,0
2018-09-06,6.15,6.15,6.15,6.15,0
2018-09-07,8.59,8.59,8.59,8.59,100
2018-09-10,8.59,8.59,8.59,8.59,0
2018-09-11,8.59,8.59,8.59,8.59,0
2018-09-12,8.59,8.59,8.59,8.59,0
2018-09-13,7.32,7.32,7.32,7.32,100
2018-09-14,6.25,6.25,6.25,6.25,100
2018-09-17,6.25,6.25,6.25,6.25,0
2018-09-18,6.25,6.25,6.25,6.25,0
2018-09-19,6.25,6.25,6.25,6.25,0
2018-09-20,6.51,6.51,6.51,6.51,400
2018-09-21,7.37,7.37,7.37,7.37,100
2018-09-24,6.36,6.36,6.36,6.36,100
2018-09-25,6.56,6.56,6.56,6.56,100
2018-09-26,5.64,6.61,5.64,6.61,200
2018-09-27,6.76,6.76,6.71,6.71,300
2018-09-28,6.71,6.71,6.71,6.71,0
2018-10-01,6.71,6.71,6.71,6.71,0
2018-10-02,6.71,6.71,6.71,6.71,0
2018-10-03,6.71,6.71,6.71,6.71,0
2018-10-04,6.71,6.71,6.71,6.71,0
2018-10-05,7.27,7.27,7.1,7.1,1200
2018-10-08,7.16,7.16,7.1,7.1,1000
2018-10-09,7.1,7.1,7.1,7.1,0
2018-10-10,7.1,7.1,7.1,7.1,0
2018-10-11,7.1,7.1,7.1,7.1,0
2018-10-12,7.1,7.1,7.1,7.1,0
2018-10-15,6.15,6.15,6.15,6.15,100
2018-10-16,6.15,6.15,6.15,6.15,0
2018-10-17,6.15,6.15,6.15,6.15,0
2018-10-18,6.15,6.15,6.04,6.04,600
2018-10-19,6.04,6.04,6.04,6.04,0
2018-10-22,6.04,6.04,6.04,6.04,0
2018-10-23,6.04,6.04,6.04,6.04,0
2018-10-24,6.04,6.04,6.04,6.04,0
2018-10-25,6.04,6.04,6.04,6.04,0
2018-10-26,6.04,6.04,6.04,6.04,0
2018-10-29,6.04,6.04,6.04,6.04,0
2018-10-30,6.04,6.04,6.04,6.04,0
2018-10-31,6.04,6.04,6.04,6.04,0
2018-11-01,6.04,6.04,6.04,6.04,0
2018-11-02,6.04,6.04,6.04,6.04,0
2018-11-05,6.04,6.04,6.04,6.04,0
2018-11-06,6.04,6.04,6.04,6.04,0
2018-11-07,6.15,6.93,6.15,6.93,200
2018-11-08,6.54,6.54,6.54,6.54,0
2018-11-09,6.54,6.54,6.54,6.54,0
2018-11-12,6.54,6.54,6.54,6.54,0
2018-11-13,6.54,6.54,6.54,6.54,0
2018-11-14,6.54,6.54,6.54,6.54,0
2018-11-15,6.54,6.54,6.54,6.54,0
2018-11-16,6.54,6.54,6.54,6.54,0
2018-11-19,6.54,6.54,6.54,6.54,0
2018-11-20,6.54,6.54,6.54,6.54,0
2018-11-21,5.87,5.87,5.87,5.87,100
2018-11-22,5.03,5.03,5.03,5.03,100
2018-11-23,5.03,5.03,5.03,5.03,0
2018-11-26,5.03,5.03,5.03,5.03,0
2018-11-27,5.03,5.03,5.03,5.03,0
2018-11-28,5.03,5.03,5.03,5.03,0
2018-11-29,5.03,5.03,5.03,5.03,0
2018-11-30,5.03,5.03,5.03,5.03,0
2018-12-03,5.03,5.03,5.03,5.03,0
2018-12-04,5.03,5.03,5.03,5.03,0
2018-12-05,5.76,5.76,5.76,5.76,100
2018-12-06,6.6,6.6,6.6,6.6,100
2018-12-07,7.21,7.21,7.21,7.21,100
2018-12-10,6.15,8.28,6.15,7.21,500
2018-12-11,6.1,6.1,6.1,6.1,100
2018-12-12,6.1,6.1,6.1,6.1,0
2018-12-13,6.1,6.1,6.1,6.1,0
2018-12-14,6.1,6.1,6.1,6.1,0
2018-12-17,5.48,5.48,5.48,5.48,100
2018-12-18,6.26,6.26,6.26,6.26,100
2018-12-19,6.26,6.26,6.26,6.26,0
2018-12-20,5.37,7.16,5.37,7.16,200
2018-12-21,6.26,7.16,7.16,7.16,0
2018-12-24,5.48,5.48,5.48,5.48,100
2018-12-25,5.48,5.48,5.48,5.48,0
2018-12-26,5.31,5.31,5.31,5.31,100
2018-12-27,5.48,5.48,5.48,5.48,100
2018-12-28,6.26,6.26,6.26,6.26,400
2019-01-02,5.48,6.71,5.48,6.15,500
2019-01-03,5.48,6.04,5.48,6.04,200
2019-01-04,6.6,6.6,6.6,6.6,400
2019-01-07,6.32,6.6,6.32,6.6,200
2019-01-08,6.54,6.54,5.59,6.04,3600
2019-01-09,6.82,6.82,6.82,6.82,100
2019-01-10,5.82,6.71,5.82,6.71,200
2019-01-11,6.71,6.71,6.71,6.71,200
2019-01-14,6.71,6.71,6.71,6.71,800
2019-01-15,6.71,6.71,6.71,6.71,0
2019-01-16,6.71,6.71,6.71,6.71,0
2019-01-17,5.93,7.72,5.93,6.71,500
2019-01-18,5.98,5.98,5.98,5.98,100
2019-01-21,5.98,5.98,5.98,5.98,0
2019-01-22,5.98,5.98,5.98,5.98,0
2019-01-23,5.98,5.98,5.98,5.98,0
2019-01-24,5.98,5.98,5.98,5.98,0
2019-01-25,6.88,6.88,6.71,6.71,400
2019-01-28,5.82,5.82,5.82,5.82,100
2019-01-29,5.82,5.82,5.82,5.82,0
2019-01-30,5.82,5.82,5.82,5.82,0
2019-01-31,6.65,6.65,6.65,6.65,100
2019-02-01,6.77,6.77,6.77,6.77,100
2019-02-11,6.04,6.04,6.04,6.04,100
2019-02-12,6.65,6.65,6.65,6.65,500
2019-02-13,6.71,6.71,6.71,6.71,400
2019-02-14,6.54,6.54,6.54,6.54,100
2019-02-15,6.54,6.54,6.54,6.54,0
2019-02-18,6.6,6.6,6.6,6.6,100
2019-02-19,6.6,6.6,6.6,6.6,0
2019-02-20,6.6,6.6,6.6,6.6,0
2019-02-21,5.65,5.65,5.65,5.65,100
2019-02-22,5.65,5.65,5.65,5.65,0
2019-02-25,5.65,5.65,5.65,5.65,0
2019-02-26,6.49,6.49,6.49,6.49,100
2019-02-27,5.87,5.87,5.87,5.87,100
2019-02-28,6.71,6.71,6.71,6.71,100
2019-03-01,5.93,5.93,5.93,5.93,100
2019-03-04,5.93,5.93,5.93,5.93,0
2019-03-05,5.93,5.93,5.93,5.93,0
2019-03-06,5.98,5.98,5.98,5.98,100
2019-03-07,5.98,5.98,5.98,5.98,0
2019-03-08,5.98,5.98,5.98,5.98,0
2019-03-11,5.98,5.98,5.98,5.98,0
2019-03-12,5.98,5.98,5.98,5.98,0
2019-03-13,6.54,6.54,6.54,6.54,100
2019-03-14,6.54,6.54,6.54,6.54,0
2019-03-15,6.04,6.04,6.04,6.04,100
2019-03-18,6.04,6.04,6.04,6.04,0
2019-03-19,6.04,6.04,6.04,6.04,0
2019-03-20,5.65,6.54,5.65,6.54,234
2019-03-21,5.98,5.98,5.98,5.98,100
2019-03-22,5.98,5.98,5.98,5.98,0
2019-03-25,5.98,5.98,5.98,5.98,0
2019-03-26,6.6,6.6,6.6,6.6,400
2019-03-27,6.04,6.04,6.04,6.04,100
2019-03-28,6.04,6.04,6.04,6.04,34
2019-03-29,6.04,6.04,6.04,6.04,0
2019-04-01,6.65,6.65,6.65,6.65,100
2019-04-02,6.1,6.1,6.1,6.1,100
2019-04-03,6.1,6.1,6.1,6.1,0
2019-04-04,6.71,6.71,6.71,6.71,700
2019-04-05,5.7,6.65,5.7,6.65,200
2019-04-08,6.21,6.65,6.65,6.65,0
2019-04-09,6.21,6.65,6.65,6.65,0
2019-04-10,6.21,6.65,6.65,6.65,0
2019-04-11,6.21,6.65,6.65,6.65,0
2019-04-12,6.21,6.65,6.65,6.65,0
2019-04-16,6.21,6.65,6.65,6.65,0
2019-04-17,6.21,6.65,6.65,6.65,0
2019-04-18,6.21,6.65,6.65,6.65,0
2019-04-19,6.21,6.65,6.65,6.65,0
2019-04-22,6.21,6.65,6.65,6.65,0
2019-04-23,6.21,6.65,6.65,6.65,0
2019-04-24,6.21,6.65,6.65,6.65,0
2019-04-25,6.21,6.65,6.65,6.65,0
2019-04-26,6.21,6.65,6.65,6.65,0
2019-05-02,6.21,6.65,6.65,6.65,0
2019-05-03,6.21,6.65,6.65,6.65,0
2019-05-06,6.21,6.65,6.65,6.65,0
2019-05-07,6.49,6.49,6.49,6.49,100
2019-05-08,6.49,6.49,6.49,6.49,0
2019-05-09,6.49,6.49,6.49,6.49,0
2019-05-10,5.54,5.54,5.54,5.54,100
2019-05-13,6.32,6.32,6.32,6.32,100
2019-05-14,5.93,5.93,5.93,5.93,100
2019-05-15,5.82,5.82,5.82,5.82,100
2019-05-16,6.65,6.65,6.65,6.65,100
2019-05-17,5.93,5.93,5.93,5.93,100
2019-05-20,5.09,5.09,5.09,5.09,100
2019-05-21,5.09,5.09,5.09,5.09,0
2019-05-22,5.09,5.09,5.09,5.09,0
2019-05-23,5.09,5.09,5.09,5.09,0
2019-05-24,5.09,5.09,5.09,5.09,0
2019-05-27,5.09,5.09,5.09,5.09,0
2019-05-28,5.09,5.09,5.09,5.09,0
2019-05-29,5.82,5.82,5.82,5.82,100
2019-05-30,5.82,5.82,5.82,5.82,0
2019-05-31,5.82,5.82,5.82,5.82,0
2019-06-03,5.82,5.82,5.82,5.82,0
2019-06-04,6.65,6.65,6.65,6.65,300
2019-06-05,6.99,7.55,6.99,7.55,200
2019-06-06,6.32,7.77,6.32,7.77,200
2019-06-07,7.05,7.77,7.77,7.77,0
2019-06-10,6.04,6.04,6.04,6.04,100
2019-06-11,6.04,6.04,6.04,6.04,0
2019-06-12,6.93,6.93,6.93,6.93,100
2019-06-13,5.93,7.38,5.93,7.38,200
2019-06-14,6.65,7.38,7.38,7.38,0
2019-06-17,7.21,7.21,7.21,7.21,100
2019-06-18,6.43,6.43,6.43,6.43,100
2019-06-19,7.1,7.1,7.1,7.1,100
2019-06-20,6.04,6.04,6.04,6.04,100
2019-06-21,6.04,6.04,6.04,6.04,0
2019-06-24,6.04,6.04,6.04,6.04,0
2019-06-25,6.04,6.04,6.04,6.04,0
2019-06-26,6.04,6.04,6.04,6.04,0
2019-06-27,6.04,6.04,6.04,6.04,0
2019-06-28,6.88,6.88,6.88,6.88,100
2019-07-01,6.26,6.26,6.26,6.26,100
2019-07-02,6.04,6.04,6.04,6.04,100
2019-07-03,6.04,6.04,6.04,6.04,0
2019-07-04,6.04,6.04,6.04,6.04,0
2019-07-05,6.04,6.04,6.04,6.04,0
2019-07-08,6.04,6.04,6.04,6.04,0
2019-07-09,6.04,6.04,6.04,6.04,0
2019-07-10,6.04,6.04,6.04,6.04,0
2019-07-11,6.04,6.04,6.04,6.04,0
2019-07-12,6.93,6.93,6.93,6.93,400
2019-07-15,6.26,6.26,6.26,6.26,100
2019-07-16,6.26,6.26,6.26,6.26,0
2019-07-17,6.26,6.26,6.26,6.26,0
2019-07-18,6.26,6.26,6.26,6.26,0
2019-07-19,5.37,5.37,5.37,5.37,100
2019-07-22,5.37,5.37,5.37,5.37,0
2019-07-23,5.37,5.37,5.37,5.37,0
2019-07-24,5.37,5.37,5.37,5.37,0
2019-07-25,5.37,5.37,5.37,5.37,0
2019-07-26,6.15,6.15,6.15,6.15,100
2019-07-29,7.05,7.05,7.05,7.05,200
2019-07-30,6.21,6.21,6.21,6.21,100
2019-07-31,6.21,6.21,6.21,6.21,0
2019-08-01,6.21,6.21,6.21,6.21,0
2019-08-02,6.21,6.21,6.21,6.21,0
2019-08-05,6.21,6.21,6.21,6.21,0
2019-08-06,6.21,6.21,6.21,6.21,0
2019-08-07,6.21,6.21,6.21,6.21,0
2019-08-08,6.21,6.21,6.21,6.21,0
2019-08-09,6.21,6.21,6.21,6.21,0
2019-08-12,6.21,6.21,6.21,6.21,0
2019-08-13,6.21,6.21,6.21,6.21,0
2019-08-14,6.21,6.21,6.21,6.21,0
2019-08-15,6.21,6.21,6.21,6.21,0
2019-08-16,6.21,6.21,6.21,6.21,0
2019-08-19,6.21,6.21,6.21,6.21,0
2019-08-20,6.21,6.21,6.21,6.21,0
2019-08-21,6.21,6.21,6.21,6.21,0
2019-08-22,6.21,6.21,6.21,6.21,0
2019-08-23,6.21,6.21,6.21,6.21,0
2019-08-26,6.21,6.21,6.21,6.21,0
2019-08-27,7.1,7.1,7.1,7.1,200
2019-08-28,7.1,7.1,7.1,7.1,0
2019-08-29,7.16,7.16,7.16,7.16,100
2019-08-30,7.16,7.16,7.16,7.16,0
2019-09-03,7.16,7.16,7.16,7.16,0
2019-09-04,7.16,7.16,7.16,7.16,0
2019-09-05,7.16,7.16,7.16,7.16,0
2019-09-06,7.16,7.16,7.16,7.16,0
2019-09-09,7.16,7.16,7.16,7.16,0
2019-09-10,7.16,7.16,7.16,7.16,0
2019-09-11,7.16,7.16,7.16,7.16,0
2019-09-12,7.16,7.16,7.16,7.16,0
2019-09-13,7.16,7.16,7.16,7.16,0
2019-09-16,7.27,7.27,7.27,7.27,100
2019-09-17,7.27,7.27,7.27,7.27,0
2019-09-18,7.27,7.27,7.27,7.27,500
2019-09-19,7.27,8.01,8.01,8.01,0
2019-09-20,7.27,8.01,8.01,8.01,0
2019-09-23,7.27,8.01,8.01,8.01,0
2019-09-24,7.27,8.01,8.01,8.01,0
2019-09-25,7.27,8.01,8.01,8.01,0
2019-09-26,7.27,8.01,8.01,8.01,0
2019-09-27,7.27,8.01,8.01,8.01,0
2019-09-30,7.27,8.01,8.01,8.01,0
2019-10-01,7.27,8.01,8.01,8.01,0
2019-10-02,7.27,8.01,8.01,8.01,0
2019-10-03,7.27,8.01,8.01,8.01,0
2019-10-04,7.27,7.27,7.27,7.27,500
2019-10-07,7.27,7.27,7.27,7.27,0
2019-10-08,7.27,7.27,7.27,7.27,0
2019-10-09,7.27,7.27,7.27,7.27,0
2019-10-10,7.27,7.27,7.27,7.27,0
2019-10-11,7.27,7.27,7.27,7.27,0
2019-10-14,7.39,7.39,7.39,7.39,100
2019-10-15,7.39,7.39,7.39,7.39,0
2019-10-16,7.39,7.39,7.39,7.39,0
2019-10-17,7.39,7.39,7.39,7.39,0
2019-10-18,7.39,7.39,7.39,7.39,0
2019-10-21,7.39,7.39,7.39,7.39,0
2019-10-22,7.39,7.39,7.39,7.39,0
2019-10-23,7.39,7.39,7.39,7.39,0
2019-10-24,7.39,7.39,7.39,7.39,0
2019-10-25,7.39,7.39,7.39,7.39,0
2019-10-28,7.39,7.39,7.39,7.39,0
2019-10-29,7.39,7.39,7.39,7.39,0
2019-10-30,8.5,8.5,8.5,8.5,100
2019-10-31,8.5,8.5,8.5,8.5,0
2019-11-01,8.5,8.5,8.5,8.5,0
2019-11-04,8.5,8.5,8.5,8.5,0
2019-11-05,8.5,8.5,8.5,8.5,0
2019-11-06,8.5,8.5,8.5,8.5,0
2019-11-07,8.5,8.5,8.5,8.5,0
2019-11-08,8.63,8.63,8.63,8.63,100
2019-11-11,8.63,8.63,8.63,8.63,0
2019-11-12,8.63,8.63,8.63,8.63,0
2019-11-13,8.63,8.63,8.63,8.63,0
2019-11-14,8.63,8.63,8.63,8.63,0
2019-11-15,8.63,8.63,8.63,8.63,0
2019-11-18,8.01,8.01,8.01,8.01,300
2019-11-19,8.01,8.01,8.01,8.01,0
2019-11-20,7.7,7.7,7.7,7.7,26300
2019-11-21,7.7,7.7,7.7,7.7,0
2019-11-22,7.7,7.7,7.7,7.7,0
2019-11-25,7.7,7.7,7.7,7.7,0
2019-11-26,6.65,7.39,6.65,7.39,30000
2019-11-27,8.01,8.01,8.01,8.01,300
2019-11-28,8.01,8.01,8.01,8.01,0
2019-11-29,8.01,8.01,8.01,8.01,0
2019-12-02,8.01,8.01,8.01,8.01,0
2019-12-03,8.01,8.01,8.01,8.01,0
2019-12-04,8.01,8.01,8.01,8.01,0
2019-12-05,8.01,8.01,8.01,8.01,0
2019-12-06,8.01,8.01,8.01,8.01,0
2019-12-09,8.01,8.01,8.01,8.01,0
2019-12-10,7.39,7.39,7.39,7.39,3000
2019-12-11,7.39,7.39,7.39,7.39,0
2019-12-12,7.39,7.39,7.39,7.39,0
2019-12-13,7.39,7.39,7.39,7.39,0
2019-12-16,6.47,6.78,6.47,6.78,9100
2019-12-17,6.47,6.47,6.47,6.47,900
2019-12-18,6.47,6.47,6.47,6.47,0
2019-12-19,6.47,6.47,6.47,6.47,0
2019-12-20,6.47,6.47,6.47,6.47,0
2019-12-23,6.47,6.47,6.47,6.47,0
2019-12-24,6.47,6.47,6.47,6.47,0
2019-12-25,6.47,6.47,6.47,6.47,0
2019-12-26,6.47,6.47,6.47,6.47,0
2019-12-27,6.47,6.47,6.47,6.47,0
2019-12-30,6.47,6.47,6.47,6.47,0
2019-12-31,6.47,6.47,6.47,6.47,0
2020-01-02,6.47,6.47,6.47,6.47,0
2020-01-03,6.47,6.47,6.47,6.47,0
2020-01-06,6.47,6.47,6.47,6.47,0
2020-01-07,6.47,6.47,6.47,6.47,0
2020-01-08,6.47,6.47,6.47,6.47,0
2020-01-09,6.47,6.47,6.47,6.47,0
2020-01-10,6.47,6.47,6.47,6.47,0
2020-01-13,6.47,6.47,6.47,6.47,0
2020-01-14,6.47,6.47,6.47,6.47,0
2020-01-15,6.47,6.47,6.47,6.47,0
2020-01-16,6.47,6.47,6.47,6.47,0
2020-01-17,6.47,6.47,6.47,6.47,0
2020-01-20,6.47,6.47,6.47,6.47,0
2020-01-21,6.47,6.47,6.47,6.47,0
2020-01-22,6.47,6.47,6.47,6.47,0
2020-01-30,6.47,6.47,6.47,6.47,0
2020-01-31,6.47,6.47,6.47,6.47,0
2020-02-03,6.47,6.47,6.47,6.47,0
2020-02-04,6.47,6.47,6.47,6.47,0
2020-02-05,6.47,6.47,6.47,6.47,0
2020-02-06,6.47,6.47,6.47,6.47,0
2020-02-07,6.47,6.47,6.47,6.47,0
2020-02-10,6.47,6.47,6.47,6.47,0
2020-02-11,6.47,6.47,6.47,6.47,0
2020-02-12,6.47,6.47,6.47,6.47,0
2020-02-13,6.47,6.47,6.47,6.47,0
2020-02-14,6.47,6.47,6.47,6.47,0
2020-02-17,6.47,6.47,6.47,6.47,0
2020-02-18,6.47,6.47,6.47,6.47,0
2020-02-19,6.47,6.47,6.47,6.47,0
2020-02-20,6.47,6.47,6.47,6.47,0
2020-02-21,6.47,6.47,6.47,6.47,0
2020-02-24,6.47,6.47,6.47,6.47,0
2020-02-25,6.47,6.47,6.47,6.47,0
2020-02-26,6.47,6.47,6.47,6.47,0
2020-02-27,6.47,6.47,6.47,6.47,0
2020-02-28,6.47,6.47,6.47,6.47,0
2020-03-02,6.47,6.47,6.47,6.47,0
2020-03-03,6.47,6.47,6.47,6.47,0
2020-03-04,6.47,6.47,6.47,6.47,0
2020-03-05,6.47,6.47,6.47,6.47,0
2020-03-06,6.47,6.47,6.47,6.47,0
2020-03-09,6.47,6.47,6.47,6.47,0
2020-03-10,6.47,6.47,6.47,6.47,0
2020-03-11,6.47,6.47,6.47,6.47,0
2020-03-12,6.47,6.47,6.47,6.47,0
2020-03-13,6.47,6.47,6.47,6.47,0
2020-03-16,4.93,5.3,4.93,5.3,140000
2020-03-17,5.11,5.3,5.3,5.3,0
2020-03-18,5.11,5.3,5.3,5.3,0
2020-03-19,5.11,5.3,5.3,5.3,0
2020-03-20,5.11,5.3,5.3,5.3,0
2020-03-23,5.11,5.3,5.3,5.3,0
2020-03-24,5.11,5.3,5.3,5.3,0
2020-03-25,5.11,5.3,5.3,5.3,0
2020-03-26,5.11,5.3,5.3,5.3,0
2020-03-27,5.11,5.3,5.3,5.3,0
2020-03-30,5.11,5.3,5.3,5.3,0
2020-03-31,5.11,5.3,5.3,5.3,0
2020-04-01,5.11,5.3,5.3,5.3,0
2020-04-03,5.11,5.3,5.3,5.3,0
2020-04-06,5.11,5.3,5.3,5.3,0
2020-04-07,5.11,5.3,5.3,5.3,0
2020-04-08,5.11,5.3,5.3,5.3,0
2020-04-09,4.62,4.62,4.62,4.62,2100
2020-04-10,4.62,4.62,4.62,4.62,0
2020-04-13,4.62,4.62,4.62,4.62,0
2020-04-14,4.62,4.62,4.62,4.62,0
2020-04-15,4.62,4.62,4.62,4.62,0
2020-04-16,4.62,4.62,4.62,4.62,0
2020-04-17,4.62,4.62,4.62,4.62,0
2020-04-20,4.62,4.62,4.62,4.62,0
2020-04-21,4.62,4.62,4.62,4.62,0
2020-04-22,4.62,4.62,4.62,4.62,0
2020-04-23,4.62,4.62,4.62,4.62,0
2020-04-24,4.62,4.62,4.62,4.62,0
2020-04-27,4.62,4.62,4.62,4.62,0
2020-04-28,4.62,4.62,4.62,4.62,0
2020-04-29,4.62,4.62,4.62,4.62,0
2020-05-04,4.62,4.62,4.62,4.62,0
2020-05-05,4.62,4.62,4.62,4.62,0
2020-05-06,4.62,4.62,4.62,4.62,0
2020-05-07,4.62,4.62,4.62,4.62,0
2020-05-08,4.62,4.62,4.62,4.62,0
2020-05-11,4.62,4.62,4.62,4.62,0
2020-05-12,4.62,4.62,4.62,4.62,0
2020-05-13,4.62,4.62,4.62,4.62,0
2020-05-14,4.62,4.62,4.62,4.62,0
2020-05-15,4.62,4.62,4.62,4.62,0
2020-05-18,4.62,4.62,4.62,4.62,0
2020-05-19,4.62,4.62,4.62,4.62,0
2020-05-20,4.62,4.62,4.62,4.62,0
2020-05-21,4.62,4.62,4.62,4.62,0
2020-05-22,4.62,4.62,4.62,4.62,0
2020-05-25,4.62,4.62,4.62,4.62,0
2020-05-26,4.62,4.62,4.62,4.62,0
2020-05-27,4.62,4.62,4.62,4.62,0
2020-05-28,4.62,4.62,4.62,4.62,0
2020-05-29,4.62,4.62,4.62,4.62,0
2020-06-01,4.62,4.62,4.62,4.62,0
2020-06-02,4.62,4.62,4.62,4.62,0
2020-06-03,4.62,4.62,4.62,4.62,0
2020-06-04,4.62,4.62,4.62,4.62,0
2020-06-05,4.62,4.62,4.62,4.62,0
2020-06-08,4.62,4.62,4.62,4.62,0
2020-06-09,4.62,4.62,4.62,4.62,0
2020-06-10,4.62,4.62,4.62,4.62,0
2020-06-11,4.62,4.62,4.62,4.62,0
2020-06-12,4.62,4.62,4.62,4.62,0
2020-06-15,5.3,5.3,5.3,5.3,100
2020-06-16,5.3,5.3,5.3,5.3,0
2020-06-17,5.3,5.3,5.3,5.3,0
2020-06-18,5.3,5.3,5.3,5.3,0
2020-06-19,6.04,6.04,6.04,6.04,100
2020-06-22,6.04,6.04,6.04,6.04,0
2020-06-23,6.04,6.04,6.04,6.04,0
2020-06-24,6.04,6.04,6.04,6.04,0
2020-06-25,6.04,6.04,6.04,6.04,0
2020-06-26,6.04,6.04,6.04,6.04,0
2020-06-29,6.04,6.04,6.04,6.04,0
2020-06-30,6.04,6.04,6.04,6.04,0
2020-07-01,6.04,6.04,6.04,6.04,0
2020-07-02,6.04,6.04,6.04,6.04,0
2020-07-03,6.04,6.04,6.04,6.04,0
2020-07-06,6.04,6.04,6.04,6.04,0
2020-07-07,6.04,6.04,6.04,6.04,0
2020-07-08,6.04,6.04,6.04,6.04,0
2020-07-09,6.04,6.04,6.04,6.04,0
2020-07-10,6.9,6.9,6.9,6.9,100
2020-07-13,6.9,6.9,6.9,6.9,0
2020-07-14,6.9,6.9,6.9,6.9,0
2020-07-15,6.9,6.9,6.9,6.9,0
2020-07-16,6.9,6.9,6.9,6.9,0
2020-07-17,6.9,6.9,6.9,6.9,0
2020-07-20,6.9,6.9,6.9,6.9,0
2020-07-21,6.9,6.9,6.9,6.9,0
2020-07-22,6.9,6.9,6.9,6.9,0
2020-07-23,6.04,6.9,6.9,6.9,0
2020-07-24,6.04,6.9,6.9,6.9,0
2020-07-27,6.04,6.9,6.9,6.9,0
2020-07-28,6.04,6.9,6.9,6.9,0
2020-07-29,6.04,6.9,6.9,6.9,0
2020-07-30,6.9,7.89,7.89,7.89,0
2020-07-31,6.9,7.89,7.89,7.89,0
2020-08-03,6.9,7.89,7.89,7.89,0
2020-08-04,6.9,7.89,7.89,7.89,0
2020-08-05,6.9,7.89,7.89,7.89,0
2020-08-06,6.9,7.89,7.89,7.89,0
2020-08-07,6.9,7.89,7.89,7.89,0
2020-08-10,6.9,7.89,7.89,7.89,0
2020-08-11,6.9,7.89,7.89,7.89,0
2020-08-12,6.9,7.89,7.89,7.89,0
2020-08-13,6.9,7.89,7.89,7.89,0
2020-08-14,6.9,7.89,7.89,7.89,0
2020-08-17,6.9,7.89,7.89,7.89,0
2020-08-18,6.9,7.89,7.89,7.89,0
2020-08-19,6.9,7.89,7.89,7.89,0
2020-08-20,6.9,7.89,7.89,7.89,0
2020-08-21,6.9,7.89,7.89,7.89,0
2020-08-24,6.9,7.89,7.89,7.89,0
2020-08-25,6.9,7.89,7.89,7.89,0
2020-08-26,6.9,7.89,7.89,7.89,0
2020-08-27,6.9,7.89,7.89,7.89,0
2020-08-28,6.9,7.89,7.89,7.89,0
2020-08-31,6.9,7.89,7.89,7.89,0
2020-09-01,6.9,7.89,7.89,7.89,0
2020-09-03,6.9,7.89,7.89,7.89,0
2020-09-04,6.9,7.89,7.89,7.89,0
2020-09-07,6.9,7.89,7.89,7.89,0
2020-09-08,6.9,7.89,7.89,7.89,0
2020-09-09,6.9,7.89,7.89,7.89,0
2020-09-10,6.9,7.89,7.89,7.89,0
2020-09-11,6.9,7.89,7.89,7.89,0
2020-09-14,6.9,7.89,7.89,7.89,0
2020-09-15,7.89,7.89,7.89,7.89,100
2020-09-16,9.01,9.01,9.01,9.01,100
2020-09-17,10.35,10.35,9.86,9.86,200
2020-09-18,11.62,11.62,11.27,11.27,5100
2020-09-21,12.96,12.96,12.96,12.96,100
2020-09-22,12.96,12.96,12.96,12.96,0
2020-09-23,12.96,12.96,12.96,12.96,0
2020-09-24,12.96,12.96,12.96,12.96,0
2020-09-25,12.96,12.96,12.96,12.96,0
2020-09-28,12.96,12.96,12.96,12.96,0
2020-09-29,12.96,12.96,12.96,12.96,0
2020-09-30,12.96,12.96,12.96,12.96,0
2020-10-01,11.12,11.12,11.12,11.12,100
2020-10-02,11.27,11.27,11.27,11.27,100
2020-10-05,11.27,11.27,11.27,11.27,0
2020-10-06,11.27,11.27,11.27,11.27,0
2020-10-07,11.27,11.27,11.27,11.27,0
2020-10-08,11.27,11.27,11.27,11.27,0
2020-10-09,11.27,11.27,11.27,11.27,0
2020-10-12,11.27,11.27,11.27,11.27,0
2020-10-13,11.27,11.27,11.27,11.27,0
2020-10-14,11.97,11.97,11.97,11.97,100
2020-10-15,11.97,11.97,11.97,11.97,0
2020-10-16,12.67,12.67,12.67,12.67,200
2020-10-19,12.67,12.67,12.67,12.67,0
2020-10-20,12.67,12.67,12.67,12.67,0
2020-10-21,14.57,14.57,14.57,14.57,1000
2020-10-22,12.67,12.67,12.67,12.67,100
2020-10-23,12.67,12.67,12.67,12.67,0
2020-10-26,12.67,12.67,12.67,12.67,0
2020-10-27,12.67,12.67,12.67,12.67,100
2020-10-28,12.67,12.67,12.67,12.67,0
2020-10-29,12.67,12.67,12.67,12.67,0
2020-10-30,12.67,12.67,12.67,12.67,0
2020-11-02,12.67,12.67,12.67,12.67,0
2020-11-03,12.67,12.67,12.67,12.67,0
2020-11-04,12.67,12.67,12.67,12.67,0
2020-11-05,12.67,12.67,12.67,12.67,0
2020-11-06,10.77,10.77,10.77,10.77,27000
2020-11-09,10.77,10.77,10.77,10.77,0
2020-11-10,10.77,10.77,10.77,10.77,0
2020-11-11,10.77,10.77,10.77,10.77,0
2020-11-12,10.77,10.77,10.77,10.77,0
2020-11-13,10.77,10.77,10.77,10.77,0
2020-11-16,12.32,12.32,12.32,12.32,500
2020-11-17,12.32,12.32,12.32,12.32,0
2020-11-18,12.32,12.32,12.32,12.32,0
2020-11-19,12.32,12.32,12.32,12.32,0
2020-11-20,13.03,13.03,13.03,13.03,400
2020-11-23,13.03,13.03,13.03,13.03,0
2020-11-24,13.03,13.03,13.03,13.03,0
2020-11-25,13.03,13.03,13.03,13.03,0
2020-11-26,13.03,13.03,13.03,13.03,0
2020-11-27,13.03,13.03,13.03,13.03,0
2020-11-30,13.03,13.03,13.03,13.03,0
2020-12-01,13.03,13.03,13.03,13.03,0
2020-12-02,13.03,13.03,13.03,13.03,0
2020-12-03,11.27,11.27,11.27,11.27,4000
2020-12-04,11.62,11.62,11.62,11.62,17500
2020-12-07,11.62,11.62,11.62,11.62,0
2020-12-08,11.62,11.62,11.62,11.62,0
2020-12-09,11.62,11.62,11.62,11.62,0
2020-12-10,11.62,11.62,11.62,11.62,0
2020-12-11,11.62,11.62,11.62,11.62,0
2020-12-14,11.62,11.62,11.62,11.62,0
2020-12-15,11.62,11.62,11.62,11.62,0
2020-12-16,11.62,11.62,11.62,11.62,0
2020-12-17,11.62,11.62,11.62,11.62,0
2020-12-18,11.62,11.62,11.62,11.62,0
2020-12-21,11.62,11.62,11.62,11.62,0
2020-12-22,11.62,11.62,11.62,11.62,0
2020-12-23,13.31,13.31,13.31,13.31,200
2020-12-24,13.31,13.31,13.31,13.31,0
2020-12-25,13.31,13.31,13.31,13.31,0
2020-12-28,13.38,13.38,13.38,13.38,100
2020-12-29,14.08,14.08,14.08,14.08,300
2020-12-30,14.08,14.08,14.08,14.08,0
2020-12-31,14.08,14.08,14.08,14.08,0
2021-01-04,14.08,14.08,14.08,14.08,0
2021-01-05,14.08,14.08,14.08,14.08,0
2021-01-06,14.08,14.08,14.08,14.08,0
2021-01-07,15.84,15.84,15.84,15.84,100
2021-01-08,15.84,15.84,15.84,15.84,0
2021-01-11,15.84,15.84,15.84,15.84,0
2021-01-12,14.08,14.08,14.08,14.08,500
2021-01-13,14.08,14.08,14.08,14.08,0
2021-01-14,14.08,14.08,14.08,14.08,0
2021-01-15,14.08,14.08,14.08,14.08,0
2021-01-18,14.08,14.08,14.08,14.08,0
2021-01-19,14.08,14.08,14.08,14.08,0
2021-01-20,16.19,16.19,16.19,16.19,19100
2021-01-21,16.19,16.19,16.19,16.19,0
2021-01-22,16.19,16.19,16.19,16.19,0
2021-01-25,16.19,16.19,16.19,16.19,0
2021-01-26,16.19,16.19,16.19,16.19,0
2021-01-27,16.19,16.19,16.19,16.19,0
2021-01-28,16.19,16.19,16.19,16.19,0
2021-01-29,16.19,16.19,16.19,16.19,0
2021-02-01,16.19,16.19,16.19,16.19,0
2021-02-02,16.19,16.19,16.19,16.19,0
2021-02-03,16.19,16.19,16.19,16.19,0
2021-02-04,16.19,16.19,16.19,16.19,0
2021-02-05,16.19,16.19,16.19,16.19,0
2021-02-08,16.19,16.19,16.19,16.19,0
2021-02-09,16.19,16.19,16.19,16.19,0
2021-02-17,16.19,16.19,16.19,16.19,0
2021-02-18,16.19,16.19,16.19,16.19,0
2021-02-19,16.19,16.19,16.19,16.19,0
2021-02-22,16.19,16.19,16.19,16.19,0
2021-02-23,16.19,16.19,16.19,16.19,0
2021-02-24,16.19,16.19,16.19,16.19,0
2021-02-25,16.19,16.19,16.19,16.19,0
2021-02-26,16.19,16.19,16.19,16.19,0
2021-03-01,16.19,16.19,16.19,16.19,0
2021-03-02,17.6,17.6,15.56,15.56,500
2021-03-03,16.9,16.9,16.9,16.9,100
2021-03-04,16.9,16.9,16.9,16.9,0
2021-03-05,17.6,17.6,17.6,17.6,300
2021-03-08,17.6,17.6,17.6,17.6,0
2021-03-09,17.6,17.6,17.6,17.6,0
2021-03-10,17.6,17.6,17.6,17.6,0
2021-03-11,17.6,17.6,17.6,17.6,0
2021-03-12,17.6,17.6,17.6,17.6,0
2021-03-15,17.6,17.6,17.6,17.6,0
2021-03-16,17.6,17.6,17.6,17.6,0
2021-03-17,17.6,17.6,17.6,17.6,0
2021-03-18,17.6,17.6,17.6,17.6,0
2021-03-19,17.6,17.6,17.6,17.6,0
2021-03-22,17.6,17.6,17.6,17.6,0
2021-03-23,15.0,15.0,15.0,15.0,100
2021-03-24,15.0,15.0,15.0,15.0,0
2021-03-25,12.81,17.18,12.81,17.18,200
2021-03-26,17.18,17.18,12.81,12.81,600
2021-03-29,17.6,17.6,17.6,17.6,10700
2021-03-30,17.6,17.6,17.6,17.6,0
2021-03-31,17.6,17.6,17.6,17.6,0
2021-04-01,17.6,17.6,17.6,17.6,0
2021-04-02,17.6,17.6,17.6,17.6,0
2021-04-05,17.6,17.6,17.6,17.6,0
2021-04-06,17.6,17.6,17.6,17.6,0
2021-04-07,17.6,17.6,17.6,17.6,0
2021-04-08,17.6,17.6,17.6,17.6,0
2021-04-09,17.6,17.6,17.6,17.6,0
2021-04-12,17.6,17.6,17.6,17.6,0
2021-04-13,17.6,17.6,17.6,17.6,0
2021-04-14,17.6,17.6,17.6,17.6,0
2021-04-15,17.6,17.6,17.6,17.6,0
2021-04-16,17.6,17.6,17.6,17.6,0
2021-04-19,17.6,17.6,17.6,17.6,0
2021-04-20,17.6,17.6,17.6,17.6,0
2021-04-22,17.6,17.6,17.6,17.6,0
2021-04-23,17.6,17.6,17.6,17.6,0
2021-04-26,17.6,17.6,17.6,17.6,0
2021-04-27,17.6,17.6,17.6,17.6,0
2021-04-28,17.6,17.6,17.6,17.6,0
2021-04-29,17.6,17.6,17.6,17.6,0
2021-05-04,17.6,17.6,17.6,17.6,0
2021-05-05,16.9,16.9,16.9,16.9,400
2021-05-06,16.9,16.9,16.9,16.9,0
2021-05-07,16.9,16.9,16.9,16.9,900
2021-05-10,16.9,16.9,16.9,16.9,0
2021-05-11,16.9,16.9,16.9,16.9,0
2021-05-12,16.9,16.9,16.9,16.9,0
2021-05-13,16.9,16.9,16.9,16.9,0
2021-05-14,16.9,16.9,16.9,16.9,0
2021-05-17,16.9,16.9,16.9,16.9,0
2021-05-18,16.19,16.19,16.19,16.19,1300
2021-05-19,13.8,13.8,13.8,13.8,100
2021-05-20,13.8,13.8,13.8,13.8,0
2021-05-21,13.8,13.8,13.8,13.8,0
2021-05-24,11.76,11.76,11.76,11.76,100
2021-05-25,11.76,11.76,11.76,11.76,0
2021-05-26,11.76,11.76,11.76,11.76,62
2021-05-27,13.52,13.52,13.52,13.52,100
2021-05-28,13.52,13.52,13.52,13.52,0
2021-05-31,13.52,13.52,13.52,13.52,0
2021-06-01,13.52,13.52,13.52,13.52,0
2021-06-02,13.52,13.52,13.52,13.52,0
2021-06-03,13.52,13.52,13.52,13.52,0
2021-06-04,13.52,13.52,13.52,13.52,0
2021-06-07,13.52,13.52,13.52,13.52,0
2021-06-08,13.52,13.52,13.52,13.52,0
2021-06-09,13.52,13.52,13.52,13.52,0
2021-06-10,13.52,13.52,13.52,13.52,0
2021-06-11,13.52,13.52,13.52,13.52,0
2021-06-14,13.52,13.52,13.52,13.52,0
2021-06-15,13.52,13.52,13.52,13.52,4
2021-06-16,13.52,13.52,13.52,13.52,0
2021-06-17,13.52,13.52,13.52,13.52,0
2021-06-18,13.52,13.52,13.52,13.52,0
2021-06-21,13.52,13.52,13.52,13.52,0
2021-06-22,13.52,13.52,13.52,13.52,0
2021-06-23,13.52,13.52,13.52,13.52,0
2021-06-24,13.52,13.52,13.52,13.52,0
2021-06-25,13.52,13.52,13.52,13.52,0
2021-06-28,13.52,13.52,13.52,13.52,0
2021-06-29,13.52,13.52,13.52,13.52,0
2021-06-30,13.52,13.52,13.52,13.52,0
2021-07-01,13.52,13.52,13.52,13.52,0
2021-07-02,13.52,13.52,13.52,13.52,0
2021-07-05,13.52,13.52,13.52,13.52,0
2021-07-06,13.52,13.52,13.52,13.52,0
2021-07-07,17.6,17.6,17.6,17.6,800
2021-07-08,17.6,17.6,17.6,17.6,800
2021-07-09,17.6,17.6,17.6,17.6,700
2021-07-12,17.6,17.6,17.6,17.6,0
2021-07-13,17.6,17.6,17.6,17.6,0
2021-07-14,17.6,17.6,17.6,17.6,0
2021-07-15,17.6,17.6,17.6,17.6,0
2021-07-16,17.6,17.6,17.6,17.6,10
2021-07-19,19.71,19.71,19.71,19.71,300
2021-07-20,19.71,19.71,19.71,19.71,0
2021-07-21,19.71,19.71,19.71,19.71,0
2021-07-22,19.71,19.71,19.71,19.71,5
2021-07-23,19.71,19.71,19.71,19.71,10
2021-07-26,19.71,19.71,19.71,19.71,0
2021-07-27,19.71,19.71,19.71,19.71,0
2021-07-28,19.71,19.71,19.71,19.71,0
2021-07-29,19.71,19.71,19.71,19.71,0
2021-07-30,19.71,19.71,19.71,19.71,0
2021-08-02,19.71,19.71,19.71,19.71,0
2021-08-03,19.71,19.71,19.71,19.71,0
2021-08-04,19.71,19.71,19.71,19.71,0
2021-08-05,19.71,19.71,19.71,19.71,0
2021-08-06,19.71,19.71,19.71,19.71,0
2021-08-09,19.71,19.71,19.71,19.71,115
2021-08-10,19.71,19.71,19.71,19.71,0
2021-08-11,19.71,19.71,19.71,19.71,0
2021-08-12,19.71,19.71,19.71,19.71,0
2021-08-13,19.71,19.71,19.71,19.71,0
2021-08-16,18.31,18.31,18.31,18.31,100
2021-08-17,18.31,18.31,18.31,18.31,0
2021-08-18,18.31,18.31,18.31,18.31,0
2021-08-19,18.31,18.31,18.31,18.31,0
2021-08-20,18.31,18.31,18.31,18.31,100
2021-08-23,18.31,18.31,18.31,18.31,0
2021-08-24,18.31,18.31,18.31,18.31,0
2021-08-25,18.31,18.31,18.31,18.31,0
2021-08-26,18.31,18.31,18.31,18.31,0
2021-08-27,18.31,18.31,18.31,18.31,0
2021-08-30,19.35,19.42,19.35,19.42,600
2021-08-31,19.42,19.42,19.42,19.42,0
2021-09-01,19.42,19.42,19.42,19.42,0
2021-09-06,19.42,19.42,19.42,19.42,0
2021-09-07,19.42,19.42,19.42,19.42,0
2021-09-08,19.5,19.5,19.5,19.5,138
2021-09-09,19.35,19.35,19.35,19.35,100
2021-09-10,19.35,19.35,19.35,19.35,0
2021-09-13,19.35,19.35,19.35,19.35,0
2021-09-14,19.35,19.35,19.35,19.35,0
2021-09-15,19.35,19.35,19.35,19.35,100
2021-09-16,19.35,19.35,19.35,19.35,0
2021-09-17,19.35,19.35,19.35,19.35,0
2021-09-20,19.35,19.35,19.35,19.35,0
2021-09-21,19.35,19.35,19.35,19.35,100
2021-09-22,19.35,19.35,19.35,19.35,100
2021-09-23,19.35,19.35,19.35,19.35,0
2021-09-24,19.35,19.35,19.35,19.35,0
2021-09-27,19.35,19.35,19.35,19.35,0
2021-09-28,19.35,19.35,19.35,19.35,0
2021-09-29,19.35,19.35,19.35,19.35,0
2021-09-30,19.35,19.35,19.35,19.35,0
2021-10-01,19.35,19.35,19.35,19.35,0
2021-10-04,19.35,19.35,19.35,19.35,0
2021-10-05,19.35,19.35,19.35,19.35,0
2021-10-06,19.35,19.35,19.35,19.35,0
2021-10-07,19.35,19.35,19.35,19.35,0
2021-10-08,19.35,19.35,19.35,19.35,0
2021-10-11,19.35,19.35,19.35,19.35,0
2021-10-12,19.35,19.35,19.35,19.35,0
2021-10-13,19.35,19.35,19.35,19.35,0
2021-10-14,19.35,19.35,19.35,19.35,0
2021-10-15,19.35,19.35,19.35,19.35,0
2021-10-18,19.35,19.35,19.35,19.35,0
2021-10-19,19.35,19.35,19.35,19.35,0
2021-10-20,19.35,19.35,19.35,19.35,0
2021-10-21,19.35,19.35,19.35,19.35,0
2021-10-22,19.35,19.35,19.35,19.35,1000
2021-10-25,19.35,19.35,19.35,19.35,0
2021-10-26,19.35,19.35,19.35,19.35,0
2021-10-27,19.35,19.35,19.35,19.35,0
2021-10-28,19.35,19.35,19.35,19.35,0
2021-10-29,19.35,19.35,19.35,19.35,0
2021-11-01,19.35,19.35,19.35,19.35,0
2021-11-02,19.35,19.35,19.35,19.35,0
2021-11-03,19.35,19.35,19.35,19.35,0
2021-11-04,16.45,16.45,16.45,16.45,11200
2021-11-05,14.14,14.14,14.14,14.14,8300
2021-11-08,14.14,14.14,14.14,14.14,0
2021-11-09,14.14,14.14,14.14,14.14,0
2021-11-10,14.14,14.14,14.14,14.14,0
2021-11-11,14.14,14.14,14.14,14.14,0
2021-11-12,12.05,12.05,12.05,12.05,3000
2021-11-15,12.05,12.05,12.05,12.05,0
2021-11-16,12.05,12.05,12.05,12.05,0
2021-11-17,12.05,12.05,12.05,12.05,0
2021-11-18,12.05,12.05,12.05,12.05,30
2021-11-19,12.05,12.05,12.05,12.05,0
2021-11-22,12.05,12.05,12.05,12.05,0
2021-11-23,12.05,12.05,12.05,12.05,0
2021-11-24,12.05,12.05,12.05,12.05,0
2021-11-25,12.05,12.05,12.05,12.05,0
2021-11-26,12.05,12.05,12.05,12.05,0
2021-11-29,12.05,12.05,12.05,12.05,5
2021-11-30,12.05,12.05,12.05,12.05,0
2021-12-01,12.05,12.05,12.05,12.05,0
2021-12-02,12.05,12.05,12.05,12.05,0
2021-12-03,12.05,12.05,12.05,12.05,1
2021-12-06,12.05,12.05,12.05,12.05,0
2021-12-07,12.05,12.05,12.05,12.05,0
2021-12-08,12.05,12.05,12.05,12.05,0
2021-12-09,12.05,12.05,12.05,12.05,0
2021-12-10,12.05,12.05,12.05,12.05,0
2021-12-13,12.05,12.05,12.05,12.05,0
2021-12-14,12.05,12.05,12.05,12.05,0
2021-12-15,12.05,12.05,12.05,12.05,5
2021-12-16,12.05,12.05,12.05,12.05,0
2021-12-17,12.05,12.05,12.05,12.05,0
2021-12-20,12.05,12.05,12.05,12.05,0
2021-12-21,12.05,12.05,12.05,12.05,0
2021-12-22,12.05,12.05,12.05,12.05,0
2021-12-23,12.05,12.05,12.05,12.05,0
2021-12-24,12.05,12.05,12.05,12.05,0
2021-12-27,12.05,12.05,12.05,12.05,0
2021-12-28,12.05,12.05,12.05,12.05,0
2021-12-29,12.05,12.05,12.05,12.05,0
2021-12-30,12.05,12.05,12.05,12.05,0
2021-12-31,12.05,12.05,12.05,12.05,0
2022-01-04,12.05,12.05,12.05,12.05,0
2022-01-05,12.05,12.05,12.05,12.05,0
2022-01-06,12.05,12.05,12.05,12.05,0
2022-01-07,12.05,12.05,12.05,12.05,0
2022-01-10,12.05,12.05,12.05,12.05,0
2022-01-11,12.05,12.05,12.05,12.05,0
2022-01-12,12.05,12.05,12.05,12.05,0
2022-01-13,12.05,12.05,12.05,12.05,0
2022-01-14,12.05,12.05,12.05,12.05,0
2022-01-17,12.05,12.05,12.05,12.05,0
2022-01-18,12.05,12.05,12.05,12.05,0
2022-01-19,12.05,12.05,12.05,12.05,0
2022-01-20,12.05,12.05,12.05,12.05,0
2022-01-21,12.05,12.05,12.05,12.05,0
2022-01-24,12.05,12.05,12.05,12.05,0
2022-01-25,12.05,12.05,12.05,12.05,0
2022-01-26,12.05,12.05,12.05,12.05,0
2022-01-27,12.05,12.05,12.05,12.05,0
2022-01-28,12.05,12.05,12.05,12.05,0
2022-02-07,12.05,12.05,12.05,12.05,0
2022-02-08,12.05,12.05,12.05,12.05,0
2022-02-09,12.05,12.05,12.05,12.05,0
2022-02-10,12.05,12.05,12.05,12.05,0
2022-02-11,12.05,12.05,12.05,12.05,0
2022-02-14,12.05,12.05,12.05,12.05,0
2022-02-15,12.05,12.05,12.05,12.05,0
2022-02-16,12.05,12.05,12.05,12.05,0
2022-02-17,12.05,12.05,12.05,12.05,0
2022-02-18,12.05,12.05,12.05,12.05,0
2022-02-21,12.05,12.05,12.05,12.05,0
2022-02-22,12.05,12.05,12.05,12.05,0
2022-02-23,12.05,12.05,12.05,12.05,0
2022-02-24,12.05,12.05,12.05,12.05,0
2022-02-25,12.05,12.05,12.05,12.05,0
2022-02-28,12.05,12.05,12.05,12.05,0
2022-03-01,12.05,12.05,12.05,12.05,0
2022-03-02,12.05,12.05,12.05,12.05,0
2022-03-03,12.05,12.05,12.05,12.05,0
2022-03-04,12.05,12.05,12.05,12.05,0
2022-03-07,12.05,12.05,12.05,12.05,0
2022-03-08,12.05,12.05,12.05,12.05,0
2022-03-09,12.05,12.05,12.05,12.05,0
2022-03-10,12.05,12.05,12.05,12.05,0
2022-03-11,12.05,12.05,12.05,12.05,0
2022-03-14,12.05,12.05,12.05,12.05,0
2022-03-15,12.05,12.05,12.05,12.05,0
2022-03-16,12.05,12.05,12.05,12.05,0
2022-03-17,12.05,12.05,12.05,12.05,0
2022-03-18,12.05,12.05,12.05,12.05,0
2022-03-21,12.05,12.05,12.05,12.05,0
2022-03-22,12.05,12.05,12.05,12.05,0
2022-03-23,12.05,12.05,12.05,12.05,0
2022-03-24,12.05,12.05,12.05,12.05,0
2022-03-25,12.05,12.05,12.05,12.05,0
2022-03-28,12.05,12.05,12.05,12.05,0
2022-03-29,12.05,12.05,12.05,12.05,0
2022-03-30,12.05,12.05,12.05,12.05,0
2022-03-31,12.05,12.05,12.05,12.05,0
2022-04-01,12.05,12.05,12.05,12.05,0
2022-04-04,12.05,12.05,12.05,12.05,0
2022-04-05,12.05,12.05,12.05,12.05,0
2022-04-06,12.05,12.05,12.05,12.05,0
2022-04-07,12.05,12.05,12.05,12.05,0
2022-04-08,12.05,12.05,12.05,12.05,0
2022-04-12,12.05,12.05,12.05,12.05,0
2022-04-13,12.05,12.05,12.05,12.05,0
2022-04-14,12.05,12.05,12.05,12.05,0
2022-04-15,12.05,12.05,12.05,12.05,0
2022-04-18,12.05,12.05,12.05,12.05,0
2022-04-19,12.05,12.05,12.05,12.05,0
2022-04-20,12.05,12.05,12.05,12.05,0
2022-04-21,12.05,12.05,12.05,12.05,0
2022-04-22,12.05,12.05,12.05,12.05,0
2022-04-25,12.05,12.05,12.05,12.05,0
2022-04-26,12.05,12.05,12.05,12.05,0
2022-04-27,16.82,16.82,16.82,16.82,100
2022-04-28,16.82,16.82,16.82,16.82,0
2022-04-29,16.82,16.82,16.82,16.82,0
2022-05-04,16.82,16.82,16.82,16.82,0
2022-05-05,16.82,16.82,16.82,16.82,0
2022-05-06,16.82,16.82,16.82,16.82,0
2022-05-09,16.82,16.82,16.82,16.82,0
2022-05-10,16.82,16.82,16.82,16.82,0
2022-05-11,16.82,16.82,16.82,16.82,0
2022-05-12,16.82,16.82,16.82,16.82,0
2022-05-13,16.82,16.82,16.82,16.82,0
2022-05-16,16.82,16.82,16.82,16.82,0
2022-05-17,16.82,16.82,16.82,16.82,0
2022-05-18,16.82,16.82,16.82,16.82,0
2022-05-19,16.82,16.82,16.82,16.82,0
2022-05-20,16.82,16.82,16.82,16.82,0
2022-05-23,16.82,16.82,16.82,16.82,0
2022-05-24,16.82,16.82,16.82,16.82,0
2022-05-25,16.82,16.82,16.82,16.82,0
2022-05-26,16.82,16.82,16.82,16.82,0
2022-05-27,16.82,16.82,16.82,16.82,0
2022-05-30,16.82,16.82,16.82,16.82,0
2022-05-31,16.82,16.82,16.82,16.82,0
2022-06-01,16.82,16.82,16.82,16.82,0
2022-06-02,16.82,16.82,16.82,16.82,0
2022-06-03,16.82,16.82,16.82,16.82,0
2022-06-06,16.82,16.82,16.82,16.82,0
2022-06-07,16.82,16.82,16.82,16.82,0
2022-06-08,16.82,16.82,16.82,16.82,0
2022-06-09,16.82,16.82,16.82,16.82,0
2022-06-10,16.82,16.82,16.82,16.82,0
2022-06-13,16.82,16.82,16.82,16.82,0
2022-06-14,16.82,16.82,16.82,16.82,0
2022-06-15,16.82,16.82,16.82,16.82,0
2022-06-16,16.82,16.82,16.82,16.82,0
2022-06-17,16.82,16.82,16.82,16.82,0
2022-06-20,16.82,16.82,16.82,16.82,0
2022-06-21,16.82,16.82,16.82,16.82,0
2022-06-22,16.82,16.82,16.82,16.82,4
2022-06-23,16.82,16.82,16.82,16.82,0
2022-06-24,16.82,16.82,16.82,16.82,0
2022-06-27,16.82,16.82,16.82,16.82,0
2022-06-28,16.82,16.82,16.82,16.82,0
2022-06-29,16.82,16.82,16.82,16.82,0
2022-06-30,16.82,16.82,16.82,16.82,0
2022-07-01,16.82,16.82,16.82,16.82,0
2022-07-04,16.82,16.82,16.82,16.82,0
2022-07-05,16.82,16.82,16.82,16.82,0
2022-07-06,16.82,16.82,16.82,16.82,0
2022-07-07,16.82,16.82,16.82,16.82,0
2022-07-08,16.07,16.07,16.07,16.07,100
2022-07-11,13.69,13.69,13.69,13.69,100
2022-07-12,13.69,13.69,13.69,13.69,0
2022-07-13,13.69,13.69,13.69,13.69,0
2022-07-14,13.69,13.69,13.69,13.69,0
2022-07-15,13.69,13.69,13.69,13.69,0
2022-07-18,13.69,13.69,13.69,13.69,0
2022-07-19,13.69,13.69,13.69,13.69,0
2022-07-20,13.69,13.69,13.69,13.69,0
2022-07-21,13.69,13.69,13.69,13.69,0
2022-07-22,13.69,13.69,13.69,13.69,0
2022-07-25,13.69,13.69,13.69,13.69,0
2022-07-26,13.69,13.69,13.69,13.69,0
2022-07-27,13.69,13.69,13.69,13.69,0
2022-07-28,13.69,13.69,13.69,13.69,0
2022-07-29,13.69,13.69,13.69,13.69,0
2022-08-01,13.69,13.69,13.69,13.69,0
2022-08-02,13.69,13.69,13.69,13.69,0
2022-08-03,13.69,13.69,13.69,13.69,0
2022-08-04,13.69,13.69,13.69,13.69,0
2022-08-05,13.69,13.69,13.69,13.69,0
2022-08-08,13.69,13.69,13.69,13.69,0
2022-08-09,15.7,15.7,15.7,15.7,100
2022-08-10,18.01,18.01,18.01,18.01,100
2022-08-11,18.01,18.01,18.01,18.01,0
2022-08-12,18.01,18.01,18.01,18.01,0
2022-08-15,18.6,18.6,18.6,18.6,530
2022-08-16,18.6,18.6,18.6,18.6,500
2022-08-17,18.6,18.6,18.6,18.6,15
2022-08-18,18.6,18.6,18.6,18.6,0
2022-08-19,18.6,18.6,18.6,18.6,0
2022-08-22,18.6,18.6,18.6,18.6,0
2022-08-23,18.6,18.6,18.6,18.6,0
2022-08-24,18.6,18.6,18.6,18.6,0
2022-08-25,18.6,18.6,18.6,18.6,0
2022-08-26,18.6,18.6,18.6,18.6,0
2022-08-29,18.6,18.6,18.6,18.6,0
2022-08-30,18.6,18.6,18.6,18.6,0
2022-08-31,18.6,18.6,18.6,18.6,0
2022-09-05,18.6,18.6,18.6,18.6,0
2022-09-06,18.6,18.6,18.6,18.6,0
2022-09-07,18.6,18.6,18.6,18.6,0
2022-09-08,18.6,18.6,18.6,18.6,0
2022-09-09,18.6,18.6,18.6,18.6,0
2022-09-12,18.6,18.6,18.6,18.6,0
2022-09-13,18.6,18.6,18.6,18.6,0
2022-09-14,18.6,18.6,18.6,18.6,0
2022-09-15,18.6,18.6,18.6,18.6,0
2022-09-16,18.6,18.6,18.6,18.6,0
2022-09-19,18.6,18.6,18.6,18.6,0
2022-09-20,18.6,18.6,18.6,18.6,0
2022-09-21,18.6,18.6,18.6,18.6,0
2022-09-22,18.6,18.6,18.6,18.6,0
2022-09-23,18.6,18.6,18.6,18.6,1
2022-09-26,18.6,18.6,18.6,18.6,0
2022-09-27,18.6,18.6,18.6,18.6,0
2022-09-28,18.6,18.6,18.6,18.6,1
2022-09-29,18.6,18.6,18.6,18.6,0
2022-09-30,18.6,18.6,18.6,18.6,0
2022-10-03,19.08,19.08,19.0,19.0,800
2022-10-04,19.08,19.08,19.08,19.08,0
2022-10-05,19.08,19.08,19.08,19.08,0
2022-10-06,19.08,19.08,19.08,19.08,0
2022-10-07,19.08,19.08,19.08,19.08,0
2022-10-10,19.08,19.08,19.08,19.08,0
2022-10-11,19.08,19.08,19.08,19.08,0
2022-10-12,19.08,19.08,19.08,19.08,0
2022-10-13,19.08,19.08,19.08,19.08,0
2022-10-14,19.08,19.08,19.08,19.08,0
2022-10-17,19.08,19.08,19.08,19.08,0
2022-10-18,19.08,19.08,19.08,19.08,0
2022-10-19,19.08,19.08,19.08,19.08,0
2022-10-20,19.08,19.08,19.08,19.08,0
2022-10-21,19.08,19.08,19.08,19.08,0
2022-10-24,20.19,20.19,19.79,19.79,1001
2022-10-25,19.87,19.87,19.87,19.87,0
2022-10-26,19.87,19.87,19.87,19.87,0
2022-10-27,19.87,19.87,19.87,19.87,0
2022-10-28,19.87,19.87,19.87,19.87,0
2022-10-31,19.87,19.87,19.87,19.87,0
2022-11-01,19.87,19.87,19.87,19.87,0
2022-11-02,19.87,19.87,19.87,19.87,0
2022-11-03,19.87,19.87,19.87,19.87,0
2022-11-04,19.87,19.87,19.87,19.87,0
2022-11-07,19.87,19.87,19.87,19.87,0
2022-11-08,19.87,19.87,19.87,19.87,0
2022-11-09,19.87,19.87,19.87,19.87,0
2022-11-10,19.87,19.87,19.87,19.87,0
2022-11-11,19.87,19.87,19.87,19.87,0
2022-11-14,19.87,19.87,19.87,19.87,0
2022-11-15,19.0,19.0,19.0,19.0,500
2022-11-16,19.0,19.0,19.0,19.0,0
2022-11-17,19.0,19.0,19.0,19.0,0
2022-11-18,19.0,19.0,19.0,19.0,200
2022-11-21,19.0,19.0,19.0,19.0,400
2022-11-22,19.0,19.0,19.0,19.0,0
2022-11-23,19.0,19.0,19.0,19.0,0
2022-11-24,19.0,19.0,19.0,19.0,0
2022-11-25,19.0,19.0,19.0,19.0,0
2022-11-28,19.0,19.0,19.0,19.0,0
2022-11-29,19.0,19.0,19.0,19.0,0
2022-11-30,19.0,19.0,19.0,19.0,0
2022-12-01,19.0,19.0,19.0,19.0,0
2022-12-02,19.39,19.39,19.39,19.39,100
2022-12-05,19.39,19.39,19.39,19.39,0
2022-12-06,19.39,19.39,19.39,19.39,0
2022-12-07,19.39,19.39,19.39,19.39,0
2022-12-08,19.39,19.39,19.39,19.39,0
2022-12-09,19.39,19.39,19.39,19.39,0
2022-12-12,19.39,19.39,19.39,19.39,0
2022-12-13,19.39,19.39,19.39,19.39,0
2022-12-14,19.39,19.39,19.39,19.39,0
2022-12-15,19.39,19.39,19.39,19.39,0
2022-12-16,19.39,19.39,19.39,19.39,0
2022-12-19,19.39,19.39,19.39,19.39,0
2022-12-20,19.39,19.39,19.39,19.39,0
2022-12-21,19.39,19.39,19.39,19.39,0
2022-12-22,19.39,19.39,19.39,19.39,0
2022-12-23,19.39,19.39,19.39,19.39,0
2022-12-26,19.39,19.39,19.39,19.39,0
2022-12-27,19.39,19.39,19.39,19.39,0
2022-12-28,19.39,19.39,19.39,19.39,0
2022-12-29,19.39,19.39,19.39,19.39,0
2022-12-30,19.39,19.39,19.39,19.39,0
2023-01-03,19.39,19.39,19.39,19.39,0
2023-01-04,19.39,19.39,19.39,19.39,0
2023-01-05,19.39,19.39,19.39,19.39,0
2023-01-06,19.39,19.39,19.39,19.39,0
2023-01-09,19.39,19.39,19.39,19.39,0
2023-01-10,19.39,19.39,19.39,19.39,0
2023-01-11,19.39,19.39,19.39,19.39,0
2023-01-12,19.39,19.39,19.39,19.39,0
2023-01-13,11.87,12.43,11.87,12.43,1700
2023-01-16,12.11,12.11,12.11,12.11,0
2023-01-17,12.11,12.11,12.11,12.11,0
2023-01-18,12.11,12.11,12.11,12.11,0
2023-01-19,12.11,12.11,12.11,12.11,0
2023-01-27,12.11,12.11,12.11,12.11,0
2023-01-30,12.11,12.11,12.11,12.11,0
2023-01-31,12.11,12.11,12.11,12.11,0
2023-02-01,12.11,12.11,12.11,12.11,0
2023-02-02,12.11,12.11,12.11,12.11,0
2023-02-03,12.11,12.11,12.11,12.11,0
2023-02-06,12.11,12.11,12.11,12.11,0
2023-02-07,12.11,12.11,12.11,12.11,0
2023-02-08,12.11,12.11,12.11,12.11,0
2023-02-09,12.11,12.11,12.11,12.11,0
2023-02-10,12.11,12.11,12.11,12.11,0
2023-02-13,12.11,12.11,12.11,12.11,0
2023-02-14,12.11,12.11,12.11,12.11,0
2023-02-15,12.11,12.11,12.11,12.11,0
2023-02-16,12.11,12.11,12.11,12.11,0
2023-02-17,12.11,12.11,12.11,12.11,0
2023-02-20,12.11,12.11,12.11,12.11,0
2023-02-21,12.11,12.11,12.11,12.11,0
2023-02-22,12.11,12.11,12.11,12.11,0
2023-02-23,12.11,12.11,12.11,12.11,0
2023-02-24,12.11,12.11,12.11,12.11,0
2023-02-27,12.11,12.11,12.11,12.11,0
2023-02-28,12.11,12.11,12.11,12.11,0
2023-03-01,12.11,12.11,12.11,12.11,0
2023-03-02,12.11,12.11,12.11,12.11,0
2023-03-03,12.11,12.11,12.11,12.11,0
2023-03-06,12.11,12.11,12.11,12.11,0
2023-03-07,12.11,12.11,12.11,12.11,0
2023-03-08,12.11,12.11,12.11,12.11,0
2023-03-09,12.11,12.11,12.11,12.11,0
2023-03-10,12.11,12.11,12.11,12.11,0
2023-03-13,12.11,12.11,12.11,12.11,0
2023-03-14,12.11,12.11,12.11,12.11,0
2023-03-15,12.11,12.11,12.11,12.11,0
2023-03-16,12.11,12.11,12.11,12.11,0
2023-03-17,12.11,12.11,12.11,12.11,0
2023-03-20,12.11,12.11,12.11,12.11,0
2023-03-21,12.11,12.11,12.11,12.11,0
2023-03-22,12.11,12.11,12.11,12.11,0
2023-03-23,12.11,12.11,12.11,12.11,0
2023-03-24,12.11,12.11,12.11,12.11,0
2023-03-27,12.11,12.11,12.11,12.11,0
2023-03-28,12.11,12.11,12.11,12.11,0
2023-03-29,12.11,12.11,12.11,12.11,0
2023-03-30,12.11,12.11,12.11,12.11,0
2023-03-31,12.11,12.11,12.11,12.11,0
2023-04-03,12.11,12.11,12.11,12.11,0
2023-04-04,12.11,12.11,12.11,12.11,0
2023-04-05,12.11,12.11,12.11,12.11,0
2023-04-06,12.11,12.11,12.11,12.11,0
2023-04-07,12.11,12.11,12.11,12.11,0
2023-04-10,12.11,12.11,12.11,12.11,0
2023-04-11,12.11,12.11,12.11,12.11,0
2023-04-12,12.11,12.11,12.11,12.11,0
2023-04-13,12.11,12.11,12.11,12.11,0
2023-04-14,12.11,12.11,12.11,12.11,0
2023-04-17,12.11,12.11,12.11,12.11,0
2023-04-18,16.94,16.94,16.62,16.62,900
2023-04-19,16.62,16.62,16.62,16.62,0
2023-04-20,16.62,16.62,16.62,16.62,0
2023-04-21,16.62,16.62,16.62,16.62,0
2023-04-24,16.62,16.62,16.62,16.62,0
2023-04-25,16.62,16.62,16.62,16.62,0
2023-04-26,16.62,16.62,16.62,16.62,0
2023-04-27,16.62,16.62,16.62,16.62,0
2023-04-28,16.62,16.62,16.62,16.62,0
2023-05-04,16.62,16.62,16.62,16.62,0
2023-05-05,16.62,16.62,16.62,16.62,0
2023-05-08,16.62,16.62,16.62,16.62,0
2023-05-09,16.62,16.62,16.62,16.62,0
2023-05-10,16.62,16.62,16.62,16.62,0
2023-05-11,16.62,16.62,16.62,16.62,0
2023-05-12,16.62,16.62,16.62,16.62,0
2023-05-15,16.62,16.62,16.62,16.62,0
2023-05-16,16.62,16.62,16.62,16.62,0
2023-05-17,16.62,16.62,16.62,16.62,0
2023-05-18,16.62,16.62,16.62,16.62,0
2023-05-19,16.62,16.62,16.62,16.62,0
2023-05-22,16.62,16.62,16.62,16.62,0
2023-05-23,16.62,16.62,16.62,16.62,0
2023-05-24,16.62,16.62,16.62,16.62,3
2023-05-25,16.62,16.62,16.62,16.62,0
2023-05-26,16.62,16.62,16.62,16.62,0
2023-05-29,16.62,16.62,16.62,16.62,0
2023-05-30,16.62,16.62,16.62,16.62,0
2023-05-31,16.62,16.62,16.62,16.62,0
2023-06-01,16.62,16.62,16.62,16.62,0
2023-06-02,16.62,16.62,16.62,16.62,0
2023-06-05,16.62,16.62,16.62,16.62,0
2023-06-06,16.62,16.62,16.62,16.62,0
2023-06-07,16.62,16.62,16.62,16.62,0
2023-06-08,16.62,16.62,16.62,16.62,0
2023-06-09,16.62,16.62,16.62,16.62,0
2023-06-12,16.62,16.62,16.62,16.62,0
2023-06-13,16.62,16.62,16.62,16.62,0
2023-06-14,16.62,16.62,16.62,16.62,0
2023-06-15,16.62,16.62,16.62,16.62,0
2023-06-16,16.62,16.62,16.62,16.62,0
2023-06-19,16.62,16.62,16.62,16.62,0
2023-06-20,16.62,16.62,16.62,16.62,0
2023-06-21,16.62,16.62,16.62,16.62,0
2023-06-22,16.62,16.62,16.62,16.62,0
2023-06-23,16.62,16.62,16.62,16.62,0
2023-06-26,16.62,16.62,16.62,16.62,0
2023-06-27,16.62,16.62,16.62,16.62,0
2023-06-28,16.62,16.62,16.62,16.62,0
2023-06-29,16.62,16.62,16.62,16.62,0
2023-06-30,9.97,16.62,9.97,16.62,145100
2023-07-03,9.97,9.97,9.97,9.97,3
2023-07-04,9.97,9.97,9.97,9.97,0
2023-07-05,9.97,9.97,9.97,9.97,0
2023-07-06,9.97,9.97,9.97,9.97,0
2023-07-07,9.97,9.97,9.97,9.97,0
2023-07-10,9.97,9.97,9.97,9.97,0
2023-07-11,9.97,9.97,9.97,9.97,0
2023-07-12,9.97,9.97,9.97,9.97,0
2023-07-13,9.97,9.97,9.97,9.97,0
2023-07-14,9.97,9.97,9.97,9.97,0
2023-07-17,9.97,9.97,9.97,9.97,0
2023-07-18,9.97,9.97,9.97,9.97,0
2023-07-19,9.97,9.97,9.97,9.97,0
2023-07-20,9.97,9.97,9.97,9.97,0
2023-07-21,9.97,9.97,9.97,9.97,0
2023-07-24,9.97,9.97,9.97,9.97,0
2023-07-25,9.97,9.97,9.97,9.97,0
2023-07-26,9.97,9.97,9.97,9.97,0
2023-07-27,9.97,9.97,9.97,9.97,0
2023-07-28,9.97,9.97,9.97,9.97,0
2023-07-31,9.97,9.97,9.97,9.97,0
2023-08-01,9.97,9.97,9.97,9.97,0
2023-08-02,9.97,9.97,9.97,9.97,0
2023-08-03,9.97,9.97,9.97,9.97,0
2023-08-04,9.97,9.97,9.97,9.97,0
2023-08-07,9.97,9.97,9.97,9.97,0
2023-08-08,9.97,9.97,9.97,9.97,0
2023-08-09,9.97,9.97,9.97,9.97,0
2023-08-10,9.97,9.97,9.97,9.97,0
2023-08-11,9.97,9.97,9.97,9.97,0
2023-08-14,9.97,9.97,9.97,9.97,0
2023-08-15,9.97,9.97,9.97,9.97,0
2023-08-16,9.97,9.97,9.97,9.97,0
2023-08-17,9.97,9.97,9.97,9.97,0
2023-08-18,9.97,9.97,9.97,9.97,0
2023-08-21,9.97,9.97,9.97,9.97,0
2023-08-22,9.97,9.97,9.97,9.97,0
2023-08-23,9.97,9.97,9.97,9.97,0
2023-08-24,9.97,9.97,9.97,9.97,0
2023-08-25,9.97,9.97,9.97,9.97,0
2023-08-28,9.97,9.97,9.97,9.97,0
2023-08-29,9.97,9.97,9.97,9.97,0
2023-08-30,9.97,9.97,9.97,9.97,0
2023-08-31,9.97,9.97,9.97,9.97,0
2023-09-05,9.97,9.97,9.97,9.97,0
2023-09-06,9.97,9.97,9.97,9.97,0
2023-09-07,9.97,9.97,9.97,9.97,0
2023-09-08,9.97,9.97,9.97,9.97,0
2023-09-11,9.97,9.97,9.97,9.97,0
2023-09-12,9.97,9.97,9.97,9.97,0
2023-09-13,9.97,9.97,9.97,9.97,0
2023-09-14,9.97,9.97,9.97,9.97,0
2023-09-15,9.97,9.97,9.97,9.97,0
2023-09-18,9.97,9.97,9.97,9.97,0
2023-09-19,9.97,9.97,9.97,9.97,0
2023-09-20,9.97,9.97,9.97,9.97,0
2023-09-21,9.97,9.97,9.97,9.97,0
2023-09-22,9.97,9.97,9.97,9.97,0
2023-09-25,9.97,9.97,9.97,9.97,0
2023-09-26,9.97,9.97,9.97,9.97,0
2023-09-27,9.97,9.97,9.97,9.97,0
2023-09-28,9.97,9.97,9.97,9.97,0
2023-09-29,9.97,9.97,9.97,9.97,0
2023-10-02,9.97,9.97,9.97,9.97,0
2023-10-03,9.97,9.97,9.97,9.97,0
2023-10-04,9.97,9.97,9.97,9.97,0
2023-10-05,9.97,9.97,9.97,9.97,0
2023-10-06,9.97,9.97,9.97,9.97,0
2023-10-09,9.97,9.97,9.97,9.97,0
2023-10-10,9.97,9.97,9.97,9.97,0
2023-10-11,9.97,9.97,9.97,9.97,0
2023-10-12,9.97,9.97,9.97,9.97,0
2023-10-13,9.97,9.97,9.97,9.97,0
2023-10-16,9.97,9.97,9.97,9.97,0
2023-10-17,9.97,9.97,9.97,9.97,0
2023-10-18,9.97,9.97,9.97,9.97,0
2023-10-19,9.97,9.97,9.97,9.97,0
2023-10-20,9.97,9.97,9.97,9.97,0
2023-10-23,9.97,9.97,9.97,9.97,0
2023-10-24,9.97,9.97,9.97,9.97,0
2023-10-25,9.97,9.97,9.97,9.97,0
2023-10-26,9.97,9.97,9.97,9.97,0
2023-10-27,9.97,9.97,9.97,9.97,0
2023-10-30,9.97,9.97,9.97,9.97,0
2023-10-31,13.93,13.93,13.93,13.93,100
2023-11-01,13.93,13.93,13.93,13.93,0
2023-11-02,13.93,13.93,13.93,13.93,0
2023-11-03,13.93,13.93,13.93,13.93,0
2023-11-06,13.93,13.93,13.93,13.93,0
2023-11-07,13.93,13.93,13.93,13.93,0
2023-11-08,13.93,13.93,13.93,13.93,0
2023-11-09,13.93,13.93,13.93,13.93,0
2023-11-10,13.93,13.93,13.93,13.93,0
2023-11-13,13.93,13.93,13.93,13.93,0
2023-11-14,13.93,13.93,13.93,13.93,0
2023-11-15,13.93,13.93,13.93,13.93,0
2023-11-16,13.93,13.93,13.93,13.93,0
2023-11-17,13.93,13.93,13.93,13.93,0
2023-11-20,13.93,13.93,13.93,13.93,0
2023-11-21,13.93,13.93,13.93,13.93,0
2023-11-22,13.93,13.93,13.93,13.93,78
2023-11-23,13.93,13.93,13.93,13.93,0
2023-11-24,13.93,13.93,13.93,13.93,0
2023-11-27,13.93,13.93,13.93,13.93,0
2023-11-28,13.93,13.93,13.93,13.93,0
2023-11-29,13.93,13.93,13.93,13.93,0
2023-11-30,13.93,13.93,13.93,13.93,0
2023-12-01,13.93,13.93,13.93,13.93,0
2023-12-04,13.93,13.93,13.93,13.93,0
2023-12-05,13.93,13.93,13.93,13.93,0
2023-12-06,13.93,13.93,13.93,13.93,0
2023-12-07,13.93,13.93,13.93,13.93,0
2023-12-08,19.5,19.5,19.5,19.5,100
2023-12-11,22.37,22.37,22.37,22.37,200
2023-12-12,22.37,22.37,22.37,22.37,0
2023-12-13,22.37,22.37,22.37,22.37,0
2023-12-14,22.37,22.37,22.37,22.37,0
2023-12-15,22.37,22.37,22.37,22.37,0
2023-12-18,22.19,22.19,22.19,22.19,500
2023-12-19,22.19,22.19,22.19,22.19,1
2023-12-20,22.19,22.19,22.19,22.19,0
2023-12-21,22.19,22.19,22.19,22.19,0
2023-12-22,22.19,22.19,22.19,22.19,0
2023-12-25,22.19,22.19,22.19,22.19,0
2023-12-26,22.19,22.19,22.19,22.19,0
2023-12-27,22.19,22.19,22.19,22.19,0
2023-12-28,22.19,22.19,22.19,22.19,0
2023-12-29,22.19,22.19,22.19,22.19,0
2024-01-02,22.19,22.19,22.19,22.19,0
2024-01-03,22.19,22.19,22.19,22.19,0
2024-01-04,22.19,22.19,22.19,22.19,0
2024-01-05,22.46,22.46,22.46,22.46,500
2024-01-08,22.46,22.46,22.46,22.46,0
2024-01-09,22.46,22.46,22.46,22.46,1
2024-01-10,22.46,22.46,22.46,22.46,1
2024-01-11,22.46,22.46,22.46,22.46,0
2024-01-12,22.46,22.46,22.46,22.46,0
2024-01-15,22.46,22.46,22.46,22.46,0
2024-01-16,22.46,22.46,22.46,22.46,0
2024-01-17,22.46,22.46,22.46,22.46,0
2024-01-18,22.46,22.46,22.46,22.46,0
2024-01-19,22.46,22.46,22.46,22.46,0
2024-01-22,22.46,22.46,22.46,22.46,1
2024-01-23,22.46,22.46,22.46,22.46,0
2024-01-24,22.46,22.46,22.46,22.46,0
2024-01-25,22.46,22.46,22.46,22.46,0
2024-01-26,22.46,22.46,22.46,22.46,0
2024-01-29,22.46,22.46,22.46,22.46,0
2024-01-30,22.46,22.46,22.46,22.46,1
2024-01-31,22.46,22.46,22.46,22.46,0
2024-02-01,22.46,22.46,22.46,22.46,0
2024-02-02,22.46,22.46,22.46,22.46,0
2024-02-05,22.46,22.46,22.46,22.46,0
2024-02-06,22.46,22.46,22.46,22.46,0
2024-02-07,22.46,22.46,22.46,22.46,0
2024-02-15,22.46,22.46,22.46,22.46,0
2024-02-16,22.46,22.46,22.46,22.46,0
2024-02-19,22.46,22.46,22.46,22.46,0
2024-02-20,22.46,22.46,22.46,22.46,0
2024-02-21,22.46,22.46,22.46,22.46,0
2024-02-22,22.46,22.46,22.46,22.46,0
2024-02-23,22.46,22.46,22.46,22.46,0
2024-02-26,22.46,22.46,22.46,22.46,0
2024-02-27,22.46,22.46,22.46,22.46,0
2024-02-28,22.46,22.46,22.46,22.46,0
2024-02-29,22.46,22.46,22.46,22.46,0
2024-03-01,22.46,22.46,22.46,22.46,0
2024-03-04,22.46,22.46,22.46,22.46,0
2024-03-05,22.46,22.46,22.46,22.46,0
2024-03-06,22.46,22.46,22.46,22.46,0
2024-03-07,22.46,22.46,22.46,22.46,0
2024-03-08,22.46,22.46,22.46,22.46,0
2024-03-11,22.46,22.46,22.46,22.46,0
2024-03-12,22.46,22.46,22.46,22.46,0
2024-03-13,22.46,22.46,22.46,22.46,0
2024-03-14,22.46,22.46,22.46,22.46,0
2024-03-15,22.46,22.46,22.46,22.46,0
2024-03-18,22.46,22.46,22.46,22.46,0
2024-03-19,22.46,22.46,22.46,22.46,0
2024-03-20,22.46,22.46,22.46,22.46,0
2024-03-21,22.46,22.46,22.46,22.46,0
2024-03-22,22.46,22.46,22.46,22.46,0
2024-03-25,22.46,22.46,22.46,22.46,0
2024-03-26,22.46,22.46,22.46,22.46,0
2024-03-27,22.46,22.46,22.46,22.46,0
2024-03-28,22.46,22.46,22.46,22.46,0
2024-03-29,22.46,22.46,22.46,22.46,0
2024-04-01,22.46,22.46,22.46,22.46,0
2024-04-02,22.46,22.46,22.46,22.46,0
2024-04-03,22.46,22.46,22.46,22.46,0
2024-04-04,22.46,22.46,22.46,22.46,0
2024-04-05,22.46,22.46,22.46,22.46,0
2024-04-08,22.46,22.46,22.46,22.46,0
2024-04-09,22.46,22.46,22.46,22.46,0
2024-04-10,22.46,22.46,22.46,22.46,0
2024-04-11,22.46,22.46,22.46,22.46,0
2024-04-12,22.46,22.46,22.46,22.46,0
2024-04-15,22.46,22.46,22.46,22.46,0
2024-04-16,22.46,22.46,22.46,22.46,0
2024-04-17,22.46,22.46,22.46,22.46,0
2024-04-19,22.46,22.46,22.46,22.46,0
2024-04-22,22.46,22.46,22.46,22.46,0
2024-04-23,22.46,22.46,22.46,22.46,0
2024-04-24,22.46,22.46,22.46,22.46,0
2024-04-25,22.46,22.46,22.46,22.46,0
2024-04-26,22.46,22.46,22.46,22.46,0
2024-05-02,22.46,22.46,22.46,22.46,0
2024-05-03,22.46,22.46,22.46,22.46,0
2024-05-06,22.46,22.46,22.46,22.46,0
2024-05-07,22.46,22.46,22.46,22.46,0
2024-05-08,22.46,22.46,22.46,22.46,0
2024-05-09,22.46,22.46,22.46,22.46,0
2024-05-10,22.46,22.46,22.46,22.46,0
2024-05-13,22.46,22.46,22.46,22.46,0
2024-05-14,22.46,22.46,22.46,22.46,0
2024-05-15,22.46,22.46,22.46,22.46,0
2024-05-16,22.46,22.46,22.46,22.46,0
2024-05-17,22.46,22.46,22.46,22.46,0
2024-05-20,22.46,22.46,22.46,22.46,0
2024-05-21,22.46,22.46,22.46,22.46,0
2024-05-22,22.46,22.46,22.46,22.46,0
2024-05-23,22.46,22.46,22.46,22.46,100
2024-05-24,22.46,22.46,22.46,22.46,0
2024-05-27,22.46,22.46,22.46,22.46,0
2024-05-28,22.46,22.46,22.46,22.46,4
2024-05-29,22.46,22.46,22.46,22.46,0
2024-05-30,22.46,22.46,22.46,22.46,0
2024-05-31,22.46,22.46,22.46,22.46,0
2024-06-03,22.46,22.46,22.46,22.46,0
2024-06-04,22.46,22.46,22.46,22.46,0
2024-06-05,22.46,22.46,22.46,22.46,0
2024-06-06,22.46,22.46,22.46,22.46,0
2024-06-07,22.46,22.46,22.46,22.46,0
2024-06-10,22.46,22.46,22.46,22.46,0
2024-06-11,22.46,22.46,22.46,22.46,0
2024-06-12,22.46,22.46,22.46,22.46,300
2024-06-13,22.46,22.46,22.46,22.46,0
2024-06-14,22.46,22.46,22.46,22.46,0
2024-06-17,22.46,22.46,22.46,22.46,0
2024-06-18,22.46,22.46,22.46,22.46,0
2024-06-19,22.46,22.46,22.46,22.46,0
2024-06-20,22.46,22.46,22.46,22.46,0
2024-06-21,22.46,22.46,22.46,22.46,0
2024-06-24,22.46,22.46,22.46,22.46,0
2024-06-25,22.46,22.46,22.46,22.46,0
2024-06-26,22.46,22.46,22.46,22.46,0
2024-06-27,22.46,22.46,22.46,22.46,0
2024-06-28,22.46,22.46,22.46,22.46,0
2024-07-01,22.46,22.46,22.46,22.46,0
2024-07-02,22.46,22.46,22.46,22.46,0
2024-07-03,22.46,22.46,22.46,22.46,0
2024-07-04,22.46,22.46,22.46,22.46,0
2024-07-05,22.46,22.46,22.46,22.46,0
2024-07-08,22.46,22.46,22.46,22.46,0
2024-07-09,22.46,22.46,22.46,22.46,0
2024-07-10,22.46,22.46,22.46,22.46,0
2024-07-11,22.46,22.46,22.46,22.46,0
2024-07-12,22.46,22.46,22.46,22.46,0
2024-07-15,22.46,22.46,22.46,22.46,0
2024-07-16,22.46,22.46,22.46,22.46,0
2024-07-17,22.46,22.46,22.46,22.46,0
2024-07-18,22.46,22.46,22.46,22.46,0
2024-07-19,22.46,22.46,22.46,22.46,0
2024-07-22,22.46,22.46,22.46,22.46,200
2024-07-23,22.46,22.46,22.46,22.46,0
2024-07-24,22.46,22.46,22.46,22.46,0
2024-07-25,22.46,22.46,22.46,22.46,0
2024-07-26,22.46,22.46,22.46,22.46,0
2024-07-29,22.46,22.46,22.46,22.46,0
2024-07-30,22.46,22.46,22.46,22.46,0
2024-07-31,22.46,22.46,22.46,22.46,4
2024-08-01,22.46,22.46,22.46,22.46,0
2024-08-02,22.46,22.46,22.46,22.46,0
2024-08-05,22.46,22.46,22.46,22.46,0
2024-08-06,22.46,22.46,22.46,22.46,0
2024-08-07,22.46,22.46,22.46,22.46,0
2024-08-08,22.46,22.46,22.46,22.46,0
2024-08-09,22.46,22.46,22.46,22.46,0
2024-08-12,22.46,22.46,22.46,22.46,0
2024-08-13,22.46,22.46,22.46,22.46,3
2024-08-14,22.46,22.46,22.46,22.46,70
2024-08-15,22.46,22.46,22.46,22.46,0
2024-08-16,22.46,22.46,22.46,22.46,0
2024-08-19,22.46,22.46,22.46,22.46,1
2024-08-20,22.46,22.46,22.46,22.46,0
2024-08-21,22.46,22.46,22.46,22.46,3
2024-08-22,22.46,22.46,22.46,22.46,0
2024-08-23,22.46,22.46,22.46,22.46,0
2024-08-26,22.46,22.46,22.46,22.46,0
2024-08-27,22.46,22.46,22.46,22.46,0
2024-08-28,22.46,22.46,22.46,22.46,0
2024-08-29,22.46,22.46,22.46,22.46,0
2024-08-30,22.46,22.46,22.46,22.46,0
2024-09-04,22.46,22.46,22.46,22.46,0
2024-09-05,22.46,22.46,22.46,22.46,0
2024-09-06,22.46,22.46,22.46,22.46,0
2024-09-09,22.46,22.46,22.46,22.46,0
2024-09-10,22.46,22.46,22.46,22.46,0
2024-09-11,22.46,22.46,22.46,22.46,0
2024-09-12,22.46,22.46,22.46,22.46,0
2024-09-13,22.46,22.46,22.46,22.46,0
2024-09-16,22.46,22.46,22.46,22.46,0
2024-09-17,22.46,22.46,22.46,22.46,0
2024-09-18,22.46,22.46,22.46,22.46,0
2024-09-19,22.46,22.46,22.46,22.46,0
2024-09-20,22.46,22.46,22.46,22.46,0
2024-09-23,22.46,22.46,22.46,22.46,0
2024-09-24,22.46,22.46,22.46,22.46,0
2024-09-25,22.46,22.46,22.46,22.46,0
2024-09-26,22.46,22.46,22.46,22.46,0
2024-09-27,22.46,22.46,22.46,22.46,0
2024-09-30,22.46,22.46,22.46,22.46,0
2024-10-01,22.46,22.46,22.46,22.46,0
2024-10-02,22.46,22.46,22.46,22.46,0
2024-10-03,22.46,22.46,22.46,22.46,0
2024-10-04,22.46,22.46,22.46,22.46,0
2024-10-07,22.46,22.46,22.46,22.46,0
2024-10-08,22.46,22.46,22.46,22.46,0
2024-10-09,22.46,22.46,22.46,22.46,0
2024-10-10,22.46,22.46,22.46,22.46,0
2024-10-11,22.46,22.46,22.46,22.46,0
2024-10-14,22.46,22.46,22.46,22.46,0
2024-10-15,22.46,22.46,22.46,22.46,0
2024-10-16,22.46,22.46,22.46,22.46,0
2024-10-17,22.46,22.46,22.46,22.46,0
2024-10-18,22.46,22.46,22.46,22.46,0
2024-10-21,22.46,22.46,22.46,22.46,0
2024-10-22,22.46,22.46,22.46,22.46,0
2024-10-23,22.46,22.46,22.46,22.46,0
2024-10-24,24.96,24.96,24.96,24.96,200
2024-10-25,24.96,24.96,24.96,24.96,0
2024-10-28,24.96,24.96,24.96,24.96,0
2024-10-29,24.96,24.96,24.96,24.96,28
2024-10-30,24.96,24.96,24.96,24.96,0
2024-10-31,24.96,24.96,24.96,24.96,0
2024-11-01,24.96,24.96,24.96,24.96,0
2024-11-04,24.96,24.96,24.96,24.96,0
2024-11-05,28.7,28.7,28.7,28.7,100
2024-11-06,28.7,28.7,28.7,28.7,0
2024-11-07,28.7,28.7,28.7,28.7,50
2024-11-08,28.7,28.7,28.7,28.7,170
2024-11-11,28.7,28.7,28.7,28.7,0
2024-11-12,28.7,28.7,28.7,28.7,180
2024-11-13,28.7,28.7,28.7,28.7,72
2024-11-14,28.7,28.7,28.7,28.7,0
2024-11-15,32.93,32.93,32.93,32.93,100
2024-11-18,32.93,32.93,32.93,32.93,0
2024-11-19,28.03,37.82,28.03,37.82,200
2024-11-20,28.03,28.03,28.03,28.03,211
2024-11-21,24.38,24.38,24.38,24.38,100
2024-11-22,24.38,24.38,24.38,24.38,10
2024-11-25,24.38,24.38,24.38,24.38,4
2024-11-26,24.38,24.38,24.38,24.38,1
2024-11-27,24.38,24.38,24.38,24.38,0
2024-11-28,24.38,24.38,24.38,24.38,0
2024-11-29,24.38,24.38,24.38,24.38,0
2024-12-02,24.38,24.38,24.38,24.38,1
2024-12-03,20.74,20.74,20.74,20.74,100
2024-12-04,20.74,20.74,20.74,20.74,0
2024-12-05,23.81,23.81,23.81,23.81,100
2024-12-06,23.81,23.81,23.81,23.81,0
2024-12-09,23.81,23.81,23.81,23.81,0
2024-12-10,27.36,27.36,27.36,27.36,100
2024-12-11,27.36,27.36,27.36,27.36,0
2024-12-12,23.9,23.9,23.9,23.9,100
2024-12-13,23.9,23.9,23.9,23.9,0
2024-12-16,23.9,23.9,23.9,23.9,0
2024-12-17,23.9,23.9,23.9,23.9,0
2024-12-18,23.9,23.9,23.9,23.9,0
2024-12-19,20.74,20.74,20.74,20.74,100
2024-12-20,20.74,20.74,20.74,20.74,0
2024-12-23,23.81,23.81,23.81,23.81,100
2024-12-24,20.35,20.35,20.35,20.35,100
2024-12-25,20.35,20.35,20.35,20.35,0
2024-12-26,20.35,20.35,20.35,20.35,0
2024-12-27,20.35,20.35,20.35,20.35,0
2024-12-30,20.35,20.35,20.35,20.35,0
2024-12-31,20.35,20.35,20.35,20.35,0
2025-01-02,20.35,20.35,20.35,20.35,0
2025-01-03,20.35,20.35,20.35,20.35,0
2025-01-06,20.35,20.35,20.35,20.35,0
2025-01-07,20.35,20.35,20.35,20.35,0
2025-01-08,20.35,20.35,20.35,20.35,0
2025-01-09,20.35,20.35,20.35,20.35,0
2025-01-10,20.35,20.35,20.35,20.35,0
2025-01-13,20.35,20.35,20.35,20.35,0
2025-01-14,20.35,20.35,20.35,20.35,0
2025-01-15,20.35,20.35,20.35,20.35,0
2025-01-16,20.35,20.35,20.35,20.35,0
2025-01-17,20.35,20.35,20.35,20.35,0
2025-01-20,20.35,20.35,20.35,20.35,0
2025-01-21,20.35,20.35,20.35,20.35,0
2025-01-22,20.35,20.35,20.35,20.35,0
2025-01-23,20.35,20.35,20.35,20.35,0
2025-01-24,20.35,20.35,20.35,20.35,0
2025-02-03,20.35,20.35,20.35,20.35,0
2025-02-04,20.35,20.35,20.35,20.35,0
2025-02-05,20.35,20.35,20.35,20.35,0
2025-02-06,20.35,20.35,20.35,20.35,0
2025-02-07,12.48,12.48,12.48,12.48,100
2025-02-10,12.48,12.48,12.48,12.48,0
2025-02-11,12.48,12.48,12.48,12.48,0
2025-02-12,12.48,12.48,12.48,12.48,0
2025-02-13,12.48,12.48,12.48,12.48,0
2025-02-14,12.48,12.48,12.48,12.48,0
2025-02-17,12.48,12.48,12.48,12.48,0
2025-02-18,12.48,12.48,12.48,12.48,0
2025-02-19,12.48,12.48,12.48,12.48,0
2025-02-20,12.48,12.48,12.48,12.48,0
2025-02-21,12.48,12.48,12.48,12.48,0
2025-02-24,12.48,12.48,12.48,12.48,0
2025-02-25,12.48,12.48,12.48,12.48,0
2025-02-26,12.48,12.48,12.48,12.48,0
2025-02-27,12.48,12.48,12.48,12.48,0
2025-02-28,12.48,12.48,12.48,12.48,0
2025-03-03,12.48,12.48,12.48,12.48,0
2025-03-04,12.48,12.48,12.48,12.48,0
2025-03-05,12.48,12.48,12.48,12.48,0
2025-03-06,12.48,12.48,12.48,12.48,0
2025-03-07,12.48,12.48,12.48,12.48,0
2025-03-10,12.48,12.48,12.48,12.48,0
2025-03-11,12.48,12.48,12.48,12.48,0
2025-03-12,12.48,12.48,12.48,12.48,0
2025-03-13,12.48,12.48,12.48,12.48,0
2025-03-14,12.48,12.48,12.48,12.48,0
2025-03-17,12.48,12.48,12.48,12.48,0
2025-03-18,12.48,12.48,12.48,12.48,0
2025-03-19,12.48,12.48,12.48,12.48,0
2025-03-20,12.48,12.48,12.48,12.48,0
2025-03-21,12.48,12.48,12.48,12.48,0
2025-03-24,12.48,12.48,12.48,12.48,0
2025-03-25,12.48,12.48,12.48,12.48,0
2025-03-26,12.48,12.48,12.48,12.48,0
2025-03-27,12.48,12.48,12.48,12.48,0
2025-03-28,12.48,12.48,12.48,12.48,0
2025-03-31,12.48,12.48,12.48,12.48,0
2025-04-01,12.48,12.48,12.48,12.48,0
2025-04-02,12.48,12.48,12.48,12.48,0
2025-04-03,12.48,12.48,12.48,12.48,0
2025-04-04,12.48,12.48,12.48,12.48,0
2025-04-08,12.48,12.48,12.48,12.48,0
2025-04-09,12.48,12.48,12.48,12.48,0
2025-04-10,12.48,12.48,12.48,12.48,0
2025-04-11,12.48,12.48,12.48,12.48,0
2025-04-14,12.48,12.48,12.48,12.48,0
2025-04-15,12.48,12.48,12.48,12.48,0
2025-04-16,12.48,12.48,12.48,12.48,0
2025-04-17,12.48,12.48,12.48,12.48,0
2025-04-18,12.48,12.48,12.48,12.48,0
2025-04-21,12.48,12.48,12.48,12.48,0
2025-04-22,12.48,12.48,12.48,12.48,0
2025-04-23,12.48,12.48,12.48,12.48,0
2025-04-24,12.48,12.48,12.48,12.48,0
2025-04-25,12.48,12.48,12.48,12.48,0
2025-04-28,12.48,12.48,12.48,12.48,0
2025-04-29,12.48,12.48,12.48,12.48,0
2025-05-05,12.48,12.48,12.48,12.48,0
2025-05-06,12.48,12.48,12.48,12.48,0
2025-05-07,12.48,12.48,12.48,12.48,0
2025-05-08,12.48,12.48,12.48,12.48,0
2025-05-09,12.48,12.48,12.48,12.48,0
2025-05-12,12.48,12.48,12.48,12.48,0
2025-05-13,12.48,12.48,12.48,12.48,0
2025-05-14,12.48,12.48,12.48,12.48,0
2025-05-15,12.48,12.48,12.48,12.48,0
2025-05-16,12.48,12.48,12.48,12.48,0
2025-05-19,12.48,12.48,12.48,12.48,0
2025-05-20,12.48,12.48,12.48,12.48,0
2025-05-21,12.48,12.48,12.48,12.48,0
2025-05-22,12.48,12.48,12.48,12.48,0
2025-05-23,12.48,12.48,12.48,12.48,0
2025-05-26,12.48,12.48,12.48,12.48,0
2025-05-27,12.48,12.48,12.48,12.48,0
2025-05-28,12.48,12.48,12.48,12.48,0
2025-05-29,12.48,12.48,12.48,12.48,0
2025-05-30,12.48,12.48,12.48,12.48,0
2025-06-02,12.48,12.48,12.48,12.48,0
2025-06-03,12.48,12.48,12.48,12.48,0
2025-06-04,12.48,12.48,12.48,12.48,0
2025-06-05,12.48,12.48,12.48,12.48,0
2025-06-06,12.48,12.48,12.48,12.48,0
2025-06-09,12.48,12.48,12.48,12.48,0
2025-06-10,12.48,12.48,12.48,12.48,0
2025-06-11,12.48,12.48,12.48,12.48,0
2025-06-12,12.48,12.48,12.48,12.48,0
2025-06-13,12.48,12.48,12.48,12.48,0
2025-06-16,12.48,12.48,12.48,12.48,0
2025-06-17,12.48,12.48,12.48,12.48,0
2025-06-18,12.48,12.48,12.48,12.48,0
2025-06-19,12.48,12.48,12.48,12.48,0
2025-06-20,17.47,17.47,13.44,13.44,800
2025-06-23,17.76,17.76,17.76,17.76,100
2025-06-24,20.35,20.35,20.35,20.35,500
2025-06-25,23.23,23.23,23.23,23.23,100
2025-06-26,23.23,23.23,23.23,23.23,4
2025-06-27,23.04,23.04,23.04,23.04,400
2025-06-30,23.04,23.04,23.04,23.04,0
2025-07-01,23.04,23.04,23.04,23.04,0
2025-07-02,23.04,23.04,23.04,23.04,0
2025-07-03,23.04,23.04,23.04,23.04,5
2025-07-04,23.04,23.04,23.04,23.04,0
2025-07-07,23.04,23.04,23.04,23.04,0
2025-07-08,23.04,23.04,23.04,23.04,0
2025-07-09,23.04,23.04,23.04,23.04,11
2025-07-10,23.04,23.04,23.04,23.04,0
2025-07-11,23.04,23.04,23.04,23.04,0
2025-07-14,23.04,23.04,23.04,23.04,0
2025-07-15,23.04,23.04,23.04,23.04,0
2025-07-16,23.04,23.04,23.04,23.04,0
2025-07-17,26.5,26.5,26.5,26.5,110
2025-07-18,26.5,26.5,26.5,26.5,0
2025-07-21,26.5,26.5,26.5,26.5,0
2025-07-22,26.5,26.5,26.5,26.5,0
2025-07-23,26.5,26.5,26.5,26.5,0
2025-07-24,26.5,26.5,26.5,26.5,0
2025-07-25,26.5,26.5,26.5,26.5,0
2025-07-28,26.5,26.5,26.5,26.5,0
2025-07-29,26.5,26.5,26.5,26.5,0
2025-07-30,26.5,26.5,26.5,26.5,0
2025-07-31,26.5,26.5,26.5,26.5,0
2025-08-01,26.5,26.5,26.5,26.5,2
2025-08-04,26.5,26.5,26.5,26.5,13
2025-08-05,26.4,26.4,26.4,26.4,1000
2025-08-06,26.4,26.4,26.4,26.4,3
2025-08-07,26.4,26.4,26.4,26.4,0
2025-08-08,26.4,26.4,26.4,26.4,0
2025-08-11,26.4,26.4,26.4,26.4,0
2025-08-12,26.4,26.4,26.4,26.4,0
2025-08-13,26.4,26.4,26.4,26.4,0
2025-08-14,26.4,26.4,26.4,26.4,0
2025-08-15,26.4,26.4,26.4,26.4,0
2025-08-18,26.4,26.4,26.4,26.4,0
2025-08-19,26.4,26.4,26.4,26.4,0
2025-08-20,26.4,26.4,26.4,26.4,0
2025-08-21,26.4,26.4,26.4,26.4,0
2025-08-22,26.4,26.4,26.4,26.4,0
2025-08-25,26.4,26.4,26.4,26.4,0
2025-08-26,26.4,26.4,26.4,26.4,0
2025-08-27,26.4,26.4,26.4,26.4,0
2025-08-28,26.4,26.4,26.4,26.4,0
2025-08-29,26.4,26.4,26.4,26.4,0
2025-09-03,26.4,26.4,26.4,26.4,0
2025-09-04,26.4,26.4,26.4,26.4,0
2025-09-05,26.4,26.4,26.4,26.4,1
2025-09-08,26.4,26.4,26.4,26.4,0
2025-09-09,26.4,26.4,26.4,26.4,0
2025-09-10,26.4,26.4,26.4,26.4,0
2025-09-11,26.4,26.4,26.4,26.4,17
2025-09-12,26.4,26.4,26.4,26.4,3
2025-09-15,26.4,26.4,26.4,26.4,0
2025-09-16,26.4,26.4,26.4,26.4,0
2025-09-17,26.4,26.4,26.4,26.4,0
2025-09-18,26.4,26.4,26.4,26.4,0
2025-09-19,24.0,24.0,24.0,24.0,100
2025-09-22,24.0,24.0,24.0,24.0,0
2025-09-23,24.0,24.0,24.0,24.0,0
2025-09-24,24.0,24.0,24.0,24.0,0
2025-09-25,24.0,24.0,24.0,24.0,0
2025-09-26,24.0,24.0,24.0,24.0,0
2025-09-29,26.88,26.88,26.88,26.88,120
2025-09-30,26.88,26.88,26.88,26.88,0
2025-10-01,26.88,26.88,26.88,26.88,0
2025-10-02,26.88,26.88,26.88,26.88,52
2025-10-03,26.88,26.88,26.88,26.88,20
2025-10-06,24.0,24.0,24.0,24.0,1300
2025-10-07,24.0,24.0,24.0,24.0,0
2025-10-08,24.0,24.0,24.0,24.0,12
2025-10-09,24.0,24.0,24.0,24.0,0
2025-10-10,24.0,24.0,24.0,24.0,0
2025-10-13,24.0,24.0,24.0,24.0,10
2025-10-14,24.0,24.0,24.0,24.0,0
2025-10-15,24.0,24.0,24.0,24.0,0
2025-10-16,24.0,24.0,24.0,24.0,0
2025-10-17,24.0,24.0,24.0,24.0,0
2025-10-20,24.0,24.0,24.0,24.0,0
