time,open,high,low,close,volume
2013-01-29,8.84,8.93,8.67,8.84,14800
2013-01-30,9.11,9.29,9.11,9.29,5000
2013-01-31,9.73,9.73,9.73,9.73,7100
2013-02-01,10.17,10.17,10.17,10.17,20000
2013-02-04,10.08,10.08,10.08,10.08,100
2013-02-05,10.08,10.08,10.08,10.08,0
2013-02-06,10.17,10.17,9.2,9.2,17000
2013-02-07,9.2,9.2,9.2,9.2,0
2013-02-08,9.2,9.2,9.2,9.2,0
2013-02-18,8.49,8.49,8.4,8.4,2900
2013-02-19,8.4,8.4,8.4,8.4,0
2013-02-20,8.4,8.4,8.4,8.4,0
2013-02-21,8.4,8.4,8.4,8.4,0
2013-02-22,8.4,8.4,8.4,8.4,0
2013-02-25,8.4,8.4,8.4,8.4,0
2013-02-26,8.4,8.4,8.4,8.4,0
2013-02-27,8.4,8.4,8.4,8.4,0
2013-02-28,9.2,9.2,9.2,9.2,100
2013-03-01,9.99,10.08,9.99,10.08,22000
2013-03-04,10.88,10.88,10.88,10.88,100
2013-03-05,11.5,11.5,11.5,11.5,6700
2013-03-06,12.65,12.65,12.65,12.65,18000
2013-03-07,13.27,13.53,13.27,13.53,43000
2013-03-08,14.77,14.77,14.77,14.77,27000
2013-03-11,14.77,14.77,14.77,14.77,0
2013-03-12,14.77,14.77,14.77,14.77,0
2013-03-13,16.1,16.1,16.1,16.1,20000
2013-03-14,16.27,16.27,16.01,16.01,30400
2013-03-15,16.01,16.01,16.01,16.01,0
2013-03-18,16.01,16.01,16.01,16.01,0
2013-03-19,16.01,16.01,16.01,16.01,100
2013-03-20,17.07,17.25,17.07,17.25,19300
2013-03-21,18.93,18.93,18.93,18.93,100
2013-03-22,20.61,20.61,17.07,17.07,26700
2013-03-25,17.07,17.07,17.07,17.07,0
2013-03-26,17.07,17.07,17.07,17.07,0
2013-03-27,18.13,18.13,18.13,18.13,5000
2013-03-28,19.81,19.81,19.81,19.81,60700
2013-03-29,19.81,19.81,19.81,19.81,0
2013-04-01,19.81,19.81,19.81,19.81,0
2013-04-02,19.81,19.81,19.81,19.81,0
2013-04-03,19.72,19.72,19.72,19.72,16900
2013-04-04,19.72,19.72,19.72,19.72,0
2013-04-05,21.58,21.58,21.58,21.58,6500
2013-04-08,21.58,21.58,21.58,21.58,0
2013-04-09,21.58,21.58,21.58,21.58,3500
2013-04-10,21.58,21.58,21.58,21.58,0
2013-04-11,21.49,21.49,21.49,21.49,2000
2013-04-12,21.49,21.49,21.49,21.49,0
2013-04-15,21.67,21.67,21.67,21.67,3000
2013-04-16,21.67,21.67,21.67,21.67,0
2013-04-17,21.67,21.67,21.67,21.67,5000
2013-04-18,21.67,21.67,21.67,21.67,0
2013-04-22,21.67,21.67,21.67,21.67,2000
2013-04-23,21.67,21.67,21.67,21.67,0
2013-04-24,21.67,21.67,21.67,21.67,3800
2013-04-25,21.67,21.67,21.67,21.67,0
2013-04-26,19.55,23.79,19.55,23.79,3200
2013-05-02,23.79,23.79,23.79,23.79,0
2013-05-03,21.49,21.49,21.49,21.49,4900
2013-05-06,19.37,23.62,19.37,23.62,1300
2013-05-07,23.62,23.62,23.62,23.62,0
2013-05-08,23.62,23.62,23.62,23.62,0
2013-05-09,23.62,23.62,23.62,23.62,0
2013-05-10,23.62,23.62,23.62,23.62,0
2013-05-13,23.7,23.7,23.7,23.7,1400
2013-05-14,23.7,23.7,23.7,23.7,0
2013-05-15,23.7,23.7,23.7,23.7,0
2013-05-16,23.7,23.7,23.7,23.7,0
2013-05-17,23.7,23.7,23.7,23.7,0
2013-05-20,23.7,23.7,23.7,23.7,0
2013-05-21,23.7,23.7,23.7,23.7,0
2013-05-22,26.0,26.0,26.0,26.0,25000
2013-05-23,26.0,26.0,26.0,26.0,0
2013-05-24,26.0,26.0,26.0,26.0,0
2013-05-27,26.0,26.0,26.0,26.0,8200
2013-05-28,26.0,26.0,26.0,26.0,0
2013-05-29,28.57,28.57,23.44,23.44,16300
2013-05-30,23.44,23.44,23.44,23.44,0
2013-05-31,23.44,23.44,23.44,23.44,0
2013-06-03,23.44,23.44,23.44,23.44,0
2013-06-04,23.44,23.44,23.44,23.44,0
2013-06-05,23.44,23.44,23.44,23.44,0
2013-06-06,23.44,23.44,23.44,23.44,0
2013-06-07,21.14,21.14,21.14,21.14,200
2013-06-10,23.17,23.17,23.17,23.17,25000
2013-06-11,23.35,23.35,23.35,23.35,3200
2013-06-12,24.77,24.77,24.77,24.77,100
2013-06-13,26.53,27.24,26.53,26.53,220100
2013-06-14,26.53,26.53,26.53,26.53,0
2013-06-17,26.53,26.53,26.53,26.53,0
2013-06-18,26.53,26.53,26.53,26.53,0
2013-06-19,26.53,26.53,26.53,26.53,0
2013-06-20,26.53,26.53,26.53,26.53,0
2013-06-21,26.53,26.53,26.53,26.53,0
2013-06-24,26.53,26.53,26.53,26.53,0
2013-06-25,26.53,26.53,26.53,26.53,0
2013-06-26,26.53,26.53,26.53,26.53,0
2013-06-27,26.53,26.53,26.53,26.53,0
2013-06-28,26.53,26.53,26.53,26.53,0
2013-07-01,28.3,28.3,26.53,26.53,260900
2013-07-02,26.53,26.53,26.53,26.53,0
2013-07-03,26.53,26.53,26.53,26.53,0
2013-07-04,26.53,26.53,26.53,26.53,0
2013-07-05,26.53,26.53,26.53,26.53,0
2013-07-08,26.53,26.53,26.53,26.53,0
2013-07-09,26.53,26.53,26.53,26.53,0
2013-07-10,26.53,26.53,26.53,26.53,0
2013-07-11,26.53,26.53,26.53,26.53,0
2013-07-12,23.88,23.88,23.88,23.88,10000
2013-07-15,23.88,23.88,23.88,23.88,0
2013-07-16,23.88,23.88,23.88,23.88,0
2013-07-17,23.88,23.88,23.88,23.88,0
2013-07-18,21.49,21.49,21.49,21.49,200
2013-07-19,21.49,21.49,21.49,21.49,0
2013-07-22,19.37,19.37,19.37,19.37,100
2013-07-23,19.37,19.37,19.37,19.37,0
2013-07-24,17.69,17.69,17.69,17.69,100
2013-07-25,17.69,17.69,17.69,17.69,0
2013-07-26,17.69,17.69,17.69,17.69,0
2013-07-29,17.69,17.69,17.69,17.69,0
2013-07-30,17.69,17.69,17.69,17.69,0
2013-07-31,16.36,16.36,16.36,16.36,100
2013-08-01,16.36,16.36,16.36,16.36,0
2013-08-02,16.36,16.36,16.36,16.36,0
2013-08-05,14.77,14.77,14.77,14.77,100
2013-08-06,13.36,13.36,13.36,13.36,100
2013-08-07,13.36,13.36,13.36,13.36,0
2013-08-08,13.36,13.36,13.36,13.36,0
2013-08-09,13.36,13.36,13.36,13.36,0
2013-08-12,13.36,13.36,13.36,13.36,0
2013-08-13,13.36,13.36,13.36,13.36,0
2013-08-14,12.21,12.21,12.21,12.21,100
2013-08-15,11.06,11.06,11.06,11.06,100
2013-08-16,9.99,9.99,9.99,9.99,100
2013-08-19,9.02,9.02,9.02,9.02,400
2013-08-20,8.14,8.14,8.14,8.14,100
2013-08-21,7.43,7.43,7.43,7.43,100
2013-08-22,6.72,6.72,6.72,6.72,100
2013-08-23,6.1,6.1,6.1,6.1,300
2013-08-26,5.75,5.75,5.57,5.57,400
2013-08-27,5.04,5.04,5.04,5.04,1300
2013-08-28,5.04,5.04,4.6,4.6,1100
2013-08-29,4.16,4.16,4.16,4.16,400
2013-08-30,3.89,3.89,3.89,3.89,200
2013-09-03,3.54,3.54,3.54,3.54,2300
2013-09-04,3.18,3.8,3.18,3.18,3300
2013-09-05,2.92,3.45,2.92,2.92,6500
2013-09-06,2.74,2.74,2.65,2.65,22800
2013-09-09,2.57,2.57,2.39,2.39,13100
2013-09-10,2.48,2.48,2.21,2.21,79300
2013-09-11,2.39,2.39,2.39,2.39,200
2013-09-12,2.57,2.57,2.21,2.21,9000
2013-09-13,2.03,2.03,2.03,2.03,25800
2013-09-16,1.95,1.95,1.86,1.86,119300
2013-09-17,1.77,1.77,1.68,1.68,142100
2013-09-18,1.77,1.77,1.59,1.77,220900
2013-09-19,1.95,1.95,1.95,1.95,34500
2013-09-20,2.12,2.12,2.12,2.12,165400
2013-09-23,2.3,2.3,2.12,2.21,140200
2013-09-24,2.3,2.39,2.3,2.39,66100
2013-09-25,2.39,2.57,2.39,2.57,38400
2013-09-26,2.74,2.74,2.65,2.74,194800
2013-09-27,3.01,3.01,2.83,3.01,63800
2013-09-30,3.27,3.27,3.27,3.27,23300
2013-10-01,3.54,3.54,3.54,3.54,18700
2013-10-02,3.89,3.89,3.27,3.27,135900
2013-10-03,3.36,3.36,3.01,3.01,181400
2013-10-04,2.74,3.01,2.74,3.01,126800
2013-10-07,3.18,3.27,2.83,3.27,61400
2013-10-08,3.1,3.18,3.01,3.01,71500
2013-10-09,3.01,3.01,2.83,2.92,12000
2013-10-10,2.92,2.92,2.65,2.65,40800
2013-10-11,2.74,2.92,2.74,2.83,52300
2013-10-14,2.83,2.83,2.65,2.74,23600
2013-10-15,2.74,2.74,2.48,2.65,34200
2013-10-16,2.57,2.92,2.48,2.65,59600
2013-10-17,2.65,2.83,2.57,2.74,37200
2013-10-18,2.65,2.74,2.65,2.74,18700
2013-10-21,2.65,2.92,2.65,2.83,72200
2013-10-22,2.83,2.92,2.65,2.74,49000
2013-10-23,2.65,2.74,2.65,2.65,19100
2013-10-24,2.65,2.74,2.65,2.74,27200
2013-10-25,2.65,2.83,2.65,2.83,29600
2013-10-28,2.83,2.83,2.65,2.65,8500
2013-10-29,2.65,2.74,2.65,2.74,27800
2013-10-30,2.74,2.83,2.74,2.74,39100
2013-10-31,2.65,2.74,2.65,2.74,3000
2013-11-01,2.74,2.74,2.74,2.74,37200
2013-11-04,2.83,3.01,2.83,3.01,45900
2013-11-05,3.27,3.27,3.27,3.27,12200
2013-11-06,3.54,3.54,3.27,3.54,154700
2013-11-07,3.54,3.63,3.27,3.36,41200
2013-11-08,3.36,3.36,3.1,3.27,113100
2013-11-11,3.36,3.36,3.18,3.27,56500
2013-11-12,3.18,3.18,3.01,3.1,80000
2013-11-13,3.1,3.1,3.01,3.1,38600
2013-11-14,3.1,3.1,3.01,3.1,14300
2013-11-15,2.92,3.27,2.92,3.27,58400
2013-11-18,3.27,3.27,3.18,3.18,46600
2013-11-19,3.27,3.45,3.18,3.45,105400
2013-11-20,3.71,3.71,3.71,3.71,71900
2013-11-21,4.07,4.07,3.8,3.8,108500
2013-11-22,3.71,3.8,3.63,3.8,20200
2013-11-25,3.71,3.98,3.54,3.63,34900
2013-11-26,3.54,3.89,3.45,3.8,61600
2013-11-27,3.71,3.8,3.63,3.8,46700
2013-11-28,3.63,3.71,3.54,3.71,31100
2013-11-29,3.63,3.71,3.54,3.63,15800
2013-12-02,3.54,3.8,3.36,3.45,77400
2013-12-03,3.54,3.71,3.54,3.71,10500
2013-12-04,3.54,3.71,3.54,3.63,14600
2013-12-05,3.71,3.71,3.54,3.54,50900
2013-12-06,3.54,3.89,3.54,3.89,94500
2013-12-09,4.25,4.25,3.71,3.71,19100
2013-12-10,3.71,3.8,3.71,3.71,37600
2013-12-11,3.63,3.8,3.36,3.36,52900
2013-12-12,3.36,3.54,3.27,3.54,25400
2013-12-13,3.45,3.45,3.27,3.45,25100
2013-12-16,3.45,3.54,3.45,3.54,23600
2013-12-17,3.54,3.54,3.45,3.45,32600
2013-12-18,3.54,3.63,3.45,3.54,39900
2013-12-19,3.45,3.71,3.45,3.54,47900
2013-12-20,3.63,3.63,3.45,3.54,48000
2013-12-23,3.45,3.54,3.45,3.54,39800
2013-12-24,3.45,3.54,3.45,3.45,39800
2013-12-25,3.45,3.54,3.45,3.54,34200
2013-12-26,3.45,3.54,3.36,3.45,23200
2013-12-27,3.45,3.45,3.27,3.27,22000
2013-12-30,3.27,3.27,3.18,3.18,14000
2013-12-31,3.18,3.36,3.18,3.36,14400
2014-01-02,3.27,3.36,3.27,3.36,8200
2014-01-03,3.27,3.36,3.18,3.36,19500
2014-01-06,3.18,3.27,3.18,3.27,1900
2014-01-07,3.27,3.36,3.18,3.36,15700
2014-01-08,3.27,3.63,3.18,3.63,165700
2014-01-09,3.89,3.98,3.89,3.98,28300
2014-01-10,4.33,4.33,4.33,4.33,39300
2014-01-13,4.69,4.69,4.69,4.69,23200
2014-01-14,5.13,5.13,5.04,5.13,209900
2014-01-15,5.57,5.57,5.57,5.57,64400
2014-01-16,6.1,6.1,5.22,5.57,68700
2014-01-17,5.04,5.04,5.04,5.04,37200
2014-01-20,4.6,4.6,4.6,4.6,10000
2014-01-21,4.16,4.16,4.16,4.16,15000
2014-01-22,3.8,4.16,3.8,4.16,95700
2014-01-23,4.16,4.51,4.16,4.51,9800
2014-01-24,4.95,4.95,4.07,4.07,6600
2014-01-27,3.98,4.07,3.8,3.89,21500
2014-02-06,3.89,4.07,3.89,3.98,43600
2014-02-07,3.98,4.33,3.98,4.33,69200
2014-02-10,4.42,4.69,4.33,4.69,21600
2014-02-11,4.86,5.13,4.78,5.04,66000
2014-02-12,4.95,5.13,4.6,4.95,44400
2014-02-13,4.6,4.86,4.6,4.86,18500
2014-02-14,4.86,4.86,4.51,4.51,26400
2014-02-17,4.51,4.95,4.42,4.86,92300
2014-02-18,4.95,4.95,4.51,4.86,32300
2014-02-19,4.95,4.95,4.6,4.6,35000
2014-02-20,4.6,4.78,4.51,4.78,45300
2014-02-21,4.69,4.78,4.51,4.69,14500
2014-02-24,4.51,4.78,4.51,4.78,19700
2014-02-25,4.69,4.78,4.69,4.78,39200
2014-02-26,4.78,4.95,4.69,4.86,39800
2014-02-27,4.95,5.04,4.86,4.86,16400
2014-02-28,4.86,4.95,4.86,4.95,17800
2014-03-03,4.95,4.95,4.69,4.69,39100
2014-03-04,4.69,5.04,4.69,5.04,16000
2014-03-05,5.04,5.04,4.95,5.04,10300
2014-03-06,4.86,4.95,4.78,4.95,42900
2014-03-07,5.04,5.04,4.86,5.04,32100
2014-03-10,5.31,5.31,4.95,5.22,6500
2014-03-11,5.22,5.22,4.86,5.13,30800
2014-03-12,5.04,5.04,4.78,4.78,47400
2014-03-13,4.78,4.86,4.6,4.78,35600
2014-03-14,4.95,4.95,4.78,4.78,23700
2014-03-17,4.86,5.22,4.78,5.22,96500
2014-03-18,5.66,5.66,5.66,5.66,21700
2014-03-19,6.19,6.19,6.19,6.19,16800
2014-03-20,6.81,6.81,6.81,6.81,334400
2014-03-21,7.43,7.43,7.34,7.43,53700
2014-03-24,8.14,8.14,7.96,8.14,132400
2014-03-25,7.96,8.84,7.34,7.7,81400
2014-03-26,7.34,7.7,6.99,6.99,151800
2014-03-27,6.37,6.81,6.37,6.63,128100
2014-03-28,6.63,7.25,6.55,6.55,45300
2014-03-31,6.55,6.99,6.55,6.63,8200
2014-04-01,6.28,6.72,6.1,6.72,10400
2014-04-02,6.19,6.63,6.1,6.1,95300
2014-04-03,6.1,6.28,6.1,6.19,22000
2014-04-04,6.37,6.37,6.01,6.1,7400
2014-04-07,5.84,6.19,5.57,6.1,56100
2014-04-08,6.1,6.1,5.75,6.1,2000
2014-04-10,6.63,6.63,6.63,6.63,4900
2014-04-11,7.25,7.25,6.63,6.63,37300
2014-04-14,6.55,6.55,6.19,6.55,4300
2014-04-15,6.19,6.19,6.1,6.1,3000
2014-04-16,5.84,5.93,5.57,5.93,34100
2014-04-17,6.01,6.1,6.01,6.01,4500
2014-04-18,5.57,5.66,5.57,5.66,1100
2014-04-21,5.48,5.57,5.13,5.13,31100
2014-04-22,5.4,5.57,5.04,5.04,11700
2014-04-23,5.4,5.48,5.31,5.48,24100
2014-04-24,5.84,5.84,5.4,5.4,6500
2014-04-25,5.48,5.48,5.4,5.4,300
2014-04-28,5.57,5.57,5.22,5.31,2700
2014-04-29,5.22,5.31,5.22,5.31,1500
2014-05-05,5.22,5.31,4.78,5.04,30900
2014-05-06,4.86,4.95,4.6,4.78,26500
2014-05-07,4.95,4.95,4.95,4.95,1000
2014-05-08,4.51,4.6,4.51,4.51,14200
2014-05-09,4.42,4.51,4.42,4.51,9600
2014-05-12,4.25,4.25,4.07,4.07,25800
2014-05-13,3.71,3.71,3.71,3.71,26500
2014-05-14,3.54,3.89,3.54,3.89,26200
2014-05-15,3.63,4.07,3.54,3.89,125300
2014-05-16,3.63,3.98,3.63,3.98,37100
2014-05-19,3.98,4.33,3.63,4.25,27000
2014-05-20,4.25,4.42,4.25,4.42,25000
2014-05-21,4.33,4.6,4.25,4.6,39600
2014-05-22,4.33,4.51,4.16,4.25,35400
2014-05-23,4.25,4.25,3.98,3.98,23500
2014-05-26,3.89,4.16,3.89,4.07,4000
2014-05-27,4.07,4.42,4.07,4.33,34800
2014-05-28,4.42,4.42,4.16,4.42,15600
2014-05-29,4.16,4.42,4.16,4.42,8700
2014-05-30,4.33,4.33,4.16,4.16,9900
2014-06-02,4.07,4.42,3.89,3.89,6100
2014-06-03,4.07,4.16,3.98,4.16,2800
2014-06-04,4.33,4.33,3.89,3.89,19300
2014-06-05,3.89,3.98,3.8,3.8,37100
2014-06-06,3.8,4.07,3.8,4.07,14100
2014-06-09,4.07,4.16,3.98,4.07,15100
2014-06-10,4.07,4.42,3.98,4.42,15000
2014-06-11,4.33,4.33,4.33,4.33,1600
2014-06-12,4.25,4.69,4.25,4.69,3500
2014-06-13,4.42,4.42,4.25,4.25,8090
2014-06-16,4.25,4.25,4.16,4.16,2100
2014-06-17,4.33,4.33,4.16,4.25,9900
2014-06-18,4.25,4.33,4.25,4.25,3500
2014-06-19,4.16,4.25,4.16,4.25,2600
2014-06-20,4.16,4.16,4.16,4.16,1500
2014-06-23,4.07,4.07,3.98,4.07,4800
2014-06-24,4.07,4.25,4.07,4.25,1200
2014-06-25,3.98,4.33,3.89,4.33,40500
2014-06-26,4.25,4.25,4.16,4.25,5800
2014-06-27,4.07,4.07,4.07,4.07,3600
2014-06-30,4.16,4.33,4.16,4.33,6200
2014-07-01,4.25,4.42,4.16,4.33,17200
2014-07-02,4.16,4.42,4.07,4.42,22700
2014-07-03,4.33,4.42,4.16,4.33,13100
2014-07-04,4.33,4.42,4.07,4.07,4900
2014-07-07,3.98,4.33,3.98,4.33,7800
2014-07-08,4.25,4.33,4.16,4.33,2500
2014-07-09,4.25,4.33,4.25,4.25,4700
2014-07-10,4.25,4.25,4.07,4.07,15400
2014-07-11,4.07,4.07,4.07,4.07,4800
2014-07-14,4.07,4.25,4.07,4.25,3100
2014-07-15,4.16,4.25,4.16,4.25,98700
2014-07-16,4.33,4.33,4.16,4.25,46900
2014-07-17,4.25,4.25,4.16,4.16,11800
2014-07-18,4.07,4.16,4.07,4.07,9600
2014-07-21,4.16,4.16,3.98,3.98,10200
2014-07-22,4.07,4.07,3.89,3.98,15300
2014-07-23,3.98,3.98,3.98,3.98,5100
2014-07-24,3.98,4.16,3.98,4.16,7600
2014-07-25,4.16,4.16,4.16,4.16,700
2014-07-28,3.89,4.07,3.8,3.8,22600
2014-07-29,3.98,3.98,3.8,3.89,10000
2014-07-30,3.98,3.98,3.98,3.98,100
2014-07-31,3.89,3.98,3.89,3.98,6000
2014-08-01,3.98,3.98,3.89,3.89,7400
2014-08-04,3.98,3.98,3.71,3.89,13800
2014-08-05,3.89,3.98,3.89,3.98,13900
2014-08-06,3.89,3.98,3.89,3.89,8600
2014-08-07,3.8,3.89,3.8,3.89,8700
2014-08-08,3.8,3.98,3.8,3.98,20000
2014-08-11,3.98,3.98,3.71,3.89,7700
2014-08-12,3.89,3.89,3.8,3.89,3300
2014-08-13,3.98,3.98,3.89,3.89,300
2014-08-14,3.98,3.98,3.89,3.89,8500
2014-08-15,3.98,4.07,3.89,4.07,14400
2014-08-18,3.98,4.07,3.98,4.07,4100
2014-08-19,3.98,3.98,3.98,3.98,9000
2014-08-20,3.89,3.98,3.89,3.98,400
2014-08-21,3.98,4.07,3.98,4.07,12400
2014-08-22,4.07,4.07,3.89,3.98,17600
2014-08-25,3.89,4.07,3.89,3.98,13600
2014-08-26,3.98,4.07,3.98,4.07,30000
2014-08-27,3.98,3.98,3.98,3.98,8200
2014-08-28,3.98,4.07,3.98,4.07,7600
2014-08-29,4.07,4.33,4.07,4.25,56900
2014-09-03,4.33,4.42,4.25,4.25,17800
2014-09-04,4.25,4.33,4.25,4.33,15400
2014-09-05,4.25,4.33,4.16,4.33,11400
2014-09-08,4.33,4.69,4.33,4.69,49800
2014-09-09,4.95,5.13,4.78,5.13,213600
2014-09-10,4.86,5.31,4.69,5.31,56100
2014-09-11,5.31,5.31,4.78,5.22,39500
2014-09-12,4.78,5.13,4.78,5.13,74000
2014-09-15,5.31,5.31,4.69,4.69,103900
2014-09-16,4.6,4.69,4.42,4.6,43100
2014-09-17,4.51,4.78,4.42,4.78,93700
2014-09-18,4.6,4.86,4.6,4.78,44500
2014-09-19,4.42,4.42,4.33,4.33,33000
2014-09-22,4.51,4.6,4.42,4.6,36600
2014-09-23,4.33,4.6,4.33,4.33,16300
2014-09-24,4.42,4.51,4.33,4.42,31200
2014-09-25,4.42,4.51,4.42,4.51,4000
2014-09-26,4.51,4.51,4.51,4.51,500
2014-09-29,4.42,4.42,4.25,4.42,6700
2014-09-30,4.42,4.42,4.25,4.42,15000
2014-10-01,4.42,4.42,4.25,4.33,17500
2014-10-02,4.33,4.42,4.33,4.42,3000
2014-10-03,4.42,4.42,4.33,4.33,8800
2014-10-06,4.33,4.69,4.33,4.69,34600
2014-10-07,4.69,4.69,4.6,4.6,12600
2014-10-08,4.6,4.69,4.42,4.42,15100
2014-10-09,4.42,4.86,4.42,4.86,75600
2014-10-10,5.04,5.04,4.78,4.78,62100
2014-10-13,4.86,4.86,4.78,4.86,16900
2014-10-14,4.86,5.04,4.51,4.51,37000
2014-10-15,4.51,4.95,4.51,4.95,22300
2014-10-16,4.78,4.95,4.6,4.86,9700
2014-10-17,4.78,4.86,4.78,4.86,3800
2014-10-20,4.42,4.86,4.42,4.42,82500
2014-10-21,4.42,4.6,4.42,4.6,1900
2014-10-22,4.42,4.6,4.25,4.6,9700
2014-10-23,4.42,4.42,4.33,4.42,3800
2014-10-24,4.25,4.42,4.25,4.42,11200
2014-10-27,4.25,4.33,4.25,4.33,3600
2014-10-28,4.33,4.33,4.33,4.33,2100
2014-10-29,4.42,4.51,4.33,4.51,900
2014-10-30,4.25,4.33,4.16,4.33,10700
2014-10-31,4.33,4.33,4.25,4.25,13600
2014-11-03,4.33,4.42,4.33,4.42,1500
2014-11-04,4.25,4.25,4.25,4.25,2200
2014-11-05,4.33,4.33,4.25,4.25,9900
2014-11-06,4.33,4.33,4.33,4.33,1400
2014-11-07,4.33,4.42,4.33,4.42,3100
2014-11-10,4.33,4.42,4.25,4.42,3100
2014-11-11,4.33,4.42,4.25,4.42,4000
2014-11-12,4.33,4.33,4.33,4.33,2600
2014-11-13,4.33,4.42,4.33,4.42,3500
2014-11-14,4.33,4.42,4.33,4.42,3100
2014-11-17,4.42,4.42,4.42,4.42,2200
2014-11-18,4.42,4.42,4.42,4.42,16400
2014-11-19,4.42,4.42,4.42,4.42,3100
2014-11-20,4.33,4.42,4.33,4.33,10300
2014-11-21,4.33,4.69,4.33,4.69,107600
2014-11-24,5.04,5.13,4.69,5.13,216500
2014-11-25,5.13,5.22,5.04,5.13,20100
2014-11-26,5.13,5.13,4.69,4.69,59400
2014-11-27,4.42,4.6,4.33,4.42,44000
2014-11-28,4.6,4.86,4.33,4.86,48200
2014-12-01,4.6,4.69,4.51,4.51,14600
2014-12-02,4.69,4.69,4.42,4.51,11300
2014-12-03,4.42,4.69,4.42,4.51,25300
2014-12-04,4.51,4.51,4.42,4.42,21900
2014-12-05,4.42,4.51,4.42,4.42,15100
2014-12-08,4.33,4.51,4.33,4.51,6500
2014-12-09,4.42,4.51,4.33,4.33,24800
2014-12-10,4.33,4.51,4.33,4.51,12300
2014-12-11,4.51,4.51,4.51,4.51,6000
2014-12-12,4.42,4.51,4.42,4.51,9300
2014-12-15,4.51,4.6,4.42,4.6,22700
2014-12-16,4.42,4.51,4.33,4.51,36500
2014-12-17,4.42,4.42,4.33,4.33,17700
2014-12-18,4.33,4.42,4.33,4.42,400
2014-12-19,4.33,4.42,4.33,4.42,9700
2014-12-22,4.42,4.42,4.42,4.42,0
2014-12-23,4.42,4.42,4.33,4.42,1500
2014-12-24,4.42,4.42,4.25,4.25,5500
2014-12-25,4.25,4.25,4.25,4.25,0
2014-12-26,4.33,4.33,4.33,4.33,2400
2014-12-29,4.25,4.25,4.07,4.07,8300
2014-12-30,4.42,4.42,4.33,4.33,200
2014-12-31,4.33,4.42,4.25,4.42,1800
2015-01-05,4.25,4.42,4.25,4.42,300
2015-01-06,4.25,4.33,4.07,4.33,4100
2015-01-07,4.07,4.33,3.98,4.33,8100
2015-01-08,4.07,4.25,4.07,4.25,24400
2015-01-09,4.16,4.25,4.16,4.25,5300
2015-01-12,4.16,4.25,4.16,4.25,1100
2015-01-13,4.16,4.25,4.16,4.25,9600
2015-01-14,4.16,4.25,3.89,4.25,8700
2015-01-15,4.25,4.25,4.25,4.25,4900
2015-01-16,4.25,4.33,4.25,4.33,4400
2015-01-19,4.25,4.25,4.25,4.25,100
2015-01-20,4.16,4.16,4.16,4.16,2100
2015-01-21,4.16,4.25,4.16,4.25,4000
2015-01-22,4.25,4.25,4.16,4.25,4000
2015-01-23,4.25,4.25,4.25,4.25,7000
2015-01-26,4.33,4.33,4.33,4.33,100
2015-01-27,4.33,4.33,4.25,4.33,2600
2015-01-28,4.33,4.33,4.25,4.25,3600
2015-01-29,4.16,4.16,4.16,4.16,1000
2015-01-30,4.16,4.16,4.16,4.16,1100
2015-02-02,4.16,4.16,4.16,4.16,0
2015-02-03,4.16,4.16,4.16,4.16,0
2015-02-04,4.07,4.16,4.07,4.16,1100
2015-02-05,4.07,4.25,4.07,4.25,500
2015-02-06,4.33,4.33,4.33,4.33,100
2015-02-09,4.33,4.33,4.33,4.33,0
2015-02-10,4.25,4.33,4.25,4.33,5600
2015-02-11,4.07,4.07,4.07,4.07,1000
2015-02-12,4.07,4.25,4.07,4.25,4800
2015-02-13,4.25,4.25,4.25,4.25,0
2015-02-24,4.33,4.42,3.98,4.33,6700
2015-02-25,3.98,4.33,3.98,4.33,19100
2015-02-26,4.16,4.16,4.16,4.16,2000
2015-02-27,4.33,4.33,4.33,4.33,200
2015-03-02,4.16,4.16,4.16,4.16,800
2015-03-03,4.16,4.16,4.16,4.16,200
2015-03-04,4.51,4.51,4.42,4.42,400
2015-03-05,4.07,4.07,3.98,4.07,25900
2015-03-06,4.16,4.25,4.16,4.25,8100
2015-03-09,4.16,4.25,4.16,4.25,1400
2015-03-10,4.33,4.33,4.16,4.16,900
2015-03-11,4.16,4.16,4.16,4.16,200
2015-03-12,4.16,4.25,4.16,4.25,19600
2015-03-13,4.16,4.25,4.16,4.25,14700
2015-03-16,4.16,4.33,4.16,4.33,1600
2015-03-17,4.25,4.25,4.16,4.16,1500
2015-03-18,4.25,4.25,4.25,4.25,100
2015-03-19,4.25,4.25,4.25,4.25,0
2015-03-20,3.98,3.98,3.98,3.98,100
2015-03-23,4.16,4.16,3.89,3.89,3100
2015-03-24,3.89,4.16,3.89,4.16,4000
2015-03-25,4.07,4.07,4.07,4.07,1900
2015-03-26,4.16,4.16,4.16,4.16,100
2015-03-27,3.98,4.16,3.89,4.16,7600
2015-03-30,4.16,4.16,4.16,4.16,0
2015-03-31,4.16,4.16,4.16,4.16,0
2015-04-01,4.16,4.16,4.16,4.16,0
2015-04-02,3.98,3.98,3.98,3.98,900
2015-04-03,3.98,3.98,3.98,3.98,0
2015-04-06,3.71,3.98,3.71,3.98,2200
2015-04-07,3.98,3.98,3.98,3.98,0
2015-04-08,3.71,3.71,3.71,3.71,3200
2015-04-09,3.98,3.98,3.98,3.98,100
2015-04-10,3.98,3.98,3.98,3.98,200
2015-04-13,3.98,3.98,3.98,3.98,0
2015-04-14,3.71,3.71,3.63,3.63,4100
2015-04-15,3.8,3.89,3.8,3.89,300
2015-04-16,3.89,3.89,3.54,3.63,12300
2015-04-17,3.71,3.71,3.71,3.71,500
2015-04-20,3.71,3.71,3.71,3.71,2600
2015-04-21,3.71,3.89,3.71,3.8,8300
2015-04-22,3.89,3.89,3.8,3.89,3100
2015-04-23,4.07,4.07,4.07,4.07,600
2015-04-24,3.98,4.07,3.8,3.98,13600
2015-04-27,3.89,3.89,3.71,3.8,14400
2015-05-04,3.8,3.89,3.54,3.71,41200
2015-05-05,3.63,3.63,3.54,3.54,8200
2015-05-06,3.63,3.8,3.45,3.45,11700
2015-05-07,3.63,3.71,3.63,3.71,32700
2015-05-08,4.07,4.07,3.98,3.98,50500
2015-05-11,3.98,4.16,3.98,3.98,47300
2015-05-12,4.07,4.33,4.07,4.33,60900
2015-05-13,4.33,4.6,4.33,4.6,102200
2015-05-14,4.78,4.86,4.69,4.78,54500
2015-05-15,4.95,4.95,4.33,4.33,120100
2015-05-18,4.25,4.25,4.07,4.25,40200
2015-05-19,4.07,4.25,4.07,4.25,25300
2015-05-20,4.16,4.25,4.07,4.25,47700
2015-05-21,4.16,4.6,4.16,4.6,83800
2015-05-22,5.04,5.04,4.33,4.6,90100
2015-05-25,4.51,4.51,4.42,4.51,13900
2015-05-26,4.42,4.95,4.42,4.95,114400
2015-05-27,5.31,5.4,5.13,5.13,57800
2015-05-28,5.13,5.31,5.04,5.04,31700
2015-05-29,4.78,5.04,4.78,5.04,89000
2015-06-01,4.95,5.31,4.95,5.13,65400
2015-06-02,5.22,5.57,5.22,5.57,78800
2015-06-03,6.1,6.1,5.84,6.1,54800
2015-06-04,6.63,6.63,6.19,6.63,316800
2015-06-05,7.25,7.25,6.63,6.63,469600
2015-06-08,6.28,7.25,6.28,7.25,120800
2015-06-09,7.96,7.96,7.25,7.87,230200
2015-06-10,7.43,8.05,7.16,7.16,184900
2015-06-11,7.16,7.78,6.63,6.63,203900
2015-06-12,6.37,6.99,6.19,6.55,153700
2015-06-15,6.63,7.08,6.55,6.9,57800
2015-06-16,6.63,6.9,6.28,6.28,103900
2015-06-17,6.19,6.19,5.66,5.66,119900
2015-06-18,5.75,6.19,5.48,5.84,43500
2015-06-19,6.19,6.19,5.48,5.48,81200
2015-06-22,5.66,6.01,5.57,6.01,64700
2015-06-23,6.55,6.55,5.93,6.1,28200
2015-06-24,5.93,6.01,5.84,6.01,24400
2015-06-25,5.66,5.66,5.57,5.66,23800
2015-06-26,5.31,5.93,5.31,5.57,36700
2015-06-29,5.31,5.57,5.31,5.48,40100
2015-06-30,5.57,5.57,5.4,5.48,9200
2015-07-01,5.75,5.75,5.48,5.48,4700
2015-07-02,5.66,5.66,5.22,5.22,52600
2015-07-03,5.31,5.4,5.22,5.4,27500
2015-07-06,5.31,5.31,4.86,5.31,92600
2015-07-07,5.22,5.75,5.22,5.4,53400
2015-07-08,5.4,5.93,5.4,5.66,109800
2015-07-09,5.57,6.19,5.57,6.19,155800
2015-07-10,6.55,6.55,6.1,6.46,90800
2015-07-13,6.37,6.46,6.01,6.01,33500
2015-07-14,6.1,6.1,5.66,5.75,42400
2015-07-15,6.01,6.01,5.48,5.57,32000
2015-07-16,5.48,5.75,5.48,5.57,12100
2015-07-17,5.48,5.84,5.48,5.84,3300
2015-07-20,5.66,5.84,5.66,5.84,12600
2015-07-21,5.57,5.57,5.48,5.48,6600
2015-07-22,5.31,5.57,5.31,5.57,23000
2015-07-23,5.31,5.57,5.31,5.4,23700
2015-07-24,5.31,5.48,5.31,5.48,15800
2015-07-27,5.48,5.66,5.48,5.57,9300
2015-07-28,5.66,5.66,5.31,5.48,14100
2015-07-29,5.48,5.57,5.48,5.57,3500
2015-07-30,5.4,5.57,5.4,5.57,2400
2015-07-31,5.4,5.4,5.31,5.4,13600
2015-08-03,5.31,5.31,5.13,5.31,20800
2015-08-04,5.31,5.31,5.13,5.31,3200
2015-08-05,5.57,5.84,5.57,5.84,23100
2015-08-06,6.37,6.37,5.84,6.37,151600
2015-08-07,6.28,6.55,6.1,6.1,105500
2015-08-10,6.28,6.37,6.01,6.1,80100
2015-08-11,6.01,6.1,5.84,6.1,28500
2015-08-12,5.93,5.93,5.66,5.75,91900
2015-08-13,5.66,5.75,5.4,5.75,24600
2015-08-14,5.66,5.75,5.31,5.66,25000
2015-08-17,5.48,5.57,5.31,5.31,32400
2015-08-18,5.75,5.75,5.31,5.4,81500
2015-08-19,5.48,5.57,5.4,5.57,29800
2015-08-20,5.4,5.4,5.31,5.4,13000
2015-08-21,5.31,5.84,5.13,5.84,29100
2015-08-24,5.4,5.4,5.31,5.31,25300
2015-08-25,4.86,5.31,4.86,5.22,69700
2015-08-26,5.4,5.4,5.13,5.31,20200
2015-08-27,5.48,5.48,5.31,5.31,56800
2015-08-28,5.31,5.48,5.31,5.48,7800
2015-08-31,5.48,5.48,5.31,5.31,11800
2015-09-01,5.31,5.31,5.22,5.31,23900
2015-09-03,5.31,5.31,5.31,5.31,5000
2015-09-04,5.31,5.48,5.31,5.31,23200
2015-09-07,5.31,5.31,5.31,5.31,20200
2015-09-08,5.31,5.31,5.31,5.31,22400
2015-09-09,5.4,5.48,5.31,5.31,24400
2015-09-10,5.31,5.48,5.31,5.48,1100
2015-09-11,5.48,5.48,5.31,5.31,5000
2015-09-14,5.4,5.4,5.31,5.31,37800
2015-09-15,5.31,5.31,5.31,5.31,10800
2015-09-16,5.31,5.4,5.31,5.4,9900
2015-09-17,5.31,5.4,5.31,5.4,19400
2015-09-18,5.31,5.31,5.22,5.31,55100
2015-09-21,5.31,5.31,5.31,5.31,12700
2015-09-22,5.31,5.75,5.31,5.75,29700
2015-09-23,5.57,5.57,5.48,5.57,18600
2015-09-24,5.57,5.66,5.48,5.66,31200
2015-09-25,5.57,5.66,5.57,5.66,14100
2015-09-28,5.57,5.66,5.48,5.66,6600
2015-09-29,5.48,5.57,5.48,5.57,20200
2015-09-30,5.48,5.66,5.48,5.66,3800
2015-10-01,5.66,5.75,5.66,5.66,1700
2015-10-02,5.57,5.57,5.57,5.57,18500
2015-10-05,5.48,5.93,5.48,5.93,20400
2015-10-06,5.93,6.01,5.93,5.93,33400
2015-10-07,5.75,5.93,5.75,5.93,35100
2015-10-08,5.93,5.93,5.84,5.93,30200
2015-10-09,5.93,5.93,5.84,5.84,7000
2015-10-12,5.93,6.28,5.93,6.19,110500
2015-10-13,6.19,6.28,6.1,6.28,33200
2015-10-14,6.37,6.81,6.37,6.81,133100
2015-10-15,6.81,6.9,6.37,6.63,46900
2015-10-16,6.63,6.63,6.46,6.46,39400
2015-10-19,6.55,7.08,6.55,6.9,201200
2015-10-20,7.08,7.16,6.72,6.81,68600
2015-10-21,6.81,6.9,6.72,6.9,53500
2015-10-22,6.9,6.99,6.81,6.9,21000
2015-10-23,6.99,6.99,6.55,6.63,37200
2015-10-26,6.63,6.63,6.37,6.37,33300
2015-10-27,6.19,6.81,6.19,6.63,80800
2015-10-28,6.81,6.99,6.55,6.99,52800
2015-10-29,6.99,6.99,6.9,6.9,15300
2015-10-30,6.81,6.9,6.72,6.72,8200
2015-11-02,6.63,6.72,6.1,6.72,121200
2015-11-03,6.46,6.63,6.37,6.63,4000
2015-11-04,6.72,6.81,6.55,6.55,2800
2015-11-05,6.55,6.81,6.37,6.81,38300
2015-11-06,6.72,6.72,6.63,6.72,9700
2015-11-09,6.46,6.63,6.46,6.46,2200
2015-11-10,6.46,6.46,6.28,6.46,37100
2015-11-11,6.37,6.37,5.84,5.84,211900
2015-11-12,5.84,5.84,5.57,5.66,52100
2015-11-13,5.93,6.1,5.75,5.75,52900
2015-11-16,5.66,5.75,5.48,5.57,75000
2015-11-17,5.57,5.66,5.57,5.66,44400
2015-11-18,5.75,5.75,5.57,5.66,6100
2015-11-19,5.66,5.75,5.48,5.66,53600
2015-11-20,5.66,5.75,5.57,5.66,26400
2015-11-23,5.75,5.75,5.66,5.66,35700
2015-11-24,5.57,5.66,5.57,5.57,50600
2015-11-25,5.48,6.01,5.48,5.93,46700
2015-11-26,5.66,5.75,5.66,5.75,19500
2015-11-27,5.66,5.66,5.57,5.66,28300
2015-11-30,5.57,5.66,5.57,5.57,30700
2015-12-01,5.57,5.66,5.57,5.57,12500
2015-12-02,5.57,5.66,5.48,5.66,9500
2015-12-03,5.57,5.57,5.57,5.57,16900
2015-12-04,5.48,5.57,5.4,5.4,21700
2015-12-07,5.57,5.57,5.57,5.57,200
2015-12-08,5.48,5.57,5.4,5.57,13000
2015-12-09,5.48,5.66,5.48,5.66,4700
2015-12-10,5.57,5.57,5.31,5.57,40000
2015-12-11,5.48,5.48,5.4,5.48,21200
2015-12-14,5.48,5.57,5.48,5.57,9200
2015-12-15,5.57,5.57,5.48,5.48,700
2015-12-16,5.48,5.48,5.48,5.48,7500
2015-12-17,5.48,5.48,5.48,5.48,23600
2015-12-18,5.48,5.48,5.4,5.4,16300
2015-12-21,5.48,5.48,5.31,5.4,30300
2015-12-22,5.4,5.75,5.4,5.48,118200
2015-12-23,5.48,5.66,5.48,5.66,29700
2015-12-24,5.57,5.84,5.48,5.66,60300
2015-12-25,5.57,5.57,5.48,5.48,42000
2015-12-28,5.48,5.57,5.48,5.57,21700
2015-12-29,5.57,5.66,5.57,5.66,21500
2015-12-30,5.57,5.66,5.48,5.66,79700
2015-12-31,5.48,5.66,5.4,5.66,98400
2016-01-04,5.57,5.57,5.48,5.48,23700
2016-01-05,5.48,5.57,5.31,5.31,36900
2016-01-06,5.31,5.48,5.31,5.48,86600
2016-01-07,5.4,5.48,5.22,5.22,41400
2016-01-08,5.13,5.22,4.86,5.22,83100
2016-01-11,5.22,5.22,4.86,4.86,26800
2016-01-12,4.86,5.13,4.86,5.13,29100
2016-01-13,5.22,5.22,4.78,4.78,40900
2016-01-14,4.78,4.95,4.78,4.95,89800
2016-01-15,4.86,4.86,4.78,4.78,85100
2016-01-18,4.78,4.78,4.51,4.51,143600
2016-01-19,4.51,4.6,4.42,4.42,66700
2016-01-20,4.42,4.51,4.25,4.25,36700
2016-01-21,4.25,4.6,4.25,4.51,236700
2016-01-22,4.51,4.51,4.25,4.42,30000
2016-01-25,4.42,4.51,4.42,4.51,91300
2016-01-26,4.42,4.51,4.42,4.42,30000
2016-01-27,4.42,4.42,4.33,4.33,24200
2016-01-28,4.33,4.69,4.33,4.69,77200
2016-01-29,4.51,4.6,4.51,4.51,33500
2016-02-01,4.51,4.69,4.42,4.69,171400
2016-02-02,4.6,4.69,4.51,4.6,32800
2016-02-03,4.6,4.6,4.33,4.42,42800
2016-02-04,4.42,4.42,4.33,4.42,24800
2016-02-05,4.42,4.42,3.98,3.98,79100
2016-02-15,3.89,3.89,3.63,3.63,26000
2016-02-16,3.54,3.54,3.27,3.54,249800
2016-02-17,3.45,3.63,3.45,3.63,27800
2016-02-18,3.54,3.63,3.54,3.63,48900
2016-02-19,3.54,3.63,3.54,3.63,93700
2016-02-22,3.63,3.63,3.36,3.54,54100
2016-02-23,3.54,3.54,3.54,3.54,66100
2016-02-24,3.54,3.63,3.45,3.54,17700
2016-02-25,3.54,3.54,3.45,3.54,23000
2016-02-26,3.54,3.54,3.45,3.54,9900
2016-02-29,3.45,3.8,3.45,3.8,151300
2016-03-01,3.8,4.16,3.8,4.07,236400
2016-03-02,4.25,4.25,3.98,4.16,19300
2016-03-03,4.16,4.16,3.89,3.98,35500
2016-03-04,3.89,4.16,3.8,3.8,46800
2016-03-07,3.89,3.89,3.8,3.89,63900
2016-03-08,3.8,3.8,3.71,3.8,46200
2016-03-09,3.8,3.98,3.8,3.89,58300
2016-03-10,3.89,4.07,3.89,3.89,32600
2016-03-11,3.98,3.98,3.89,3.89,48200
2016-03-14,3.98,4.16,3.89,4.16,115800
2016-03-15,4.07,4.16,3.98,4.16,79200
2016-03-16,4.07,4.07,3.98,3.98,56300
2016-03-17,3.98,3.98,3.89,3.89,43300
2016-03-18,3.98,3.98,3.8,3.8,65600
2016-03-21,3.89,3.89,3.8,3.89,106900
2016-03-22,3.8,3.89,3.8,3.89,40800
2016-03-23,3.8,3.89,3.8,3.89,41400
2016-03-24,3.89,3.89,3.8,3.89,18200
2016-03-25,3.89,3.98,3.71,3.8,62400
2016-03-28,3.8,3.8,3.8,3.8,2600
2016-03-29,3.8,3.8,3.8,3.8,25400
2016-03-30,3.8,3.8,3.54,3.54,66400
2016-03-31,3.8,3.89,3.71,3.89,131300
2016-04-01,3.89,3.89,3.8,3.8,15000
2016-04-04,3.8,3.8,3.71,3.8,62000
2016-04-05,3.71,3.71,3.63,3.71,42000
2016-04-06,3.63,3.8,3.63,3.71,13400
2016-04-07,3.8,3.8,3.71,3.71,46600
2016-04-08,3.8,3.89,3.71,3.71,15200
2016-04-11,3.8,4.07,3.8,3.98,82100
2016-04-12,4.07,4.16,3.89,3.89,28500
2016-04-13,3.89,3.98,3.8,3.98,36100
2016-04-14,3.89,3.98,3.89,3.89,36400
2016-04-15,3.89,3.98,3.8,3.98,13500
2016-04-19,3.89,3.89,3.71,3.71,40600
2016-04-20,3.8,3.8,3.71,3.8,22100
2016-04-21,3.98,3.98,3.89,3.89,23200
2016-04-22,3.8,3.89,3.54,3.54,67900
2016-04-25,3.8,3.89,3.8,3.89,33800
2016-04-26,3.98,4.25,3.89,4.07,201600
2016-04-27,4.16,4.25,4.16,4.16,38600
2016-04-28,4.25,4.25,4.07,4.16,36000
2016-04-29,4.33,4.51,4.25,4.42,58400
2016-05-04,4.42,4.6,4.33,4.6,33800
2016-05-05,4.86,5.04,4.69,4.86,117900
2016-05-06,4.86,5.04,4.6,4.6,55500
2016-05-09,4.6,4.78,4.6,4.69,42200
2016-05-10,4.69,4.69,4.42,4.6,9600
2016-05-11,4.33,4.6,4.25,4.6,27100
2016-05-12,4.6,4.6,4.25,4.33,25200
2016-05-13,4.33,4.33,4.07,4.16,16000
2016-05-16,4.33,4.51,4.33,4.33,52700
2016-05-17,4.42,4.42,4.16,4.33,4700
2016-05-18,4.25,4.33,4.16,4.25,24700
2016-05-19,4.33,4.33,4.25,4.33,1800
2016-05-20,4.33,4.33,4.16,4.33,15000
2016-05-23,4.33,4.33,4.25,4.25,19800
2016-05-24,4.42,4.42,4.16,4.42,9700
2016-05-25,4.33,4.42,4.33,4.42,8200
2016-05-26,4.33,4.51,4.33,4.42,37800
2016-05-27,4.33,4.51,4.33,4.51,11500
2016-05-30,4.51,4.51,4.51,4.51,6000
2016-05-31,4.42,4.6,4.33,4.6,32500
2016-06-01,4.6,4.6,4.42,4.51,14700
2016-06-02,4.42,4.42,4.33,4.42,27200
2016-06-03,4.33,4.42,4.25,4.33,37400
2016-06-06,4.51,4.51,4.25,4.33,3300
2016-06-07,4.25,4.25,4.07,4.16,20300
2016-06-08,4.07,4.25,3.98,4.25,7700
2016-06-09,4.16,4.25,4.07,4.25,14300
2016-06-10,4.16,4.6,4.16,4.6,7600
2016-06-13,4.33,4.42,4.25,4.33,4600
2016-06-14,4.33,4.33,4.25,4.33,48500
2016-06-15,4.42,4.42,4.16,4.33,2200
2016-06-16,4.33,4.42,4.25,4.42,18700
2016-06-17,4.42,4.42,4.25,4.25,107900
2016-06-20,4.33,4.33,4.25,4.25,22700
2016-06-21,4.33,4.6,4.25,4.42,76400
2016-06-22,4.42,4.42,4.33,4.42,41800
2016-06-23,4.33,4.33,4.25,4.25,5200
2016-06-24,4.25,4.33,3.89,4.25,116700
2016-06-27,3.98,4.16,3.98,3.98,24600
2016-06-28,4.16,4.16,4.07,4.16,101800
2016-06-29,4.25,4.25,4.16,4.25,73100
2016-06-30,4.16,4.25,4.07,4.25,16300
2016-07-01,4.33,4.51,4.25,4.51,60400
2016-07-04,4.33,4.51,4.33,4.51,43800
2016-07-05,4.42,4.42,4.33,4.42,41300
2016-07-06,4.33,4.42,4.16,4.42,48200
2016-07-07,4.25,4.42,4.25,4.42,41500
2016-07-08,4.16,4.42,4.16,4.42,127800
2016-07-11,4.6,4.6,4.25,4.25,98100
2016-07-12,4.33,4.33,4.16,4.25,119800
2016-07-13,4.16,4.33,4.16,4.33,1700
2016-07-14,4.25,4.33,4.25,4.25,45100
2016-07-15,4.33,4.33,4.33,4.33,100
2016-07-18,4.42,4.6,4.42,4.6,60700
2016-07-19,4.6,4.6,4.51,4.51,25400
2016-07-20,4.42,4.42,4.25,4.42,9900
2016-07-21,4.16,4.42,4.16,4.33,12000
2016-07-22,4.25,4.33,4.25,4.33,38300
2016-07-25,4.25,4.42,4.25,4.42,2000
2016-07-26,4.33,4.42,4.25,4.42,65800
2016-07-27,4.33,4.42,4.25,4.33,68300
2016-07-28,4.42,4.42,4.25,4.42,17000
2016-07-29,4.42,4.51,4.33,4.42,19900
2016-08-01,4.86,4.86,4.86,4.86,86400
2016-08-02,5.22,5.31,4.78,4.86,97700
2016-08-03,4.78,4.95,4.69,4.86,31400
2016-08-04,4.78,4.78,4.6,4.78,27900
2016-08-05,4.6,4.6,4.42,4.6,42200
2016-08-08,4.6,4.6,4.42,4.42,39300
2016-08-09,4.33,4.42,4.25,4.42,56800
2016-08-10,4.42,4.42,4.33,4.33,18000
2016-08-11,4.33,4.42,4.33,4.33,27100
2016-08-12,4.25,4.42,4.25,4.42,116900
2016-08-15,4.42,4.42,4.33,4.42,68000
2016-08-16,4.42,4.51,4.42,4.51,117500
2016-08-17,4.33,4.51,4.33,4.42,86000
2016-08-18,4.33,4.33,4.25,4.25,81300
2016-08-19,4.16,4.25,4.16,4.25,169700
2016-08-22,4.25,4.51,4.25,4.42,50200
2016-08-23,4.33,4.6,4.33,4.51,162500
2016-08-24,4.51,4.69,4.51,4.6,79500
2016-08-25,4.6,4.69,4.6,4.69,13600
2016-08-26,4.6,4.6,4.6,4.6,10300
2016-08-29,4.51,4.51,4.25,4.42,77200
2016-08-30,4.33,4.51,4.33,4.42,15700
2016-08-31,4.51,4.51,4.33,4.42,22800
2016-09-01,4.33,4.33,4.25,4.33,55600
2016-09-05,4.33,4.33,4.33,4.33,10700
2016-09-06,4.33,4.42,4.33,4.42,6200
2016-09-07,4.33,4.33,4.33,4.33,7800
2016-09-08,4.33,4.42,4.33,4.42,11900
2016-09-09,4.33,4.42,4.33,4.42,5100
2016-09-12,4.25,4.42,4.16,4.33,50200
2016-09-13,4.25,4.33,4.16,4.33,38300
2016-09-14,4.25,4.25,4.25,4.25,2300
2016-09-15,4.33,4.42,4.16,4.42,8000
2016-09-16,4.25,4.25,4.16,4.25,6600
2016-09-19,4.16,4.16,3.98,4.07,34400
2016-09-20,4.07,4.16,3.98,4.16,5700
2016-09-21,4.16,4.16,4.07,4.16,47200
2016-09-22,4.25,4.25,4.25,4.25,4400
2016-09-23,4.25,4.25,4.25,4.25,10500
2016-09-26,4.25,4.25,4.16,4.25,55900
2016-09-27,4.16,4.25,4.07,4.25,77700
2016-09-28,4.25,4.25,4.07,4.16,87600
2016-09-29,4.16,4.25,3.98,4.25,72700
2016-09-30,4.16,4.25,3.98,4.25,136900
2016-10-03,4.25,4.25,3.98,4.07,156900
2016-10-04,4.07,4.16,4.07,4.16,337700
2016-10-05,4.07,4.25,3.89,4.07,271200
2016-10-06,3.98,4.16,3.98,4.16,114600
2016-10-07,4.07,4.16,3.89,4.07,189500
2016-10-10,3.98,4.07,3.8,3.8,232500
2016-10-11,3.8,3.89,3.54,3.8,106200
2016-10-12,3.63,3.8,3.45,3.8,173000
2016-10-13,3.63,3.89,3.54,3.8,122900
2016-10-14,3.8,3.8,3.54,3.71,139900
2016-10-17,3.63,3.71,3.54,3.71,157800
2016-10-18,3.63,3.71,3.45,3.45,122000
2016-10-19,3.45,3.71,3.45,3.71,136900
2016-10-20,3.8,4.07,3.63,3.71,85600
2016-10-21,3.71,3.8,3.63,3.63,92100
2016-10-24,3.63,3.71,3.54,3.71,99100
2016-10-25,3.63,3.71,3.54,3.54,110500
2016-10-26,3.45,3.63,3.45,3.54,128500
2016-10-27,3.45,3.54,3.36,3.45,231400
2016-10-28,3.36,3.54,3.36,3.54,85800
2016-10-31,3.45,3.45,3.18,3.18,94100
2016-11-01,2.92,3.01,2.92,2.92,275300
2016-11-02,2.92,3.18,2.92,3.01,178500
2016-11-03,3.01,3.1,3.01,3.1,66300
2016-11-04,3.01,3.01,2.92,3.01,69500
2016-11-07,2.83,2.92,2.83,2.92,66500
2016-11-08,2.74,2.83,2.74,2.83,45800
2016-11-09,2.65,2.74,2.57,2.65,159800
2016-11-10,2.65,2.83,2.65,2.74,57600
2016-11-11,2.74,2.74,2.57,2.74,120200
2016-11-14,2.65,2.74,2.48,2.65,69300
2016-11-15,2.65,2.65,2.48,2.48,97200
2016-11-16,2.48,2.65,2.48,2.65,144800
2016-11-17,2.57,2.65,2.48,2.57,213600
2016-11-18,2.48,2.57,2.48,2.57,82400
2016-11-21,2.48,2.57,2.48,2.48,113700
2016-11-22,2.48,2.57,2.39,2.57,72000
2016-11-23,2.48,2.57,2.48,2.48,74900
2016-11-24,2.48,2.65,2.48,2.65,121600
2016-11-25,2.65,2.74,2.57,2.74,71600
2016-11-28,2.65,2.65,2.57,2.65,70600
2016-11-29,2.57,2.65,2.57,2.65,82900
2016-11-30,2.65,2.65,2.57,2.65,72300
2016-12-01,2.57,2.65,2.57,2.57,89100
2016-12-02,2.57,2.65,2.48,2.65,85500
2016-12-05,2.65,2.65,2.57,2.65,63500
2016-12-06,2.65,2.74,2.65,2.65,74400
2016-12-07,2.65,2.65,2.39,2.65,94600
2016-12-08,2.57,2.65,2.57,2.65,53600
2016-12-09,2.65,2.65,2.57,2.65,79000
2016-12-12,2.57,2.65,2.57,2.57,91700
2016-12-13,2.57,2.57,2.48,2.57,77700
2016-12-14,2.57,2.57,2.48,2.48,87800
2016-12-15,2.48,2.57,2.48,2.57,1100
2016-12-16,2.48,2.57,2.48,2.57,98100
2016-12-19,2.57,2.65,2.48,2.57,51700
2016-12-20,2.57,2.65,2.48,2.48,60500
2016-12-21,2.57,2.57,2.48,2.48,59100
2016-12-22,2.57,2.57,2.48,2.48,53200
2016-12-23,2.48,2.57,2.48,2.48,49200
2016-12-26,2.57,2.57,2.39,2.48,48900
2016-12-27,2.48,2.48,2.39,2.48,22400
2016-12-28,2.39,2.48,2.39,2.48,21201
2016-12-29,2.39,2.48,2.3,2.39,62500
2016-12-30,2.39,2.48,2.39,2.48,7600
2017-01-03,2.48,2.48,2.39,2.48,62600
2017-01-04,2.39,2.57,2.39,2.48,85300
2017-01-05,2.39,2.48,2.39,2.39,37800
2017-01-06,2.39,2.48,2.39,2.48,46500
2017-01-09,2.39,2.57,2.39,2.57,57400
2017-01-10,2.48,2.57,2.39,2.48,21600
2017-01-11,2.48,2.57,2.48,2.57,66700
2017-01-12,2.48,2.57,2.39,2.57,41800
2017-01-13,2.57,2.65,2.57,2.65,31000
2017-01-16,2.57,2.65,2.57,2.65,44600
2017-01-17,2.57,2.65,2.48,2.65,38000
2017-01-18,2.65,2.65,2.48,2.65,69000
2017-01-19,2.65,2.65,2.48,2.48,22300
2017-01-20,2.48,2.57,2.3,2.39,169400
2017-01-23,2.39,2.39,2.3,2.3,62600
2017-01-24,2.3,2.48,2.3,2.39,45000
2017-01-25,2.48,2.57,2.39,2.57,108700
2017-02-02,2.48,2.57,2.48,2.57,36300
2017-02-03,2.48,2.74,2.48,2.65,123500
2017-02-06,2.65,2.74,2.65,2.65,26500
2017-02-07,2.65,2.74,2.48,2.48,81700
2017-02-08,2.48,2.65,2.48,2.65,138600
2017-02-09,2.74,2.92,2.74,2.83,76100
2017-02-10,2.92,2.92,2.74,2.83,73600
2017-02-13,2.74,2.74,2.57,2.74,88600
2017-02-14,2.65,2.74,2.57,2.65,64500
2017-02-15,2.57,2.65,2.57,2.57,141200
2017-02-16,2.57,2.65,2.57,2.65,77300
2017-02-17,2.57,2.57,2.48,2.48,99700
2017-02-20,2.48,2.65,2.48,2.65,180400
2017-02-21,2.74,2.92,2.74,2.83,129300
2017-02-22,2.74,2.74,2.65,2.65,114500
2017-02-23,2.65,2.65,2.57,2.57,68500
2017-02-24,2.57,2.65,2.57,2.65,145500
2017-02-27,2.65,2.74,2.57,2.57,64500
2017-02-28,2.65,2.65,2.57,2.57,134600
2017-03-01,2.65,2.65,2.57,2.57,69500
2017-03-02,2.65,2.65,2.57,2.65,73600
2017-03-03,2.57,2.74,2.57,2.65,130900
2017-03-06,2.57,2.65,2.57,2.57,107800
2017-03-07,2.57,2.65,2.57,2.57,169700
2017-03-08,2.57,2.65,2.57,2.57,115700
2017-03-09,2.65,2.65,2.57,2.65,148700
2017-03-10,2.57,2.74,2.57,2.74,131400
2017-03-13,2.65,2.74,2.57,2.57,53400
2017-03-14,2.57,2.74,2.57,2.65,19100
2017-03-15,2.65,2.74,2.57,2.57,21300
2017-03-16,2.74,2.74,2.65,2.65,17200
2017-03-17,2.65,2.74,2.65,2.65,239500
2017-03-20,2.65,2.65,2.65,2.65,163700
2017-03-21,2.65,2.74,2.65,2.65,210200
2017-03-22,2.74,2.74,2.57,2.74,254200
2017-03-23,2.65,2.74,2.65,2.65,146500
2017-03-24,2.74,2.74,2.65,2.74,126200
2017-03-27,2.74,2.83,2.65,2.74,129100
2017-03-28,2.74,2.92,2.74,2.83,142000
2017-03-29,2.83,2.92,2.74,2.83,218300
2017-03-30,2.83,2.92,2.83,2.83,50500
2017-03-31,2.83,2.83,2.65,2.74,188700
2017-04-03,2.74,2.74,2.65,2.74,1600
2017-04-04,2.65,2.65,2.65,2.65,63100
2017-04-05,2.65,2.65,2.65,2.65,13800
2017-04-07,2.65,2.65,2.57,2.65,69500
2017-04-10,2.57,2.65,2.57,2.65,200
2017-04-11,2.74,2.74,2.57,2.65,2800
2017-04-12,2.57,2.57,2.57,2.57,19600
2017-04-13,2.57,2.57,2.48,2.48,3800
2017-04-14,2.48,2.48,2.48,2.48,39300
2017-04-17,2.57,2.57,2.48,2.48,20200
2017-04-18,2.57,2.57,2.57,2.57,11000
2017-04-19,2.57,2.57,2.57,2.57,12700
2017-04-20,2.65,2.65,2.57,2.57,3100
2017-04-21,2.65,2.65,2.57,2.57,7500
2017-04-24,2.65,2.65,2.57,2.65,29500
2017-04-25,2.65,2.65,2.57,2.65,17800
2017-04-26,2.65,2.92,2.65,2.92,316200
2017-04-27,3.1,3.18,3.1,3.1,270100
2017-04-28,3.01,3.1,2.92,2.92,206800
2017-05-03,3.01,3.01,2.83,2.92,158600
2017-05-04,2.83,2.83,2.65,2.74,125100
2017-05-05,2.74,2.83,2.74,2.83,39500
2017-05-08,2.74,2.83,2.65,2.65,168800
2017-05-09,2.65,2.83,2.57,2.74,72400
2017-05-10,2.83,2.92,2.74,2.74,138300
2017-05-11,2.83,2.83,2.74,2.74,24100
2017-05-12,2.83,2.83,2.83,2.83,86500
2017-05-15,2.83,3.1,2.83,3.1,274800
2017-05-16,3.1,3.1,2.83,2.92,243100
2017-05-17,2.92,3.01,2.83,2.83,207700
2017-05-18,2.83,2.92,2.83,2.83,175600
2017-05-19,2.83,3.01,2.83,2.92,253600
2017-05-22,2.92,3.1,2.92,2.92,232000
2017-05-23,2.92,2.92,2.83,2.92,142400
2017-05-24,2.92,3.1,2.92,2.92,190400
2017-05-25,2.92,3.01,2.92,3.01,118300
2017-05-26,3.01,3.1,3.01,3.1,120000
2017-05-29,3.01,3.1,3.01,3.01,72700
2017-05-30,3.01,3.1,2.92,2.92,144700
2017-05-31,2.92,3.1,2.92,3.01,233400
2017-06-01,2.92,3.1,2.92,3.01,229400
2017-06-02,3.01,3.1,3.01,3.1,162200
2017-06-05,3.01,3.18,3.01,3.18,132700
2017-06-06,3.1,3.18,3.1,3.18,83700
2017-06-07,3.18,3.18,3.1,3.1,191600
2017-06-08,3.01,3.18,3.01,3.01,94300
2017-06-09,3.01,3.27,3.01,3.27,192400
2017-06-12,3.36,3.54,3.36,3.54,210600
2017-06-13,3.54,3.54,3.36,3.45,183100
2017-06-14,3.36,3.36,3.27,3.27,172200
2017-06-15,3.27,3.45,3.18,3.27,206800
2017-06-16,3.27,3.27,3.18,3.27,137700
2017-06-19,3.27,3.45,3.01,3.27,349700
2017-06-20,3.18,3.54,3.18,3.54,230500
2017-06-21,3.54,3.8,3.45,3.71,133600
2017-06-22,3.71,3.71,3.54,3.63,172100
2017-06-23,3.54,3.63,3.36,3.45,508600
2017-06-26,3.36,3.36,3.27,3.36,227800
2017-06-27,3.27,3.45,3.27,3.27,204900
2017-06-28,3.36,3.45,3.27,3.36,250800
2017-06-29,3.36,3.36,3.27,3.27,184100
2017-06-30,3.27,3.36,3.27,3.36,5900
2017-07-03,3.36,3.45,3.27,3.36,219200
2017-07-04,3.45,3.45,3.36,3.45,41000
2017-07-05,3.36,3.45,3.36,3.45,27400
2017-07-06,3.36,3.45,3.27,3.36,48400
2017-07-07,3.36,3.54,3.36,3.45,106600
2017-07-10,3.45,3.45,3.27,3.27,111800
2017-07-11,3.36,3.45,3.36,3.36,70200
2017-07-12,3.36,3.45,3.36,3.45,56800
2017-07-13,3.45,3.45,3.27,3.27,49000
2017-07-14,3.27,3.45,3.27,3.36,164400
2017-07-17,3.36,3.36,3.27,3.27,37500
2017-07-18,3.27,3.27,3.18,3.18,202900
2017-07-19,3.18,3.18,3.1,3.1,57900
2017-07-20,3.18,3.18,3.1,3.1,9900
2017-07-21,3.01,3.18,3.01,3.1,137600
2017-07-24,3.1,3.1,3.01,3.1,43300
2017-07-25,3.1,3.1,3.01,3.01,73900
2017-07-26,3.1,3.1,3.01,3.01,116600
2017-07-27,3.01,3.1,3.01,3.1,79200
2017-07-28,3.01,3.18,3.01,3.1,36000
2017-07-31,3.01,3.01,2.83,2.92,252200
2017-08-01,2.92,3.01,2.83,2.83,99800
2017-08-02,2.74,2.83,2.65,2.65,214100
2017-08-03,2.65,2.74,2.65,2.74,16200
2017-08-04,2.83,3.01,2.83,3.01,196400
2017-08-07,3.1,3.18,2.83,3.1,201300
2017-08-08,3.18,3.18,3.01,3.01,146700
2017-08-09,3.01,3.18,3.01,3.18,363900
2017-08-10,3.1,3.36,3.1,3.36,227400
2017-08-11,3.36,3.36,3.27,3.36,43100
2017-08-14,3.27,3.36,3.1,3.18,65500
2017-08-15,3.18,3.36,3.18,3.36,105700
2017-08-16,3.27,3.36,3.1,3.36,123000
2017-08-17,3.27,3.27,3.18,3.18,43500
2017-08-18,3.1,3.18,3.1,3.18,68800
2017-08-21,3.01,3.36,3.01,3.36,345400
2017-08-22,3.36,3.36,3.1,3.1,14600
2017-08-23,3.01,3.1,3.01,3.1,6200
2017-08-24,3.1,3.1,3.1,3.1,7000
2017-08-25,3.01,3.01,2.92,2.92,11500
2017-08-28,2.92,3.18,2.92,3.01,349200
2017-08-29,3.01,3.18,2.92,3.18,246500
2017-08-30,3.1,3.18,3.01,3.01,82000
2017-08-31,3.01,3.1,3.01,3.1,9100
2017-09-01,3.01,3.1,3.01,3.01,12400
2017-09-05,3.01,3.1,3.01,3.1,118400
2017-09-06,3.01,3.1,3.01,3.1,46200
2017-09-07,3.01,3.01,2.83,2.83,181100
2017-09-08,2.74,3.01,2.74,3.01,157800
2017-09-11,2.92,3.1,2.83,3.01,174900
2017-09-12,2.92,3.01,2.83,3.01,45500
2017-09-13,2.92,2.92,2.83,2.83,8500
2017-09-14,2.83,2.92,2.74,2.92,39100
2017-09-15,2.83,2.92,2.83,2.83,161100
2017-09-18,2.83,3.01,2.83,3.01,116000
2017-09-19,2.83,3.01,2.83,3.01,138600
2017-09-20,2.92,2.92,2.83,2.83,5000
2017-09-21,2.83,3.01,2.83,3.01,221800
2017-09-22,2.92,2.92,2.83,2.92,20700
2017-09-25,2.83,3.01,2.83,2.92,107300
2017-09-26,2.83,3.01,2.83,3.01,131700
2017-09-27,2.92,2.92,2.83,2.83,23200
2017-09-28,2.83,3.01,2.83,3.01,142600
2017-09-29,2.83,2.92,2.83,2.83,59300
2017-10-02,2.83,3.01,2.74,2.83,292300
2017-10-03,2.83,3.01,2.74,2.92,121200
2017-10-04,2.83,2.92,2.74,2.92,72800
2017-10-05,2.92,2.92,2.74,2.92,223600
2017-10-06,2.83,2.92,2.74,2.83,125700
2017-10-09,2.92,2.92,2.74,2.92,121000
2017-10-10,2.92,2.92,2.74,2.74,168800
2017-10-11,2.74,2.83,2.65,2.83,120200
2017-10-12,2.83,2.92,2.83,2.92,89000
2017-10-13,2.83,2.92,2.74,2.74,210900
2017-10-16,2.74,2.83,2.65,2.83,323800
2017-10-17,2.83,2.92,2.74,2.83,130500
2017-10-18,2.92,2.92,2.74,2.83,124000
2017-10-19,2.74,2.92,2.74,2.83,284900
2017-10-20,2.92,2.92,2.74,2.74,59300
2017-10-23,2.74,2.83,2.74,2.83,226100
2017-10-24,2.74,2.83,2.65,2.83,254600
2017-10-25,2.74,2.83,2.74,2.83,3100
2017-10-26,2.74,2.83,2.65,2.74,125400
2017-10-27,2.74,2.74,2.65,2.74,2000
2017-10-30,2.57,2.83,2.57,2.74,240400
2017-10-31,2.74,2.74,2.57,2.65,106600
2017-11-01,2.65,2.74,2.65,2.65,10500
2017-11-02,2.57,2.74,2.57,2.74,333400
2017-11-03,2.57,2.83,2.57,2.74,208600
2017-11-06,2.65,2.83,2.65,2.83,124300
2017-11-07,2.65,2.65,2.65,2.65,100
2017-11-08,2.65,2.83,2.57,2.83,640800
2017-11-09,2.74,2.83,2.65,2.83,120300
2017-11-10,2.74,2.83,2.74,2.83,78000
2017-11-13,2.74,2.83,2.65,2.74,251900
2017-11-14,2.74,2.74,2.57,2.74,113600
2017-11-15,2.65,2.74,2.57,2.74,249400
2017-11-16,2.65,2.74,2.57,2.74,460100
2017-11-17,2.74,2.74,2.57,2.74,178300
2017-11-20,2.65,2.83,2.57,2.83,234100
2017-11-21,2.74,3.01,2.74,3.01,286300
2017-11-22,2.92,3.1,2.83,3.1,301400
2017-11-23,3.1,3.18,3.01,3.01,139900
2017-11-24,2.83,3.01,2.83,2.92,191100
2017-11-27,3.01,3.18,2.83,3.18,136100
2017-11-28,3.18,3.45,3.18,3.45,249000
2017-11-29,3.45,3.71,3.18,3.71,271100
2017-11-30,3.71,3.8,3.54,3.54,92900
2017-12-01,3.27,3.71,3.27,3.54,37200
2017-12-04,3.71,3.8,3.54,3.8,137600
2017-12-05,3.89,4.16,3.89,4.07,726900
2017-12-06,4.16,4.16,3.98,3.98,18900
2017-12-07,3.89,4.07,3.63,3.89,77300
2017-12-08,3.71,3.89,3.54,3.71,260900
2017-12-11,3.45,3.71,3.36,3.45,82300
2017-12-12,3.63,3.63,3.45,3.54,78900
2017-12-13,3.63,3.63,3.27,3.54,26400
2017-12-14,3.54,3.54,3.36,3.36,9000
2017-12-15,3.36,3.54,3.36,3.54,9700
2017-12-18,3.54,3.89,3.45,3.89,508500
2017-12-19,4.07,4.07,3.63,3.8,30100
2017-12-20,3.8,4.16,3.63,4.16,246300
2017-12-21,4.16,4.42,4.07,4.07,164300
2017-12-22,4.33,4.33,4.07,4.07,13700
2017-12-25,4.07,4.07,3.71,3.71,7300
2017-12-26,3.63,4.07,3.63,4.07,55600
2017-12-27,3.98,4.16,3.98,4.16,44000
2017-12-28,3.98,4.16,3.8,3.8,45100
2017-12-29,3.8,4.16,3.8,4.16,33800
2018-01-02,3.89,4.16,3.89,4.16,8000
2018-01-03,4.16,4.16,3.89,3.98,114500
2018-01-04,3.89,4.07,3.89,4.07,200
2018-01-05,4.16,4.16,3.8,3.98,17800
2018-01-08,3.8,3.89,3.8,3.8,4100
2018-01-09,3.89,3.98,3.89,3.98,57100
2018-01-10,3.8,3.98,3.8,3.98,500
2018-01-11,3.89,4.07,3.89,4.07,52300
2018-01-12,3.98,4.07,3.98,4.07,219600
2018-01-15,3.89,4.07,3.89,4.07,176500
2018-01-16,4.07,4.16,4.07,4.16,82800
2018-01-17,4.16,4.16,4.16,4.16,100
2018-01-18,3.98,3.98,3.98,3.98,1000
2018-01-19,3.98,3.98,3.98,3.98,7100
2018-01-22,3.89,3.89,3.89,3.89,5000
2018-01-23,3.98,4.16,3.98,4.07,365400
2018-01-24,4.07,4.07,3.98,4.07,10600
2018-01-25,3.89,3.98,3.89,3.89,10900
2018-01-26,3.8,3.89,3.54,3.89,30400
2018-01-29,3.98,4.16,3.71,4.16,82500
2018-01-30,4.16,4.16,4.16,4.16,187700
2018-01-31,4.16,4.42,4.16,4.16,83000
2018-02-01,4.16,4.16,4.16,4.16,329800
2018-02-02,4.42,4.42,4.42,4.42,400
2018-02-05,3.98,4.25,3.98,4.16,40900
2018-02-06,3.8,4.07,3.8,4.07,9400
2018-02-07,3.98,4.25,3.98,4.25,1100
2018-02-08,4.16,4.25,3.89,4.16,50900
2018-02-09,4.16,4.16,3.8,4.16,7400
2018-02-12,4.16,4.16,4.16,4.16,0
2018-02-13,4.16,4.16,4.16,4.16,2000
2018-02-21,4.51,4.51,4.51,4.51,1000
2018-02-22,4.33,4.33,4.07,4.07,2900
2018-02-23,3.98,4.16,3.98,4.16,8800
2018-02-26,4.07,4.07,4.07,4.07,2800
2018-02-27,4.38,4.48,4.38,4.48,9000
2018-02-28,4.48,4.57,4.48,4.57,65500
2018-03-01,4.29,4.67,4.29,4.67,11700
2018-03-02,4.48,4.76,4.48,4.76,600
2018-03-05,4.76,4.86,4.29,4.48,59600
2018-03-06,4.29,4.38,4.29,4.38,2300
2018-03-07,4.57,4.57,4.48,4.48,3500
2018-03-08,4.48,4.48,4.48,4.48,0
2018-03-09,4.48,4.48,4.38,4.48,6100
2018-03-12,4.48,4.48,4.48,4.48,0
2018-03-13,4.48,4.57,4.48,4.57,20000
2018-03-14,4.38,4.48,4.38,4.48,18000
2018-03-15,4.57,4.86,4.38,4.86,16000
2018-03-16,4.57,5.14,4.57,4.95,31200
2018-03-19,5.05,5.05,5.05,5.05,5100
2018-03-20,5.14,5.14,4.57,4.57,4200
2018-03-21,4.86,4.95,4.57,4.95,31500
2018-03-22,5.24,5.33,4.57,5.33,24600
2018-03-23,5.24,5.33,5.24,5.24,95500
2018-03-26,5.24,5.24,5.24,5.24,0
2018-03-27,5.52,5.52,4.86,5.52,21300
2018-03-28,5.52,5.52,5.52,5.52,0
2018-03-29,5.52,5.9,5.52,5.9,49500
2018-03-30,5.71,5.9,5.33,5.62,79400
2018-04-02,5.14,5.14,5.14,5.14,500
2018-04-03,5.05,5.62,4.95,5.62,52000
2018-04-04,5.62,5.81,5.62,5.62,8000
2018-04-05,5.14,5.14,5.14,5.14,1500
2018-04-06,4.95,4.95,4.76,4.76,150000
2018-04-09,5.24,5.24,5.24,5.24,20000
2018-04-10,4.86,4.86,4.86,4.86,500
2018-04-11,5.14,5.33,4.86,4.86,20000
2018-04-12,4.86,4.86,4.86,4.86,0
2018-04-13,4.86,5.24,4.76,5.24,7400
2018-04-16,5.05,5.62,4.86,4.86,29600
2018-04-17,4.76,5.24,4.76,5.24,6210
2018-04-18,5.24,5.24,5.24,5.24,0
2018-04-19,4.86,5.62,4.86,5.62,116885
2018-04-20,5.62,5.62,5.62,5.62,200
2018-04-23,5.43,5.62,5.43,5.62,60800
2018-04-24,5.24,5.43,5.14,5.33,24448
2018-04-26,5.05,5.33,4.86,5.33,60203
2018-04-27,5.33,5.33,5.33,5.33,0
2018-05-02,5.33,5.33,5.33,5.33,400
2018-05-03,5.33,5.33,5.24,5.33,54000
2018-05-04,5.33,5.33,5.33,5.33,11700
2018-05-07,5.33,5.33,4.95,4.95,5200
2018-05-08,5.24,5.24,5.24,5.24,5000
2018-05-09,5.33,5.33,5.24,5.24,19000
2018-05-10,5.33,5.33,5.33,5.33,7000
2018-05-11,5.33,5.33,5.24,5.24,61200
2018-05-14,5.43,5.62,4.95,5.52,116510
2018-05-15,5.71,5.81,5.52,5.81,73104
2018-05-16,5.71,6.29,5.52,6.29,142000
2018-05-17,6.29,6.48,6.1,6.1,53700
2018-05-18,6.1,6.1,6.1,6.1,100
2018-05-21,5.9,6.1,5.9,6.0,11240
2018-05-22,5.9,6.1,5.81,6.1,38500
2018-05-23,6.1,6.19,6.1,6.1,39000
2018-05-24,5.9,6.19,5.81,5.81,48450
2018-05-25,5.9,5.9,5.24,5.24,8100
2018-05-28,5.71,5.71,5.71,5.71,95206
2018-05-29,6.19,6.19,6.19,6.19,11100
2018-05-30,6.29,6.29,6.19,6.19,12800
2018-05-31,6.1,6.48,6.1,6.48,14330
2018-06-01,6.57,6.95,6.57,6.95,25900
2018-06-04,6.95,7.33,6.95,7.33,89300
2018-06-05,7.52,7.52,7.33,7.43,47329
2018-06-06,7.33,7.52,7.33,7.52,45910
2018-06-07,7.43,7.62,7.43,7.52,9230
2018-06-08,7.52,7.52,6.86,7.43,298810
2018-06-11,6.76,7.14,6.76,6.76,26540
2018-06-12,6.19,7.33,6.1,7.33,63908
2018-06-13,6.76,6.86,6.67,6.86,26200
2018-06-14,6.67,7.33,6.67,6.67,88000
2018-06-15,7.33,7.33,7.33,7.33,10050
2018-06-18,7.14,8.0,7.14,8.0,6300
2018-06-19,7.24,8.1,7.24,7.24,131850
2018-06-20,7.62,7.62,7.33,7.52,30400
2018-06-21,7.52,7.52,7.52,7.52,40
2018-06-22,7.14,8.0,7.14,7.9,29400
2018-06-25,7.9,7.9,7.9,7.9,700
2018-06-26,7.9,7.9,7.9,7.9,400
2018-06-27,7.24,8.1,7.24,7.62,1357
2018-06-28,7.62,7.62,7.62,7.62,10000
2018-06-29,7.62,7.62,7.62,7.62,0
2018-07-02,7.62,7.62,7.05,7.52,13510
2018-07-03,7.52,8.1,7.43,7.52,24526
2018-07-04,7.81,8.1,7.43,8.1,22070
2018-07-05,8.1,8.86,8.1,8.57,31600
2018-07-06,8.0,8.86,8.0,8.29,34493
2018-07-09,8.57,8.57,8.0,8.0,3300
2018-07-10,7.9,8.57,7.52,8.57,2294
2018-07-11,8.38,9.24,7.71,9.24,8706
2018-07-12,9.24,9.24,8.38,8.38,4600
2018-07-13,7.71,7.71,7.71,7.71,400
2018-07-16,8.38,8.48,8.38,8.48,9500
2018-07-17,8.57,9.24,8.57,9.24,11600
2018-07-18,10.1,10.1,8.48,10.0,3734
2018-07-19,9.9,9.9,9.05,9.05,6400
2018-07-20,9.05,9.05,9.05,9.05,0
2018-07-23,8.19,9.14,8.19,9.14,5805
2018-07-24,8.57,9.05,8.29,9.05,360700
2018-07-25,9.05,9.05,9.05,9.05,0
2018-07-26,8.29,8.29,8.29,8.29,7000
2018-07-27,8.1,9.05,7.52,7.52,10510
2018-07-30,8.1,8.1,7.05,7.05,5600
2018-07-31,7.62,7.62,7.62,7.62,2300
2018-08-01,7.9,8.0,7.52,7.9,6000
2018-08-02,7.62,8.48,7.24,8.0,39800
2018-08-03,7.33,7.33,7.24,7.24,600
2018-08-06,7.24,7.24,6.67,6.67,33800
2018-08-07,6.67,6.67,6.67,6.67,28600
2018-08-08,6.67,6.67,6.67,6.67,34900
2018-08-09,6.67,6.67,6.67,6.67,40000
2018-08-10,6.67,6.67,6.67,6.67,0
2018-08-13,6.48,7.24,6.48,6.67,39350
2018-08-14,7.24,7.24,7.24,7.24,100
2018-08-15,7.24,7.9,7.24,7.9,24800
2018-08-16,7.62,8.48,7.62,8.48,33000
2018-08-17,8.1,8.76,8.1,8.76,800
2018-08-20,8.9,8.9,8.8,8.8,3000
2018-08-21,8.8,8.8,8.6,8.6,6400
2018-08-22,8.4,8.4,7.8,7.8,800
2018-08-23,8.0,8.0,8.0,8.0,7200
2018-08-24,8.0,8.0,7.5,7.9,10220
2018-08-27,8.6,8.6,8.6,8.6,100
2018-08-28,8.0,8.0,7.8,7.8,5900
2018-08-29,7.1,7.3,7.1,7.1,17100
2018-08-30,7.1,7.1,7.0,7.0,13823
2018-08-31,7.0,7.0,6.8,7.0,8700
2018-09-04,7.0,7.0,6.9,6.9,1000
2018-09-05,6.8,6.8,6.8,6.8,500
2018-09-06,6.5,6.5,6.3,6.3,2300
2018-09-07,6.3,6.9,6.3,6.9,60700
2018-09-10,6.9,6.9,6.9,6.9,910
2018-09-11,6.9,6.9,6.9,6.9,0
2018-09-12,6.3,6.3,6.3,6.3,4705
2018-09-13,6.3,6.3,6.3,6.3,10
2018-09-14,6.3,6.3,6.3,6.3,0
2018-09-17,5.8,6.6,5.8,6.6,60400
2018-09-18,6.9,6.9,6.9,6.9,4100
2018-09-19,6.3,7.2,6.3,7.2,142000
2018-09-20,7.2,7.9,7.2,7.9,610
2018-09-21,7.6,7.8,7.5,7.8,15200
2018-09-24,7.5,7.9,7.5,7.9,200
2018-09-25,7.5,8.5,7.5,8.5,20400
2018-09-26,7.8,8.1,7.7,7.7,1700
2018-09-27,7.0,7.2,7.0,7.2,3000
2018-09-28,6.6,7.8,6.6,7.8,22210
2018-10-01,7.6,8.2,7.1,7.4,9227
2018-10-02,7.3,7.4,6.9,7.1,9600
2018-10-03,6.9,7.2,6.9,7.2,15000
2018-10-04,7.2,7.2,7.2,7.2,10036
2018-10-05,7.2,7.2,7.2,7.2,0
2018-10-08,7.2,7.3,6.8,7.3,14200
2018-10-09,7.9,7.9,7.3,7.8,3301
2018-10-10,7.8,7.8,7.1,7.1,4400
2018-10-11,6.5,6.5,6.5,6.5,10200
2018-10-12,6.0,7.1,6.0,6.5,7400
2018-10-15,6.5,6.5,6.5,6.5,0
2018-10-16,7.1,7.1,7.1,7.1,3300
2018-10-17,6.4,7.6,6.4,7.6,9000
2018-10-18,6.9,7.0,6.9,7.0,2500
2018-10-19,7.4,7.4,7.4,7.4,100
2018-10-22,7.3,8.0,7.3,7.4,26100
2018-10-23,8.1,8.1,8.1,8.1,100
2018-10-24,8.1,8.9,8.1,8.3,50800
2018-10-25,8.1,8.3,8.1,8.3,21400
2018-10-26,8.3,8.9,7.5,7.5,10700
2018-10-29,8.2,8.2,8.1,8.1,205
2018-10-30,8.9,8.9,8.9,8.9,100
2018-10-31,8.1,8.8,8.1,8.7,34500
2018-11-01,8.7,8.7,7.9,8.4,1200
2018-11-02,8.2,8.4,7.6,7.6,21400
2018-11-05,6.9,7.8,6.9,6.9,6905
2018-11-06,7.4,7.4,7.1,7.2,100275
2018-11-07,7.2,7.3,6.6,6.6,11200
2018-11-08,7.2,7.2,7.0,7.0,19900
2018-11-09,6.4,7.4,6.4,7.4,405
2018-11-12,7.2,7.5,7.2,7.5,16905
2018-11-13,7.4,7.5,7.4,7.5,25800
2018-11-14,7.4,7.6,6.8,7.6,15300
2018-11-15,7.6,7.6,6.9,6.9,4200
2018-11-16,7.5,7.5,7.5,7.5,115
2018-11-19,7.7,7.7,7.6,7.6,804
2018-11-20,8.3,8.3,8.3,8.3,6110
2018-11-21,9.1,9.1,7.5,7.9,400
2018-11-22,7.2,7.9,7.2,7.8,59700
2018-11-23,7.1,7.6,7.1,7.6,200
2018-11-26,6.9,7.5,6.9,6.9,21800
2018-11-27,7.2,7.2,6.5,6.5,35000
2018-11-28,6.4,6.8,6.4,6.8,1300
2018-11-29,6.7,7.4,6.4,6.4,4100
2018-11-30,6.9,6.9,6.5,6.5,1300
2018-12-03,6.3,7.0,6.3,6.3,760
2018-12-04,6.3,6.9,5.7,6.9,115315
2018-12-05,7.5,7.5,6.6,7.5,133314
2018-12-06,7.1,8.1,7.0,8.0,239136
2018-12-07,8.6,8.6,7.6,8.1,55100
2018-12-10,8.7,8.7,8.0,8.0,5424
2018-12-11,7.9,8.0,7.9,8.0,2100
2018-12-12,7.9,8.3,7.9,8.3,18200
2018-12-13,8.3,8.5,8.1,8.5,25700
2018-12-14,8.4,8.5,8.0,8.5,6200
2018-12-17,8.4,8.5,8.3,8.5,20000
2018-12-18,8.5,8.5,8.5,8.5,0
2018-12-19,8.0,8.4,8.0,8.4,56010
2018-12-20,7.8,8.5,7.8,8.5,6700
2018-12-21,7.9,8.5,7.9,8.5,6000
2018-12-24,8.2,8.6,8.2,8.6,17100
2018-12-25,8.6,8.6,8.6,8.6,0
2018-12-26,8.5,8.5,8.0,8.5,3200
2018-12-27,8.4,8.5,8.4,8.5,200
2018-12-28,8.5,8.5,8.5,8.5,0
2019-01-02,8.9,9.3,8.5,8.5,7400
2019-01-03,9.0,9.0,8.1,8.1,2900
2019-01-04,8.5,8.5,8.5,8.5,500
2019-01-07,9.3,9.3,7.8,8.5,39750
2019-01-08,8.5,8.5,8.5,8.5,0
2019-01-09,8.3,8.4,8.3,8.4,5100
2019-01-10,8.0,8.5,7.7,8.0,5400
2019-01-11,8.4,8.5,8.4,8.5,200
2019-01-14,9.3,9.3,8.0,8.4,4000
2019-01-15,8.4,8.4,7.9,8.4,20300
2019-01-16,8.3,8.4,8.3,8.4,10400
2019-01-17,8.2,8.2,8.1,8.2,36100
2019-01-18,8.2,8.5,7.6,8.5,30600
2019-01-21,8.0,8.0,7.7,8.0,30300
2019-01-22,8.0,8.0,7.9,8.0,54700
2019-01-23,8.0,8.0,7.7,8.0,46100
2019-01-24,7.9,8.0,7.9,7.9,10100
2019-01-25,7.9,7.9,7.9,7.9,0
2019-01-28,7.9,7.9,7.9,7.9,29800
2019-01-29,7.9,7.9,7.9,7.9,0
2019-01-30,8.0,8.4,8.0,8.4,20400
2019-01-31,8.4,8.9,8.3,8.9,11300
2019-02-01,9.7,9.7,8.1,8.5,9600
2019-02-11,8.1,9.0,8.1,9.0,48400
2019-02-12,8.7,9.4,8.7,9.4,8000
2019-02-13,9.2,9.8,9.2,9.8,9300
2019-02-14,9.6,9.8,9.0,9.8,7100
2019-02-15,9.7,9.9,9.6,9.9,20900
2019-02-18,9.8,9.8,9.7,9.8,2801
2019-02-19,9.8,9.9,9.3,9.3,3300
2019-02-20,9.3,9.4,9.3,9.4,1900
2019-02-21,9.4,9.4,9.0,9.0,500
2019-02-22,9.1,9.4,9.0,9.1,7600
2019-02-25,8.9,9.3,8.9,9.3,144306
2019-02-26,9.0,9.5,8.9,9.3,49500
2019-02-27,9.7,9.7,8.8,9.5,28800
2019-02-28,9.4,9.5,9.3,9.5,16809
2019-03-01,9.0,9.4,8.8,9.1,33100
2019-03-04,8.8,8.8,8.2,8.2,11100
2019-03-05,8.2,8.5,8.2,8.5,66010
2019-03-06,8.1,8.7,7.8,8.7,23710
2019-03-07,8.5,8.7,8.4,8.7,37286
2019-03-08,8.6,8.6,8.4,8.4,4708
2019-03-11,8.5,8.5,8.0,8.2,2310
2019-03-12,8.2,8.4,8.0,8.3,63400
2019-03-13,9.1,9.1,8.0,8.8,20500
2019-03-14,8.6,8.8,8.0,8.6,179400
2019-03-15,8.5,9.4,7.8,9.3,94200
2019-03-18,9.2,10.2,9.2,10.2,39800
2019-03-19,10.0,10.0,9.2,9.2,5610
2019-03-20,9.1,9.1,8.3,8.3,46804
2019-03-21,8.2,8.2,7.5,7.8,33000
2019-03-22,7.8,7.8,7.8,7.8,0
2019-03-25,8.3,8.3,8.3,8.3,300
2019-03-26,8.2,8.3,8.2,8.3,819
2019-03-27,8.3,8.3,8.3,8.3,6000
2019-03-28,8.0,8.3,8.0,8.3,900
2019-03-29,7.6,8.3,7.6,8.3,610
2019-04-01,8.3,8.3,7.5,8.3,51700
2019-04-02,7.6,8.2,7.6,8.2,21606
2019-04-03,8.2,9.0,8.2,9.0,1200
2019-04-04,8.1,8.8,8.1,8.8,3200
2019-04-05,8.8,8.8,8.8,8.8,0
2019-04-08,8.8,8.8,8.8,8.8,0
2019-04-09,8.0,8.0,8.0,8.0,360
2019-04-10,8.5,8.5,8.5,8.5,210
2019-04-11,8.5,8.5,8.5,8.5,0
2019-04-12,8.5,8.5,8.5,8.5,0
2019-04-16,8.5,8.5,8.5,8.5,0
2019-04-17,8.5,8.5,8.5,8.5,0
2019-04-18,8.5,8.5,8.5,8.5,0
2019-04-19,8.0,8.0,8.0,8.0,100
2019-04-22,8.3,8.3,8.3,8.3,100
2019-04-23,7.5,7.5,7.5,7.5,900
2019-04-24,7.3,7.4,7.3,7.4,30800
2019-04-25,8.1,8.1,7.5,8.1,1600
2019-04-26,8.9,8.9,8.9,8.9,200
2019-05-02,9.4,9.4,9.4,9.4,9200
2019-05-03,10.3,10.3,8.5,9.4,2600
2019-05-06,9.0,9.4,8.5,9.4,5000
2019-05-07,9.3,9.4,9.3,9.4,4800
2019-05-08,10.3,10.3,10.3,10.3,200
2019-05-09,11.2,11.2,9.3,9.3,500
2019-05-10,9.2,9.2,8.4,8.4,2400
2019-05-13,7.7,8.4,7.6,7.6,3000
2019-05-14,6.9,8.3,6.9,8.3,10800
2019-05-15,9.1,9.1,7.5,8.2,1400
2019-05-16,8.1,8.3,8.1,8.3,1200
2019-05-17,8.2,8.2,8.1,8.2,2500
2019-05-20,8.3,8.3,8.3,8.3,1000
2019-05-21,8.3,8.3,8.3,8.3,0
2019-05-22,8.3,8.3,8.3,8.3,0
2019-05-23,8.3,8.4,8.0,8.3,101700
2019-05-24,9.1,9.1,9.1,9.1,100
2019-05-27,9.1,9.1,9.1,9.1,0
2019-05-28,9.1,9.1,9.1,9.1,0
2019-05-29,9.1,9.1,8.2,8.4,500
2019-05-30,8.0,8.4,8.0,8.4,121101
2019-05-31,8.3,8.3,8.3,8.3,160304
2019-06-03,8.3,8.3,8.3,8.3,0
2019-06-04,8.0,8.0,7.5,7.9,9010
2019-06-05,7.3,7.9,7.2,7.9,1104
2019-06-06,7.9,8.4,7.9,8.4,1300
2019-06-07,8.4,8.4,8.4,8.4,0
2019-06-10,7.7,7.7,7.7,7.7,230
2019-06-11,7.0,8.1,7.0,8.1,310
2019-06-12,8.1,8.1,8.1,8.1,0
2019-06-13,8.0,8.0,7.4,7.9,34010
2019-06-14,7.9,7.9,7.9,7.9,0
2019-06-17,7.9,7.9,7.9,7.9,5208
2019-06-18,7.9,8.4,7.9,8.4,500
2019-06-19,8.4,8.4,8.4,8.4,0
2019-06-20,8.3,8.3,8.3,8.3,5100
2019-06-21,8.3,8.3,8.3,8.3,0
2019-06-24,7.5,8.1,7.5,8.1,500
2019-06-25,8.4,8.4,8.4,8.4,100
2019-06-26,8.4,8.4,8.4,8.4,0
2019-06-27,8.4,9.2,8.4,9.2,500
2019-06-28,8.3,8.5,8.3,8.3,2200
2019-07-01,8.3,8.3,8.3,8.3,63
2019-07-02,8.3,8.3,8.3,8.3,80
2019-07-03,7.9,8.1,7.9,8.1,200
2019-07-04,7.4,8.1,7.3,8.1,9600
2019-07-05,8.0,8.3,8.0,8.3,401
2019-07-08,8.3,8.3,8.3,8.3,0
2019-07-09,8.0,8.0,7.5,8.0,88380
2019-07-10,7.8,8.0,7.2,8.0,45200
2019-07-11,8.3,8.3,7.2,8.0,25900
2019-07-12,7.8,8.0,7.2,8.0,34900
2019-07-15,7.2,8.8,7.2,8.6,56400
2019-07-16,7.8,8.3,7.8,8.3,27800
2019-07-17,8.2,8.2,7.5,7.5,20600
2019-07-18,6.8,7.6,6.8,7.6,2400
2019-07-19,7.5,7.5,6.9,7.5,10800
2019-07-22,7.4,7.5,6.9,7.4,600
2019-07-23,7.4,7.9,7.0,7.9,37356
2019-07-24,7.7,8.0,7.7,8.0,20800
2019-07-25,7.8,8.1,7.5,8.1,21300
2019-07-26,7.5,7.9,7.5,7.9,22500
2019-07-29,7.8,8.0,7.5,8.0,30900
2019-07-30,7.9,8.5,7.4,8.3,109300
2019-07-31,7.6,8.2,7.6,8.1,63800
2019-08-01,8.1,8.1,8.1,8.1,0
2019-08-02,7.9,8.0,7.6,8.0,26600
2019-08-05,7.8,8.5,7.8,8.5,44400
2019-08-06,8.4,9.1,8.2,8.2,42300
2019-08-07,8.3,8.3,7.8,8.3,15400
2019-08-08,8.0,8.5,8.0,8.3,149800
2019-08-09,8.0,8.5,8.0,8.5,20200
2019-08-12,8.4,8.4,7.8,7.8,9100
2019-08-13,8.0,8.0,7.6,7.8,23700
2019-08-14,8.0,8.2,8.0,8.2,40100
2019-08-15,8.1,8.1,8.0,8.0,32000
2019-08-16,7.9,7.9,7.9,7.9,40000
2019-08-19,8.0,8.6,8.0,8.6,20500
2019-08-20,7.8,8.2,7.8,8.2,12200
2019-08-21,8.4,8.4,8.3,8.4,20300
2019-08-22,8.4,8.4,8.2,8.3,11100
2019-08-23,8.2,8.4,7.7,8.3,24900
2019-08-26,8.3,8.3,8.2,8.3,5300
2019-08-27,8.3,8.3,7.7,8.2,16400
2019-08-28,8.9,8.9,8.0,8.9,20300
2019-08-29,8.1,8.2,8.1,8.2,6100
2019-08-30,7.6,8.1,7.6,8.1,66300
2019-09-03,7.9,8.4,7.8,8.4,16200
2019-09-04,8.3,8.3,7.8,8.0,147300
2019-09-05,7.9,8.2,7.9,8.2,74600
2019-09-06,7.6,7.9,7.6,7.9,200
2019-09-09,8.0,8.4,7.3,8.4,12600
2019-09-10,8.3,8.3,8.3,8.3,20000
2019-09-11,8.3,8.3,8.3,8.3,30000
2019-09-12,7.6,8.2,7.5,8.2,39900
2019-09-13,7.5,8.2,7.5,8.2,21300
2019-09-16,7.6,8.3,7.6,8.3,30400
2019-09-17,8.3,8.3,8.3,8.3,0
2019-09-18,7.5,7.9,7.5,7.9,900
2019-09-19,7.8,8.0,7.5,8.0,27080
2019-09-20,8.0,8.0,8.0,8.0,0
2019-09-23,7.4,7.9,7.4,7.4,700
2019-09-24,7.7,7.8,7.5,7.8,31400
2019-09-25,7.5,7.8,7.5,7.8,10300
2019-09-26,7.5,7.8,7.5,7.8,10300
2019-09-27,7.5,8.0,7.1,8.0,43100
2019-09-30,7.9,7.9,7.2,7.9,5900
2019-10-01,7.2,7.8,7.2,7.7,11600
2019-10-02,7.0,7.5,7.0,7.3,25400
2019-10-03,7.3,7.3,6.6,6.6,5000
2019-10-04,6.0,6.0,6.0,6.0,13900
2019-10-07,5.4,5.4,5.4,5.4,200
2019-10-08,4.9,4.9,4.9,4.9,100
2019-10-09,4.5,4.5,4.5,4.5,100
2019-10-10,4.1,4.1,4.1,4.1,63800
2019-10-11,3.7,3.7,3.7,3.7,2100
2019-10-14,3.4,3.4,3.4,3.4,13300
2019-10-15,3.1,3.1,3.1,3.1,4701
2019-10-16,2.8,3.4,2.8,3.4,1123560
2019-10-17,3.7,3.7,3.7,3.7,44000
2019-10-18,4.0,4.0,4.0,4.0,177760
2019-10-21,3.9,3.9,3.6,3.6,58900
2019-10-22,3.3,3.3,3.3,3.3,10800
2019-10-23,3.0,3.0,3.0,3.0,133200
2019-10-24,2.7,3.0,2.7,2.9,358800
2019-10-25,2.8,2.9,2.7,2.7,509600
2019-10-28,2.9,2.9,2.9,2.9,22200
2019-10-29,3.1,3.1,2.9,2.9,315405
2019-10-30,2.8,2.9,2.7,2.7,210800
2019-10-31,2.7,2.9,2.5,2.5,111600
2019-11-01,2.4,2.7,2.3,2.6,102900
2019-11-04,2.6,2.6,2.4,2.4,61400
2019-11-05,2.2,2.4,2.2,2.3,173400
2019-11-06,2.2,2.3,2.1,2.2,78500
2019-11-07,2.2,2.4,2.2,2.2,110311
2019-11-08,2.2,2.3,2.2,2.2,23500
2019-11-11,2.1,2.3,2.1,2.2,65900
2019-11-12,2.2,2.3,2.2,2.3,70534
2019-11-13,2.3,2.4,2.3,2.4,45000
2019-11-14,2.3,2.3,2.2,2.2,69900
2019-11-15,2.1,2.2,2.1,2.2,77500
2019-11-18,2.1,2.2,2.1,2.1,91400
2019-11-19,2.0,2.1,2.0,2.0,71900
2019-11-20,2.0,2.0,2.0,2.0,33700
2019-11-21,2.0,2.0,2.0,2.0,7800
2019-11-22,2.1,2.2,2.1,2.2,130900
2019-11-25,2.4,2.4,2.2,2.4,127700
2019-11-26,2.6,2.6,2.4,2.5,44734
2019-11-27,2.4,2.5,2.3,2.3,44400
2019-11-28,2.1,2.3,2.1,2.2,52000
2019-11-29,2.3,2.3,2.2,2.3,31500
2019-12-02,2.4,2.4,2.4,2.4,22524
2019-12-03,2.4,2.4,2.2,2.3,84300
2019-12-04,2.2,2.5,2.2,2.5,119600
2019-12-05,2.4,2.4,2.3,2.3,16900
2019-12-06,2.4,2.5,2.4,2.4,61000
2019-12-09,2.3,2.4,2.3,2.4,26400
2019-12-10,2.3,2.3,2.2,2.3,12000
2019-12-11,2.2,2.3,2.2,2.3,23500
2019-12-12,2.3,2.3,2.2,2.3,18300
2019-12-13,2.3,2.4,2.3,2.4,26910
2019-12-16,2.3,2.3,2.2,2.3,38600
2019-12-17,2.4,2.4,2.2,2.3,23800
2019-12-18,2.3,2.3,2.2,2.3,64200
2019-12-19,2.2,2.3,2.2,2.3,67500
2019-12-20,2.2,2.3,2.2,2.3,56000
2019-12-23,2.2,2.2,2.1,2.1,73100
2019-12-24,2.2,2.3,2.2,2.2,214800
2019-12-25,2.3,2.4,2.2,2.2,23044
2019-12-26,2.2,2.3,2.2,2.2,20900
2019-12-27,2.2,2.4,2.2,2.3,99600
2019-12-30,2.4,2.5,2.3,2.3,36100
2019-12-31,2.3,2.5,2.3,2.5,278900
2020-01-02,2.5,2.5,2.3,2.3,25144
2020-01-03,2.4,2.5,2.3,2.4,41300
2020-01-06,2.4,2.4,2.3,2.3,52000
2020-01-07,2.4,2.5,2.3,2.5,108400
2020-01-08,2.6,2.6,2.4,2.4,6500
2020-01-09,2.4,2.4,2.3,2.3,12400
2020-01-10,2.3,2.5,2.3,2.4,118700
2020-01-13,2.4,2.6,2.3,2.6,178000
2020-01-14,2.6,2.7,2.6,2.6,120800
2020-01-15,2.5,2.8,2.5,2.8,107200
2020-01-16,3.0,3.0,2.9,3.0,153800
2020-01-17,3.0,3.3,3.0,3.3,211100
2020-01-20,3.2,3.3,3.0,3.0,97400
2020-01-21,2.8,2.9,2.7,2.9,64200
2020-01-22,2.8,2.8,2.7,2.8,48600
2020-01-30,2.6,2.8,2.6,2.7,61800
2020-01-31,2.8,2.8,2.5,2.5,105800
2020-02-03,2.5,2.7,2.5,2.7,99500
2020-02-04,2.7,2.8,2.6,2.8,36800
2020-02-05,2.8,2.8,2.6,2.6,88600
2020-02-06,2.5,2.6,2.4,2.6,101400
2020-02-07,2.6,2.6,2.5,2.6,11100
2020-02-10,2.5,2.7,2.4,2.6,61400
2020-02-11,2.6,2.7,2.6,2.6,11200
2020-02-12,2.7,2.7,2.5,2.6,17320
2020-02-13,2.6,2.6,2.5,2.6,30100
2020-02-14,2.5,2.6,2.5,2.6,16800
2020-02-17,2.6,2.6,2.4,2.6,27200
2020-02-18,2.6,2.6,2.4,2.5,30200
2020-02-19,2.4,2.6,2.4,2.5,174800
2020-02-20,2.4,2.6,2.4,2.6,59500
2020-02-21,2.5,2.6,2.4,2.5,63500
2020-02-24,2.6,2.6,2.5,2.6,55800
2020-02-25,2.5,2.6,2.5,2.6,5500
2020-02-26,2.5,2.5,2.5,2.5,79300
2020-02-27,2.4,2.6,2.4,2.6,63300
2020-02-28,2.5,2.6,2.5,2.5,12300
2020-03-02,2.6,2.6,2.6,2.6,100
2020-03-03,2.5,2.5,2.4,2.4,76500
2020-03-04,2.3,2.4,2.2,2.4,86400
2020-03-05,2.4,2.5,2.4,2.5,56785
2020-03-06,2.4,2.5,2.4,2.5,6215
2020-03-09,2.4,2.5,2.3,2.5,38000
2020-03-10,2.5,2.5,2.3,2.4,58005
2020-03-11,2.5,2.5,2.2,2.3,106400
2020-03-12,2.2,2.3,2.1,2.3,183100
2020-03-13,2.2,2.3,2.1,2.3,117400
2020-03-16,2.2,2.2,2.1,2.1,194400
2020-03-17,2.0,2.2,2.0,2.1,101419
2020-03-18,2.0,2.2,2.0,2.2,11669
2020-03-19,2.2,2.2,2.0,2.1,33800
2020-03-20,2.1,2.1,2.0,2.1,13700
2020-03-23,2.0,2.0,1.9,1.9,109000
2020-03-24,1.8,1.9,1.8,1.8,115320
2020-03-25,1.8,1.9,1.8,1.9,5100
2020-03-26,1.9,2.0,1.9,1.9,2000
2020-03-27,1.9,1.9,1.8,1.9,157100
2020-03-30,1.8,1.9,1.8,1.8,9100
2020-03-31,1.8,1.8,1.7,1.8,24205
2020-04-01,1.7,1.8,1.7,1.8,13600
2020-04-03,1.7,1.8,1.7,1.8,20600
2020-04-06,1.7,1.8,1.7,1.8,5800
2020-04-07,1.8,1.9,1.7,1.8,6600
2020-04-08,1.7,1.8,1.7,1.7,18500
2020-04-09,1.7,1.8,1.7,1.8,40400
2020-04-10,1.7,1.9,1.7,1.9,129100
2020-04-13,1.9,1.9,1.8,1.9,25400
2020-04-14,1.8,1.9,1.8,1.9,31500
2020-04-15,1.9,1.9,1.8,1.9,3700
2020-04-16,1.8,1.9,1.8,1.9,700
2020-04-17,1.8,1.9,1.8,1.9,43700
2020-04-20,1.8,1.9,1.8,1.8,29500
2020-04-21,1.7,1.8,1.7,1.8,48200
2020-04-22,1.7,1.8,1.7,1.8,43600
2020-04-23,1.7,1.8,1.7,1.8,16322
2020-04-24,1.7,1.8,1.7,1.8,102400
2020-04-27,1.7,1.8,1.7,1.8,69600
2020-04-28,1.7,1.8,1.7,1.7,50900
2020-04-29,1.6,1.8,1.6,1.8,61500
2020-05-04,1.7,1.8,1.7,1.7,29700
2020-05-05,1.6,1.7,1.6,1.7,2600
2020-05-06,1.6,1.7,1.6,1.7,48200
2020-05-07,1.6,1.7,1.6,1.7,145300
2020-05-08,1.7,1.7,1.6,1.7,10000
2020-05-11,1.7,1.7,1.6,1.7,4600
2020-05-12,1.7,1.7,1.6,1.6,5700
2020-05-13,1.7,1.7,1.6,1.7,4400
2020-05-14,1.6,1.7,1.6,1.6,60000
2020-05-15,1.7,1.7,1.6,1.7,31700
2020-05-18,1.7,1.8,1.6,1.7,27800
2020-05-19,1.7,1.7,1.7,1.7,4200
2020-05-20,1.7,1.8,1.7,1.8,22800
2020-05-21,1.8,1.8,1.7,1.7,25300
2020-05-22,1.7,1.8,1.6,1.8,29000
2020-05-25,1.8,1.8,1.7,1.7,145010
2020-05-26,1.8,1.8,1.7,1.8,19924
2020-05-27,1.8,1.8,1.7,1.7,31200
2020-05-28,1.8,1.8,1.7,1.8,5000
2020-05-29,1.8,1.8,1.7,1.7,39000
2020-06-01,1.8,1.8,1.8,1.8,50300
2020-06-02,1.9,1.9,1.7,1.8,50500
2020-06-03,1.8,1.9,1.8,1.8,98320
2020-06-04,1.9,1.9,1.8,1.8,106900
2020-06-05,1.8,1.9,1.8,1.9,130301
2020-06-08,1.9,2.0,1.9,1.9,20678
2020-06-09,1.9,2.0,1.9,2.0,36010
2020-06-10,2.1,2.1,2.0,2.1,33810
2020-06-11,2.1,2.1,2.0,2.1,34610
2020-06-12,2.0,2.1,2.0,2.0,56600
2020-06-15,2.1,2.2,1.9,2.2,245158
2020-06-16,2.3,2.4,2.3,2.4,163132
2020-06-17,2.5,2.6,2.3,2.5,146500
2020-06-18,2.4,2.6,2.3,2.6,192400
2020-06-19,2.4,2.8,2.4,2.8,215468
2020-06-22,2.8,2.8,2.6,2.7,70805
2020-06-23,2.5,2.6,2.5,2.6,89900
2020-06-24,2.4,2.6,2.4,2.6,147500
2020-06-25,2.4,2.8,2.4,2.8,222600
2020-06-26,2.7,3.0,2.6,2.8,72835
2020-06-29,2.6,2.6,2.6,2.6,37000
2020-06-30,2.4,2.6,2.4,2.6,97100
2020-07-01,2.4,2.7,2.4,2.5,22010
2020-07-02,2.4,2.6,2.3,2.3,47600
2020-07-03,2.4,2.5,2.1,2.3,118056
2020-07-06,2.2,2.5,2.1,2.4,43500
2020-07-07,2.3,2.4,2.2,2.4,11800
2020-07-08,2.2,2.5,2.2,2.4,24700
2020-07-09,2.2,2.6,2.2,2.4,60300
2020-07-10,2.4,2.6,2.4,2.6,57610
2020-07-13,2.4,2.6,2.4,2.6,131400
2020-07-14,2.7,2.8,2.5,2.6,928500
2020-07-15,2.6,2.8,2.6,2.8,110870
2020-07-16,2.9,3.0,2.8,3.0,195407
2020-07-17,2.8,2.9,2.7,2.9,118500
2020-07-20,2.9,3.0,2.8,3.0,82200
2020-07-21,2.7,3.3,2.7,3.3,80677
2020-07-22,3.3,3.4,3.2,3.2,31000
2020-07-23,2.9,3.5,2.9,3.4,66600
2020-07-24,3.4,3.7,3.1,3.1,98800
2020-07-27,2.8,3.4,2.8,3.4,113800
2020-07-28,3.2,3.7,3.2,3.6,26100
2020-07-29,3.5,3.9,3.5,3.9,60400
2020-07-30,4.0,4.2,4.0,4.2,180100
2020-07-31,4.2,4.6,4.0,4.3,30100
2020-08-03,4.2,4.4,3.9,4.1,96800
2020-08-04,4.0,4.1,3.7,3.8,86600
2020-08-05,3.5,4.0,3.5,3.9,23300
2020-08-06,3.7,4.2,3.6,4.2,432470
2020-08-07,4.3,4.4,3.9,4.0,36900
2020-08-10,4.4,4.4,3.6,3.6,285400
2020-08-11,3.6,3.9,3.4,3.9,128800
2020-08-12,3.7,4.2,3.7,4.2,287247
2020-08-13,4.5,4.5,4.0,4.2,72300
2020-08-14,4.3,4.3,3.9,4.0,49900
2020-08-17,4.0,4.3,4.0,4.0,19800
2020-08-18,4.0,4.2,3.8,3.9,22200
2020-08-19,3.6,4.2,3.6,4.2,224300
2020-08-20,3.9,4.6,3.9,4.6,533000
2020-08-21,4.3,4.6,4.2,4.6,130200
2020-08-24,4.6,4.8,4.4,4.8,22200
2020-08-25,4.8,5.1,4.6,5.0,293120
2020-08-26,4.8,5.1,4.5,5.1,115300
2020-08-27,5.0,5.2,4.6,5.1,29900
2020-08-28,5.1,5.1,4.8,5.1,61801
2020-08-31,4.8,5.2,4.8,4.8,37400
2020-09-01,4.8,5.0,4.6,4.8,43200
2020-09-03,5.0,5.0,4.4,4.5,46100
2020-09-04,4.7,4.8,4.3,4.8,103810
2020-09-07,4.6,5.0,4.6,4.9,8800
2020-09-08,4.6,4.9,4.6,4.9,86800
2020-09-09,4.8,5.0,4.6,4.8,8600
2020-09-10,4.9,4.9,4.6,4.9,23610
2020-09-11,5.0,5.0,4.5,4.8,114000
2020-09-14,4.6,5.2,4.6,4.8,114100
2020-09-15,4.6,5.1,4.6,5.0,7800
2020-09-16,4.7,5.1,4.7,4.9,30900
2020-09-17,4.7,5.3,4.7,5.3,200710
2020-09-18,5.1,5.3,5.0,5.3,610
2020-09-21,4.8,5.4,4.8,5.1,22000
2020-09-22,4.8,5.6,4.8,4.8,23210
2020-09-23,4.6,5.1,4.6,4.9,105800
2020-09-24,4.6,5.0,4.6,4.6,204800
2020-09-25,5.0,5.0,4.6,4.8,53600
2020-09-28,4.6,4.9,4.4,4.7,553110
2020-09-29,4.4,5.0,4.4,4.4,39400
2020-09-30,4.6,4.8,4.2,4.6,3420
2020-10-01,4.6,4.7,4.4,4.4,57400
2020-10-02,4.6,4.7,4.4,4.5,78000
2020-10-05,4.6,4.7,4.1,4.4,160300
2020-10-06,4.5,4.7,4.3,4.6,193600
2020-10-07,4.7,4.7,4.2,4.5,117000
2020-10-08,4.3,4.6,4.2,4.2,43200
2020-10-09,4.4,4.4,4.0,4.2,28300
2020-10-12,4.3,4.4,4.0,4.4,11500
2020-10-13,4.4,4.4,4.0,4.0,31200
2020-10-14,4.0,4.2,4.0,4.0,23300
2020-10-15,3.9,4.3,3.8,4.2,156900
2020-10-16,4.2,4.3,3.8,4.0,62300
2020-10-19,4.0,4.2,3.6,3.8,129300
2020-10-20,3.8,4.1,3.6,4.1,102500
2020-10-21,4.1,4.1,3.7,4.1,94000
2020-10-22,4.1,4.2,3.9,4.2,16000
2020-10-23,4.2,4.3,4.0,4.2,298400
2020-10-26,4.0,4.5,4.0,4.3,83100
2020-10-27,4.3,4.3,4.2,4.2,101100
2020-10-28,4.3,4.3,3.8,3.9,35300
2020-10-29,4.1,4.2,3.7,3.9,40100
2020-10-30,4.1,4.1,3.6,3.6,27200
2020-11-02,3.8,3.9,3.7,3.8,307200
2020-11-03,3.9,3.9,3.8,3.9,54200
2020-11-04,3.6,3.9,3.6,3.8,167100
2020-11-05,3.6,3.7,3.5,3.7,89900
2020-11-06,3.7,3.8,3.4,3.8,138800
2020-11-09,3.5,3.8,3.5,3.7,1300
2020-11-10,3.8,3.8,3.6,3.6,540700
2020-11-11,3.7,3.9,3.5,3.9,259700
2020-11-12,3.9,4.1,3.8,4.0,17500
2020-11-13,3.8,4.3,3.8,4.0,23100
2020-11-16,4.4,4.4,3.9,4.0,59000
2020-11-17,4.4,4.4,4.0,4.1,1300
2020-11-18,4.4,4.4,3.9,4.2,30100
2020-11-19,4.0,4.1,4.0,4.0,30200
2020-11-20,4.2,4.2,3.9,4.1,47300
2020-11-23,3.9,4.4,3.9,4.2,15500
2020-11-24,4.2,4.2,3.8,4.2,91700
2020-11-25,3.8,4.2,3.8,4.2,1700
2020-11-26,3.8,4.2,3.8,4.0,76700
2020-11-27,3.8,4.1,3.6,3.7,227600
2020-11-30,3.8,3.9,3.8,3.9,4100
2020-12-01,4.0,4.0,3.6,4.0,155400
2020-12-02,3.6,4.0,3.6,4.0,159600
2020-12-03,4.0,4.0,3.8,4.0,400
2020-12-04,3.6,4.0,3.6,3.7,52500
2020-12-07,3.8,3.9,3.5,3.8,7200
2020-12-08,3.9,3.9,3.9,3.9,100
2020-12-09,3.6,3.7,3.6,3.6,13800
2020-12-10,3.4,3.7,3.4,3.7,57100
2020-12-11,3.4,3.7,3.4,3.6,16300
2020-12-14,3.7,3.8,3.4,3.5,15900
2020-12-15,3.4,3.7,3.4,3.5,93800
2020-12-16,3.7,3.7,3.5,3.5,46400
2020-12-17,3.5,3.6,3.4,3.5,10600
2020-12-18,3.4,3.6,3.4,3.5,15200
2020-12-21,3.6,3.6,3.4,3.5,7000
2020-12-22,3.6,3.6,3.3,3.5,12600
2020-12-23,3.5,3.6,3.3,3.4,88400
2020-12-24,3.5,3.5,3.4,3.4,4300
2020-12-25,3.5,3.6,3.3,3.5,29700
2020-12-28,3.4,3.4,3.3,3.4,15300
2020-12-29,3.2,3.5,3.2,3.4,10700
2020-12-30,3.2,3.5,3.2,3.3,17845
2020-12-31,3.4,3.4,3.3,3.4,7303
2021-01-04,3.3,3.5,3.3,3.3,42600
2021-01-05,3.3,3.3,3.2,3.2,54100
2021-01-06,3.1,3.4,3.1,3.3,12200
2021-01-07,3.2,3.4,3.2,3.4,26400
2021-01-08,3.4,3.4,3.1,3.2,82100
2021-01-11,3.2,3.3,3.1,3.3,15410
2021-01-12,3.2,3.3,3.2,3.3,15700
2021-01-13,3.2,3.2,3.1,3.2,36700
2021-01-14,3.2,3.5,3.2,3.3,149350
2021-01-15,3.4,3.6,3.4,3.6,224877
2021-01-18,3.8,3.9,3.7,3.9,243797
2021-01-19,3.9,4.0,3.6,3.6,166900
2021-01-20,3.7,3.8,3.3,3.8,90700
2021-01-21,3.8,4.0,3.8,3.8,61715
2021-01-22,3.8,3.8,3.5,3.7,59000
2021-01-25,3.4,3.7,3.4,3.4,239999
2021-01-26,3.2,3.3,3.1,3.2,291100
2021-01-27,3.0,3.4,3.0,3.0,115645
2021-01-28,2.9,2.9,2.7,2.7,87010
2021-01-29,2.6,2.8,2.5,2.8,20400
2021-02-01,2.8,2.8,2.6,2.7,59600
2021-02-02,2.7,2.7,2.5,2.7,83557
2021-02-03,2.7,2.9,2.6,2.9,23900
2021-02-04,2.9,2.9,2.9,2.9,18900
2021-02-05,2.9,2.9,2.7,2.9,24300
2021-02-08,2.9,2.9,2.7,2.9,31800
2021-02-09,2.8,2.9,2.7,2.7,39700
2021-02-17,2.7,2.9,2.7,2.9,9700
2021-02-18,2.7,2.8,2.7,2.8,31400
2021-02-19,2.7,2.9,2.7,2.8,220215
2021-02-22,2.8,2.9,2.7,2.9,104700
2021-02-23,2.8,2.9,2.7,2.7,63900
2021-02-24,2.8,2.9,2.7,2.9,128200
2021-02-25,2.9,2.9,2.7,2.9,63800
2021-02-26,2.8,2.9,2.8,2.9,22300
2021-03-01,2.9,2.9,2.8,2.9,65300
2021-03-02,2.8,2.8,2.8,2.8,112703
2021-03-03,2.8,2.9,2.7,2.9,123500
2021-03-04,2.9,3.1,2.9,3.1,185400
2021-03-05,3.1,3.2,3.1,3.2,166573
2021-03-08,3.2,3.2,3.1,3.2,78000
2021-03-09,3.3,3.4,3.2,3.3,142600
2021-03-10,3.3,3.3,3.0,3.1,104318
2021-03-11,3.0,3.1,3.0,3.1,96339
2021-03-12,2.9,3.0,2.9,3.0,64200
2021-03-15,3.0,3.0,2.9,3.0,21900
2021-03-16,3.0,3.1,2.9,3.1,89700
2021-03-17,3.1,3.2,3.1,3.1,113700
2021-03-18,3.1,3.2,3.0,3.1,20616
2021-03-19,3.1,3.1,3.0,3.1,91800
2021-03-22,3.1,3.2,3.0,3.1,32800
2021-03-23,3.1,3.4,3.0,3.4,500800
2021-03-24,3.4,3.7,3.4,3.7,311688
2021-03-25,3.9,4.0,3.7,3.8,282500
2021-03-26,3.8,3.8,3.5,3.6,452100
2021-03-29,3.6,3.7,3.4,3.6,145759
2021-03-30,3.7,3.9,3.7,3.8,392000
2021-03-31,3.8,4.0,3.7,3.8,193810
2021-04-01,3.7,3.9,3.6,3.7,190759
2021-04-02,3.7,3.8,3.6,3.8,241200
2021-04-05,3.8,4.0,3.7,4.0,196219
2021-04-06,4.0,4.3,3.9,4.1,360110
2021-04-07,4.1,4.3,4.0,4.3,223315
2021-04-08,4.3,4.3,4.0,4.0,201364
2021-04-09,4.0,4.3,4.0,4.1,211000
2021-04-12,4.2,4.5,4.2,4.5,508550
2021-04-13,4.7,4.7,4.1,4.2,508550
2021-04-14,4.2,4.6,3.9,4.6,434800
2021-04-15,4.6,4.7,4.3,4.5,401800
2021-04-16,4.5,4.5,4.1,4.2,233114
2021-04-19,4.2,4.2,3.9,4.0,164600
2021-04-20,4.0,4.0,3.6,3.7,198347
2021-04-22,3.8,3.9,3.6,3.6,71714
2021-04-23,3.7,3.7,3.3,3.4,180900
2021-04-26,3.4,3.4,3.4,3.4,0
2021-04-27,3.4,3.4,3.4,3.4,0
2021-04-28,3.4,3.4,3.4,3.4,0
2021-04-29,3.4,3.4,3.4,3.4,0
2021-05-04,3.4,3.4,3.4,3.4,0
2021-05-05,3.4,3.4,3.4,3.4,0
2021-05-06,3.4,3.4,3.4,3.4,0
2021-05-07,3.1,3.1,3.1,3.1,13412
2021-05-10,3.1,3.1,3.1,3.1,0
2021-05-11,3.1,3.1,3.1,3.1,0
2021-05-12,3.1,3.1,3.1,3.1,0
2021-05-13,3.1,3.1,3.1,3.1,0
2021-05-14,2.8,3.4,2.8,3.3,1011704
2021-05-17,3.4,3.6,3.4,3.6,190200
2021-05-18,3.8,3.9,3.7,3.9,343000
2021-05-19,3.8,3.9,3.6,3.6,401120
2021-05-20,3.3,3.5,3.3,3.3,270500
2021-05-21,3.2,3.4,3.0,3.4,112450
2021-05-24,3.4,3.6,3.2,3.5,96000
2021-05-25,3.5,3.5,3.2,3.4,73000
2021-05-26,3.2,3.3,3.1,3.1,141300
2021-05-27,3.0,3.3,2.9,3.2,70500
2021-05-28,3.1,3.2,3.0,3.0,128600
2021-05-31,3.1,3.2,3.0,3.2,125000
2021-06-01,3.2,3.2,3.1,3.2,85800
2021-06-02,3.1,3.3,3.1,3.3,123848
2021-06-03,3.3,3.4,3.2,3.4,279105
2021-06-04,3.4,3.4,3.2,3.3,35600
2021-06-07,3.2,3.3,3.0,3.2,253289
2021-06-08,3.1,3.2,3.1,3.2,42610
2021-06-09,3.2,3.2,3.0,3.1,38500
2021-06-10,3.1,3.1,3.0,3.0,44300
2021-06-11,3.1,3.2,3.0,3.0,22400
2021-06-14,3.0,3.1,3.0,3.1,151900
2021-06-15,3.1,3.2,3.0,3.2,61900
2021-06-16,3.1,3.2,3.0,3.2,114200
2021-06-17,3.1,3.2,3.0,3.1,194010
2021-06-18,3.1,3.2,3.1,3.2,71400
2021-06-21,3.1,3.2,3.1,3.1,137900
2021-06-22,3.1,3.2,3.1,3.1,20800
2021-06-23,3.1,3.1,3.1,3.1,128900
2021-06-24,3.0,3.1,3.0,3.1,30200
2021-06-25,3.0,3.1,3.0,3.1,60300
2021-06-28,3.1,3.1,3.0,3.0,61100
2021-06-29,3.0,3.3,3.0,3.3,381800
2021-06-30,3.3,3.4,3.2,3.3,155110
2021-07-01,3.2,3.3,3.1,3.3,117300
2021-07-02,3.3,3.3,3.1,3.2,71800
2021-07-05,3.3,3.3,3.0,3.2,25979
2021-07-06,3.2,3.2,3.1,3.1,70400
2021-07-07,3.1,3.2,3.0,3.2,60400
2021-07-08,3.1,3.2,3.1,3.1,47100
2021-07-09,3.1,3.1,3.0,3.0,34500
2021-07-12,3.0,3.0,2.7,2.8,151220
2021-07-13,2.7,2.9,2.7,2.8,25000
2021-07-14,2.9,2.9,2.8,2.8,13000
2021-07-15,2.9,2.9,2.8,2.8,8200
2021-07-16,2.8,3.0,2.8,3.0,42200
2021-07-19,3.0,3.0,2.8,2.8,44300
2021-07-20,2.8,2.9,2.7,2.9,105900
2021-07-21,2.8,2.9,2.8,2.8,102700
2021-07-22,2.8,2.9,2.7,2.8,110605
2021-07-23,2.9,2.9,2.8,2.9,302800
2021-07-26,2.8,2.9,2.8,2.9,5400
2021-07-27,2.9,2.9,2.8,2.8,156200
2021-07-28,2.9,3.0,2.9,2.9,43400
2021-07-29,2.9,3.0,2.8,2.9,81705
2021-07-30,2.9,3.1,2.9,3.1,267200
2021-08-02,3.2,3.2,3.0,3.1,72900
2021-08-03,3.0,3.2,3.0,3.1,157300
2021-08-04,3.0,3.1,3.0,3.0,144300
2021-08-05,3.0,3.2,3.0,3.1,119200
2021-08-06,3.2,3.2,3.1,3.2,176800
2021-08-09,3.2,3.2,3.1,3.2,39700
2021-08-10,3.2,3.5,3.2,3.5,294300
2021-08-11,3.7,3.7,3.4,3.4,167400
2021-08-12,3.3,3.4,3.3,3.3,113200
2021-08-13,3.3,3.3,3.2,3.2,23015
2021-08-16,3.3,3.4,3.2,3.2,93300
2021-08-17,3.2,3.2,3.1,3.1,187700
2021-08-18,3.2,3.4,3.2,3.4,241977
2021-08-19,3.6,3.7,3.4,3.7,364100
2021-08-20,3.7,3.7,3.4,3.5,162600
2021-08-23,3.8,3.8,3.2,3.7,416900
2021-08-24,4.0,4.0,3.4,3.6,326800
2021-08-25,3.9,3.9,3.4,3.4,58700
2021-08-26,3.3,3.4,3.3,3.3,78100
2021-08-27,3.3,3.4,3.3,3.3,69145
2021-08-30,3.4,3.5,3.3,3.4,115300
2021-08-31,3.4,3.5,3.4,3.5,56110
2021-09-01,3.5,3.6,3.5,3.5,55300
2021-09-06,3.5,3.7,3.5,3.6,101632
2021-09-07,3.7,3.7,3.5,3.5,68900
2021-09-08,3.4,3.5,3.4,3.5,38500
2021-09-09,3.5,3.5,3.4,3.5,47000
2021-09-10,3.5,3.6,3.4,3.6,187800
2021-09-13,3.6,3.9,3.6,3.9,496745
2021-09-14,4.0,4.2,4.0,4.2,283210
2021-09-15,4.4,4.4,4.0,4.0,132000
2021-09-16,4.0,4.4,3.9,4.1,371200
2021-09-17,4.0,4.3,4.0,4.2,152702
2021-09-20,4.2,4.5,4.2,4.4,250400
2021-09-21,4.3,4.8,4.3,4.8,474002
2021-09-22,5.1,5.2,5.1,5.2,70242
2021-09-23,5.7,5.7,5.3,5.7,1287053
2021-09-24,6.1,6.1,5.2,5.2,341200
2021-09-27,4.7,5.3,4.7,4.7,231625
2021-09-28,4.5,5.1,4.3,5.0,403153
2021-09-29,5.0,5.0,4.6,4.8,50100
2021-09-30,4.8,5.1,4.7,5.0,39108
2021-10-01,4.9,4.9,4.7,4.9,34200
2021-10-04,4.7,4.8,4.5,4.5,160610
2021-10-05,4.7,4.7,4.5,4.7,31300
2021-10-06,4.6,4.7,4.5,4.7,103500
2021-10-07,4.7,5.1,4.6,5.0,82503
2021-10-08,5.1,5.1,4.8,4.8,50900
2021-10-11,4.8,4.8,4.7,4.8,58108
2021-10-12,4.8,4.9,4.7,4.8,69800
2021-10-13,4.7,4.8,4.7,4.7,136310
2021-10-14,4.7,4.9,4.7,4.8,46012
2021-10-15,4.9,5.1,4.8,5.0,99100
2021-10-18,4.9,5.0,4.9,4.9,14800
2021-10-19,4.9,5.1,4.8,5.1,83800
2021-10-20,5.0,5.6,5.0,5.5,192037
2021-10-21,5.7,6.0,5.6,6.0,207600
2021-10-22,6.5,6.6,6.0,6.2,182500
2021-10-25,6.1,6.1,5.6,5.6,363125
2021-10-26,5.5,5.8,5.3,5.8,103900
2021-10-27,6.0,6.0,5.5,5.7,176000
2021-10-28,5.7,5.8,5.5,5.8,87200
2021-10-29,5.7,5.9,5.7,5.9,71100
2021-11-01,5.9,6.1,5.8,5.9,108600
2021-11-02,5.9,6.1,5.7,6.1,378211
2021-11-03,6.2,6.3,5.8,5.9,152625
2021-11-04,6.0,6.0,5.7,6.0,121500
2021-11-05,5.8,5.9,5.7,5.9,102500
2021-11-08,5.9,6.0,5.5,5.9,115205
2021-11-09,5.9,6.0,5.7,5.8,247900
2021-11-10,5.8,5.8,5.7,5.8,94500
2021-11-11,5.8,6.3,5.7,6.1,296700
2021-11-12,6.2,6.5,6.1,6.5,183220
2021-11-15,6.5,7.1,6.4,7.1,319200
2021-11-16,7.1,7.1,6.4,6.7,255900
2021-11-17,6.6,7.0,6.4,6.7,156700
2021-11-18,6.8,7.2,6.8,7.1,200267
2021-11-19,7.1,7.3,6.7,7.1,222100
2021-11-22,6.9,6.9,6.4,6.6,214520
2021-11-23,6.5,6.6,6.0,6.5,66652
2021-11-24,6.5,6.8,6.5,6.6,67305
2021-11-25,6.7,7.2,6.6,7.2,379420
2021-11-26,7.7,7.9,7.7,7.9,323917
2021-11-29,8.4,8.6,8.0,8.6,260142
2021-11-30,9.4,9.4,9.0,9.2,1096123
2021-12-01,9.2,9.4,8.3,9.1,397341
2021-12-02,9.0,9.1,8.3,8.8,152255
2021-12-03,8.8,8.8,8.0,8.0,762131
2021-12-06,8.0,8.0,7.2,7.2,470800
2021-12-07,7.3,7.9,7.0,7.9,78800
2021-12-08,8.0,8.2,7.4,7.8,100000
2021-12-09,7.4,7.8,7.3,7.7,227410
2021-12-10,7.6,7.8,7.4,7.4,56001
2021-12-13,7.4,7.8,7.4,7.8,88050
2021-12-14,7.8,7.8,7.5,7.6,128620
2021-12-15,7.6,7.8,7.4,7.5,90400
2021-12-16,7.5,7.8,7.3,7.8,284000
2021-12-17,7.3,7.8,7.3,7.7,144818
2021-12-20,7.7,7.7,7.5,7.7,107600
2021-12-21,7.7,7.8,7.5,7.8,184821
2021-12-22,7.8,7.8,7.6,7.8,243711
2021-12-23,7.9,8.5,7.8,8.5,815131
2021-12-24,8.5,9.1,8.2,8.4,193600
2021-12-27,8.4,8.4,7.8,8.1,195439
2021-12-28,8.1,8.1,7.6,7.9,299600
2021-12-29,7.9,8.3,7.9,8.2,85841
2021-12-30,8.3,8.4,7.8,8.0,274301
2021-12-31,8.0,8.0,7.6,7.9,126800
2022-01-04,7.9,8.2,7.8,7.9,266388
2022-01-05,7.9,7.9,7.7,7.7,394100
2022-01-06,7.8,8.4,7.7,8.2,313841
2022-01-07,8.3,8.9,8.2,8.9,454601
2022-01-10,8.9,9.3,8.5,8.9,469870
2022-01-11,8.9,8.9,8.3,8.5,227900
2022-01-12,8.5,8.5,7.7,8.0,366201
2022-01-13,7.8,8.0,7.2,7.2,222701
2022-01-14,7.2,7.8,6.5,7.8,171400
2022-01-17,7.7,7.7,7.1,7.1,76000
2022-01-18,7.1,7.1,6.4,6.4,153500
2022-01-19,6.4,6.9,5.8,6.0,138900
2022-01-20,5.9,6.6,5.6,6.6,33700
2022-01-21,6.7,7.2,6.7,7.2,74400
2022-01-24,7.2,7.2,6.5,6.5,80201
2022-01-25,6.5,6.5,6.0,6.4,53300
2022-01-26,6.4,6.6,6.0,6.0,36500
2022-01-27,6.0,6.6,5.9,6.3,192700
2022-01-28,6.1,6.3,5.7,6.3,61200
2022-02-07,6.2,6.8,6.2,6.7,45800
2022-02-08,6.7,6.7,6.5,6.6,76200
2022-02-09,6.6,6.7,6.5,6.7,43100
2022-02-10,6.7,6.7,6.5,6.7,46800
2022-02-11,6.3,6.6,6.3,6.6,64340
2022-02-14,6.5,6.6,6.3,6.3,73102
2022-02-15,6.9,6.9,6.3,6.5,39400
2022-02-16,7.0,7.0,6.4,6.5,46100
2022-02-17,7.0,7.0,6.3,6.6,49000
2022-02-18,6.6,6.6,6.3,6.5,69000
2022-02-21,6.5,6.7,6.5,6.6,105041
2022-02-22,6.6,6.6,6.3,6.5,108301
2022-02-23,6.4,6.6,6.4,6.5,126300
2022-02-24,6.4,6.5,6.3,6.5,170400
2022-02-25,6.5,6.6,6.4,6.5,55441
2022-02-28,6.5,6.6,6.3,6.6,89000
2022-03-01,6.5,6.6,6.4,6.5,58600
2022-03-02,6.4,6.5,6.3,6.3,70800
2022-03-03,6.4,6.5,6.4,6.5,58600
2022-03-04,6.6,6.6,6.5,6.6,121669
2022-03-07,6.6,7.2,6.6,7.2,366600
2022-03-08,7.7,7.9,7.0,7.1,134305
2022-03-09,7.0,7.0,6.7,6.9,64016
2022-03-10,6.9,7.1,6.8,7.0,233700
2022-03-11,6.8,7.2,6.3,7.0,411358
2022-03-14,7.0,7.0,6.6,6.8,102200
2022-03-15,6.8,6.8,6.6,6.7,53100
2022-03-16,6.6,6.9,6.5,6.7,112000
2022-03-17,6.7,6.9,6.7,6.9,233100
2022-03-18,7.0,7.0,6.8,6.9,96100
2022-03-21,6.9,7.0,6.8,7.0,70541
2022-03-22,6.8,7.0,6.8,7.0,134200
2022-03-23,6.9,7.0,6.7,6.8,131500
2022-03-24,6.8,6.9,6.7,6.9,67200
2022-03-25,6.8,6.9,6.6,6.8,115500
2022-03-28,6.8,6.8,6.2,6.6,161650
2022-03-29,6.4,6.8,6.3,6.7,82100
2022-03-30,6.7,6.7,6.4,6.5,118500
2022-03-31,6.5,6.8,6.4,6.6,101700
2022-04-01,6.6,7.2,6.6,7.2,621400
2022-04-04,7.2,7.5,6.9,6.9,163600
2022-04-05,6.9,6.9,6.7,6.7,48150
2022-04-06,6.5,6.6,6.1,6.6,223100
2022-04-07,6.8,6.9,6.3,6.5,32300
2022-04-08,6.4,6.7,6.3,6.3,79400
2022-04-12,6.3,6.3,6.1,6.1,65100
2022-04-13,6.1,6.4,6.0,6.1,51000
2022-04-14,6.1,6.3,6.1,6.2,31200
2022-04-15,6.2,6.3,6.0,6.1,40430
2022-04-18,5.8,6.1,5.7,5.8,92200
2022-04-19,5.5,5.7,5.3,5.5,120000
2022-04-20,5.5,5.5,5.3,5.4,38600
2022-04-21,5.4,5.4,4.9,4.9,130100
2022-04-22,4.9,5.3,4.9,5.2,60510
2022-04-25,5.6,5.7,4.9,5.2,17600
2022-04-26,5.0,5.5,5.0,5.3,60400
2022-04-27,5.3,5.5,5.3,5.5,17500
2022-04-28,5.5,5.5,5.0,5.4,23500
2022-04-29,5.2,5.3,5.1,5.3,57800
2022-05-04,5.4,5.5,5.3,5.4,45600
2022-05-05,5.4,5.4,5.2,5.4,17500
2022-05-06,5.4,5.4,5.2,5.4,24100
2022-05-09,5.4,5.4,4.9,4.9,56600
2022-05-10,4.8,5.3,4.8,4.8,33200
2022-05-11,4.8,5.2,4.8,5.2,16500
2022-05-12,4.9,5.4,4.7,5.0,11800
2022-05-13,4.8,4.9,4.5,4.5,24500
2022-05-16,4.6,4.9,4.6,4.8,16300
2022-05-17,5.0,5.2,5.0,5.0,24200
2022-05-18,5.0,5.0,4.8,4.9,20700
2022-05-19,4.9,4.9,4.5,4.5,8500
2022-05-20,4.5,4.8,4.5,4.8,14700
2022-05-23,4.7,4.7,4.7,4.7,31800
2022-05-24,4.6,4.7,4.5,4.7,10900
2022-05-25,4.5,4.7,4.5,4.6,48600
2022-05-26,4.7,4.7,4.6,4.6,13700
2022-05-27,4.6,4.6,4.5,4.5,23600
2022-05-30,4.5,4.7,4.5,4.7,24100
2022-05-31,4.7,4.7,4.5,4.6,18600
2022-06-01,4.6,4.6,4.5,4.5,15400
2022-06-02,4.5,4.5,4.2,4.2,59200
2022-06-03,4.1,4.2,4.1,4.2,11300
2022-06-06,4.1,4.1,4.0,4.1,91300
2022-06-07,3.8,4.0,3.8,4.0,12800
2022-06-08,4.0,4.1,3.9,4.0,15800
2022-06-09,4.1,4.2,3.9,3.9,29200
2022-06-10,4.0,4.0,3.6,3.6,66200
2022-06-13,3.6,3.8,3.5,3.7,29300
2022-06-14,3.8,3.8,3.4,3.7,9800
2022-06-15,3.8,3.8,3.4,3.4,9500
2022-06-16,3.1,3.3,3.1,3.1,66500
2022-06-17,3.0,3.0,2.8,2.8,36300
2022-06-20,2.8,2.8,2.6,2.7,30500
2022-06-21,2.5,2.8,2.5,2.6,17800
2022-06-22,2.4,2.8,2.4,2.8,19800
2022-06-23,2.9,3.0,2.9,2.9,11700
2022-06-24,3.1,3.1,2.9,3.0,24200
2022-06-27,3.1,3.1,2.7,2.9,108000
2022-06-28,2.9,3.1,2.9,3.0,24500
2022-06-29,3.0,3.2,3.0,3.0,22000
2022-06-30,3.0,3.0,2.9,2.9,22600
2022-07-01,2.9,2.9,2.7,2.9,7000
2022-07-04,2.9,3.1,2.9,3.1,34700
2022-07-05,3.0,3.0,2.9,3.0,11800
2022-07-06,2.9,3.0,2.9,3.0,1200
2022-07-07,2.9,3.0,2.9,3.0,500
2022-07-08,2.9,3.0,2.9,3.0,5400
2022-07-11,2.9,3.0,2.9,3.0,34000
2022-07-12,3.0,3.0,2.9,3.0,46400
2022-07-13,3.0,3.0,3.0,3.0,17200
2022-07-14,3.0,3.1,3.0,3.1,26300
2022-07-15,3.0,3.1,3.0,3.1,74000
2022-07-18,3.0,3.2,3.0,3.1,71500
2022-07-19,3.1,3.3,3.1,3.3,83500
2022-07-20,3.2,3.6,3.2,3.3,105900
2022-07-21,3.6,3.6,3.3,3.4,7400
2022-07-22,3.4,3.5,3.1,3.1,15000
2022-07-25,3.2,3.4,3.2,3.4,29800
2022-07-26,3.5,3.6,3.4,3.4,15200
2022-07-27,3.4,3.5,3.4,3.5,800
2022-07-28,3.6,3.7,3.5,3.6,28600
2022-07-29,3.6,3.6,3.5,3.6,12800
2022-08-01,3.6,3.6,3.4,3.4,25300
2022-08-02,3.4,3.6,3.4,3.4,31700
2022-08-03,3.4,3.7,3.4,3.5,19100
2022-08-04,3.6,3.8,3.6,3.8,79700
2022-08-05,3.8,4.1,3.8,4.1,117800
2022-08-08,4.1,4.4,4.0,4.4,64400
2022-08-09,4.2,4.4,4.0,4.0,88700
2022-08-10,4.0,4.3,4.0,4.1,8400
2022-08-11,4.1,4.1,3.8,3.8,68500
2022-08-12,3.9,4.0,3.8,4.0,3700
2022-08-15,4.0,4.1,4.0,4.1,6400
2022-08-16,4.1,4.1,4.0,4.0,18600
2022-08-17,3.9,3.9,3.9,3.9,17810
2022-08-18,4.0,4.2,3.9,4.2,102300
2022-08-19,4.2,4.2,3.9,3.9,6800
2022-08-22,4.2,4.2,3.9,4.2,140452
2022-08-23,4.1,4.1,4.1,4.1,5000
2022-08-24,4.0,4.3,4.0,4.1,6000
2022-08-25,4.0,4.1,3.9,4.0,17300
2022-08-26,4.1,4.1,3.8,3.9,32338
2022-08-29,3.9,4.1,3.7,3.9,16300
2022-08-30,3.9,3.9,3.8,3.9,5500
2022-08-31,3.8,4.0,3.8,4.0,33238
2022-09-05,3.8,3.9,3.8,3.9,600
2022-09-06,3.9,3.9,3.8,3.9,30100
2022-09-07,3.8,3.8,3.7,3.8,19300
2022-09-08,3.7,3.8,3.7,3.8,17600
2022-09-09,3.8,3.8,3.8,3.8,18100
2022-09-12,3.6,3.7,3.6,3.7,7507
2022-09-13,3.8,4.0,3.7,3.7,19601
2022-09-14,3.7,4.0,3.6,3.9,26000
2022-09-15,3.8,3.8,3.7,3.8,2273
2022-09-16,3.8,3.8,3.8,3.8,150
2022-09-19,3.6,3.6,3.6,3.6,600
2022-09-20,3.6,3.6,3.5,3.6,39200
2022-09-21,3.7,3.7,3.7,3.7,200
2022-09-22,3.5,3.8,3.5,3.8,11900
2022-09-23,3.6,3.8,3.6,3.8,3546
2022-09-26,3.6,3.7,3.5,3.5,14500
2022-09-27,3.7,3.7,3.7,3.7,100
2022-09-28,3.4,3.7,3.4,3.7,2641
2022-09-29,3.6,3.7,3.6,3.7,3911
2022-09-30,3.5,3.5,3.4,3.5,7200
2022-10-03,3.4,3.6,3.3,3.5,2200
2022-10-04,3.4,3.6,3.3,3.6,4300
2022-10-05,3.4,3.4,3.4,3.4,1200
2022-10-06,3.3,3.4,3.1,3.4,2400
2022-10-07,3.2,3.6,3.2,3.6,5300
2022-10-10,3.6,3.6,3.3,3.6,2700
2022-10-11,3.3,3.5,3.3,3.3,11700
2022-10-12,3.3,3.3,3.3,3.3,500
2022-10-13,3.1,3.3,3.1,3.3,13700
2022-10-14,3.5,3.5,3.1,3.2,1500
2022-10-17,3.2,3.2,3.0,3.0,200
2022-10-18,3.0,3.3,3.0,3.3,1400
2022-10-19,3.4,3.4,3.4,3.4,100
2022-10-20,3.1,3.4,3.1,3.4,12100
2022-10-21,3.4,3.4,3.4,3.4,18200
2022-10-24,3.3,3.3,3.3,3.3,105
2022-10-25,3.1,3.2,3.0,3.1,13000
2022-10-26,2.8,3.0,2.8,3.0,5000
2022-10-27,2.7,3.1,2.7,2.7,4100
2022-10-28,2.7,2.7,2.5,2.7,105500
2022-10-31,2.7,2.7,2.7,2.7,0
2022-11-01,2.7,2.7,2.7,2.7,0
2022-11-02,2.7,2.7,2.7,2.7,0
2022-11-03,2.7,2.7,2.7,2.7,0
2022-11-04,2.5,2.5,2.5,2.5,130600
2022-11-07,2.5,2.5,2.5,2.5,0
2022-11-08,2.5,2.5,2.5,2.5,0
2022-11-09,2.5,2.5,2.5,2.5,0
2022-11-10,2.5,2.5,2.5,2.5,0
2022-11-11,2.3,2.3,2.3,2.3,20200
2022-11-14,2.3,2.3,2.3,2.3,0
2022-11-15,2.3,2.3,2.3,2.3,0
2022-11-16,2.3,2.3,2.3,2.3,0
2022-11-17,2.3,2.3,2.3,2.3,0
2022-11-18,2.1,2.1,2.1,2.1,23400
2022-11-21,2.1,2.1,2.1,2.1,0
2022-11-22,2.1,2.1,2.1,2.1,0
2022-11-23,2.1,2.1,2.1,2.1,0
2022-11-24,2.1,2.1,2.1,2.1,0
2022-11-25,1.9,1.9,1.9,1.9,26600
2022-11-28,1.9,1.9,1.9,1.9,0
2022-11-29,1.9,1.9,1.9,1.9,0
2022-11-30,1.9,1.9,1.9,1.9,0
2022-12-01,1.9,1.9,1.9,1.9,0
2022-12-02,1.8,1.9,1.8,1.8,112043
2022-12-05,1.8,1.8,1.8,1.8,0
2022-12-06,1.8,1.8,1.8,1.8,0
2022-12-07,1.8,1.8,1.8,1.8,0
2022-12-08,1.8,1.8,1.8,1.8,0
2022-12-09,1.8,1.8,1.8,1.8,0
2022-12-12,1.8,1.8,1.8,1.8,0
2022-12-13,1.8,1.8,1.8,1.8,0
2022-12-14,1.8,1.8,1.8,1.8,0
2022-12-15,1.8,1.8,1.8,1.8,0
2022-12-16,1.8,1.8,1.8,1.8,0
2022-12-19,1.8,1.8,1.8,1.8,0
2022-12-20,1.8,1.8,1.8,1.8,0
2022-12-21,1.8,1.8,1.8,1.8,0
2022-12-22,1.8,1.8,1.8,1.8,0
2022-12-23,1.8,1.8,1.8,1.8,0
2022-12-26,1.8,1.8,1.8,1.8,0
2022-12-27,1.8,1.8,1.8,1.8,0
2022-12-28,1.8,1.8,1.8,1.8,0
2022-12-29,1.8,1.8,1.8,1.8,0
2022-12-30,1.8,1.8,1.8,1.8,0
2023-01-03,1.8,1.8,1.8,1.8,0
2023-01-04,1.8,1.8,1.8,1.8,0
2023-01-05,1.8,1.8,1.8,1.8,0
2023-01-06,1.8,1.8,1.8,1.8,0
2023-01-09,1.8,1.8,1.8,1.8,0
2023-01-10,1.8,1.8,1.8,1.8,0
2023-01-11,1.8,1.8,1.8,1.8,0
2023-01-12,1.8,1.8,1.8,1.8,0
2023-01-13,1.8,1.8,1.8,1.8,0
2023-01-16,1.8,1.8,1.8,1.8,0
2023-01-17,1.8,1.8,1.8,1.8,0
2023-01-18,1.8,1.8,1.8,1.8,0
2023-01-19,1.8,1.8,1.8,1.8,0
2023-01-27,1.8,1.8,1.8,1.8,0
2023-01-30,1.8,1.8,1.8,1.8,0
2023-01-31,1.8,1.8,1.8,1.8,0
2023-02-01,1.8,1.8,1.8,1.8,0
2023-02-02,1.8,1.8,1.8,1.8,0
2023-02-03,1.8,1.8,1.8,1.8,0
2023-02-06,1.8,1.8,1.8,1.8,0
2023-02-07,1.8,1.8,1.8,1.8,0
2023-02-08,1.8,1.8,1.8,1.8,0
2023-02-09,1.8,1.8,1.8,1.8,0
2023-02-10,1.8,1.8,1.8,1.8,0
2023-02-13,1.8,1.8,1.8,1.8,0
2023-02-14,1.8,1.8,1.8,1.8,0
2023-02-15,1.8,1.8,1.8,1.8,0
2023-02-16,1.8,1.8,1.8,1.8,0
2023-02-17,1.8,1.8,1.8,1.8,0
2023-02-20,1.8,1.8,1.8,1.8,0
2023-02-21,1.8,1.8,1.8,1.8,0
2023-02-22,1.8,1.8,1.8,1.8,0
2023-02-23,1.8,1.8,1.8,1.8,0
2023-02-24,1.8,1.8,1.8,1.8,0
2023-02-27,1.8,1.8,1.8,1.8,0
2023-02-28,1.8,1.8,1.8,1.8,0
2023-03-01,1.8,1.8,1.8,1.8,0
2023-03-02,1.8,1.8,1.8,1.8,0
2023-03-03,1.8,1.8,1.8,1.8,0
2023-03-06,1.8,1.8,1.8,1.8,0
2023-03-07,1.8,1.8,1.8,1.8,0
2023-03-08,1.8,1.8,1.8,1.8,0
2023-03-09,1.8,1.8,1.8,1.8,0
2023-03-10,1.8,1.8,1.8,1.8,0
2023-03-13,1.8,1.8,1.8,1.8,0
2023-03-14,1.8,1.8,1.8,1.8,0
2023-03-15,1.8,1.8,1.8,1.8,0
2023-03-16,1.8,1.8,1.8,1.8,0
2023-03-17,1.8,1.8,1.8,1.8,0
2023-03-20,1.8,1.8,1.8,1.8,0
2023-03-21,1.8,1.8,1.8,1.8,0
2023-03-22,1.8,1.8,1.8,1.8,0
2023-03-23,1.8,1.8,1.8,1.8,0
2023-03-24,1.8,1.8,1.8,1.8,0
2023-03-27,1.8,1.8,1.8,1.8,0
2023-03-28,1.8,1.8,1.8,1.8,0
2023-03-29,1.8,1.8,1.8,1.8,0
2023-03-30,1.8,1.8,1.8,1.8,0
2023-03-31,1.8,1.8,1.8,1.8,0
2023-04-03,1.8,1.8,1.8,1.8,0
2023-04-04,1.8,1.8,1.8,1.8,0
2023-04-05,1.8,1.8,1.8,1.8,0
2023-04-06,1.8,1.8,1.8,1.8,0
2023-04-07,1.8,1.8,1.8,1.8,0
2023-04-10,1.8,1.8,1.8,1.8,0
2023-04-11,1.8,1.8,1.8,1.8,0
2023-04-12,1.8,1.8,1.8,1.8,0
2023-04-13,1.8,1.8,1.8,1.8,0
2023-04-14,1.8,1.8,1.8,1.8,0
2023-04-17,1.8,1.8,1.8,1.8,0
2023-04-18,1.8,1.8,1.8,1.8,0
2023-04-19,1.8,1.8,1.8,1.8,0
2023-04-20,1.8,1.8,1.8,1.8,0
2023-04-21,1.8,1.8,1.8,1.8,0
2023-04-24,1.8,1.8,1.8,1.8,0
2023-04-25,1.8,1.8,1.8,1.8,0
2023-04-26,1.8,1.8,1.8,1.8,0
2023-04-27,1.8,1.8,1.8,1.8,0
2023-04-28,1.8,1.8,1.8,1.8,0
2023-05-04,1.8,1.8,1.8,1.8,0
2023-05-05,1.8,1.8,1.8,1.8,0
2023-05-08,1.8,1.8,1.8,1.8,0
2023-05-09,1.8,1.8,1.8,1.8,0
2023-05-10,1.8,1.8,1.8,1.8,0
2023-05-11,1.8,1.8,1.8,1.8,0
2023-05-12,1.8,1.8,1.8,1.8,0
2023-05-15,1.8,1.8,1.8,1.8,0
2023-05-16,1.8,1.8,1.8,1.8,0
2023-05-17,1.8,1.8,1.8,1.8,0
2023-05-18,1.8,1.8,1.8,1.8,0
2023-05-19,1.8,1.8,1.8,1.8,0
2023-05-22,1.8,1.8,1.8,1.8,0
2023-05-23,1.8,1.8,1.8,1.8,0
2023-05-24,1.8,1.8,1.8,1.8,0
2023-05-25,1.8,1.8,1.8,1.8,0
2023-05-26,1.8,1.8,1.8,1.8,0
2023-05-29,1.8,1.8,1.8,1.8,0
2023-05-30,1.8,1.8,1.8,1.8,0
2023-05-31,1.8,1.8,1.8,1.8,0
2023-06-01,1.8,1.8,1.8,1.8,0
2023-06-02,1.8,1.8,1.8,1.8,0
2023-06-05,1.8,1.8,1.8,1.8,0
2023-06-06,1.8,1.8,1.8,1.8,0
2023-06-07,1.8,1.8,1.8,1.8,0
2023-06-08,1.8,1.8,1.8,1.8,0
2023-06-09,1.8,1.8,1.8,1.8,0
2023-06-12,1.8,1.8,1.8,1.8,0
2023-06-13,1.8,1.8,1.8,1.8,0
2023-06-14,1.8,1.8,1.8,1.8,0
2023-06-15,1.8,1.8,1.8,1.8,0
2023-06-16,1.8,1.8,1.8,1.8,0
2023-06-19,1.8,1.8,1.8,1.8,0
2023-06-20,1.8,1.8,1.8,1.8,0
2023-06-21,1.8,1.8,1.8,1.8,0
2023-06-22,1.8,1.8,1.8,1.8,0
2023-06-23,1.8,1.8,1.8,1.8,0
2023-06-26,1.8,1.8,1.8,1.8,0
2023-06-27,1.8,1.8,1.8,1.8,0
2023-06-28,1.8,1.8,1.8,1.8,0
2023-06-29,1.8,1.8,1.8,1.8,0
2023-06-30,1.8,1.8,1.8,1.8,0
2023-07-03,1.8,1.8,1.8,1.8,0
2023-07-04,1.8,1.8,1.8,1.8,0
2023-07-05,1.8,1.8,1.8,1.8,0
2023-07-06,1.8,1.8,1.8,1.8,0
2023-07-07,1.8,1.8,1.8,1.8,0
2023-07-10,1.8,1.8,1.8,1.8,0
2023-07-11,1.8,1.8,1.8,1.8,0
2023-07-12,1.8,1.8,1.8,1.8,0
2023-07-13,1.8,1.8,1.8,1.8,0
2023-07-14,1.8,1.8,1.8,1.8,0
2023-07-17,1.8,1.8,1.8,1.8,0
2023-07-18,1.8,1.8,1.8,1.8,0
2023-07-19,1.8,1.8,1.8,1.8,0
2023-07-20,1.8,1.8,1.8,1.8,0
2023-07-21,1.8,1.8,1.8,1.8,0
2023-07-24,1.8,1.8,1.8,1.8,0
2023-07-25,1.8,1.8,1.8,1.8,0
2023-07-26,1.8,1.8,1.8,1.8,0
2023-07-27,1.8,1.8,1.8,1.8,0
2023-07-28,1.8,1.8,1.8,1.8,0
2023-07-31,1.8,1.8,1.8,1.8,0
2023-08-01,1.8,1.8,1.8,1.8,0
2023-08-02,1.8,1.8,1.8,1.8,0
2023-08-03,1.8,1.8,1.8,1.8,0
2023-08-04,1.8,1.8,1.8,1.8,0
2023-08-07,1.8,1.8,1.8,1.8,0
2023-08-08,1.8,1.8,1.8,1.8,0
2023-08-09,1.8,1.8,1.8,1.8,0
2023-08-10,1.8,1.8,1.8,1.8,0
2023-08-11,1.8,1.8,1.8,1.8,0
2023-08-14,1.8,1.8,1.8,1.8,0
2023-08-15,1.8,1.8,1.8,1.8,0
2023-08-16,1.8,1.8,1.8,1.8,0
2023-08-17,1.8,1.8,1.8,1.8,0
2023-08-18,1.8,1.8,1.8,1.8,0
2023-08-21,1.8,1.8,1.8,1.8,0
2023-08-22,1.8,1.8,1.8,1.8,0
2023-08-23,1.8,1.8,1.8,1.8,0
2023-08-24,1.8,1.8,1.8,1.8,0
2023-08-25,1.8,1.8,1.8,1.8,0
2023-08-28,1.8,1.8,1.8,1.8,0
2023-08-29,1.8,1.8,1.8,1.8,0
2023-08-30,1.8,1.8,1.8,1.8,0
2023-08-31,1.8,1.8,1.8,1.8,0
2023-09-05,1.8,1.8,1.8,1.8,0
2023-09-06,1.8,1.8,1.8,1.8,0
2023-09-07,1.8,1.8,1.8,1.8,0
2023-09-08,1.8,1.8,1.8,1.8,0
2023-09-11,1.8,1.8,1.8,1.8,0
2023-09-12,1.8,1.8,1.8,1.8,0
2023-09-13,1.8,1.8,1.8,1.8,0
2023-09-14,1.8,1.8,1.8,1.8,0
2023-09-15,1.8,1.8,1.8,1.8,0
2023-09-18,1.8,1.8,1.8,1.8,0
2023-09-19,1.8,1.8,1.8,1.8,0
2023-09-20,1.8,1.8,1.8,1.8,0
2023-09-21,1.8,1.8,1.8,1.8,0
2023-09-22,1.8,1.8,1.8,1.8,0
2023-09-25,1.8,1.8,1.8,1.8,0
2023-09-26,1.8,1.8,1.8,1.8,0
2023-09-27,1.8,1.8,1.8,1.8,0
2023-09-28,1.8,1.8,1.8,1.8,0
2023-09-29,1.8,1.8,1.8,1.8,0
2023-10-02,1.8,1.8,1.8,1.8,0
2023-10-03,1.8,1.8,1.8,1.8,0
2023-10-04,1.8,1.8,1.8,1.8,0
2023-10-05,1.8,1.8,1.8,1.8,0
2023-10-06,1.8,1.8,1.8,1.8,0
2023-10-09,1.8,1.8,1.8,1.8,0
2023-10-10,1.8,1.8,1.8,1.8,0
2023-10-11,1.8,1.8,1.8,1.8,0
2023-10-12,1.8,1.8,1.8,1.8,0
2023-10-13,1.8,1.8,1.8,1.8,0
2023-10-16,1.8,1.8,1.8,1.8,0
2023-10-17,1.8,1.8,1.8,1.8,0
2023-10-18,1.8,1.8,1.8,1.8,0
2023-10-19,1.8,1.8,1.8,1.8,0
2023-10-20,1.8,1.8,1.8,1.8,0
2023-10-23,1.8,1.8,1.8,1.8,0
2023-10-24,1.8,1.8,1.8,1.8,0
2023-10-25,1.8,1.8,1.8,1.8,0
2023-10-26,1.8,1.8,1.8,1.8,0
2023-10-27,1.8,1.8,1.8,1.8,0
2023-10-30,1.8,1.8,1.8,1.8,0
2023-10-31,1.8,1.8,1.8,1.8,0
2023-11-01,1.8,1.8,1.8,1.8,0
2023-11-02,1.8,1.8,1.8,1.8,0
2023-11-03,1.8,1.8,1.8,1.8,0
2023-11-06,1.8,1.8,1.8,1.8,0
2023-11-07,1.8,1.8,1.8,1.8,0
2023-11-08,1.8,1.8,1.8,1.8,0
2023-11-09,1.8,1.8,1.8,1.8,0
2023-11-10,1.8,1.8,1.8,1.8,0
2023-11-13,1.8,1.8,1.8,1.8,0
2023-11-14,1.8,1.8,1.8,1.8,0
2023-11-15,1.8,1.8,1.8,1.8,0
2023-11-16,1.8,1.8,1.8,1.8,0
2023-11-17,1.8,1.8,1.8,1.8,0
2023-11-20,1.8,1.8,1.8,1.8,0
2023-11-21,1.8,1.8,1.8,1.8,0
2023-11-22,1.8,1.8,1.8,1.8,0
2023-11-23,1.8,1.8,1.8,1.8,0
2023-11-24,1.8,1.8,1.8,1.8,0
2023-11-27,1.8,1.8,1.8,1.8,0
2023-11-28,1.8,1.8,1.8,1.8,0
2023-11-29,1.8,1.8,1.8,1.8,0
2023-11-30,1.8,1.8,1.8,1.8,0
2023-12-01,1.8,1.8,1.8,1.8,0
2023-12-04,1.8,1.8,1.8,1.8,0
2023-12-05,1.8,1.8,1.8,1.8,0
2023-12-06,1.8,1.8,1.8,1.8,0
2023-12-07,1.8,1.8,1.8,1.8,0
2023-12-08,1.8,1.8,1.8,1.8,0
2023-12-11,1.8,1.8,1.8,1.8,0
2023-12-12,1.8,1.8,1.8,1.8,0
2023-12-13,1.8,1.8,1.8,1.8,0
2023-12-14,1.8,1.8,1.8,1.8,0
2023-12-15,1.8,1.8,1.8,1.8,0
2023-12-18,1.8,1.8,1.8,1.8,0
2023-12-19,1.8,1.8,1.8,1.8,0
2023-12-20,1.8,1.8,1.8,1.8,0
2023-12-21,1.8,1.8,1.8,1.8,0
2023-12-22,1.8,1.8,1.8,1.8,0
2023-12-25,1.8,1.8,1.8,1.8,0
2023-12-26,1.8,1.8,1.8,1.8,0
2023-12-27,1.8,1.8,1.8,1.8,0
2023-12-28,1.8,1.8,1.8,1.8,0
2023-12-29,1.8,1.8,1.8,1.8,0
2024-01-02,1.8,1.8,1.8,1.8,0
2024-01-03,1.8,1.8,1.8,1.8,0
2024-01-04,1.8,1.8,1.8,1.8,0
2024-01-05,1.8,1.8,1.8,1.8,0
2024-01-08,1.8,1.8,1.8,1.8,0
2024-01-09,1.8,1.8,1.8,1.8,0
2024-01-10,1.8,1.8,1.8,1.8,0
2024-01-11,1.8,1.8,1.8,1.8,0
2024-01-12,1.8,1.8,1.8,1.8,0
2024-01-15,1.8,1.8,1.8,1.8,0
2024-01-16,1.8,1.8,1.8,1.8,0
2024-01-17,1.8,1.8,1.8,1.8,0
2024-01-18,1.8,1.8,1.8,1.8,0
2024-01-19,1.8,1.8,1.8,1.8,0
2024-01-22,1.8,1.8,1.8,1.8,0
2024-01-23,1.8,1.8,1.8,1.8,0
2024-01-24,1.8,1.8,1.8,1.8,0
2024-01-25,1.8,1.8,1.8,1.8,0
2024-01-26,1.8,1.8,1.8,1.8,0
2024-02-07,1.8,1.8,1.8,1.8,0
2024-02-15,1.8,1.8,1.8,1.8,0
2024-02-16,1.8,1.8,1.8,1.8,0
2024-02-19,1.8,1.8,1.8,1.8,0
2024-02-20,1.8,1.8,1.8,1.8,0
2024-02-21,1.8,1.8,1.8,1.8,0
2024-02-22,1.8,1.8,1.8,1.8,0
2024-02-23,1.8,1.8,1.8,1.8,0
2024-02-26,1.8,1.8,1.8,1.8,0
2024-02-27,1.8,1.8,1.8,1.8,0
2024-02-28,1.8,1.8,1.8,1.8,0
2024-02-29,1.8,1.8,1.8,1.8,0
2024-03-01,1.8,1.8,1.8,1.8,0
2024-03-04,1.8,1.8,1.8,1.8,0
2024-03-05,1.8,1.8,1.8,1.8,0
2024-03-06,1.8,1.8,1.8,1.8,0
2024-03-07,1.8,1.8,1.8,1.8,0
2024-03-08,1.8,1.8,1.8,1.8,0
2024-03-11,1.8,1.8,1.8,1.8,0
2024-03-12,1.8,1.8,1.8,1.8,0
2024-03-13,1.8,1.8,1.8,1.8,0
2024-03-14,1.8,1.8,1.8,1.8,0
2024-03-15,1.8,1.8,1.8,1.8,0
2024-03-18,1.8,1.8,1.8,1.8,0
2024-03-19,1.8,1.8,1.8,1.8,0
2024-03-20,1.8,1.8,1.8,1.8,0
2024-03-21,1.8,1.8,1.8,1.8,0
2024-03-22,1.8,1.8,1.8,1.8,0
2024-03-25,1.8,1.8,1.8,1.8,0
2024-03-26,1.8,1.8,1.8,1.8,0
2024-03-27,1.8,1.8,1.8,1.8,0
2024-03-28,1.8,1.8,1.8,1.8,0
2024-03-29,1.8,1.8,1.8,1.8,0
2024-04-01,1.8,1.8,1.8,1.8,0
2024-04-02,1.8,1.8,1.8,1.8,0
2024-04-03,1.8,1.8,1.8,1.8,0
2024-04-04,1.8,1.8,1.8,1.8,0
2024-04-05,1.8,1.8,1.8,1.8,0
2024-04-08,1.8,1.8,1.8,1.8,0
2024-04-09,1.8,1.8,1.8,1.8,0
2024-04-10,1.8,1.8,1.8,1.8,0
2024-04-11,1.8,1.8,1.8,1.8,0
2024-04-12,1.8,1.8,1.8,1.8,0
2024-04-15,1.8,1.8,1.8,1.8,0
2024-04-16,1.8,1.8,1.8,1.8,0
2024-04-17,1.8,1.8,1.8,1.8,0
2024-04-19,1.8,1.8,1.8,1.8,0
2024-04-22,1.8,1.8,1.8,1.8,0
2024-04-23,1.8,1.8,1.8,1.8,0
2024-04-24,1.8,1.8,1.8,1.8,0
2024-04-25,1.8,1.8,1.8,1.8,0
2024-04-26,1.8,1.8,1.8,1.8,0
2024-05-02,1.8,1.8,1.8,1.8,0
2024-05-03,1.8,1.8,1.8,1.8,0
2024-05-06,1.8,1.8,1.8,1.8,0
2024-05-07,1.8,1.8,1.8,1.8,0
2024-05-08,1.8,1.8,1.8,1.8,0
2024-05-09,1.8,1.8,1.8,1.8,0
2024-05-10,1.8,1.8,1.8,1.8,0
2024-05-13,1.8,1.8,1.8,1.8,0
2024-05-14,1.8,1.8,1.8,1.8,0
2024-05-15,1.8,1.8,1.8,1.8,0
2024-05-16,1.8,1.8,1.8,1.8,0
2024-05-17,1.8,1.8,1.8,1.8,0
2024-05-20,1.8,1.8,1.8,1.8,0
2024-05-21,1.8,1.8,1.8,1.8,0
2024-05-22,1.8,1.8,1.8,1.8,0
2024-05-23,1.8,1.8,1.8,1.8,0
2024-05-24,1.8,1.8,1.8,1.8,0
2024-05-27,1.8,1.8,1.8,1.8,0
2024-05-28,1.8,1.8,1.8,1.8,0
2024-05-29,1.8,1.8,1.8,1.8,0
2024-05-30,1.8,1.8,1.8,1.8,0
2024-05-31,1.8,1.8,1.8,1.8,0
2024-06-03,1.8,1.8,1.8,1.8,0
2024-06-04,1.8,1.8,1.8,1.8,0
2024-06-05,1.8,1.8,1.8,1.8,0
2024-06-06,1.8,1.8,1.8,1.8,0
2024-06-07,1.8,1.8,1.8,1.8,0
2024-06-10,1.8,1.8,1.8,1.8,0
2024-06-11,1.8,1.8,1.8,1.8,0
2024-06-12,1.8,1.8,1.8,1.8,0
2024-06-13,1.8,1.8,1.8,1.8,0
2024-06-14,1.8,1.8,1.8,1.8,0
2024-06-17,1.8,1.8,1.8,1.8,0
2024-06-18,1.8,1.8,1.8,1.8,0
2024-06-19,1.8,1.8,1.8,1.8,0
2024-06-20,1.8,1.8,1.8,1.8,0
2024-06-21,1.8,1.8,1.8,1.8,0
2024-06-24,1.8,1.8,1.8,1.8,0
2024-06-25,1.8,1.8,1.8,1.8,0
2024-06-26,1.8,1.8,1.8,1.8,0
2024-06-27,1.8,1.8,1.8,1.8,0
2024-06-28,1.8,1.8,1.8,1.8,0
2024-07-01,1.8,1.8,1.8,1.8,0
2024-07-02,1.8,1.8,1.8,1.8,0
2024-07-03,1.8,1.8,1.8,1.8,0
2024-07-04,1.8,1.8,1.8,1.8,0
2024-07-05,1.8,1.8,1.8,1.8,0
2024-07-08,1.8,1.8,1.8,1.8,0
2024-07-09,1.8,1.8,1.8,1.8,0
2024-07-10,1.8,1.8,1.8,1.8,0
2024-07-11,1.8,1.8,1.8,1.8,0
2024-07-12,1.8,1.8,1.8,1.8,0
2024-07-15,1.8,1.8,1.8,1.8,0
2024-07-16,1.8,1.8,1.8,1.8,0
2024-07-17,1.8,1.8,1.8,1.8,0
2024-07-18,1.8,1.8,1.8,1.8,0
2024-07-19,1.8,1.8,1.8,1.8,0
2024-07-22,1.8,1.8,1.8,1.8,0
2024-07-23,1.8,1.8,1.8,1.8,0
2024-07-24,1.8,1.8,1.8,1.8,0
2024-07-25,1.8,1.8,1.8,1.8,0
