time,open,high,low,close,volume
2016-04-12,6.37,7.15,6.2,6.2,30900
2016-04-13,6.2,6.48,6.2,6.37,66000
2016-04-14,6.37,6.37,6.26,6.31,20100
2016-04-15,6.26,6.37,6.09,6.31,51630
2016-04-19,6.31,6.31,6.2,6.2,56100
2016-04-20,6.2,6.54,6.15,6.37,85130
2016-04-21,6.26,6.26,6.2,6.2,1609
2016-04-22,6.2,6.2,6.15,6.15,16500
2016-04-25,6.2,6.2,6.15,6.2,44200
2016-04-26,6.2,6.2,6.15,6.2,17800
2016-04-27,6.2,6.2,6.15,6.2,35900
2016-04-28,6.2,6.2,6.2,6.2,10300
2016-04-29,6.15,6.26,6.15,6.26,32700
2016-05-04,6.15,6.26,6.15,6.26,43500
2016-05-05,6.26,6.26,6.2,6.2,35700
2016-05-06,6.26,6.31,6.2,6.2,30350
2016-05-09,6.26,6.26,6.2,6.26,35700
2016-05-10,6.2,6.2,6.2,6.2,142
2016-05-11,6.2,6.26,6.2,6.26,41856
2016-05-12,6.2,6.2,6.2,6.2,38159
2016-05-13,6.2,6.2,6.2,6.2,26600
2016-05-16,6.09,6.2,6.09,6.09,24178
2016-05-17,6.09,6.09,6.09,6.09,79850
2016-05-18,6.09,6.09,6.09,6.09,156600
2016-05-19,6.09,6.09,6.09,6.09,72100
2016-05-20,6.09,6.2,6.09,6.2,14200
2016-05-23,6.15,6.15,6.15,6.15,320
2016-05-24,6.15,6.26,6.15,6.26,25000
2016-05-25,6.2,6.26,6.2,6.2,55100
2016-05-26,6.2,6.37,6.09,6.37,43520
2016-05-27,6.37,6.37,6.37,6.37,31
2016-05-30,6.15,6.26,6.15,6.26,31000
2016-05-31,6.2,6.2,6.2,6.2,7000
2016-06-01,6.2,6.2,6.15,6.2,39998
2016-06-02,6.2,6.2,6.2,6.2,8400
2016-06-03,6.2,6.37,6.2,6.26,36200
2016-06-06,6.2,6.37,6.2,6.37,80500
2016-06-07,6.26,6.26,6.26,6.26,24000
2016-06-08,6.26,6.43,6.26,6.37,58400
2016-06-09,6.37,6.48,6.37,6.48,65080
2016-06-10,6.48,6.48,6.48,6.48,65
2016-06-13,6.43,6.43,6.43,6.43,2375
2016-06-14,6.31,6.43,6.31,6.31,8100
2016-06-15,6.31,6.37,6.31,6.37,7000
2016-06-16,6.26,6.37,6.26,6.37,5400
2016-06-17,6.2,6.2,6.15,6.15,3500
2016-06-20,6.2,6.26,6.2,6.26,3462
2016-06-21,6.26,6.31,6.26,6.31,2037
2016-06-22,6.31,6.31,6.26,6.26,2400
2016-06-23,6.26,6.26,6.26,6.26,100
2016-06-24,6.26,6.26,6.2,6.2,13931
2016-06-27,6.2,6.2,6.2,6.2,3542
2016-06-28,6.2,6.2,6.2,6.2,126
2016-06-29,6.2,6.2,6.2,6.2,3814
2016-06-30,6.2,6.2,6.2,6.2,15000
2016-07-01,6.2,6.2,6.2,6.2,18400
2016-07-04,6.2,6.2,6.2,6.2,4689
2016-07-05,6.09,6.09,6.09,6.09,3976
2016-07-06,6.09,6.2,6.09,6.2,23700
2016-07-07,6.2,6.2,6.2,6.2,0
2016-07-08,5.54,5.54,5.54,5.54,154
2016-07-11,6.09,6.09,6.09,6.09,8611
2016-07-12,6.09,6.09,6.09,6.09,600
2016-07-13,5.82,5.82,5.54,5.82,9400
2016-07-14,6.09,6.09,6.09,6.09,3609
2016-07-15,6.09,6.37,6.09,6.2,54600
2016-07-18,6.2,6.2,6.15,6.15,15456
2016-07-19,6.2,6.37,6.2,6.37,14000
2016-07-20,6.2,6.2,6.2,6.2,2300
2016-07-21,6.15,6.2,6.15,6.2,4800
2016-07-22,6.15,6.31,6.15,6.31,200
2016-07-25,6.15,6.15,6.15,6.15,1300
2016-07-26,6.37,6.37,6.37,6.37,10000
2016-07-27,6.09,6.37,6.09,6.37,36530
2016-07-28,6.09,6.26,6.09,6.2,8620
2016-07-29,6.2,6.2,6.2,6.2,0
2016-08-01,6.2,6.2,6.2,6.2,0
2016-08-02,6.09,6.09,6.09,6.09,5200
2016-08-03,6.09,6.37,6.09,6.31,274170
2016-08-04,6.31,6.31,6.31,6.31,14200
2016-08-05,6.31,6.31,6.31,6.31,10500
2016-08-08,6.26,6.26,6.26,6.26,20000
2016-08-09,6.26,6.26,6.26,6.26,0
2016-08-10,6.26,6.26,6.26,6.26,5200
2016-08-11,6.2,6.2,6.2,6.2,7600
2016-08-12,6.15,6.15,6.15,0.0,500
2016-08-15,6.2,6.26,6.15,6.26,8600
2016-08-16,6.15,6.2,6.15,6.2,11500
2016-08-17,6.15,6.26,6.15,6.26,50152
2016-08-18,6.15,6.31,6.15,6.31,18700
2016-08-19,6.26,6.31,6.26,6.26,23355
2016-08-22,6.26,6.31,6.26,6.31,10000
2016-08-23,6.26,6.26,6.26,6.26,1600
2016-08-24,6.2,6.2,6.2,6.2,2200
2016-08-25,6.2,6.2,6.2,6.2,2700
2016-08-26,6.2,6.2,6.2,6.2,0
2016-08-29,6.2,6.2,6.2,6.2,6300
2016-08-30,6.26,6.37,6.26,6.31,46800
2016-08-31,6.31,6.31,6.31,6.31,1600
2016-09-01,6.31,6.31,6.31,6.31,4200
2016-09-05,6.31,6.31,6.31,6.31,21600
2016-09-06,6.31,6.31,6.31,6.31,0
2016-09-07,6.26,6.26,6.26,6.26,10000
2016-09-08,6.31,6.31,6.26,6.31,25900
2016-09-09,6.31,6.37,6.26,6.26,32262
2016-09-12,6.31,6.37,6.31,6.37,16300
2016-09-13,6.31,6.37,6.31,6.37,19800
2016-09-14,6.43,6.43,6.37,6.37,26000
2016-09-15,6.37,6.37,6.37,6.37,8922
2016-09-16,6.37,6.43,6.37,6.43,14500
2016-09-19,6.37,6.43,6.37,6.37,41300
2016-09-20,6.37,6.37,6.37,6.37,0
2016-09-21,6.37,6.37,6.31,6.37,18800
2016-09-22,6.37,6.37,6.37,6.37,7200
2016-09-23,6.37,6.37,6.37,6.37,6400
2016-09-26,6.37,6.37,6.37,6.37,1054
2016-09-27,6.37,6.37,6.37,6.37,7300
2016-09-28,6.37,6.37,6.37,6.37,13300
2016-09-29,6.09,6.37,6.09,6.37,10500
2016-09-30,6.37,6.43,6.37,6.43,2200
2016-10-03,6.37,6.37,6.37,6.37,1500
2016-10-04,6.37,6.37,6.37,6.37,8800
2016-10-05,6.37,6.37,6.37,6.37,14541
2016-10-06,6.37,6.37,6.37,6.37,7300
2016-10-07,6.37,6.37,6.37,6.37,30600
2016-10-10,6.37,6.43,6.37,6.43,12405
2016-10-11,6.43,6.43,6.43,6.43,100
2016-10-12,6.37,6.43,6.37,6.43,34200
2016-10-13,6.37,6.43,6.37,6.37,21422
2016-10-14,6.83,6.83,6.53,6.83,20673
2016-10-17,6.83,6.83,6.83,6.83,2400
2016-10-18,6.83,6.83,6.83,6.83,0
2016-10-19,6.29,6.29,6.29,6.29,3728
2016-10-20,6.53,6.89,6.53,6.89,56867
2016-10-21,6.35,6.83,6.35,6.83,6700
2016-10-24,6.71,6.71,6.71,6.71,29900
2016-10-25,6.71,6.71,6.71,6.71,100
2016-10-26,6.83,6.83,6.83,6.83,9700
2016-10-27,6.83,6.83,6.83,6.83,100
2016-10-28,6.53,6.83,6.53,6.83,3500
2016-10-31,6.71,6.71,6.71,6.71,147
2016-11-01,6.83,6.89,6.83,6.89,77600
2016-11-02,6.71,6.71,6.53,6.53,8000
2016-11-03,6.65,6.89,6.65,6.83,17500
2016-11-04,6.94,6.94,6.53,6.53,3700
2016-11-07,6.83,6.83,6.53,6.65,21456
2016-11-08,6.65,6.65,6.65,6.65,7500
2016-11-09,6.65,6.65,6.65,6.65,1700
2016-11-10,6.77,6.89,6.77,6.89,53000
2016-11-11,6.71,6.71,6.71,6.71,4000
2016-11-14,6.89,6.89,6.89,6.89,100
2016-11-15,6.89,6.89,6.89,6.89,0
2016-11-16,6.65,6.89,6.65,6.89,3900
2016-11-17,6.71,6.71,6.65,6.71,23965
2016-11-18,6.83,6.83,6.83,6.83,100
2016-11-21,6.71,6.71,6.71,6.71,500
2016-11-22,6.71,6.71,6.71,6.71,35000
2016-11-23,6.71,6.71,6.71,6.71,6500
2016-11-24,6.94,6.94,6.94,6.94,100
2016-11-25,6.71,6.71,6.71,6.71,1100
2016-11-28,6.71,6.71,6.71,6.71,24900
2016-11-29,6.71,6.71,6.71,6.71,8900
2016-11-30,6.71,6.77,6.71,6.71,34800
2016-12-01,6.71,6.71,6.71,6.71,0
2016-12-02,6.71,6.77,6.65,6.71,10716
2016-12-05,6.71,6.71,6.71,6.71,9660
2016-12-06,6.77,7.0,6.71,7.0,7707
2016-12-07,6.83,6.94,6.83,6.94,37200
2016-12-08,6.83,6.89,6.83,6.83,6800
2016-12-09,6.71,6.83,6.71,6.83,3051
2016-12-12,6.53,6.89,6.53,6.89,68984
2016-12-13,6.83,6.89,6.77,6.89,24900
2016-12-14,6.83,6.83,6.83,6.83,14900
2016-12-15,6.89,6.89,6.83,6.83,26087
2016-12-16,6.89,6.94,6.89,6.89,11005
2016-12-19,6.83,6.94,6.83,6.94,11151
2016-12-20,6.89,6.89,6.89,6.89,12085
2016-12-21,6.65,6.89,6.65,6.83,19300
2016-12-22,6.65,6.83,6.65,6.83,15184
2016-12-23,6.65,7.06,6.65,7.06,2900
2016-12-26,7.0,7.0,6.71,6.71,1100
2016-12-27,6.94,6.94,6.94,6.94,182
2016-12-28,6.94,6.94,6.94,6.94,110
2016-12-29,6.89,6.89,6.77,6.77,6983
2016-12-30,6.83,6.83,6.71,6.83,13500
2017-01-03,6.77,6.83,6.65,6.65,23400
2017-01-04,6.83,6.83,6.71,6.71,8994
2017-01-05,6.77,6.77,6.77,6.77,11328
2017-01-06,6.83,6.89,6.83,6.89,22700
2017-01-09,6.77,6.89,6.77,6.89,9100
2017-01-10,6.89,6.89,6.89,6.89,86
2017-01-11,6.83,6.89,6.77,6.89,25282
2017-01-12,6.77,6.77,6.71,6.71,18400
2017-01-13,6.77,6.83,6.77,6.77,12277
2017-01-16,6.77,6.83,6.77,6.83,48400
2017-01-17,6.77,6.83,6.77,6.83,72900
2017-01-18,6.83,6.89,6.83,6.89,8700
2017-01-19,6.83,6.83,6.83,6.83,22800
2017-01-20,6.83,6.89,6.83,6.89,14600
2017-01-23,6.83,6.83,6.83,6.83,2300
2017-01-24,6.94,7.12,6.94,7.12,300
2017-01-25,7.0,7.06,6.53,7.0,2721
2017-02-02,7.0,7.12,7.0,7.12,3200
2017-02-03,6.77,7.12,6.77,7.12,2683
2017-02-06,6.71,6.83,6.71,6.83,1140
2017-02-07,6.94,6.94,6.89,6.89,1400
2017-02-08,7.0,7.0,7.0,7.0,19500
2017-02-09,7.0,7.0,7.0,7.0,186
2017-02-10,7.0,7.0,6.83,6.83,6700
2017-02-13,6.83,6.89,6.83,6.83,5647
2017-02-14,6.83,6.83,6.83,6.83,3211
2017-02-15,6.89,6.89,6.89,6.89,67015
2017-02-16,6.94,6.94,6.94,6.94,1200
2017-02-17,6.77,6.94,6.65,6.94,9800
2017-02-20,6.94,6.94,6.94,6.94,7000
2017-02-21,6.94,7.12,6.94,7.12,12200
2017-02-22,7.06,7.06,7.06,7.06,10145
2017-02-23,7.06,7.06,7.06,7.06,21400
2017-02-24,7.06,7.06,7.06,7.06,163853
2017-02-27,6.89,7.06,6.89,6.94,80000
2017-02-28,7.06,7.06,7.06,7.06,13055
2017-03-01,7.06,7.06,7.06,7.06,19180
2017-03-02,6.94,6.94,6.94,6.94,3860
2017-03-03,7.06,7.06,7.06,7.06,11000
2017-03-06,7.12,7.12,7.06,7.12,49300
2017-03-07,7.06,7.12,7.06,7.12,45746
2017-03-08,7.06,7.06,7.0,7.06,22605
2017-03-09,7.12,7.12,7.06,7.12,31168
2017-03-10,6.89,7.12,6.89,7.12,16067
2017-03-13,7.06,7.06,7.06,7.06,6000
2017-03-14,7.12,7.12,7.06,7.06,79622
2017-03-15,7.06,7.18,7.06,7.12,67052
2017-03-16,7.12,7.12,7.12,7.12,10
2017-03-17,7.06,7.06,7.06,7.06,34250
2017-03-20,7.06,7.06,7.06,7.06,14088
2017-03-21,7.06,7.06,7.06,7.06,19882
2017-03-22,7.06,7.06,7.06,7.06,62
2017-03-23,7.06,7.06,7.06,7.06,6000
2017-03-24,7.06,7.12,7.06,7.12,62364
2017-03-27,7.06,7.06,7.06,7.06,15826
2017-03-28,7.06,7.06,7.06,7.06,7100
2017-03-29,7.06,7.24,7.06,7.24,34206
2017-03-30,7.06,7.06,7.06,7.06,2723
2017-03-31,7.06,7.06,7.06,7.06,10100
2017-04-03,7.06,7.12,7.06,7.06,49495
2017-04-04,7.12,7.12,7.12,7.12,13800
2017-04-05,7.12,7.12,7.12,7.12,10776
2017-04-07,7.12,7.12,7.12,7.12,2100
2017-04-10,7.06,7.06,7.06,7.06,1200
2017-04-11,7.12,7.12,7.12,7.12,2108
2017-04-12,7.12,7.12,7.06,7.06,25767
2017-04-13,7.12,7.12,7.12,7.12,18891
2017-04-14,7.06,7.12,7.06,7.12,608
2017-04-17,7.06,7.12,7.06,7.12,17366
2017-04-18,7.12,7.12,7.06,7.06,8744
2017-04-19,7.06,7.06,7.06,7.06,3099
2017-04-20,7.12,7.12,7.06,7.12,23505
2017-04-21,7.12,7.12,7.06,7.06,50689
2017-04-24,7.06,7.06,6.83,6.83,62743
2017-04-25,6.77,6.94,6.23,6.94,14070
2017-04-26,6.83,6.83,6.83,6.83,2000
2017-04-27,6.83,6.83,6.83,6.83,77
2017-04-28,6.83,6.83,6.83,6.83,34
2017-05-03,6.83,6.83,6.53,6.83,20646
2017-05-04,6.77,6.94,6.53,6.94,24377
2017-05-05,6.71,6.89,6.71,6.89,15600
2017-05-08,6.83,6.83,6.71,6.77,28968
2017-05-09,6.77,6.83,6.77,6.77,15369
2017-05-10,6.77,6.89,6.77,6.89,26382
2017-05-11,6.83,6.89,6.71,6.83,25802
2017-05-12,6.83,6.94,6.83,6.94,12300
2017-05-15,6.89,6.89,6.89,6.89,3195
2017-05-16,6.89,6.89,6.89,6.89,67100
2017-05-17,6.83,7.0,6.83,7.0,22175
2017-05-18,6.94,6.94,6.94,6.94,16000
2017-05-19,6.94,6.94,6.94,6.94,3000
2017-05-22,6.89,6.89,6.89,6.89,10491
2017-05-23,6.89,6.89,6.89,6.89,28500
2017-05-24,6.89,6.94,6.89,6.89,14630
2017-05-25,6.89,6.89,6.89,6.89,14630
2017-05-26,6.89,6.89,6.89,6.89,10760
2017-05-29,6.89,6.89,6.89,6.89,20756
2017-05-30,6.89,6.89,6.83,6.89,19100
2017-05-31,6.89,7.0,6.89,6.94,9236
2017-06-01,7.0,7.0,6.94,6.94,4400
2017-06-02,6.94,7.0,6.94,7.0,13900
2017-06-05,7.0,7.12,6.0,7.12,48919
2017-06-06,6.83,6.94,6.05,6.83,24055
2017-06-07,6.94,7.12,6.94,7.12,17810
2017-06-08,7.12,7.12,7.12,7.12,13434
2017-06-09,7.12,7.12,7.06,7.06,10300
2017-06-12,7.06,7.12,7.06,7.06,33705
2017-06-13,7.24,7.24,7.12,7.18,9000
2017-06-14,7.18,7.3,7.18,7.3,1100
2017-06-15,7.18,7.18,7.18,7.18,10192
2017-06-16,7.18,7.18,7.18,7.18,6101
2017-06-19,7.18,7.24,7.18,7.24,19820
2017-06-20,7.24,7.42,7.24,7.42,48570
2017-06-21,7.18,7.42,7.18,7.42,57200
2017-06-22,7.18,7.24,7.18,7.24,2500
2017-06-23,7.24,7.48,7.24,7.48,19010
2017-06-26,7.42,7.54,7.42,7.54,9175
2017-06-27,7.42,7.6,7.42,7.6,22752
2017-06-28,7.6,7.72,7.6,7.72,25040
2017-06-29,7.72,8.01,7.72,8.01,79543
2017-06-30,8.07,8.07,7.84,7.84,10550
2017-07-03,7.89,7.89,7.84,7.89,23757
2017-07-04,7.78,7.78,7.72,7.78,22876
2017-07-05,7.72,7.72,7.72,7.72,28300
2017-07-06,7.72,7.72,7.66,7.66,23250
2017-07-07,7.72,7.72,7.66,7.72,6914
2017-07-10,7.72,7.72,7.72,7.72,127
2017-07-11,7.66,7.72,7.66,7.72,6431
2017-07-12,7.72,7.72,7.72,7.72,6700
2017-07-13,7.66,7.72,7.66,7.66,6416
2017-07-14,7.72,7.72,7.66,7.66,28084
2017-07-17,7.72,7.72,7.66,7.66,35700
2017-07-18,7.66,7.72,7.66,7.72,1252
2017-07-19,7.72,7.72,7.72,7.72,11200
2017-07-20,7.72,7.72,7.72,7.72,51244
2017-07-21,7.72,7.72,7.66,7.72,35685
2017-07-24,7.66,7.72,7.66,7.72,12700
2017-07-25,7.72,7.72,7.72,7.72,26300
2017-07-26,7.72,7.72,7.72,7.72,5500
2017-07-27,7.78,7.78,7.78,7.78,2600
2017-07-28,7.78,7.84,7.78,7.84,700
2017-07-31,7.72,7.89,7.66,7.89,20844
2017-08-01,7.72,8.9,7.72,8.9,4900
2017-08-02,7.84,7.84,7.84,7.84,768
2017-08-03,7.89,7.89,7.84,7.89,12494
2017-08-04,7.84,7.84,7.84,7.84,2427
2017-08-07,7.89,7.95,7.89,7.89,24900
2017-08-08,7.89,7.95,7.89,7.95,8993
2017-08-09,7.95,8.31,7.95,8.31,7701
2017-08-10,7.95,8.01,7.95,8.01,19200
2017-08-11,8.01,8.07,8.01,8.01,11316
2017-08-14,8.01,8.01,8.01,8.01,65600
2017-08-15,8.01,8.07,8.01,8.01,9300
2017-08-16,8.07,8.19,8.07,8.19,11829
2017-08-17,8.07,8.13,8.07,8.13,6900
2017-08-18,8.13,8.13,8.13,8.13,5287
2017-08-21,8.13,8.13,8.13,8.13,6068
2017-08-22,8.13,8.73,8.13,8.73,2100
2017-08-23,8.13,8.13,8.13,8.13,5251
2017-08-24,8.13,8.19,8.13,8.13,12300
2017-08-25,8.13,8.13,8.13,8.13,8400
2017-08-28,8.13,8.19,8.13,8.13,18500
2017-08-29,8.13,8.31,8.13,8.31,1000
2017-08-30,8.19,8.25,8.13,8.13,4900
2017-08-31,8.13,8.13,8.13,8.13,2513
2017-09-01,8.13,8.13,8.13,8.13,0
2017-09-05,8.25,8.25,8.13,8.13,8800
2017-09-06,8.25,8.31,8.25,8.25,35000
2017-09-07,8.25,8.25,8.19,8.19,27800
2017-09-08,8.25,8.25,8.19,8.25,13421
2017-09-11,8.19,8.19,8.19,8.25,140
2017-09-12,8.19,8.25,8.19,8.25,600
2017-09-13,8.19,8.31,8.19,8.31,8601
2017-09-14,8.01,8.13,8.01,8.13,1568
2017-09-15,8.25,8.31,8.25,8.31,34900
2017-09-18,8.25,8.31,8.25,8.25,10700
2017-09-19,8.37,8.37,8.37,8.37,100
2017-09-20,8.25,8.37,8.25,8.37,7676
2017-09-21,8.31,8.37,8.25,8.25,13520
2017-09-22,8.13,8.19,8.13,8.19,5000
2017-09-25,8.19,8.31,8.19,8.31,7748
2017-09-26,8.25,8.25,8.25,8.25,0
2017-09-27,8.25,8.31,8.25,8.31,24932
2017-09-28,8.31,8.31,8.31,8.31,4900
2017-09-29,8.31,8.43,8.31,8.43,2677
2017-10-02,8.31,8.31,8.19,8.19,4850
2017-10-03,8.43,8.49,8.43,8.43,6353
2017-10-04,8.55,8.55,8.55,8.55,700
2017-10-05,8.43,8.43,8.36,8.36,1550
2017-10-06,8.36,8.43,8.36,8.43,11400
2017-10-09,8.55,8.55,8.36,8.36,2800
2017-10-10,8.43,8.43,8.24,8.24,18100
2017-10-11,8.36,8.36,8.24,8.3,17139
2017-10-12,8.24,8.36,8.24,8.36,13400
2017-10-13,8.3,8.3,8.3,8.3,3839
2017-10-16,8.36,8.36,8.36,8.36,21663
2017-10-17,8.24,8.36,8.24,8.36,23260
2017-10-18,8.3,8.3,8.3,8.3,2014
2017-10-19,8.36,8.43,8.36,8.43,25013
2017-10-20,8.36,8.67,8.36,8.49,8690
2017-10-23,8.36,8.55,8.36,8.43,29179
2017-10-24,8.67,8.67,8.55,8.61,3813
2017-10-25,8.49,8.49,8.43,8.49,22228
2017-10-26,8.43,8.49,8.36,8.36,25200
2017-10-27,8.55,8.55,8.36,8.43,23658
2017-10-30,8.43,8.55,8.43,8.55,25073
2017-10-31,8.49,8.49,8.49,8.49,4977
2017-11-01,8.67,8.67,8.49,8.49,23000
2017-11-02,8.55,8.55,8.49,8.49,12243
2017-11-03,8.49,8.67,8.43,8.43,14788
2017-11-06,8.43,8.43,8.43,8.43,8000
2017-11-07,8.55,8.55,8.36,8.43,7206
2017-11-08,8.12,8.36,8.12,8.36,16873
2017-11-09,8.61,8.61,8.61,8.61,100
2017-11-10,8.43,8.43,8.43,8.43,100
2017-11-13,8.43,8.43,8.43,8.43,8000
2017-11-14,8.43,8.43,8.36,8.36,12103
2017-11-15,8.36,8.36,8.36,8.36,5301
2017-11-16,8.36,8.43,8.36,8.43,28000
2017-11-17,8.43,8.55,8.43,8.49,33475
2017-11-20,7.19,8.49,7.19,8.49,11568
2017-11-21,8.55,8.61,8.55,8.61,13101
2017-11-22,8.49,8.55,8.43,8.55,19483
2017-11-23,8.55,8.55,8.49,8.49,31017
2017-11-24,8.55,8.67,8.55,8.67,5100
2017-11-27,8.55,8.67,8.55,8.61,29591
2017-11-28,8.43,8.67,8.43,8.61,46874
2017-11-29,8.61,8.61,8.55,8.55,8606
2017-11-30,8.55,8.67,8.55,8.67,27890
2017-12-01,8.67,8.92,8.67,8.86,42160
2017-12-04,8.92,9.29,8.92,9.29,34640
2017-12-05,9.6,9.6,9.17,9.54,20208
2017-12-06,9.29,9.42,9.23,9.42,11654
2017-12-07,9.54,9.42,9.42,9.42,10880
2017-12-08,9.48,9.67,9.42,9.42,38252
2017-12-11,9.48,9.67,9.48,9.67,1273
2017-12-12,9.54,9.54,8.55,8.8,12544
2017-12-13,8.8,8.92,8.8,8.86,1050
2017-12-14,8.86,8.98,8.8,8.86,11785
2017-12-15,8.98,8.98,8.92,8.92,3927
2017-12-18,8.98,9.29,8.98,9.11,18784
2017-12-19,9.23,9.29,9.05,9.05,69300
2017-12-20,9.48,9.54,9.11,9.42,13765
2017-12-21,9.36,9.36,9.36,9.36,5443
2017-12-22,9.29,9.36,9.29,9.29,7425
2017-12-25,9.17,9.36,8.98,9.36,25460
2017-12-26,10.29,10.29,9.29,9.29,24800
2017-12-27,9.29,9.36,9.17,9.17,23357
2017-12-28,9.11,9.29,9.11,9.29,7901
2017-12-29,9.29,9.29,9.17,9.17,41439
2018-01-02,9.17,9.36,9.17,9.29,171391
2018-01-03,9.29,9.29,9.17,9.29,14811
2018-01-04,9.29,9.29,9.17,9.17,7028
2018-01-05,9.29,9.29,9.17,9.23,6413
2018-01-08,9.29,9.29,9.23,9.29,104400
2018-01-09,9.54,9.54,9.29,9.48,32569
2018-01-10,9.42,9.73,9.42,9.73,179699
2018-01-11,9.54,9.79,9.54,9.79,103675
2018-01-12,9.79,9.79,9.67,9.67,54417
2018-01-22,11.15,11.15,10.53,10.72,875590
2018-01-23,10.72,10.72,10.72,10.72,0
2018-01-24,10.72,10.72,10.72,10.72,0
2018-01-25,10.6,10.66,9.98,9.98,2917350
2018-01-26,9.98,9.98,9.45,9.79,1654450
2018-01-29,9.85,10.41,9.85,9.85,13320
2018-01-30,9.85,9.91,9.48,9.91,41230
2018-01-31,9.91,10.04,9.54,9.91,57200
2018-02-01,9.6,9.67,9.54,9.54,62470
2018-02-02,9.54,9.54,9.48,9.48,44960
2018-02-05,8.83,9.23,8.83,9.05,34370
2018-02-06,8.43,8.67,8.43,8.67,193040
2018-02-07,8.98,9.23,8.98,9.23,10960
2018-02-08,9.23,9.29,9.23,9.29,2550
2018-02-09,8.98,9.29,8.98,9.29,7080
2018-02-12,9.17,9.17,9.05,9.11,5410
2018-02-13,9.7,9.7,9.14,9.57,13660
2018-02-21,9.6,9.6,9.32,9.57,4930
2018-02-22,9.29,9.57,9.29,9.29,9400
2018-02-23,9.29,9.29,9.29,9.29,9280
2018-02-26,9.29,9.48,9.29,9.36,24670
2018-02-27,9.29,9.39,9.29,9.29,24500
2018-02-28,9.29,9.29,9.23,9.23,27110
2018-03-01,9.23,9.23,9.17,9.2,32260
2018-03-02,9.29,9.29,9.17,9.2,16290
2018-03-05,9.14,9.2,9.14,9.17,2020
2018-03-06,9.11,9.23,9.11,9.23,29420
2018-03-07,9.17,9.17,9.11,9.17,10930
2018-03-08,9.17,9.17,9.05,9.05,3840
2018-03-09,9.08,9.11,9.05,9.11,23700
2018-03-12,9.05,9.05,8.67,8.98,15190
2018-03-13,9.17,9.17,9.17,9.17,20
2018-03-14,9.17,9.23,9.17,9.17,37590
2018-03-15,9.11,9.14,9.11,9.11,18740
2018-03-16,9.11,9.17,8.98,8.98,40610
2018-03-19,9.11,9.17,9.11,9.11,15770
2018-03-20,8.64,9.17,8.64,9.17,12220
2018-03-21,8.67,8.92,8.67,8.92,4230
2018-03-22,8.92,8.98,8.43,8.92,29300
2018-03-23,8.8,8.92,8.67,8.92,20120
2018-03-26,8.67,8.86,8.67,8.8,11640
2018-03-27,8.55,8.8,8.55,8.8,29060
2018-03-28,8.8,8.8,8.61,8.8,19730
2018-03-29,8.8,8.8,8.74,8.74,1570
2018-03-30,8.74,8.8,8.74,8.74,13140
2018-04-02,8.8,8.8,8.67,8.67,5550
2018-04-03,8.67,8.74,8.67,8.67,33570
2018-04-04,8.67,8.74,8.67,8.67,20640
2018-04-05,8.67,8.8,8.67,8.67,15350
2018-04-06,8.74,8.86,8.67,8.74,30820
2018-04-09,8.55,8.86,8.4,8.8,46680
2018-04-10,8.43,8.86,8.43,8.8,20930
2018-04-11,8.8,8.8,8.8,8.8,18500
2018-04-12,8.8,8.86,8.8,8.86,16710
2018-04-13,8.8,8.98,8.8,8.8,16910
2018-04-16,8.8,8.83,8.8,8.8,5620
2018-04-17,8.92,8.92,8.8,8.92,22250
2018-04-18,8.86,8.98,8.86,8.92,13070
2018-04-19,8.98,8.98,8.92,8.92,44080
2018-04-20,8.92,8.98,8.92,8.92,11110
2018-04-23,8.98,8.98,8.92,8.92,13160
2018-04-24,8.86,9.29,8.86,9.29,28070
2018-04-26,8.92,9.29,8.92,9.23,13960
2018-04-27,8.92,9.23,8.86,8.95,49340
2018-05-02,8.74,8.95,8.74,8.95,40720
2018-05-03,8.86,8.92,8.86,8.86,8490
2018-05-04,8.8,9.08,8.8,8.89,3360
2018-05-07,8.89,8.98,8.89,8.95,27940
2018-05-08,8.33,9.17,8.33,8.98,55190
2018-05-09,8.86,8.92,8.86,8.92,3270
2018-05-10,8.8,8.98,8.8,8.92,4170
2018-05-11,8.92,9.05,8.43,8.98,28750
2018-05-14,8.67,9.05,8.67,9.05,26160
2018-05-15,8.92,9.05,8.92,8.98,19890
2018-05-16,8.98,9.05,8.98,9.05,10220
2018-05-17,8.98,9.17,8.98,9.17,19710
2018-05-18,8.98,9.05,8.98,9.05,9800
2018-05-21,9.05,9.05,8.98,9.05,24220
2018-05-22,8.8,9.17,8.8,8.86,13760
2018-05-23,8.86,9.29,8.8,9.11,112830
2018-05-24,8.92,8.92,8.86,8.86,5570
2018-05-25,8.8,9.17,8.8,8.92,3020
2018-05-28,8.67,8.98,8.67,8.92,38340
2018-05-29,8.92,8.98,8.86,8.92,10050
2018-05-30,8.98,9.11,8.92,8.92,14440
2018-05-31,8.86,9.02,8.86,9.02,5810
2018-06-01,8.98,9.23,8.8,8.86,41290
2018-06-04,8.8,9.14,8.8,8.92,1070
2018-06-05,8.92,9.17,8.92,8.98,37440
2018-06-06,8.98,9.05,8.98,9.05,2240
2018-06-07,9.08,9.23,9.05,9.05,19370
2018-06-08,9.42,9.42,9.05,9.05,8910
2018-06-11,9.05,9.23,9.05,9.05,16580
2018-06-12,9.05,9.23,9.05,9.05,28190
2018-06-13,9.05,9.17,9.05,9.08,11630
2018-06-14,8.86,9.2,8.86,8.92,60
2018-06-15,8.86,8.92,8.86,8.92,3100
2018-06-18,8.92,9.23,8.92,8.98,33290
2018-06-19,8.98,9.23,8.98,8.98,56690
2018-06-20,8.92,9.29,8.92,9.05,23560
2018-06-21,9.05,9.23,9.05,9.05,25620
2018-06-22,9.05,9.26,9.05,9.23,39340
2018-06-25,9.05,9.08,9.05,9.05,2030
2018-06-26,9.11,9.42,9.08,9.11,35990
2018-06-27,9.29,9.32,9.17,9.29,8660
2018-06-28,9.11,9.29,9.11,9.29,19770
2018-06-29,9.29,9.36,9.17,9.36,16920
2018-07-02,9.17,9.32,9.17,9.23,12800
2018-07-03,9.23,9.36,9.2,9.2,35300
2018-07-04,9.11,9.17,9.11,9.17,16090
2018-07-05,9.29,9.29,9.17,9.2,35130
2018-07-06,9.17,9.29,9.17,9.29,27600
2018-07-09,9.2,9.36,9.2,9.23,18130
2018-07-10,9.23,9.42,9.23,9.36,10030
2018-07-11,9.29,9.36,9.23,9.23,20450
2018-07-12,9.23,9.36,9.23,9.23,35540
2018-07-13,9.42,9.42,9.23,9.23,7150
2018-07-16,9.23,9.29,9.23,9.23,18710
2018-07-17,9.29,9.36,9.26,9.26,21970
2018-07-18,9.23,9.36,9.23,9.29,8820
2018-07-19,9.29,9.32,9.29,9.29,12880
2018-07-20,9.29,9.29,9.29,9.29,26640
2018-07-23,9.29,9.42,9.29,9.36,11710
2018-07-24,9.29,9.36,9.29,9.36,4830
2018-07-25,9.36,9.57,9.29,9.57,2280
2018-07-26,9.29,9.29,9.29,9.29,870
2018-07-27,9.36,9.54,9.29,9.36,31100
2018-07-30,9.29,9.79,9.29,9.39,680
2018-07-31,9.39,9.54,9.39,9.48,6690
2018-08-01,9.42,9.76,9.42,9.76,8530
2018-08-02,9.67,9.79,9.54,9.67,15820
2018-08-03,9.67,9.91,9.67,9.73,44230
2018-08-06,10.38,10.38,9.91,9.91,12890
2018-08-07,9.91,10.13,9.54,9.54,26470
2018-08-08,9.54,10.04,9.54,9.79,2880
2018-08-09,9.6,9.98,9.6,9.6,14650
2018-08-10,9.54,9.82,9.54,9.67,9020
2018-08-13,9.54,9.79,9.54,9.79,11140
2018-08-14,9.79,9.79,9.73,9.73,19350
2018-08-15,9.73,9.73,9.67,9.73,9710
2018-08-16,9.73,9.79,9.73,9.73,3160
2018-08-17,9.73,9.79,9.67,9.67,12920
2018-08-20,9.73,9.76,9.7,9.73,16090
2018-08-21,9.73,9.73,9.7,9.7,23200
2018-08-22,9.7,9.79,9.7,9.73,4340
2018-08-23,9.73,9.76,9.73,9.76,2020
2018-08-24,9.76,9.79,9.73,9.73,11180
2018-08-27,9.73,9.79,9.73,9.73,8520
2018-08-28,9.73,9.88,9.73,9.82,6880
2018-08-29,9.82,9.91,9.79,9.82,47560
2018-08-30,9.82,9.91,9.73,9.73,20380
2018-08-31,9.76,9.91,9.73,9.73,15400
2018-09-04,9.79,9.91,9.79,9.85,26250
2018-09-05,9.79,9.91,9.79,9.79,9890
2018-09-06,9.85,9.98,9.76,9.79,11580
2018-09-07,9.82,9.82,9.76,9.76,33310
2018-09-10,9.73,9.79,9.73,9.76,17800
2018-09-11,9.76,9.91,9.76,9.79,8340
2018-09-12,9.79,9.91,9.79,9.79,4310
2018-09-13,9.79,9.85,9.79,9.82,38070
2018-09-14,9.91,9.91,9.79,9.91,3870
2018-09-17,10.1,10.1,9.76,9.76,11690
2018-09-18,9.79,9.79,9.76,9.76,190
2018-09-19,9.76,9.79,9.73,9.76,21880
2018-09-20,9.76,9.79,9.76,9.79,3740
2018-09-21,9.76,9.76,9.76,9.76,6410
2018-09-24,9.79,9.91,9.79,9.91,1680
2018-09-25,9.82,9.82,9.73,9.82,33950
2018-09-26,9.82,9.91,9.82,9.91,21760
2018-09-27,9.91,10.04,9.76,10.04,35860
2018-09-28,10.04,10.16,10.01,10.16,12210
2018-10-01,10.07,10.16,10.07,10.07,22510
2018-10-02,10.13,10.22,10.13,10.16,33310
2018-10-03,10.22,10.22,10.16,10.16,53960
2018-10-04,10.16,10.16,10.1,10.16,33350
2018-10-05,10.16,10.16,9.94,9.94,38550
2018-10-08,9.98,10.1,9.91,10.07,24390
2018-10-09,10.3,10.3,10.09,10.16,21730
2018-10-10,10.13,10.13,9.61,9.96,4320
2018-10-11,9.96,9.96,9.54,9.61,14480
2018-10-12,9.61,9.75,9.61,9.75,15770
2018-10-15,9.75,9.82,9.75,9.82,1180
2018-10-16,9.89,9.89,9.41,9.41,32240
2018-10-17,9.68,9.82,9.68,9.75,13880
2018-10-18,9.82,9.82,9.61,9.75,5890
2018-10-19,9.68,9.75,9.61,9.68,23910
2018-10-22,9.68,9.68,9.61,9.68,6630
2018-10-23,9.68,9.82,9.61,9.61,35190
2018-10-24,9.61,9.61,9.54,9.54,7910
2018-10-25,9.54,9.61,8.93,9.48,7390
2018-10-26,9.82,9.82,9.48,9.48,3930
2018-10-29,9.54,9.54,9.48,9.48,4310
2018-10-30,9.54,9.54,9.41,9.54,22540
2018-10-31,9.61,9.68,9.58,9.61,8950
2018-11-01,9.61,9.75,9.51,9.68,111020
2018-11-02,10.23,10.23,9.75,9.89,30060
2018-11-05,9.65,9.89,9.65,9.89,2000
2018-11-06,10.09,10.37,9.96,10.16,24300
2018-11-07,10.2,10.2,10.06,10.06,5480
2018-11-08,10.3,10.37,10.13,10.37,10550
2018-11-09,10.3,10.37,10.03,10.33,9790
2018-11-12,10.37,10.51,10.23,10.23,12600
2018-11-13,10.03,10.03,9.61,9.61,510
2018-11-14,9.82,10.16,9.61,9.96,14900
2018-11-15,9.96,9.96,9.89,9.96,400
2018-11-16,9.82,10.3,9.75,9.96,11530
2018-11-19,10.27,10.3,10.16,10.16,12370
2018-11-20,10.3,10.37,10.3,10.3,20340
2018-11-21,9.96,10.37,9.96,10.37,6920
2018-11-22,10.44,10.51,10.23,10.23,51280
2018-11-23,10.23,10.23,10.23,10.23,0
2018-11-26,10.23,10.23,9.61,9.89,7680
2018-11-27,9.96,10.13,9.96,10.09,2960
2018-11-28,10.09,10.16,10.09,10.16,9120
2018-11-29,10.23,10.23,10.23,10.23,140
2018-11-30,10.23,10.23,10.13,10.23,2110
2018-12-03,10.23,10.37,10.23,10.37,26840
2018-12-04,10.37,10.51,10.37,10.51,19100
2018-12-05,10.3,10.78,10.3,10.78,35670
2018-12-06,10.3,10.64,10.3,10.44,4050
2018-12-07,10.4,10.64,10.4,10.51,10830
2018-12-10,10.51,10.51,10.3,10.51,13740
2018-12-11,10.13,10.47,10.13,10.47,580
2018-12-12,10.47,10.58,10.27,10.51,276860
2018-12-13,10.51,10.58,10.47,10.51,27490
2018-12-14,10.51,10.58,10.51,10.51,293820
2018-12-17,10.16,10.51,10.16,10.51,2990
2018-12-18,10.3,10.51,10.3,10.51,5510
2018-12-19,10.51,10.51,10.16,10.16,45370
2018-12-20,10.16,10.16,9.96,9.96,12590
2018-12-21,9.96,9.96,9.96,9.96,1900
2018-12-24,9.96,9.96,9.96,9.96,9130
2018-12-25,9.96,10.03,9.96,9.96,3150
2018-12-26,10.03,10.03,10.03,10.03,60
2018-12-27,10.03,10.3,9.96,10.23,3460
2018-12-28,9.96,10.23,9.96,10.23,2250
2019-01-02,9.96,10.3,9.96,10.06,44560
2019-01-03,10.13,10.3,10.06,10.06,20430
2019-01-04,10.09,10.09,10.06,10.06,330
2019-01-07,10.09,10.3,10.06,10.3,98900
2019-01-08,10.3,10.3,10.3,10.3,50010
2019-01-09,10.3,10.47,10.3,10.47,920
2019-01-10,10.3,10.44,10.3,10.4,12660
2019-01-11,10.4,10.4,10.4,10.4,11380
2019-01-14,10.44,10.44,10.4,10.44,26940
2019-01-15,10.44,10.44,10.44,10.44,29290
2019-01-16,10.44,10.44,10.44,10.44,10400
2019-01-17,10.44,10.44,10.3,10.3,100370
2019-01-18,10.3,10.3,10.3,10.3,21530
2019-01-21,10.33,10.44,10.33,10.33,500
2019-01-22,10.33,10.4,10.33,10.4,4530
2019-01-23,10.44,10.47,10.4,10.4,17660
2019-01-24,10.4,10.54,10.4,10.54,16510
2019-01-25,10.54,10.54,10.54,10.54,0
2019-01-28,10.58,10.64,10.47,10.58,8930
2019-01-29,10.58,10.64,10.47,10.64,10170
2019-01-30,10.64,10.64,10.58,10.58,11930
2019-01-31,10.58,10.58,10.58,10.58,0
2019-02-01,10.16,10.33,10.16,10.3,3530
2019-02-11,10.23,10.33,10.23,10.33,2000
2019-02-12,10.4,10.4,10.3,10.33,22330
2019-02-13,10.44,10.51,10.44,10.44,10990
2019-02-14,10.44,10.47,10.44,10.44,3930
2019-02-15,10.44,10.44,10.44,10.44,7440
2019-02-18,10.44,10.58,10.44,10.58,10510
2019-02-19,10.64,10.64,10.58,10.61,12860
2019-02-20,10.64,10.71,10.64,10.71,10890
2019-02-21,10.71,10.71,10.47,10.47,8540
2019-02-22,10.44,10.71,10.44,10.71,17670
2019-02-25,10.64,10.78,10.64,10.75,8270
2019-02-26,10.75,10.99,10.71,10.75,31030
2019-02-27,10.71,10.95,10.71,10.95,790
2019-02-28,10.99,11.06,10.78,10.78,5440
2019-03-01,10.88,10.88,10.88,10.88,2590
2019-03-04,10.88,10.99,10.44,10.78,9680
2019-03-05,10.99,10.99,10.51,10.99,39580
2019-03-06,10.99,11.12,10.64,11.12,20270
2019-03-07,10.99,10.99,10.85,10.92,10770
2019-03-08,11.12,11.12,10.99,10.99,18070
2019-03-11,10.99,11.33,10.99,11.19,46990
2019-03-12,10.99,11.19,10.99,11.12,23420
2019-03-13,11.12,11.19,11.12,11.16,4620
2019-03-14,11.16,11.16,10.44,11.09,2640
2019-03-15,11.16,11.19,11.12,11.12,7660
2019-03-18,10.99,11.19,10.99,11.12,6440
2019-03-19,11.16,11.54,11.16,11.16,1290
2019-03-20,11.61,11.61,11.16,11.19,3780
2019-03-21,11.19,11.54,11.19,11.19,4950
2019-03-22,11.19,11.54,11.19,11.3,15010
2019-03-25,11.3,11.67,11.3,11.54,68650
2019-03-26,11.43,11.54,11.33,11.33,16520
2019-03-27,11.36,11.43,11.36,11.4,1760
2019-03-28,11.12,11.4,11.12,11.36,53970
2019-03-29,11.33,11.4,11.33,11.33,7980
2019-04-01,11.47,11.5,11.36,11.5,7310
2019-04-02,11.4,11.54,11.33,11.4,3430
2019-04-03,11.26,11.4,11.26,11.36,8150
2019-04-04,11.54,11.54,11.33,11.33,5370
2019-04-05,11.33,11.47,11.33,11.33,10250
2019-04-08,11.36,11.67,11.36,11.4,5860
2019-04-09,11.67,11.67,11.33,11.57,13630
2019-04-10,11.61,11.61,11.4,11.57,780
2019-04-11,11.61,11.64,11.61,11.64,19210
2019-04-12,11.67,11.67,11.54,11.67,50880
2019-04-16,11.67,11.67,11.47,11.67,11220
2019-04-17,11.67,11.67,11.4,11.64,4470
2019-04-18,11.64,11.64,11.19,11.61,17260
2019-04-19,11.67,11.67,11.19,11.23,44650
2019-04-22,11.54,11.54,11.54,11.54,40030
2019-04-23,11.54,11.54,11.33,11.43,50770
2019-04-24,11.47,11.5,11.4,11.47,76770
2019-04-25,11.47,11.47,11.33,11.33,60970
2019-04-26,11.4,11.47,11.36,11.43,650100
2019-05-02,11.12,11.47,11.12,11.43,100330
2019-05-03,11.4,11.47,11.4,11.43,36190
2019-05-06,11.4,11.64,11.4,11.64,26310
2019-05-07,11.67,11.67,11.47,11.54,13100
2019-05-08,11.54,12.33,11.54,11.95,54490
2019-05-09,11.71,12.09,11.71,11.88,15970
2019-05-10,11.88,12.02,11.81,11.88,60090
2019-05-13,11.74,12.02,11.67,11.67,28730
2019-05-14,11.74,11.74,11.54,11.67,15030
2019-05-15,11.4,11.67,11.4,11.61,23640
2019-05-16,11.61,11.67,11.47,11.67,970
2019-05-17,11.67,11.67,11.54,11.54,10950
2019-05-20,11.54,11.61,11.54,11.61,8860
2019-05-21,11.61,11.61,11.47,11.47,9170
2019-05-22,10.71,11.47,10.71,11.47,17010
2019-05-23,11.47,11.61,11.4,11.61,4160
2019-05-24,10.82,11.61,10.82,11.54,8260
2019-05-27,11.36,11.67,11.36,11.54,17620
2019-05-28,11.54,11.54,11.4,11.54,49140
2019-05-29,11.54,11.57,11.33,11.57,8160
2019-05-30,11.67,11.67,11.61,11.67,40320
2019-05-31,11.67,11.67,11.67,11.67,22620
2019-06-03,11.67,11.67,11.54,11.54,33090
2019-06-04,11.47,11.61,11.43,11.47,11540
2019-06-05,11.47,11.61,11.4,11.54,5040
2019-06-06,11.5,11.5,11.47,11.47,14790
2019-06-07,11.64,11.64,11.5,11.54,6040
2019-06-10,11.4,11.61,11.26,11.61,25530
2019-06-11,11.64,11.64,11.64,11.64,30
2019-06-12,11.61,11.64,11.61,11.64,25320
2019-06-13,11.47,11.64,11.47,11.64,17450
2019-06-14,11.6,11.6,11.31,11.31,9200
2019-06-17,11.31,12.04,11.31,11.97,18690
2019-06-18,11.97,12.04,11.9,11.97,64730
2019-06-19,11.6,12.12,11.53,12.12,1750
2019-06-20,12.12,12.12,12.12,12.12,146580
2019-06-21,12.12,12.19,12.12,12.12,43350
2019-06-24,12.12,12.12,12.12,12.12,177740
2019-06-25,12.12,12.26,12.12,12.19,50380
2019-06-26,12.19,12.26,12.19,12.26,9480
2019-06-27,12.12,12.26,12.12,12.19,3430
2019-06-28,12.19,12.34,12.19,12.34,9620
2019-07-01,12.37,12.41,12.34,12.34,6670
2019-07-02,12.19,12.37,12.19,12.37,2430
2019-07-03,12.48,12.48,12.41,12.45,21590
2019-07-04,12.45,12.48,12.45,12.48,13210
2019-07-05,12.48,12.48,12.34,12.48,7780
2019-07-08,12.48,12.48,12.26,12.48,2890
2019-07-09,12.63,12.63,12.48,12.48,5660
2019-07-10,12.48,12.7,11.75,12.34,26300
2019-07-11,12.7,12.7,12.63,12.63,45960
2019-07-12,12.63,12.63,12.48,12.63,63800
2019-07-15,12.63,12.63,12.41,12.63,119270
2019-07-16,12.48,12.63,12.48,12.48,12010
2019-07-17,12.48,12.56,12.12,12.56,9110
2019-07-18,11.82,12.48,11.82,12.04,12250
2019-07-19,12.12,12.56,12.12,12.56,30
2019-07-22,12.26,12.34,12.26,12.34,18110
2019-07-23,12.19,12.34,12.19,12.26,5300
2019-07-24,12.48,12.48,12.19,12.26,18740
2019-07-25,12.26,12.41,12.26,12.34,13140
2019-07-26,12.26,13.18,11.9,12.48,63240
2019-07-29,12.48,13.33,12.48,12.74,219060
2019-07-30,12.78,13.22,12.48,13.14,144080
2019-07-31,13.59,13.59,13.14,13.22,96560
2019-08-01,12.92,13.22,12.92,13.14,8200
2019-08-02,13.14,13.44,13.0,13.22,228670
2019-08-05,13.22,13.22,13.14,13.22,333400
2019-08-06,13.22,13.29,13.07,13.14,907940
2019-08-07,13.22,14.06,13.14,13.95,773270
2019-08-08,14.1,14.17,13.22,13.95,12500
2019-08-09,13.37,13.81,13.22,13.44,11010
2019-08-12,13.22,13.59,13.14,13.25,63420
2019-08-13,13.0,13.37,13.0,13.37,25330
2019-08-14,13.59,13.59,13.22,13.22,12810
2019-08-15,13.18,13.37,13.14,13.37,47870
2019-08-16,13.29,13.37,13.22,13.29,15740
2019-08-19,13.22,13.29,13.22,13.29,56630
2019-08-20,13.37,13.66,13.22,13.37,97250
2019-08-21,13.59,13.59,13.44,13.44,35650
2019-08-22,13.59,13.66,13.22,13.66,29060
2019-08-23,13.66,13.66,13.66,13.66,2150
2019-08-26,13.4,13.66,13.22,13.59,6820
2019-08-27,13.59,13.59,13.22,13.59,14950
2019-08-28,13.29,13.29,12.92,13.0,25480
2019-08-29,13.22,13.22,13.0,13.0,3560
2019-08-30,13.0,13.0,12.92,12.92,19920
2019-09-03,12.85,12.85,12.34,12.34,16040
2019-09-04,11.75,12.48,11.75,12.48,18140
2019-09-05,12.48,12.63,12.48,12.48,5040
2019-09-06,12.63,12.63,12.34,12.34,570
2019-09-09,12.48,12.48,12.26,12.34,15930
2019-09-10,12.34,12.34,12.26,12.34,1830
2019-09-11,12.34,12.34,11.75,12.34,4000
2019-09-12,12.19,12.37,12.19,12.34,4540
2019-09-13,12.48,12.63,12.48,12.63,9110
2019-09-16,13.14,13.14,12.48,13.0,30
2019-09-17,13.0,13.0,12.48,12.81,4360
2019-09-18,12.96,12.96,12.63,12.63,50
2019-09-19,12.63,12.63,12.48,12.48,870
2019-09-20,12.48,12.48,12.34,12.34,4720
2019-09-23,12.34,12.34,12.12,12.12,12970
2019-09-24,12.12,12.34,12.04,12.34,19920
2019-09-25,12.34,12.34,12.34,12.34,0
2019-09-26,12.34,12.34,12.12,12.12,2370
2019-09-27,12.12,12.15,12.12,12.12,5330
2019-09-30,12.12,12.12,12.12,12.12,10660
2019-10-01,12.12,12.34,12.12,12.26,21400
2019-10-02,12.41,12.41,12.19,12.26,42860
2019-10-03,12.48,12.48,12.26,12.34,6630
2019-10-04,12.19,12.19,12.12,12.12,7700
2019-10-07,12.26,12.48,12.26,12.48,400
2019-10-08,12.19,12.48,12.19,12.48,3690
2019-10-09,12.48,12.56,12.41,12.41,18420
2019-10-10,12.41,12.41,12.34,12.41,3870
2019-10-11,12.37,12.45,12.37,12.45,5570
2019-10-14,12.41,12.56,12.41,12.56,4690
2019-10-15,12.56,12.56,12.41,12.45,6810
2019-10-16,12.48,12.48,12.41,12.41,3250
2019-10-17,12.41,12.48,12.41,12.48,5470
2019-10-18,12.3,12.41,12.26,12.41,4130
2019-10-21,12.41,12.41,12.26,12.26,13040
2019-10-22,12.26,12.41,12.26,12.34,90
2019-10-23,12.3,13.07,12.26,12.41,2830
2019-10-24,12.26,12.26,12.26,12.26,3340
2019-10-25,12.26,12.7,12.26,12.48,9270
2019-10-28,12.48,12.48,12.34,12.34,650
2019-10-29,12.34,12.48,12.34,12.48,4090
2019-10-30,12.48,12.48,12.48,12.48,4910
2019-10-31,12.48,12.48,12.41,12.41,270
2019-11-01,12.41,12.59,12.41,12.45,3410
2019-11-04,12.48,12.63,12.19,12.34,13220
2019-11-05,12.37,12.48,12.34,12.48,11100
2019-11-06,12.48,12.48,12.41,12.41,2520
2019-11-07,12.48,12.48,12.45,12.48,3440
2019-11-08,12.48,12.48,12.41,12.48,16700
2019-11-11,12.48,12.48,12.37,12.37,1500
2019-11-12,12.48,12.48,12.41,12.41,10010
2019-11-13,12.48,12.48,12.12,12.34,25250
2019-11-14,12.48,12.48,12.15,12.48,29270
2019-11-15,12.48,12.56,12.48,12.56,16780
2019-11-18,12.7,12.7,11.71,11.75,13080
2019-11-19,11.9,11.9,11.9,11.9,20
2019-11-20,12.48,12.48,12.19,12.34,2420
2019-11-21,12.34,12.41,12.34,12.41,31930
2019-11-22,12.26,12.34,12.26,12.34,8680
2019-11-25,12.34,12.34,12.19,12.26,2100
2019-11-26,12.26,12.41,12.26,12.34,11440
2019-11-27,12.59,12.59,12.26,12.26,90
2019-11-28,12.34,12.34,12.26,12.26,340
2019-11-29,12.19,12.19,12.19,12.19,2700
2019-12-02,12.19,12.19,12.19,12.19,0
2019-12-03,12.37,12.37,12.19,12.19,2020
2019-12-04,12.19,12.26,12.04,12.04,11780
2019-12-05,12.04,12.04,12.04,12.04,5100
2019-12-06,11.82,12.12,11.82,11.9,640
2019-12-09,11.9,12.19,11.9,12.19,1570
2019-12-10,12.26,12.26,11.75,12.23,2510
2019-12-11,11.82,12.19,11.75,12.19,14020
2019-12-12,12.12,12.48,12.12,12.48,3860
2019-12-13,12.12,12.48,12.12,12.48,530
2019-12-16,12.12,12.12,11.75,11.75,6020
2019-12-17,12.04,12.04,12.04,12.04,210
2019-12-18,11.75,11.82,11.75,11.82,1510
2019-12-19,11.24,11.75,11.02,11.75,520
2019-12-20,11.64,11.64,11.6,11.6,4200
2019-12-23,11.38,11.75,11.38,11.46,3430
2019-12-24,11.38,11.38,11.16,11.38,3210
2019-12-25,11.38,11.38,11.24,11.24,60
2019-12-26,11.31,11.38,11.24,11.38,390
2019-12-27,11.75,11.75,11.2,11.2,1030
2019-12-30,11.16,11.24,11.13,11.13,4200
2019-12-31,11.2,11.82,11.16,11.38,9040
2020-01-02,11.46,11.75,11.38,11.75,2550
2020-01-03,11.53,11.75,11.38,11.38,9720
2020-01-06,11.38,12.04,11.38,12.04,5370
2020-01-07,12.04,12.37,11.38,12.19,3680
2020-01-08,11.6,11.75,11.53,11.53,10240
2020-01-09,11.97,11.97,11.38,11.38,5300
2020-01-10,11.75,11.75,11.02,11.02,52180
2020-01-13,11.38,11.53,10.87,10.87,11790
2020-01-14,11.24,11.38,11.24,11.38,2290
2020-01-15,11.38,11.38,11.02,11.02,7690
2020-01-16,11.02,11.09,11.02,11.02,4890
2020-01-17,11.16,11.16,10.94,10.94,2900
2020-01-20,11.02,11.02,11.02,11.02,1200
2020-01-21,11.02,11.09,10.5,10.79,8700
2020-01-22,11.02,11.02,10.79,10.79,8130
2020-01-30,11.16,11.53,11.16,11.53,1010
2020-01-31,11.9,11.9,10.87,10.87,180
2020-02-03,11.02,11.02,10.13,10.65,480
2020-02-04,10.65,10.72,10.65,10.72,320
2020-02-05,10.72,11.31,10.72,11.31,20
2020-02-06,11.31,11.75,11.31,11.46,3150
2020-02-07,11.75,11.75,11.75,11.75,10
2020-02-10,11.75,11.75,11.75,11.75,20
2020-02-11,11.68,11.68,11.68,11.68,230
2020-02-12,12.04,12.04,11.68,11.68,1010
2020-02-13,11.6,11.6,11.6,11.6,1200
2020-02-14,11.02,11.38,11.02,11.05,1430
2020-02-17,11.09,11.09,11.09,11.09,1110
2020-02-18,11.68,11.68,11.68,11.68,10
2020-02-19,11.6,11.6,11.6,11.6,110
2020-02-20,11.6,11.6,11.6,11.6,0
2020-02-21,11.6,11.6,11.6,11.6,0
2020-02-24,11.16,11.16,11.16,11.16,1000
2020-02-25,11.38,11.38,11.09,11.09,3950
2020-02-26,11.02,11.24,11.02,11.24,12550
2020-02-27,10.87,11.75,10.87,11.38,6210
2020-02-28,11.02,11.16,11.02,11.02,1010
2020-03-02,11.31,11.31,11.31,11.31,50
2020-03-03,11.02,11.02,11.02,11.02,4800
2020-03-04,11.02,11.09,11.02,11.02,3460
2020-03-05,11.05,11.16,11.02,11.16,310
2020-03-06,11.02,11.02,10.79,11.02,1700
2020-03-09,10.39,11.02,10.28,10.28,5310
2020-03-10,10.65,10.87,10.65,10.65,8200
2020-03-11,10.65,10.65,10.65,10.65,10
2020-03-12,10.65,10.65,10.35,10.35,2210
2020-03-13,10.28,10.35,10.21,10.21,3180
2020-03-16,10.57,10.57,10.28,10.28,2010
2020-03-17,10.35,10.35,10.28,10.28,1840
2020-03-18,10.57,10.65,10.28,10.65,670
2020-03-19,10.28,10.28,10.21,10.21,4010
2020-03-20,10.28,10.28,10.21,10.21,5900
2020-03-23,9.91,9.91,9.62,9.62,2610
2020-03-24,9.55,9.77,9.55,9.77,6720
2020-03-25,10.28,10.28,9.91,9.91,1830
2020-03-26,9.69,9.91,9.62,9.91,8910
2020-03-27,9.91,9.91,9.84,9.84,4050
2020-03-30,9.55,9.84,9.55,9.62,1000
2020-03-31,9.33,9.4,9.33,9.4,4960
2020-04-01,9.47,9.69,9.4,9.55,3600
2020-04-03,9.77,9.77,9.55,9.69,8020
2020-04-06,10.13,10.13,10.13,10.13,60
2020-04-07,9.69,10.13,9.69,10.13,2490
2020-04-08,10.13,10.83,10.13,10.83,3010
2020-04-09,10.94,10.94,10.76,10.76,150
2020-04-10,10.98,10.98,10.28,10.28,840
2020-04-13,10.98,10.98,10.98,10.98,10
2020-04-14,10.91,10.91,10.28,10.28,530
2020-04-15,10.28,10.35,10.28,10.35,1320
2020-04-16,10.35,10.87,10.35,10.87,2650
2020-04-17,11.02,11.02,10.35,10.35,1130
2020-04-20,10.35,10.43,10.28,10.43,1040
2020-04-21,10.79,10.79,10.28,10.28,12220
2020-04-22,10.65,10.65,10.65,10.65,180
2020-04-23,10.65,10.79,10.65,10.79,70
2020-04-24,10.65,10.65,10.28,10.65,1800
2020-04-27,10.28,10.79,10.28,10.79,9770
2020-04-28,10.79,10.98,10.79,10.98,1550
2020-04-29,10.98,11.71,10.94,10.98,560
2020-05-04,10.43,10.98,10.43,10.65,3130
2020-05-05,10.57,10.65,10.28,10.65,690
2020-05-06,10.65,10.65,10.39,10.65,710
2020-05-07,10.28,10.39,10.28,10.39,780
2020-05-08,10.43,10.43,10.35,10.35,10330
2020-05-11,10.35,10.43,10.28,10.35,12270
2020-05-12,10.35,10.43,10.35,10.35,17470
2020-05-13,10.35,10.43,10.35,10.43,3180
2020-05-14,10.43,10.43,10.21,10.21,6900
2020-05-15,10.21,10.35,10.13,10.35,6650
2020-05-18,10.35,10.43,10.35,10.43,4300
2020-05-19,10.5,10.5,10.43,10.43,1120
2020-05-20,10.57,10.57,10.32,10.35,10120
2020-05-21,10.39,10.39,10.35,10.35,900
2020-05-22,10.13,10.43,10.13,10.28,5300
2020-05-25,10.13,10.98,10.13,10.98,31120
2020-05-26,10.94,11.71,10.94,10.94,22510
2020-05-27,11.02,11.68,10.21,10.94,10780
2020-05-28,10.57,10.57,10.57,10.57,10
2020-05-29,10.87,10.94,10.87,10.94,2000
2020-06-01,11.02,11.02,10.32,10.94,24900
2020-06-02,10.87,10.87,10.87,10.87,2900
2020-06-03,10.87,10.87,10.79,10.79,14680
2020-06-04,10.79,10.94,10.79,10.94,5810
2020-06-05,10.79,10.87,10.79,10.87,8830
2020-06-08,10.72,10.87,10.72,10.72,3000
2020-06-09,10.72,10.72,10.72,10.72,700
2020-06-10,10.72,10.72,10.65,10.65,14360
2020-06-11,10.65,10.72,10.43,10.72,5240
2020-06-12,10.65,10.72,10.65,10.65,5290
2020-06-15,10.06,10.65,10.06,10.65,14730
2020-06-16,10.57,10.65,10.57,10.57,3700
2020-06-17,10.57,10.57,10.57,10.57,3860
2020-06-18,9.84,10.65,9.84,10.65,9920
2020-06-19,10.65,10.72,10.65,10.72,31710
2020-06-22,10.72,10.72,10.72,10.72,6000
2020-06-23,10.65,10.65,10.65,10.65,5000
2020-06-24,10.72,10.72,10.72,10.72,3910
2020-06-25,10.65,10.65,10.65,10.65,27310
2020-06-26,10.65,10.65,10.65,10.65,7400
2020-06-29,10.57,10.57,10.57,10.57,7800
2020-06-30,10.57,10.57,10.57,10.57,7130
2020-07-01,10.57,10.57,10.57,10.57,0
2020-07-02,9.99,9.99,9.99,9.99,10
2020-07-03,10.06,10.68,10.06,10.68,6880
2020-07-06,11.42,11.42,11.42,11.42,10
2020-07-07,10.72,10.72,10.72,10.72,10
2020-07-08,10.65,10.65,10.65,10.65,2010
2020-07-09,10.61,10.79,10.32,10.79,5220
2020-07-10,10.43,10.57,10.28,10.57,2540
2020-07-13,10.57,10.57,10.28,10.35,14630
2020-07-14,10.28,10.35,10.28,10.35,12750
2020-07-15,10.28,10.28,10.21,10.28,6770
2020-07-16,10.28,10.28,10.24,10.28,24930
2020-07-17,10.28,10.65,9.62,10.65,11020
2020-07-20,10.65,10.65,10.35,10.57,16270
2020-07-21,10.57,10.57,10.57,10.57,0
2020-07-22,10.13,10.21,10.13,10.21,4640
2020-07-23,10.21,10.21,10.21,10.21,0
2020-07-24,10.1,10.21,9.91,10.21,3610
2020-07-27,9.69,10.21,9.69,10.21,1010
2020-07-28,9.77,10.21,9.77,10.21,940
2020-07-29,9.77,10.28,9.77,10.28,18530
2020-07-30,10.28,10.35,10.28,10.28,17980
2020-07-31,10.24,10.87,10.24,10.87,5020
2020-08-03,10.39,10.5,10.39,10.39,650
2020-08-04,10.39,11.02,10.39,11.02,58570
2020-08-05,11.02,11.02,10.46,10.46,1030
2020-08-06,10.46,10.46,10.46,10.46,4480
2020-08-07,10.46,10.65,10.46,10.65,1600
2020-08-10,11.02,11.02,10.65,11.02,120
2020-08-11,10.35,10.43,10.35,10.43,630
2020-08-12,10.32,11.02,10.32,10.35,240
2020-08-13,10.65,10.65,10.65,10.65,3000
2020-08-14,10.65,10.65,10.65,10.65,2110
2020-08-17,10.28,11.02,10.28,10.65,5100
2020-08-18,10.39,10.43,10.39,10.43,16490
2020-08-19,10.35,10.65,10.28,10.65,4790
2020-08-20,10.65,11.02,10.65,10.65,29600
2020-08-21,10.72,10.79,10.65,10.65,50160
2020-08-24,10.72,10.87,10.72,10.87,22930
2020-08-25,10.87,10.94,10.87,10.87,25750
2020-08-26,10.87,10.87,10.79,10.79,14340
2020-08-27,10.87,10.87,10.83,10.87,9580
2020-08-28,10.98,11.02,10.98,11.02,28050
2020-08-31,10.94,10.94,10.94,10.94,2000
2020-09-01,10.94,11.38,10.87,10.87,1100
2020-09-03,10.79,10.87,10.79,10.87,6050
2020-09-04,10.43,11.09,10.43,11.09,1810
2020-09-07,11.02,11.09,10.79,11.09,45790
2020-09-08,11.09,11.16,11.09,11.13,59320
2020-09-09,10.79,11.13,10.79,11.13,5600
2020-09-10,11.02,11.16,11.02,11.13,26150
2020-09-11,11.13,11.13,10.72,10.72,7400
2020-09-14,10.72,10.94,10.72,10.94,3330
2020-09-15,10.94,10.94,10.94,10.94,0
2020-09-16,10.87,10.87,10.65,10.65,4790
2020-09-17,10.43,10.72,10.43,10.72,1020
2020-09-18,10.72,11.02,10.72,11.02,2630
2020-09-21,11.02,11.02,11.02,11.02,10100
2020-09-22,11.38,11.38,10.87,11.02,61320
2020-09-23,10.46,10.46,10.46,10.46,100
2020-09-24,10.5,11.09,10.5,11.02,40570
2020-09-25,11.31,11.31,11.02,11.02,2630
2020-09-28,11.38,11.38,10.72,11.16,2730
2020-09-29,11.02,11.02,11.02,11.02,100
2020-09-30,11.02,11.02,11.02,11.02,0
2020-10-01,11.02,11.02,11.02,11.02,8070
2020-10-02,11.02,11.02,10.65,11.02,3450
2020-10-05,11.02,11.02,11.02,11.02,21240
2020-10-06,10.79,10.79,10.79,10.79,8010
2020-10-07,10.79,11.02,10.79,11.02,1320
2020-10-08,11.02,11.02,10.94,10.94,15160
2020-10-09,10.94,10.94,10.94,10.94,0
2020-10-12,10.94,10.94,10.79,10.79,10660
2020-10-13,10.79,10.79,10.79,10.79,0
2020-10-14,10.94,10.94,10.72,10.72,150
2020-10-15,10.94,11.02,10.94,11.02,30510
2020-10-16,10.87,10.94,10.87,10.87,30350
2020-10-19,10.87,10.94,10.87,10.94,3270
2020-10-20,10.94,10.94,10.65,10.65,10300
2020-10-21,10.65,10.65,10.65,10.65,4600
2020-10-22,11.38,11.38,11.38,11.38,10
2020-10-23,11.38,11.38,11.38,11.38,0
2020-10-26,10.65,10.79,10.65,10.79,2890
2020-10-27,10.65,10.79,10.57,10.79,6200
2020-10-28,11.02,11.02,10.94,10.94,9870
2020-10-29,10.65,10.65,10.65,10.65,2000
2020-10-30,10.65,10.79,10.65,10.79,60
2020-11-02,10.65,10.79,10.65,10.79,10590
2020-11-03,10.72,11.16,10.65,11.16,18670
2020-11-04,10.79,11.16,10.79,11.16,19650
2020-11-05,10.65,11.02,10.39,11.02,17330
2020-11-06,10.87,10.87,10.87,10.87,50
2020-11-09,10.87,11.09,10.87,10.87,190
2020-11-10,10.21,11.02,10.21,10.87,62510
2020-11-11,11.09,11.09,10.65,11.09,64880
2020-11-12,11.02,11.02,10.87,10.94,10170
2020-11-13,10.72,11.02,10.72,11.02,22200
2020-11-16,10.76,10.76,10.76,10.76,4240
2020-11-17,10.5,10.5,10.5,10.5,2490
2020-11-18,9.91,10.87,9.91,10.76,12000
2020-11-19,11.14,11.48,11.14,11.4,5760
2020-11-20,10.64,10.8,10.64,10.8,830
2020-11-23,10.8,11.02,10.8,10.91,8550
2020-11-24,10.91,10.91,10.83,10.87,10530
2020-11-25,10.8,11.02,10.8,11.02,13570
2020-11-26,10.91,10.95,10.91,10.91,4040
2020-11-27,10.8,11.4,10.8,11.4,11180
2020-11-30,10.8,10.87,10.8,10.8,130
2020-12-01,10.8,11.18,10.8,11.18,530
2020-12-02,10.87,10.87,10.87,10.87,10
2020-12-03,10.91,10.91,10.91,10.91,500
2020-12-04,11.18,11.18,10.95,10.95,16620
2020-12-07,10.91,10.91,10.87,10.87,640
2020-12-08,10.87,11.02,10.83,10.95,7740
2020-12-09,10.87,10.95,10.83,10.91,17290
2020-12-10,11.02,11.02,10.8,10.99,5930
2020-12-11,10.87,10.99,10.87,10.87,9760
2020-12-14,11.02,11.18,10.64,10.64,17410
2020-12-15,11.02,11.02,10.64,10.64,7720
2020-12-16,10.64,10.72,10.53,10.64,35900
2020-12-17,10.72,10.87,10.64,10.87,920
2020-12-18,10.87,11.02,10.87,10.95,26740
2020-12-21,10.95,11.14,10.95,11.02,28980
2020-12-22,10.91,11.25,10.91,11.02,27450
2020-12-23,11.02,11.21,11.02,11.14,4690
2020-12-24,10.87,11.14,10.87,11.1,25770
2020-12-25,11.1,11.14,11.1,11.1,15160
2020-12-28,11.14,11.29,11.1,11.14,22190
2020-12-29,11.4,11.4,11.1,11.1,37800
2020-12-30,11.06,11.18,11.06,11.18,8540
2020-12-31,11.06,11.18,11.06,11.14,1140
2021-01-04,11.14,11.25,11.14,11.21,23400
2021-01-05,11.14,11.29,11.14,11.29,20300
2021-01-06,11.18,11.29,11.18,11.18,31100
2021-01-07,11.25,11.67,11.18,11.67,39400
2021-01-08,11.67,11.67,11.25,11.29,5400
2021-01-11,11.4,11.4,11.29,11.33,14000
2021-01-12,11.4,11.4,11.06,11.4,23300
2021-01-13,11.25,11.4,11.25,11.4,1000
2021-01-14,11.33,11.4,11.21,11.21,23300
2021-01-15,11.25,11.33,11.25,11.33,13000
2021-01-18,11.33,11.33,11.25,11.25,12800
2021-01-19,11.21,11.21,11.18,11.18,6000
2021-01-20,11.18,11.21,11.02,11.18,117200
2021-01-21,11.18,11.18,10.8,11.18,78600
2021-01-22,10.87,11.18,10.8,11.14,41200
2021-01-25,11.18,11.29,10.72,11.29,64800
2021-01-26,11.33,11.33,10.8,11.21,7100
2021-01-27,11.21,11.25,11.02,11.02,21000
2021-01-28,10.64,10.83,10.64,10.76,15200
2021-01-29,10.57,11.1,10.57,11.02,500
2021-02-01,10.64,11.1,10.64,10.95,1400
2021-02-02,11.06,11.06,10.64,11.02,4000
2021-02-03,10.83,11.1,10.83,11.02,10400
2021-02-04,11.1,11.1,10.83,10.95,4900
2021-02-05,10.8,10.95,10.8,10.87,6800
2021-02-08,10.87,10.95,10.87,10.91,15900
2021-02-09,10.91,10.91,10.87,10.91,3500
2021-02-17,11.18,11.4,10.91,11.14,12500
2021-02-18,10.95,11.06,10.95,11.06,6900
2021-02-19,11.06,11.06,11.02,11.02,4600
2021-02-22,11.02,11.1,11.02,11.06,55200
2021-02-23,11.02,11.1,11.02,11.06,42900
2021-02-24,11.06,11.18,11.06,11.14,41200
2021-02-25,11.14,11.21,11.14,11.21,600
2021-02-26,11.21,11.25,11.18,11.21,20200
2021-03-01,11.25,11.25,11.21,11.21,42900
2021-03-02,11.14,11.4,11.14,11.21,17800
2021-03-03,11.18,11.21,11.18,11.18,88500
2021-03-04,11.18,11.33,11.1,11.33,10600
2021-03-05,11.18,11.33,11.1,11.33,41600
2021-03-08,11.33,11.33,11.21,11.25,4800
2021-03-09,11.14,11.25,11.1,11.21,16500
2021-03-10,11.21,11.25,11.14,11.14,20900
2021-03-11,11.21,11.21,11.21,11.21,400
2021-03-12,11.25,11.29,11.25,11.25,18500
2021-03-15,11.25,11.4,11.1,11.4,11100
2021-03-16,11.25,11.33,11.25,11.33,5600
2021-03-17,11.18,11.4,11.18,11.4,10900
2021-03-18,11.4,11.4,11.4,11.4,35000
2021-03-19,11.33,11.33,11.33,11.33,2900
2021-03-22,11.33,11.33,11.25,11.33,17900
2021-03-23,11.33,11.33,11.21,11.25,41100
2021-03-24,11.02,11.18,11.02,11.02,15800
2021-03-25,11.02,11.02,11.02,11.02,200
2021-03-26,11.02,11.4,11.02,11.02,2600
2021-03-29,11.33,11.33,11.06,11.33,9600
2021-03-30,11.17,11.33,11.17,11.33,4100
2021-03-31,11.41,11.41,11.33,11.33,700
2021-04-01,11.33,11.33,10.94,10.94,700
2021-04-02,11.25,11.37,11.25,11.33,10700
2021-04-05,11.17,11.33,11.17,11.33,800
2021-04-06,11.17,11.17,11.17,11.17,3900
2021-04-07,11.02,11.33,11.02,11.33,6000
2021-04-08,11.33,11.33,11.25,11.33,7000
2021-04-09,11.33,11.41,11.33,11.33,5400
2021-04-12,11.37,11.56,11.37,11.56,29500
2021-04-13,11.6,11.6,11.56,11.56,3300
2021-04-14,10.94,11.48,10.94,11.48,700
2021-04-15,11.09,11.17,11.09,11.13,1300
2021-04-16,11.13,11.64,11.13,11.48,29100
2021-04-19,11.48,11.87,10.94,11.48,40700
2021-04-20,11.48,11.56,10.94,11.25,5500
2021-04-22,11.17,11.87,11.09,11.87,11900
2021-04-23,11.33,11.56,11.17,11.56,2100
2021-04-26,11.52,11.52,11.09,11.09,2000
2021-04-27,11.09,11.44,11.09,11.17,8900
2021-04-28,11.33,11.33,11.17,11.33,5400
2021-04-29,11.33,11.33,11.33,11.33,4500
2021-05-04,11.09,11.33,11.09,11.25,13200
2021-05-05,11.33,11.41,11.33,11.33,33500
2021-05-06,11.33,11.33,11.33,11.33,39100
2021-05-07,11.17,11.33,11.17,11.25,5000
2021-05-10,11.25,11.64,11.02,11.56,71000
2021-05-11,11.56,11.56,11.21,11.56,8000
2021-05-12,11.48,11.48,11.21,11.33,4200
2021-05-13,11.21,11.33,11.17,11.17,31500
2021-05-14,11.17,11.21,11.17,11.21,26900
2021-05-17,11.21,11.21,11.17,11.21,12100
2021-05-18,11.21,11.25,11.17,11.21,28000
2021-05-19,11.17,11.17,11.17,11.17,200
2021-05-20,11.21,11.21,11.13,11.13,2500
2021-05-21,10.98,11.41,10.98,11.17,16700
2021-05-24,11.21,11.21,11.17,11.17,29800
2021-05-25,11.17,11.17,11.17,11.17,0
2021-05-26,11.17,11.72,11.17,11.21,18100
2021-05-27,11.56,11.56,11.21,11.33,7000
2021-05-28,11.25,11.25,11.17,11.17,20100
2021-05-31,11.21,11.21,11.21,11.21,22900
2021-06-01,11.87,11.87,10.94,11.25,11200
2021-06-02,11.33,11.33,11.33,11.33,100
2021-06-03,11.33,11.33,11.13,11.17,22500
2021-06-04,11.21,11.21,10.94,11.17,94100
2021-06-07,11.17,11.17,11.02,11.02,2800
2021-06-08,11.02,11.09,11.02,11.02,5200
2021-06-09,10.7,10.86,10.7,10.86,300
2021-06-10,10.94,10.94,10.86,10.94,23500
2021-06-11,10.94,11.02,10.94,10.94,16900
2021-06-14,10.94,10.94,10.19,10.94,11300
2021-06-15,10.94,10.94,10.94,10.94,4300
2021-06-16,10.94,10.94,10.86,10.94,3000
2021-06-17,10.94,10.94,10.94,10.94,11200
2021-06-18,10.98,11.17,10.98,11.13,39700
2021-06-21,11.41,11.41,11.17,11.41,105500
2021-06-22,11.41,11.44,11.25,11.41,25500
2021-06-23,11.17,11.33,11.17,11.29,6400
2021-06-24,11.29,11.37,11.29,11.29,11400
2021-06-25,11.09,11.25,11.09,11.21,14200
2021-06-28,11.09,11.21,11.09,11.21,12200
2021-06-29,11.21,11.25,11.13,11.13,48500
2021-06-30,11.33,11.33,10.94,11.25,20900
2021-07-01,11.02,11.05,11.02,11.02,4200
2021-07-02,11.09,11.09,11.02,11.05,42200
2021-07-05,11.05,11.17,11.05,11.17,19700
2021-07-06,11.13,11.33,11.13,11.25,7200
2021-07-07,11.25,11.25,11.25,11.25,0
2021-07-08,11.09,11.25,11.09,11.25,500
2021-07-09,11.09,11.09,10.86,10.86,2200
2021-07-12,10.86,11.25,10.78,11.25,13100
2021-07-13,11.02,11.17,11.02,11.09,20100
2021-07-14,10.86,10.94,10.86,10.86,24600
2021-07-15,10.86,10.86,10.86,10.86,4000
2021-07-16,11.05,11.09,10.86,11.09,10300
2021-07-19,11.09,11.09,10.9,10.94,9700
2021-07-20,10.94,11.09,10.86,11.09,2500
2021-07-21,10.82,11.09,10.82,11.09,300
2021-07-22,11.09,11.17,11.09,11.17,200
2021-07-23,11.02,11.02,11.02,11.02,11400
2021-07-26,10.94,11.05,10.94,11.05,5900
2021-07-27,10.86,11.09,10.86,11.09,2100
2021-07-28,11.09,11.17,10.94,11.13,42700
2021-07-29,10.94,11.05,10.94,11.05,9000
2021-07-30,11.05,11.09,10.98,11.09,162900
2021-08-02,11.02,11.25,10.86,10.94,17000
2021-08-03,10.94,11.05,10.86,11.05,15200
2021-08-04,10.7,11.02,10.62,10.86,28000
2021-08-05,10.86,10.86,10.66,10.7,8900
2021-08-06,10.94,11.05,10.86,10.98,111900
2021-08-09,10.98,11.13,10.82,11.09,900
2021-08-10,10.98,11.33,10.9,11.25,15500
2021-08-11,11.09,11.17,11.05,11.05,28700
2021-08-12,10.98,11.17,10.94,11.09,16100
2021-08-13,11.09,11.21,11.02,11.21,11400
2021-08-16,11.09,11.17,11.09,11.13,7000
2021-08-17,11.13,11.13,11.05,11.09,18800
2021-08-18,11.13,11.17,11.02,11.09,11700
2021-08-19,11.09,11.17,10.94,11.17,8400
2021-08-20,11.17,11.21,11.09,11.21,14100
2021-08-23,11.21,11.25,11.17,11.25,31300
2021-08-24,11.25,11.25,11.09,11.17,12600
2021-08-25,11.17,11.21,11.09,11.21,116800
2021-08-26,11.21,11.25,11.13,11.13,12900
2021-08-27,11.09,11.33,11.09,11.33,30500
2021-08-30,11.33,11.49,11.29,11.29,38700
2021-08-31,11.49,11.89,11.33,11.73,61500
2021-09-01,11.97,12.44,11.97,12.01,122000
2021-09-06,12.09,12.28,11.89,12.01,60700
2021-09-07,12.44,12.44,11.81,12.05,32000
2021-09-08,11.81,12.05,11.73,12.05,44800
2021-09-09,11.81,12.05,11.81,12.05,25400
2021-09-10,12.05,12.12,11.93,12.12,29200
2021-09-13,12.01,12.12,12.01,12.01,29900
2021-09-14,12.05,12.36,12.05,12.12,24900
2021-09-15,12.4,12.4,12.12,12.16,14900
2021-09-16,12.16,12.2,12.12,12.16,25000
2021-09-17,12.48,12.48,12.12,12.28,37500
2021-09-20,12.16,12.44,12.16,12.32,28800
2021-09-21,12.32,12.36,12.12,12.16,51000
2021-09-22,12.28,12.44,12.28,12.4,72300
2021-09-23,12.68,12.84,12.48,12.64,48300
2021-09-24,12.88,13.0,12.76,12.8,62500
2021-09-27,12.8,13.0,12.76,12.88,108500
2021-09-28,12.88,13.08,12.68,12.92,72100
2021-09-29,12.96,13.47,12.96,13.23,153100
2021-09-30,13.55,13.55,13.23,13.39,28200
2021-10-01,13.31,13.31,12.88,13.27,26600
2021-10-04,13.27,14.19,13.15,14.03,182100
2021-10-05,14.03,14.03,13.31,13.63,36200
2021-10-06,13.63,13.63,13.08,13.47,66900
2021-10-07,13.47,13.87,13.35,13.71,84000
2021-10-08,13.59,13.59,13.39,13.39,41400
2021-10-11,13.43,13.59,13.43,13.51,52600
2021-10-12,13.51,13.51,12.92,13.39,66200
2021-10-13,13.71,13.71,13.35,13.35,12500
2021-10-14,13.39,13.55,13.39,13.47,40100
2021-10-15,13.47,13.63,13.47,13.55,143100
2021-10-18,13.55,14.03,13.55,14.03,303800
2021-10-19,14.26,14.26,13.87,13.99,93900
2021-10-20,13.95,14.03,13.15,13.71,30500
2021-10-21,14.19,14.19,13.87,13.91,35600
2021-10-22,14.03,14.42,14.03,14.42,62200
2021-10-25,14.74,14.9,14.58,14.66,64000
2021-10-26,14.82,14.82,14.26,14.58,60500
2021-10-27,14.58,14.66,14.34,14.66,139400
2021-10-28,14.66,14.98,14.66,14.98,68100
2021-10-29,14.98,15.37,14.74,14.9,106500
2021-11-01,14.9,14.9,14.82,14.9,24200
2021-11-02,14.82,15.93,14.5,15.93,143900
2021-11-03,15.85,15.97,14.82,15.22,88600
2021-11-04,15.22,15.37,15.06,15.06,108700
2021-11-05,15.77,15.77,14.26,14.66,182900
2021-11-08,14.66,15.41,14.26,14.74,94500
2021-11-09,14.78,14.78,14.26,14.66,72200
2021-11-10,14.42,14.46,14.26,14.26,81400
2021-11-11,14.58,14.58,14.26,14.26,94500
2021-11-12,14.26,14.42,14.26,14.3,40500
2021-11-15,14.26,14.42,14.26,14.3,43700
2021-11-16,14.5,14.5,14.22,14.34,88600
2021-11-17,14.46,14.46,14.19,14.38,19600
2021-11-18,14.38,14.42,14.26,14.34,94300
2021-11-19,14.34,14.34,14.03,14.03,44100
2021-11-22,13.95,14.19,13.95,13.99,28800
2021-11-23,13.87,14.15,13.87,14.11,16600
2021-11-24,13.63,14.3,13.63,14.22,12600
2021-11-25,13.99,14.11,13.99,14.11,19000
2021-11-26,14.07,14.26,14.03,14.22,38200
2021-11-29,14.19,14.19,13.95,14.19,15800
2021-11-30,14.07,14.19,14.07,14.19,4700
2021-12-01,14.11,14.11,13.87,13.95,34200
2021-12-02,13.95,14.11,13.87,14.11,23600
2021-12-03,13.87,14.07,13.87,13.95,17200
2021-12-06,13.95,14.03,13.79,13.95,52300
2021-12-07,14.66,14.66,13.47,13.71,28400
2021-12-08,13.71,13.91,13.71,13.79,17600
2021-12-09,13.79,13.87,13.79,13.87,9500
2021-12-10,13.87,14.82,13.87,14.58,187400
2021-12-13,14.74,14.74,14.34,14.34,13100
2021-12-14,14.19,14.58,14.03,14.34,27600
2021-12-15,14.34,14.34,14.07,14.15,36600
2021-12-16,14.15,14.26,13.91,14.26,36500
2021-12-17,14.26,14.26,13.99,14.15,13600
2021-12-20,14.03,14.19,13.87,13.95,25400
2021-12-21,13.71,14.11,13.71,14.11,8500
2021-12-22,14.11,14.11,13.87,13.95,21700
2021-12-23,13.63,13.95,13.63,13.79,35800
2021-12-24,13.79,14.22,13.71,14.03,8300
2021-12-27,14.03,14.03,13.87,13.99,60500
2021-12-28,13.99,14.11,13.47,14.11,76600
2021-12-29,14.11,14.19,13.55,13.95,35800
2021-12-30,14.11,14.11,14.03,14.03,12300
2021-12-31,14.19,14.19,13.63,13.79,38900
2022-01-04,13.83,14.11,13.83,14.11,57200
2022-01-05,14.07,14.15,13.87,14.15,36200
2022-01-06,14.15,14.26,13.99,13.99,13900
2022-01-07,13.91,13.99,13.79,13.87,29500
2022-01-10,13.87,13.99,13.79,13.91,17700
2022-01-11,13.87,13.95,13.63,13.87,72700
2022-01-12,13.87,13.87,13.47,13.47,59700
2022-01-13,13.47,13.55,13.47,13.51,6900
2022-01-14,13.47,13.47,13.31,13.47,13700
2022-01-17,13.47,13.63,13.39,13.43,21600
2022-01-18,13.31,13.47,12.68,13.47,18700
2022-01-19,13.43,13.95,13.15,13.95,15400
2022-01-20,13.08,13.87,13.08,13.39,22100
2022-01-21,13.35,13.47,12.76,12.76,14800
2022-01-24,13.55,13.59,13.0,13.31,19400
2022-01-25,13.31,13.31,13.23,13.23,3900
2022-01-26,13.47,13.47,13.23,13.27,13100
2022-01-27,13.15,13.15,12.68,13.08,5900
2022-01-28,13.08,13.47,12.24,13.47,2800
2022-02-07,13.83,13.83,13.55,13.83,17700
2022-02-08,13.47,13.79,13.47,13.71,19000
2022-02-09,13.75,13.79,13.55,13.79,16400
2022-02-10,13.79,13.83,13.55,13.79,14800
2022-02-11,13.55,13.87,13.47,13.87,12800
2022-02-14,13.83,13.87,13.51,13.83,16900
2022-02-15,13.39,13.83,13.39,13.79,9400
2022-02-16,13.95,13.95,13.79,13.79,11300
2022-02-17,13.39,13.79,13.39,13.67,600
2022-02-18,13.47,13.87,13.47,13.51,6100
2022-02-21,13.51,13.79,13.12,13.79,29800
2022-02-22,13.51,13.55,13.51,13.55,3900
2022-02-23,13.55,13.71,13.31,13.71,24600
2022-02-24,13.79,13.79,13.35,13.47,10000
2022-02-25,13.31,13.67,13.31,13.67,12300
2022-02-28,13.47,13.79,13.39,13.71,8100
2022-03-01,13.71,13.71,13.35,13.63,9000
2022-03-02,13.63,13.63,13.35,13.55,16500
2022-03-03,13.59,13.99,13.55,13.79,41900
2022-03-04,13.87,13.95,13.79,13.87,76100
2022-03-07,14.03,14.03,13.79,13.95,30600
2022-03-08,14.03,14.11,13.95,14.11,69200
2022-03-09,14.19,14.19,13.95,14.11,28500
2022-03-10,14.03,14.26,14.03,14.11,24100
2022-03-11,14.11,14.26,14.07,14.07,21200
2022-03-14,14.07,14.11,13.59,13.91,25300
2022-03-15,14.07,14.15,13.87,13.95,113400
2022-03-16,14.26,14.26,13.95,14.03,47900
2022-03-17,13.99,14.26,13.99,14.22,23000
2022-03-18,13.63,14.22,13.55,14.19,25900
2022-03-21,14.11,14.34,14.11,14.22,25200
2022-03-22,14.22,14.22,14.11,14.19,10900
2022-03-23,14.19,14.26,14.11,14.26,29000
2022-03-24,14.26,14.26,14.11,14.11,28200
2022-03-25,14.26,14.26,13.99,14.11,19200
2022-03-28,14.22,14.22,13.95,13.95,46300
2022-03-29,14.19,14.19,13.91,14.03,13400
2022-03-30,14.03,14.11,14.03,14.03,19700
2022-03-31,14.19,14.19,14.03,14.07,11200
2022-04-01,14.07,14.66,14.03,14.46,78100
2022-04-04,14.46,15.02,14.46,15.02,84200
2022-04-05,14.98,14.98,14.26,14.66,36000
2022-04-06,14.82,15.06,14.66,15.06,53000
2022-04-07,15.06,15.14,14.9,14.9,67000
2022-04-08,14.66,14.82,14.66,14.78,22300
2022-04-12,14.19,15.06,14.19,14.86,10400
2022-04-13,15.02,15.02,14.42,14.42,26600
2022-04-14,14.46,14.66,14.42,14.42,18600
2022-04-15,14.42,14.98,14.42,14.98,21200
2022-04-18,14.46,14.5,14.46,14.5,21600
2022-04-19,14.5,14.58,14.5,14.5,30300
2022-04-20,14.3,14.7,14.26,14.42,36600
2022-04-21,14.5,14.66,14.34,14.34,22300
2022-04-22,14.34,14.34,14.19,14.26,49700
2022-04-25,13.95,13.95,13.63,13.63,50100
2022-04-26,13.51,14.26,13.31,14.26,26000
2022-04-27,13.87,14.62,13.87,14.26,40100
2022-04-28,14.26,14.38,14.26,14.26,4600
2022-04-29,13.87,14.26,13.87,14.26,5300
2022-05-04,14.26,14.26,14.26,14.26,4300
2022-05-05,14.26,14.26,14.19,14.26,16900
2022-05-06,14.26,14.26,13.91,14.15,10700
2022-05-09,14.11,14.11,13.67,13.83,11600
2022-05-10,13.79,13.99,13.63,13.99,21400
2022-05-11,13.83,13.83,13.79,13.79,500
2022-05-12,13.79,13.79,13.79,13.79,34600
2022-05-13,13.79,13.79,13.08,13.71,27400
2022-05-16,13.47,13.87,13.47,13.75,3200
2022-05-17,13.75,13.79,13.55,13.71,12200
2022-05-18,13.75,13.75,13.15,13.63,18700
2022-05-19,13.63,13.99,13.47,13.87,29900
2022-05-20,13.95,13.95,13.63,13.63,9400
2022-05-23,13.39,14.11,13.39,13.79,32200
2022-05-24,13.39,13.67,13.39,13.67,33000
2022-05-25,13.67,13.71,13.55,13.71,21000
2022-05-26,13.79,14.03,13.55,14.03,24500
2022-05-27,13.67,13.83,13.47,13.83,37200
2022-05-30,13.83,14.11,13.83,13.95,36400
2022-05-31,14.11,14.11,13.87,13.91,37100
2022-06-01,13.51,13.95,13.51,13.79,22300
2022-06-02,13.79,14.03,13.55,13.79,41200
2022-06-03,13.79,13.95,13.71,13.95,33700
2022-06-06,13.79,14.19,13.79,14.19,92600
2022-06-07,14.19,14.19,13.87,13.95,16000
2022-06-08,13.95,14.22,13.95,14.22,8700
2022-06-09,14.34,14.58,14.34,14.5,37900
2022-06-10,14.5,14.9,14.5,14.7,41500
2022-06-13,14.98,14.98,14.26,14.26,76300
2022-06-14,14.26,14.98,13.87,14.26,8200
2022-06-15,14.26,14.34,14.19,14.19,78700
2022-06-16,13.87,14.5,13.79,14.5,19800
2022-06-17,14.22,14.5,14.22,14.26,74500
2022-06-20,14.19,14.26,14.19,14.19,54400
2022-06-21,14.26,14.5,14.19,14.5,26500
2022-06-22,14.34,14.34,13.95,14.15,15800
2022-06-23,13.95,14.26,13.95,14.26,26400
2022-06-24,14.26,14.34,14.26,14.3,39100
2022-06-27,14.3,14.58,14.3,14.58,16100
2022-06-28,14.46,14.74,14.46,14.66,34900
2022-06-29,14.58,14.74,14.42,14.74,8600
2022-06-30,14.74,14.98,14.58,14.98,13900
2022-07-01,14.62,14.98,14.58,14.62,115500
2022-07-04,14.62,15.37,14.62,15.37,23400
2022-07-05,14.86,15.37,14.86,15.1,20000
2022-07-06,15.1,15.37,14.98,15.37,72200
2022-07-07,15.45,15.45,15.33,15.37,60100
2022-07-08,15.45,15.85,15.45,15.85,54300
2022-07-11,15.85,16.56,15.85,16.48,99900
2022-07-12,16.48,16.8,16.48,16.64,106400
2022-07-13,16.76,16.76,16.25,16.68,49200
2022-07-14,16.25,16.25,15.65,16.25,34600
2022-07-15,15.69,16.25,15.69,16.25,9100
2022-07-18,16.09,16.56,16.09,16.56,9800
2022-07-19,16.64,17.43,16.25,17.43,80300
2022-07-20,17.43,17.43,17.24,17.32,17700
2022-07-21,17.2,17.43,16.8,16.88,26900
2022-07-22,17.51,17.51,16.64,17.08,23700
2022-07-25,16.96,17.12,16.96,17.12,7400
2022-07-26,17.04,17.39,16.96,17.39,190800
2022-07-27,17.35,17.35,17.08,17.08,58400
2022-07-28,17.12,17.28,17.08,17.28,156200
2022-07-29,17.08,17.28,17.04,17.08,36100
2022-08-01,17.28,17.39,17.12,17.24,22900
2022-08-02,17.12,17.28,17.12,17.24,26800
2022-08-03,17.12,17.43,17.12,17.16,39100
2022-08-04,17.16,17.39,17.16,17.32,51000
2022-08-05,17.39,17.83,17.08,17.43,75300
2022-08-08,17.2,17.59,17.2,17.59,31900
2022-08-09,17.59,17.59,17.2,17.2,21800
2022-08-10,17.2,17.28,17.2,17.28,31300
2022-08-11,17.2,17.59,17.2,17.35,17200
2022-08-12,17.2,17.59,17.2,17.59,29900
2022-08-15,17.59,17.67,17.51,17.51,19400
2022-08-16,17.43,17.51,17.43,17.51,40200
2022-08-17,17.59,17.63,17.55,17.63,10800
2022-08-18,17.67,17.67,17.51,17.67,38800
2022-08-19,17.67,17.75,17.59,17.75,17800
2022-08-22,17.51,17.83,17.51,17.83,41300
2022-08-23,17.67,17.83,17.67,17.75,41000
2022-08-24,17.67,17.83,17.67,17.79,9500
2022-08-25,17.67,17.79,17.59,17.71,32900
2022-08-26,17.71,17.75,17.32,17.35,77700
2022-08-29,17.28,17.43,17.2,17.43,14600
2022-08-30,17.43,18.23,17.43,18.23,40100
2022-08-31,18.19,19.49,17.43,18.62,14500
2022-09-05,18.62,18.62,17.43,17.87,16000
2022-09-06,17.83,17.99,17.83,17.99,8200
2022-09-07,17.87,18.46,17.87,18.46,19800
2022-09-08,18.42,18.62,17.71,18.62,82300
2022-09-09,18.62,19.22,18.62,19.22,80800
2022-09-12,19.81,20.29,19.61,20.21,115638
2022-09-13,20.29,20.6,19.42,19.49,56564
2022-09-14,19.45,20.21,19.42,19.49,22628
2022-09-15,19.45,19.49,19.02,19.42,53032
2022-09-16,18.7,20.21,18.7,19.18,51014
2022-09-19,18.7,19.18,18.7,18.82,21843
2022-09-20,18.74,19.42,18.7,19.02,28495
2022-09-21,19.02,19.45,18.86,19.45,4455
2022-09-22,18.78,19.42,18.78,19.42,13807
2022-09-23,19.02,19.26,18.62,18.86,7815
2022-09-26,18.86,18.86,18.23,18.23,12017
2022-09-27,18.23,19.49,18.23,19.49,68767
2022-09-28,19.1,20.21,19.06,20.21,48267
2022-09-29,19.45,20.52,19.06,20.52,104790
2022-09-30,19.49,20.21,19.18,20.05,16643
2022-10-03,20.49,20.49,19.34,19.81,48199
2022-10-04,19.02,19.81,18.7,19.06,25767
2022-10-05,19.26,20.13,19.18,19.34,5185
2022-10-06,19.34,19.97,19.26,19.97,28419
2022-10-07,19.89,19.97,19.18,19.38,210155
2022-10-10,19.34,19.57,19.02,19.57,6950
2022-10-11,18.39,19.53,18.39,19.14,23684
2022-10-12,19.69,19.81,19.18,19.81,66345
2022-10-13,20.37,20.37,19.49,19.81,2185
2022-10-14,19.14,19.81,19.14,19.49,30479
2022-10-17,19.42,19.77,19.1,19.77,2204
2022-10-18,19.57,19.81,19.18,19.73,25236
2022-10-19,19.73,19.81,19.3,19.34,14900
2022-10-20,19.42,19.42,19.34,19.34,26800
2022-10-21,19.83,20.58,19.42,20.45,44976
2022-10-24,20.45,20.45,19.79,19.83,7383
2022-10-25,19.58,19.83,19.58,19.63,38971
2022-10-26,19.34,19.79,19.25,19.79,21342
2022-10-27,19.25,20.58,19.25,20.53,413146
2022-10-28,20.58,21.48,20.33,21.07,424712
2022-10-31,21.32,21.48,20.29,20.74,62705
2022-11-01,21.07,21.28,20.0,21.28,26725
2022-11-02,21.28,21.28,20.25,20.37,38762
2022-11-03,20.25,20.25,20.2,20.25,8831
2022-11-04,20.0,20.0,19.25,19.25,49401
2022-11-07,19.25,19.25,17.93,17.93,74185
2022-11-08,16.77,19.17,16.73,18.96,52005
2022-11-09,19.83,19.83,18.59,19.67,3314
2022-11-10,18.34,19.17,18.3,19.17,6600
2022-11-11,18.51,18.92,18.51,18.92,4218
2022-11-14,18.92,18.92,18.1,18.92,3304
2022-11-15,17.77,18.18,17.6,18.18,16901
2022-11-16,16.94,18.18,16.94,16.98,774610
2022-11-17,15.95,18.01,15.87,18.01,17191
2022-11-18,17.85,18.01,17.77,18.01,33330
2022-11-21,18.01,18.1,17.77,18.01,19633
2022-11-22,18.92,18.92,18.1,18.22,27054
2022-11-23,17.6,18.84,17.35,18.84,32245
2022-11-24,17.85,19.17,17.77,18.96,5751
2022-11-25,18.92,19.01,18.92,19.01,32400
2022-11-28,18.18,19.09,18.18,19.09,26807
2022-11-29,18.34,19.17,18.34,19.01,16819
2022-11-30,19.01,19.34,18.76,19.34,34383
2022-12-01,19.34,19.5,19.17,19.42,28114
2022-12-02,19.42,19.75,19.01,19.42,33408
2022-12-05,19.42,20.08,19.42,19.96,67192
2022-12-06,19.83,21.07,19.83,21.07,130029
2022-12-07,21.07,21.48,20.82,21.48,170071
2022-12-08,21.24,21.82,20.78,21.82,222335
2022-12-09,21.77,22.06,20.82,21.98,101162
2022-12-12,21.9,22.15,20.91,22.15,129844
2022-12-13,22.15,22.31,20.99,22.31,158656
2022-12-14,21.9,22.31,21.07,22.31,99210
2022-12-15,22.23,22.31,21.07,22.31,101570
2022-12-16,22.27,22.27,21.07,22.15,72000
2022-12-19,22.06,22.89,21.07,22.89,1604124
2022-12-20,22.23,24.46,21.94,24.05,399301
2022-12-21,24.71,24.71,23.3,23.3,63825
2022-12-22,23.8,23.8,21.69,21.69,87704
2022-12-23,20.2,21.48,20.2,20.2,183044
2022-12-26,20.2,20.25,18.8,18.8,100652
2022-12-27,18.76,18.76,17.93,18.68,65560
2022-12-28,19.17,19.46,18.96,19.17,40710
2022-12-29,19.83,19.83,18.76,19.13,27770
2022-12-30,18.59,19.25,18.3,18.59,12000
2023-01-03,18.92,19.58,18.59,19.58,55844
2023-01-04,20.04,20.41,19.63,19.83,42800
2023-01-05,19.09,19.96,19.01,19.75,15700
2023-01-06,19.25,19.96,19.25,19.83,36341
2023-01-09,19.01,19.79,19.01,19.67,31553
2023-01-10,19.83,19.83,19.01,19.46,13134
2023-01-11,20.66,20.66,19.42,19.91,27219
2023-01-12,19.09,20.0,19.01,19.42,15700
2023-01-13,19.67,19.96,19.58,19.75,15647
2023-01-16,19.42,19.46,19.25,19.38,11410
2023-01-17,19.17,19.67,19.17,19.34,15718
2023-01-18,19.38,19.67,19.38,19.5,10745
2023-01-19,19.75,19.75,19.5,19.67,12753
2023-01-27,19.83,20.58,19.25,19.96,23609
2023-01-30,19.83,20.25,19.83,19.83,16227
2023-01-31,19.83,20.0,19.83,19.91,27700
2023-02-01,19.91,20.16,19.75,19.75,55033
2023-02-02,19.75,20.66,19.75,20.49,24676
2023-02-03,19.96,20.66,19.96,20.25,6758
2023-02-06,20.25,20.25,19.83,19.87,23634
2023-02-07,19.87,19.87,19.83,19.83,20903
2023-02-08,19.87,19.87,19.83,19.83,4309
2023-02-09,19.09,19.83,19.01,19.83,17198
2023-02-10,19.17,19.83,19.17,19.83,11275
2023-02-13,19.21,21.15,19.21,20.12,22901
2023-02-14,20.49,20.49,19.67,19.83,4000
2023-02-15,19.75,20.12,19.75,20.12,2720
2023-02-16,19.75,20.12,19.01,19.79,7603
2023-02-17,20.0,20.0,19.83,19.83,1529
2023-02-20,19.96,20.25,19.75,20.25,19452
2023-02-21,20.58,20.58,20.25,20.25,8103
2023-02-22,20.25,20.41,20.04,20.41,26706
2023-02-23,19.75,20.0,19.75,20.0,2731
2023-02-24,19.96,20.0,19.83,19.83,8400
2023-02-27,20.41,20.41,19.91,19.96,3300
2023-02-28,19.75,19.87,19.75,19.83,2500
2023-03-01,19.54,20.08,19.5,20.08,17400
2023-03-02,19.54,20.25,19.54,20.25,14400
2023-03-03,20.16,20.33,20.0,20.25,33246
2023-03-06,20.58,20.58,19.96,20.25,805
2023-03-07,19.5,20.66,19.5,20.66,70979
2023-03-08,20.66,20.66,20.16,20.25,26579
2023-03-09,20.58,20.58,20.0,20.08,8600
2023-03-10,20.0,20.49,20.0,20.33,2000
2023-03-13,19.83,20.82,19.83,20.66,83605
2023-03-14,20.66,20.66,20.66,20.66,400
2023-03-15,20.66,20.82,20.66,20.82,33716
2023-03-16,20.66,22.15,20.66,22.15,88216
2023-03-17,22.15,23.14,21.65,23.14,71677
2023-03-20,22.52,23.96,22.52,23.72,146504
2023-03-21,22.72,23.63,22.06,22.06,39672
2023-03-22,22.15,22.15,20.53,21.86,37685
2023-03-23,21.65,21.98,20.66,21.15,63605
2023-03-24,21.28,21.28,20.53,20.82,14143
2023-03-27,20.82,21.48,20.82,21.44,42240
2023-03-28,22.64,22.64,21.44,21.98,26805
2023-03-29,21.98,22.31,20.91,22.31,2507
2023-03-30,21.48,21.57,21.48,21.57,1616
2023-03-31,21.24,22.27,21.24,21.98,29592
2023-04-03,21.98,22.85,21.24,22.31,67651
2023-04-04,21.9,23.3,21.9,23.22,91800
2023-04-05,23.22,23.22,22.1,23.05,11315
2023-04-06,22.27,23.3,22.27,22.81,53832
2023-04-07,22.06,23.3,22.06,23.3,154606
2023-04-10,23.14,23.3,22.72,23.3,113528
2023-04-11,22.35,23.3,22.35,23.3,17940
2023-04-12,23.39,24.13,22.56,23.63,226899
2023-04-13,22.93,22.93,22.48,22.72,6978
2023-04-14,22.81,22.81,22.31,22.31,26029
2023-04-17,21.32,21.65,21.32,21.65,4860
2023-04-18,21.9,22.27,21.9,22.27,1976
2023-04-19,21.9,22.19,21.9,22.19,617
2023-04-20,21.9,22.31,21.9,22.31,1600
2023-04-21,21.65,21.65,21.53,21.65,2506
2023-04-24,21.15,21.57,21.07,21.48,6803
2023-04-25,21.48,21.57,21.44,21.48,5000
2023-04-26,21.48,21.48,21.48,21.48,5
2023-04-27,21.36,21.48,21.36,21.4,5423
2023-04-28,21.48,21.57,21.28,21.44,9438
2023-05-04,22.19,22.19,20.95,21.44,5567
2023-05-05,21.57,21.69,20.66,21.69,2702
2023-05-08,21.73,21.73,21.57,21.61,5201
2023-05-09,21.65,21.86,21.57,21.57,3918
2023-05-10,21.65,22.31,20.33,21.48,19170
2023-05-11,21.32,21.48,21.32,21.4,11705
2023-05-12,21.24,21.4,21.24,21.32,2204
2023-05-15,21.2,21.2,21.15,21.15,7400
2023-05-16,21.32,21.32,21.15,21.15,2456
2023-05-17,21.9,21.9,21.48,21.48,6580
2023-05-18,21.4,21.4,21.4,21.4,900
2023-05-19,21.4,21.48,21.11,21.11,11500
2023-05-22,21.11,21.15,21.11,21.11,3315
2023-05-23,21.11,21.11,21.07,21.07,8536
2023-05-24,21.07,21.07,20.7,20.7,560
2023-05-25,20.66,21.4,20.66,20.95,4542
2023-05-26,21.44,21.44,20.74,20.82,7468
2023-05-29,21.07,21.07,21.07,21.07,1135
2023-05-30,21.11,21.48,20.66,21.48,4490
2023-05-31,21.48,21.48,21.07,21.07,3522
2023-06-01,20.82,21.53,20.82,21.53,12809
2023-06-02,21.4,21.48,21.32,21.48,4372
2023-06-05,21.48,21.82,20.95,21.53,10856
2023-06-06,21.48,21.98,21.48,21.98,41064
2023-06-07,21.98,22.15,21.9,21.9,7884
2023-06-08,21.48,21.9,21.07,21.48,30436
2023-06-09,21.48,21.48,21.48,21.48,10140
2023-06-12,21.32,21.48,21.15,21.48,6118
2023-06-13,21.48,21.48,21.32,21.48,6013
2023-06-14,21.73,21.73,21.15,21.48,2479
2023-06-15,21.32,21.32,21.32,21.32,775
2023-06-16,21.48,21.48,21.28,21.48,12300
2023-06-19,21.32,21.48,21.28,21.48,610
2023-06-20,21.48,21.48,21.48,21.48,58
2023-06-21,21.32,21.36,21.32,21.32,10514
2023-06-22,21.24,21.32,21.07,21.2,8267
2023-06-23,21.2,21.28,21.11,21.11,8390
2023-06-26,21.11,21.11,21.11,21.11,1008
2023-06-27,21.15,21.15,20.66,21.07,2720
2023-06-28,20.91,20.91,20.49,20.58,8252
2023-06-29,20.58,20.66,20.53,20.66,2500
2023-06-30,20.66,20.66,20.41,20.41,4531
2023-07-03,20.66,20.66,20.58,20.58,8419
2023-07-04,20.66,21.4,20.66,21.4,13301
2023-07-05,20.7,21.48,20.66,21.48,5902
2023-07-06,21.57,21.65,21.07,21.11,11685
2023-07-07,21.15,21.53,21.15,21.53,4062
2023-07-10,21.53,21.61,21.53,21.53,1400
2023-07-11,21.48,21.61,21.48,21.61,1204
2023-07-12,21.57,21.57,21.48,21.48,1106
2023-07-13,21.48,21.48,21.48,21.48,7
2023-07-14,21.07,21.57,21.07,21.11,7500
2023-07-17,21.11,21.4,20.74,21.4,3800
2023-07-18,21.07,21.15,21.07,21.15,4004
2023-07-19,21.15,21.24,21.15,21.15,4306
2023-07-20,21.15,21.15,21.15,21.15,600
2023-07-21,21.15,21.4,20.91,21.4,12881
2023-07-24,21.07,21.24,20.74,21.15,2300
2023-07-25,21.07,21.15,21.07,21.07,1604
2023-07-26,21.4,22.31,20.66,21.48,32257
2023-07-27,20.66,20.78,20.66,20.74,4238
2023-07-28,20.74,20.74,20.74,20.74,1800
2023-07-31,20.66,21.07,20.41,20.7,6407
2023-08-01,20.66,20.91,20.41,20.82,2511
2023-08-02,20.78,20.82,20.78,20.82,600
2023-08-03,20.74,20.78,20.74,20.78,3828
2023-08-04,20.66,20.91,20.66,20.66,1374
2023-08-07,20.66,20.66,20.25,20.66,4644
2023-08-08,20.74,20.74,20.41,20.41,2605
2023-08-09,20.66,20.66,20.49,20.49,300
2023-08-10,20.58,20.66,20.58,20.66,3708
2023-08-11,20.25,20.62,20.25,20.41,6710
2023-08-14,20.25,20.53,19.42,19.83,7778
2023-08-15,20.33,20.33,20.16,20.16,1811
2023-08-16,20.16,20.16,20.04,20.04,4310
2023-08-17,19.63,20.0,19.63,20.0,2321
2023-08-18,19.83,19.83,19.42,19.75,1486
2023-08-21,18.51,19.34,18.51,19.34,3426
2023-08-22,19.17,19.67,18.59,19.67,3331
2023-08-23,20.25,20.25,19.83,20.0,5562
2023-08-24,19.83,20.08,19.83,19.83,14300
2023-08-25,19.75,19.75,19.17,19.17,2500
2023-08-28,19.25,19.25,19.25,19.25,3873
2023-08-29,19.34,19.58,19.34,19.58,3940
2023-08-30,19.58,19.58,19.46,19.58,6802
2023-08-31,19.54,19.75,19.42,19.75,7648
2023-09-05,19.75,19.75,18.55,19.71,7322
2023-09-06,19.83,19.83,19.75,19.75,8194
2023-09-07,19.58,19.67,19.58,19.67,1434
2023-09-08,19.83,19.83,19.75,19.75,4052
2023-09-11,19.75,19.75,19.75,19.75,1767
2023-09-12,19.75,19.75,19.17,19.75,1300
2023-09-13,19.01,19.83,19.01,19.75,6840
2023-09-14,19.75,19.83,19.75,19.83,4200
2023-09-15,19.83,19.83,19.58,19.75,6400
2023-09-18,19.83,19.83,19.58,19.58,10000
2023-09-19,19.42,19.83,19.42,19.42,4915
2023-09-20,19.42,19.87,19.42,19.5,16571
2023-09-21,19.5,19.75,19.34,19.71,5689
2023-09-22,19.63,19.67,19.42,19.58,6388
2023-09-25,19.42,19.42,19.09,19.09,9800
2023-09-26,19.09,19.13,19.09,19.09,10658
2023-09-27,19.09,19.09,19.09,19.09,252
2023-09-28,19.83,19.83,19.17,19.17,1000
2023-09-29,19.42,19.67,19.38,19.67,4709
2023-10-02,19.71,20.0,19.67,20.0,30429
2023-10-03,20.0,20.0,19.75,19.83,2551
2023-10-04,20.79,20.79,19.22,20.27,4900
2023-10-05,19.66,19.66,19.66,19.66,445
2023-10-06,19.22,19.61,19.09,19.13,5967
2023-10-09,20.23,20.44,20.1,20.44,13053
2023-10-10,20.97,20.97,20.44,20.44,19005
2023-10-11,19.53,20.53,19.05,20.53,9824
2023-10-12,20.88,20.88,20.1,20.53,6322
2023-10-13,20.79,20.88,20.53,20.53,18265
2023-10-16,20.53,20.97,20.53,20.53,26621
2023-10-17,20.53,20.53,20.53,20.53,5150
2023-10-18,20.53,20.53,20.1,20.1,4667
2023-10-19,20.1,20.53,20.1,20.53,400
2023-10-20,19.75,20.79,19.75,20.79,800
2023-10-23,20.79,20.79,20.79,20.79,3
2023-10-24,20.71,20.88,20.44,20.88,4605
2023-10-25,20.79,20.79,20.79,20.79,140
2023-10-26,20.53,20.71,19.35,20.71,5375
2023-10-27,20.1,20.66,20.1,20.66,202
2023-10-30,19.4,20.53,19.22,20.53,3043
2023-10-31,20.1,20.1,19.13,19.13,41402
2023-11-01,19.13,19.31,18.96,18.96,6435
2023-11-02,19.13,19.57,19.0,19.57,3305
2023-11-03,19.57,19.92,19.57,19.88,1172
2023-11-06,20.27,20.71,20.27,20.49,40246
2023-11-07,19.22,19.22,19.22,19.22,1400
2023-11-08,20.36,20.4,19.53,19.53,2225
2023-11-09,20.01,20.49,19.57,19.57,10190
2023-11-10,19.66,20.93,19.57,20.93,14354
2023-11-13,20.93,20.93,20.93,20.93,69
2023-11-14,20.93,20.93,19.92,20.14,4575
2023-11-15,20.53,20.53,20.18,20.18,276
2023-11-16,19.75,20.18,19.75,20.18,763
2023-11-17,20.23,20.27,20.1,20.1,3716
2023-11-20,20.1,20.62,20.1,20.53,21804
2023-11-21,20.84,20.84,20.84,20.84,253
2023-11-22,20.05,20.1,20.05,20.1,2800
2023-11-23,20.18,20.18,20.18,20.18,261
2023-11-24,20.97,20.97,20.1,20.1,1000
2023-11-27,20.14,20.14,20.1,20.1,401
2023-11-28,20.23,20.23,20.18,20.23,9081
2023-11-29,20.14,20.14,19.7,19.7,3701
2023-11-30,20.1,20.53,20.1,20.53,7017
2023-12-01,20.53,20.53,20.53,20.53,750
2023-12-04,20.79,21.14,20.79,20.97,14130
2023-12-05,20.97,21.23,20.1,20.88,11382
2023-12-06,20.88,20.88,20.27,20.27,1214
2023-12-07,20.97,21.41,20.44,20.93,42019
2023-12-08,20.88,20.93,20.88,20.93,17034
2023-12-11,20.27,20.31,20.1,20.31,6319
2023-12-12,20.18,20.97,20.18,20.27,2529
2023-12-13,20.53,20.75,20.53,20.53,4809
2023-12-14,20.14,20.53,20.1,20.18,2716
2023-12-15,20.53,20.71,20.27,20.36,1101
2023-12-18,20.36,20.53,19.83,20.53,4275
2023-12-19,20.18,20.53,20.18,20.53,12901
2023-12-20,20.53,20.53,20.53,20.53,4102
2023-12-21,20.62,20.62,20.18,20.36,1135
2023-12-22,20.18,20.53,20.18,20.27,5903
2023-12-25,20.53,20.79,20.53,20.71,17057
2023-12-26,20.27,20.97,20.27,20.79,2614
2023-12-27,20.97,20.97,20.79,20.79,3388
2023-12-28,20.71,20.93,20.53,20.62,29515
2023-12-29,20.62,20.62,20.62,20.62,1630
2024-01-02,20.62,20.79,20.44,20.49,2014
2024-01-03,20.62,20.62,20.58,20.62,2209
2024-01-04,20.58,20.88,20.58,20.88,7508
2024-01-05,20.58,20.88,20.53,20.71,20596
2024-01-08,20.53,20.88,20.1,20.53,23860
2024-01-09,20.53,20.53,20.31,20.36,18512
2024-01-10,20.31,20.79,20.31,20.75,9617
2024-01-11,21.97,21.97,20.75,20.79,17810
2024-01-12,21.1,21.19,20.88,21.01,20306
2024-01-15,21.14,21.49,21.14,21.41,24364
2024-01-16,21.41,21.45,21.14,21.45,7598
2024-01-17,21.41,21.45,21.36,21.41,16136
2024-01-18,21.41,21.49,21.41,21.41,15522
2024-01-19,21.41,21.49,21.41,21.49,27828
2024-01-22,21.45,21.62,21.45,21.54,20790
2024-01-23,21.41,21.54,21.41,21.54,3614
2024-01-24,21.41,21.45,20.97,21.45,3146
2024-01-25,21.19,21.41,21.19,21.41,527
2024-01-26,20.97,21.41,20.97,21.41,3451
2024-01-29,21.41,21.45,21.27,21.45,13400
2024-01-30,21.06,21.45,20.97,21.45,4886
2024-01-31,21.23,21.45,21.23,21.41,9600
2024-02-01,21.06,21.54,21.06,21.54,4609
2024-02-02,21.41,21.41,21.41,21.41,1500
2024-02-05,21.14,21.58,21.1,21.54,5301
2024-02-06,21.23,21.45,21.23,21.45,4569
2024-02-07,21.45,21.45,21.32,21.41,6805
2024-02-15,21.23,21.23,21.23,21.23,1100
2024-02-16,21.41,21.49,21.41,21.49,6112
2024-02-19,21.49,21.49,21.41,21.49,6726
2024-02-20,21.54,21.62,21.54,21.62,21010
2024-02-21,21.67,21.8,21.67,21.8,22900
2024-02-22,21.84,21.93,21.54,21.8,17495
2024-02-23,21.97,22.02,21.84,22.02,23390
2024-02-26,22.02,22.1,22.02,22.1,15110
2024-02-27,22.1,22.32,21.76,22.1,28743
2024-02-28,22.28,22.32,21.93,21.93,10461
2024-02-29,22.02,22.1,22.02,22.1,3836
2024-03-01,22.02,22.1,22.02,22.06,10570
2024-03-04,22.06,22.1,22.06,22.1,28365
2024-03-05,22.1,22.37,22.1,22.37,22158
2024-03-06,22.28,22.37,21.97,21.97,8973
2024-03-07,22.02,22.24,22.02,22.15,7345
2024-03-08,22.15,22.28,22.15,22.19,6102
2024-03-11,22.15,22.19,22.1,22.19,8991
2024-03-12,22.06,22.19,22.02,22.19,17082
2024-03-13,22.06,22.15,22.06,22.15,5110
2024-03-14,22.06,22.06,22.06,22.06,2504
2024-03-15,22.06,22.19,22.02,22.19,75218
2024-03-18,21.89,22.19,21.84,22.19,28343
2024-03-19,21.89,22.15,21.89,22.15,19976
2024-03-20,22.06,22.15,22.02,22.15,21367
2024-03-21,22.1,22.19,22.06,22.19,97047
2024-03-22,22.19,22.32,22.1,22.32,17326
2024-03-25,22.15,22.41,22.15,22.32,57610
2024-03-26,22.37,22.37,22.37,22.37,10926
2024-03-27,22.72,22.72,22.54,22.72,20691
2024-03-28,22.85,22.85,22.45,22.72,179784
2024-03-29,22.72,23.33,22.72,23.33,44991
2024-04-01,23.59,23.94,23.59,23.85,39636
2024-04-02,23.94,23.94,23.46,23.46,13030
2024-04-03,23.46,23.59,23.46,23.59,1975
2024-04-04,23.59,23.59,23.5,23.5,6363
2024-04-05,23.5,23.59,23.33,23.33,5586
2024-04-08,22.72,22.72,22.72,22.72,2060
2024-04-09,22.72,23.59,22.72,23.59,15759
2024-04-10,23.59,24.11,23.5,24.11,336967
2024-04-11,23.42,25.16,23.42,24.29,20828
2024-04-12,24.33,25.16,23.85,24.51,32109
2024-04-15,24.51,24.51,23.59,23.59,68161
2024-04-16,24.03,24.03,23.33,23.85,40898
2024-04-17,23.85,23.85,23.42,23.59,8200
2024-04-19,23.59,23.59,23.5,23.5,3142
2024-04-22,23.59,24.25,23.42,23.68,11498
2024-04-23,22.68,24.86,22.5,24.49,13774
2024-04-24,23.72,24.45,23.59,24.45,1900
2024-04-25,24.22,24.22,22.86,23.5,6125
2024-04-26,23.5,23.5,23.31,23.31,3317
2024-05-02,23.04,23.99,23.04,23.77,1600
2024-05-03,23.59,23.59,23.41,23.41,901
2024-05-06,23.13,23.27,23.13,23.18,4211
2024-05-07,23.18,23.59,23.18,23.59,3456
2024-05-08,23.59,23.59,23.5,23.5,1219
2024-05-09,23.22,23.5,23.22,23.5,20527
2024-05-10,23.59,23.59,23.31,23.31,10000
2024-05-13,23.81,23.86,23.81,23.86,620
2024-05-14,23.31,23.81,23.31,23.68,3467
2024-05-15,23.81,23.81,23.59,23.68,13385
2024-05-16,23.68,23.68,23.59,23.68,12500
2024-05-17,23.68,23.77,23.59,23.77,13504
2024-05-20,23.59,23.86,23.5,23.68,11363
2024-05-21,23.41,23.41,23.41,23.41,1818
2024-05-22,23.41,23.59,23.41,23.41,9482
2024-05-23,22.77,23.59,22.77,23.5,10546
2024-05-24,23.5,23.5,23.41,23.41,7840
2024-05-27,23.41,23.45,23.31,23.31,9652
2024-05-28,23.27,23.41,23.22,23.31,4068
2024-05-29,23.31,23.54,23.27,23.31,4514
2024-05-30,24.86,24.86,23.63,23.63,19407
2024-05-31,23.68,23.68,23.59,23.59,3620
2024-06-03,23.59,23.68,23.59,23.59,6186
2024-06-04,23.54,23.54,23.54,23.54,7851
2024-06-05,23.59,23.77,23.59,23.77,15965
2024-06-06,23.77,23.77,23.68,23.68,9579
2024-06-07,23.68,23.81,23.68,23.81,12838
2024-06-10,23.59,23.86,23.59,23.86,12200
2024-06-11,23.68,23.99,23.59,23.77,10800
2024-06-12,23.77,23.9,23.77,23.81,3829
2024-06-13,23.72,23.86,23.54,23.54,13153
2024-06-14,23.9,23.9,23.59,23.81,31891
2024-06-17,23.59,23.9,23.59,23.68,5804
2024-06-18,23.81,24.27,23.68,24.27,30160
2024-06-19,24.27,24.27,24.27,24.27,5164
2024-06-20,23.99,24.31,23.95,24.27,22642
2024-06-21,24.13,24.13,23.13,23.86,16789
2024-06-24,23.72,23.86,23.72,23.77,3208
2024-06-25,23.68,23.68,23.68,23.68,1804
2024-06-26,23.77,23.77,23.59,23.59,2295
2024-06-27,23.77,24.31,23.77,24.31,11105
2024-06-28,24.49,24.49,24.31,24.31,41706
2024-07-01,24.13,24.27,24.04,24.04,28505
2024-07-02,24.04,24.04,23.99,24.04,11418
2024-07-03,24.04,24.04,23.86,23.95,28324
2024-07-04,23.95,23.99,23.95,23.95,23609
2024-07-05,23.99,24.27,23.95,24.27,75398
2024-07-08,24.36,24.49,24.31,24.49,115012
2024-07-09,24.49,24.54,24.4,24.54,58992
2024-07-10,24.58,24.58,24.49,24.58,43712
2024-07-11,24.63,25.4,24.63,25.4,56881
2024-07-12,25.4,25.4,25.04,25.36,11414
2024-07-15,25.36,25.4,25.31,25.4,6521
2024-07-16,25.4,25.4,24.95,25.4,3679
2024-07-17,25.31,25.36,23.68,24.9,6690
2024-07-18,24.04,25.13,24.04,25.13,7509
2024-07-19,24.9,25.36,24.86,25.36,2300
2024-07-22,25.31,25.31,24.49,25.04,21699
2024-07-23,24.77,24.95,24.22,24.95,19740
2024-07-24,24.31,24.63,24.31,24.63,13506
2024-07-25,24.63,24.63,24.49,24.63,1422
2024-07-26,24.63,25.04,24.58,24.99,11606
2024-07-29,24.16,25.22,24.16,25.22,4206
2024-07-30,24.16,25.22,24.16,25.22,309
2024-07-31,25.22,25.22,25.22,25.22,377
2024-08-01,24.67,24.67,24.3,24.34,4978
2024-08-02,24.34,24.95,24.11,24.9,31203
2024-08-05,24.76,24.9,24.11,24.58,3300
2024-08-06,24.48,25.22,24.11,24.95,5542
2024-08-07,24.95,24.95,24.95,24.95,14
2024-08-08,24.76,24.95,24.76,24.85,5400
2024-08-09,24.85,24.85,24.85,24.85,1000
2024-08-12,24.85,24.99,24.85,24.99,3410
2024-08-13,24.95,25.04,24.58,24.99,5844
2024-08-14,24.85,24.95,24.85,24.95,5874
2024-08-15,24.9,24.95,24.76,24.76,16115
2024-08-16,24.76,24.95,24.76,24.76,5238
2024-08-19,24.67,24.85,24.67,24.85,12805
2024-08-20,24.67,24.67,24.48,24.48,4294
2024-08-21,24.48,24.58,24.48,24.58,29000
2024-08-22,24.53,24.58,24.39,24.58,35543
2024-08-23,24.58,24.58,24.39,24.39,6890
2024-08-26,24.34,26.05,24.34,24.67,14480
2024-08-27,24.67,24.67,24.58,24.58,18558
2024-08-28,24.53,24.95,24.48,24.95,3509
2024-08-29,24.95,25.31,24.95,25.31,18310
2024-08-30,25.87,26.61,25.13,25.78,3439
2024-09-04,25.41,25.41,25.13,25.41,6915
2024-09-05,25.41,25.41,25.13,25.13,2101
2024-09-06,25.13,25.87,24.85,25.87,1276
2024-09-09,25.41,25.41,25.41,25.41,2023
2024-09-10,24.62,25.41,24.62,24.99,1900
2024-09-11,24.95,25.31,24.95,25.31,8175
2024-09-12,25.13,25.41,25.13,25.41,1299
2024-09-13,25.31,25.31,25.31,25.31,8006
2024-09-16,25.13,25.18,25.04,25.04,3300
2024-09-17,25.04,25.41,25.04,25.41,5430
2024-09-18,25.41,25.68,24.95,25.41,8002
2024-09-19,25.41,25.41,24.95,25.41,3100
2024-09-20,25.41,25.41,25.13,25.13,6258
2024-09-23,25.04,25.36,24.95,25.36,3820
2024-09-24,25.03,25.6,24.51,25.6,5204
2024-09-25,25.6,25.6,25.41,25.6,609
2024-09-26,24.89,25.6,24.84,25.6,3641
2024-09-27,25.31,25.5,25.31,25.41,3545
2024-09-30,25.31,25.31,25.31,25.31,14533
2024-10-01,25.41,25.41,24.98,25.41,3297
2024-10-02,25.17,25.41,25.13,25.41,4124
2024-10-03,25.41,25.41,25.31,25.41,2400
2024-10-04,25.22,25.22,25.22,25.22,1209
2024-10-07,24.84,25.31,24.84,25.31,338
2024-10-08,25.31,25.31,25.31,25.31,2
2024-10-09,25.22,25.22,25.13,25.13,5061
2024-10-10,25.03,26.35,25.03,25.41,5901
2024-10-11,25.88,25.88,25.88,25.88,214
2024-10-14,25.88,25.88,25.45,25.55,4301
2024-10-15,25.41,25.41,25.31,25.31,2048
2024-10-16,25.36,25.69,25.36,25.55,15802
2024-10-17,25.45,25.55,25.45,25.55,5587
2024-10-18,25.88,25.88,25.88,25.88,200
2024-10-21,25.6,25.78,25.6,25.78,500
2024-10-22,25.41,25.6,25.22,25.6,3400
2024-10-23,25.5,25.5,25.31,25.31,2657
2024-10-24,25.31,25.74,25.13,25.74,43900
2024-10-25,25.41,25.74,25.27,25.74,6064
2024-10-28,25.41,25.41,25.13,25.13,9566
2024-10-29,25.22,25.69,25.13,25.69,5122
2024-10-30,25.6,25.6,25.22,25.27,5389
2024-10-31,25.27,25.64,25.27,25.64,5709
2024-11-01,25.36,25.6,25.36,25.6,1427
2024-11-04,25.27,25.6,25.27,25.6,2900
2024-11-05,25.5,25.5,25.31,25.36,2405
2024-11-06,25.41,25.41,25.31,25.31,3352
2024-11-07,25.27,25.64,25.22,25.31,5400
2024-11-08,25.41,25.6,25.31,25.31,6101
2024-11-11,25.27,25.5,25.27,25.41,3502
2024-11-12,25.41,25.41,25.36,25.36,3102
2024-11-13,25.27,26.07,25.03,26.07,6882
2024-11-14,25.41,25.41,25.36,25.36,2407
2024-11-15,25.31,25.31,25.03,25.13,25695
2024-11-18,24.84,25.36,24.84,25.36,1845
2024-11-19,25.36,25.36,25.03,25.03,43403
2024-11-20,25.03,25.36,24.84,25.36,5104
2024-11-21,24.94,25.31,24.94,25.31,4520
2024-11-22,24.98,25.31,24.94,25.31,4757
2024-11-25,24.94,24.98,24.94,24.98,10129
2024-11-26,24.94,25.22,24.94,25.22,6064
2024-11-27,25.22,25.31,24.94,25.31,24890
2024-11-28,24.94,24.94,24.89,24.94,3049
2024-11-29,24.94,24.94,24.94,24.94,2330
2024-12-02,24.94,24.94,24.94,24.94,311
2024-12-03,24.94,25.03,24.94,25.03,1010
2024-12-04,24.84,24.84,24.84,24.84,101
2024-12-05,24.89,24.94,24.89,24.94,3700
2024-12-06,24.94,25.03,24.84,24.84,9682
2024-12-09,25.22,25.64,25.22,25.6,34537
2024-12-10,25.6,25.88,25.6,25.69,28763
2024-12-11,25.69,25.69,25.41,25.69,7700
2024-12-12,25.45,25.69,25.27,25.5,6865
2024-12-13,25.41,25.55,25.27,25.5,20628
2024-12-16,25.5,25.6,25.5,25.5,13536
2024-12-17,25.55,25.55,25.41,25.55,8958
2024-12-18,25.55,25.74,25.45,25.69,37378
2024-12-19,25.69,25.74,25.69,25.74,36538
2024-12-20,25.99,26.78,25.99,26.78,15650
2024-12-23,26.28,26.68,25.79,26.68,19410
2024-12-24,26.68,26.68,26.08,26.63,673
2024-12-25,26.63,26.63,26.63,26.63,1
2024-12-26,26.48,26.48,26.28,26.38,1700
2024-12-27,26.33,26.63,26.18,26.63,5140
2024-12-30,26.38,26.68,26.38,26.68,404
2024-12-31,26.63,26.68,25.89,26.68,6113
2025-01-02,26.48,26.48,26.48,26.48,1401
2025-01-03,26.33,26.33,25.49,26.28,15603
2025-01-06,25.99,26.23,25.89,25.89,1722
2025-01-07,26.48,26.48,26.48,26.48,192
2025-01-08,26.43,26.43,26.08,26.18,3313
2025-01-09,26.23,26.28,26.18,26.28,2201
2025-01-10,26.53,26.53,26.53,26.53,205
2025-01-13,26.28,26.28,26.28,26.28,415
2025-01-14,26.28,26.28,26.28,26.28,110
2025-01-15,25.89,26.38,25.79,26.38,4594
2025-01-16,26.28,26.28,25.99,26.08,3100
2025-01-17,26.03,26.33,26.03,26.33,4039
2025-01-20,26.28,26.33,26.28,26.28,2800
2025-01-21,26.28,26.38,26.28,26.28,29501
2025-01-22,26.28,26.48,26.28,26.48,8304
2025-01-23,26.38,26.38,26.28,26.28,20470
2025-01-24,26.48,28.07,26.48,27.77,18307
2025-02-03,27.77,27.77,26.98,27.67,2504
2025-02-04,27.67,27.67,27.62,27.62,3249
2025-02-05,27.57,27.57,26.08,27.52,8708
2025-02-06,27.18,27.22,26.33,27.22,3454
2025-02-07,26.43,27.67,26.43,27.52,1498
2025-02-10,26.43,27.37,26.18,27.37,53847
2025-02-11,27.18,27.18,27.13,27.13,419
2025-02-12,26.78,26.78,26.38,26.73,2949
2025-02-13,26.58,27.52,26.58,27.47,13300
2025-02-14,26.78,27.37,26.13,27.32,4613
2025-02-17,27.32,27.32,27.13,27.13,9094
2025-02-18,27.13,27.13,26.78,26.98,2848
2025-02-19,27.08,27.08,26.68,26.98,9579
2025-02-20,26.98,26.98,26.28,26.93,9600
2025-02-21,26.93,26.93,26.58,26.93,564
2025-02-24,26.78,26.88,26.28,26.88,13693
2025-02-25,26.83,26.83,25.59,25.59,94753
2025-02-26,26.38,26.38,26.13,26.28,16794
2025-02-27,26.38,26.38,26.08,26.13,19268
2025-02-28,26.18,26.28,26.18,26.28,44938
2025-03-03,26.23,26.23,26.18,26.18,12255
2025-03-04,26.13,26.68,26.03,26.68,71312
2025-03-05,26.58,26.68,26.18,26.18,25500
2025-03-06,26.28,26.28,26.18,26.18,4800
2025-03-07,26.18,26.28,26.08,26.13,62900
2025-03-10,26.18,26.38,26.08,26.18,24780
2025-03-11,26.08,26.08,25.84,26.03,26503
2025-03-12,26.03,26.38,26.03,26.03,15958
2025-03-13,26.03,26.38,25.94,26.18,5685
2025-03-14,26.18,26.18,25.89,25.89,15100
2025-03-17,25.89,26.23,25.84,26.23,11288
2025-03-18,26.18,26.23,26.08,26.23,3696
2025-03-19,26.23,26.68,26.03,26.08,24643
2025-03-20,26.08,26.28,26.08,26.28,2510
2025-03-21,26.23,26.23,26.23,26.23,12700
2025-03-24,26.18,26.23,26.18,26.23,7939
2025-03-25,25.89,26.23,24.84,26.13,8100
2025-03-26,26.28,26.28,25.89,26.13,683
2025-03-27,26.13,26.13,25.89,25.89,2915
2025-03-28,25.99,26.28,25.99,26.28,6601
2025-03-31,26.23,26.23,26.13,26.13,1534
2025-04-01,26.13,26.13,25.89,25.94,12037
2025-04-02,25.89,26.13,25.79,25.79,33606
2025-04-03,25.59,25.59,24.6,24.6,50105
2025-04-04,24.6,25.79,24.3,25.79,13284
2025-04-08,25.54,25.54,24.0,24.0,35077
2025-04-09,22.86,24.8,22.86,24.3,15000
2025-04-10,24.4,25.69,24.4,25.54,39116
2025-04-11,25.54,25.54,24.8,25.29,15434
2025-04-14,25.29,25.39,24.84,24.89,17600
2025-04-15,24.84,24.84,24.45,24.5,7239
2025-04-16,24.5,24.8,24.3,24.8,2639
2025-04-17,24.8,25.14,24.25,25.14,5859
2025-04-18,25.04,25.24,24.8,24.89,4532
2025-04-21,24.94,24.94,24.84,24.89,18805
2025-04-22,24.89,24.89,24.25,24.3,29462
2025-04-23,24.4,24.5,24.4,24.5,63012
2025-04-24,24.5,24.89,24.5,24.8,14605
2025-04-25,24.5,24.89,24.5,24.8,18307
2025-04-28,24.8,24.8,24.4,24.4,70036
2025-04-29,24.4,24.8,23.9,24.8,75615
2025-05-05,24.75,24.8,24.3,24.5,4404
2025-05-06,24.5,24.5,24.35,24.5,13210
2025-05-07,24.4,24.5,24.35,24.5,8219
2025-05-08,24.4,24.5,24.3,24.35,12534
2025-05-09,24.3,24.3,24.2,24.2,19910
2025-05-12,24.8,24.8,24.3,24.3,4600
2025-05-13,24.5,24.6,24.3,24.5,26463
2025-05-14,24.5,24.5,24.45,24.45,3054
2025-05-15,24.45,24.45,24.35,24.4,7195
2025-05-16,24.4,24.4,24.3,24.3,1992
2025-05-19,24.3,24.3,24.1,24.2,4780
2025-05-20,24.2,24.4,24.1,24.25,5856
2025-05-21,24.25,24.35,24.25,24.35,1401
2025-05-22,24.15,24.5,22.86,24.4,26011
2025-05-23,24.4,24.4,24.0,24.05,2317
2025-05-26,24.1,24.3,23.8,23.95,12210
2025-05-27,24.05,24.3,24.05,24.1,659
2025-05-28,24.3,24.5,24.1,24.45,9179
2025-05-29,24.45,24.5,24.4,24.5,4631
2025-05-30,24.5,24.5,24.5,24.5,1000
2025-06-02,24.5,24.5,24.15,24.15,1676
2025-06-03,24.5,24.75,24.25,24.6,21595
2025-06-04,24.5,24.5,24.45,24.45,815
2025-06-05,24.45,24.55,24.3,24.55,6645
2025-06-06,26.2,26.2,24.5,25.0,8607
2025-06-09,25.0,25.0,24.4,24.95,13854
2025-06-10,24.8,24.85,24.5,24.85,5100
2025-06-11,24.7,24.75,24.55,24.55,16900
2025-06-12,24.55,24.6,24.55,24.6,2300
2025-06-13,24.55,24.6,24.55,24.6,4200
2025-06-16,24.6,24.8,24.6,24.8,9300
2025-06-17,24.8,25.05,24.8,25.05,33600
2025-06-18,25.05,25.3,25.05,25.2,21300
2025-06-19,25.2,25.5,25.2,25.4,11900
2025-06-20,25.3,25.6,25.3,25.3,10400
2025-06-23,25.3,25.3,25.3,25.3,2800
2025-06-24,25.3,25.4,25.3,25.3,18700
2025-06-25,25.3,25.3,25.3,25.3,3600
2025-06-26,25.3,25.3,25.25,25.3,2900
2025-06-27,25.3,25.5,25.1,25.4,2200
2025-06-30,25.4,25.4,25.4,25.4,2300
2025-07-01,25.45,25.65,25.35,25.35,11300
2025-07-02,25.35,25.4,25.3,25.4,8100
2025-07-03,25.4,25.95,25.35,25.9,3400
2025-07-04,25.35,25.35,25.2,25.2,400
2025-07-07,25.2,25.85,25.1,25.25,5100
2025-07-08,25.2,25.3,25.2,25.2,2400
2025-07-09,25.2,25.2,25.0,25.0,4400
2025-07-10,25.2,25.4,25.0,25.4,2000
2025-07-11,25.4,25.4,25.0,25.0,300
2025-07-14,25.25,26.0,25.1,25.9,42100
2025-07-15,25.85,25.9,25.65,25.7,42600
2025-07-16,26.15,26.35,26.15,26.2,27800
2025-07-17,26.6,26.6,25.8,25.85,28100
2025-07-18,25.85,25.85,25.6,25.65,10900
2025-07-21,25.65,25.7,25.6,25.65,7500
2025-07-22,26.0,26.0,25.6,25.65,25800
2025-07-23,25.65,25.65,25.5,25.55,23200
2025-07-24,25.55,26.0,25.55,25.55,16100
2025-07-25,25.55,25.9,25.55,25.75,23800
2025-07-28,25.85,25.85,25.6,25.7,22100
2025-07-29,25.75,25.75,25.65,25.65,20100
2025-07-30,25.7,25.75,25.65,25.65,11400
2025-07-31,25.6,25.65,25.5,25.6,4000
2025-08-01,25.6,25.85,25.6,25.65,12300
2025-08-04,25.7,25.75,25.6,25.7,27500
2025-08-05,25.7,25.75,25.65,25.65,11800
2025-08-06,25.65,25.65,25.6,25.65,8100
2025-08-07,25.65,25.75,25.5,25.7,55600
2025-08-08,25.7,26.05,25.65,25.65,1200
2025-08-11,25.7,25.75,25.6,25.7,11900
2025-08-12,25.65,25.7,25.6,25.6,22300
2025-08-13,25.6,25.7,25.6,25.65,10500
2025-08-14,25.65,26.1,25.65,25.85,3600
2025-08-15,25.85,25.85,25.6,25.6,18400
2025-08-18,25.65,25.65,25.6,25.6,12500
2025-08-19,25.75,25.75,25.55,25.6,16500
2025-08-20,25.05,25.6,25.0,25.55,6600
2025-08-21,25.55,25.65,25.55,25.55,7700
2025-08-22,25.6,25.6,24.5,25.6,11400
2025-08-25,25.5,25.7,25.15,25.6,17200
2025-08-26,25.8,25.8,25.15,25.5,7100
2025-08-27,25.45,25.7,25.45,25.7,17900
2025-08-28,25.7,25.7,25.5,25.5,67100
2025-08-29,25.55,25.55,25.5,25.5,10000
2025-09-03,25.5,25.6,25.5,25.5,9900
2025-09-04,25.5,25.55,25.5,25.5,68100
2025-09-05,25.5,25.5,25.5,25.5,11400
2025-09-08,25.5,25.5,25.4,25.5,13800
2025-09-09,25.5,25.55,25.5,25.5,8100
2025-09-10,25.5,25.5,25.5,25.5,1700
2025-09-11,25.5,25.5,25.4,25.5,1100
2025-09-12,25.5,25.5,25.4,25.5,2500
2025-09-15,25.4,25.5,25.2,25.5,21100
2025-09-16,25.5,25.5,25.3,25.4,4900
2025-09-17,25.4,25.4,25.4,25.4,3300
2025-09-18,25.4,25.5,25.4,25.45,8600
2025-09-19,26.0,26.0,25.45,25.45,4000
2025-09-22,26.0,26.0,25.45,25.5,2400
2025-09-23,25.5,25.5,25.4,25.45,5500
2025-09-24,25.45,26.0,25.4,25.55,5000
2025-09-25,25.55,25.75,25.55,25.75,4700
2025-09-26,25.75,25.95,25.75,25.75,25400
2025-09-29,25.4,25.55,25.4,25.5,61800
2025-09-30,25.5,25.5,25.4,25.4,600
2025-10-01,25.3,25.55,25.3,25.5,2200
2025-10-02,25.5,25.5,25.4,25.45,8200
2025-10-03,25.45,25.8,25.45,25.8,200
2025-10-06,25.7,25.7,25.7,25.7,100
2025-10-07,25.55,25.6,25.55,25.55,9600
2025-10-08,25.3,25.55,25.3,25.55,5600
2025-10-09,25.55,25.55,25.5,25.55,16400
2025-10-10,25.5,25.55,25.5,25.55,10500
2025-10-13,25.55,25.55,25.5,25.55,9400
2025-10-14,25.55,25.55,25.5,25.5,5800
2025-10-15,25.5,25.6,25.4,25.4,2700
2025-10-16,25.4,25.4,25.1,25.4,9100
2025-10-17,25.4,25.45,25.35,25.4,6600
2025-10-20,25.4,25.65,25.1,25.1,3300
2025-10-21,25.2,25.4,24.0,25.3,20000
