time,open,high,low,close,volume
2015-09-18,6.58,6.58,4.07,4.28,18300
2015-09-21,4.76,4.76,4.76,4.76,100
2015-09-22,4.28,4.28,4.07,4.07,3400
2015-09-23,3.8,3.8,3.8,3.8,500
2015-09-24,3.8,3.8,3.8,3.8,9600
2015-09-25,3.8,3.8,3.8,3.8,0
2015-09-28,4.33,4.33,4.01,4.28,1100
2015-09-29,4.17,4.17,4.17,4.17,1500
2015-09-30,3.69,4.28,3.69,4.28,6200
2015-10-01,4.23,4.28,4.23,4.28,600
2015-10-02,4.23,4.28,4.23,4.28,1000
2015-10-05,4.44,4.44,4.44,4.44,900
2015-10-06,4.28,4.39,4.12,4.12,6400
2015-10-07,4.17,4.23,4.07,4.23,7000
2015-10-08,4.17,4.17,4.17,4.17,700
2015-10-09,4.17,4.28,4.17,4.28,6800
2015-10-12,4.23,4.28,4.23,4.28,7700
2015-10-13,4.33,4.33,4.33,4.33,1000
2015-10-14,4.33,4.39,4.33,4.39,15700
2015-10-15,4.33,4.39,4.33,4.39,3100
2015-10-16,4.55,4.87,4.44,4.44,7000
2015-10-19,4.82,4.92,4.6,4.92,3500
2015-10-20,5.03,5.08,5.03,5.08,5500
2015-10-21,5.62,5.62,5.35,5.35,4000
2015-10-22,4.82,5.08,4.76,4.92,18200
2015-10-23,5.08,5.08,5.08,5.08,1000
2015-10-26,5.08,5.19,5.08,5.19,3600
2015-10-27,5.08,5.14,5.08,5.14,4400
2015-10-28,5.08,5.08,5.08,5.08,900
2015-10-29,5.08,5.08,5.08,5.08,0
2015-10-30,5.08,5.08,4.98,5.08,4100
2015-11-02,5.08,5.14,5.08,5.14,6300
2015-11-03,5.14,5.14,5.14,5.14,0
2015-11-04,5.14,5.14,5.14,5.14,1000
2015-11-05,5.08,5.19,5.08,5.19,11600
2015-11-06,5.19,5.19,5.19,5.19,0
2015-11-09,5.35,5.35,5.35,5.35,3700
2015-11-10,5.08,5.3,5.08,5.3,7000
2015-11-11,5.08,5.14,4.98,4.98,10900
2015-11-12,5.08,5.08,4.87,4.87,1200
2015-11-13,5.03,5.08,5.03,5.08,1500
2015-11-16,5.08,5.08,5.03,5.03,3300
2015-11-17,5.03,5.03,4.98,4.98,3200
2015-11-18,5.03,5.03,4.98,4.98,1200
2015-11-19,4.98,4.98,4.98,4.98,500
2015-11-20,4.98,4.98,4.87,4.87,1800
2015-11-23,4.98,4.98,4.98,4.98,1200
2015-11-24,4.98,4.98,4.87,4.87,2600
2015-11-25,4.92,4.92,4.87,4.87,3200
2015-11-26,5.14,5.14,4.92,4.92,1200
2015-11-27,4.98,4.98,4.82,4.82,500
2015-11-30,4.87,4.87,4.87,4.87,100
2015-12-01,4.87,4.87,4.87,4.87,0
2015-12-02,4.33,4.33,4.33,4.33,3300
2015-12-03,4.28,4.28,4.28,4.28,1000
2015-12-04,4.28,4.28,4.28,4.28,0
2015-12-07,4.28,4.28,4.28,4.28,0
2015-12-08,4.28,4.28,4.28,4.28,0
2015-12-09,4.28,4.39,4.28,4.39,2500
2015-12-10,4.39,4.39,4.39,4.39,0
2015-12-11,4.28,4.28,4.28,4.28,200
2015-12-14,4.28,4.28,4.28,4.28,3700
2015-12-15,4.28,4.28,4.28,4.28,500
2015-12-16,4.28,4.28,4.28,4.28,0
2015-12-17,4.28,4.28,4.28,4.28,7200
2015-12-18,4.28,4.28,4.28,4.28,0
2015-12-21,4.23,4.23,4.23,4.23,1000
2015-12-22,4.12,4.12,4.12,4.12,500
2015-12-23,4.12,4.12,4.12,4.12,0
2015-12-24,4.12,4.12,4.12,4.12,0
2015-12-25,4.12,4.12,4.12,4.12,0
2015-12-28,4.12,4.17,4.12,4.12,2500
2015-12-29,4.12,4.12,4.12,4.12,0
2015-12-30,4.12,4.12,4.12,4.12,0
2015-12-31,4.07,4.28,4.07,4.28,8500
2016-01-04,4.17,4.17,4.17,4.17,4900
2016-01-05,4.12,4.17,4.12,4.17,5300
2016-01-06,4.01,4.01,4.01,4.01,1100
2016-01-07,4.07,4.17,4.07,4.12,6300
2016-01-08,4.12,4.12,4.12,4.12,0
2016-01-11,4.12,4.12,4.12,4.12,0
2016-01-12,3.75,3.75,3.75,3.75,100
2016-01-13,3.75,3.75,3.75,3.75,100
2016-01-14,3.75,3.75,3.75,3.75,0
2016-01-15,3.75,3.75,3.75,3.75,0
2016-01-18,3.75,3.75,3.75,3.75,500
2016-01-19,3.75,3.75,3.75,3.75,0
2016-01-20,3.75,3.75,3.75,3.75,0
2016-01-21,3.75,3.85,3.75,3.85,5000
2016-01-22,3.8,4.01,3.8,4.01,7500
2016-01-25,3.75,3.8,3.75,3.8,3000
2016-01-26,3.85,3.96,3.85,3.96,4100
2016-01-27,3.8,3.91,3.75,3.91,7800
2016-01-28,3.91,3.91,3.91,3.91,0
2016-01-29,3.75,3.75,3.75,3.75,2500
2016-02-01,3.75,3.75,3.75,3.75,0
2016-02-02,3.75,3.75,3.75,3.75,2000
2016-02-03,3.64,3.75,3.64,3.75,4100
2016-02-04,4.01,4.01,4.01,4.01,100
2016-02-05,4.01,4.01,4.01,4.01,0
2016-02-15,4.01,4.01,4.01,4.01,0
2016-02-16,4.01,4.01,4.01,4.01,0
2016-02-17,4.01,4.01,4.01,4.01,0
2016-02-18,4.01,4.01,4.01,4.01,0
2016-02-19,4.17,4.17,4.17,4.17,300
2016-02-22,4.17,4.17,4.17,4.17,0
2016-02-23,4.17,4.17,4.17,4.17,0
2016-02-24,4.17,4.17,4.17,4.17,0
2016-02-25,4.17,4.17,4.17,4.17,0
2016-02-26,4.28,4.28,4.28,4.28,1000
2016-02-29,4.28,4.28,4.28,4.28,0
2016-03-01,4.28,4.28,4.28,4.28,0
2016-03-02,4.28,4.28,4.28,4.28,0
2016-03-03,4.28,4.28,4.28,4.28,0
2016-03-04,4.28,4.28,4.28,4.28,0
2016-03-07,4.28,4.28,4.28,4.28,0
2016-03-08,4.28,4.28,4.28,4.28,0
2016-03-09,3.64,3.64,3.64,3.64,100
2016-03-10,4.17,4.17,4.17,4.17,100
2016-03-11,4.17,4.17,4.17,4.17,0
2016-03-14,4.17,4.17,4.17,4.17,0
2016-03-15,4.17,4.17,4.17,4.17,0
2016-03-16,4.17,4.17,4.17,4.17,0
2016-03-17,4.17,4.17,4.17,4.17,0
2016-03-18,4.17,4.17,4.17,4.17,0
2016-03-21,4.17,4.17,4.17,4.17,0
2016-03-22,4.17,4.17,4.17,4.17,0
2016-03-23,4.17,4.17,4.17,4.17,0
2016-03-24,4.17,4.17,4.17,4.17,0
2016-03-25,4.17,4.17,4.17,4.17,0
2016-03-28,4.17,4.17,4.17,4.17,0
2016-03-29,4.17,4.17,4.17,4.17,0
2016-03-30,4.28,4.28,4.28,4.28,6000
2016-03-31,3.75,4.28,3.75,4.28,3100
2016-04-01,4.28,4.28,4.28,4.28,0
2016-04-04,3.75,3.85,3.75,3.85,5000
2016-04-05,4.28,4.28,4.28,4.28,100
2016-04-06,4.28,4.28,4.28,4.28,0
2016-04-07,4.23,4.23,4.23,4.23,2700
2016-04-08,3.75,3.75,3.75,3.75,1000
2016-04-11,3.91,3.91,3.91,3.91,1000
2016-04-12,3.91,3.91,3.91,3.91,0
2016-04-13,3.91,3.91,3.91,3.91,0
2016-04-14,3.91,3.91,3.91,3.91,0
2016-04-15,3.91,3.91,3.91,3.91,0
2016-04-19,3.75,4.28,3.75,4.28,1500
2016-04-20,4.28,4.28,4.28,4.28,0
2016-04-21,3.75,3.91,3.75,3.91,2000
2016-04-22,3.91,3.91,3.91,3.91,0
2016-04-25,4.17,4.23,4.17,4.23,12200
2016-04-26,4.23,4.23,4.23,4.23,7500
2016-04-27,4.23,4.23,4.23,4.23,0
2016-04-28,4.23,4.23,4.23,4.23,0
2016-04-29,4.23,4.23,4.23,4.23,0
2016-05-04,4.23,4.23,4.23,4.23,2000
2016-05-05,4.23,4.23,4.23,4.23,0
2016-05-06,4.23,4.23,4.23,4.23,0
2016-05-09,4.23,4.23,4.23,4.23,0
2016-05-10,4.23,4.23,4.23,4.23,0
2016-05-11,3.64,3.75,3.64,3.75,4000
2016-05-12,3.75,3.75,3.75,3.75,0
2016-05-13,3.75,3.75,3.75,3.75,0
2016-05-16,3.37,3.53,3.37,3.48,2100
2016-05-17,3.21,3.37,3.16,3.37,4900
2016-05-18,3.37,3.37,3.37,3.37,0
2016-05-19,3.37,3.37,3.37,3.37,0
2016-05-20,3.37,3.37,3.37,3.37,0
2016-05-23,3.75,3.75,3.75,3.75,100
2016-05-24,3.8,3.8,3.8,3.8,100
2016-05-25,3.8,3.8,3.8,3.8,0
2016-05-26,3.8,3.8,3.8,3.8,0
2016-05-27,3.8,3.8,3.8,3.8,0
2016-05-30,3.8,3.8,3.8,3.8,0
2016-05-31,3.48,3.48,3.48,3.48,10000
2016-06-01,3.48,3.48,3.48,3.48,0
2016-06-02,3.48,3.48,3.48,3.48,0
2016-06-03,3.64,3.96,3.64,3.96,200
2016-06-06,3.75,3.75,3.75,3.75,5000
2016-06-07,3.8,4.28,3.8,4.28,200
2016-06-08,3.75,3.75,3.75,3.75,500
2016-06-09,3.75,3.75,3.75,3.75,0
2016-06-10,3.75,3.75,3.75,3.75,0
2016-06-13,3.75,3.75,3.75,3.75,200
2016-06-14,3.75,3.75,3.75,3.75,0
2016-06-15,3.58,3.58,3.58,3.58,100
2016-06-16,3.58,3.58,3.58,3.58,2000
2016-06-17,3.48,3.48,3.48,3.48,3000
2016-06-20,3.48,3.48,3.48,3.48,0
2016-06-21,3.48,3.48,3.48,3.48,0
2016-06-22,3.48,3.48,3.48,3.48,0
2016-06-23,3.48,3.48,3.48,3.48,0
2016-06-24,3.48,3.48,3.26,3.26,5300
2016-06-27,3.26,3.26,3.26,3.26,0
2016-06-28,3.26,3.26,3.26,3.26,0
2016-06-29,3.26,3.26,3.26,3.26,10
2016-06-30,3.75,3.75,3.75,3.75,100
2016-07-01,3.42,3.42,3.42,3.42,1000
2016-07-04,3.91,3.91,3.48,3.48,3900
2016-07-05,3.48,3.48,3.48,3.48,0
2016-07-06,3.53,3.53,3.53,3.53,100
2016-07-07,3.53,3.53,3.53,3.53,0
2016-07-08,3.53,3.75,3.53,3.75,1100
2016-07-11,3.48,3.48,3.1,3.1,18800
2016-07-12,3.0,3.21,3.0,3.21,10000
2016-07-13,3.21,3.21,3.21,3.21,0
2016-07-14,3.26,3.37,3.26,3.37,1000
2016-07-15,3.37,3.37,3.37,3.37,0
2016-07-18,3.37,3.37,3.37,3.37,0
2016-07-19,3.37,3.37,3.37,3.37,0
2016-07-20,3.26,3.26,3.26,3.26,100
2016-07-21,3.26,3.26,3.26,3.26,0
2016-07-22,3.16,3.26,3.1,3.26,9900
2016-07-25,3.26,3.26,3.26,3.26,0
2016-07-26,3.26,3.26,3.26,3.26,0
2016-07-27,3.26,3.26,3.26,3.26,0
2016-07-28,3.26,3.26,3.26,3.26,0
2016-07-29,3.26,3.26,3.26,3.26,0
2016-08-01,3.26,3.26,3.26,3.26,0
2016-08-02,3.26,3.26,3.26,3.26,0
2016-08-03,3.26,3.26,3.26,3.26,0
2016-08-04,3.26,3.26,3.26,3.26,0
2016-08-05,3.69,3.69,3.32,3.32,18200
2016-08-08,3.32,3.32,3.32,3.32,0
2016-08-09,3.32,3.32,3.32,3.32,0
2016-08-10,3.91,3.91,3.48,3.48,300
2016-08-11,3.37,3.37,3.37,3.37,8000
2016-08-12,3.37,3.37,3.37,3.37,0
2016-08-15,3.37,3.37,3.37,3.37,0
2016-08-16,3.37,3.37,3.37,3.37,0
2016-08-17,3.32,3.32,3.32,3.32,6000
2016-08-18,3.32,3.32,3.32,3.32,0
2016-08-19,3.21,3.21,3.21,3.21,9000
2016-08-22,3.21,3.21,3.21,3.21,0
2016-08-23,2.78,3.69,2.78,3.69,2100
2016-08-24,3.21,3.21,3.21,3.21,2400
2016-08-25,3.21,3.21,3.21,3.21,0
2016-08-26,3.58,3.58,3.58,3.58,100
2016-08-29,4.12,4.12,4.12,4.12,100
2016-08-30,4.12,4.12,4.12,4.12,0
2016-08-31,4.12,4.12,4.12,4.12,0
2016-09-01,4.12,4.12,4.12,4.12,0
2016-09-05,4.12,4.12,4.12,4.12,0
2016-09-06,3.53,3.53,3.53,3.53,600
2016-09-07,3.1,3.16,3.05,3.05,15400
2016-09-08,3.05,3.05,3.05,3.05,0
2016-09-09,3.48,3.48,3.32,3.48,7200
2016-09-12,2.94,2.94,2.94,2.94,100
2016-09-13,2.94,2.94,2.94,2.94,2600
2016-09-14,3.16,3.16,3.16,3.16,100
2016-09-15,3.53,3.53,3.42,3.53,5500
2016-09-16,3.53,3.53,3.53,3.53,0
2016-09-19,3.53,3.53,3.53,3.53,0
2016-09-20,3.85,3.85,3.85,3.85,100
2016-09-21,3.85,3.85,3.85,3.85,0
2016-09-22,3.85,3.85,3.48,3.48,2500
2016-09-23,3.58,3.58,3.53,3.53,1700
2016-09-26,3.53,3.53,3.53,3.53,0
2016-09-27,4.01,4.01,3.26,3.26,3200
2016-09-28,3.37,3.42,3.26,3.42,10100
2016-09-29,3.37,3.85,3.37,3.85,30500
2016-09-30,4.23,4.23,4.23,4.23,1000
2016-10-03,3.65,3.65,3.65,3.65,2800
2016-10-04,3.65,3.65,3.65,3.65,0
2016-10-05,3.65,3.65,3.65,3.65,2200
2016-10-06,3.47,3.47,3.47,3.47,1800
2016-10-07,3.47,3.47,3.47,3.47,0
2016-10-10,3.47,3.47,3.47,3.47,0
2016-10-11,3.47,3.47,3.47,3.47,0
2016-10-12,3.47,3.47,3.47,3.47,0
2016-10-13,3.36,3.36,3.36,3.36,1000
2016-10-14,3.3,3.3,2.89,2.89,9200
2016-10-17,2.89,2.89,2.89,2.89,0
2016-10-18,3.18,3.18,3.18,3.18,1400
2016-10-19,3.01,3.01,3.01,3.01,100
2016-10-20,3.01,3.01,3.01,3.01,2200
2016-10-21,2.89,2.89,2.89,2.89,1400
2016-10-24,2.89,2.89,2.89,2.89,1000
2016-10-25,3.3,3.3,3.3,3.3,200
2016-10-26,3.3,3.3,3.3,3.3,0
2016-10-27,3.3,3.3,3.3,3.3,0
2016-10-28,2.89,2.89,2.84,2.89,6600
2016-10-31,2.89,2.89,2.89,2.89,0
2016-11-01,2.89,2.89,2.89,2.89,1000
2016-11-02,2.89,2.89,2.89,2.89,2700
2016-11-03,2.89,2.89,2.89,2.89,500
2016-11-04,2.89,3.24,2.89,2.89,1800
2016-11-07,2.89,2.89,2.89,2.89,1000
2016-11-08,3.3,3.3,3.3,3.3,100
2016-11-09,3.3,3.3,3.3,3.3,0
2016-11-10,3.3,3.3,3.3,3.3,0
2016-11-11,3.3,3.3,3.3,3.3,1100
2016-11-14,3.3,3.3,2.84,3.07,30400
2016-11-15,3.42,3.42,3.42,3.42,300
2016-11-16,3.88,3.88,3.13,3.13,15200
2016-11-17,3.13,3.13,3.13,3.13,0
2016-11-18,3.47,3.47,3.3,3.3,3000
2016-11-21,3.3,3.3,3.13,3.13,1500
2016-11-22,3.24,3.24,3.24,3.24,1000
2016-11-23,3.65,3.65,3.65,3.65,100
2016-11-24,3.65,3.65,3.65,3.65,0
2016-11-25,3.65,3.65,3.65,3.65,0
2016-11-28,3.65,3.65,3.65,3.65,0
2016-11-29,3.42,3.42,3.42,3.42,1000
2016-11-30,3.42,3.42,3.42,3.42,0
2016-12-01,3.42,3.42,3.42,3.42,0
2016-12-02,3.42,3.42,3.42,3.42,0
2016-12-05,3.01,3.01,3.01,3.01,2600
2016-12-06,3.01,3.01,3.01,3.01,2000
2016-12-07,3.01,3.07,3.01,3.07,2900
2016-12-08,3.01,3.18,2.61,3.01,24900
2016-12-09,2.78,3.13,2.78,3.13,3500
2016-12-12,3.13,3.13,3.13,3.13,200
2016-12-13,3.01,3.01,3.01,3.01,6000
2016-12-14,3.01,3.01,3.01,3.01,300
2016-12-15,3.42,3.42,3.42,3.42,100
2016-12-16,3.65,3.65,3.65,3.65,100
2016-12-19,3.88,3.88,3.13,3.13,5700
2016-12-20,3.53,3.53,3.13,3.13,2100
2016-12-21,3.13,3.13,3.13,3.13,0
2016-12-22,2.89,2.89,2.89,2.89,100
2016-12-23,2.89,2.89,2.89,2.89,0
2016-12-26,3.24,3.24,2.89,2.89,4300
2016-12-27,3.18,3.18,3.01,3.01,6300
2016-12-28,3.01,3.01,3.01,3.01,0
2016-12-29,3.53,3.53,3.53,3.53,100
2016-12-30,3.36,3.36,3.36,3.36,2600
2017-01-03,3.24,3.24,3.24,3.24,1000
2017-01-04,3.24,3.24,3.24,3.24,0
2017-01-05,3.24,3.24,3.24,3.24,0
2017-01-06,2.95,2.95,2.95,2.95,2000
2017-01-09,2.95,2.95,2.95,2.95,100
2017-01-10,3.24,3.24,2.95,2.95,200
2017-01-11,3.13,3.13,3.13,3.13,300
2017-01-12,2.95,2.95,2.95,2.95,1000
2017-01-13,2.89,2.95,2.89,2.95,6500
2017-01-16,2.89,2.89,2.89,2.89,4000
2017-01-17,2.89,2.89,2.89,2.89,0
2017-01-18,2.89,2.89,2.89,2.89,0
2017-01-19,2.89,2.89,2.89,2.89,1200
2017-01-20,3.07,3.07,3.07,3.07,6900
2017-01-23,2.95,2.95,2.95,2.95,1000
2017-01-24,3.3,3.3,3.3,3.3,100
2017-01-25,3.53,3.53,3.53,3.53,100
2017-02-02,3.53,3.53,3.53,3.53,0
2017-02-03,3.53,3.53,3.53,3.53,0
2017-02-06,3.47,3.47,3.01,3.42,18900
2017-02-07,3.42,3.42,3.42,3.42,0
2017-02-08,3.65,3.65,3.65,3.65,100
2017-02-09,3.18,3.18,3.18,3.18,6200
2017-02-10,3.18,3.18,3.18,3.18,2200
2017-02-13,3.18,3.18,3.18,3.18,2200
2017-02-14,3.18,3.18,3.18,3.18,0
2017-02-15,3.18,3.18,3.18,3.18,0
2017-02-16,3.18,3.18,3.01,3.13,5200
2017-02-17,3.13,3.13,3.13,3.13,0
2017-02-20,3.13,3.13,3.13,3.13,100
2017-02-21,2.89,3.01,2.89,3.01,13000
2017-02-22,3.36,3.36,3.36,3.36,100
2017-02-23,3.3,3.36,3.3,3.36,9200
2017-02-24,3.36,3.42,3.36,3.36,4100
2017-02-27,3.36,3.36,3.36,3.36,0
2017-02-28,3.71,3.71,3.3,3.3,300
2017-03-01,3.13,3.24,3.13,3.24,4000
2017-03-02,3.42,3.42,3.18,3.18,4600
2017-03-03,3.24,3.24,3.18,3.18,700
2017-03-06,3.18,3.18,3.18,3.18,0
2017-03-07,3.18,3.24,3.07,3.18,15500
2017-03-08,3.18,3.18,3.18,3.18,0
2017-03-09,3.18,3.18,3.18,3.18,0
2017-03-10,3.07,3.07,3.07,3.07,17500
2017-03-13,3.07,3.07,3.07,3.07,0
2017-03-14,3.36,3.36,3.36,3.36,500
2017-03-15,3.24,3.3,3.24,3.3,1100
2017-03-16,3.13,3.18,3.13,3.18,3000
2017-03-17,3.18,3.18,3.18,3.18,1000
2017-03-20,3.18,3.18,3.18,3.18,600
2017-03-21,3.24,3.24,3.24,3.24,900
2017-03-22,3.24,3.24,3.24,3.24,4000
2017-03-23,3.24,3.3,3.24,3.3,3800
2017-03-24,3.24,3.24,3.24,3.24,1000
2017-03-27,3.18,3.18,3.18,3.18,1000
2017-03-28,3.18,3.18,3.18,3.18,0
2017-03-29,3.3,3.42,3.24,3.42,4600
2017-03-30,3.3,3.3,3.3,3.3,0
2017-03-31,3.71,3.76,3.42,3.76,17700
2017-04-03,3.71,3.71,3.71,3.71,0
2017-04-04,3.71,3.71,3.71,3.71,0
2017-04-05,3.3,3.3,3.24,3.24,8000
2017-04-07,3.18,3.24,3.13,3.24,3600
2017-04-10,3.24,3.24,3.24,3.24,500
2017-04-11,3.24,3.24,3.24,3.24,0
2017-04-12,3.24,3.24,3.24,3.24,0
2017-04-13,3.3,3.3,3.3,3.3,200
2017-04-14,3.47,3.47,3.47,3.47,100
2017-04-17,3.47,3.47,3.47,3.47,0
2017-04-18,3.24,3.24,3.24,3.24,400
2017-04-19,3.36,3.36,3.36,3.36,100
2017-04-20,3.36,3.36,3.36,3.36,700
2017-04-21,3.36,3.36,3.36,3.36,500
2017-04-24,3.36,3.36,3.36,3.36,0
2017-04-25,3.36,3.36,3.36,3.36,0
2017-04-26,3.36,3.36,3.36,3.36,3000
2017-04-27,3.42,3.42,3.42,3.42,100
2017-04-28,3.18,3.18,3.18,3.18,5000
2017-05-03,3.24,3.24,3.24,3.24,2400
2017-05-04,3.24,3.24,3.24,3.24,0
2017-05-05,3.24,3.24,3.24,3.24,500
2017-05-08,3.24,3.24,3.24,3.24,1000
2017-05-09,3.24,3.24,3.24,3.24,0
2017-05-10,3.24,3.24,3.24,3.24,0
2017-05-11,3.24,3.24,3.24,3.24,0
2017-05-12,3.24,3.24,3.24,3.24,500
2017-05-15,3.24,3.24,3.24,3.24,1000
2017-05-16,3.24,3.24,3.24,3.24,0
2017-05-17,3.59,3.59,3.59,3.59,6000
2017-05-18,3.59,3.59,3.59,3.59,0
2017-05-19,3.18,3.18,3.18,3.18,2000
2017-05-22,3.59,3.59,3.59,3.59,500
2017-05-23,3.24,3.24,3.24,3.24,800
2017-05-24,3.24,3.24,3.24,3.24,2000
2017-05-25,3.24,3.24,3.24,3.24,2000
2017-05-26,3.24,3.24,3.24,3.24,0
2017-05-29,3.24,3.24,3.24,3.24,0
2017-05-30,3.18,3.18,3.18,3.18,5000
2017-05-31,3.36,3.36,3.36,3.36,100
2017-06-01,3.36,3.36,3.36,3.36,0
2017-06-02,3.36,3.36,3.36,3.36,0
2017-06-05,3.36,3.36,3.36,3.36,300
2017-06-06,3.36,3.36,3.36,3.36,0
2017-06-07,3.36,3.36,3.36,3.36,400
2017-06-08,3.36,3.36,3.36,3.36,0
2017-06-09,3.47,3.76,3.47,3.76,4900
2017-06-12,3.71,3.71,3.65,3.65,12000
2017-06-13,3.65,3.65,3.65,3.65,4400
2017-06-14,3.65,3.65,3.65,3.65,2100
2017-06-15,3.65,3.65,3.65,3.65,7400
2017-06-16,3.71,3.76,3.71,3.76,2000
2017-06-19,3.65,3.65,3.65,3.65,1500
2017-06-20,3.65,3.76,3.65,3.76,500
2017-06-21,3.76,3.76,3.76,3.76,1200
2017-06-22,3.76,3.76,3.76,3.76,0
2017-06-23,3.59,3.59,3.42,3.42,37000
2017-06-26,3.53,3.99,3.42,3.99,75500
2017-06-27,4.05,4.05,4.05,4.05,2500
2017-06-28,4.57,4.57,4.05,4.05,200
2017-06-29,4.34,4.34,4.34,4.34,3400
2017-06-30,4.34,4.34,4.34,4.34,0
2017-07-03,4.34,4.34,4.34,4.34,0
2017-07-04,4.34,4.34,4.34,4.34,100
2017-07-05,4.34,4.34,3.71,3.71,1700
2017-07-06,3.76,3.76,3.76,3.76,100
2017-07-07,3.76,3.76,3.47,3.47,4200
2017-07-10,3.42,3.42,3.42,3.42,16000
2017-07-11,3.42,3.47,3.42,3.42,12600
2017-07-12,3.42,3.42,3.42,3.42,200
2017-07-13,3.42,3.42,3.42,3.42,6900
2017-07-14,3.42,3.42,3.42,3.42,0
2017-07-17,3.42,3.47,3.42,3.47,7200
2017-07-18,3.76,3.99,3.76,3.82,1400
2017-07-19,3.82,3.82,3.82,3.82,0
2017-07-20,3.82,3.82,3.82,3.82,0
2017-07-21,3.47,3.53,3.47,3.53,1700
2017-07-24,3.53,3.53,3.53,3.53,400
2017-07-25,3.53,3.53,3.53,3.53,500
2017-07-26,3.76,3.76,3.76,3.76,100
2017-07-27,3.53,3.53,3.53,3.53,3300
2017-07-28,3.53,3.53,3.36,3.36,22800
2017-07-31,3.47,3.47,3.47,3.47,1500
2017-08-01,3.47,3.47,3.47,3.47,0
2017-08-02,3.88,3.88,3.88,3.88,100
2017-08-03,3.53,3.65,3.47,3.47,5400
2017-08-04,3.53,3.53,3.53,3.53,0
2017-08-07,3.47,3.47,3.47,3.47,2000
2017-08-08,3.76,3.76,3.65,3.65,4100
2017-08-09,4.23,4.23,3.65,3.65,5200
2017-08-10,3.59,3.59,3.59,3.59,600
2017-08-11,3.59,3.59,3.59,3.59,900
2017-08-14,4.05,4.05,4.05,4.05,200
2017-08-15,4.05,4.05,3.59,3.59,2000
2017-08-16,3.82,3.82,3.59,3.76,1400
2017-08-17,3.65,3.65,3.65,3.65,0
2017-08-18,3.71,3.71,3.65,3.65,10100
2017-08-21,3.94,3.94,3.94,3.94,100
2017-08-22,3.59,3.59,3.59,3.59,1000
2017-08-23,3.59,3.65,3.59,3.59,6800
2017-08-24,3.65,3.65,3.65,3.65,0
2017-08-25,3.65,3.65,3.59,3.59,4000
2017-08-28,3.65,3.65,3.65,3.65,2500
2017-08-29,3.65,3.65,3.65,3.65,0
2017-08-30,3.59,3.59,3.59,3.59,200
2017-08-31,3.71,3.71,3.71,3.71,2500
2017-09-01,3.71,3.71,3.71,3.71,3000
2017-09-05,3.71,3.71,3.71,3.71,3500
2017-09-06,4.05,4.05,4.05,4.05,100
2017-09-07,4.05,4.11,3.99,4.05,3200
2017-09-08,3.76,3.76,3.71,3.76,6200
2017-09-11,3.76,3.82,3.76,3.76,50800
2017-09-12,4.05,4.05,3.88,3.88,4400
2017-09-13,3.94,3.94,3.76,3.76,2900
2017-09-14,3.76,3.76,3.71,3.76,11100
2017-09-15,3.76,3.76,3.76,3.76,4400
2017-09-18,4.15,4.15,3.76,3.76,4500
2017-09-19,3.76,4.09,3.51,4.09,6100
2017-09-20,3.7,3.76,3.7,3.76,1100
2017-09-21,3.76,3.76,3.76,3.76,100
2017-09-22,3.64,3.76,3.64,3.76,1200
2017-09-25,3.83,3.83,3.76,3.83,12200
2017-09-26,3.89,3.89,3.89,3.89,22100
2017-09-27,3.83,3.96,3.64,3.89,7500
2017-09-28,3.7,4.35,3.7,4.22,27400
2017-09-29,4.41,4.67,4.41,4.67,64800
2017-10-02,4.87,4.87,4.22,4.22,7000
2017-10-03,4.22,4.22,4.09,4.09,43400
2017-10-04,4.09,4.35,3.76,4.22,36200
2017-10-05,3.96,3.96,3.89,3.89,27200
2017-10-06,3.76,3.83,3.76,3.83,8300
2017-10-09,3.83,3.89,3.76,3.89,36800
2017-10-10,3.89,3.89,3.76,3.76,30300
2017-10-11,3.83,3.89,3.7,3.89,39200
2017-10-12,3.89,3.89,3.89,3.89,100
2017-10-13,3.89,3.89,3.89,3.89,14600
2017-10-16,3.89,3.89,3.7,3.7,9600
2017-10-17,3.83,3.89,3.83,3.89,25800
2017-10-18,4.09,4.09,3.89,3.89,15200
2017-10-19,3.76,3.76,3.7,3.76,21000
2017-10-20,3.76,3.76,3.76,3.76,47200
2017-10-23,3.89,4.09,3.76,3.76,11200
2017-10-24,3.89,3.89,3.76,3.83,15300
2017-10-25,3.83,3.89,3.76,3.89,4700
2017-10-26,4.02,4.02,3.89,3.89,600
2017-10-27,3.89,3.89,3.76,3.76,7800
2017-10-30,3.76,3.76,3.76,3.76,27000
2017-10-31,3.89,3.89,3.76,3.89,1600
2017-11-01,3.83,3.83,3.83,3.83,200
2017-11-02,3.76,3.89,3.76,3.76,12700
2017-11-03,3.7,3.7,3.7,3.7,3400
2017-11-06,3.64,3.83,3.57,3.76,5700
2017-11-07,3.76,3.76,3.76,3.76,0
2017-11-08,3.76,3.76,3.76,3.76,100
2017-11-09,3.76,3.76,3.76,3.76,1500
2017-11-10,3.7,3.7,3.64,3.64,1200
2017-11-13,3.76,3.83,3.76,3.83,2900
2017-11-14,3.7,3.83,3.25,3.83,1900
2017-11-15,3.76,3.76,3.76,3.76,1800
2017-11-16,3.76,3.76,3.76,3.76,6100
2017-11-17,3.7,3.76,3.7,3.7,700
2017-11-20,3.7,3.7,3.7,3.7,0
2017-11-21,3.83,3.83,3.83,3.83,100
2017-11-22,3.76,3.83,3.76,3.76,15700
2017-11-23,3.57,3.57,3.57,3.57,3000
2017-11-24,3.76,3.76,3.64,3.64,6400
2017-11-27,3.76,3.83,3.7,3.76,14200
2017-11-28,3.7,3.76,3.7,3.76,300
2017-11-29,3.76,3.76,3.76,3.76,13700
2017-11-30,3.76,3.76,3.76,3.76,1000
2017-12-01,3.7,3.7,3.64,3.7,13000
2017-12-04,3.76,3.76,3.76,3.76,100
2017-12-05,3.64,3.64,3.64,3.64,8000
2017-12-06,3.64,3.64,3.64,3.64,5300
2017-12-07,3.64,3.64,3.57,3.57,13600
2017-12-08,3.76,3.76,3.76,3.76,100
2017-12-11,3.76,3.76,3.76,3.76,0
2017-12-12,3.76,3.76,3.57,3.57,1500
2017-12-13,3.76,3.76,3.7,3.7,2500
2017-12-14,3.76,3.76,3.76,3.76,2000
2017-12-15,3.83,3.83,3.83,3.83,100
2017-12-18,3.89,3.89,3.89,3.89,100
2017-12-19,3.7,3.83,3.7,3.83,2200
2017-12-20,3.76,3.76,3.7,3.7,2000
2017-12-21,3.7,3.7,3.7,3.7,0
2017-12-22,3.64,3.7,3.64,3.7,3000
2017-12-25,4.02,4.02,4.02,4.02,100
2017-12-26,4.02,4.02,4.02,4.02,0
2017-12-27,4.02,4.02,4.02,4.02,0
2017-12-28,3.64,4.02,3.64,4.02,8500
2017-12-29,3.89,3.89,3.89,3.89,200
2018-01-02,3.96,3.96,3.96,3.96,100
2018-01-03,4.02,4.02,3.96,4.02,1400
2018-01-04,3.76,3.76,3.76,3.76,300
2018-01-05,3.7,3.7,3.57,3.57,3300
2018-01-08,3.89,3.89,3.7,3.89,3100
2018-01-09,3.96,3.96,3.96,3.96,100
2018-01-10,3.96,3.96,3.96,3.96,0
2018-01-11,3.96,3.96,3.96,3.96,0
2018-01-12,3.96,3.96,3.96,3.96,2000
2018-01-15,4.02,4.02,4.02,4.02,100
2018-01-16,3.7,3.7,3.7,3.7,1500
2018-01-17,3.7,3.7,3.7,3.7,0
2018-01-18,3.89,3.89,3.89,3.89,100
2018-01-19,3.76,3.89,3.76,3.89,2200
2018-01-22,3.76,3.76,3.76,3.76,0
2018-01-23,3.64,3.7,3.64,3.64,7000
2018-01-24,3.7,3.7,3.7,3.7,500
2018-01-25,3.64,3.64,3.64,3.64,2000
2018-01-26,3.64,3.64,3.64,3.64,0
2018-01-29,3.64,3.96,3.51,3.89,33400
2018-01-30,3.89,3.89,3.89,3.89,100
2018-01-31,3.89,3.89,3.89,3.89,0
2018-02-01,3.89,3.89,3.89,3.89,0
2018-02-02,3.89,3.89,3.89,3.89,0
2018-02-05,3.89,3.96,3.89,3.96,2400
2018-02-06,3.83,3.89,3.83,3.89,1600
2018-02-07,3.89,3.89,3.89,3.89,2600
2018-02-08,3.89,3.89,3.89,3.89,0
2018-02-09,3.89,3.89,3.89,3.89,0
2018-02-12,3.89,3.89,3.89,3.89,0
2018-02-13,3.89,3.89,3.89,3.89,0
2018-02-21,3.89,3.89,3.89,3.89,0
2018-02-22,3.89,3.89,3.89,3.89,0
2018-02-23,3.57,3.57,3.57,3.57,400
2018-02-26,3.7,3.7,3.7,3.7,8000
2018-02-27,3.89,3.89,3.89,3.89,600
2018-02-28,3.7,3.7,3.64,3.64,5900
2018-03-01,3.64,3.64,3.64,3.64,0
2018-03-02,3.64,3.64,3.64,3.64,3500
2018-03-05,3.76,3.76,3.64,3.64,1800
2018-03-06,3.57,3.64,3.57,3.64,2000
2018-03-07,3.57,3.57,3.57,3.57,7100
2018-03-08,3.76,3.76,3.76,3.76,100
2018-03-09,3.76,3.76,3.76,3.76,0
2018-03-12,3.7,3.76,3.7,3.76,1500
2018-03-13,3.7,3.7,3.51,3.51,11700
2018-03-14,3.7,3.7,3.7,3.7,600
2018-03-15,3.83,3.83,3.83,3.83,100
2018-03-16,3.64,3.7,3.64,3.64,4400
2018-03-19,3.64,3.64,3.64,3.64,0
2018-03-20,3.76,3.76,3.76,3.76,18500
2018-03-21,3.76,3.76,3.76,3.76,7000
2018-03-22,3.7,3.7,3.7,3.7,10000
2018-03-23,3.7,3.7,3.7,3.7,0
2018-03-26,3.76,3.76,3.76,3.76,1000
2018-03-27,3.83,3.83,3.83,3.83,2100
2018-03-28,3.83,3.83,3.83,3.83,400
2018-03-29,3.57,3.57,3.57,3.57,600
2018-03-30,3.7,3.7,3.64,3.64,2300
2018-04-02,3.7,3.76,3.7,3.76,800
2018-04-03,3.83,3.83,3.64,3.76,4800
2018-04-04,3.64,3.64,3.64,3.64,1000
2018-04-05,3.83,3.83,3.83,3.83,100
2018-04-06,3.64,3.7,3.64,3.7,11000
2018-04-09,3.76,3.76,3.76,3.76,100
2018-04-10,3.76,3.83,3.76,3.83,21900
2018-04-11,3.76,3.76,3.76,3.76,0
2018-04-12,3.83,3.83,3.83,3.83,2000
2018-04-13,3.83,3.83,3.83,3.83,1000
2018-04-16,3.96,3.96,3.96,3.96,100
2018-04-17,3.96,3.96,3.96,3.96,0
2018-04-18,3.96,3.96,3.96,3.96,0
2018-04-19,3.76,3.76,3.7,3.7,400
2018-04-20,3.7,3.7,3.7,3.7,0
2018-04-23,3.83,3.83,3.83,3.83,100
2018-04-24,3.89,3.89,3.7,3.7,6500
2018-04-26,3.7,3.7,3.7,3.7,0
2018-04-27,3.7,3.7,3.7,3.7,0
2018-05-02,3.7,3.7,3.7,3.7,0
2018-05-03,3.83,3.83,3.83,3.83,100
2018-05-04,3.83,3.83,3.83,3.83,0
2018-05-07,4.35,4.35,3.89,3.89,3200
2018-05-08,3.7,3.7,3.7,3.7,1600
2018-05-09,3.83,3.83,3.83,3.83,100
2018-05-10,3.76,3.83,3.76,3.83,1000
2018-05-11,3.83,3.83,3.38,3.38,9100
2018-05-14,3.83,3.83,3.83,3.83,100
2018-05-15,3.89,3.89,3.89,3.89,100
2018-05-16,3.89,3.89,3.89,3.89,0
2018-05-17,3.89,3.89,3.89,3.89,0
2018-05-18,3.7,3.7,3.7,3.7,3300
2018-05-21,3.7,3.7,3.7,3.7,1100
2018-05-22,3.7,3.7,3.7,3.7,0
2018-05-23,3.7,3.7,3.7,3.7,0
2018-05-24,3.44,3.76,3.44,3.76,300
2018-05-25,3.64,3.64,3.64,3.64,0
2018-05-28,3.44,3.44,3.44,3.44,100
2018-05-29,3.89,3.89,3.51,3.83,500
2018-05-30,3.64,3.64,3.64,3.64,0
2018-05-31,3.64,3.64,3.64,3.64,0
2018-06-01,3.64,3.64,3.64,3.64,0
2018-06-04,3.64,3.64,3.64,3.64,500
2018-06-05,3.64,3.64,3.64,3.64,0
2018-06-06,3.64,3.64,3.64,3.64,0
2018-06-07,3.64,3.64,3.64,3.64,0
2018-06-08,3.7,3.7,3.7,3.7,700
2018-06-11,3.7,3.7,3.7,3.7,0
2018-06-12,3.7,3.7,3.7,3.7,0
2018-06-13,3.7,3.7,3.7,3.7,0
2018-06-14,3.7,3.7,3.7,3.7,0
2018-06-15,3.83,3.83,3.83,3.83,500
2018-06-18,3.83,3.83,3.83,3.83,0
2018-06-19,3.83,3.83,3.83,3.83,0
2018-06-20,3.83,3.83,3.83,3.83,0
2018-06-21,3.83,3.83,3.83,3.83,0
2018-06-22,3.83,3.83,3.83,3.83,0
2018-06-25,3.89,3.89,3.89,3.89,1800
2018-06-26,3.89,3.89,3.38,3.38,5100
2018-06-27,3.83,3.83,3.83,3.83,100
2018-06-28,3.83,3.83,3.83,3.83,0
2018-06-29,3.83,3.83,3.83,3.83,0
2018-07-02,3.83,3.83,3.83,3.83,0
2018-07-03,3.64,3.64,3.64,3.64,4000
2018-07-04,3.64,3.64,3.64,3.64,0
2018-07-05,3.64,3.64,3.64,3.64,0
2018-07-06,3.64,3.64,3.64,3.64,0
2018-07-09,3.64,3.64,3.64,3.64,0
2018-07-10,3.64,3.64,3.64,3.64,0
2018-07-11,3.38,3.38,3.38,3.38,1000
2018-07-12,3.57,3.57,3.57,3.57,800
2018-07-13,3.83,3.83,3.83,3.83,100
2018-07-16,3.83,3.83,3.83,3.83,0
2018-07-17,3.83,3.83,3.83,3.83,0
2018-07-18,3.83,3.83,3.83,3.83,0
2018-07-19,3.83,3.83,3.83,3.83,0
2018-07-20,3.83,3.83,3.83,3.83,0
2018-07-23,3.57,3.57,3.57,0.0,100
2018-07-24,3.83,3.83,3.83,3.83,0
2018-07-25,3.83,3.83,3.83,3.83,0
2018-07-26,3.83,3.83,3.83,3.83,0
2018-07-27,3.57,3.64,3.57,3.64,1100
2018-07-30,3.57,3.57,3.44,3.44,2400
2018-07-31,3.57,3.57,3.57,3.57,600
2018-08-01,3.57,3.57,3.57,3.57,0
2018-08-02,3.57,3.57,3.57,3.57,0
2018-08-03,3.57,3.57,3.57,3.57,0
2018-08-06,3.83,3.83,3.83,3.83,1000
2018-08-07,3.83,3.83,3.83,3.83,0
2018-08-08,3.83,3.83,3.83,3.83,0
2018-08-09,3.83,3.83,3.83,3.83,0
2018-08-10,3.83,3.83,3.83,3.83,0
2018-08-13,3.83,3.83,3.83,3.83,0
2018-08-14,3.83,3.83,3.83,3.83,0
2018-08-15,3.83,3.83,3.7,3.7,2500
2018-08-16,3.76,3.76,3.76,3.76,0
2018-08-17,3.7,3.7,3.7,3.7,3400
2018-08-20,3.7,3.7,3.7,3.7,0
2018-08-21,3.7,3.7,3.7,3.7,0
2018-08-22,3.7,3.7,3.7,3.7,0
2018-08-23,3.7,3.7,3.7,3.7,0
2018-08-24,3.7,3.76,3.7,3.76,1300
2018-08-27,3.7,3.7,3.7,3.7,0
2018-08-28,3.7,3.7,3.7,3.7,0
2018-08-29,3.7,3.7,3.7,3.7,0
2018-08-30,3.7,3.7,3.7,3.7,800
2018-08-31,3.7,3.7,3.7,3.7,0
2018-09-04,3.7,3.7,3.7,3.7,0
2018-09-05,3.7,3.7,3.7,3.7,0
2018-09-06,3.7,3.7,3.7,3.7,0
2018-09-07,3.7,3.7,3.7,3.7,0
2018-09-10,3.7,3.7,3.7,3.7,0
2018-09-11,3.7,3.7,3.7,3.7,0
2018-09-12,3.57,3.64,3.57,3.64,2300
2018-09-13,3.57,3.57,3.57,3.57,0
2018-09-14,3.57,3.57,3.57,3.57,0
2018-09-17,3.57,3.57,3.57,3.57,600
2018-09-18,3.57,3.57,3.57,3.57,1000
2018-09-19,3.64,3.64,3.64,3.64,400
2018-09-20,3.64,3.83,3.64,3.83,400
2018-09-21,3.76,3.76,3.76,3.76,0
2018-09-24,3.76,3.76,3.76,3.76,0
2018-09-25,3.76,3.76,3.76,3.76,0
2018-09-26,3.83,3.89,3.83,3.89,1000
2018-09-27,3.89,3.89,3.89,3.89,1000
2018-09-28,3.89,3.89,3.89,3.89,100
2018-10-01,3.89,3.89,3.89,3.89,0
2018-10-02,3.89,3.89,3.89,3.89,0
2018-10-03,3.89,3.89,3.89,3.89,0
2018-10-04,3.89,3.89,3.89,3.89,0
2018-10-05,3.89,3.89,3.89,3.89,0
2018-10-08,3.89,3.89,3.89,3.89,0
2018-10-09,3.89,3.89,3.89,3.89,0
2018-10-10,3.89,3.89,3.89,3.89,0
2018-10-11,3.89,3.89,3.89,3.89,0
2018-10-12,3.89,3.89,3.89,3.89,0
2018-10-15,3.89,3.89,3.89,3.89,0
2018-10-16,3.7,3.7,3.64,3.64,1900
2018-10-17,3.7,3.7,3.7,3.7,0
2018-10-18,3.7,3.7,3.7,3.7,1000
2018-10-19,3.7,3.7,3.7,3.7,0
2018-10-22,3.89,3.96,3.89,3.89,9600
2018-10-23,3.89,3.89,3.89,3.89,2000
2018-10-24,3.89,3.89,3.89,3.89,0
2018-10-25,3.89,4.02,3.76,3.83,15700
2018-10-26,3.89,3.89,3.89,3.89,0
2018-10-29,3.83,3.83,3.83,3.83,1500
2018-10-30,3.83,3.83,3.83,3.83,0
2018-10-31,3.83,3.83,3.83,3.83,2000
2018-11-01,4.2,4.2,4.05,4.05,4700
2018-11-02,4.05,4.05,4.05,4.05,100
2018-11-05,4.05,4.05,4.05,4.05,0
2018-11-06,3.98,4.05,3.54,3.54,5000
2018-11-07,3.83,3.83,3.68,3.68,4200
2018-11-08,3.54,3.54,3.54,3.54,7000
2018-11-09,3.54,3.9,3.54,3.54,7600
2018-11-12,3.54,3.54,3.54,3.54,0
2018-11-13,3.68,3.9,3.54,3.9,2100
2018-11-14,3.68,3.68,3.68,3.68,100
2018-11-15,3.68,3.68,3.54,3.54,4300
2018-11-16,3.54,3.54,3.54,3.54,0
2018-11-19,3.46,3.68,3.46,3.46,13600
2018-11-20,3.68,3.68,3.68,3.68,200
2018-11-21,3.46,3.46,3.46,3.46,3600
2018-11-22,3.46,3.46,3.46,3.46,4400
2018-11-23,3.46,3.46,3.46,3.46,0
2018-11-26,3.76,3.76,3.76,3.76,600
2018-11-27,3.76,3.76,3.76,3.76,0
2018-11-28,3.68,3.68,3.68,3.68,300
2018-11-29,3.61,3.61,3.61,3.61,5000
2018-11-30,3.61,3.76,3.61,3.68,38700
2018-12-03,3.68,3.68,3.68,3.68,0
2018-12-04,3.61,3.61,3.61,3.61,1000
2018-12-05,3.61,3.83,3.61,3.83,13600
2018-12-06,4.12,4.12,4.12,4.12,100
2018-12-07,4.12,4.12,4.12,4.12,0
2018-12-10,4.12,4.12,4.12,4.12,0
2018-12-11,4.12,4.12,4.12,4.12,0
2018-12-12,4.12,4.12,4.12,4.12,0
2018-12-13,4.12,4.12,4.12,4.12,0
2018-12-14,4.12,4.12,4.12,4.12,0
2018-12-17,4.12,4.12,4.12,4.12,0
2018-12-18,3.68,3.68,3.68,3.68,2900
2018-12-19,3.68,3.68,3.68,3.68,0
2018-12-20,3.68,3.68,3.68,3.68,0
2018-12-21,3.68,3.68,3.68,3.68,0
2018-12-24,3.68,3.68,3.68,3.68,0
2018-12-25,3.68,3.68,3.68,3.68,0
2018-12-26,3.68,3.68,3.68,3.68,0
2018-12-27,3.83,3.83,3.83,3.83,1000
2018-12-28,3.83,3.83,3.83,3.83,0
2019-01-02,3.83,3.83,3.83,3.83,0
2019-01-03,3.83,3.83,3.83,3.83,0
2019-01-04,3.54,3.54,3.39,3.39,2000
2019-01-07,3.54,3.54,3.54,3.54,1200
2019-01-08,3.54,3.54,3.54,3.54,0
2019-01-09,3.98,3.98,3.98,3.98,1100
2019-01-10,3.98,3.98,3.98,3.98,0
2019-01-11,3.83,3.83,3.76,3.76,6200
2019-01-14,3.68,3.83,3.68,3.83,4000
2019-01-15,3.76,3.83,3.83,3.83,0
2019-01-16,3.68,3.68,3.68,3.68,1000
2019-01-17,3.68,3.68,3.61,3.61,2000
2019-01-18,3.68,3.61,3.61,3.61,0
2019-01-21,3.68,3.61,3.61,3.61,0
2019-01-22,3.68,3.61,3.61,3.61,0
2019-01-23,3.68,3.68,3.68,3.68,4900
2019-01-24,3.68,3.68,3.68,3.68,0
2019-01-25,3.68,3.68,3.68,3.68,0
2019-01-28,3.68,3.68,3.68,3.68,0
2019-01-29,3.46,3.46,3.17,3.17,2000
2019-01-30,3.76,3.76,3.76,3.76,100
2019-01-31,3.76,3.76,3.76,3.76,0
2019-02-01,3.68,3.68,3.68,3.68,1400
2019-02-11,3.68,3.68,3.68,3.68,0
2019-02-12,3.68,3.68,3.68,3.68,0
2019-02-13,3.68,3.68,3.68,3.68,0
2019-02-14,3.68,3.68,3.68,3.68,0
2019-02-15,3.76,3.76,3.76,3.76,100
2019-02-18,3.76,3.76,3.76,3.76,0
2019-02-19,3.76,3.76,3.76,3.76,0
2019-02-20,3.76,3.76,3.76,3.76,0
2019-02-21,3.76,3.76,3.76,3.76,0
2019-02-22,3.76,3.76,3.76,3.76,0
2019-02-25,3.76,3.76,3.76,3.76,0
2019-02-26,3.76,3.76,3.76,3.76,0
2019-02-27,3.76,3.76,3.76,3.76,1000
2019-02-28,3.76,3.76,3.76,3.76,0
2019-03-01,3.68,3.68,3.68,3.68,400
2019-03-04,3.68,3.68,3.68,3.68,0
2019-03-05,3.68,3.68,3.68,3.68,0
2019-03-06,3.68,3.68,3.68,3.68,0
2019-03-07,3.68,3.76,3.68,3.68,3100
2019-03-08,3.83,3.83,3.76,3.76,1100
2019-03-11,3.76,3.76,3.76,3.76,4000
2019-03-12,3.76,3.76,3.76,3.76,2000
2019-03-13,3.76,3.76,3.76,3.76,900
2019-03-14,3.9,3.9,3.83,3.83,1700
2019-03-15,3.83,3.83,3.83,3.83,6700
2019-03-18,3.83,3.83,3.83,3.83,0
2019-03-19,3.83,3.83,3.83,3.83,100
2019-03-20,3.83,3.83,3.83,3.83,0
2019-03-21,3.83,3.83,3.83,3.83,0
2019-03-22,3.83,3.83,3.83,3.83,900
2019-03-25,3.83,3.83,3.83,3.83,0
2019-03-26,3.83,3.83,3.83,3.83,0
2019-03-27,3.98,3.98,3.98,3.98,100
2019-03-28,3.98,3.98,3.98,3.98,0
2019-03-29,3.98,3.98,3.98,3.98,0
2019-04-01,3.98,3.98,3.98,3.98,100
2019-04-02,3.98,3.98,3.98,3.98,0
2019-04-03,3.98,3.98,3.98,3.98,0
2019-04-04,3.98,3.98,3.98,3.98,0
2019-04-05,3.76,3.76,3.76,3.76,1000
2019-04-08,3.76,3.76,3.76,3.76,0
2019-04-09,3.98,3.98,3.98,3.98,200
2019-04-10,3.98,3.98,3.98,3.98,0
2019-04-11,3.98,3.98,3.98,3.98,0
2019-04-12,3.76,3.76,3.76,3.76,1500
2019-04-16,3.76,3.76,3.76,3.76,0
2019-04-17,3.98,3.98,3.98,3.98,1200
2019-04-18,4.05,4.05,4.05,4.05,1200
2019-04-19,4.05,4.05,4.05,4.05,0
2019-04-22,4.05,4.05,4.05,4.05,0
2019-04-23,4.05,4.05,4.05,4.05,0
2019-04-24,3.9,3.9,3.68,3.68,8100
2019-04-25,3.76,3.83,3.76,3.83,9000
2019-04-26,3.83,3.83,3.83,3.83,2500
2019-05-02,3.83,3.83,3.83,3.83,2200
2019-05-03,3.83,3.83,3.83,3.83,0
2019-05-06,3.83,3.83,3.83,3.83,2500
2019-05-07,3.83,3.83,3.83,3.83,1800
2019-05-08,3.83,3.83,3.83,3.83,0
2019-05-09,3.83,3.83,3.83,3.83,5500
2019-05-10,3.83,3.83,3.83,3.83,0
2019-05-13,3.83,3.83,3.76,3.76,4100
2019-05-14,3.76,3.76,3.76,3.76,6000
2019-05-15,3.76,3.76,3.76,3.76,5000
2019-05-16,3.76,3.76,3.76,3.76,0
2019-05-17,3.76,3.76,3.76,3.76,0
2019-05-20,3.76,3.76,3.76,3.76,5300
2019-05-21,3.76,3.76,3.76,3.76,0
2019-05-22,3.68,3.68,3.68,3.68,100
2019-05-23,3.68,3.68,3.68,3.68,0
2019-05-24,3.68,3.68,3.68,3.68,0
2019-05-27,3.68,3.68,3.68,3.68,0
2019-05-28,3.68,3.68,3.68,3.68,0
2019-05-29,3.76,3.76,3.76,3.76,1000
2019-05-30,3.76,3.76,3.76,3.76,0
2019-05-31,3.76,3.76,3.76,3.76,0
2019-06-03,3.76,3.76,3.76,3.76,5600
2019-06-04,3.76,3.76,3.76,3.76,0
2019-06-05,3.76,3.76,3.76,3.76,0
2019-06-06,3.76,3.76,3.76,3.76,0
2019-06-07,3.76,3.76,3.68,3.68,15800
2019-06-10,3.76,3.76,3.76,3.76,2900
2019-06-11,3.76,3.76,3.76,3.76,11700
2019-06-12,3.76,3.76,3.76,3.76,0
2019-06-13,3.76,3.76,3.76,3.76,5000
2019-06-14,3.76,3.76,3.76,3.76,2400
2019-06-17,3.76,3.76,3.76,3.76,0
2019-06-18,3.76,3.76,3.76,3.76,0
2019-06-19,3.76,3.76,3.76,3.76,0
2019-06-20,3.76,3.76,3.76,3.76,0
2019-06-21,3.83,3.83,3.83,3.83,3000
2019-06-24,3.83,3.83,3.83,3.83,100
2019-06-25,3.83,3.83,3.83,3.83,800
2019-06-26,3.83,3.83,3.83,3.83,0
2019-06-27,3.83,3.83,3.83,3.83,0
2019-06-28,3.83,3.83,3.83,3.83,0
2019-07-01,3.83,3.83,3.83,3.83,0
2019-07-02,3.76,3.76,3.76,3.76,1000
2019-07-03,3.76,3.76,3.76,3.76,0
2019-07-04,3.76,3.76,3.76,3.76,0
2019-07-05,3.76,3.76,3.76,3.76,0
2019-07-08,3.76,3.76,3.76,3.76,0
2019-07-09,3.76,3.76,3.76,3.76,0
2019-07-10,4.05,4.05,4.05,4.05,100
2019-07-11,4.12,4.12,4.12,4.12,100
2019-07-12,4.12,4.12,4.12,4.12,0
2019-07-15,3.83,3.83,3.76,3.76,5000
2019-07-16,3.76,3.83,3.76,3.83,11000
2019-07-17,3.76,3.83,3.83,3.83,0
2019-07-18,3.76,3.83,3.83,3.83,0
2019-07-19,3.76,3.83,3.83,3.83,0
2019-07-22,4.05,4.12,3.9,4.05,23400
2019-07-23,4.05,4.05,4.05,4.05,0
2019-07-24,4.12,4.12,4.12,4.12,1100
2019-07-25,4.12,4.12,4.12,4.12,1900
2019-07-26,4.05,4.05,3.98,3.98,1380
2019-07-29,3.83,3.98,3.83,3.98,1100
2019-07-30,3.98,3.98,3.76,3.98,6600
2019-07-31,3.98,3.98,3.98,3.98,100
2019-08-01,3.76,3.76,3.76,3.76,7900
2019-08-02,3.76,3.76,3.76,3.76,500
2019-08-05,3.76,3.76,3.76,3.76,100
2019-08-06,4.05,4.05,3.83,3.83,500
2019-08-07,4.05,4.05,3.83,3.83,500
2019-08-08,3.9,3.83,3.83,3.83,0
2019-08-09,3.9,3.83,3.83,3.83,0
2019-08-12,3.76,4.05,3.68,4.05,6300
2019-08-13,3.76,3.76,3.76,4.05,40
2019-08-14,3.76,4.05,4.05,4.05,0
2019-08-15,3.9,3.9,3.9,3.9,200
2019-08-16,3.9,3.9,3.9,3.9,0
2019-08-19,3.9,3.9,3.9,3.9,20
2019-08-20,3.9,3.9,3.9,3.9,0
2019-08-21,3.9,3.9,3.9,3.9,0
2019-08-22,3.9,3.9,3.9,3.9,0
2019-08-23,3.9,3.9,3.9,3.9,40
2019-08-26,3.9,3.9,3.9,3.9,0
2019-08-27,3.98,4.05,3.9,3.9,2700
2019-08-28,4.42,4.42,4.12,4.12,500
2019-08-29,4.12,4.27,4.12,4.27,2300
2019-08-30,4.12,4.12,4.12,4.12,100
2019-09-03,4.12,4.12,4.12,4.12,100
2019-09-04,4.12,4.12,4.12,4.12,0
2019-09-05,4.12,4.12,4.12,4.12,0
2019-09-06,4.12,4.12,4.12,4.12,0
2019-09-09,4.12,4.12,4.12,4.12,0
2019-09-10,4.2,4.2,4.2,4.2,100
2019-09-11,4.2,4.2,4.2,4.2,0
2019-09-12,4.2,4.2,4.2,4.2,0
2019-09-13,4.2,4.2,4.2,4.2,0
2019-09-16,4.12,4.12,4.12,4.12,200
2019-09-17,4.12,4.12,4.12,4.12,0
2019-09-18,4.12,4.12,4.12,4.12,0
2019-09-19,4.12,4.12,4.12,4.12,0
2019-09-20,4.12,4.12,4.12,4.12,0
2019-09-23,4.12,4.12,4.12,4.12,0
2019-09-24,3.83,3.9,3.76,3.9,3000
2019-09-25,3.98,3.98,3.76,3.76,300
2019-09-26,3.83,3.76,3.76,3.76,0
2019-09-27,3.83,3.76,3.76,3.76,0
2019-09-30,3.68,3.76,3.61,3.76,6100
2019-10-01,3.9,3.9,3.68,3.68,1240
2019-10-02,3.76,3.68,3.68,3.68,0
2019-10-03,3.76,3.68,3.68,3.68,0
2019-10-04,3.76,3.76,3.76,3.76,7800
2019-10-07,3.76,3.76,3.76,3.76,0
2019-10-08,3.76,3.76,3.76,3.76,500
2019-10-09,3.76,3.76,3.76,3.76,0
2019-10-10,3.76,3.76,3.76,3.76,0
2019-10-11,3.76,3.76,3.76,3.76,0
2019-10-14,3.76,3.76,3.76,3.76,0
2019-10-15,3.76,3.76,3.76,3.76,0
2019-10-16,3.76,3.76,3.76,3.76,0
2019-10-17,3.76,3.76,3.76,3.76,0
2019-10-18,3.98,3.98,3.98,3.98,2000
2019-10-21,4.12,4.12,4.12,4.12,100
2019-10-22,4.12,4.12,4.12,4.12,300
2019-10-23,4.12,4.12,4.12,4.12,3000
2019-10-24,3.98,3.98,3.98,3.98,3000
2019-10-25,3.98,3.98,3.98,3.98,900
2019-10-28,3.98,4.12,3.98,4.12,8900
2019-10-29,4.12,4.12,4.05,4.12,4400
2019-10-30,4.12,4.12,3.9,3.9,1100
2019-10-31,4.05,4.05,3.98,3.9,200
2019-11-01,3.9,3.98,3.83,3.98,3500
2019-11-04,3.9,4.05,3.9,4.05,10500
2019-11-05,4.32,4.57,4.23,4.57,6800
2019-11-06,4.4,4.57,4.57,4.57,0
2019-11-07,4.49,4.49,4.49,4.49,200
2019-11-08,4.49,4.49,4.49,4.49,0
2019-11-11,4.57,4.57,4.57,4.57,100
2019-11-12,4.57,4.57,4.57,4.57,600
2019-11-13,4.23,4.23,4.23,4.23,200
2019-11-14,4.23,4.23,4.23,4.23,0
2019-11-15,4.23,4.23,4.23,4.23,0
2019-11-18,4.23,4.23,4.23,4.23,1000
2019-11-19,4.23,4.23,4.23,4.23,0
2019-11-20,4.23,4.23,4.23,4.23,0
2019-11-21,3.81,4.4,3.81,4.4,1900
2019-11-22,4.23,4.23,4.23,4.23,500
2019-11-25,4.23,4.23,4.23,4.23,0
2019-11-26,4.06,4.15,4.06,4.06,400
2019-11-27,4.15,4.15,4.15,4.15,900
2019-11-28,4.15,4.15,4.15,4.15,0
2019-11-29,4.15,4.15,4.15,4.15,0
2019-12-02,4.23,4.23,4.15,4.15,1500
2019-12-03,4.15,4.15,4.15,4.15,0
2019-12-04,4.15,4.15,4.15,4.15,200
2019-12-05,4.15,4.15,4.15,4.15,100
2019-12-06,4.15,4.23,4.15,4.15,800
2019-12-09,4.15,4.15,4.15,4.15,500
2019-12-10,4.15,4.15,4.15,4.15,500
2019-12-11,4.15,4.15,4.15,4.15,0
2019-12-12,4.15,4.15,4.15,4.15,0
2019-12-13,4.15,4.15,4.15,4.15,0
2019-12-16,4.15,4.15,4.15,4.15,0
2019-12-17,4.15,4.15,4.15,4.15,0
2019-12-18,4.15,4.15,4.15,4.15,0
2019-12-19,4.15,4.15,4.15,4.15,0
2019-12-20,4.15,4.15,4.15,4.15,0
2019-12-23,4.15,4.15,4.15,4.15,0
2019-12-24,4.15,4.15,4.15,4.15,0
2019-12-25,4.15,4.15,4.15,4.15,0
2019-12-26,4.15,4.15,4.15,4.15,300
2019-12-27,4.15,4.15,4.15,4.15,0
2019-12-30,4.15,4.15,4.15,4.15,0
2019-12-31,4.15,4.15,4.15,4.15,0
2020-01-02,4.15,4.15,4.15,4.15,0
2020-01-03,4.15,4.15,4.15,4.15,0
2020-01-06,4.15,4.15,4.15,4.15,0
2020-01-07,4.15,4.15,4.15,4.15,0
2020-01-08,4.15,4.15,4.15,4.15,0
2020-01-09,3.89,3.89,3.89,3.89,5300
2020-01-10,3.89,3.89,3.89,3.89,100
2020-01-13,3.89,3.89,3.89,3.89,0
2020-01-14,3.89,3.89,3.89,3.89,0
2020-01-15,3.89,3.89,3.89,3.89,0
2020-01-16,3.89,3.89,3.89,3.89,0
2020-01-17,4.06,4.23,4.06,4.23,500
2020-01-20,4.23,4.23,4.23,4.23,0
2020-01-21,4.23,4.23,4.23,4.23,0
2020-01-22,4.23,4.23,4.23,4.23,0
2020-01-30,4.23,4.23,4.23,4.23,0
2020-01-31,4.23,4.23,4.23,4.23,0
2020-02-03,4.23,4.23,4.23,4.23,0
2020-02-04,4.32,4.32,4.32,4.32,100
2020-02-05,4.32,4.32,4.32,4.32,0
2020-02-06,4.32,4.32,4.32,4.32,0
2020-02-07,4.15,4.23,4.06,4.23,2600
2020-02-10,4.15,4.15,4.15,4.15,2000
2020-02-11,4.15,4.15,4.15,4.15,0
2020-02-12,4.15,4.15,4.15,4.15,0
2020-02-13,4.15,4.15,4.15,4.15,0
2020-02-14,4.23,4.23,4.23,4.23,100
2020-02-17,4.23,4.23,4.23,4.23,0
2020-02-18,4.23,4.23,4.23,4.23,0
2020-02-19,4.23,4.23,4.23,4.23,0
2020-02-20,4.23,4.23,4.23,4.23,0
2020-02-21,4.23,4.23,4.23,4.23,0
2020-02-24,4.23,4.23,4.23,4.23,0
2020-02-25,4.23,4.23,4.23,4.23,0
2020-02-26,4.82,4.82,4.82,4.82,100
2020-02-27,4.82,4.82,4.82,4.82,0
2020-02-28,4.82,4.82,4.82,4.82,0
2020-03-02,4.82,4.82,4.82,4.82,0
2020-03-03,4.82,4.82,4.82,4.82,0
2020-03-04,5.5,5.5,4.57,4.57,200
2020-03-05,5.08,4.57,4.57,4.57,0
2020-03-06,5.08,4.57,4.57,4.57,0
2020-03-09,5.08,4.57,4.57,4.57,0
2020-03-10,5.08,4.57,4.57,4.57,0
2020-03-11,4.32,4.32,4.32,4.32,1500
2020-03-12,4.32,4.32,4.32,4.32,0
2020-03-13,4.32,4.32,4.32,4.32,0
2020-03-16,4.32,4.32,4.32,4.32,0
2020-03-17,4.32,4.32,4.32,4.32,600
2020-03-18,4.4,4.4,4.23,4.23,3100
2020-03-19,4.32,4.23,4.23,4.23,0
2020-03-20,4.23,4.23,4.23,4.23,200
2020-03-23,4.23,4.23,4.23,4.23,0
2020-03-24,4.23,4.23,4.23,4.23,0
2020-03-25,4.23,4.23,4.23,4.23,0
2020-03-26,3.81,3.81,3.81,3.81,4000
2020-03-27,4.32,4.32,4.32,4.32,100
2020-03-30,3.81,3.81,3.81,3.81,300
2020-03-31,3.81,3.81,3.81,3.81,100
2020-04-01,4.32,4.32,4.32,4.32,100
2020-04-03,3.81,3.81,3.81,3.81,200
2020-04-06,3.81,3.81,3.81,3.81,1500
2020-04-07,3.81,3.81,3.81,3.81,0
2020-04-08,3.81,3.81,3.81,3.81,0
2020-04-09,3.55,3.55,3.55,3.55,100
2020-04-10,3.55,3.55,3.47,3.55,22400
2020-04-13,3.81,3.81,3.55,3.55,6500
2020-04-14,3.81,3.98,3.81,3.81,1700
2020-04-15,3.81,3.81,3.81,3.81,0
2020-04-16,3.81,3.81,3.81,3.81,0
2020-04-17,3.98,3.98,3.98,3.98,400
2020-04-20,3.89,3.89,3.89,3.89,1900
2020-04-21,3.89,3.89,3.89,3.89,0
2020-04-22,3.89,3.89,3.89,3.89,0
2020-04-23,3.89,3.89,3.89,3.89,0
2020-04-24,3.89,3.89,3.89,3.89,700
2020-04-27,3.89,3.89,3.89,3.89,0
2020-04-28,3.89,3.89,3.89,3.89,0
2020-04-29,3.98,3.98,3.89,3.89,1300
2020-05-04,3.89,3.89,3.89,3.89,0
2020-05-05,3.89,3.89,3.89,3.89,0
2020-05-06,3.38,4.15,3.38,4.15,400
2020-05-07,3.89,3.89,3.89,3.89,100
2020-05-08,4.06,4.06,4.06,4.06,100
2020-05-11,4.06,4.06,4.06,4.06,0
2020-05-12,4.06,4.06,4.06,4.06,0
2020-05-13,4.06,4.06,4.06,4.06,0
2020-05-14,3.89,3.89,3.89,3.89,700
2020-05-15,3.89,3.89,3.89,3.89,0
2020-05-18,3.89,3.89,3.89,3.89,0
2020-05-19,3.89,3.89,3.89,3.89,0
2020-05-20,3.89,3.89,3.89,3.89,0
2020-05-21,3.89,3.89,3.89,3.89,0
2020-05-22,3.89,3.89,3.89,3.89,0
2020-05-25,3.89,3.89,3.89,3.89,0
2020-05-26,3.89,3.89,3.89,3.89,0
2020-05-27,3.89,3.89,3.89,3.89,300
2020-05-28,3.89,3.89,3.89,3.89,0
2020-05-29,4.06,4.06,4.06,4.06,100
2020-06-01,3.98,3.98,3.98,3.98,500
2020-06-02,3.98,3.98,3.98,3.98,0
2020-06-03,3.64,3.64,3.64,3.64,2000
2020-06-04,3.89,3.89,3.89,3.89,1300
2020-06-05,3.89,3.89,3.89,3.89,0
2020-06-08,3.89,3.89,3.89,3.89,0
2020-06-09,3.89,3.89,3.89,3.89,0
2020-06-10,3.89,3.89,3.89,3.89,0
2020-06-11,3.81,3.89,3.81,3.89,1200
2020-06-12,3.89,3.89,3.89,3.89,0
2020-06-15,3.81,3.81,3.81,3.81,1300
2020-06-16,3.81,3.81,3.81,3.81,1000
2020-06-17,3.64,3.64,3.64,3.64,3000
2020-06-18,3.64,3.64,3.64,3.64,0
2020-06-19,3.64,3.64,3.64,3.64,0
2020-06-22,3.64,3.64,3.13,3.38,6100
2020-06-23,3.64,3.64,3.38,3.38,14200
2020-06-24,3.47,3.47,3.22,3.22,12600
2020-06-25,3.47,3.47,3.22,3.22,2200
2020-06-26,3.13,3.38,3.05,3.38,5400
2020-06-29,3.38,3.38,3.22,3.3,7400
2020-06-30,3.22,3.3,3.3,3.3,0
2020-07-01,3.22,3.3,3.3,3.3,0
2020-07-02,3.22,3.22,3.22,3.22,100
2020-07-03,3.22,3.22,3.22,3.22,0
2020-07-06,3.22,3.22,3.22,3.22,0
2020-07-07,3.22,3.22,3.22,3.22,0
2020-07-08,3.22,3.22,3.22,3.22,0
2020-07-09,3.22,3.22,3.22,3.22,7300
2020-07-10,3.05,3.22,3.05,3.22,7800
2020-07-13,3.05,3.22,3.22,3.22,0
2020-07-14,2.96,3.05,2.96,3.05,600
2020-07-15,2.96,3.05,3.05,3.05,0
2020-07-16,3.13,3.22,3.13,3.22,3100
2020-07-17,3.22,3.22,3.22,3.22,0
2020-07-20,3.13,3.13,2.96,2.96,10300
2020-07-21,3.05,2.96,2.96,2.96,0
2020-07-22,3.38,3.38,3.38,3.38,100
2020-07-23,3.38,3.38,3.38,3.38,0
2020-07-24,3.3,3.3,2.96,2.96,1600
2020-07-27,2.96,2.96,2.96,2.96,0
2020-07-28,2.96,2.96,2.96,2.96,0
2020-07-29,2.96,2.96,2.96,2.96,0
2020-07-30,3.38,3.38,3.38,3.38,100
2020-07-31,3.38,3.38,3.38,3.38,0
2020-08-03,3.38,3.38,3.38,3.38,0
2020-08-04,3.38,3.38,3.38,3.38,0
2020-08-05,3.38,3.38,3.38,3.38,0
2020-08-06,3.38,3.38,3.38,3.38,0
2020-08-07,3.38,3.38,3.38,3.38,0
2020-08-10,3.38,3.38,3.38,3.38,0
2020-08-11,3.38,3.38,3.38,3.38,0
2020-08-12,3.38,3.38,3.38,3.38,0
2020-08-13,3.22,3.22,2.88,2.88,7100
2020-08-14,2.88,2.88,2.88,2.88,0
2020-08-17,3.13,3.13,3.13,3.13,100
2020-08-18,3.13,3.13,3.13,3.13,0
2020-08-19,3.22,3.22,3.22,3.22,1900
2020-08-20,3.22,3.22,3.22,3.22,0
2020-08-21,3.22,3.22,3.22,3.22,0
2020-08-24,2.88,2.88,2.88,2.88,900
2020-08-25,2.88,2.88,2.88,2.88,0
2020-08-26,2.88,2.88,2.88,2.88,0
2020-08-27,2.96,2.96,2.96,2.96,100
2020-08-28,2.96,2.96,2.88,2.88,1200
2020-08-31,2.88,2.88,2.88,2.88,0
2020-09-01,2.88,2.88,2.88,2.88,0
2020-09-03,2.88,2.88,2.88,2.88,0
2020-09-04,2.88,2.88,2.88,2.88,0
2020-09-07,2.88,2.88,2.88,2.88,7000
2020-09-08,2.96,2.96,2.96,2.96,3000
2020-09-09,2.96,2.96,2.96,2.96,0
2020-09-10,2.88,3.05,2.88,3.05,2100
2020-09-11,3.05,3.05,3.05,3.05,400
2020-09-14,3.05,3.05,3.05,3.05,1900
2020-09-15,3.05,3.13,3.05,3.05,2300
2020-09-16,3.05,3.05,3.05,3.05,7200
2020-09-17,3.05,3.05,3.05,3.05,0
2020-09-18,3.05,3.05,3.05,3.05,1100
2020-09-21,2.88,2.96,2.88,2.96,1600
2020-09-22,2.88,2.96,2.96,2.96,0
2020-09-23,2.96,2.96,2.96,2.96,500
2020-09-24,3.05,3.05,3.05,3.05,2000
2020-09-25,3.05,3.05,3.05,3.05,0
2020-09-28,3.05,3.05,3.05,3.05,0
2020-09-29,3.05,3.05,3.05,3.05,0
2020-09-30,3.05,3.05,3.05,3.05,4000
2020-10-01,3.05,3.05,3.05,3.05,200
2020-10-02,3.05,3.05,3.05,3.05,1500
2020-10-05,2.79,2.79,2.62,2.62,3800
2020-10-06,2.71,2.62,2.62,2.62,0
2020-10-07,2.71,2.62,2.62,2.62,0
2020-10-08,3.05,3.05,2.88,2.88,2500
2020-10-09,2.96,2.96,2.96,2.96,8400
2020-10-12,2.96,2.96,2.96,2.96,0
2020-10-13,2.88,2.88,2.88,2.88,3000
2020-10-14,2.88,2.88,2.88,2.88,0
2020-10-15,2.88,2.88,2.88,2.88,0
2020-10-16,2.88,2.88,2.88,2.88,0
2020-10-19,2.88,2.88,2.88,2.88,0
2020-10-20,2.88,2.88,2.88,2.88,0
2020-10-21,2.96,2.96,2.96,2.96,300
2020-10-22,3.05,3.05,2.71,2.71,4100
2020-10-23,2.71,2.71,2.71,2.71,0
2020-10-26,2.71,2.71,2.71,2.71,0
2020-10-27,2.79,2.79,2.79,2.79,200
2020-10-28,2.79,2.79,2.79,2.79,1200
2020-10-29,2.79,2.79,2.79,2.79,0
2020-10-30,2.79,2.79,2.79,2.79,500
2020-11-02,2.79,2.79,2.79,2.79,1500
2020-11-03,2.79,2.79,2.79,2.79,0
2020-11-04,2.54,2.54,2.54,2.54,600
2020-11-05,2.88,2.88,2.88,2.88,3500
2020-11-06,2.88,2.88,2.88,2.88,0
2020-11-09,2.88,2.88,2.88,2.88,0
2020-11-10,2.88,2.88,2.88,2.88,1000
2020-11-11,2.88,2.88,2.88,2.88,0
2020-11-12,2.71,2.71,2.71,2.71,100
2020-11-13,2.54,2.71,2.54,2.71,9200
2020-11-16,2.71,2.71,2.71,2.71,12300
2020-11-17,2.71,2.71,2.71,2.71,0
2020-11-18,2.71,2.71,2.71,2.71,16000
2020-11-19,2.71,2.79,2.71,2.71,10100
2020-11-20,2.71,2.71,2.71,2.71,5300
2020-11-23,2.71,2.71,2.71,2.71,0
2020-11-24,2.71,2.71,2.71,2.71,0
2020-11-25,2.79,2.88,2.79,2.88,8500
2020-11-26,2.96,2.96,2.88,2.88,2200
2020-11-27,2.96,2.96,2.96,2.96,1400
2020-11-30,2.96,2.96,2.96,2.96,100
2020-12-01,3.13,3.22,3.13,3.22,1100
2020-12-02,3.3,3.3,3.3,3.3,3700
2020-12-03,3.22,3.22,3.22,3.22,19200
2020-12-04,3.22,3.22,3.22,3.22,300
2020-12-07,3.22,3.22,3.22,3.22,26900
2020-12-08,3.3,3.38,3.22,3.22,5400
2020-12-09,3.38,3.38,3.3,3.3,1200
2020-12-10,3.47,3.47,3.47,3.47,100
2020-12-11,3.47,3.47,3.47,3.47,100
2020-12-14,3.47,3.47,3.47,3.47,550
2020-12-15,3.47,3.47,3.47,3.47,0
2020-12-16,3.47,3.47,3.47,3.47,0
2020-12-17,3.47,3.47,3.38,3.38,5300
2020-12-18,3.38,3.38,3.38,3.38,0
2020-12-21,3.89,3.89,3.89,3.89,100
2020-12-22,3.55,3.55,3.55,3.55,1300
2020-12-23,3.55,3.55,3.55,3.55,1600
2020-12-24,3.55,3.55,3.55,3.55,0
2020-12-25,3.22,3.64,3.05,3.64,11800
2020-12-28,3.22,3.3,3.22,3.22,12250
2020-12-29,3.22,3.22,3.22,3.22,0
2020-12-30,3.22,3.22,3.22,3.22,0
2020-12-31,3.05,3.05,2.96,2.96,500
2021-01-04,3.22,3.22,3.22,3.22,100
2021-01-05,3.22,3.22,3.22,3.22,1500
2021-01-06,3.22,3.22,3.22,3.22,6100
2021-01-07,3.3,3.3,3.22,3.22,25600
2021-01-08,3.3,3.3,3.3,3.3,900
2021-01-11,3.3,3.3,3.3,3.3,0
2021-01-12,3.3,3.3,3.3,3.3,0
2021-01-13,3.3,3.3,3.3,3.3,0
2021-01-14,3.3,3.3,3.3,3.3,0
2021-01-15,3.38,3.38,3.38,3.38,3200
2021-01-18,3.55,3.89,3.55,3.81,5400
2021-01-19,4.06,4.06,3.72,3.72,4100
2021-01-20,3.72,3.72,3.72,3.72,500
2021-01-21,3.72,3.72,3.72,3.72,0
2021-01-22,3.72,3.72,3.72,3.72,3700
2021-01-25,4.15,4.15,3.81,3.81,1300
2021-01-26,3.81,3.81,3.81,3.81,0
2021-01-27,3.81,4.32,3.81,4.23,7300
2021-01-28,4.23,4.57,4.23,4.23,18200
2021-01-29,4.4,4.4,4.4,4.4,100
2021-02-01,4.32,4.32,4.23,4.23,2100
2021-02-02,4.23,4.23,4.23,4.23,0
2021-02-03,4.23,4.23,4.23,4.23,0
2021-02-04,4.06,4.15,4.06,4.15,5600
2021-02-05,4.15,4.15,4.15,4.15,1100
2021-02-08,3.98,3.98,3.81,3.81,4300
2021-02-09,3.89,3.89,3.81,3.81,3100
2021-02-17,4.32,4.32,4.23,4.23,600
2021-02-18,3.81,4.15,3.81,4.15,5000
2021-02-19,4.15,4.15,4.15,4.15,200
2021-02-22,4.15,4.15,4.15,4.15,0
2021-02-23,4.15,4.15,4.15,4.15,0
2021-02-24,4.15,4.15,4.15,4.15,0
2021-02-25,4.06,4.15,4.06,4.15,3100
2021-02-26,4.06,4.06,4.06,4.06,200
2021-03-01,4.06,4.06,4.06,4.06,16300
2021-03-02,4.06,4.06,4.06,4.06,15300
2021-03-03,4.23,4.32,4.23,4.32,11600
2021-03-04,4.32,4.49,4.32,4.49,1600
2021-03-05,4.49,4.57,4.23,4.49,4000
2021-03-08,4.49,4.49,4.49,4.49,11300
2021-03-09,4.49,4.65,4.49,4.65,24202
2021-03-10,4.57,4.82,4.57,4.82,35100
2021-03-11,4.65,4.82,4.65,4.82,12010
2021-03-12,4.74,4.99,4.74,4.99,8330
2021-03-15,4.91,4.91,4.91,4.91,3200
2021-03-16,4.91,4.99,4.91,4.99,14100
2021-03-17,4.99,5.33,4.99,5.33,17600
2021-03-18,5.42,5.42,5.33,5.33,10100
2021-03-19,5.25,5.84,5.25,5.75,800
2021-03-22,5.5,5.59,5.5,5.59,800
2021-03-23,5.59,5.59,5.16,5.16,7700
2021-03-24,5.5,5.5,5.5,5.5,100
2021-03-25,5.5,5.5,5.25,5.25,500
2021-03-26,5.42,5.25,5.25,5.25,0
2021-03-29,5.33,5.33,5.33,5.33,300
2021-03-30,5.25,5.33,5.25,5.33,1100
2021-03-31,5.08,5.08,5.08,5.08,4958
2021-04-01,5.08,5.08,5.08,5.08,2500
2021-04-02,5.08,5.08,5.08,5.08,9230
2021-04-05,5.08,5.08,5.08,5.08,0
2021-04-06,5.08,5.33,5.08,5.33,23900
2021-04-07,5.33,5.33,5.25,5.25,31600
2021-04-08,5.33,5.33,5.25,5.25,10300
2021-04-09,5.33,5.33,5.33,5.33,5500
2021-04-12,5.25,5.25,4.99,4.99,900
2021-04-13,5.08,5.84,5.08,5.75,51900
2021-04-14,5.5,5.5,5.16,5.33,33300
2021-04-15,5.33,5.33,5.25,5.25,5800
2021-04-16,5.08,5.16,4.99,5.08,2100
2021-04-19,5.08,5.25,5.08,5.25,9300
2021-04-20,5.25,5.25,5.08,5.08,1200
2021-04-22,5.16,5.16,5.08,5.08,1000
2021-04-23,5.08,5.08,5.08,5.08,12000
2021-04-26,5.08,5.08,5.08,5.08,100
2021-04-27,4.99,4.99,4.99,4.99,1900
2021-04-28,4.99,4.99,4.99,4.99,600
2021-04-29,4.99,4.99,4.99,4.99,1000
2021-05-04,4.99,4.99,4.4,4.99,1000
2021-05-05,4.91,4.91,4.49,4.74,19700
2021-05-06,5.08,5.08,4.99,4.99,1800
2021-05-07,4.99,4.99,4.99,4.99,400
2021-05-10,4.99,4.99,4.65,4.91,3200
2021-05-11,4.82,4.91,4.82,4.82,3800
2021-05-12,4.57,4.82,4.4,4.82,35100
2021-05-13,4.4,4.82,4.4,4.82,200
2021-05-14,4.74,4.74,4.57,4.57,1800
2021-05-17,4.57,4.74,4.57,4.65,4200
2021-05-18,4.57,4.57,4.49,4.57,7800
2021-05-19,4.57,4.57,4.49,4.49,7200
2021-05-20,4.49,4.49,4.49,4.49,0
2021-05-21,4.4,4.82,4.4,4.82,600
2021-05-24,4.49,4.82,4.82,4.82,0
2021-05-25,4.49,4.57,4.49,4.57,1000
2021-05-26,4.49,4.57,4.57,4.57,0
2021-05-27,4.49,4.49,4.4,4.4,3300
2021-05-28,4.49,4.49,4.49,4.49,1100
2021-05-31,4.49,4.49,4.49,4.49,3200
2021-06-01,4.49,4.49,4.49,4.49,9000
2021-06-02,4.49,4.49,4.4,4.4,19500
2021-06-03,4.49,4.57,4.49,4.57,43800
2021-06-04,4.4,4.91,4.4,4.49,25800
2021-06-07,4.91,4.91,4.4,4.4,18110
2021-06-08,4.65,4.65,4.57,4.57,500
2021-06-09,4.4,4.57,4.23,4.23,9900
2021-06-10,4.74,4.74,4.65,4.65,1200
2021-06-11,4.49,4.65,4.4,4.57,14600
2021-06-14,4.57,4.82,4.4,4.4,18400
2021-06-15,4.4,4.74,4.4,4.4,50800
2021-06-16,4.57,4.65,4.57,4.57,10900
2021-06-17,4.49,4.49,4.49,4.49,6700
2021-06-18,4.82,4.82,4.82,4.82,1200
2021-06-21,4.57,4.91,4.57,4.91,38200
2021-06-22,4.91,4.91,4.91,4.91,7100
2021-06-23,4.99,4.99,4.99,4.99,700
2021-06-24,4.99,4.99,4.82,4.82,900
2021-06-25,4.82,4.82,4.82,4.82,100
2021-06-28,4.82,4.82,4.65,4.65,2100
2021-06-29,4.4,4.49,4.32,4.49,42020
2021-06-30,4.99,4.99,4.32,4.32,12100
2021-07-01,4.49,4.99,4.4,4.57,5600
2021-07-02,4.65,4.65,4.32,4.49,8201
2021-07-05,4.4,4.4,4.4,4.4,1110
2021-07-06,4.15,4.15,3.98,4.06,3600
2021-07-07,4.15,4.57,4.15,4.57,10900
2021-07-08,4.32,4.57,4.32,4.57,13511
2021-07-09,4.57,4.57,4.57,4.57,1100
2021-07-12,4.23,4.49,4.23,4.49,6100
2021-07-13,4.4,4.49,4.4,4.49,1642
2021-07-14,4.4,4.49,4.49,4.49,0
2021-07-15,4.65,4.65,4.65,4.65,100
2021-07-16,4.57,4.57,4.57,4.57,158
2021-07-19,4.4,4.4,4.23,4.23,3000
2021-07-20,4.32,4.4,4.32,4.4,1800
2021-07-21,4.65,4.65,4.65,4.65,100
2021-07-22,4.65,4.65,4.65,4.65,7200
2021-07-23,4.49,4.49,4.4,4.4,1700
2021-07-26,4.49,4.49,4.32,4.32,15800
2021-07-27,4.32,4.57,4.32,4.57,1200
2021-07-28,4.57,4.57,4.57,4.57,1400
2021-07-29,4.49,4.65,4.49,4.57,1700
2021-07-30,4.57,4.57,4.4,4.49,2600
2021-08-02,4.57,4.57,4.49,4.49,7000
2021-08-03,4.57,4.91,4.57,4.74,58800
2021-08-04,5.33,5.33,5.33,5.33,113558
2021-08-05,6.09,6.09,6.09,6.09,113300
2021-08-06,6.94,6.94,6.18,6.77,125100
2021-08-09,6.18,6.85,5.92,6.6,229800
2021-08-10,6.35,7.28,6.35,7.28,171800
2021-08-11,8.21,8.21,8.04,8.21,51415
2021-08-12,9.39,9.39,8.04,8.63,311400
2021-08-13,8.04,8.8,7.7,8.72,134700
2021-08-16,8.72,8.72,7.87,8.29,71300
2021-08-17,7.62,7.87,7.36,7.62,79700
2021-08-18,7.62,8.29,6.77,7.87,157900
2021-08-19,7.87,7.95,7.36,7.87,54900
2021-08-20,7.87,7.87,7.36,7.62,33900
2021-08-23,7.62,7.62,6.94,7.19,46400
2021-08-24,7.53,7.53,6.77,6.77,51300
2021-08-25,6.77,6.85,6.09,6.77,15700
2021-08-26,6.77,7.62,5.92,7.62,90400
2021-08-27,7.95,8.12,7.11,7.28,40300
2021-08-30,7.45,7.53,7.11,7.19,45200
2021-08-31,7.19,7.62,7.19,7.53,46000
2021-09-01,7.53,7.87,7.28,7.62,136800
2021-09-06,7.79,8.29,7.79,7.87,99100
2021-09-07,7.79,7.87,7.28,7.53,60200
2021-09-08,7.53,7.62,7.28,7.53,43300
2021-09-09,7.53,8.55,7.45,8.55,349900
2021-09-10,8.46,9.48,8.38,9.48,249300
2021-09-13,10.83,10.83,10.83,10.83,81400
2021-09-14,12.44,12.44,11.09,12.44,419300
2021-09-15,14.05,14.05,10.66,11.76,283400
2021-09-16,11.85,11.85,10.66,11.0,194910
2021-09-17,11.0,12.61,10.32,11.76,200200
2021-09-20,11.17,11.85,11.09,11.09,85000
2021-09-21,11.25,11.25,10.49,10.83,87200
2021-09-22,11.17,12.02,10.66,11.17,138500
2021-09-23,11.85,12.02,10.66,10.66,93120
2021-09-24,10.58,11.0,10.15,10.15,70900
2021-09-27,9.9,10.58,9.73,9.73,95170
2021-09-28,9.73,9.73,8.89,9.48,78600
2021-09-29,9.48,10.15,9.48,10.15,25100
2021-09-30,9.9,10.41,9.9,9.99,29500
2021-10-01,9.99,10.15,9.73,9.99,30600
2021-10-04,9.99,9.99,9.14,9.82,66000
2021-10-05,9.73,9.82,9.05,9.31,57800
2021-10-06,9.56,9.56,9.14,9.48,51010
2021-10-07,9.48,9.99,9.48,9.82,51400
2021-10-08,9.9,10.58,9.82,10.32,101406
2021-10-11,10.32,10.92,10.32,10.58,61900
2021-10-12,10.66,10.66,9.9,10.15,57721
2021-10-13,9.99,9.99,9.31,9.82,29900
2021-10-14,9.82,9.99,9.56,9.73,78900
2021-10-15,9.82,10.16,9.56,9.73,47100
2021-10-18,9.73,9.82,9.47,9.73,61100
2021-10-19,9.47,9.82,9.47,9.73,31600
2021-10-20,9.56,10.08,9.56,9.99,47600
2021-10-21,9.9,9.9,9.56,9.82,24900
2021-10-22,9.64,9.9,9.64,9.73,45506
2021-10-25,9.73,9.73,9.56,9.56,37500
2021-10-26,9.56,10.42,9.38,10.16,80300
2021-10-27,10.25,10.69,10.08,10.6,188000
2021-10-28,10.69,10.69,10.42,10.51,97500
2021-10-29,10.51,10.6,9.82,10.25,104900
2021-11-01,10.16,10.16,9.82,9.9,48300
2021-11-02,9.9,9.9,9.47,9.9,142000
2021-11-03,9.9,10.77,9.82,9.99,99717
2021-11-04,9.9,9.99,9.73,9.9,23800
2021-11-05,9.99,9.99,9.73,9.9,34100
2021-11-08,9.99,10.95,9.73,10.69,290906
2021-11-09,10.86,11.81,10.86,11.81,281000
2021-11-10,11.99,12.34,11.38,11.55,97680
2021-11-11,11.38,11.64,10.69,11.38,286700
2021-11-12,11.38,12.16,11.12,11.9,244700
2021-11-15,11.9,13.03,11.64,12.51,260400
2021-11-16,12.16,13.03,11.38,12.77,306200
2021-11-17,12.68,12.68,11.81,12.16,97200
2021-11-18,11.99,12.51,11.81,12.08,152800
2021-11-19,12.08,12.77,10.42,11.21,321704
2021-11-22,11.64,11.64,10.42,10.51,109600
2021-11-23,10.34,10.95,10.34,10.77,57600
2021-11-24,10.51,11.12,10.51,10.86,56521
2021-11-25,10.86,11.12,10.34,10.42,123219
2021-11-26,10.42,10.77,10.08,10.34,92000
2021-11-29,9.99,10.86,9.99,10.6,32600
2021-11-30,10.51,10.51,10.16,10.16,57200
2021-12-01,10.16,10.42,10.08,10.25,23701
2021-12-02,10.08,10.42,10.08,10.34,42500
2021-12-03,10.25,10.42,9.99,10.08,57700
2021-12-06,9.9,10.08,8.77,8.95,60100
2021-12-07,9.56,9.56,8.51,9.3,40200
2021-12-08,8.95,9.47,8.95,9.21,48500
2021-12-09,9.21,9.21,8.95,9.03,17900
2021-12-10,8.95,9.03,8.86,8.95,41800
2021-12-13,9.03,9.64,8.95,9.56,68600
2021-12-14,9.64,9.73,9.21,9.56,40500
2021-12-15,9.56,10.25,9.3,10.16,80809
2021-12-16,10.25,10.25,9.56,9.82,70800
2021-12-17,9.47,9.64,9.12,9.38,69200
2021-12-20,9.21,9.38,9.03,9.21,31200
2021-12-21,9.21,9.3,9.03,9.12,40419
2021-12-22,9.12,9.47,9.03,9.12,59600
2021-12-23,9.12,9.12,8.34,8.95,83300
2021-12-24,8.95,9.03,8.51,8.86,63400
2021-12-27,8.69,8.95,8.51,8.95,36200
2021-12-28,8.69,8.86,8.69,8.77,28000
2021-12-29,8.69,8.69,8.51,8.6,84900
2021-12-30,8.69,9.56,8.69,8.86,58000
2021-12-31,9.47,9.47,8.86,8.95,28600
2022-01-04,8.86,8.95,8.69,8.86,43300
2022-01-05,8.77,9.03,8.69,8.86,69200
2022-01-06,8.95,8.95,8.51,8.77,88900
2022-01-07,8.95,8.95,8.69,8.86,56790
2022-01-10,9.38,9.38,8.69,9.03,116234
2022-01-11,9.03,9.03,8.77,8.77,49000
2022-01-12,8.86,8.95,8.6,8.77,66700
2022-01-13,8.69,8.77,8.43,8.43,62500
2022-01-14,8.6,8.6,7.38,8.25,45600
2022-01-17,7.99,8.25,7.64,7.64,21100
2022-01-18,7.91,7.99,6.69,7.21,21700
2022-01-19,7.21,7.21,6.69,6.95,32500
2022-01-20,7.38,7.64,7.21,7.56,14600
2022-01-21,7.82,7.82,7.47,7.64,11300
2022-01-24,7.04,7.64,7.04,7.64,14600
2022-01-25,6.86,7.21,6.78,7.21,4300
2022-01-26,7.56,7.56,7.04,7.21,7900
2022-01-27,7.21,7.38,7.21,7.38,16304
2022-01-28,7.3,7.64,7.12,7.64,5700
2022-02-07,7.38,7.82,7.3,7.82,29600
2022-02-08,7.91,7.91,7.47,7.82,5200
2022-02-09,8.25,8.25,7.82,8.08,8300
2022-02-10,8.08,8.08,7.12,7.99,18900
2022-02-11,7.21,8.08,6.69,7.99,16842
2022-02-14,7.82,7.82,7.56,7.82,10900
2022-02-15,7.82,7.82,7.64,7.82,11600
2022-02-16,7.73,7.73,7.47,7.56,21200
2022-02-17,7.47,7.73,7.47,7.73,14800
2022-02-18,7.73,7.82,7.56,7.82,20400
2022-02-21,7.82,8.08,7.82,7.99,55810
2022-02-22,7.91,8.17,7.82,8.08,27100
2022-02-23,8.08,8.43,7.91,8.25,61000
2022-02-24,8.25,8.51,7.91,8.17,22531
2022-02-25,8.08,8.17,7.64,8.08,28300
2022-02-28,8.17,8.25,7.82,7.91,18200
2022-03-01,7.91,8.08,7.91,7.91,10300
2022-03-02,8.08,8.08,7.64,7.82,30413
2022-03-03,8.08,9.03,7.99,9.03,190535
2022-03-04,9.3,9.82,9.3,9.38,171600
2022-03-07,9.38,9.56,9.03,9.21,25100
2022-03-08,9.12,9.3,8.69,8.86,80401
2022-03-09,8.86,9.64,8.34,8.86,95675
2022-03-10,9.12,9.38,8.77,9.12,22925
2022-03-11,8.86,8.86,8.51,8.86,23900
2022-03-14,8.86,8.86,8.25,8.51,9410
2022-03-15,8.43,8.6,7.82,8.51,21300
2022-03-16,8.17,8.51,8.08,8.25,16700
2022-03-17,8.17,8.34,8.17,8.25,10800
2022-03-18,8.34,8.43,8.17,8.43,27200
2022-03-21,8.34,8.34,8.17,8.34,33400
2022-03-22,8.17,8.34,8.08,8.17,46700
2022-03-23,8.25,8.43,8.25,8.43,15100
2022-03-24,8.34,8.43,8.25,8.43,17300
2022-03-25,8.43,8.77,8.34,8.6,52000
2022-03-28,8.6,8.6,8.34,8.43,27600
2022-03-29,8.34,8.51,8.34,8.51,29100
2022-03-30,8.51,8.69,8.34,8.43,24200
2022-03-31,8.43,8.51,8.17,8.43,17700
2022-04-01,8.25,8.25,7.91,8.25,22300
2022-04-04,8.08,8.25,8.08,8.25,12300
2022-04-05,8.17,8.25,8.08,8.08,15200
2022-04-06,8.08,8.17,7.99,8.17,15502
2022-04-07,8.08,8.08,7.82,7.91,25700
2022-04-08,7.91,7.91,7.82,7.91,21700
2022-04-12,7.47,8.17,7.47,7.64,12200
2022-04-13,7.91,7.91,7.56,7.64,11700
2022-04-14,7.91,7.91,7.64,7.64,16700
2022-04-15,7.64,7.73,7.38,7.73,10600
2022-04-18,7.82,7.82,7.12,7.12,8700
2022-04-19,7.47,7.64,6.95,6.95,9800
2022-04-20,6.43,7.04,6.34,6.6,13600
2022-04-21,6.08,6.34,5.82,6.08,51300
2022-04-22,5.99,6.6,5.99,6.34,3700
2022-04-25,6.43,6.86,6.08,6.34,21800
2022-04-26,6.34,6.69,6.34,6.34,9200
2022-04-27,6.52,7.21,6.43,6.43,3600
2022-04-28,6.17,6.6,6.17,6.52,5900
2022-04-29,6.34,6.52,6.17,6.52,9600
2022-05-04,6.52,6.78,6.34,6.34,10950
2022-05-05,6.52,6.69,6.34,6.69,1304
2022-05-06,6.52,6.52,6.43,6.43,3500
2022-05-09,5.91,6.34,5.91,6.34,500
2022-05-10,6.25,6.25,6.08,6.25,11000
2022-05-11,6.08,6.08,6.08,6.25,2200
2022-05-12,6.08,6.08,5.47,6.25,3900
2022-05-13,5.65,5.65,5.21,5.65,5100
2022-05-16,5.91,5.91,5.56,5.56,7400
2022-05-17,5.65,5.99,5.47,5.99,21600
2022-05-18,5.65,5.73,5.47,5.73,19200
2022-05-19,5.56,5.65,5.47,5.65,8900
2022-05-20,5.73,5.73,5.47,5.56,7300
2022-05-23,5.65,5.65,5.65,5.56,3700
2022-05-24,6.08,6.08,5.73,5.56,32600
2022-05-25,5.82,6.08,5.82,5.91,4005
2022-05-26,6.08,6.08,5.82,5.91,9790
2022-05-27,5.82,5.99,5.73,5.91,5100
2022-05-30,6.08,6.08,5.82,5.91,6100
2022-05-31,5.82,5.91,5.82,5.82,600
2022-06-01,5.82,5.82,5.73,5.73,1300
2022-06-02,5.82,5.82,5.73,5.73,8400
2022-06-03,5.56,5.73,5.39,5.47,3400
2022-06-06,5.56,5.73,5.56,5.65,1200
2022-06-07,5.56,5.65,5.47,5.56,1800
2022-06-08,5.56,5.91,5.56,5.65,19700
2022-06-09,5.65,5.65,5.65,5.65,1100
2022-06-10,5.65,5.73,5.39,5.73,3300
2022-06-13,5.73,5.73,5.47,5.47,1300
2022-06-14,5.3,5.65,5.3,5.65,400
2022-06-15,5.47,5.56,5.3,5.3,7000
2022-06-16,5.47,5.47,5.47,5.47,14100
2022-06-17,4.69,5.39,4.69,5.39,4600
2022-06-20,5.47,5.47,4.08,4.08,2900
2022-06-21,3.65,4.78,3.65,4.78,400
2022-06-22,4.52,4.52,4.43,4.43,600
2022-06-23,5.13,5.13,5.13,5.13,3700
2022-06-24,5.39,5.39,5.04,5.3,1500
2022-06-27,5.13,5.21,5.13,5.21,300
2022-06-28,5.3,5.3,5.3,5.3,200
2022-06-29,4.78,5.3,4.78,5.3,10300
2022-06-30,4.43,5.3,4.43,5.21,10604
2022-07-01,4.52,5.13,4.52,5.04,20500
2022-07-04,4.78,5.56,4.78,5.56,200
2022-07-05,5.73,5.73,5.47,5.47,10200
2022-07-06,4.78,5.73,4.78,5.39,2300
2022-07-07,4.78,5.39,4.78,5.13,1200
2022-07-08,4.52,5.39,4.52,5.3,15110
2022-07-11,4.78,5.3,4.78,5.13,600
2022-07-12,5.13,5.13,5.13,5.13,700
2022-07-13,4.95,5.21,4.95,5.21,9500
2022-07-14,5.04,5.21,4.86,5.21,5800
2022-07-15,5.3,5.3,4.95,5.13,422
2022-07-18,5.3,5.3,5.3,5.3,100
2022-07-19,5.3,5.3,5.3,5.3,0
2022-07-20,4.52,5.39,4.52,5.21,3380
2022-07-21,4.69,5.3,4.69,5.21,1500
2022-07-22,4.95,5.21,4.86,4.86,5100
2022-07-25,4.78,5.3,4.78,5.3,4700
2022-07-26,4.78,5.21,4.78,5.21,300
2022-07-27,4.86,5.21,4.86,5.21,4300
2022-07-28,5.13,5.13,4.95,5.13,600
2022-07-29,5.04,5.04,4.95,5.04,1400
2022-08-01,5.04,5.3,5.04,5.3,8700
2022-08-02,4.78,5.39,4.78,5.39,10400
2022-08-03,5.21,5.21,5.21,5.21,3200
2022-08-04,5.3,5.39,5.21,5.39,4805
2022-08-05,4.78,5.39,4.78,5.3,4915
2022-08-08,5.04,5.47,5.04,5.3,11400
2022-08-09,4.86,5.56,4.86,5.39,12715
2022-08-10,5.47,5.47,5.21,5.3,800
2022-08-11,5.39,5.47,5.3,5.47,14302
2022-08-12,5.04,5.99,5.04,5.91,9710
2022-08-15,5.65,6.08,5.65,5.82,9405
2022-08-16,5.82,5.91,5.65,5.65,8110
2022-08-17,5.82,5.82,5.82,5.82,0
2022-08-18,5.73,5.73,5.3,5.47,4800
2022-08-19,5.39,5.47,5.3,5.47,2317
2022-08-22,5.39,5.39,5.21,5.39,6500
2022-08-23,4.86,5.3,4.86,5.3,2300
2022-08-24,4.95,5.65,4.95,5.65,3600
2022-08-25,5.04,5.56,5.04,5.47,1410
2022-08-26,5.04,5.56,5.04,5.47,19100
2022-08-29,5.13,5.47,5.13,5.21,4200
2022-08-30,5.47,5.47,5.3,5.39,3800
2022-08-31,5.47,5.47,5.21,5.39,10600
2022-09-05,5.21,5.39,5.13,5.13,36000
2022-09-06,5.21,5.47,5.13,5.47,26300
2022-09-07,5.3,5.39,5.3,5.3,5400
2022-09-08,5.13,5.21,5.13,5.21,16000
2022-09-09,5.3,5.39,5.3,5.39,33900
2022-09-12,5.3,5.3,5.21,5.21,5700
2022-09-13,5.3,5.3,5.21,5.21,6400
2022-09-14,5.13,5.21,5.13,5.21,2000
2022-09-15,5.39,5.56,5.21,5.3,6400
2022-09-16,5.21,5.21,5.13,5.13,6600
2022-09-19,5.21,5.21,5.04,5.04,15500
2022-09-20,5.04,5.13,5.04,5.13,3800
2022-09-21,5.04,5.04,4.95,4.95,17700
2022-09-22,4.86,5.21,4.86,5.13,9000
2022-09-23,5.13,5.13,5.13,5.13,25700
2022-09-26,5.21,5.21,5.04,5.04,1800
2022-09-27,5.04,5.21,5.04,5.21,600
2022-09-28,5.13,5.21,5.04,5.21,4100
2022-09-29,5.21,5.21,5.13,5.21,2100
2022-09-30,5.13,5.13,4.95,4.95,4000
2022-10-03,5.04,5.13,4.95,4.95,7900
2022-10-04,4.31,5.04,4.31,4.85,8800
2022-10-05,4.67,5.13,4.67,4.85,7800
2022-10-06,4.76,4.76,4.58,4.58,6500
2022-10-07,4.58,5.13,4.31,4.31,4000
2022-10-10,4.31,4.49,4.31,4.49,2600
2022-10-11,4.49,4.49,4.12,4.12,1700
2022-10-12,4.49,4.49,4.31,4.31,7700
2022-10-13,4.21,4.49,3.66,4.49,1000
2022-10-14,4.4,4.49,4.4,4.4,2100
2022-10-17,4.58,4.58,4.21,4.4,3600
2022-10-18,4.76,4.85,4.76,4.76,1300
2022-10-19,4.4,5.13,4.4,5.04,2400
2022-10-20,3.94,4.85,3.94,4.4,501
2022-10-21,4.4,4.4,3.76,4.4,2600
2022-10-24,4.03,4.49,4.03,4.49,500
2022-10-25,4.21,4.4,4.21,4.4,3000
2022-10-26,4.4,4.4,4.31,4.31,400
2022-10-27,4.4,4.4,4.4,4.4,800
2022-10-28,4.4,4.4,4.4,4.4,3100
2022-10-31,4.21,4.4,4.21,4.4,1200
2022-11-01,4.58,4.58,4.21,4.4,7100
2022-11-02,4.4,4.4,4.4,4.4,0
2022-11-03,4.4,4.4,4.4,4.4,100
2022-11-04,4.12,4.12,3.76,4.12,18800
2022-11-07,3.76,3.85,3.66,3.66,29900
2022-11-08,3.3,3.76,3.3,3.76,6200
2022-11-09,3.76,3.76,3.76,3.76,100
2022-11-10,3.76,3.76,3.76,3.76,0
2022-11-11,3.66,3.76,3.57,3.57,4800
2022-11-14,3.21,3.57,3.21,3.3,7900
2022-11-15,3.21,3.21,3.02,3.02,4400
2022-11-16,3.02,3.3,3.02,3.3,4000
2022-11-17,3.39,3.39,3.39,3.39,300
2022-11-18,3.48,3.48,3.48,3.48,1000
2022-11-21,3.48,3.85,3.39,3.85,4500
2022-11-22,3.76,3.76,3.76,3.76,1400
2022-11-23,3.76,3.76,3.76,3.76,0
2022-11-24,3.21,4.31,3.21,3.76,600
2022-11-25,3.57,3.76,3.57,3.76,1400
2022-11-28,3.48,3.94,3.48,3.85,4300
2022-11-29,3.85,4.12,3.66,4.03,1400
2022-11-30,4.03,4.03,4.03,4.03,100
2022-12-01,3.48,4.03,3.48,4.03,27200
2022-12-02,3.48,4.03,3.48,4.03,4400
2022-12-05,3.94,3.94,3.57,3.85,5400
2022-12-06,3.57,3.66,3.48,3.66,11200
2022-12-07,3.85,3.85,3.48,3.76,9900
2022-12-08,3.76,3.85,3.57,3.85,2500
2022-12-09,3.66,3.66,3.66,3.66,4300
2022-12-12,3.94,3.94,3.48,3.85,4201
2022-12-13,3.57,3.57,3.57,3.57,4600
2022-12-14,3.48,3.76,3.48,3.57,3601
2022-12-15,3.76,3.76,3.66,3.66,900
2022-12-16,3.76,3.76,3.57,3.57,600
2022-12-19,3.48,3.57,3.48,3.48,5800
2022-12-20,3.39,3.39,3.39,3.39,9500
2022-12-21,3.48,3.48,3.39,3.48,9100
2022-12-22,3.48,3.48,3.39,3.39,3800
2022-12-23,3.3,3.48,3.3,3.48,2100
2022-12-26,3.3,3.48,3.21,3.48,7400
2022-12-27,3.11,3.39,3.11,3.39,2400
2022-12-28,3.48,3.48,3.48,3.48,100
2022-12-29,3.48,3.48,3.39,3.48,5500
2022-12-30,3.39,3.48,3.39,3.48,2100
2023-01-03,3.48,3.48,3.39,3.48,2100
2023-01-04,3.48,3.48,3.39,3.48,12904
2023-01-05,3.48,3.48,3.48,3.48,14100
2023-01-06,3.66,3.66,3.48,3.48,1500
2023-01-09,3.57,3.57,3.48,3.48,2300
2023-01-10,3.57,3.57,3.39,3.39,4700
2023-01-11,3.57,3.57,3.3,3.3,10700
2023-01-12,3.39,3.39,3.39,3.39,200
2023-01-13,3.39,3.39,3.3,3.3,6900
2023-01-16,3.3,3.39,3.3,3.3,23900
2023-01-17,3.3,3.39,3.3,3.39,2200
2023-01-18,3.48,3.48,3.48,3.48,400
2023-01-19,3.48,3.48,3.39,3.48,1104
2023-01-27,3.48,3.48,3.11,3.21,42200
2023-01-30,3.57,3.57,3.39,3.48,11204
2023-01-31,3.57,3.57,3.3,3.3,2500
2023-02-01,3.39,3.39,3.3,3.3,10400
2023-02-02,3.3,3.3,3.21,3.3,5300
2023-02-03,3.3,3.3,3.3,3.3,1600
2023-02-06,3.3,3.3,3.3,3.3,300
2023-02-07,3.3,3.3,3.21,3.21,2700
2023-02-08,3.39,3.39,3.11,3.21,3800
2023-02-09,3.21,3.21,3.21,3.21,6900
2023-02-10,3.21,3.3,3.21,3.3,800
2023-02-13,3.11,3.3,3.11,3.3,200
2023-02-14,3.21,3.21,3.21,3.21,800
2023-02-15,3.21,3.21,3.21,3.21,1000
2023-02-16,3.21,3.21,3.11,3.21,16400
2023-02-17,3.11,3.21,3.02,3.02,7000
2023-02-20,3.3,3.3,3.02,3.21,5900
2023-02-21,3.21,3.21,3.11,3.11,3700
2023-02-22,3.11,3.21,3.11,3.11,8500
2023-02-23,3.11,3.11,3.11,3.11,400
2023-02-24,3.11,3.11,2.93,2.93,6800
2023-02-27,3.21,3.21,3.21,3.21,100
2023-02-28,3.02,3.21,3.02,3.21,600
2023-03-01,3.21,3.21,3.11,3.11,300
2023-03-02,3.02,3.21,3.02,3.21,3200
2023-03-03,3.11,3.11,3.11,3.11,600
2023-03-06,3.11,3.11,3.02,3.02,8900
2023-03-07,3.02,3.11,3.02,3.11,7901
2023-03-08,3.02,3.11,2.93,3.02,38800
2023-03-09,3.11,3.11,3.02,3.11,1000
2023-03-10,2.93,3.02,2.84,3.02,7500
2023-03-13,3.02,3.02,3.02,3.02,400
2023-03-14,2.84,3.02,2.84,3.02,2300
2023-03-15,2.84,2.93,2.84,2.93,5800
2023-03-16,2.93,2.93,2.75,2.84,91700
2023-03-17,2.84,2.84,2.75,2.84,5700
2023-03-20,2.84,2.84,2.75,2.75,44400
2023-03-21,2.84,2.84,2.75,2.75,15700
2023-03-22,2.75,2.75,2.75,2.75,12000
2023-03-23,2.75,2.75,2.75,2.75,24100
2023-03-24,2.75,2.75,2.66,2.75,20500
2023-03-27,2.66,2.75,2.66,2.66,17600
2023-03-28,2.66,2.75,2.66,2.66,11500
2023-03-29,2.75,2.75,2.66,2.66,13200
2023-03-30,2.75,2.75,2.66,2.66,18700
2023-03-31,2.75,2.75,2.66,2.66,16000
2023-04-03,2.75,2.75,2.66,2.66,14200
2023-04-04,2.75,2.75,2.66,2.66,21800
2023-04-05,2.75,2.75,2.66,2.66,6700
2023-04-06,2.75,3.02,2.66,2.75,117500
2023-04-07,2.84,2.84,2.66,2.66,53200
2023-04-10,2.66,2.75,2.66,2.66,43300
2023-04-11,2.75,2.75,2.66,2.66,2500
2023-04-12,2.66,2.75,2.66,2.66,29101
2023-04-13,2.66,2.75,2.66,2.66,21300
2023-04-14,2.66,2.75,2.66,2.66,25300
2023-04-17,2.66,2.75,2.66,2.66,11100
2023-04-18,2.66,2.75,2.66,2.66,3200
2023-04-19,2.75,2.84,2.75,2.84,81100
2023-04-20,2.84,2.93,2.75,2.84,33200
2023-04-21,2.84,2.84,2.75,2.84,54301
2023-04-24,2.84,2.84,2.84,2.84,600
2023-04-25,2.75,2.84,2.75,2.84,21002
2023-04-26,2.75,2.84,2.75,2.75,7800
2023-04-27,2.75,2.75,2.75,2.75,3700
2023-04-28,2.84,2.84,2.75,2.75,17400
2023-05-04,2.84,2.84,2.75,2.84,2500
2023-05-05,2.84,2.84,2.75,2.84,2401
2023-05-08,2.84,2.84,2.84,2.84,30900
2023-05-09,2.84,2.93,2.84,2.84,2000
2023-05-10,2.93,2.93,2.84,2.84,16100
2023-05-11,2.93,3.02,2.93,3.02,1500
2023-05-12,2.84,3.02,2.84,2.93,6900
2023-05-15,3.02,3.02,2.93,2.93,12800
2023-05-16,2.93,2.93,2.93,2.93,3100
2023-05-17,3.02,3.11,2.93,2.93,29900
2023-05-18,2.93,3.02,2.93,3.02,3300
2023-05-19,3.02,3.02,2.93,2.93,8002
2023-05-22,2.93,3.02,2.93,3.02,41900
2023-05-23,3.02,3.02,3.02,3.02,201
2023-05-24,3.02,3.02,3.02,3.02,2300
2023-05-25,2.93,3.02,2.93,2.93,5500
2023-05-26,2.93,2.93,2.93,2.93,11600
2023-05-29,2.93,3.02,2.93,2.93,20200
2023-05-30,3.11,3.21,3.02,3.11,35700
2023-05-31,3.11,3.57,3.02,3.57,120801
2023-06-01,3.94,3.94,3.48,3.48,239110
2023-06-02,3.66,3.66,3.39,3.48,104000
2023-06-05,3.39,3.76,3.39,3.39,41000
2023-06-06,3.48,3.48,3.3,3.48,58800
2023-06-07,3.39,3.48,3.39,3.48,23100
2023-06-08,3.48,3.48,3.39,3.48,42210
2023-06-09,3.48,3.48,3.39,3.39,10000
2023-06-12,3.48,3.48,3.39,3.39,7700
2023-06-13,3.48,3.85,3.48,3.76,108258
2023-06-14,3.76,3.76,3.48,3.48,47701
2023-06-15,3.57,3.57,3.57,3.57,8700
2023-06-16,3.85,3.85,3.39,3.39,18900
2023-06-19,3.48,3.48,3.3,3.48,33100
2023-06-20,3.48,3.48,3.39,3.48,7600
2023-06-21,3.57,3.57,3.48,3.48,25567
2023-06-22,3.48,3.48,3.39,3.48,27400
2023-06-23,3.39,3.48,3.39,3.48,13300
2023-06-26,3.39,3.39,3.39,3.39,23010
2023-06-27,3.39,3.39,3.39,3.39,5400
2023-06-28,3.48,3.57,3.11,3.3,78100
2023-06-29,3.48,3.48,3.3,3.3,4200
2023-06-30,3.48,3.48,3.3,3.39,23000
2023-07-03,3.3,3.39,3.21,3.39,30900
2023-07-04,3.3,3.48,3.3,3.48,17100
2023-07-05,3.39,3.39,3.39,3.39,33900
2023-07-06,3.39,3.48,3.3,3.3,47601
2023-07-07,3.39,3.39,3.21,3.3,50900
2023-07-10,3.39,3.48,3.39,3.48,10100
2023-07-11,3.39,3.48,3.39,3.48,10900
2023-07-12,3.39,3.48,3.39,3.39,33900
2023-07-13,3.39,3.39,3.39,3.39,3400
2023-07-14,3.39,3.48,3.39,3.39,7800
2023-07-17,3.39,3.57,3.39,3.48,33400
2023-07-18,3.48,3.66,3.48,3.57,145200
2023-07-19,3.57,3.57,3.57,3.57,2300
2023-07-20,3.48,3.48,3.39,3.39,41800
2023-07-21,3.3,3.48,3.3,3.39,7802
2023-07-24,3.3,3.39,3.3,3.39,7400
2023-07-25,3.39,3.39,3.39,3.39,8300
2023-07-26,3.39,3.39,3.39,3.39,11806
2023-07-27,3.39,3.39,3.3,3.3,18001
2023-07-28,3.3,3.39,3.3,3.39,6900
2023-07-31,3.39,3.39,3.39,3.39,4300
2023-08-01,3.3,3.3,3.3,3.3,5500
2023-08-02,3.3,3.39,3.3,3.39,900
2023-08-03,3.11,3.3,3.02,3.3,44300
2023-08-04,3.21,3.3,3.21,3.21,45800
2023-08-07,3.3,3.39,3.21,3.3,33100
2023-08-08,3.3,3.66,3.3,3.66,72100
2023-08-09,3.57,3.85,3.48,3.85,162315
2023-08-10,3.94,4.21,3.94,4.21,176200
2023-08-11,4.76,4.76,4.31,4.76,345302
2023-08-14,5.13,5.22,4.31,4.85,253527
2023-08-15,4.49,4.58,4.21,4.21,151401
2023-08-16,4.21,4.4,3.94,4.31,77913
2023-08-17,4.4,4.4,4.03,4.03,11323
2023-08-18,4.21,4.21,3.66,3.85,74101
2023-08-21,3.85,4.12,3.66,4.12,56500
2023-08-22,4.12,4.12,3.66,3.94,15200
2023-08-23,4.03,4.03,3.94,3.94,426
2023-08-24,3.76,4.03,3.76,4.03,9149
2023-08-25,4.03,4.12,3.85,3.94,4900
2023-08-28,4.03,4.03,3.66,3.94,24100
2023-08-29,4.03,4.03,3.76,4.03,6409
2023-08-30,4.03,4.03,3.76,3.94,1800
2023-08-31,3.94,3.94,3.76,3.94,14901
2023-09-05,3.94,3.94,3.66,3.94,10010
2023-09-06,3.85,3.94,3.76,3.85,27810
2023-09-07,3.76,3.85,3.57,3.85,54700
2023-09-08,3.66,3.85,3.57,3.85,13400
2023-09-11,3.76,3.76,3.66,3.76,31500
2023-09-12,3.76,3.85,3.66,3.85,9200
2023-09-13,3.76,3.76,3.57,3.66,12000
2023-09-14,3.57,3.57,3.57,3.57,20000
2023-09-15,3.57,3.66,3.57,3.66,15530
2023-09-18,3.66,3.66,3.57,3.66,7415
2023-09-19,3.57,3.66,3.57,3.66,6900
2023-09-20,3.66,3.66,3.57,3.57,5105
2023-09-21,3.57,3.76,3.57,3.66,24730
2023-09-22,3.66,3.66,3.57,3.66,27700
2023-09-25,3.57,3.94,3.57,3.76,14620
2023-09-26,3.85,3.85,3.57,3.57,24900
2023-09-27,3.57,3.76,3.57,3.76,5000
2023-09-28,3.66,3.76,3.66,3.76,3900
2023-09-29,3.66,3.66,3.66,3.66,300
2023-10-02,3.66,3.66,3.66,3.66,601
2023-10-03,3.57,3.66,3.48,3.57,16220
2023-10-04,3.57,3.57,3.57,3.57,3600
2023-10-05,3.94,3.94,3.57,3.57,1600
2023-10-06,3.48,3.57,3.21,3.48,37520
2023-10-09,3.66,3.66,3.48,3.57,8300
2023-10-10,3.48,3.76,3.48,3.48,13100
2023-10-11,3.57,3.66,3.57,3.66,300
2023-10-12,3.66,3.66,3.57,3.57,2700
2023-10-13,3.57,3.66,3.48,3.57,3600
2023-10-16,3.66,3.66,3.57,3.57,1100
2023-10-17,3.48,3.57,3.48,3.48,6700
2023-10-18,3.39,3.48,3.39,3.48,8400
2023-10-19,3.3,3.48,3.21,3.48,1300
2023-10-20,3.39,3.57,3.39,3.57,1100
2023-10-23,3.48,3.48,3.48,3.48,2400
2023-10-24,3.48,3.57,3.48,3.48,3800
2023-10-25,3.48,3.57,3.48,3.57,300
2023-10-26,3.48,3.48,3.11,3.11,3800
2023-10-27,3.39,3.39,3.39,3.39,101
2023-10-30,3.39,3.39,3.39,3.39,0
2023-10-31,3.39,3.39,3.39,3.39,0
2023-11-01,3.39,3.39,3.21,3.21,1300
2023-11-02,3.48,3.48,3.11,3.48,2000
2023-11-03,3.39,3.57,3.3,3.3,1300
2023-11-06,3.39,3.39,3.39,3.39,2200
2023-11-07,3.48,3.48,3.21,3.21,16500
2023-11-08,3.39,3.39,3.3,3.3,3100
2023-11-09,3.48,3.48,3.3,3.39,25800
2023-11-10,3.39,3.39,3.39,3.39,15700
2023-11-13,3.39,3.39,3.39,3.39,3900
2023-11-14,3.39,3.39,3.39,3.39,7500
2023-11-15,3.39,3.57,3.39,3.48,5000
2023-11-16,3.39,3.39,3.39,3.39,300
2023-11-17,3.48,3.57,3.48,3.48,2902
2023-11-20,3.39,3.39,3.39,3.39,4100
2023-11-21,3.66,3.66,3.39,3.39,3400
2023-11-22,3.39,3.39,3.3,3.3,2200
2023-11-23,3.39,3.48,3.39,3.39,6600
2023-11-24,3.39,3.39,3.21,3.39,17000
2023-11-27,3.21,3.57,3.21,3.57,200
2023-11-28,3.3,3.3,3.3,3.3,5300
2023-11-29,3.39,3.39,3.3,3.3,7600
2023-11-30,3.39,3.48,3.3,3.3,9900
2023-12-01,3.39,3.39,3.3,3.39,11800
2023-12-04,3.57,3.57,3.39,3.39,3900
2023-12-05,3.3,3.39,3.3,3.39,1200
2023-12-06,3.3,3.39,3.3,3.39,8701
2023-12-07,3.39,3.39,3.39,3.39,3100
2023-12-08,3.39,3.39,3.39,3.39,6900
2023-12-11,3.39,3.39,3.3,3.3,2100
2023-12-12,3.39,3.39,3.39,3.39,200
2023-12-13,3.48,3.48,3.39,3.39,1700
2023-12-14,3.39,3.48,3.39,3.39,6400
2023-12-15,3.39,3.48,3.39,3.48,5300
2023-12-18,3.48,3.48,3.48,3.48,0
2023-12-19,3.39,3.39,3.39,3.39,300
2023-12-20,3.48,3.48,3.3,3.3,12300
2023-12-21,3.39,3.39,3.39,3.39,4820
2023-12-22,3.39,3.39,3.3,3.3,5800
2023-12-25,3.3,3.3,3.3,3.3,5904
2023-12-26,3.3,3.3,3.3,3.3,2100
2023-12-27,3.48,3.48,3.3,3.3,3000
2023-12-28,3.48,3.48,3.39,3.39,3600
2023-12-29,3.39,3.39,3.3,3.3,1616
2024-01-02,3.39,3.39,3.3,3.39,4500
2024-01-03,3.48,3.48,3.39,3.39,7500
2024-01-04,3.39,3.39,3.39,3.39,4900
2024-01-05,3.3,3.39,3.3,3.3,4700
2024-01-08,3.39,3.66,3.39,3.57,26300
2024-01-09,3.57,3.57,3.48,3.57,4700
2024-01-10,3.57,3.57,3.48,3.48,8208
2024-01-11,3.57,3.57,3.57,3.57,800
2024-01-12,3.48,3.48,3.48,3.48,2100
2024-01-15,3.57,3.57,3.39,3.39,11100
2024-01-16,3.39,3.39,3.39,3.39,7200
2024-01-17,3.48,3.48,3.39,3.39,8302
2024-01-18,3.39,3.39,3.39,3.39,21000
2024-01-19,3.3,3.85,3.3,3.85,85805
2024-01-22,4.03,4.31,3.85,3.85,48100
2024-01-23,3.85,3.94,3.66,3.94,28901
2024-01-24,3.85,3.85,3.76,3.76,13624
2024-01-25,3.85,4.12,3.85,3.94,37200
2024-01-26,3.94,4.49,3.94,4.4,81401
2024-01-29,4.31,4.58,4.31,4.49,27302
2024-01-30,4.49,4.49,4.4,4.49,9805
2024-01-31,4.49,4.58,4.31,4.49,27500
2024-02-01,4.4,4.4,4.4,4.4,10718
2024-02-02,5.04,5.04,4.4,4.58,2300
2024-02-05,4.58,4.58,4.31,4.4,4000
2024-02-06,4.49,4.49,4.4,4.4,3000
2024-02-07,4.31,4.4,4.31,4.31,5501
2024-02-15,4.4,4.4,4.31,4.4,4300
2024-02-16,4.49,4.49,4.31,4.4,38900
2024-02-19,4.31,4.31,4.31,4.31,10101
2024-02-20,4.31,4.49,4.31,4.49,3700
2024-02-21,4.4,4.4,4.4,4.4,3900
2024-02-22,4.49,4.49,4.49,4.49,1700
2024-02-23,4.58,4.67,4.58,4.67,22720
2024-02-26,4.58,5.04,4.49,5.04,64200
2024-02-27,5.04,5.31,5.04,5.31,28806
2024-02-28,5.5,5.5,5.22,5.22,8207
2024-02-29,5.4,5.4,4.95,4.95,22200
2024-03-01,4.95,5.04,4.95,5.04,13100
2024-03-04,5.22,5.4,5.22,5.22,4603
2024-03-05,5.04,5.22,5.04,5.13,8502
2024-03-06,5.04,5.04,4.95,5.04,9500
2024-03-07,5.04,5.13,4.95,5.04,5700
2024-03-08,5.04,5.04,4.95,5.04,18200
2024-03-11,5.13,5.13,5.04,5.13,7803
2024-03-12,5.13,5.13,5.13,5.13,13902
2024-03-13,5.13,5.13,5.04,5.04,14511
2024-03-14,5.13,5.13,5.04,5.13,1600
2024-03-15,5.22,5.22,4.95,5.13,12706
2024-03-18,5.13,5.13,5.04,5.04,12200
2024-03-19,4.95,5.04,4.95,5.04,6200
2024-03-20,5.13,5.22,5.13,5.22,2801
2024-03-21,5.13,5.22,5.13,5.22,11900
2024-03-22,5.04,5.04,5.04,5.04,14108
2024-03-25,5.04,5.04,5.04,5.04,3200
2024-03-26,5.04,5.04,5.04,5.04,14600
2024-03-27,5.13,5.13,5.04,5.04,3400
2024-03-28,5.04,5.04,4.95,4.95,7000
2024-03-29,4.95,5.04,4.95,5.04,5100
2024-04-01,5.04,5.04,4.95,4.95,16008
2024-04-02,4.95,5.04,4.95,5.04,200
2024-04-03,5.04,5.04,5.04,5.04,0
2024-04-04,5.22,5.22,5.04,5.04,2600
2024-04-05,4.85,5.13,4.85,5.04,1700
2024-04-08,4.95,4.95,4.95,4.95,8500
2024-04-09,5.04,5.04,4.85,4.95,34200
2024-04-10,4.85,4.95,4.85,4.85,47700
2024-04-11,4.95,4.95,4.95,4.95,101
2024-04-12,4.85,4.85,4.85,4.85,7300
2024-04-15,4.85,4.85,4.76,4.76,22701
2024-04-16,4.67,4.76,4.67,4.76,3700
2024-04-17,4.76,4.95,4.76,4.95,7600
2024-04-19,5.04,5.22,4.95,5.13,32001
2024-04-22,5.13,5.31,5.13,5.31,40301
2024-04-23,5.31,5.31,5.22,5.22,9900
2024-04-24,5.22,5.22,5.04,5.13,9900
2024-04-25,5.13,5.13,5.04,5.04,11600
2024-04-26,5.04,5.04,5.04,5.04,3000
2024-05-02,5.04,5.04,4.85,5.04,11500
2024-05-03,4.95,5.22,4.95,5.22,10200
2024-05-06,5.04,5.13,5.04,5.13,7207
2024-05-07,5.13,5.13,4.95,4.95,14407
2024-05-08,4.95,5.04,4.95,4.95,17701
2024-05-09,5.04,5.04,5.04,5.04,3800
2024-05-10,5.04,5.13,5.04,5.04,9500
2024-05-13,5.04,5.13,5.04,5.04,24700
2024-05-14,5.04,5.13,5.04,5.13,7200
2024-05-15,5.13,5.22,5.04,5.04,11013
2024-05-16,5.13,5.13,5.04,5.13,16200
2024-05-17,5.13,5.4,5.13,5.4,59210
2024-05-20,5.4,5.68,5.4,5.59,69931
2024-05-21,5.59,5.59,5.4,5.4,34056
2024-05-22,5.4,5.4,5.31,5.31,68956
2024-05-23,5.4,5.5,5.4,5.5,12701
2024-05-24,5.4,5.4,5.4,5.4,20700
2024-05-27,5.4,5.5,5.4,5.5,3210
2024-05-28,5.5,5.5,5.5,5.5,8825
2024-05-29,5.5,5.5,5.4,5.4,32600
2024-05-30,5.4,5.5,5.4,5.4,12800
2024-05-31,5.4,5.4,5.31,5.31,22503
2024-06-03,5.4,5.59,5.4,5.59,15800
2024-06-04,5.59,6.05,5.59,6.05,26144
2024-06-05,6.05,6.32,5.86,5.86,15336
2024-06-06,6.05,6.05,5.86,5.95,9200
2024-06-07,5.95,6.05,5.86,5.95,2200
2024-06-10,6.14,6.78,5.95,6.78,111702
2024-06-11,6.78,7.6,6.78,7.6,75110
2024-06-12,8.24,8.24,6.6,6.78,63710
2024-06-13,6.78,6.87,6.41,6.78,46600
2024-06-14,6.69,6.78,6.32,6.32,71105
2024-06-17,6.41,6.5,6.23,6.32,48000
2024-06-18,6.32,6.32,5.95,6.32,87900
2024-06-19,6.32,7.05,6.32,7.05,106100
2024-06-20,7.51,7.97,7.51,7.97,103563
2024-06-21,9.07,9.16,8.98,9.16,167207
2024-06-24,10.53,10.53,10.08,10.53,430432
2024-06-25,10.99,11.36,9.07,9.53,199873
2024-06-26,9.62,10.99,9.62,10.99,237102
2024-06-27,10.99,11.63,10.08,10.9,130601
2024-06-28,10.9,10.9,9.98,10.26,68641
2024-07-01,10.26,10.26,9.25,9.71,44509
2024-07-02,9.53,9.98,8.98,9.53,41207
2024-07-03,8.98,10.63,8.98,10.63,233017
2024-07-04,10.99,11.82,10.72,11.54,197219
2024-07-05,11.63,11.63,10.35,10.9,78323
2024-07-08,10.9,10.99,9.62,10.08,100143
2024-07-09,10.26,10.99,9.71,10.26,71221
2024-07-10,10.9,10.9,9.62,9.98,91210
2024-07-11,9.98,10.08,9.62,9.8,25404
2024-07-12,9.98,10.35,9.71,9.89,82822
2024-07-15,9.89,9.89,9.53,9.71,52337
2024-07-16,9.62,9.62,8.98,8.98,120007
2024-07-17,9.16,9.25,8.34,8.61,137400
2024-07-18,8.43,8.7,8.15,8.43,86008
2024-07-19,8.7,9.53,8.7,9.53,66201
2024-07-22,9.89,9.98,8.24,8.98,199110
2024-07-23,8.79,9.71,8.79,9.16,59572
2024-07-24,9.25,9.62,8.98,9.16,48032
2024-07-25,9.25,9.25,8.7,8.89,52511
2024-07-26,8.98,9.25,8.98,9.16,36200
2024-07-29,9.34,9.71,9.07,9.34,48862
2024-07-30,9.34,9.43,8.89,9.07,16020
2024-07-31,9.07,9.07,8.79,8.89,34411
2024-08-01,8.89,8.98,8.61,8.7,38701
2024-08-02,8.7,9.07,8.43,8.79,56802
2024-08-05,8.7,8.7,8.15,8.43,18404
2024-08-06,8.43,8.7,8.15,8.43,50521
2024-08-07,8.15,8.43,8.15,8.24,18907
2024-08-08,8.24,8.43,8.24,8.43,43680
2024-08-09,8.34,8.61,8.34,8.61,22500
2024-08-12,8.52,8.7,8.34,8.43,14502
2024-08-13,8.43,8.43,8.24,8.34,19600
2024-08-14,8.24,8.89,8.24,8.61,20137
2024-08-15,8.52,8.52,8.24,8.34,11301
2024-08-16,8.34,8.52,8.24,8.52,29725
2024-08-19,8.61,8.7,8.43,8.43,27200
2024-08-20,8.43,8.52,8.43,8.52,39600
2024-08-21,8.43,8.52,8.24,8.52,30200
2024-08-22,8.43,8.52,8.43,8.52,12643
2024-08-23,8.43,8.52,8.43,8.52,23305
2024-08-26,8.43,8.52,8.34,8.34,16732
2024-08-27,8.34,8.34,8.24,8.34,7518
2024-08-28,8.34,8.43,8.24,8.24,8001
2024-08-29,8.34,8.34,8.15,8.15,14608
2024-08-30,8.15,8.34,8.15,8.34,18910
2024-09-04,8.34,8.52,8.15,8.34,11002
2024-09-05,8.34,8.34,8.34,8.34,110
2024-09-06,8.24,8.24,8.15,8.15,4404
2024-09-09,8.15,8.15,7.97,8.06,7710
2024-09-10,8.24,8.34,7.88,8.06,15500
2024-09-11,7.88,7.88,7.6,7.69,19800
2024-09-12,7.97,7.97,7.79,7.79,13321
2024-09-13,7.79,7.79,7.6,7.69,18000
2024-09-16,7.79,7.79,7.79,7.79,1208
2024-09-17,7.79,7.79,7.79,7.79,3602
2024-09-18,7.6,7.79,7.6,7.79,900
2024-09-19,7.79,7.88,7.69,7.69,16120
2024-09-20,7.79,7.88,7.6,7.69,20400
2024-09-23,7.88,7.88,7.42,7.69,17600
2024-09-24,7.6,7.6,7.6,7.6,3900
2024-09-25,7.79,8.34,7.79,8.06,35404
2024-09-26,8.06,8.06,7.69,7.69,4715
2024-09-27,8.06,8.06,7.69,7.88,3700
2024-09-30,7.69,7.79,7.51,7.6,10200
2024-10-01,7.6,7.97,7.6,7.69,11924
2024-10-02,7.69,7.79,7.6,7.79,6600
2024-10-03,7.88,7.88,7.6,7.69,3526
2024-10-04,7.6,7.6,7.51,7.6,5300
2024-10-07,7.6,7.69,7.51,7.51,10900
2024-10-08,7.6,7.6,7.6,7.6,4700
2024-10-09,7.6,7.6,7.51,7.6,24300
2024-10-10,7.51,7.97,7.42,7.69,15551
2024-10-11,7.6,7.79,7.6,7.79,400
2024-10-14,7.51,7.69,7.51,7.6,9400
2024-10-15,7.51,7.51,7.42,7.51,17550
2024-10-16,7.79,7.79,7.51,7.51,2210
2024-10-17,7.42,7.69,7.33,7.69,9000
2024-10-18,7.42,7.42,7.33,7.42,16500
2024-10-21,7.42,7.42,7.33,7.33,13505
2024-10-22,7.69,8.43,7.69,8.43,290668
2024-10-23,8.7,8.7,7.97,8.15,10705
2024-10-24,8.15,8.34,7.79,7.97,86348
2024-10-25,8.06,8.06,7.88,7.88,28600
2024-10-28,7.97,7.97,7.79,7.79,28700
2024-10-29,7.88,8.15,7.79,8.06,48100
2024-10-30,8.15,8.15,7.88,7.97,15200
2024-10-31,8.06,8.06,7.88,7.97,32112
2024-11-01,7.97,7.97,7.79,7.79,27404
2024-11-04,7.79,7.79,7.6,7.6,23410
2024-11-05,8.06,8.06,7.69,7.88,39800
2024-11-06,7.88,7.88,7.79,7.79,10201
2024-11-07,7.79,7.88,7.79,7.79,21000
2024-11-08,7.79,8.43,7.79,8.43,74422
2024-11-11,8.24,9.34,8.24,9.34,118866
2024-11-12,9.89,10.35,9.16,9.25,126723
2024-11-13,8.52,9.89,8.52,9.53,97537
2024-11-14,9.34,9.43,9.07,9.07,31402
2024-11-15,9.07,9.16,8.89,8.89,35270
2024-11-18,8.98,9.07,8.79,9.07,25530
2024-11-19,8.98,8.98,8.7,8.89,35700
2024-11-20,8.61,8.79,8.34,8.61,30200
2024-11-21,8.7,8.7,8.52,8.61,32500
2024-11-22,8.52,8.61,8.43,8.52,34960
2024-11-25,8.61,8.89,8.61,8.7,39610
2024-11-26,8.7,8.7,8.52,8.7,23240
2024-11-27,8.7,8.79,8.7,8.7,26600
2024-11-28,8.79,9.53,8.79,9.34,116250
2024-11-29,9.25,9.25,9.07,9.07,41800
2024-12-02,9.07,9.16,8.89,8.98,51100
2024-12-03,9.07,9.16,9.07,9.16,54201
2024-12-04,9.25,9.34,8.89,8.98,18705
2024-12-05,8.89,9.16,8.7,8.89,64100
2024-12-06,8.79,8.89,8.7,8.89,46600
2024-12-09,8.79,8.89,8.7,8.79,9500
2024-12-10,8.79,8.79,8.7,8.7,45104
2024-12-11,8.7,8.79,8.61,8.7,33000
2024-12-12,8.7,8.89,8.61,8.7,26700
2024-12-13,8.61,8.7,8.61,8.61,52911
2024-12-16,8.7,8.7,8.52,8.7,64500
2024-12-17,8.61,8.7,8.61,8.7,8000
2024-12-18,8.61,8.7,8.61,8.7,6300
2024-12-19,8.61,8.61,8.52,8.61,15715
2024-12-20,8.7,9.89,8.7,9.71,187402
2024-12-23,9.71,10.44,9.71,9.89,107716
2024-12-24,10.08,10.08,9.16,9.43,149930
2024-12-25,9.34,9.89,9.25,9.62,112800
2024-12-26,9.62,9.71,9.34,9.53,70200
2024-12-27,9.53,9.53,9.25,9.34,36100
2024-12-30,9.43,9.43,9.25,9.25,30900
2024-12-31,9.25,9.71,9.16,9.34,51700
2025-01-02,9.34,9.34,9.25,9.34,20000
2025-01-03,9.43,9.43,9.25,9.43,21700
2025-01-06,9.43,9.98,9.43,9.62,89311
2025-01-07,9.62,9.8,9.34,9.34,32610
2025-01-08,9.53,10.26,9.34,10.17,122351
2025-01-09,10.17,11.27,10.08,11.27,711923
2025-01-10,11.72,12.46,11.27,11.45,181923
2025-01-13,11.63,13.37,10.9,12.0,274499
2025-01-14,12.0,12.27,10.44,10.81,390909
2025-01-15,10.9,11.27,10.72,10.9,127457
2025-01-16,10.9,12.09,10.81,11.91,209801
2025-01-17,12.37,13.28,11.91,12.18,257925
2025-01-20,12.46,13.1,11.82,12.82,104757
2025-01-21,12.82,13.01,10.81,10.81,510409
2025-01-22,10.81,10.99,10.44,10.63,159543
2025-01-23,10.53,10.99,10.17,10.53,117193
2025-01-24,10.53,10.72,10.26,10.26,94005
2025-02-03,10.35,10.35,9.89,10.17,93201
2025-02-04,10.44,10.99,10.26,10.9,113082
2025-02-05,11.27,11.36,10.81,11.36,136929
2025-02-06,11.54,11.82,11.18,11.36,87268
2025-02-07,11.36,11.63,10.99,11.18,67700
2025-02-10,11.18,11.18,10.44,10.72,195650
2025-02-11,10.63,10.9,10.53,10.9,42701
2025-02-12,10.81,11.08,10.72,10.9,45410
2025-02-13,10.81,11.54,10.72,11.45,85633
2025-02-14,11.45,11.63,10.81,10.9,103410
2025-02-17,10.9,11.27,10.9,10.99,38046
2025-02-18,10.9,10.99,10.81,10.99,74408
2025-02-19,11.08,11.36,10.99,11.27,96115
2025-02-20,11.36,11.45,10.99,11.27,70624
2025-02-21,11.27,11.27,10.99,11.18,72102
2025-02-24,11.27,11.82,11.08,11.54,167038
2025-02-25,11.45,11.45,11.18,11.27,39500
2025-02-26,11.36,12.46,11.27,11.63,121394
2025-02-27,11.36,11.82,11.27,11.54,31333
2025-02-28,11.36,11.45,11.18,11.27,84708
2025-03-03,11.45,11.63,11.18,11.36,20000
2025-03-04,11.27,11.36,10.53,10.99,176318
2025-03-05,10.99,10.99,10.35,10.63,123913
2025-03-06,10.53,10.72,10.44,10.63,26620
2025-03-07,10.53,10.53,10.35,10.44,59169
2025-03-10,10.44,10.72,10.26,10.44,63216
2025-03-11,10.44,10.44,10.35,10.44,22100
2025-03-12,10.44,10.63,10.35,10.44,21800
2025-03-13,10.53,10.63,10.35,10.35,31641
2025-03-14,10.44,10.44,10.17,10.26,28740
2025-03-17,10.26,10.44,10.26,10.26,17431
2025-03-18,10.35,10.53,10.35,10.35,9500
2025-03-19,10.44,10.44,10.26,10.44,17200
2025-03-20,10.26,10.44,10.26,10.35,18800
2025-03-21,10.35,10.35,10.08,10.17,113300
2025-03-24,10.17,10.17,9.8,9.98,75501
2025-03-25,9.98,10.17,9.98,10.17,23600
2025-03-26,10.08,10.17,9.98,10.08,27000
2025-03-27,10.08,10.08,9.98,9.98,9300
2025-03-28,10.08,10.08,9.89,9.98,25100
2025-03-31,9.89,10.08,9.89,9.98,12300
2025-04-01,9.98,10.08,9.98,9.98,2800
2025-04-02,10.08,10.08,9.98,9.98,3800
2025-04-03,9.89,9.89,8.52,8.52,96501
2025-04-04,7.51,8.34,7.51,8.24,100400
2025-04-08,7.6,7.69,6.96,6.96,50700
2025-04-09,7.05,7.14,7.05,7.05,21100
2025-04-10,7.69,8.06,7.69,8.06,4600
2025-04-11,8.06,8.06,7.33,7.88,30000
2025-04-14,7.79,8.7,7.79,8.43,32801
2025-04-15,8.61,8.7,8.15,8.43,20800
2025-04-16,8.15,8.24,8.06,8.24,6700
2025-04-17,8.06,8.15,7.97,8.15,8100
2025-04-18,7.97,8.43,7.97,8.34,9400
2025-04-21,8.15,8.43,7.79,8.15,41100
2025-04-22,8.06,8.24,7.79,8.24,42400
2025-04-23,8.24,8.7,8.24,8.61,18300
2025-04-24,8.7,8.7,8.24,8.52,23702
2025-04-25,8.52,8.52,8.24,8.34,2900
2025-04-28,8.43,8.79,8.24,8.52,5200
2025-04-29,8.24,8.7,8.24,8.52,9700
2025-05-05,8.43,8.52,8.24,8.52,9300
2025-05-06,8.52,8.7,8.34,8.34,19300
2025-05-07,8.43,8.52,8.43,8.43,1600
2025-05-08,8.61,8.61,8.34,8.43,9200
2025-05-09,8.43,8.43,8.24,8.24,10500
2025-05-12,8.24,8.52,8.15,8.34,13600
2025-05-13,8.61,8.61,8.15,8.34,12200
2025-05-14,8.43,9.16,8.15,8.52,31900
2025-05-15,8.79,8.79,8.43,8.7,9000
2025-05-16,8.52,8.7,8.24,8.52,9900
2025-05-19,8.52,8.52,8.15,8.34,10800
2025-05-20,8.43,8.52,8.15,8.52,4100
2025-05-21,8.52,8.52,8.34,8.43,3100
2025-05-22,8.43,8.43,7.88,8.34,128400
2025-05-23,8.34,8.52,8.34,8.52,8100
2025-05-26,8.61,8.61,8.24,8.43,20800
2025-05-27,8.43,9.43,8.15,8.7,125325
2025-05-28,9.07,9.07,8.52,8.7,9500
2025-05-29,8.89,8.89,8.24,8.34,52302
2025-05-30,8.43,8.52,8.24,8.43,12325
2025-06-02,8.24,8.34,8.24,8.34,21801
2025-06-03,8.34,8.52,8.24,8.52,17600
2025-06-04,8.52,8.52,8.24,8.43,26600
2025-06-05,8.34,8.43,8.34,8.43,6300
2025-06-06,8.61,8.61,8.24,8.43,11000
2025-06-09,8.43,8.43,8.34,8.43,6900
2025-06-10,8.43,8.52,8.24,8.52,11600
2025-06-11,8.52,8.52,8.34,8.43,3900
2025-06-12,8.52,8.52,8.34,8.43,3900
2025-06-13,8.34,8.43,8.15,8.34,25200
2025-06-16,8.43,8.52,8.24,8.52,17200
2025-06-17,8.43,8.52,8.34,8.43,9200
2025-06-18,8.34,8.43,8.24,8.43,9400
2025-06-19,8.34,8.43,8.24,8.34,15600
2025-06-20,8.34,8.43,8.24,8.24,14100
2025-06-23,8.43,8.61,8.34,8.34,11400
2025-06-24,8.43,8.52,8.34,8.43,6300
2025-06-25,8.43,8.43,8.24,8.43,8001
2025-06-26,8.43,8.43,8.24,8.34,14700
2025-06-27,8.43,8.43,8.15,8.24,14400
2025-06-30,8.24,8.34,8.24,8.34,9800
2025-07-01,8.24,8.34,8.24,8.34,18600
2025-07-02,8.24,8.24,8.15,8.24,17100
2025-07-03,8.24,8.34,8.24,8.34,3900
2025-07-04,8.34,8.34,8.15,8.34,17800
2025-07-07,8.34,8.34,8.15,8.24,14300
2025-07-08,8.24,8.24,8.24,8.24,18200
2025-07-09,8.15,8.34,8.06,8.24,26400
2025-07-10,8.15,8.43,8.15,8.43,30800
2025-07-11,8.43,8.89,8.43,8.7,45650
2025-07-14,8.79,8.98,8.61,8.7,19300
2025-07-15,8.79,8.79,8.61,8.79,32100
2025-07-16,8.7,8.7,8.61,8.7,2000
2025-07-17,9.07,9.07,8.61,8.7,8100
2025-07-18,8.7,8.79,8.52,8.7,10278
2025-07-21,8.7,8.89,8.61,8.79,21101
2025-07-22,8.61,9.07,8.61,9.07,20064
2025-07-23,9.07,9.07,8.79,8.98,6400
2025-07-24,9.07,9.07,8.52,8.7,22600
2025-07-25,8.79,8.98,8.52,8.89,15400
2025-07-28,8.89,8.89,8.7,8.7,18410
2025-07-29,8.79,8.79,8.52,8.52,25500
2025-07-30,8.61,8.7,8.43,8.52,23800
2025-07-31,8.52,8.61,8.43,8.61,27420
2025-08-01,8.52,8.52,8.43,8.52,20700
2025-08-04,8.43,8.43,8.34,8.43,12100
2025-08-05,8.52,8.52,8.34,8.34,20440
2025-08-06,8.43,8.43,8.34,8.43,3500
2025-08-07,8.34,8.52,8.34,8.34,10000
2025-08-08,8.43,8.7,8.43,8.7,21100
2025-08-11,8.7,8.7,8.34,8.52,11130
2025-08-12,8.7,8.7,8.43,8.61,9305
2025-08-13,8.7,8.7,8.52,8.61,6800
2025-08-14,8.7,8.7,8.52,8.61,19600
2025-08-15,8.61,8.61,8.52,8.61,27000
2025-08-18,8.43,8.52,8.43,8.52,2405
2025-08-19,8.52,8.61,8.43,8.61,13300
2025-08-20,8.52,8.61,8.43,8.43,9302
2025-08-21,8.52,8.61,8.43,8.61,1301
2025-08-22,8.61,8.61,8.43,8.43,5800
2025-08-25,8.52,8.52,8.43,8.52,5200
2025-08-26,8.43,8.52,8.43,8.52,3100
2025-08-27,8.52,8.61,8.43,8.61,25824
2025-08-28,8.61,8.61,8.52,8.61,11638
2025-08-29,8.43,8.61,8.43,8.52,8701
2025-09-03,8.7,8.7,8.52,8.7,2600
2025-09-04,8.52,8.61,8.43,8.61,2800
2025-09-05,8.52,8.61,8.43,8.61,36900
2025-09-08,8.52,8.61,8.43,8.43,20333
2025-09-09,8.52,8.7,8.52,8.7,20502
2025-09-10,8.7,8.7,8.61,8.7,3009
2025-09-11,8.7,8.79,8.52,8.7,20803
2025-09-12,8.61,8.7,8.61,8.61,8710
2025-09-15,8.7,8.79,8.7,8.79,13918
2025-09-16,8.79,8.89,8.7,8.7,10500
2025-09-17,8.7,8.7,8.52,8.52,20017
2025-09-18,8.61,8.89,8.61,8.79,33503
2025-09-19,9.2,9.4,8.9,8.9,24612
2025-09-22,8.9,9.2,8.6,8.9,30400
2025-09-23,9.1,9.1,8.8,8.9,1600
2025-09-24,8.8,8.9,8.7,8.9,1900
2025-09-25,8.8,8.9,8.8,8.9,1704
2025-09-26,8.8,8.9,8.8,8.9,2400
2025-09-29,8.8,8.9,8.8,8.8,1703
2025-09-30,8.9,8.9,8.6,8.8,15100
2025-10-01,8.8,8.9,8.8,8.9,638
2025-10-02,8.9,8.9,8.8,8.9,300
2025-10-03,8.8,8.9,8.7,8.9,11900
2025-10-06,9.0,9.4,9.0,9.1,4200
2025-10-07,9.3,9.4,9.2,9.3,4700
2025-10-08,8.9,9.2,8.9,9.2,800
2025-10-09,8.9,9.1,8.8,9.0,7000
2025-10-10,9.0,9.0,9.0,9.0,700
2025-10-13,8.9,9.0,8.8,9.0,1400
2025-10-14,9.0,9.0,8.8,9.0,1800
2025-10-15,9.0,9.0,8.6,9.0,38500
2025-10-16,8.9,9.0,8.6,8.9,10700
2025-10-17,8.7,8.7,8.5,8.7,16700
2025-10-20,8.9,8.9,8.5,8.7,2900
2025-10-21,8.4,8.8,8.4,8.4,12500
