time,open,high,low,close,volume
2013-11-15,1.2,1.2,1.2,1.2,10500
2013-11-18,1.3,1.3,1.3,1.3,11150
2013-11-19,1.4,1.4,1.4,1.4,1010
2013-11-20,1.5,1.5,1.5,1.5,300
2013-11-21,1.6,1.6,1.5,1.6,61700
2013-11-22,1.7,1.7,1.6,1.6,71710
2013-11-25,1.7,1.7,1.6,1.7,31300
2013-11-26,1.7,1.7,1.6,1.7,38000
2013-11-27,1.7,1.7,1.6,1.7,9180
2013-11-28,1.7,1.7,1.6,1.6,150000
2013-11-29,1.7,1.7,1.5,1.7,81500
2013-12-02,1.6,1.6,1.5,1.5,102100
2013-12-03,1.6,1.6,1.5,1.6,80400
2013-12-04,1.5,1.5,1.5,1.5,3800
2013-12-05,1.5,1.5,1.4,1.5,22100
2013-12-06,1.5,1.5,1.5,1.5,8900
2013-12-09,1.5,1.5,1.5,1.5,2000
2013-12-10,1.4,1.5,1.4,1.5,10500
2013-12-11,1.5,1.5,1.5,1.5,100
2013-12-12,1.6,1.6,1.4,1.5,27600
2013-12-13,1.5,1.5,1.4,1.5,15600
2013-12-16,1.5,1.6,1.5,1.6,11600
2013-12-17,1.6,1.6,1.5,1.6,28100
2013-12-18,1.6,1.6,1.5,1.6,23500
2013-12-19,1.5,1.6,1.5,1.6,20000
2013-12-20,1.4,1.5,1.4,1.5,35900
2013-12-23,1.5,1.5,1.4,1.5,55209
2013-12-24,1.5,1.5,1.4,1.5,54300
2013-12-25,1.5,1.5,1.5,1.5,54900
2013-12-26,1.5,1.6,1.5,1.6,10100
2013-12-27,1.5,1.6,1.5,1.6,31100
2013-12-30,1.5,1.5,1.4,1.5,40000
2013-12-31,1.4,1.6,1.4,1.6,31400
2014-01-02,1.5,1.6,1.5,1.6,20200
2014-01-03,1.5,1.5,1.5,1.5,7800
2014-01-06,1.5,1.6,1.5,1.6,10600
2014-01-07,1.6,1.6,1.6,1.6,43800
2014-01-08,1.6,1.6,1.6,1.6,16600
2014-01-09,1.6,1.7,1.6,1.7,39600
2014-01-10,1.7,1.7,1.6,1.7,35800
2014-01-13,1.8,1.8,1.8,1.8,18600
2014-01-14,1.9,1.9,1.7,1.7,53250
2014-01-15,2.0,2.0,2.0,2.0,36900
2014-01-16,2.2,2.2,2.2,2.2,50900
2014-01-17,2.4,2.4,2.2,2.2,16120
2014-01-20,2.1,2.1,2.1,2.1,27000
2014-01-21,1.9,1.9,1.9,1.9,11010
2014-01-22,1.8,1.8,1.8,1.8,21000
2014-01-23,1.7,1.9,1.7,1.9,35720
2014-01-24,1.8,1.8,1.6,1.8,21510
2014-01-27,1.7,1.7,1.7,1.7,7400
2014-02-06,1.8,1.8,1.8,1.8,2030
2014-02-07,1.9,1.9,1.7,1.9,75000
2014-02-10,1.9,1.9,1.7,1.9,44510
2014-02-11,1.8,1.8,1.8,1.8,36110
2014-02-12,1.8,1.9,1.8,1.9,40920
2014-02-13,1.8,1.9,1.7,1.8,55000
2014-02-14,1.6,1.7,1.6,1.7,40330
2014-02-17,1.6,1.7,1.6,1.7,113910
2014-02-18,1.7,1.7,1.7,1.7,9920
2014-02-19,1.8,1.8,1.7,1.8,30230
2014-02-20,1.6,1.8,1.6,1.7,6910
2014-02-21,1.7,1.8,1.6,1.8,1700
2014-02-24,1.8,1.8,1.7,1.7,10150
2014-02-25,1.7,1.7,1.7,1.7,19710
2014-02-26,1.7,1.8,1.7,1.8,31120
2014-02-27,1.8,1.9,1.8,1.8,19500
2014-02-28,1.7,1.8,1.7,1.7,14400
2014-03-03,1.8,1.8,1.7,1.8,5160
2014-03-04,1.7,1.8,1.7,1.7,12020
2014-03-05,1.8,1.8,1.7,1.8,12100
2014-03-06,1.7,1.8,1.7,1.7,53190
2014-03-07,1.7,1.7,1.7,1.7,4700
2014-03-10,1.8,1.8,1.7,1.7,14200
2014-03-11,1.7,1.7,1.6,1.6,27800
2014-03-12,1.6,1.7,1.6,1.7,20800
2014-03-13,1.7,1.8,1.6,1.6,59840
2014-03-14,1.7,1.7,1.7,1.7,34710
2014-03-17,1.7,1.8,1.7,1.8,56700
2014-03-18,1.8,1.8,1.7,1.7,47700
2014-03-19,1.7,1.9,1.7,1.8,64700
2014-03-20,1.8,1.9,1.7,1.9,85010
2014-03-21,2.0,2.0,2.0,2.0,98440
2014-03-24,2.2,2.2,2.2,2.2,99860
2014-03-25,2.4,2.4,2.3,2.4,292700
2014-03-26,2.6,2.6,2.4,2.5,176150
2014-03-27,2.5,2.6,2.4,2.5,188500
2014-03-28,2.5,2.5,2.4,2.5,60800
2014-03-31,2.3,2.5,2.3,2.4,90400
2014-04-01,2.4,2.4,2.2,2.3,207040
2014-04-02,2.1,2.4,2.1,2.2,76700
2014-04-03,2.2,2.4,2.2,2.4,90500
2014-04-04,2.2,2.3,2.1,2.3,27450
2014-04-07,2.3,2.3,2.1,2.2,29900
2014-04-08,2.2,2.2,2.1,2.2,76600
2014-04-10,2.3,2.3,2.2,2.2,16010
2014-04-11,2.1,2.2,2.1,2.2,12415
2014-04-14,2.2,2.3,2.1,2.1,25100
2014-04-15,2.1,2.2,2.1,2.1,31300
2014-04-16,2.0,2.0,1.9,1.9,45600
2014-04-17,2.0,2.0,2.0,2.0,8300
2014-04-18,1.9,1.9,1.8,1.9,13800
2014-04-21,1.8,1.9,1.8,1.9,2900
2014-04-22,1.9,1.9,1.9,1.81,13000
2014-04-23,2.0,2.0,1.8,2.0,3800
2014-04-24,1.8,1.8,1.8,1.8,200
2014-04-25,1.9,1.9,1.9,1.9,11200
2014-04-28,2.0,2.0,2.0,2.0,500
2014-04-29,2.0,2.1,1.9,2.1,13300
2014-05-05,1.9,2.0,1.8,2.0,5500
2014-05-06,1.7,1.8,1.7,1.8,26600
2014-05-07,1.7,1.8,1.7,1.8,10400
2014-05-08,1.7,1.7,1.6,1.6,17740
2014-05-09,1.7,1.7,1.6,1.7,12100
2014-05-12,1.6,1.7,1.6,1.7,6200
2014-05-13,1.5,1.6,1.5,1.6,7900
2014-05-14,1.6,1.6,1.6,1.6,10200
2014-05-15,1.5,1.6,1.5,1.6,9200
2014-05-16,1.5,1.6,1.5,1.6,600
2014-05-19,1.6,1.6,1.6,1.6,1100
2014-05-20,1.6,1.7,1.5,1.5,8410
2014-05-21,1.5,1.6,1.5,1.6,60510
2014-05-22,1.6,1.6,1.5,1.5,7300
2014-05-23,1.5,1.5,1.5,1.5,3810
2014-05-26,1.5,1.6,1.5,1.6,36800
2014-05-27,1.6,1.6,1.4,1.6,25010
2014-05-28,1.4,1.5,1.4,1.5,101600
2014-05-29,1.5,1.5,1.5,1.5,48800
2014-05-30,1.5,1.6,1.5,1.6,13100
2014-06-02,1.5,1.6,1.5,1.5,1800
2014-06-03,1.5,1.5,1.5,1.5,12200
2014-06-04,1.4,1.5,1.4,1.4,218100
2014-06-05,1.4,1.4,1.3,1.4,158400
2014-06-06,1.4,1.4,1.4,1.4,4100
2014-06-09,1.4,1.5,1.3,1.4,14600
2014-06-10,1.3,1.3,1.3,1.3,91800
2014-06-11,1.3,1.4,1.2,1.3,18510
2014-06-12,1.4,1.4,1.3,1.4,14000
2014-06-13,1.3,1.3,1.3,1.3,35800
2014-06-16,1.3,1.4,1.3,1.4,78700
2014-06-17,1.4,1.5,1.4,1.5,63300
2014-06-18,1.6,1.6,1.4,1.6,34300
2014-06-19,1.5,1.5,1.5,1.5,14700
2014-06-20,1.4,1.5,1.4,1.5,50200
2014-06-23,1.4,1.5,1.4,1.5,25500
2014-06-24,1.5,1.5,1.4,1.5,26900
2014-06-25,1.4,1.5,1.4,1.4,53200
2014-06-26,1.5,1.5,1.4,1.5,31400
2014-06-27,1.5,1.5,1.4,1.4,10200
2014-06-30,1.5,1.5,1.5,1.5,19600
2014-07-01,1.5,1.6,1.5,1.6,79700
2014-07-02,1.6,1.7,1.6,1.7,111600
2014-07-03,1.8,1.8,1.8,1.8,84400
2014-07-04,1.9,1.9,1.7,1.8,43910
2014-07-07,1.8,1.9,1.7,1.8,33100
2014-07-08,1.7,1.8,1.7,1.7,26100
2014-07-09,1.7,1.8,1.6,1.8,61500
2014-07-10,1.8,1.8,1.7,1.8,29600
2014-07-11,1.7,1.7,1.6,1.7,3700
2014-07-14,1.7,1.8,1.7,1.8,3700
2014-07-15,1.7,1.7,1.7,1.7,8800
2014-07-16,1.6,1.7,1.6,1.7,60200
2014-07-17,1.7,1.7,1.6,1.6,5100
2014-07-18,1.6,1.6,1.6,1.6,1400
2014-07-21,1.6,1.6,1.6,1.6,4400
2014-07-22,1.5,1.6,1.5,1.5,2220
2014-07-23,1.6,1.7,1.6,1.7,10100
2014-07-24,1.7,1.7,1.6,1.6,13100
2014-07-25,1.6,1.6,1.5,1.5,69900
2014-07-28,1.6,1.6,1.5,1.5,7600
2014-07-29,1.5,1.5,1.5,1.5,28001
2014-07-30,1.6,1.6,1.6,1.6,1100
2014-07-31,1.6,1.6,1.5,1.6,1301
2014-08-01,1.6,1.6,1.6,1.6,100
2014-08-04,1.5,1.5,1.5,1.5,500
2014-08-05,1.6,1.6,1.6,1.6,7200
2014-08-06,1.6,1.6,1.6,1.6,9303
2014-08-07,1.6,1.6,1.5,1.5,21000
2014-08-08,1.6,1.6,1.6,1.6,100
2014-08-11,1.6,1.6,1.6,1.6,3500
2014-08-12,1.6,1.6,1.5,1.6,800
2014-08-13,1.5,1.6,1.5,1.6,1100
2014-08-14,1.5,1.6,1.5,1.6,15200
2014-08-15,1.6,1.6,1.6,1.6,7250
2014-08-18,1.6,1.6,1.6,1.6,8500
2014-08-19,1.5,1.5,1.5,1.5,6400
2014-08-20,1.5,1.6,1.5,1.5,38100
2014-08-21,1.5,1.6,1.5,1.5,15100
2014-08-22,1.5,1.6,1.4,1.6,155700
2014-08-25,1.5,1.5,1.4,1.5,43700
2014-08-26,1.5,1.5,1.5,1.43,2500
2014-08-27,1.5,1.6,1.5,1.5,36500
2014-08-28,1.5,1.5,1.4,1.5,19200
2014-08-29,1.5,1.5,1.5,1.5,2500
2014-09-03,1.5,1.5,1.4,1.4,3500
2014-09-04,1.5,1.5,1.4,1.4,6000
2014-09-05,1.4,1.5,1.4,1.5,51500
2014-09-08,1.6,1.6,1.5,1.6,36700
2014-09-09,1.6,1.7,1.5,1.6,53310
2014-09-10,1.6,1.7,1.5,1.7,23300
2014-09-11,1.7,1.7,1.5,1.6,20222
2014-09-12,1.6,1.7,1.5,1.7,39400
2014-09-15,1.7,1.7,1.7,1.7,64200
2014-09-16,1.8,1.8,1.7,1.8,21210
2014-09-17,1.8,1.9,1.7,1.8,78054
2014-09-18,1.7,1.8,1.7,1.7,21600
2014-09-19,1.7,1.7,1.7,1.7,310
2014-09-22,1.7,1.7,1.6,1.6,5000
2014-09-23,1.7,1.7,1.7,1.7,110
2014-09-24,1.6,1.6,1.6,1.6,7300
2014-09-25,1.7,1.7,1.5,1.7,12700
2014-09-26,1.7,1.8,1.7,1.8,2400
2014-09-29,1.7,1.7,1.7,1.8,1110
2014-09-30,1.6,1.7,1.6,1.7,22400
2014-10-01,1.7,1.7,1.5,1.6,6200
2014-10-02,1.6,1.6,1.5,1.6,2220
2014-10-03,1.6,1.6,1.6,1.6,400
2014-10-06,1.5,1.6,1.5,1.6,20710
2014-10-07,1.6,1.6,1.5,1.5,200
2014-10-08,1.6,1.6,1.6,1.6,560
2014-10-09,1.6,1.6,1.6,1.6,0
2014-10-10,1.5,1.6,1.5,1.5,11705
2014-10-13,1.5,1.5,1.5,1.5,100
2014-10-14,1.5,1.5,1.5,1.5,5004
2014-10-15,1.5,1.5,1.4,1.5,22700
2014-10-16,1.5,1.5,1.5,1.5,8616
2014-10-17,1.5,1.6,1.5,1.6,5400
2014-10-20,1.5,1.6,1.5,1.5,10800
2014-10-21,1.5,1.6,1.5,1.5,21600
2014-10-22,1.5,1.5,1.5,1.5,825
2014-10-23,1.6,1.6,1.6,1.6,10500
2014-10-24,1.6,1.7,1.5,1.6,38500
2014-10-27,1.5,1.6,1.5,1.6,6900
2014-10-28,1.6,1.6,1.6,1.6,300
2014-10-29,1.5,1.5,1.5,1.5,6900
2014-10-30,1.5,1.5,1.5,1.5,500
2014-10-31,1.5,1.6,1.5,1.6,7200
2014-11-03,1.6,1.6,1.6,1.6,100
2014-11-04,1.5,1.5,1.5,1.5,4000
2014-11-05,1.6,1.6,1.6,1.6,1400
2014-11-06,1.6,1.6,1.6,1.6,10
2014-11-07,1.5,1.6,1.5,1.5,13910
2014-11-10,1.5,1.5,1.5,1.5,7400
2014-11-11,1.5,1.5,1.5,1.5,3000
2014-11-12,1.5,1.5,1.5,1.5,1000
2014-11-13,1.6,1.6,1.6,1.6,20100
2014-11-14,1.5,1.5,1.5,1.5,20100
2014-11-17,1.5,1.5,1.5,1.5,700
2014-11-18,1.5,1.5,1.4,1.5,8300
2014-11-19,1.4,1.5,1.4,1.4,3000
2014-11-20,1.6,1.6,1.6,1.6,100
2014-11-21,1.5,1.5,1.5,1.5,4600
2014-11-24,1.4,1.5,1.4,1.5,16100
2014-11-25,1.5,1.6,1.5,1.5,14200
2014-11-26,1.5,1.5,1.4,1.4,22000
2014-11-27,1.4,1.4,1.4,1.4,0
2014-11-28,1.5,1.5,1.4,1.5,2300
2014-12-01,1.4,1.4,1.4,1.4,34800
2014-12-02,1.4,1.5,1.4,1.5,11000
2014-12-03,1.5,1.5,1.5,1.5,0
2014-12-04,1.4,1.5,1.4,1.5,1600
2014-12-05,1.5,1.5,1.4,1.4,2100
2014-12-08,1.5,1.5,1.4,1.5,2900
2014-12-09,1.5,1.5,1.5,1.5,0
2014-12-10,1.5,1.5,1.5,1.5,0
2014-12-11,1.4,1.4,1.4,1.4,2762
2014-12-12,1.5,1.5,1.5,1.5,100
2014-12-15,1.5,1.5,1.4,1.4,32900
2014-12-16,1.4,1.4,1.4,1.4,1000
2014-12-17,1.3,1.5,1.3,1.5,700
2014-12-18,1.5,1.5,1.5,1.5,0
2014-12-19,1.3,1.5,1.3,1.5,8800
2014-12-22,1.4,1.4,1.4,1.4,100
2014-12-23,1.5,1.5,1.4,1.5,7300
2014-12-24,1.5,1.5,1.5,1.5,0
2014-12-25,1.5,1.5,1.5,1.5,0
2014-12-26,1.5,1.5,1.5,1.5,0
2014-12-29,1.3,1.4,1.3,1.3,16200
2014-12-30,1.4,1.4,1.4,1.4,100
2014-12-31,1.4,1.4,1.4,1.4,8000
2015-01-05,1.4,1.4,1.4,1.4,0
2015-01-06,1.4,1.4,1.4,1.4,0
2015-01-07,1.4,1.4,1.4,1.4,200
2015-01-08,1.3,1.4,1.3,1.4,4000
2015-01-09,1.4,1.4,1.4,1.4,2000
2015-01-12,1.3,1.4,1.3,1.4,14200
2015-01-13,1.3,1.3,1.3,1.3,4900
2015-01-14,1.3,1.3,1.3,1.3,5500
2015-01-15,1.3,1.4,1.3,1.4,6000
2015-01-16,1.4,1.4,1.4,1.4,0
2015-01-19,1.4,1.4,1.4,1.4,100
2015-01-20,1.4,1.4,1.4,1.4,0
2015-01-21,1.4,1.5,1.4,1.5,1100
2015-01-22,1.5,1.5,1.5,1.5,0
2015-01-23,1.4,1.4,1.4,1.4,100
2015-01-26,1.4,1.4,1.4,1.4,5000
2015-01-27,1.4,1.4,1.4,1.4,0
2015-01-28,1.4,1.4,1.4,1.4,0
2015-01-29,1.5,1.5,1.4,1.4,5000
2015-01-30,1.3,1.3,1.3,1.3,600
2015-02-02,1.3,1.3,1.3,1.3,0
2015-02-03,1.3,1.3,1.3,1.3,0
2015-02-04,1.4,1.4,1.4,1.4,100
2015-02-05,1.4,1.4,1.4,1.4,0
2015-02-06,1.3,1.3,1.3,1.3,400
2015-02-09,1.3,1.3,1.3,1.3,500
2015-02-10,1.3,1.3,1.3,1.3,500
2015-02-11,1.3,1.3,1.3,1.3,0
2015-02-12,1.4,1.4,1.4,1.4,100
2015-02-13,1.4,1.4,1.4,1.4,3700
2015-02-24,1.4,1.4,1.3,1.3,12400
2015-02-25,1.3,1.3,1.3,1.3,100
2015-02-26,1.3,1.4,1.3,1.4,1944
2015-02-27,1.3,1.4,1.3,1.4,2000
2015-03-02,1.3,1.3,1.3,1.3,6600
2015-03-03,1.2,1.2,1.2,1.2,5400
2015-03-04,1.2,1.2,1.2,1.2,100
2015-03-05,1.3,1.3,1.2,1.3,3610
2015-03-06,1.3,1.4,1.3,1.4,700
2015-03-09,1.3,1.4,1.3,1.4,300
2015-03-10,1.3,1.3,1.3,1.3,9900
2015-03-11,1.3,1.3,1.2,1.3,3800
2015-03-12,1.3,1.3,1.3,1.3,13700
2015-03-13,1.3,1.4,1.3,1.4,3100
2015-03-16,1.3,1.4,1.3,1.3,9500
2015-03-17,1.2,1.3,1.2,1.3,3600
2015-03-18,1.3,1.3,1.3,1.3,200
2015-03-19,1.2,1.4,1.2,1.4,1100
2015-03-20,1.3,1.4,1.3,1.4,3600
2015-03-23,1.4,1.4,1.4,1.4,0
2015-03-24,1.3,1.3,1.3,1.3,1500
2015-03-25,1.4,1.4,1.3,1.3,800
2015-03-26,1.2,1.4,1.2,1.3,1100
2015-03-27,1.4,1.4,1.2,1.3,37300
2015-03-30,1.3,1.3,1.3,1.3,8700
2015-03-31,1.4,1.4,1.4,1.3,100
2015-04-01,1.3,1.3,1.3,1.3,2000
2015-04-02,1.2,1.3,1.2,1.3,18500
2015-04-03,1.3,1.3,1.1,1.3,4000
2015-04-06,1.3,1.3,1.3,1.3,1200
2015-04-07,1.2,1.3,1.2,1.3,3730
2015-04-08,1.3,1.3,1.3,1.3,300
2015-04-09,1.2,1.2,1.2,1.2,2300
2015-04-10,1.3,1.3,1.1,1.3,27400
2015-04-13,1.2,1.2,1.2,1.2,2200
2015-04-14,1.3,1.3,1.3,1.3,100
2015-04-15,1.3,1.3,1.3,1.3,100
2015-04-16,1.3,1.3,1.3,1.3,100
2015-04-17,1.3,1.3,1.2,1.3,400
2015-04-20,1.2,1.3,1.2,1.3,7200
2015-04-21,1.3,1.3,1.1,1.2,3340
2015-04-22,1.2,1.2,1.2,1.2,900
2015-04-23,1.3,1.3,1.1,1.3,2200
2015-04-24,1.2,1.3,1.2,1.3,300
2015-04-27,1.3,1.3,1.3,1.3,0
2015-05-04,1.3,1.3,1.3,1.3,0
2015-05-05,1.2,1.2,1.2,1.2,7000
2015-05-06,1.3,1.3,1.2,1.2,2100
2015-05-07,1.2,1.3,1.1,1.2,16300
2015-05-08,1.2,1.2,1.2,1.2,0
2015-05-11,1.1,1.3,1.1,1.1,23100
2015-05-12,1.0,1.2,1.0,1.2,2200
2015-05-13,1.2,1.2,1.2,1.2,110
2015-05-14,1.1,1.1,1.1,1.1,18400
2015-05-15,1.2,1.2,1.1,1.2,8400
2015-05-18,1.2,1.2,1.2,1.2,100
2015-05-19,1.1,1.2,1.1,1.2,20700
2015-05-20,1.2,1.2,1.1,1.2,5200
2015-05-21,1.2,1.2,1.2,1.2,100
2015-05-22,1.1,1.1,1.1,1.1,12100
2015-05-25,1.2,1.2,1.0,1.2,11800
2015-05-26,1.1,1.1,1.1,1.1,3400
2015-05-27,1.2,1.2,1.1,1.1,9900
2015-05-28,1.2,1.2,1.0,1.1,15800
2015-05-29,1.1,1.1,1.1,1.1,12200
2015-06-01,1.1,1.1,1.1,1.1,200
2015-06-02,1.1,1.1,1.0,1.1,8000
2015-06-03,1.0,1.1,0.9,1.1,1200
2015-06-04,1.1,1.1,1.0,1.0,8800
2015-06-05,1.1,1.2,1.1,1.2,700
2015-06-08,1.1,1.2,1.1,1.2,1200
2015-06-09,1.0,1.1,1.0,1.1,27000
2015-06-10,1.1,1.1,1.0,1.0,6400
2015-06-11,1.0,1.0,1.0,1.0,10000
2015-06-12,1.0,1.1,1.0,1.1,15000
2015-06-15,1.1,1.1,1.0,1.0,10100
2015-06-16,1.1,1.1,1.0,1.0,36200
2015-06-17,1.0,1.1,1.0,1.1,85100
2015-06-18,1.0,1.1,0.9,1.1,36800
2015-06-19,1.0,1.1,1.0,1.1,142200
2015-06-22,1.1,1.1,1.1,1.1,31100
2015-06-23,1.2,1.2,1.1,1.2,77030
2015-06-24,1.2,1.2,1.2,1.2,39200
2015-06-25,1.1,1.2,1.1,1.1,36500
2015-06-26,1.0,1.2,1.0,1.1,9350
2015-06-29,1.0,1.1,1.0,1.1,67000
2015-06-30,1.0,1.1,1.0,1.1,17000
2015-07-01,1.1,1.1,1.0,1.0,11600
2015-07-02,1.0,1.1,0.9,1.1,21700
2015-07-03,1.0,1.0,0.9,1.0,7900
2015-07-06,1.0,1.0,0.9,1.0,24600
2015-07-07,1.0,1.1,0.9,1.1,24500
2015-07-08,1.0,1.0,0.9,0.9,11600
2015-07-09,1.0,1.0,0.9,1.0,3800
2015-07-10,1.0,1.1,0.9,1.0,14250
2015-07-13,0.9,1.1,0.9,1.1,8600
2015-07-14,0.9,1.1,0.9,1.0,10500
2015-07-15,0.9,1.1,0.9,0.9,10300
2015-07-16,0.9,1.0,0.9,1.0,15600
2015-07-17,0.9,1.0,0.9,1.0,700
2015-07-20,1.0,1.0,1.0,1.0,100
2015-07-21,0.9,0.9,0.9,0.9,100
2015-07-22,1.0,1.0,1.0,1.0,26000
2015-07-23,0.9,1.0,0.9,1.0,3400
2015-07-24,0.9,1.1,0.9,1.1,2110
2015-07-27,0.9,1.0,0.9,1.0,12400
2015-07-28,1.0,1.0,1.0,1.0,3560
2015-07-29,0.9,1.0,0.9,1.0,4300
2015-07-30,1.0,1.0,0.9,0.9,700
2015-07-31,1.0,1.0,0.9,1.0,54410
2015-08-03,1.0,1.0,1.0,1.0,11100
2015-08-04,1.0,1.1,0.9,1.0,57300
2015-08-05,1.0,1.0,1.0,1.0,16100
2015-08-06,1.0,1.0,0.9,0.9,5100
2015-08-07,1.0,1.0,0.9,1.0,14900
2015-08-10,1.0,1.0,1.0,1.0,13100
2015-08-11,1.0,1.0,1.0,1.0,3100
2015-08-12,1.0,1.0,1.0,1.0,900
2015-08-13,1.0,1.0,1.0,1.0,17000
2015-08-14,1.1,1.1,1.0,1.0,14400
2015-08-17,1.1,1.1,1.0,1.0,33100
2015-08-18,1.0,1.1,0.9,0.9,43300
2015-08-19,0.9,1.0,0.9,1.0,9100
2015-08-20,1.0,1.0,1.0,1.0,9400
2015-08-21,0.9,0.9,0.9,0.9,17600
2015-08-24,0.9,0.9,0.8,0.8,63300
2015-08-25,1.0,1.0,0.9,0.9,18100
2015-08-26,0.9,0.9,0.9,0.9,34800
2015-08-27,1.0,1.0,1.0,1.0,1000
2015-08-28,1.0,1.0,1.0,1.0,10600
2015-08-31,1.0,1.0,1.0,1.0,0
2015-09-01,1.0,1.0,1.0,1.0,800
2015-09-03,1.0,1.0,1.0,1.0,0
2015-09-04,0.9,1.0,0.9,1.0,1000
2015-09-07,1.0,1.0,1.0,1.0,0
2015-09-08,0.9,1.0,0.9,1.0,14200
2015-09-09,1.0,1.0,1.0,1.0,100
2015-09-10,0.9,1.0,0.9,1.0,300
2015-09-11,0.9,0.9,0.9,0.9,36000
2015-09-14,0.9,0.9,0.8,0.9,9100
2015-09-15,0.9,0.9,0.9,0.9,7500
2015-09-16,1.0,1.0,1.0,1.0,100
2015-09-17,1.0,1.0,1.0,1.0,0
2015-09-18,0.9,1.0,0.9,1.0,200
2015-09-21,0.9,1.0,0.9,1.0,200
2015-09-22,1.0,1.0,0.9,0.9,1000
2015-09-23,0.9,0.9,0.9,0.9,13900
2015-09-24,0.9,0.9,0.9,0.9,500
2015-09-25,0.9,0.9,0.9,0.9,100
2015-09-28,0.9,1.0,0.9,1.0,11100
2015-09-29,1.0,1.1,1.0,1.1,109500
2015-09-30,1.2,1.2,1.1,1.1,24500
2015-10-01,1.1,1.1,1.1,1.1,9900
2015-10-02,1.0,1.0,1.0,1.0,7000
2015-10-05,1.0,1.0,1.0,1.0,0
2015-10-06,1.0,1.1,1.0,1.1,85800
2015-10-07,1.1,1.2,1.0,1.2,24000
2015-10-08,1.2,1.2,1.2,1.2,104200
2015-10-09,1.3,1.3,1.3,1.3,205200
2015-10-12,1.3,1.4,1.3,1.4,30020
2015-10-13,1.2,1.4,1.2,1.4,123300
2015-10-14,1.4,1.4,1.4,1.4,140069
2015-10-15,1.5,1.5,1.4,1.4,24000
2015-10-16,1.4,1.4,1.3,1.4,53100
2015-10-19,1.4,1.5,1.4,1.4,38340
2015-10-20,1.4,1.4,1.4,1.4,29000
2015-10-21,1.2,1.4,1.2,1.4,14150
2015-10-22,1.4,1.4,1.4,1.4,100
2015-10-23,1.3,1.3,1.3,1.3,3000
2015-10-26,1.4,1.4,1.3,1.3,27500
2015-10-27,1.3,1.3,1.2,1.2,27400
2015-10-28,1.3,1.3,1.2,1.2,51500
2015-10-29,1.2,1.2,1.2,1.2,47200
2015-10-30,1.1,1.3,1.1,1.3,600
2015-11-02,1.2,1.2,1.2,1.2,100
2015-11-03,1.3,1.3,1.1,1.1,9700
2015-11-04,1.1,1.1,1.0,1.0,31000
2015-11-05,0.9,1.0,0.9,1.0,2000
2015-11-06,1.1,1.1,1.1,1.1,630
2015-11-09,1.1,1.1,1.1,1.1,1700
2015-11-10,1.2,1.2,1.2,1.2,11500
2015-11-11,1.2,1.2,1.2,1.2,200
2015-11-12,1.1,1.2,1.1,1.2,2800
2015-11-13,1.1,1.2,1.1,1.2,24700
2015-11-16,1.2,1.2,1.2,1.2,30
2015-11-17,1.2,1.2,1.2,1.2,1500
2015-11-18,1.1,1.2,1.1,1.2,32800
2015-11-19,1.3,1.3,1.1,1.1,49400
2015-11-20,1.1,1.1,1.1,1.1,6000
2015-11-23,1.1,1.1,1.0,1.0,26100
2015-11-24,1.1,1.1,1.1,1.1,10300
2015-11-25,1.2,1.2,1.2,1.2,8000
2015-11-26,1.2,1.3,1.2,1.3,92100
2015-11-27,1.3,1.3,1.3,1.3,100
2015-11-30,1.2,1.2,1.2,1.2,20000
2015-12-01,1.2,1.2,1.2,1.2,4000
2015-12-02,1.2,1.2,1.2,1.2,30000
2015-12-03,1.3,1.3,1.3,1.3,200
2015-12-04,1.2,1.2,1.2,1.2,21000
2015-12-07,1.2,1.2,1.2,1.2,20000
2015-12-08,1.3,1.3,1.1,1.1,8200
2015-12-09,1.2,1.2,1.2,1.2,500
2015-12-10,1.1,1.2,1.1,1.1,2800
2015-12-11,1.1,1.1,1.1,1.1,200
2015-12-14,1.1,1.1,1.0,1.0,4400
2015-12-15,1.1,1.1,0.9,1.1,1000
2015-12-16,1.1,1.1,1.1,1.1,0
2015-12-17,1.1,1.1,1.1,1.1,0
2015-12-18,1.1,1.1,1.1,1.1,0
2015-12-21,1.1,1.1,1.1,1.1,400
2015-12-22,1.1,1.1,1.1,1.1,0
2015-12-23,1.1,1.1,1.1,1.1,69
2015-12-24,1.2,1.2,1.2,1.2,100
2015-12-25,1.2,1.2,1.2,1.2,0
2015-12-28,1.2,1.2,1.2,1.2,0
2015-12-29,1.1,1.1,1.1,1.1,1000
2015-12-30,1.1,1.1,1.1,1.1,0
2015-12-31,1.2,1.2,1.2,1.2,100
2016-01-04,1.2,1.2,1.2,1.2,0
2016-01-05,1.2,1.2,1.2,1.2,0
2016-01-06,1.1,1.1,1.1,1.1,200
2016-01-07,1.0,1.1,1.0,1.0,8800
2016-01-08,1.1,1.1,0.9,0.9,3400
2016-01-11,1.0,1.0,1.0,1.0,400
2016-01-12,1.1,1.1,1.1,1.1,600
2016-01-13,1.1,1.1,1.1,1.1,0
2016-01-14,1.0,1.2,1.0,1.2,3100
2016-01-15,1.0,1.0,1.0,1.0,1000
2016-01-18,1.0,1.1,1.0,1.1,300
2016-01-19,1.1,1.1,1.1,1.1,0
2016-01-20,1.0,1.0,1.0,1.0,2000
2016-01-21,1.0,1.0,1.0,1.0,100
2016-01-22,1.1,1.1,1.1,1.1,100
2016-01-25,1.1,1.1,1.1,1.1,0
2016-01-26,1.1,1.1,1.1,1.1,0
2016-01-27,1.1,1.1,1.1,1.1,0
2016-01-28,1.0,1.0,1.0,1.0,100
2016-01-29,1.0,1.0,1.0,1.0,0
2016-02-01,1.0,1.0,1.0,1.0,0
2016-02-02,0.9,0.9,0.9,0.9,4500
2016-02-03,0.9,0.9,0.8,0.8,29500
2016-02-04,0.9,0.9,0.9,0.9,100
2016-02-05,0.9,0.9,0.9,0.9,0
2016-02-15,0.9,0.9,0.9,0.9,0
2016-02-16,0.8,0.9,0.8,0.9,200
2016-02-17,0.9,0.9,0.9,0.9,800
2016-02-18,0.9,0.9,0.9,0.9,2300
2016-02-19,0.9,0.9,0.9,0.9,1500
2016-02-22,0.9,0.9,0.9,0.9,200
2016-02-23,0.9,0.9,0.9,0.9,24100
2016-02-24,0.9,0.9,0.9,0.9,35900
2016-02-25,1.0,1.0,1.0,1.0,24200
2016-02-26,1.1,1.1,1.1,1.1,7500
2016-02-29,1.0,1.1,1.0,1.1,40200
2016-03-01,1.0,1.1,1.0,1.1,26200
2016-03-02,1.0,1.1,1.0,1.1,4400
2016-03-03,1.1,1.1,1.1,1.1,0
2016-03-04,1.1,1.1,1.1,1.1,100
2016-03-07,1.1,1.1,1.1,1.1,2100
2016-03-08,1.1,1.1,1.1,1.1,200
2016-03-09,1.1,1.1,1.1,1.1,500
2016-03-10,1.1,1.1,1.1,1.1,100
2016-03-11,1.1,1.1,1.1,1.1,0
2016-03-14,1.0,1.0,1.0,1.0,5600
2016-03-15,1.1,1.1,1.1,1.1,700
2016-03-16,1.1,1.1,1.1,1.1,0
2016-03-17,1.1,1.1,1.1,1.1,2000
2016-03-18,1.0,1.0,1.0,1.0,5000
2016-03-21,1.1,1.1,0.9,0.9,30230
2016-03-22,1.0,1.0,0.9,1.0,27700
2016-03-23,1.0,1.0,1.0,1.0,100
2016-03-24,1.0,1.0,1.0,1.0,4100
2016-03-25,1.0,1.0,1.0,1.0,19900
2016-03-28,1.1,1.1,1.1,1.1,12400
2016-03-29,1.1,1.1,1.1,1.1,80000
2016-03-30,1.0,1.2,1.0,1.2,347800
2016-03-31,1.3,1.3,1.2,1.3,79400
2016-04-01,1.3,1.4,1.2,1.3,16900
2016-04-04,1.2,1.2,1.2,1.2,800
2016-04-05,1.1,1.1,1.1,1.1,2800
2016-04-06,1.0,1.1,1.0,1.1,120200
2016-04-07,1.1,1.1,1.1,1.1,90000
2016-04-08,1.2,1.2,1.0,1.0,13900
2016-04-11,1.0,1.1,1.0,1.1,21700
2016-04-12,1.1,1.1,0.9,0.9,147400
2016-04-13,0.8,0.9,0.8,0.9,92705
2016-04-14,0.9,0.9,0.9,0.9,63200
2016-04-15,0.9,0.9,0.9,0.9,2400
2016-04-19,0.9,0.9,0.9,0.9,7800
2016-04-20,0.8,1.0,0.8,1.0,89100
2016-04-21,0.9,1.0,0.9,0.9,14400
2016-04-22,0.9,1.0,0.9,0.9,27300
2016-04-25,0.9,0.9,0.9,0.9,21500
2016-04-26,0.9,0.9,0.8,0.8,31300
2016-04-27,0.9,0.9,0.9,0.9,39400
2016-04-28,0.9,1.0,0.9,1.0,40200
2016-04-29,0.9,0.9,0.9,0.9,11500
2016-05-04,0.9,0.9,0.9,0.9,4010
2016-05-05,0.9,0.9,0.9,0.9,11800
2016-05-06,0.9,0.9,0.9,0.9,41300
2016-05-09,0.9,0.9,0.9,0.9,6100
2016-05-10,0.9,0.9,0.9,0.9,5600
2016-05-11,0.9,0.9,0.9,0.9,0
2016-05-12,0.8,0.9,0.8,0.9,3400
2016-05-13,0.9,0.9,0.8,0.9,6100
2016-05-16,0.9,0.9,0.8,0.9,2200
2016-05-17,0.9,0.9,0.8,0.8,10100
2016-05-18,0.8,0.8,0.8,0.8,3600
2016-05-19,0.8,0.9,0.8,0.9,1300
2016-05-20,0.8,0.8,0.8,0.8,4900
2016-05-23,0.7,0.7,0.7,0.7,21900
2016-05-24,0.6,0.7,0.6,0.7,56801
2016-05-25,0.6,0.7,0.6,0.7,20400
2016-05-26,0.7,0.7,0.7,0.7,0
2016-05-27,0.7,0.7,0.7,0.7,12700
2016-05-30,0.7,0.7,0.7,0.7,0
2016-05-31,0.7,0.7,0.7,0.7,0
2016-06-01,0.7,0.7,0.7,0.7,0
2016-06-02,0.7,0.7,0.7,0.7,0
2016-06-03,0.6,0.6,0.6,0.6,9700
2016-06-06,0.6,0.6,0.6,0.6,0
2016-06-07,0.6,0.6,0.6,0.6,0
2016-06-08,0.6,0.6,0.6,0.6,0
2016-06-09,0.6,0.6,0.6,0.6,0
2016-06-10,0.5,0.5,0.5,0.5,159000
2016-06-13,0.5,0.5,0.5,0.5,0
2016-06-14,0.5,0.5,0.5,0.5,0
2016-06-15,0.5,0.5,0.5,0.5,0
2016-06-16,0.5,0.5,0.5,0.5,0
2016-06-17,0.5,0.5,0.5,0.5,0
2016-06-20,0.5,0.5,0.5,0.5,0
2016-06-21,0.5,0.5,0.5,0.5,0
2016-06-22,0.5,0.5,0.5,0.5,0
2016-06-23,0.5,0.5,0.5,0.5,0
2016-06-24,0.5,0.6,0.5,0.6,59800
2016-06-27,0.6,0.6,0.6,0.6,0
2016-06-28,0.6,0.6,0.6,0.6,0
2016-06-29,0.6,0.6,0.6,0.6,0
2016-06-30,0.6,0.6,0.6,0.6,0
2016-07-01,0.5,0.5,0.4,0.4,36800
2016-07-04,0.4,0.4,0.4,0.4,0
2016-07-05,0.4,0.4,0.4,0.4,0
2016-07-06,0.4,0.4,0.4,0.4,0
2016-07-07,0.4,0.4,0.4,0.4,0
2016-07-08,0.5,0.5,0.5,0.5,9200
2016-07-11,0.5,0.5,0.5,0.5,0
2016-07-12,0.5,0.5,0.5,0.5,0
2016-07-13,0.5,0.5,0.5,0.5,0
2016-07-14,0.5,0.5,0.5,0.5,0
2016-07-15,0.4,0.5,0.4,0.5,1100
2016-07-18,0.5,0.5,0.5,0.5,0
2016-07-19,0.5,0.5,0.5,0.5,0
2016-07-20,0.5,0.5,0.5,0.5,0
2016-07-21,0.5,0.5,0.5,0.5,0
2016-07-22,0.4,0.5,0.4,0.5,300
2016-07-25,0.5,0.5,0.5,0.5,0
2016-07-26,0.5,0.5,0.5,0.5,0
2016-07-27,0.5,0.5,0.5,0.5,0
2016-07-28,0.5,0.5,0.5,0.5,0
2016-07-29,0.4,0.4,0.4,0.4,900
2016-08-01,0.4,0.4,0.4,0.4,0
2016-08-02,0.4,0.4,0.4,0.4,0
2016-08-03,0.4,0.4,0.4,0.4,0
2016-08-04,0.4,0.4,0.4,0.4,0
2016-08-05,0.4,0.4,0.4,0.4,14900
2016-08-08,0.4,0.4,0.4,0.4,0
2016-08-09,0.4,0.4,0.4,0.4,0
2016-08-10,0.4,0.4,0.4,0.4,0
2016-08-11,0.4,0.4,0.4,0.4,0
2016-08-12,0.4,0.4,0.3,0.0,18100
2016-08-15,0.4,0.4,0.4,0.4,0
2016-08-16,0.4,0.4,0.4,0.4,0
2016-08-17,0.4,0.4,0.4,0.4,0
2016-08-18,0.4,0.4,0.4,0.4,0
2016-08-19,0.4,0.4,0.4,0.4,3000
2016-08-22,0.4,0.4,0.4,0.4,0
2016-08-23,0.4,0.4,0.4,0.4,0
2016-08-24,0.4,0.4,0.4,0.4,0
2016-08-25,0.4,0.4,0.4,0.4,0
2016-08-26,0.3,0.3,0.3,0.3,100
2016-08-29,0.3,0.3,0.3,0.3,0
2016-08-30,0.3,0.3,0.3,0.3,0
2016-08-31,0.3,0.3,0.3,0.3,0
2016-09-01,0.3,0.3,0.3,0.3,0
2016-09-05,0.3,0.3,0.3,0.3,0
2016-09-06,0.3,0.3,0.3,0.3,0
2016-09-07,0.3,0.3,0.3,0.3,0
2016-09-08,0.3,0.3,0.3,0.3,0
2016-09-09,0.3,0.4,0.3,0.4,25800
2016-09-12,0.4,0.4,0.4,0.4,0
2016-09-13,0.4,0.4,0.4,0.4,0
2016-09-14,0.4,0.4,0.4,0.4,0
2016-09-15,0.4,0.4,0.4,0.4,0
2016-09-16,0.4,0.4,0.4,0.4,20000
2016-09-19,0.4,0.4,0.4,0.4,0
2016-09-20,0.4,0.4,0.4,0.4,0
2016-09-21,0.4,0.4,0.4,0.4,0
2016-09-22,0.4,0.4,0.4,0.4,0
2016-09-23,0.3,0.5,0.3,0.5,103200
2016-09-26,0.5,0.5,0.5,0.5,0
2016-09-27,0.5,0.5,0.5,0.5,0
2016-09-28,0.5,0.5,0.5,0.5,0
2016-09-29,0.5,0.5,0.5,0.5,0
2016-09-30,0.5,0.5,0.4,0.5,28420
2016-10-03,0.5,0.5,0.5,0.5,0
2016-10-04,0.5,0.5,0.5,0.5,0
2016-10-05,0.5,0.5,0.5,0.5,0
2016-10-06,0.5,0.5,0.5,0.5,0
2016-10-07,0.5,0.6,0.5,0.5,57305
2016-10-10,0.5,0.5,0.5,0.5,0
2016-10-11,0.5,0.5,0.5,0.5,0
2016-10-12,0.5,0.5,0.5,0.5,0
2016-10-13,0.5,0.5,0.5,0.5,0
2016-10-14,0.5,0.5,0.5,0.5,29301
2016-10-17,0.5,0.5,0.5,0.5,0
2016-10-18,0.5,0.5,0.5,0.5,0
2016-10-19,0.5,0.5,0.5,0.5,0
2016-10-20,0.5,0.5,0.5,0.5,0
2016-10-21,0.5,0.5,0.5,0.5,0
2016-10-24,0.5,0.5,0.5,0.5,0
2016-10-25,0.5,0.5,0.5,0.5,0
2016-10-26,0.5,0.5,0.5,0.5,0
2016-10-27,0.5,0.5,0.5,0.5,0
2016-10-28,0.4,0.4,0.4,0.4,5014
2016-10-31,0.4,0.4,0.4,0.4,0
2016-11-01,0.4,0.4,0.4,0.4,0
2016-11-02,0.4,0.4,0.4,0.4,0
2016-11-03,0.4,0.4,0.4,0.4,0
2016-11-04,0.3,0.5,0.3,0.3,14100
2016-11-07,0.3,0.3,0.3,0.3,0
2016-11-08,0.3,0.3,0.3,0.3,0
2016-11-09,0.3,0.3,0.3,0.3,0
2016-11-10,0.3,0.3,0.3,0.3,0
2016-11-11,0.4,0.4,0.3,0.4,12700
2016-11-14,0.4,0.4,0.4,0.4,0
2016-11-15,0.4,0.4,0.4,0.4,0
2016-11-16,0.4,0.4,0.4,0.4,0
2016-11-17,0.4,0.4,0.4,0.4,0
2016-11-18,0.4,0.4,0.3,0.3,9000
2016-11-21,0.3,0.3,0.3,0.3,0
2016-11-22,0.3,0.3,0.3,0.3,0
2016-11-23,0.3,0.3,0.3,0.3,0
2016-11-24,0.3,0.3,0.3,0.3,0
2016-11-25,0.4,0.5,0.4,0.5,8500
2016-11-28,0.5,0.5,0.5,0.5,0
2016-11-29,0.5,0.5,0.5,0.5,0
2016-11-30,0.5,0.5,0.5,0.5,0
2016-12-01,0.5,0.5,0.5,0.5,0
2016-12-02,0.5,0.5,0.5,0.5,0
2016-12-05,0.5,0.5,0.5,0.5,0
2016-12-06,0.5,0.5,0.5,0.5,0
2016-12-07,0.5,0.5,0.5,0.5,0
2016-12-08,0.5,0.5,0.5,0.5,0
2016-12-09,0.4,0.5,0.4,0.5,6300
2016-12-12,0.5,0.5,0.5,0.5,0
2016-12-13,0.5,0.5,0.5,0.5,0
2016-12-14,0.5,0.5,0.5,0.5,0
2016-12-15,0.5,0.5,0.5,0.5,0
2016-12-16,0.4,0.4,0.4,0.4,2500
2016-12-19,0.4,0.4,0.4,0.4,0
2016-12-20,0.4,0.4,0.4,0.4,0
2016-12-21,0.4,0.4,0.4,0.4,0
2016-12-22,0.4,0.4,0.4,0.4,0
2016-12-23,0.3,0.4,0.3,0.4,3200
2016-12-26,0.4,0.4,0.4,0.4,0
2016-12-27,0.4,0.4,0.4,0.4,0
2016-12-28,0.4,0.4,0.4,0.4,0
2016-12-29,0.4,0.4,0.4,0.4,0
2016-12-30,0.3,0.4,0.3,0.4,2100
2017-01-03,0.4,0.4,0.4,0.4,0
2017-01-04,0.4,0.4,0.4,0.4,0
2017-01-05,0.4,0.4,0.4,0.4,0
2017-01-06,0.4,0.4,0.4,0.4,10050
2017-01-09,0.4,0.4,0.4,0.4,0
2017-01-10,0.4,0.4,0.4,0.4,0
2017-01-11,0.4,0.4,0.4,0.4,0
2017-01-12,0.4,0.4,0.4,0.4,0
2017-01-13,0.5,0.5,0.3,0.3,5200
2017-01-16,0.3,0.3,0.3,0.3,0
2017-01-17,0.3,0.3,0.3,0.3,0
2017-01-18,0.3,0.3,0.3,0.3,0
2017-01-19,0.3,0.3,0.3,0.3,0
2017-01-20,0.3,0.3,0.3,0.3,0
2017-01-23,0.3,0.3,0.3,0.3,0
2017-01-24,0.3,0.3,0.3,0.3,0
2017-01-25,0.3,0.3,0.3,0.3,0
2017-02-02,0.3,0.3,0.3,0.3,0
2017-02-03,0.3,0.3,0.3,0.3,0
2017-02-06,0.3,0.3,0.3,0.3,0
2017-02-07,0.3,0.3,0.3,0.3,0
2017-02-08,0.3,0.3,0.3,0.3,0
2017-02-09,0.3,0.3,0.3,0.3,0
2017-02-10,0.3,0.3,0.3,0.3,0
2017-02-13,0.3,0.3,0.3,0.3,0
2017-02-14,0.3,0.3,0.3,0.3,0
2017-02-15,0.3,0.3,0.3,0.3,0
2017-02-16,0.3,0.3,0.3,0.3,0
2017-02-17,0.3,0.3,0.3,0.3,0
2017-02-20,0.3,0.3,0.3,0.3,0
2017-02-21,0.3,0.3,0.3,0.3,0
2017-02-22,0.3,0.3,0.3,0.3,0
2017-02-23,0.3,0.3,0.3,0.3,0
2017-02-24,0.3,0.3,0.3,0.3,0
2017-02-27,0.3,0.3,0.3,0.3,0
2017-02-28,0.3,0.3,0.3,0.3,0
2017-03-01,0.3,0.3,0.3,0.3,0
2017-03-02,0.3,0.3,0.3,0.3,0
2017-03-03,0.3,0.3,0.3,0.3,0
2017-03-06,0.3,0.3,0.3,0.3,0
2017-03-07,0.3,0.3,0.3,0.3,0
2017-03-08,0.3,0.3,0.3,0.3,0
2017-03-09,0.3,0.3,0.3,0.3,0
2017-03-10,0.3,0.3,0.3,0.3,0
2017-03-13,0.3,0.3,0.3,0.3,0
2017-03-14,0.3,0.3,0.3,0.3,0
2017-03-15,0.3,0.3,0.3,0.3,0
2017-03-16,0.3,0.3,0.3,0.3,0
2017-03-17,0.3,0.3,0.3,0.3,0
2017-03-20,0.3,0.3,0.3,0.3,0
2017-03-21,0.5,0.5,0.5,0.5,0
2017-03-22,0.5,0.5,0.5,0.5,0
2017-03-23,0.5,0.5,0.5,0.5,0
2017-03-24,0.5,0.5,0.5,0.5,0
2017-03-27,0.5,0.5,0.5,0.5,0
2017-03-28,0.5,0.5,0.5,0.5,0
2017-03-29,0.5,0.5,0.5,0.5,0
2017-03-30,0.5,0.5,0.5,0.5,0
2017-03-31,0.5,0.5,0.5,0.5,0
2017-04-03,0.5,0.5,0.5,0.5,0
2017-04-04,0.5,0.5,0.5,0.5,0
2017-04-05,0.5,0.5,0.5,0.5,0
2017-04-07,0.5,0.5,0.5,0.5,0
2017-04-10,0.5,0.5,0.5,0.5,0
2017-04-11,0.5,0.5,0.5,0.5,0
2017-04-12,0.5,0.5,0.5,0.5,0
2017-04-13,0.5,0.5,0.5,0.5,0
2017-04-14,0.5,0.5,0.5,0.5,0
2017-04-17,0.5,0.5,0.5,0.5,0
2017-04-18,0.5,0.5,0.5,0.5,0
2017-04-19,0.5,0.5,0.5,0.5,0
2017-04-20,0.5,0.5,0.5,0.5,0
2017-04-21,0.5,0.5,0.5,0.5,0
2017-04-24,0.5,0.5,0.5,0.5,0
2017-04-25,0.5,0.5,0.5,0.5,0
2017-04-26,0.5,0.5,0.5,0.5,0
2017-04-27,0.5,0.5,0.5,0.5,0
2017-04-28,0.5,0.5,0.5,0.5,0
2017-05-03,0.5,0.5,0.5,0.5,0
2017-05-04,0.5,0.5,0.5,0.5,0
2017-05-05,0.5,0.5,0.5,0.5,0
2017-05-08,0.5,0.5,0.5,0.5,0
2017-05-09,0.5,0.5,0.5,0.5,0
2017-05-10,0.5,0.5,0.5,0.5,0
2017-05-11,0.5,0.5,0.5,0.5,0
2017-05-12,0.5,0.5,0.5,0.5,0
2017-05-15,0.5,0.5,0.5,0.5,0
2017-05-16,0.5,0.5,0.5,0.5,0
2017-05-17,0.5,0.5,0.5,0.5,0
2017-05-18,0.5,0.5,0.5,0.5,0
2017-05-19,0.5,0.5,0.5,0.5,0
2017-05-22,0.5,0.5,0.5,0.5,0
2017-05-23,0.5,0.5,0.5,0.5,0
2017-05-24,0.5,0.5,0.5,0.5,0
2017-05-25,0.5,0.5,0.5,0.5,0
2017-05-26,0.5,0.5,0.5,0.5,0
2017-05-29,0.5,0.5,0.5,0.5,0
2017-05-30,0.5,0.5,0.5,0.5,0
2017-05-31,0.5,0.5,0.5,0.5,0
2017-06-01,0.5,0.5,0.5,0.5,0
2017-06-02,0.5,0.5,0.5,0.5,0
2017-06-05,0.5,0.5,0.5,0.5,0
2017-06-06,0.5,0.5,0.5,0.5,0
2017-06-07,0.49,0.49,0.49,0.49,0
2017-06-08,0.5,0.5,0.5,0.5,0
2017-06-09,0.5,0.5,0.5,0.5,0
2017-06-12,0.5,0.5,0.5,0.5,0
2017-06-13,0.5,0.5,0.5,0.5,0
2017-06-14,0.5,0.5,0.5,0.5,0
2017-06-15,0.5,0.5,0.5,0.5,0
2017-06-16,0.5,0.5,0.5,0.5,0
2017-06-19,0.5,0.5,0.5,0.5,0
2017-06-20,0.5,0.5,0.5,0.5,0
2017-06-21,0.5,0.5,0.5,0.5,0
2017-06-22,0.5,0.5,0.5,0.5,0
2017-06-23,0.5,0.5,0.5,0.5,0
2017-06-26,0.5,0.5,0.5,0.5,0
2017-06-27,0.5,0.5,0.5,0.5,0
2017-06-28,0.5,0.5,0.5,0.5,0
2017-06-29,0.5,0.5,0.5,0.5,0
2017-06-30,0.5,0.5,0.5,0.5,0
2017-07-03,0.5,0.5,0.5,0.5,0
2017-07-04,0.5,0.5,0.5,0.5,0
2017-07-05,0.5,0.5,0.5,0.5,0
2017-07-06,0.5,0.5,0.5,0.5,0
2017-07-07,0.5,0.5,0.5,0.5,0
2017-07-10,0.5,0.5,0.5,0.5,0
2017-07-11,0.5,0.5,0.5,0.5,0
2017-07-12,0.5,0.5,0.5,0.5,0
2017-07-13,0.5,0.5,0.5,0.5,0
2017-07-14,0.5,0.5,0.5,0.5,0
2017-07-17,0.5,0.5,0.5,0.5,0
2017-07-18,0.5,0.5,0.5,0.5,0
2017-07-19,0.5,0.5,0.5,0.5,0
2017-07-20,0.5,0.5,0.5,0.5,0
2017-07-21,0.5,0.5,0.5,0.5,0
2017-07-24,0.5,0.5,0.5,0.5,0
2017-07-25,0.5,0.5,0.5,0.5,0
2017-07-26,0.5,0.5,0.5,0.5,0
2017-07-27,0.5,0.5,0.5,0.5,0
2017-07-28,0.5,0.5,0.5,0.5,0
2017-07-31,0.5,0.5,0.5,0.5,0
2017-08-01,0.5,0.5,0.5,0.5,0
2017-08-02,0.5,0.5,0.5,0.5,0
2017-08-03,0.5,0.5,0.5,0.5,0
2017-08-04,0.5,0.5,0.5,0.5,0
2017-08-07,0.5,0.5,0.5,0.5,0
2017-08-08,0.5,0.5,0.5,0.5,0
2017-08-09,0.5,0.5,0.5,0.5,0
2017-08-10,0.5,0.5,0.5,0.5,0
2017-08-11,0.5,0.5,0.5,0.5,0
2017-08-14,0.5,0.5,0.5,0.5,0
2017-08-15,0.5,0.5,0.5,0.5,0
2017-08-16,0.5,0.5,0.5,0.5,0
2017-08-17,0.5,0.5,0.5,0.5,0
2017-08-18,0.5,0.5,0.5,0.5,0
2017-08-21,0.5,0.5,0.5,0.5,0
2017-08-22,0.5,0.5,0.5,0.5,0
2017-08-23,0.5,0.5,0.5,0.5,0
2017-08-24,0.5,0.5,0.5,0.5,0
2017-08-25,0.5,0.5,0.5,0.5,0
2017-08-28,0.5,0.5,0.5,0.5,0
2017-08-29,0.5,0.5,0.5,0.5,0
2017-08-30,0.5,0.5,0.5,0.5,0
2017-08-31,0.5,0.5,0.5,0.5,0
2017-09-01,0.5,0.5,0.5,0.5,0
2017-09-05,0.5,0.5,0.5,0.5,0
2017-09-06,0.5,0.5,0.5,0.5,0
2017-09-07,0.5,0.5,0.5,0.5,0
2017-09-08,0.5,0.5,0.5,0.5,0
2017-09-11,0.5,0.5,0.5,0.5,0
2017-09-12,0.5,0.5,0.5,0.5,0
2017-09-13,0.5,0.5,0.5,0.5,0
2017-09-14,0.5,0.5,0.5,0.5,0
2017-09-15,0.5,0.5,0.5,0.5,0
2017-09-18,0.5,0.5,0.5,0.5,0
2017-09-19,0.5,0.5,0.5,0.5,0
2017-09-20,0.5,0.5,0.5,0.5,0
2017-09-21,0.5,0.5,0.5,0.5,0
2017-09-22,0.5,0.5,0.5,0.5,0
2017-09-25,0.5,0.5,0.5,0.5,0
2017-09-26,0.5,0.5,0.5,0.5,0
2017-09-27,0.5,0.5,0.5,0.5,0
2017-09-28,0.5,0.5,0.5,0.5,0
2017-09-29,0.5,0.5,0.5,0.5,0
2017-10-02,0.5,0.5,0.5,0.5,0
2017-10-03,0.5,0.5,0.5,0.5,0
2017-10-04,0.5,0.5,0.5,0.5,0
2017-10-05,0.5,0.5,0.5,0.5,0
2017-10-06,0.5,0.5,0.5,0.5,0
2017-10-09,0.5,0.5,0.5,0.5,0
2017-10-10,0.5,0.5,0.5,0.5,0
2017-10-11,0.5,0.5,0.5,0.5,0
2017-10-12,0.5,0.5,0.5,0.5,0
2017-10-13,0.5,0.5,0.5,0.5,0
2017-10-16,0.5,0.5,0.5,0.5,0
2017-10-17,0.5,0.5,0.5,0.5,0
2017-10-18,0.5,0.5,0.5,0.5,0
2017-10-19,0.5,0.5,0.5,0.5,0
2017-10-20,0.5,0.5,0.5,0.5,0
2017-10-23,0.5,0.5,0.5,0.5,0
2017-10-24,0.5,0.5,0.5,0.5,0
2017-10-25,0.5,0.5,0.5,0.5,0
2017-10-26,0.5,0.5,0.5,0.5,0
2017-10-27,0.5,0.5,0.5,0.5,0
2017-10-30,0.5,0.5,0.5,0.5,0
2017-10-31,0.5,0.5,0.5,0.5,0
2017-11-01,0.5,0.5,0.5,0.5,0
2017-11-02,0.5,0.5,0.5,0.5,0
2017-11-03,0.5,0.5,0.5,0.5,0
2017-11-06,0.5,0.5,0.5,0.5,0
2017-11-07,0.5,0.5,0.5,0.5,0
2017-11-08,0.5,0.5,0.5,0.5,0
2017-11-09,0.5,0.5,0.5,0.5,0
2017-11-10,0.5,0.5,0.5,0.5,0
2017-11-13,0.5,0.5,0.5,0.5,0
2017-11-14,0.5,0.5,0.5,0.5,0
2017-11-15,0.5,0.5,0.5,0.5,0
2017-11-16,0.5,0.5,0.5,0.5,0
2017-11-17,0.5,0.5,0.5,0.5,0
2017-11-20,0.5,0.5,0.5,0.5,0
2017-11-21,0.5,0.5,0.5,0.5,0
2017-11-22,0.5,0.5,0.5,0.5,0
2017-11-23,0.5,0.5,0.5,0.5,0
2017-11-24,0.5,0.5,0.5,0.5,0
2017-11-27,0.5,0.5,0.5,0.5,0
2017-11-28,0.5,0.5,0.5,0.5,0
2017-11-29,0.5,0.5,0.5,0.5,0
2017-11-30,0.5,0.5,0.5,0.5,0
2017-12-01,0.5,0.5,0.5,0.5,0
2017-12-04,0.5,0.5,0.5,0.5,0
2017-12-05,0.5,0.5,0.5,0.5,0
2017-12-06,0.5,0.5,0.5,0.5,0
2017-12-07,0.5,0.5,0.5,0.5,0
2017-12-08,0.5,0.5,0.5,0.5,0
2017-12-11,0.5,0.5,0.5,0.5,0
2017-12-12,0.5,0.5,0.5,0.5,0
2017-12-13,0.5,0.5,0.5,0.5,0
2017-12-14,0.5,0.5,0.5,0.5,0
2017-12-15,0.5,0.5,0.5,0.5,0
2017-12-18,0.5,0.5,0.5,0.5,0
2017-12-19,0.5,0.5,0.5,0.5,0
2017-12-20,0.5,0.5,0.5,0.5,0
2017-12-21,0.5,0.5,0.5,0.5,0
2017-12-22,0.5,0.5,0.5,0.5,0
2017-12-25,0.5,0.5,0.5,0.5,0
2017-12-26,0.5,0.5,0.5,0.5,0
2017-12-27,0.5,0.5,0.5,0.5,0
2017-12-28,0.5,0.5,0.5,0.5,0
2017-12-29,0.5,0.5,0.5,0.5,0
2018-01-02,0.5,0.5,0.5,0.5,0
2018-01-03,0.5,0.5,0.5,0.5,0
2018-01-04,0.5,0.5,0.5,0.5,0
2018-01-05,0.5,0.5,0.5,0.5,0
2018-01-08,0.5,0.5,0.5,0.5,0
2018-01-09,0.5,0.5,0.5,0.5,0
2018-01-10,0.5,0.5,0.5,0.5,0
2018-01-11,0.5,0.5,0.5,0.5,0
2018-01-12,0.5,0.5,0.5,0.5,0
2018-01-15,0.5,0.5,0.5,0.5,0
2018-01-16,0.5,0.5,0.5,0.5,0
2018-01-17,0.5,0.5,0.5,0.5,0
2018-01-18,0.5,0.5,0.5,0.5,0
2018-01-19,0.5,0.5,0.5,0.5,0
2018-01-22,0.5,0.5,0.5,0.5,0
2018-01-23,0.5,0.5,0.5,0.5,0
2018-01-24,0.5,0.5,0.5,0.5,0
2018-01-25,0.5,0.5,0.5,0.5,0
2018-01-26,0.5,0.5,0.5,0.5,0
2018-01-29,0.5,0.5,0.5,0.5,0
2018-01-30,0.5,0.5,0.5,0.5,0
2018-01-31,0.5,0.5,0.5,0.5,0
2018-02-01,0.5,0.5,0.5,0.5,0
2018-02-02,0.5,0.5,0.5,0.5,0
2018-02-05,0.5,0.5,0.5,0.5,0
2018-02-06,0.5,0.5,0.5,0.5,0
2018-02-07,0.5,0.5,0.5,0.5,0
2018-02-08,0.5,0.5,0.5,0.5,0
2018-02-09,0.5,0.5,0.5,0.5,0
2018-02-12,0.5,0.5,0.5,0.5,0
2018-02-13,0.5,0.5,0.5,0.5,0
2018-02-21,0.5,0.5,0.5,0.5,0
2018-02-22,0.5,0.5,0.5,0.5,0
2018-02-23,0.5,0.5,0.5,0.5,0
2018-02-26,0.5,0.5,0.5,0.5,0
2018-02-27,0.5,0.5,0.5,0.5,0
2018-02-28,0.5,0.5,0.5,0.5,0
2018-03-01,0.5,0.5,0.5,0.5,0
2018-03-02,0.5,0.5,0.5,0.5,0
2018-03-05,0.5,0.5,0.5,0.5,0
2018-03-06,0.5,0.5,0.5,0.5,0
2018-03-07,0.5,0.5,0.5,0.5,0
2018-03-08,0.5,0.5,0.5,0.5,0
2018-03-09,0.5,0.5,0.5,0.5,0
2018-03-12,0.5,0.5,0.5,0.5,0
2018-03-13,0.5,0.5,0.5,0.5,0
2018-03-14,0.5,0.5,0.5,0.5,0
2018-03-15,0.5,0.5,0.5,0.5,0
2018-03-16,0.5,0.5,0.5,0.5,0
2018-03-19,0.5,0.5,0.5,0.5,0
2018-03-20,0.5,0.5,0.5,0.5,0
2018-03-21,0.5,0.5,0.5,0.5,0
2018-03-22,0.5,0.5,0.5,0.5,0
2018-03-23,0.5,0.5,0.5,0.5,0
2018-03-26,0.5,0.5,0.5,0.5,0
2018-03-27,0.5,0.5,0.5,0.5,0
2018-03-28,0.5,0.5,0.5,0.5,0
2018-03-29,0.5,0.5,0.5,0.5,0
2018-03-30,0.5,0.5,0.5,0.5,0
2018-04-02,0.5,0.5,0.5,0.5,0
2018-04-03,0.5,0.5,0.5,0.5,0
2018-04-04,0.5,0.5,0.5,0.5,0
2018-04-05,0.5,0.5,0.5,0.5,0
2018-04-06,0.5,0.5,0.5,0.5,0
2018-04-09,0.5,0.5,0.5,0.5,0
2018-04-10,0.5,0.5,0.5,0.5,0
2018-04-11,0.5,0.5,0.5,0.5,0
2018-04-12,0.5,0.5,0.5,0.5,0
2018-04-13,0.5,0.5,0.5,0.5,0
2018-04-16,0.5,0.5,0.5,0.5,0
2018-04-17,0.5,0.5,0.5,0.5,0
2018-04-18,0.5,0.5,0.5,0.5,0
2018-04-19,0.5,0.5,0.5,0.5,0
2018-04-20,0.5,0.5,0.5,0.5,0
2018-04-23,0.5,0.5,0.5,0.5,0
2018-04-24,0.5,0.5,0.5,0.5,0
2018-04-26,0.5,0.5,0.5,0.5,0
2018-04-27,0.5,0.5,0.5,0.5,0
2018-05-02,0.5,0.5,0.5,0.5,0
2018-05-03,0.5,0.5,0.5,0.5,0
2018-05-04,0.5,0.5,0.5,0.5,0
2018-05-07,0.5,0.5,0.5,0.5,0
2018-05-08,0.5,0.5,0.5,0.5,0
2018-05-09,0.5,0.5,0.5,0.5,0
2018-05-10,0.5,0.5,0.5,0.5,0
2018-05-11,0.5,0.5,0.5,0.5,0
2018-05-14,0.5,0.5,0.5,0.5,0
2018-05-15,0.5,0.5,0.5,0.5,0
2018-05-16,0.5,0.5,0.5,0.5,0
2018-05-17,0.5,0.5,0.5,0.5,0
2018-05-18,0.5,0.5,0.5,0.5,0
2018-05-21,0.5,0.5,0.5,0.5,0
2018-05-22,0.5,0.5,0.5,0.5,0
2018-05-23,0.5,0.5,0.5,0.5,0
2018-05-24,0.5,0.5,0.5,0.5,0
2018-05-25,0.5,0.5,0.5,0.5,0
2018-05-28,0.5,0.5,0.5,0.5,0
2018-05-29,0.5,0.5,0.5,0.5,0
2018-05-30,0.5,0.5,0.5,0.5,0
2018-05-31,0.5,0.5,0.5,0.5,0
2018-06-01,0.5,0.5,0.5,0.5,0
2018-06-04,0.5,0.5,0.5,0.5,0
2018-06-05,0.5,0.5,0.5,0.5,0
2018-06-06,0.5,0.5,0.5,0.5,0
2018-06-07,0.5,0.5,0.5,0.5,0
2018-06-08,0.5,0.5,0.5,0.5,0
2018-06-11,0.5,0.5,0.5,0.5,0
2018-06-12,0.5,0.5,0.5,0.5,0
2018-06-13,0.5,0.5,0.5,0.5,0
2018-06-14,0.5,0.5,0.5,0.5,0
2018-06-15,0.5,0.5,0.5,0.5,0
2018-06-18,0.5,0.5,0.5,0.5,0
2018-06-19,0.5,0.5,0.5,0.5,0
2018-06-20,0.5,0.5,0.5,0.5,0
2018-06-21,0.5,0.5,0.5,0.5,0
2018-06-22,0.5,0.5,0.5,0.5,0
2018-06-25,0.5,0.5,0.5,0.5,0
2018-06-26,0.5,0.5,0.5,0.5,0
2018-06-27,0.5,0.5,0.5,0.5,0
2018-06-28,0.5,0.5,0.5,0.5,0
2018-06-29,0.5,0.5,0.5,0.5,0
2018-07-02,0.5,0.5,0.5,0.5,0
2018-07-03,0.5,0.5,0.5,0.5,0
2018-07-04,0.5,0.5,0.5,0.5,0
2018-07-05,0.5,0.5,0.5,0.5,0
2018-07-06,0.5,0.5,0.5,0.5,0
2018-07-09,0.5,0.5,0.5,0.5,0
2018-07-10,0.5,0.5,0.5,0.5,0
2018-07-11,0.5,0.5,0.5,0.5,0
2018-07-12,0.5,0.5,0.5,0.5,0
2018-07-13,0.5,0.5,0.5,0.5,0
2018-07-16,0.5,0.5,0.5,0.5,0
2018-07-17,0.5,0.5,0.5,0.5,0
2018-07-18,0.5,0.5,0.5,0.5,0
2018-07-19,0.5,0.5,0.5,0.5,0
2018-07-20,0.5,0.5,0.5,0.5,0
2018-07-23,0.5,0.5,0.5,0.5,0
2018-07-24,0.5,0.5,0.5,0.5,0
2018-07-25,0.5,0.5,0.5,0.5,0
2018-07-26,0.5,0.5,0.5,0.5,0
2018-07-27,0.5,0.5,0.5,0.5,0
2018-07-30,0.5,0.5,0.5,0.5,0
2018-07-31,0.5,0.5,0.5,0.5,0
2018-08-01,0.5,0.5,0.5,0.5,0
2018-08-02,0.5,0.5,0.5,0.5,0
2018-08-03,0.5,0.5,0.5,0.5,0
2018-08-06,0.5,0.5,0.5,0.5,0
2018-08-07,0.5,0.5,0.5,0.5,0
2018-08-08,0.5,0.5,0.5,0.5,0
2018-08-09,0.5,0.5,0.5,0.5,0
2018-08-10,0.5,0.5,0.5,0.5,0
2018-08-13,0.5,0.5,0.5,0.5,0
2018-08-14,0.5,0.5,0.5,0.5,0
2018-08-15,0.5,0.5,0.5,0.5,0
2018-08-16,0.5,0.5,0.5,0.5,0
2018-08-17,0.5,0.5,0.5,0.5,0
2018-08-20,0.5,0.5,0.5,0.5,0
2018-08-21,0.5,0.5,0.5,0.5,0
2018-08-22,0.5,0.5,0.5,0.5,0
2018-08-23,0.5,0.5,0.5,0.5,0
2018-08-24,0.5,0.5,0.5,0.5,0
2018-08-27,0.5,0.5,0.5,0.5,0
2018-08-28,0.5,0.5,0.5,0.5,0
2018-08-29,0.5,0.5,0.5,0.5,0
2018-08-30,0.5,0.5,0.5,0.5,0
2018-08-31,0.5,0.5,0.5,0.5,0
2018-09-04,0.5,0.5,0.5,0.5,0
2018-09-05,0.5,0.5,0.5,0.5,0
2018-09-06,0.5,0.5,0.5,0.5,0
2018-09-07,0.5,0.5,0.5,0.5,0
2018-09-10,0.5,0.5,0.5,0.5,0
2018-09-11,0.5,0.5,0.5,0.5,0
2018-09-12,0.5,0.5,0.5,0.5,0
2018-09-13,0.5,0.5,0.5,0.5,0
2018-09-14,0.5,0.5,0.5,0.5,0
2018-09-17,0.5,0.5,0.5,0.5,0
2018-09-18,0.5,0.5,0.5,0.5,0
2018-09-19,0.5,0.5,0.5,0.5,0
2018-09-20,0.5,0.5,0.5,0.5,0
2018-09-21,0.5,0.5,0.5,0.5,0
2018-09-24,0.5,0.5,0.5,0.5,0
2018-09-25,0.5,0.5,0.5,0.5,0
2018-09-26,0.5,0.5,0.5,0.5,0
2018-09-27,0.5,0.5,0.5,0.5,0
2018-09-28,0.5,0.5,0.5,0.5,0
2018-10-01,0.5,0.5,0.5,0.5,0
2018-10-02,0.5,0.5,0.5,0.5,0
2018-10-03,0.5,0.5,0.5,0.5,0
2018-10-04,0.5,0.5,0.5,0.5,0
2018-10-05,0.5,0.5,0.5,0.5,0
2018-10-08,0.5,0.5,0.5,0.5,0
2018-10-09,0.5,0.5,0.5,0.5,0
2018-10-10,0.5,0.5,0.5,0.5,0
2018-10-11,0.5,0.5,0.5,0.5,0
2018-10-12,0.5,0.5,0.5,0.5,0
2018-10-15,0.5,0.5,0.5,0.5,0
2018-10-16,0.5,0.5,0.5,0.5,0
2018-10-17,0.5,0.5,0.5,0.5,0
2018-10-18,0.5,0.5,0.5,0.5,0
2018-10-19,0.5,0.5,0.5,0.5,0
2018-10-22,0.5,0.5,0.5,0.5,0
2018-10-23,0.5,0.5,0.5,0.5,0
2018-10-24,0.5,0.5,0.5,0.5,0
2018-10-25,0.5,0.5,0.5,0.5,0
2018-10-26,0.5,0.5,0.5,0.5,0
2018-10-29,0.5,0.5,0.5,0.5,0
2018-10-30,0.5,0.5,0.5,0.5,0
2018-10-31,0.5,0.5,0.5,0.5,0
2018-11-01,0.5,0.5,0.5,0.5,0
2018-11-02,0.5,0.5,0.5,0.5,0
2018-11-05,0.5,0.5,0.5,0.5,0
2018-11-06,0.5,0.5,0.5,0.5,0
2018-11-07,0.5,0.5,0.5,0.5,0
2018-11-08,0.5,0.5,0.5,0.5,0
2018-11-09,0.5,0.5,0.5,0.5,0
2018-11-12,0.5,0.5,0.5,0.5,0
2018-11-13,0.5,0.5,0.5,0.5,0
2018-11-14,0.5,0.5,0.5,0.5,0
2018-11-15,0.5,0.5,0.5,0.5,0
2018-11-16,0.5,0.5,0.5,0.5,0
2018-11-19,0.5,0.5,0.5,0.5,0
2018-11-20,0.5,0.5,0.5,0.5,0
2018-11-21,0.5,0.5,0.5,0.5,0
2018-11-22,0.5,0.3,0.3,0.3,0
2018-11-23,0.5,0.3,0.3,0.3,0
2018-11-26,0.5,0.3,0.3,0.3,0
2018-11-27,0.5,0.3,0.3,0.3,0
2018-11-28,0.5,0.3,0.3,0.3,0
2018-11-29,0.5,0.3,0.3,0.3,0
2018-11-30,0.5,0.3,0.3,0.3,0
2018-12-03,0.5,0.3,0.3,0.3,0
2018-12-04,0.5,0.3,0.3,0.3,0
2018-12-05,0.5,0.3,0.3,0.3,0
2018-12-06,0.5,0.3,0.3,0.3,0
2018-12-07,0.5,0.3,0.3,0.3,0
2018-12-10,0.5,0.3,0.3,0.3,0
2018-12-11,0.5,0.3,0.3,0.3,0
2018-12-12,0.5,0.3,0.3,0.3,0
2018-12-13,0.5,0.3,0.3,0.3,0
2018-12-14,0.5,0.5,0.5,0.5,0
2018-12-17,0.5,0.3,0.3,0.3,0
2018-12-18,0.5,0.3,0.3,0.3,0
2018-12-19,0.5,0.3,0.3,0.3,0
2018-12-20,0.5,0.3,0.3,0.3,0
2018-12-21,0.5,0.3,0.3,0.3,0
2018-12-24,0.5,0.3,0.3,0.3,0
2018-12-25,0.5,0.3,0.3,0.3,0
2018-12-26,0.5,0.5,0.5,0.5,0
2018-12-27,0.5,0.3,0.3,0.3,0
2018-12-28,0.5,0.3,0.3,0.3,0
2019-01-02,0.5,0.3,0.3,0.3,0
2019-01-03,0.5,0.3,0.3,0.3,0
2019-01-04,0.5,0.3,0.3,0.3,0
2019-01-07,0.5,0.3,0.3,0.3,0
2019-01-08,0.5,0.3,0.3,0.3,0
2019-01-09,0.5,0.3,0.3,0.3,0
2019-01-10,0.5,0.3,0.3,0.3,0
2019-01-11,0.5,0.3,0.3,0.3,0
2019-01-14,0.5,0.3,0.3,0.3,0
2019-01-15,0.5,0.3,0.3,0.3,0
2019-01-16,0.5,0.3,0.3,0.3,0
2019-01-17,0.5,0.3,0.3,0.3,0
2019-01-18,0.5,0.3,0.3,0.3,0
2019-01-21,0.5,0.3,0.3,0.3,0
2019-01-22,0.5,0.3,0.3,0.3,0
2019-01-23,0.5,0.3,0.3,0.3,0
2019-01-24,0.5,0.3,0.3,0.3,0
2019-01-25,0.5,0.3,0.3,0.3,0
2019-01-28,0.5,0.3,0.3,0.3,0
2019-01-29,0.5,0.3,0.3,0.3,0
2019-01-30,0.5,0.3,0.3,0.3,0
2019-01-31,0.5,0.3,0.3,0.3,0
2019-02-01,0.5,0.3,0.3,0.3,0
2019-02-11,0.5,0.3,0.3,0.3,0
2019-02-12,0.5,0.3,0.3,0.3,0
2019-02-13,0.5,0.3,0.3,0.3,0
2019-02-14,0.5,0.3,0.3,0.3,0
2019-02-15,0.5,0.3,0.3,0.3,0
2019-02-18,0.5,0.3,0.3,0.3,0
2019-02-19,0.5,0.3,0.3,0.3,0
2019-02-20,0.5,0.3,0.3,0.3,0
2019-02-21,0.5,0.3,0.3,0.3,0
2019-02-22,0.5,0.3,0.3,0.3,0
2019-02-25,0.5,0.3,0.3,0.3,0
2019-02-26,0.5,0.3,0.3,0.3,0
2019-02-27,0.5,0.3,0.3,0.3,0
2019-02-28,0.5,0.3,0.3,0.3,0
2019-03-01,0.5,0.3,0.3,0.3,0
2019-03-04,0.5,0.3,0.3,0.3,0
2019-03-05,0.5,0.3,0.3,0.3,0
2019-03-06,0.5,0.3,0.3,0.3,0
2019-03-07,0.5,0.3,0.3,0.3,0
2019-03-08,0.5,0.3,0.3,0.3,0
2019-03-11,0.5,0.3,0.3,0.3,0
2019-03-12,0.5,0.3,0.3,0.3,0
2019-03-13,0.5,0.3,0.3,0.3,0
2019-03-14,0.5,0.3,0.3,0.3,0
2019-03-15,0.5,0.3,0.3,0.3,0
2019-03-18,0.5,0.3,0.3,0.3,0
2019-03-19,0.5,0.3,0.3,0.3,0
2019-03-20,0.5,0.3,0.3,0.3,0
2019-03-21,0.5,0.3,0.3,0.3,0
2019-03-22,0.5,0.3,0.3,0.3,0
2019-03-25,0.5,0.3,0.3,0.3,0
2019-03-26,0.5,0.3,0.3,0.3,0
2019-03-27,0.5,0.3,0.3,0.3,0
2019-03-28,0.5,0.3,0.3,0.3,0
2019-03-29,0.5,0.3,0.3,0.3,0
2019-04-01,0.5,0.3,0.3,0.3,0
2019-04-02,0.5,0.3,0.3,0.3,0
2019-04-03,0.5,0.3,0.3,0.3,0
2019-04-04,0.5,0.3,0.3,0.3,0
2019-04-05,0.5,0.3,0.3,0.3,0
2019-04-08,0.5,0.3,0.3,0.3,0
2019-04-09,0.5,0.3,0.3,0.3,0
2019-04-10,0.5,0.3,0.3,0.3,0
2019-04-11,0.5,0.3,0.3,0.3,0
2019-04-12,0.5,0.3,0.3,0.3,0
2019-04-16,0.5,0.3,0.3,0.3,0
2019-04-17,0.5,0.3,0.3,0.3,0
2019-04-18,0.5,0.3,0.3,0.3,0
2019-04-19,0.5,0.3,0.3,0.3,0
2019-04-22,0.5,0.3,0.3,0.3,0
2019-04-23,0.5,0.3,0.3,0.3,0
2019-04-24,0.5,0.3,0.3,0.3,0
2019-04-25,0.5,0.3,0.3,0.3,0
2019-04-26,0.5,0.3,0.3,0.3,0
2019-05-02,0.5,0.3,0.3,0.3,0
2019-05-03,0.5,0.3,0.3,0.3,0
2019-05-06,0.5,0.3,0.3,0.3,0
2019-05-07,0.5,0.3,0.3,0.3,0
2019-05-08,0.5,0.3,0.3,0.3,0
2019-05-09,0.5,0.3,0.3,0.3,0
2019-05-10,0.5,0.3,0.3,0.3,0
2019-05-13,0.5,0.3,0.3,0.3,0
2019-05-14,0.5,0.3,0.3,0.3,0
2019-05-15,0.5,0.3,0.3,0.3,0
2019-05-16,0.5,0.3,0.3,0.3,0
2019-05-17,0.5,0.3,0.3,0.3,0
2019-05-20,0.5,0.3,0.3,0.3,0
2019-05-21,0.5,0.3,0.3,0.3,0
2019-05-22,0.5,0.3,0.3,0.3,0
2019-05-23,0.5,0.3,0.3,0.3,0
2019-05-24,0.5,0.3,0.3,0.3,0
2019-05-27,0.5,0.3,0.3,0.3,0
2019-05-28,0.5,0.3,0.3,0.3,0
2019-05-29,0.5,0.3,0.3,0.3,0
2019-05-30,0.5,0.3,0.3,0.3,0
2019-05-31,0.5,0.3,0.3,0.3,0
2019-06-03,0.5,0.3,0.3,0.3,0
2019-06-04,0.5,0.3,0.3,0.3,0
2019-06-05,0.5,0.3,0.3,0.3,0
2019-06-06,0.5,0.3,0.3,0.3,0
2019-06-07,0.5,0.3,0.3,0.3,0
2019-06-10,0.5,0.3,0.3,0.3,0
2019-06-11,0.5,0.3,0.3,0.3,0
2019-06-12,0.5,0.3,0.3,0.3,0
2019-06-13,0.5,0.3,0.3,0.3,0
2019-06-14,0.5,0.3,0.3,0.3,0
2019-06-17,0.5,0.3,0.3,0.3,0
2019-06-18,0.5,0.3,0.3,0.3,0
2019-06-19,0.5,0.3,0.3,0.3,0
2019-06-20,0.5,0.5,0.5,0.5,0
2019-06-21,0.5,0.5,0.5,0.5,0
2019-06-24,0.5,0.3,0.3,0.3,0
2019-06-25,0.5,0.3,0.3,0.3,0
2019-06-26,0.5,0.3,0.3,0.3,0
2019-06-27,0.5,0.3,0.3,0.3,0
2019-06-28,0.5,0.3,0.3,0.3,0
2019-07-01,0.5,0.3,0.3,0.3,0
2019-07-02,0.5,0.3,0.3,0.3,0
2019-07-03,0.5,0.3,0.3,0.3,0
2019-07-04,0.5,0.5,0.5,0.5,0
2019-07-05,0.5,0.3,0.3,0.3,0
2019-07-08,0.5,0.3,0.3,0.3,0
2019-07-09,0.5,0.3,0.3,0.3,0
2019-07-10,0.5,0.3,0.3,0.3,0
2019-07-11,0.5,0.3,0.3,0.3,0
2019-07-12,0.5,0.3,0.3,0.3,0
2019-07-15,0.5,0.3,0.3,0.3,0
2019-07-16,0.5,0.3,0.3,0.3,0
2019-07-17,0.5,0.3,0.3,0.3,0
2019-07-18,0.5,0.3,0.3,0.3,0
2019-07-19,0.5,0.3,0.3,0.3,0
2019-07-22,0.5,0.3,0.3,0.3,0
2019-07-23,0.5,0.3,0.3,0.3,0
2019-07-24,0.5,0.3,0.3,0.3,0
2019-07-25,0.5,0.3,0.3,0.3,0
2019-07-26,0.5,0.3,0.3,0.3,0
2019-07-29,0.5,0.3,0.3,0.3,0
2019-07-30,0.5,0.3,0.3,0.3,0
2019-07-31,0.5,0.3,0.3,0.3,0
2019-08-01,0.5,0.3,0.3,0.3,0
2019-08-02,0.5,0.3,0.3,0.3,0
2019-08-05,0.5,0.3,0.3,0.3,0
2019-08-06,0.5,0.3,0.3,0.3,0
2019-08-07,0.5,0.3,0.3,0.3,0
2019-08-08,0.5,0.3,0.3,0.3,0
2019-08-09,0.5,0.3,0.3,0.3,0
2019-08-12,0.5,0.3,0.3,0.3,0
2019-08-13,0.5,0.3,0.3,0.3,0
2019-08-14,0.5,0.3,0.3,0.3,0
2019-08-15,0.5,0.3,0.3,0.3,0
2019-08-16,0.5,0.3,0.3,0.3,0
2019-08-19,0.5,0.3,0.3,0.3,0
2019-08-20,0.5,0.3,0.3,0.3,0
2019-08-21,0.5,0.3,0.3,0.3,0
2019-08-22,0.5,0.3,0.3,0.3,0
2019-08-23,0.5,0.3,0.3,0.3,0
2019-08-26,0.5,0.3,0.3,0.3,0
2019-08-27,0.5,0.3,0.3,0.3,0
2019-08-28,0.5,0.3,0.3,0.3,0
2019-08-29,0.5,0.3,0.3,0.3,0
2019-08-30,0.5,0.3,0.3,0.3,0
2019-09-03,0.5,0.3,0.3,0.3,0
2019-09-04,0.5,0.3,0.3,0.3,0
2019-09-05,0.5,0.3,0.3,0.3,0
2019-09-06,0.5,0.3,0.3,0.3,0
2019-09-09,0.5,0.3,0.3,0.3,0
2019-09-10,0.5,0.3,0.3,0.3,0
2019-09-11,0.5,0.3,0.3,0.3,0
2019-09-12,0.5,0.3,0.3,0.3,0
2019-09-13,0.5,0.3,0.3,0.3,0
2019-09-16,0.5,0.3,0.3,0.3,0
2019-09-17,0.5,0.3,0.3,0.3,0
2019-09-18,0.5,0.3,0.3,0.3,0
2019-09-19,0.5,0.3,0.3,0.3,0
2019-09-20,0.5,0.3,0.3,0.3,0
2019-09-23,0.5,0.3,0.3,0.3,0
2019-09-24,0.5,0.3,0.3,0.3,0
2019-09-25,0.5,0.3,0.3,0.3,0
2019-09-26,0.5,0.3,0.3,0.3,0
2019-09-27,0.5,0.3,0.3,0.3,0
2019-09-30,0.5,0.3,0.3,0.3,0
2019-10-01,0.5,0.3,0.3,0.3,0
2019-10-02,0.5,0.3,0.3,0.3,0
2019-10-03,0.5,0.3,0.3,0.3,0
2019-10-04,0.5,0.3,0.3,0.3,0
2019-10-07,0.5,0.3,0.3,0.3,0
2019-10-08,0.5,0.3,0.3,0.3,0
2019-10-09,0.5,0.3,0.3,0.3,0
2019-10-10,0.5,0.3,0.3,0.3,0
2019-10-11,0.5,0.3,0.3,0.3,0
2019-10-14,0.5,0.3,0.3,0.3,0
2019-10-15,0.5,0.5,0.5,0.5,0
2019-10-16,0.5,0.3,0.3,0.3,0
2019-10-17,0.5,0.3,0.3,0.3,0
2019-10-18,0.5,0.3,0.3,0.3,0
2019-10-21,0.5,0.3,0.3,0.3,0
2019-10-22,0.5,0.3,0.3,0.3,0
2019-10-23,0.5,0.3,0.3,0.3,0
2019-10-24,0.5,0.3,0.3,0.3,0
2019-10-25,0.5,0.3,0.3,0.3,0
2019-10-28,0.5,0.3,0.3,0.3,0
2019-10-29,0.5,0.3,0.3,0.3,0
2019-10-30,0.5,0.3,0.3,0.3,0
2019-10-31,0.5,0.5,0.5,0.5,0
2019-11-01,0.5,0.3,0.3,0.3,0
2019-11-04,0.5,0.3,0.3,0.3,0
2019-11-05,0.5,0.3,0.3,0.3,0
2019-11-06,0.5,0.3,0.3,0.3,0
2019-11-07,0.5,0.3,0.3,0.3,0
2019-11-08,0.5,0.3,0.3,0.3,0
2019-11-11,0.5,0.3,0.3,0.3,0
2019-11-12,0.5,0.3,0.3,0.3,0
2019-11-13,0.5,0.3,0.3,0.3,0
2019-11-14,0.5,0.3,0.3,0.3,0
2019-11-15,0.5,0.3,0.3,0.3,0
2019-11-18,0.5,0.3,0.3,0.3,0
2019-11-19,0.5,0.3,0.3,0.3,0
2019-11-20,0.5,0.3,0.3,0.3,0
2019-11-21,0.5,0.3,0.3,0.3,0
2019-11-22,0.5,0.5,0.5,0.5,0
2019-11-25,0.5,0.3,0.3,0.3,0
2019-11-26,0.5,0.3,0.3,0.3,0
2019-11-27,0.5,0.3,0.3,0.3,0
2019-11-28,0.5,0.3,0.3,0.3,0
2019-11-29,0.5,0.3,0.3,0.3,0
2019-12-02,0.5,0.3,0.3,0.3,0
2019-12-03,0.5,0.3,0.3,0.3,0
2019-12-04,0.5,0.3,0.3,0.3,0
2019-12-05,0.5,0.3,0.3,0.3,0
2019-12-06,0.5,0.3,0.3,0.3,0
2019-12-09,0.5,0.3,0.3,0.3,0
2019-12-10,0.5,0.3,0.3,0.3,0
2019-12-11,0.5,0.3,0.3,0.3,0
2019-12-12,0.5,0.3,0.3,0.3,0
2019-12-13,0.5,0.3,0.3,0.3,0
2019-12-16,0.5,0.3,0.3,0.3,0
2019-12-17,0.5,0.3,0.3,0.3,0
2019-12-18,0.5,0.3,0.3,0.3,0
2019-12-19,0.5,0.3,0.3,0.3,0
2019-12-20,0.5,0.3,0.3,0.3,0
2019-12-23,0.5,0.3,0.3,0.3,0
2019-12-24,0.5,0.3,0.3,0.3,0
2019-12-25,0.5,0.3,0.3,0.3,0
2019-12-26,0.5,0.3,0.3,0.3,0
2019-12-27,0.5,0.3,0.3,0.3,0
2019-12-30,0.5,0.3,0.3,0.3,0
2019-12-31,0.5,0.3,0.3,0.3,0
2020-01-02,0.5,0.3,0.3,0.3,0
2020-01-03,0.5,0.3,0.3,0.3,0
2020-01-06,0.5,0.3,0.3,0.3,0
2020-01-07,0.5,0.3,0.3,0.3,0
2020-01-08,0.5,0.3,0.3,0.3,0
2020-01-09,0.5,0.3,0.3,0.3,0
2020-01-10,0.5,0.3,0.3,0.3,0
2020-01-13,0.5,0.3,0.3,0.3,0
2020-01-14,0.5,0.3,0.3,0.3,0
2020-01-15,0.5,0.3,0.3,0.3,0
2020-01-16,0.5,0.3,0.3,0.3,0
2020-01-17,0.5,0.3,0.3,0.3,0
2020-01-20,0.5,0.3,0.3,0.3,0
2020-01-21,0.5,0.3,0.3,0.3,0
2020-01-22,0.5,0.3,0.3,0.3,0
2020-01-30,0.5,0.3,0.3,0.3,0
2020-01-31,0.5,0.3,0.3,0.3,0
2020-02-03,0.5,0.3,0.3,0.3,0
2020-02-04,0.5,0.3,0.3,0.3,0
2020-02-05,0.5,0.3,0.3,0.3,0
2020-02-06,0.5,0.3,0.3,0.3,0
2020-02-07,0.5,0.3,0.3,0.3,0
2020-02-10,0.5,0.3,0.3,0.3,0
2020-02-11,0.5,0.3,0.3,0.3,0
2020-02-12,0.5,0.3,0.3,0.3,0
2020-02-13,0.5,0.3,0.3,0.3,0
2020-02-14,0.5,0.3,0.3,0.3,0
2020-02-17,0.5,0.3,0.3,0.3,0
2020-02-18,0.5,0.3,0.3,0.3,0
2020-02-19,0.5,0.3,0.3,0.3,0
2020-02-20,0.5,0.3,0.3,0.3,0
2020-02-21,0.5,0.3,0.3,0.3,0
2020-02-24,0.5,0.3,0.3,0.3,0
2020-02-25,0.5,0.3,0.3,0.3,0
2020-02-26,0.5,0.3,0.3,0.3,0
2020-02-27,0.5,0.3,0.3,0.3,0
2020-02-28,0.5,0.3,0.3,0.3,0
2020-03-02,0.5,0.3,0.3,0.3,0
2020-03-03,0.5,0.3,0.3,0.3,0
2020-03-04,0.5,0.3,0.3,0.3,0
2020-03-05,0.5,0.3,0.3,0.3,0
2020-03-06,0.5,0.3,0.3,0.3,0
2020-03-09,0.5,0.3,0.3,0.3,0
2020-03-10,0.5,0.3,0.3,0.3,0
2020-03-11,0.5,0.3,0.3,0.3,0
2020-03-12,0.5,0.3,0.3,0.3,0
2020-03-13,0.5,0.3,0.3,0.3,0
2020-03-16,0.5,0.3,0.3,0.3,0
2020-03-17,0.5,0.3,0.3,0.3,0
2020-03-18,0.5,0.3,0.3,0.3,0
2020-03-19,0.5,0.3,0.3,0.3,0
2020-03-20,0.5,0.3,0.3,0.3,0
2020-03-23,0.5,0.3,0.3,0.3,0
2020-03-24,0.5,0.3,0.3,0.3,0
2020-03-25,0.5,0.3,0.3,0.3,0
2020-03-26,0.5,0.3,0.3,0.3,0
2020-03-27,0.5,0.3,0.3,0.3,0
2020-03-30,0.5,0.3,0.3,0.3,0
2020-03-31,0.5,0.3,0.3,0.3,0
2020-04-01,0.5,0.3,0.3,0.3,0
2020-04-03,0.5,0.3,0.3,0.3,0
2020-04-06,0.5,0.3,0.3,0.3,0
2020-04-07,0.5,0.3,0.3,0.3,0
2020-04-08,0.5,0.3,0.3,0.3,0
2020-04-09,0.5,0.3,0.3,0.3,0
2020-04-10,0.5,0.3,0.3,0.3,0
2020-04-13,0.5,0.3,0.3,0.3,0
2020-04-14,0.5,0.3,0.3,0.3,0
2020-04-15,0.5,0.3,0.3,0.3,0
2020-04-16,0.5,0.3,0.3,0.3,0
2020-04-17,0.5,0.3,0.3,0.3,0
2020-04-20,0.5,0.3,0.3,0.3,0
2020-04-21,0.5,0.3,0.3,0.3,0
2020-04-22,0.5,0.3,0.3,0.3,0
2020-04-23,0.5,0.3,0.3,0.3,0
2020-04-24,0.5,0.3,0.3,0.3,0
2020-04-27,0.5,0.3,0.3,0.3,0
2020-04-28,0.5,0.3,0.3,0.3,0
2020-04-29,0.5,0.3,0.3,0.3,0
2020-05-04,0.5,0.3,0.3,0.3,0
2020-05-05,0.5,0.3,0.3,0.3,0
2020-05-06,0.5,0.3,0.3,0.3,0
2020-05-07,0.5,0.3,0.3,0.3,0
2020-05-08,0.5,0.3,0.3,0.3,0
2020-05-11,0.5,0.3,0.3,0.3,0
2020-05-12,0.5,0.3,0.3,0.3,0
2020-05-13,0.5,0.3,0.3,0.3,0
2020-05-14,0.5,0.3,0.3,0.3,0
2020-05-15,0.5,0.3,0.3,0.3,0
2020-05-18,0.5,0.3,0.3,0.3,0
2020-05-19,0.5,0.3,0.3,0.3,0
2020-05-20,0.5,0.3,0.3,0.3,0
2020-05-21,0.5,0.3,0.3,0.3,0
2020-05-22,0.5,0.3,0.3,0.3,0
2020-05-25,0.5,0.3,0.3,0.3,0
2020-05-26,0.5,0.3,0.3,0.3,0
2020-05-27,0.5,0.3,0.3,0.3,0
2020-05-28,0.5,0.3,0.3,0.3,0
2020-05-29,0.5,0.3,0.3,0.3,0
2020-06-01,0.5,0.3,0.3,0.3,0
2020-06-02,0.5,0.3,0.3,0.3,0
2020-06-03,0.5,0.3,0.3,0.3,0
2020-06-04,0.5,0.3,0.3,0.3,0
2020-06-05,0.5,0.3,0.3,0.3,0
2020-06-08,0.5,0.3,0.3,0.3,0
2020-06-09,0.5,0.3,0.3,0.3,0
2020-06-10,0.5,0.3,0.3,0.3,0
2020-06-11,0.5,0.3,0.3,0.3,0
2020-06-12,0.5,0.3,0.3,0.3,0
2020-06-15,0.5,0.3,0.3,0.3,0
2020-06-16,0.5,0.3,0.3,0.3,0
2020-06-17,0.5,0.3,0.3,0.3,0
2020-06-18,0.5,0.3,0.3,0.3,0
2020-06-19,0.5,0.3,0.3,0.3,0
2020-06-22,0.5,0.3,0.3,0.3,0
2020-06-23,0.5,0.3,0.3,0.3,0
2020-06-24,0.5,0.3,0.3,0.3,0
2020-06-25,0.5,0.3,0.3,0.3,0
2020-06-26,0.5,0.3,0.3,0.3,0
2020-06-29,0.5,0.3,0.3,0.3,0
2020-06-30,0.5,0.3,0.3,0.3,0
2020-07-01,0.5,0.3,0.3,0.3,0
2020-07-02,0.5,0.3,0.3,0.3,0
2020-07-03,0.5,0.3,0.3,0.3,0
2020-07-06,0.5,0.3,0.3,0.3,0
2020-07-07,0.5,0.3,0.3,0.3,0
2020-07-08,0.5,0.3,0.3,0.3,0
2020-07-09,0.5,0.3,0.3,0.3,0
2020-07-10,0.5,0.3,0.3,0.3,0
2020-07-13,0.5,0.3,0.3,0.3,0
2020-07-14,0.5,0.3,0.3,0.3,0
2020-07-15,0.5,0.3,0.3,0.3,0
2020-07-16,0.5,0.3,0.3,0.3,0
2020-07-17,0.5,0.3,0.3,0.3,0
2020-07-20,0.5,0.3,0.3,0.3,0
2020-07-21,0.5,0.3,0.3,0.3,0
2020-07-22,0.5,0.3,0.3,0.3,0
2020-07-23,0.5,0.3,0.3,0.3,0
2020-07-24,0.5,0.3,0.3,0.3,0
2020-07-27,0.5,0.3,0.3,0.3,0
2020-07-28,0.5,0.3,0.3,0.3,0
2020-07-29,0.5,0.3,0.3,0.3,0
2020-07-30,0.5,0.3,0.3,0.3,0
2020-07-31,0.5,0.3,0.3,0.3,0
2020-08-03,0.5,0.3,0.3,0.3,0
2020-08-04,0.5,0.3,0.3,0.3,0
2020-08-05,0.5,0.3,0.3,0.3,0
2020-08-06,0.5,0.3,0.3,0.3,0
2020-08-07,0.5,0.3,0.3,0.3,0
2020-08-10,0.5,0.3,0.3,0.3,0
2020-08-11,0.5,0.3,0.3,0.3,0
2020-08-12,0.5,0.3,0.3,0.3,0
2020-08-13,0.5,0.3,0.3,0.3,0
2020-08-14,0.5,0.3,0.3,0.3,0
2020-08-17,0.5,0.3,0.3,0.3,0
2020-08-18,0.5,0.3,0.3,0.3,0
2020-08-19,0.5,0.3,0.3,0.3,0
2020-08-20,0.5,0.3,0.3,0.3,0
2020-08-21,0.5,0.3,0.3,0.3,0
2020-08-24,0.5,0.3,0.3,0.3,0
2020-08-25,0.5,0.3,0.3,0.3,0
2020-08-26,0.5,0.3,0.3,0.3,0
2020-08-27,0.5,0.3,0.3,0.3,0
2020-08-28,0.5,0.3,0.3,0.3,0
2020-08-31,0.5,0.3,0.3,0.3,0
2020-09-01,0.5,0.3,0.3,0.3,0
2020-09-03,0.5,0.3,0.3,0.3,0
2020-09-04,0.5,0.3,0.3,0.3,0
2020-09-07,0.5,0.3,0.3,0.3,0
2020-09-08,0.5,0.3,0.3,0.3,0
2020-09-09,0.5,0.3,0.3,0.3,0
2020-09-10,0.5,0.3,0.3,0.3,0
2020-09-11,0.5,0.3,0.3,0.3,0
2020-09-14,0.5,0.3,0.3,0.3,0
2020-09-15,0.5,0.3,0.3,0.3,0
2020-09-16,0.5,0.3,0.3,0.3,0
2020-09-17,0.5,0.3,0.3,0.3,0
2020-09-18,0.5,0.3,0.3,0.3,0
2020-09-21,0.5,0.3,0.3,0.3,0
2020-09-22,0.5,0.3,0.3,0.3,0
2020-09-23,0.5,0.3,0.3,0.3,0
2020-09-24,0.5,0.3,0.3,0.3,0
2020-09-25,0.5,0.3,0.3,0.3,0
2020-09-28,0.5,0.3,0.3,0.3,0
2020-09-29,0.5,0.3,0.3,0.3,0
2020-09-30,0.5,0.3,0.3,0.3,0
2020-10-01,0.5,0.3,0.3,0.3,0
2020-10-02,0.5,0.5,0.5,0.5,0
2020-10-05,0.5,0.5,0.5,0.5,0
2020-10-06,0.5,0.5,0.5,0.5,0
2020-10-07,0.5,0.5,0.5,0.5,0
2020-10-08,0.5,0.5,0.5,0.5,0
2020-10-09,0.5,0.5,0.5,0.5,0
2020-10-12,0.5,0.5,0.5,0.5,0
2020-10-13,0.5,0.5,0.5,0.5,0
2020-10-14,0.5,0.5,0.5,0.5,0
2020-10-15,0.5,0.5,0.5,0.5,0
2020-10-16,0.5,0.5,0.5,0.5,0
2020-10-19,0.5,0.5,0.5,0.5,0
2020-10-20,0.5,0.5,0.5,0.5,0
2020-10-21,0.5,0.3,0.3,0.3,0
2020-10-22,0.5,0.3,0.3,0.3,0
2020-10-23,0.5,0.3,0.3,0.3,0
2020-10-26,0.5,0.3,0.3,0.3,0
2020-10-27,0.5,0.3,0.3,0.3,0
2020-10-28,0.5,0.3,0.3,0.3,0
2020-10-29,0.5,0.3,0.3,0.3,0
2020-10-30,0.5,0.3,0.3,0.3,0
2020-11-02,0.5,0.3,0.3,0.3,0
2020-11-03,0.5,0.3,0.3,0.3,0
2020-11-04,0.5,0.3,0.3,0.3,0
2020-11-05,0.5,0.3,0.3,0.3,0
2020-11-06,0.5,0.3,0.3,0.3,0
2020-11-09,0.5,0.3,0.3,0.3,0
2020-11-10,0.5,0.3,0.3,0.3,0
2020-11-11,0.5,0.3,0.3,0.3,0
2020-11-12,0.5,0.3,0.3,0.3,0
2020-11-13,0.5,0.3,0.3,0.3,0
2020-11-16,0.5,0.3,0.3,0.3,0
2020-11-17,0.5,0.3,0.3,0.3,0
2020-11-18,0.5,0.3,0.3,0.3,0
2020-11-19,0.5,0.3,0.3,0.3,0
2020-11-20,0.5,0.3,0.3,0.3,0
2020-11-23,0.5,0.3,0.3,0.3,0
2020-11-24,0.5,0.3,0.3,0.3,0
2020-11-25,0.5,0.3,0.3,0.3,0
2020-11-26,0.5,0.3,0.3,0.3,0
2020-11-27,0.5,0.3,0.3,0.3,0
2020-11-30,0.5,0.3,0.3,0.3,0
2020-12-01,0.5,0.3,0.3,0.3,0
2020-12-02,0.5,0.3,0.3,0.3,0
2020-12-03,0.5,0.3,0.3,0.3,0
2020-12-04,0.5,0.3,0.3,0.3,0
2020-12-07,0.5,0.3,0.3,0.3,0
2020-12-08,0.5,0.3,0.3,0.3,0
2020-12-09,0.5,0.3,0.3,0.3,0
2020-12-10,0.5,0.3,0.3,0.3,0
2020-12-11,0.5,0.3,0.3,0.3,0
2020-12-14,0.5,0.3,0.3,0.3,0
2020-12-15,0.5,0.3,0.3,0.3,0
2020-12-16,0.5,0.3,0.3,0.3,0
2020-12-17,0.5,0.3,0.3,0.3,0
2020-12-18,0.5,0.3,0.3,0.3,0
2020-12-21,0.5,0.3,0.3,0.3,0
2020-12-22,0.5,0.3,0.3,0.3,0
2020-12-23,0.5,0.3,0.3,0.3,0
2020-12-24,0.5,0.3,0.3,0.3,0
2020-12-25,0.5,0.3,0.3,0.3,0
2020-12-28,0.5,0.3,0.3,0.3,0
2020-12-29,0.5,0.3,0.3,0.3,0
2020-12-30,0.5,0.3,0.3,0.3,0
2020-12-31,0.5,0.3,0.3,0.3,0
2021-01-04,0.5,0.3,0.3,0.3,0
2021-01-05,0.5,0.3,0.3,0.3,0
2021-01-06,0.5,0.3,0.3,0.3,0
2021-01-07,0.5,0.5,0.5,0.5,0
2021-01-08,0.5,0.3,0.3,0.3,0
2021-01-11,0.5,0.3,0.3,0.3,0
2021-01-12,0.5,0.3,0.3,0.3,0
2021-01-13,0.5,0.3,0.3,0.3,0
2021-01-14,0.5,0.3,0.3,0.3,0
2021-01-15,0.5,0.3,0.3,0.3,0
2021-01-18,0.5,0.3,0.3,0.3,0
2021-01-19,0.5,0.3,0.3,0.3,0
2021-01-20,0.5,0.3,0.3,0.3,0
2021-01-21,0.5,0.3,0.3,0.3,0
2021-01-22,0.5,0.5,0.5,0.5,0
2021-01-25,0.5,0.3,0.3,0.3,0
2021-01-26,0.5,0.3,0.3,0.3,0
2021-01-27,0.5,0.3,0.3,0.3,0
2021-01-28,0.5,0.3,0.3,0.3,0
2021-01-29,0.5,0.3,0.3,0.3,0
2021-02-01,0.5,0.3,0.3,0.3,0
2021-02-02,0.5,0.3,0.3,0.3,0
2021-02-03,0.5,0.3,0.3,0.3,0
2021-02-04,0.5,0.3,0.3,0.3,0
2021-02-05,0.5,0.3,0.3,0.3,0
2021-02-08,0.5,0.3,0.3,0.3,0
2021-02-09,0.5,0.3,0.3,0.3,0
2021-02-17,0.5,0.5,0.5,0.5,0
2021-02-18,0.5,0.3,0.3,0.3,0
2021-02-19,0.5,0.3,0.3,0.3,0
2021-02-22,0.5,0.3,0.3,0.3,0
2021-02-23,0.5,0.3,0.3,0.3,0
2021-02-24,0.5,0.3,0.3,0.3,0
2021-02-25,0.5,0.3,0.3,0.3,0
2021-02-26,0.5,0.3,0.3,0.3,0
2021-03-01,0.5,0.3,0.3,0.3,0
2021-03-02,0.5,0.3,0.3,0.3,0
2021-03-03,0.5,0.3,0.3,0.3,0
2021-03-04,0.5,0.3,0.3,0.3,0
2021-03-05,0.5,0.3,0.3,0.3,0
2021-03-08,0.5,0.3,0.3,0.3,0
2021-03-09,0.5,0.3,0.3,0.3,0
2021-03-10,0.5,0.3,0.3,0.3,0
2021-03-11,0.5,0.3,0.3,0.3,0
2021-03-12,0.5,0.3,0.3,0.3,0
2021-03-15,0.5,0.3,0.3,0.3,0
2021-03-16,0.5,0.3,0.3,0.3,0
2021-03-17,0.5,0.3,0.3,0.3,0
2021-03-18,0.5,0.3,0.3,0.3,0
2021-03-19,0.5,0.3,0.3,0.3,0
2021-03-22,0.5,0.3,0.3,0.3,0
2021-03-23,0.5,0.3,0.3,0.3,0
2021-03-24,0.5,0.3,0.3,0.3,0
2021-03-25,0.5,0.3,0.3,0.3,0
2021-03-26,0.5,0.3,0.3,0.3,0
2021-03-29,0.5,0.3,0.3,0.3,0
2021-03-30,0.5,0.3,0.3,0.3,0
2021-03-31,0.5,0.3,0.3,0.3,0
2021-04-01,0.5,0.3,0.3,0.3,0
2021-04-02,0.5,0.3,0.3,0.3,0
2021-04-05,0.5,0.3,0.3,0.3,0
2021-04-06,0.5,0.3,0.3,0.3,0
2021-04-07,0.5,0.3,0.3,0.3,0
2021-04-08,0.5,0.3,0.3,0.3,0
2021-04-09,0.5,0.3,0.3,0.3,0
2021-04-12,0.5,0.3,0.3,0.3,0
2021-04-13,0.5,0.3,0.3,0.3,0
2021-04-14,0.5,0.3,0.3,0.3,0
2021-04-15,0.5,0.3,0.3,0.3,0
2021-04-16,0.5,0.3,0.3,0.3,0
2021-04-19,0.5,0.3,0.3,0.3,0
2021-04-20,0.5,0.3,0.3,0.3,0
2021-04-22,0.5,0.3,0.3,0.3,0
2021-04-23,0.5,0.3,0.3,0.3,0
2021-04-26,0.5,0.3,0.3,0.3,0
2021-04-27,0.5,0.3,0.3,0.3,0
2021-04-28,0.5,0.3,0.3,0.3,0
2021-04-29,0.5,0.3,0.3,0.3,0
2021-05-04,0.5,0.3,0.3,0.3,0
2021-05-05,0.5,0.3,0.3,0.3,0
2021-05-06,0.5,0.3,0.3,0.3,0
2021-05-07,0.5,0.3,0.3,0.3,0
2021-05-10,0.5,0.3,0.3,0.3,0
2021-05-11,0.5,0.3,0.3,0.3,0
2021-05-12,0.5,0.3,0.3,0.3,0
2021-05-13,0.5,0.3,0.3,0.3,0
2021-05-14,0.5,0.3,0.3,0.3,0
2021-05-17,0.5,0.3,0.3,0.3,0
2021-05-18,0.5,0.3,0.3,0.3,0
2021-05-19,0.5,0.3,0.3,0.3,0
2021-05-20,0.5,0.3,0.3,0.3,0
2021-05-21,0.5,0.3,0.3,0.3,0
2021-05-24,0.5,0.3,0.3,0.3,0
2021-05-25,0.5,0.3,0.3,0.3,0
2021-05-26,0.5,0.3,0.3,0.3,0
2021-05-27,0.5,0.3,0.3,0.3,0
2021-05-28,0.5,0.3,0.3,0.3,0
2021-05-31,0.5,0.3,0.3,0.3,0
2021-06-01,0.5,0.3,0.3,0.3,0
2021-06-02,0.5,0.3,0.3,0.3,0
2021-06-03,0.5,0.3,0.3,0.3,0
2021-06-04,0.5,0.3,0.3,0.3,0
2021-06-07,0.5,0.3,0.3,0.3,0
2021-06-08,0.5,0.3,0.3,0.3,0
2021-06-09,0.5,0.3,0.3,0.3,0
2021-06-10,0.5,0.3,0.3,0.3,0
2021-06-11,0.5,0.3,0.3,0.3,0
2021-06-14,0.5,0.3,0.3,0.3,0
2021-06-15,0.5,0.3,0.3,0.3,0
2021-06-16,0.5,0.3,0.3,0.3,0
2021-06-17,0.5,0.3,0.3,0.3,0
2021-06-18,0.5,0.3,0.3,0.3,0
2021-06-21,0.5,0.3,0.3,0.3,0
2021-06-22,0.5,0.3,0.3,0.3,0
2021-06-23,0.5,0.3,0.3,0.3,0
2021-06-24,0.5,0.3,0.3,0.3,0
2021-06-25,0.5,0.3,0.3,0.3,0
2021-06-28,0.5,0.3,0.3,0.3,0
2021-06-29,0.5,0.3,0.3,0.3,0
2021-06-30,0.5,0.3,0.3,0.3,0
2021-07-01,0.5,0.3,0.3,0.3,0
2021-07-02,0.5,0.3,0.3,0.3,0
2021-07-05,0.5,0.3,0.3,0.3,0
2021-07-06,0.5,0.3,0.3,0.3,0
2021-07-07,0.5,0.3,0.3,0.3,0
2021-07-08,0.5,0.3,0.3,0.3,0
2021-07-09,0.5,0.3,0.3,0.3,0
2021-07-12,0.5,0.3,0.3,0.3,0
2021-07-13,0.5,0.3,0.3,0.3,0
2021-07-14,0.5,0.3,0.3,0.3,0
2021-07-15,0.5,0.3,0.3,0.3,0
2021-07-16,0.5,0.3,0.3,0.3,0
2021-07-19,0.5,0.3,0.3,0.3,0
2021-07-20,0.5,0.3,0.3,0.3,0
2021-07-21,0.5,0.3,0.3,0.3,0
2021-07-22,0.5,0.3,0.3,0.3,0
2021-07-23,0.5,0.3,0.3,0.3,0
2021-07-26,0.5,0.3,0.3,0.3,0
2021-07-27,0.5,0.3,0.3,0.3,0
2021-07-28,0.5,0.3,0.3,0.3,0
2021-07-29,0.5,0.3,0.3,0.3,0
2021-07-30,0.5,0.3,0.3,0.3,0
2021-08-02,0.5,0.5,0.5,0.5,0
2021-08-03,0.5,0.3,0.3,0.3,0
2021-08-04,0.5,0.3,0.3,0.3,0
2021-08-05,0.5,0.3,0.3,0.3,0
2021-08-06,0.5,0.3,0.3,0.3,0
2021-08-09,0.5,0.3,0.3,0.3,0
2021-08-10,0.5,0.3,0.3,0.3,0
2021-08-11,0.5,0.3,0.3,0.3,0
2021-08-12,0.5,0.3,0.3,0.3,0
2021-08-13,0.5,0.3,0.3,0.3,0
2021-08-16,0.5,0.3,0.3,0.3,0
2021-08-17,0.5,0.3,0.3,0.3,0
2021-08-18,0.5,0.3,0.3,0.3,0
2021-08-19,0.5,0.3,0.3,0.3,0
2021-08-20,0.5,0.5,0.5,0.5,0
2021-08-23,0.5,0.3,0.3,0.3,0
2021-08-24,0.5,0.3,0.3,0.3,0
2021-08-25,0.5,0.3,0.3,0.3,0
2021-08-26,0.5,0.3,0.3,0.3,0
2021-08-27,0.5,0.5,0.5,0.5,0
2021-08-30,0.5,0.5,0.5,0.5,0
2021-08-31,0.5,0.5,0.5,0.5,0
2021-09-01,0.5,0.5,0.5,0.5,0
2021-09-06,0.5,0.3,0.3,0.3,0
2021-09-07,0.5,0.3,0.3,0.3,0
2021-09-08,0.5,0.5,0.5,0.5,0
2021-09-09,0.5,0.5,0.5,0.5,0
2021-09-10,0.5,0.5,0.5,0.5,0
2021-09-13,0.5,0.5,0.5,0.5,0
2021-09-14,0.5,0.5,0.5,0.5,0
2021-09-15,0.5,0.5,0.5,0.5,0
2021-09-16,0.5,0.5,0.5,0.5,0
2021-09-17,0.5,0.5,0.5,0.5,0
2021-09-20,0.5,0.5,0.5,0.5,0
2021-09-21,0.5,0.5,0.5,0.5,0
2021-09-22,0.5,0.5,0.5,0.5,0
2021-09-23,0.5,0.5,0.5,0.5,0
2021-09-24,0.5,0.5,0.5,0.5,0
2021-09-27,0.5,0.5,0.5,0.5,0
2021-09-28,0.5,0.5,0.5,0.5,0
2021-09-29,0.5,0.5,0.5,0.5,0
2021-09-30,0.5,0.5,0.5,0.5,0
2021-10-01,0.5,0.5,0.5,0.5,0
2021-10-04,0.5,0.5,0.5,0.5,0
2021-10-05,0.5,0.5,0.5,0.5,0
2021-10-06,0.5,0.5,0.5,0.5,0
2021-10-07,0.5,0.5,0.5,0.5,0
2021-10-08,0.5,0.5,0.5,0.5,0
2021-10-11,0.5,0.5,0.5,0.5,0
2021-10-12,0.5,0.5,0.5,0.5,0
2021-10-13,0.5,0.5,0.5,0.5,0
2021-10-14,0.5,0.5,0.5,0.5,0
2021-10-15,0.5,0.5,0.5,0.5,0
2021-10-18,0.5,0.5,0.5,0.5,0
2021-10-19,0.5,0.5,0.5,0.5,0
2021-10-20,0.5,0.5,0.5,0.5,0
2021-10-21,0.5,0.5,0.5,0.5,0
2021-10-22,0.5,0.5,0.5,0.5,0
2021-10-25,0.5,0.5,0.5,0.5,0
2021-10-26,0.5,0.5,0.5,0.5,0
2021-10-27,0.5,0.5,0.5,0.5,0
2021-10-28,0.5,0.5,0.5,0.5,0
2021-10-29,0.5,0.5,0.5,0.5,0
2021-11-01,0.5,0.5,0.5,0.5,0
2021-11-02,0.5,0.5,0.5,0.5,0
2021-11-03,0.5,0.5,0.5,0.5,0
2021-11-04,0.5,0.5,0.5,0.5,0
2021-11-05,0.5,0.5,0.5,0.5,0
2021-11-08,0.5,0.5,0.5,0.5,0
2021-11-09,0.5,0.5,0.5,0.5,0
2021-11-10,0.5,0.5,0.5,0.5,0
2021-11-11,0.5,0.5,0.5,0.5,0
2021-11-12,0.5,0.5,0.5,0.5,0
2021-11-15,0.5,0.5,0.5,0.5,0
2021-11-16,0.5,0.5,0.5,0.5,0
2021-11-17,0.5,0.5,0.5,0.5,0
2021-11-18,0.5,0.5,0.5,0.5,0
2021-11-19,0.5,0.5,0.5,0.5,0
2021-11-22,0.5,0.5,0.5,0.5,0
2021-11-23,0.5,0.5,0.5,0.5,0
2021-11-24,0.5,0.5,0.5,0.5,0
2021-11-25,0.5,0.5,0.5,0.5,0
2021-11-26,0.5,0.5,0.5,0.5,0
2021-11-29,0.5,0.5,0.5,0.5,0
2021-11-30,0.5,0.5,0.5,0.5,0
2021-12-01,0.5,0.5,0.5,0.5,0
2021-12-02,0.5,0.5,0.5,0.5,0
2021-12-03,0.5,0.5,0.5,0.5,0
2021-12-06,0.5,0.5,0.5,0.5,0
2021-12-07,0.5,0.5,0.5,0.5,0
2021-12-08,0.5,0.5,0.5,0.5,0
2021-12-09,0.5,0.5,0.5,0.5,0
2021-12-10,0.5,0.5,0.5,0.5,0
2021-12-13,0.5,0.5,0.5,0.5,0
2021-12-14,0.5,0.5,0.5,0.5,0
2021-12-15,0.5,0.5,0.5,0.5,0
2021-12-16,0.5,0.5,0.5,0.5,0
2021-12-17,0.5,0.5,0.5,0.5,0
2021-12-20,0.5,0.5,0.5,0.5,0
2021-12-21,0.5,0.5,0.5,0.5,0
2021-12-22,0.5,0.5,0.5,0.5,0
2021-12-23,0.5,0.5,0.5,0.5,0
2021-12-24,0.5,0.5,0.5,0.5,0
2021-12-27,0.5,0.5,0.5,0.5,0
2021-12-28,0.5,0.5,0.5,0.5,0
2021-12-29,0.5,0.5,0.5,0.5,0
2021-12-30,0.5,0.5,0.5,0.5,0
2021-12-31,0.5,0.5,0.5,0.5,0
2022-01-04,0.5,0.5,0.5,0.5,0
2022-01-05,0.5,0.5,0.5,0.5,0
2022-01-06,0.5,0.5,0.5,0.5,0
2022-01-07,0.5,0.5,0.5,0.5,0
2022-01-10,0.5,0.5,0.5,0.5,0
2022-01-11,0.5,0.5,0.5,0.5,0
2022-01-12,0.5,0.5,0.5,0.5,0
2022-01-13,0.5,0.5,0.5,0.5,0
2022-01-14,0.5,0.5,0.5,0.5,0
2022-01-17,0.5,0.5,0.5,0.5,0
2022-01-18,0.5,0.5,0.5,0.5,0
2022-01-19,0.5,0.5,0.5,0.5,0
2022-01-20,0.5,0.5,0.5,0.5,0
2022-01-21,0.5,0.5,0.5,0.5,0
2022-01-24,0.5,0.5,0.5,0.5,0
2022-01-25,0.5,0.5,0.5,0.5,0
2022-01-26,0.5,0.5,0.5,0.5,0
2022-01-27,0.5,0.5,0.5,0.5,0
2022-01-28,0.5,0.5,0.5,0.5,0
2022-02-07,0.5,0.5,0.5,0.5,0
2022-02-08,0.5,0.5,0.5,0.5,0
2022-02-09,0.5,0.5,0.5,0.5,0
2022-02-10,0.5,0.5,0.5,0.5,0
2022-02-11,0.5,0.5,0.5,0.5,0
2022-02-14,0.5,0.5,0.5,0.5,0
2022-02-15,0.5,0.5,0.5,0.5,0
2022-02-16,0.5,0.5,0.5,0.5,0
2022-02-17,0.5,0.5,0.5,0.5,0
2022-02-18,0.5,0.5,0.5,0.5,0
2022-02-21,0.5,0.5,0.5,0.5,0
2022-02-22,0.5,0.5,0.5,0.5,0
2022-02-23,0.5,0.5,0.5,0.5,0
2022-02-24,0.5,0.5,0.5,0.5,0
2022-02-25,0.5,0.5,0.5,0.5,0
2022-02-28,0.5,0.5,0.5,0.5,0
2022-03-01,0.5,0.5,0.5,0.5,0
2022-03-02,0.5,0.5,0.5,0.5,0
2022-03-03,0.5,0.5,0.5,0.5,0
2022-03-04,0.5,0.5,0.5,0.5,0
2022-03-07,0.5,0.5,0.5,0.5,0
2022-03-08,0.5,0.5,0.5,0.5,0
2022-03-09,0.5,0.5,0.5,0.5,0
2022-03-10,0.5,0.5,0.5,0.5,0
2022-03-11,0.5,0.5,0.5,0.5,0
2022-03-14,0.5,0.5,0.5,0.5,0
2022-03-15,0.5,0.5,0.5,0.5,0
2022-03-16,0.5,0.5,0.5,0.5,0
2022-03-17,0.5,0.5,0.5,0.5,0
2022-03-18,0.5,0.5,0.5,0.5,0
2022-03-21,0.5,0.5,0.5,0.5,0
2022-03-22,0.5,0.5,0.5,0.5,0
2022-03-23,0.5,0.5,0.5,0.5,0
2022-03-24,0.5,0.5,0.5,0.5,0
2022-03-25,0.5,0.5,0.5,0.5,0
2022-03-28,0.5,0.5,0.5,0.5,0
2022-03-29,0.5,0.5,0.5,0.5,0
2022-03-30,0.5,0.5,0.5,0.5,0
2022-03-31,0.5,0.5,0.5,0.5,0
2022-04-01,0.5,0.5,0.5,0.5,0
2022-04-04,0.5,0.5,0.5,0.5,0
2022-04-05,0.5,0.5,0.5,0.5,0
2022-04-06,0.5,0.5,0.5,0.5,0
2022-04-07,0.5,0.5,0.5,0.5,0
2022-04-08,0.5,0.5,0.5,0.5,0
2022-04-12,0.5,0.5,0.5,0.5,0
2022-04-13,0.5,0.5,0.5,0.5,0
2022-04-14,0.5,0.5,0.5,0.5,0
2022-04-15,0.5,0.5,0.5,0.5,0
2022-04-18,0.5,0.5,0.5,0.5,0
2022-04-19,0.5,0.5,0.5,0.5,0
2022-04-20,0.5,0.5,0.5,0.5,0
2022-04-21,0.5,0.5,0.5,0.5,0
2022-04-22,0.5,0.5,0.5,0.5,0
2022-04-25,0.5,0.5,0.5,0.5,0
2022-04-26,0.5,0.5,0.5,0.5,0
2022-04-27,0.5,0.5,0.5,0.5,0
2022-04-28,0.5,0.5,0.5,0.5,0
2022-04-29,0.5,0.5,0.5,0.5,0
2022-05-04,0.5,0.5,0.5,0.5,0
2022-05-05,0.5,0.5,0.5,0.5,0
2022-05-06,0.5,0.5,0.5,0.5,0
2022-05-09,0.5,0.5,0.5,0.5,0
2022-05-10,0.5,0.5,0.5,0.5,0
2022-05-11,0.5,0.5,0.5,0.5,0
2022-05-12,0.5,0.5,0.5,0.5,0
2022-05-13,0.5,0.5,0.5,0.5,0
2022-05-16,0.5,0.5,0.5,0.5,0
2022-05-17,0.5,0.5,0.5,0.5,0
2022-05-18,0.5,0.5,0.5,0.5,0
2022-05-19,0.5,0.5,0.5,0.5,0
2022-05-20,0.5,0.5,0.5,0.5,0
2022-05-23,0.5,0.5,0.5,0.5,0
2022-05-24,0.5,0.5,0.5,0.5,0
2022-05-25,0.5,0.5,0.5,0.5,0
2022-05-26,0.5,0.5,0.5,0.5,0
2022-05-27,0.5,0.5,0.5,0.5,0
2022-05-30,0.5,0.5,0.5,0.5,0
2022-05-31,0.5,0.5,0.5,0.5,0
2022-06-01,0.5,0.5,0.5,0.5,0
2022-06-02,0.5,0.5,0.5,0.5,0
2022-06-03,0.5,0.5,0.5,0.5,0
2022-06-06,0.5,0.5,0.5,0.5,0
2022-06-07,0.5,0.5,0.5,0.5,0
2022-06-08,0.5,0.5,0.5,0.5,0
2022-06-09,0.5,0.5,0.5,0.5,0
2022-06-10,0.5,0.5,0.5,0.5,0
2022-06-13,0.5,0.5,0.5,0.5,0
2022-06-14,0.5,0.5,0.5,0.5,0
2022-06-15,0.5,0.5,0.5,0.5,0
2022-06-16,0.5,0.5,0.5,0.5,0
2022-06-17,0.5,0.5,0.5,0.5,0
2022-06-20,0.5,0.5,0.5,0.5,0
2022-06-21,0.5,0.5,0.5,0.5,0
2022-06-22,0.5,0.5,0.5,0.5,0
2022-06-23,0.5,0.5,0.5,0.5,0
2022-06-24,0.5,0.5,0.5,0.5,0
2022-06-27,0.5,0.5,0.5,0.5,0
2022-06-28,0.5,0.5,0.5,0.5,0
2022-06-29,0.5,0.5,0.5,0.5,0
2022-06-30,0.5,0.5,0.5,0.5,0
2022-07-01,0.5,0.5,0.5,0.5,0
2022-07-04,0.5,0.5,0.5,0.5,0
2022-07-05,0.5,0.5,0.5,0.5,0
2022-07-06,0.5,0.5,0.5,0.5,0
2022-07-07,0.5,0.5,0.5,0.5,0
2022-07-08,0.5,0.5,0.5,0.5,0
2022-07-11,0.5,0.5,0.5,0.5,0
2022-07-12,0.5,0.5,0.5,0.5,0
2022-07-13,0.5,0.5,0.5,0.5,0
2022-07-14,0.5,0.5,0.5,0.5,0
2022-07-15,0.5,0.5,0.5,0.5,0
2022-07-18,0.5,0.5,0.5,0.5,0
2022-07-19,0.5,0.5,0.5,0.5,0
2022-07-20,0.5,0.5,0.5,0.5,0
2022-07-21,0.5,0.5,0.5,0.5,0
2022-07-22,0.5,0.5,0.5,0.5,0
2022-07-25,0.5,0.5,0.5,0.5,0
2022-07-26,0.5,0.5,0.5,0.5,0
2022-07-27,0.5,0.5,0.5,0.5,0
2022-07-28,0.5,0.5,0.5,0.5,0
2022-07-29,0.5,0.5,0.5,0.5,0
2022-08-01,0.5,0.5,0.5,0.5,0
2022-08-02,0.5,0.5,0.5,0.5,0
2022-08-03,0.5,0.5,0.5,0.5,0
2022-08-04,0.5,0.5,0.5,0.5,0
2022-08-05,0.5,0.5,0.5,0.5,0
2022-08-08,0.5,0.5,0.5,0.5,0
2022-08-09,0.5,0.5,0.5,0.5,0
2022-08-10,0.5,0.5,0.5,0.5,0
2022-08-11,0.5,0.5,0.5,0.5,0
2022-08-12,0.5,0.5,0.5,0.5,0
2022-08-15,0.5,0.5,0.5,0.5,0
2022-08-16,0.5,0.5,0.5,0.5,0
2022-08-17,0.5,0.5,0.5,0.5,0
2022-08-18,0.5,0.5,0.5,0.5,0
2022-08-19,0.5,0.5,0.5,0.5,0
2022-08-22,0.5,0.5,0.5,0.5,0
2022-08-23,0.5,0.5,0.5,0.5,0
2022-08-24,0.5,0.5,0.5,0.5,0
2022-08-25,0.5,0.5,0.5,0.5,0
2022-08-26,0.5,0.5,0.5,0.5,0
2022-08-29,0.5,0.5,0.5,0.5,0
2022-08-30,0.5,0.5,0.5,0.5,0
2022-08-31,0.5,0.5,0.5,0.5,0
2022-09-05,0.5,0.5,0.5,0.5,0
2022-09-06,0.5,0.5,0.5,0.5,0
2022-09-07,0.5,0.5,0.5,0.5,0
2022-09-08,0.5,0.5,0.5,0.5,0
2022-09-09,0.5,0.5,0.5,0.5,0
2022-09-12,0.5,0.5,0.5,0.5,0
2022-09-13,0.5,0.5,0.5,0.5,0
2022-09-14,0.5,0.5,0.5,0.5,0
2022-09-15,0.5,0.5,0.5,0.5,0
2022-09-16,0.5,0.5,0.5,0.5,0
2022-09-19,0.5,0.5,0.5,0.5,0
2022-09-20,0.5,0.5,0.5,0.5,0
2022-09-21,0.5,0.5,0.5,0.5,0
2022-09-22,0.5,0.5,0.5,0.5,0
2022-09-23,0.5,0.5,0.5,0.5,0
2022-09-26,0.5,0.5,0.5,0.5,0
2022-09-27,0.5,0.5,0.5,0.5,0
2022-09-28,0.5,0.5,0.5,0.5,0
2022-09-29,0.5,0.5,0.5,0.5,0
2022-09-30,0.5,0.5,0.5,0.5,0
2022-10-03,0.5,0.5,0.5,0.5,0
2022-10-04,0.5,0.5,0.5,0.5,0
2022-10-05,0.5,0.5,0.5,0.5,0
2022-10-06,0.5,0.5,0.5,0.5,0
2022-10-07,0.5,0.5,0.5,0.5,0
2022-10-10,0.5,0.5,0.5,0.5,0
2022-10-11,0.5,0.5,0.5,0.5,0
2022-10-12,0.5,0.5,0.5,0.5,0
2022-10-13,0.5,0.5,0.5,0.5,0
2022-10-14,0.5,0.5,0.5,0.5,0
2022-10-17,0.5,0.5,0.5,0.5,0
2022-10-18,0.5,0.5,0.5,0.5,0
2022-10-19,0.5,0.5,0.5,0.5,0
2022-10-20,0.5,0.5,0.5,0.5,0
2022-10-21,0.5,0.5,0.5,0.5,0
2022-10-24,0.5,0.5,0.5,0.5,0
2022-10-25,0.5,0.5,0.5,0.5,0
2022-10-26,0.5,0.5,0.5,0.5,0
2022-10-27,0.5,0.5,0.5,0.5,0
2022-10-28,0.5,0.5,0.5,0.5,0
2022-10-31,0.5,0.5,0.5,0.5,0
2022-11-01,0.5,0.5,0.5,0.5,0
2022-11-02,0.5,0.5,0.5,0.5,0
2022-11-03,0.5,0.5,0.5,0.5,0
2022-11-04,0.5,0.5,0.5,0.5,0
2022-11-07,0.5,0.5,0.5,0.5,0
2022-11-08,0.5,0.5,0.5,0.5,0
2022-11-09,0.5,0.5,0.5,0.5,0
2022-11-10,0.5,0.5,0.5,0.5,0
2022-11-11,0.5,0.5,0.5,0.5,0
2022-11-14,0.5,0.5,0.5,0.5,0
2022-11-15,0.5,0.5,0.5,0.5,0
2022-11-16,0.5,0.5,0.5,0.5,0
2022-11-17,0.5,0.5,0.5,0.5,0
2022-11-18,0.5,0.5,0.5,0.5,0
2022-11-21,0.5,0.5,0.5,0.5,0
2022-11-22,0.5,0.5,0.5,0.5,0
2022-11-23,0.5,0.5,0.5,0.5,0
2022-11-24,0.5,0.5,0.5,0.5,0
2022-11-25,0.5,0.5,0.5,0.5,0
2022-11-28,0.5,0.5,0.5,0.5,0
2022-11-29,0.5,0.5,0.5,0.5,0
2022-11-30,0.5,0.5,0.5,0.5,0
2022-12-01,0.5,0.5,0.5,0.5,0
2022-12-02,0.5,0.5,0.5,0.5,0
2022-12-05,0.5,0.5,0.5,0.5,0
2022-12-06,0.5,0.5,0.5,0.5,0
2022-12-07,0.5,0.5,0.5,0.5,0
2022-12-08,0.5,0.5,0.5,0.5,0
2022-12-09,0.5,0.5,0.5,0.5,0
2022-12-12,0.5,0.5,0.5,0.5,0
2022-12-13,0.5,0.5,0.5,0.5,0
2022-12-14,0.5,0.5,0.5,0.5,0
2022-12-15,0.5,0.5,0.5,0.5,0
2022-12-16,0.5,0.5,0.5,0.5,0
2022-12-19,0.5,0.5,0.5,0.5,0
2022-12-20,0.5,0.5,0.5,0.5,0
2022-12-21,0.5,0.5,0.5,0.5,0
2022-12-22,0.5,0.5,0.5,0.5,0
2022-12-23,0.5,0.5,0.5,0.5,0
2022-12-26,0.5,0.5,0.5,0.5,0
2022-12-27,0.5,0.5,0.5,0.5,0
2022-12-28,0.5,0.5,0.5,0.5,0
2022-12-29,0.5,0.5,0.5,0.5,0
2022-12-30,0.5,0.5,0.5,0.5,0
2023-01-03,0.5,0.5,0.5,0.5,0
2023-01-04,0.5,0.5,0.5,0.5,0
2023-01-05,0.5,0.5,0.5,0.5,0
2023-01-06,0.5,0.5,0.5,0.5,0
2023-01-09,0.5,0.5,0.5,0.5,0
2023-01-10,0.5,0.5,0.5,0.5,0
2023-01-11,0.5,0.5,0.5,0.5,0
2023-01-12,0.5,0.5,0.5,0.5,0
2023-01-13,0.5,0.5,0.5,0.5,0
2023-01-16,0.5,0.5,0.5,0.5,0
2023-01-17,0.5,0.5,0.5,0.5,0
2023-01-18,0.5,0.5,0.5,0.5,0
2023-01-19,0.5,0.5,0.5,0.5,0
2023-01-27,0.5,0.5,0.5,0.5,0
2023-01-30,0.5,0.5,0.5,0.5,0
2023-01-31,0.5,0.5,0.5,0.5,0
2023-02-01,0.5,0.5,0.5,0.5,0
2023-02-02,0.5,0.5,0.5,0.5,0
2023-02-03,0.5,0.5,0.5,0.5,0
2023-02-06,0.5,0.5,0.5,0.5,0
2023-02-07,0.5,0.5,0.5,0.5,0
2023-02-08,0.5,0.5,0.5,0.5,0
2023-02-09,0.5,0.5,0.5,0.5,0
2023-02-10,0.5,0.5,0.5,0.5,0
2023-02-13,0.5,0.5,0.5,0.5,0
2023-02-14,0.5,0.5,0.5,0.5,0
2023-02-15,0.5,0.5,0.5,0.5,0
2023-02-16,0.5,0.5,0.5,0.5,0
2023-02-17,0.5,0.5,0.5,0.5,0
2023-02-20,0.5,0.5,0.5,0.5,0
2023-02-21,0.5,0.5,0.5,0.5,0
2023-02-22,0.5,0.5,0.5,0.5,0
2023-02-23,0.5,0.5,0.5,0.5,0
2023-02-24,0.5,0.5,0.5,0.5,0
2023-02-27,0.5,0.5,0.5,0.5,0
2023-02-28,0.5,0.5,0.5,0.5,0
2023-03-01,0.5,0.5,0.5,0.5,0
2023-03-02,0.5,0.5,0.5,0.5,0
2023-03-03,0.5,0.5,0.5,0.5,0
2023-03-06,0.5,0.5,0.5,0.5,0
2023-03-07,0.5,0.5,0.5,0.5,0
2023-03-08,0.5,0.5,0.5,0.5,0
2023-03-09,0.5,0.5,0.5,0.5,0
2023-03-10,0.5,0.5,0.5,0.5,0
2023-03-13,0.5,0.5,0.5,0.5,0
2023-03-14,0.5,0.5,0.5,0.5,0
2023-03-15,0.5,0.5,0.5,0.5,0
2023-03-16,0.5,0.5,0.5,0.5,0
2023-03-17,0.5,0.5,0.5,0.5,0
2023-03-20,0.5,0.5,0.5,0.5,0
2023-03-21,0.5,0.5,0.5,0.5,0
2023-03-22,0.5,0.5,0.5,0.5,0
2023-03-23,0.5,0.5,0.5,0.5,0
2023-03-24,0.5,0.5,0.5,0.5,0
2023-03-27,0.5,0.5,0.5,0.5,0
2023-03-28,0.5,0.5,0.5,0.5,0
2023-03-29,0.5,0.5,0.5,0.5,0
2023-03-30,0.5,0.5,0.5,0.5,0
2023-03-31,0.5,0.5,0.5,0.5,0
2023-04-03,0.5,0.5,0.5,0.5,0
2023-04-04,0.5,0.5,0.5,0.5,0
2023-04-05,0.5,0.5,0.5,0.5,0
2023-04-06,0.5,0.5,0.5,0.5,0
2023-04-07,0.5,0.5,0.5,0.5,0
2023-04-10,0.5,0.5,0.5,0.5,0
2023-04-11,0.5,0.5,0.5,0.5,0
2023-04-12,0.5,0.5,0.5,0.5,0
2023-04-13,0.5,0.5,0.5,0.5,0
2023-04-14,0.5,0.5,0.5,0.5,0
2023-04-17,0.5,0.5,0.5,0.5,0
2023-04-18,0.5,0.5,0.5,0.5,0
2023-04-19,0.5,0.5,0.5,0.5,0
2023-04-20,0.5,0.5,0.5,0.5,0
2023-04-21,0.5,0.5,0.5,0.5,0
2023-04-24,0.5,0.5,0.5,0.5,0
2023-04-25,0.5,0.5,0.5,0.5,0
2023-04-26,0.5,0.5,0.5,0.5,0
2023-04-27,0.5,0.5,0.5,0.5,0
2023-04-28,0.5,0.5,0.5,0.5,0
2023-05-04,0.5,0.5,0.5,0.5,0
2023-05-05,0.5,0.5,0.5,0.5,0
2023-05-08,0.5,0.5,0.5,0.5,0
2023-05-09,0.5,0.5,0.5,0.5,0
2023-05-10,0.5,0.5,0.5,0.5,0
2023-05-11,0.5,0.5,0.5,0.5,0
2023-05-12,0.5,0.5,0.5,0.5,0
2023-05-15,0.5,0.5,0.5,0.5,0
2023-05-16,0.5,0.5,0.5,0.5,0
2023-05-17,0.5,0.5,0.5,0.5,0
2023-05-18,0.5,0.5,0.5,0.5,0
2023-05-19,0.5,0.5,0.5,0.5,0
2023-05-22,0.5,0.5,0.5,0.5,0
2023-05-23,0.5,0.5,0.5,0.5,0
2023-05-24,0.5,0.5,0.5,0.5,0
2023-05-25,0.5,0.5,0.5,0.5,0
2023-05-26,0.5,0.5,0.5,0.5,0
2023-05-29,0.5,0.5,0.5,0.5,0
2023-05-30,0.5,0.5,0.5,0.5,0
2023-05-31,0.5,0.5,0.5,0.5,0
2023-06-01,0.5,0.5,0.5,0.5,0
2023-06-02,0.5,0.5,0.5,0.5,0
2023-06-05,0.5,0.5,0.5,0.5,0
2023-06-06,0.5,0.5,0.5,0.5,0
2023-06-07,0.5,0.5,0.5,0.5,0
2023-06-08,0.5,0.5,0.5,0.5,0
2023-06-09,0.5,0.5,0.5,0.5,0
2023-06-12,0.5,0.5,0.5,0.5,0
2023-06-13,0.5,0.5,0.5,0.5,0
2023-06-14,0.5,0.5,0.5,0.5,0
2023-06-15,0.5,0.5,0.5,0.5,0
2023-06-16,0.5,0.5,0.5,0.5,0
2023-06-19,0.5,0.5,0.5,0.5,0
2023-06-20,0.5,0.5,0.5,0.5,0
2023-06-21,0.5,0.5,0.5,0.5,0
2023-06-22,0.5,0.5,0.5,0.5,0
2023-06-23,0.5,0.5,0.5,0.5,0
2023-06-26,0.5,0.5,0.5,0.5,0
2023-06-27,0.5,0.5,0.5,0.5,0
2023-06-28,0.5,0.5,0.5,0.5,0
2023-06-29,0.5,0.5,0.5,0.5,0
2023-06-30,0.5,0.5,0.5,0.5,0
2023-07-03,0.5,0.5,0.5,0.5,0
2023-07-04,0.5,0.5,0.5,0.5,0
2023-07-05,0.5,0.5,0.5,0.5,0
2023-07-06,0.5,0.5,0.5,0.5,0
2023-07-07,0.5,0.5,0.5,0.5,0
2023-07-10,0.5,0.5,0.5,0.5,0
2023-07-11,0.5,0.5,0.5,0.5,0
2023-07-12,0.5,0.5,0.5,0.5,0
2023-07-13,0.5,0.5,0.5,0.5,0
2023-07-14,0.5,0.5,0.5,0.5,0
2023-07-17,0.5,0.5,0.5,0.5,0
2023-07-18,0.5,0.5,0.5,0.5,0
2023-07-19,0.5,0.5,0.5,0.5,0
2023-07-20,0.5,0.5,0.5,0.5,0
2023-07-21,0.5,0.5,0.5,0.5,0
2023-07-24,0.5,0.5,0.5,0.5,0
2023-07-25,0.5,0.5,0.5,0.5,0
2023-07-26,0.5,0.5,0.5,0.5,0
2023-07-27,0.5,0.5,0.5,0.5,0
2023-07-28,0.5,0.5,0.5,0.5,0
2023-07-31,0.5,0.5,0.5,0.5,0
2023-08-01,0.5,0.5,0.5,0.5,0
2023-08-02,0.5,0.5,0.5,0.5,0
2023-08-03,0.5,0.5,0.5,0.5,0
2023-08-04,0.5,0.5,0.5,0.5,0
2023-08-07,0.5,0.5,0.5,0.5,0
2023-08-08,0.5,0.5,0.5,0.5,0
2023-08-09,0.5,0.5,0.5,0.5,0
2023-08-10,0.5,0.5,0.5,0.5,0
2023-08-11,0.5,0.5,0.5,0.5,0
2023-08-14,0.5,0.5,0.5,0.5,0
2023-08-15,0.5,0.5,0.5,0.5,0
2023-08-16,0.5,0.5,0.5,0.5,0
2023-08-17,0.5,0.5,0.5,0.5,0
2023-08-18,0.5,0.5,0.5,0.5,0
2023-08-21,0.5,0.5,0.5,0.5,0
2023-08-22,0.5,0.5,0.5,0.5,0
2023-08-23,0.5,0.5,0.5,0.5,0
2023-08-24,0.5,0.5,0.5,0.5,0
2023-08-25,0.5,0.5,0.5,0.5,0
2023-08-28,0.5,0.5,0.5,0.5,0
2023-08-29,0.5,0.5,0.5,0.5,0
2023-08-30,0.5,0.5,0.5,0.5,0
2023-08-31,0.5,0.5,0.5,0.5,0
2023-09-05,0.5,0.5,0.5,0.5,0
2023-09-06,0.5,0.5,0.5,0.5,0
2023-09-07,0.5,0.5,0.5,0.5,0
2023-09-08,0.5,0.5,0.5,0.5,0
2023-09-11,0.5,0.5,0.5,0.5,0
2023-09-12,0.5,0.5,0.5,0.5,0
2023-09-13,0.5,0.5,0.5,0.5,0
2023-09-14,0.5,0.5,0.5,0.5,0
2023-09-15,0.5,0.5,0.5,0.5,0
2023-09-18,0.5,0.5,0.5,0.5,0
2023-09-19,0.5,0.5,0.5,0.5,0
2023-09-20,0.5,0.5,0.5,0.5,0
2023-09-21,0.5,0.5,0.5,0.5,0
2023-09-22,0.5,0.5,0.5,0.5,0
2023-09-25,0.5,0.5,0.5,0.5,0
2023-09-26,0.5,0.5,0.5,0.5,0
2023-09-27,0.5,0.5,0.5,0.5,0
2023-09-28,0.5,0.5,0.5,0.5,0
2023-09-29,0.5,0.5,0.5,0.5,0
2023-10-02,0.5,0.5,0.5,0.5,0
2023-10-03,0.5,0.5,0.5,0.5,0
2023-10-04,0.5,0.5,0.5,0.5,0
2023-10-05,0.5,0.5,0.5,0.5,0
2023-10-06,0.5,0.5,0.5,0.5,0
2023-10-09,0.5,0.5,0.5,0.5,0
2023-10-10,0.5,0.5,0.5,0.5,0
2023-10-11,0.5,0.5,0.5,0.5,0
2023-10-12,0.5,0.5,0.5,0.5,0
2023-10-13,0.5,0.5,0.5,0.5,0
2023-10-16,0.5,0.5,0.5,0.5,0
2023-10-17,0.5,0.5,0.5,0.5,0
2023-10-18,0.5,0.5,0.5,0.5,0
2023-10-19,0.5,0.5,0.5,0.5,0
2023-10-20,0.5,0.5,0.5,0.5,0
2023-10-23,0.5,0.5,0.5,0.5,0
2023-10-24,0.5,0.5,0.5,0.5,0
2023-10-25,0.5,0.5,0.5,0.5,0
2023-10-26,0.5,0.5,0.5,0.5,0
2023-10-27,0.5,0.5,0.5,0.5,0
2023-10-30,0.5,0.5,0.5,0.5,0
2023-10-31,0.5,0.5,0.5,0.5,0
2023-11-01,0.5,0.5,0.5,0.5,0
2023-11-02,0.5,0.5,0.5,0.5,0
2023-11-03,0.5,0.5,0.5,0.5,0
2023-11-06,0.5,0.5,0.5,0.5,0
2023-11-07,0.5,0.5,0.5,0.5,0
2023-11-08,0.5,0.5,0.5,0.5,0
2023-11-09,0.5,0.5,0.5,0.5,0
2023-11-10,0.5,0.5,0.5,0.5,0
2023-11-13,0.5,0.5,0.5,0.5,0
2023-11-14,0.5,0.5,0.5,0.5,0
2023-11-15,0.5,0.5,0.5,0.5,0
2023-11-16,0.5,0.5,0.5,0.5,0
2023-11-17,0.5,0.5,0.5,0.5,0
2023-11-20,0.5,0.5,0.5,0.5,0
2023-11-21,0.5,0.5,0.5,0.5,0
2023-11-22,0.5,0.5,0.5,0.5,0
2023-11-23,0.5,0.5,0.5,0.5,0
2023-11-24,0.5,0.5,0.5,0.5,0
2023-11-27,0.5,0.5,0.5,0.5,0
2023-11-28,0.5,0.5,0.5,0.5,0
2023-11-29,0.5,0.5,0.5,0.5,0
2023-11-30,0.5,0.5,0.5,0.5,0
2023-12-01,0.5,0.5,0.5,0.5,0
2023-12-04,0.5,0.5,0.5,0.5,0
2023-12-05,0.5,0.5,0.5,0.5,0
2023-12-06,0.5,0.5,0.5,0.5,0
2023-12-07,0.5,0.5,0.5,0.5,0
2023-12-08,0.5,0.5,0.5,0.5,0
2023-12-11,0.5,0.5,0.5,0.5,0
2023-12-12,0.5,0.5,0.5,0.5,0
2023-12-13,0.5,0.5,0.5,0.5,0
2023-12-14,0.5,0.5,0.5,0.5,0
2023-12-15,0.5,0.5,0.5,0.5,0
2023-12-18,0.5,0.5,0.5,0.5,0
2023-12-19,0.5,0.5,0.5,0.5,0
2023-12-20,0.5,0.5,0.5,0.5,0
2023-12-21,0.5,0.5,0.5,0.5,0
2023-12-22,0.5,0.5,0.5,0.5,0
2023-12-25,0.5,0.5,0.5,0.5,0
2023-12-26,0.5,0.5,0.5,0.5,0
2023-12-27,0.5,0.5,0.5,0.5,0
2023-12-28,0.5,0.5,0.5,0.5,0
2023-12-29,0.5,0.5,0.5,0.5,0
2024-01-02,0.5,0.5,0.5,0.5,0
2024-01-03,0.5,0.5,0.5,0.5,0
2024-01-04,0.5,0.5,0.5,0.5,0
2024-01-05,0.5,0.5,0.5,0.5,0
2024-01-08,0.5,0.5,0.5,0.5,0
2024-01-09,0.5,0.5,0.5,0.5,0
2024-01-10,0.5,0.5,0.5,0.5,0
2024-01-11,0.5,0.5,0.5,0.5,0
2024-01-12,0.5,0.5,0.5,0.5,0
2024-01-15,0.5,0.5,0.5,0.5,0
2024-01-16,0.5,0.5,0.5,0.5,0
2024-01-17,0.5,0.5,0.5,0.5,0
2024-01-18,0.5,0.5,0.5,0.5,0
2024-01-19,0.5,0.5,0.5,0.5,0
2024-01-22,0.5,0.5,0.5,0.5,0
2024-01-23,0.5,0.5,0.5,0.5,0
2024-01-24,0.5,0.5,0.5,0.5,0
2024-01-25,0.5,0.5,0.5,0.5,0
2024-01-26,0.5,0.5,0.5,0.5,0
2024-01-29,0.5,0.5,0.5,0.5,0
2024-01-30,0.5,0.5,0.5,0.5,0
2024-01-31,0.5,0.5,0.5,0.5,0
2024-02-01,0.5,0.5,0.5,0.5,0
2024-02-02,0.5,0.5,0.5,0.5,0
2024-02-05,0.5,0.5,0.5,0.5,0
2024-02-06,0.5,0.5,0.5,0.5,0
2024-02-07,0.5,0.5,0.5,0.5,0
2024-02-15,0.5,0.5,0.5,0.5,0
2024-02-16,0.5,0.5,0.5,0.5,0
2024-02-19,0.5,0.5,0.5,0.5,0
2024-02-20,0.5,0.5,0.5,0.5,0
2024-02-21,0.5,0.5,0.5,0.5,0
2024-02-22,0.5,0.5,0.5,0.5,0
2024-02-23,0.5,0.5,0.5,0.5,0
2024-02-26,0.5,0.5,0.5,0.5,0
2024-02-27,0.5,0.5,0.5,0.5,0
2024-02-28,0.5,0.5,0.5,0.5,0
2024-02-29,0.5,0.5,0.5,0.5,0
2024-03-01,0.5,0.5,0.5,0.5,0
2024-03-04,0.5,0.5,0.5,0.5,0
2024-03-05,0.5,0.5,0.5,0.5,0
2024-03-06,0.5,0.5,0.5,0.5,0
2024-03-07,0.5,0.5,0.5,0.5,0
2024-03-08,0.5,0.5,0.5,0.5,0
2024-03-11,0.5,0.5,0.5,0.5,0
2024-03-12,0.5,0.5,0.5,0.5,0
2024-03-13,0.5,0.5,0.5,0.5,0
2024-03-14,0.5,0.5,0.5,0.5,0
2024-03-15,0.5,0.5,0.5,0.5,0
2024-03-18,0.5,0.5,0.5,0.5,0
2024-03-19,0.5,0.5,0.5,0.5,0
2024-03-20,0.5,0.5,0.5,0.5,0
2024-03-21,0.5,0.5,0.5,0.5,0
2024-03-22,0.5,0.5,0.5,0.5,0
2024-03-25,0.5,0.5,0.5,0.5,0
2024-03-26,0.5,0.5,0.5,0.5,0
2024-03-27,0.5,0.5,0.5,0.5,0
2024-03-28,0.5,0.5,0.5,0.5,0
2024-03-29,0.5,0.5,0.5,0.5,0
2024-04-01,0.5,0.5,0.5,0.5,0
2024-04-02,0.5,0.5,0.5,0.5,0
2024-04-03,0.5,0.5,0.5,0.5,0
2024-04-04,0.5,0.5,0.5,0.5,0
2024-04-05,0.5,0.5,0.5,0.5,0
2024-04-08,0.5,0.5,0.5,0.5,0
2024-04-09,0.5,0.5,0.5,0.5,0
2024-04-10,0.5,0.5,0.5,0.5,0
2024-04-11,0.5,0.5,0.5,0.5,0
2024-04-12,0.5,0.5,0.5,0.5,0
2024-04-15,0.5,0.5,0.5,0.5,0
2024-04-16,0.5,0.5,0.5,0.5,0
2024-04-17,0.5,0.5,0.5,0.5,0
2024-04-19,0.5,0.5,0.5,0.5,0
2024-04-22,0.5,0.5,0.5,0.5,0
2024-04-23,0.5,0.5,0.5,0.5,0
2024-04-24,0.5,0.5,0.5,0.5,0
2024-04-25,0.5,0.5,0.5,0.5,0
2024-04-26,0.5,0.5,0.5,0.5,0
2024-05-02,0.5,0.5,0.5,0.5,0
2024-05-03,0.5,0.5,0.5,0.5,0
2024-05-06,0.5,0.5,0.5,0.5,0
2024-05-07,0.5,0.5,0.5,0.5,0
2024-05-08,0.5,0.5,0.5,0.5,0
2024-05-09,0.5,0.5,0.5,0.5,0
2024-05-10,0.5,0.5,0.5,0.5,0
2024-05-13,0.5,0.5,0.5,0.5,0
2024-05-14,0.5,0.5,0.5,0.5,0
2024-05-15,0.5,0.5,0.5,0.5,0
2024-05-16,0.5,0.5,0.5,0.5,0
2024-05-17,0.5,0.5,0.5,0.5,0
2024-05-20,0.5,0.5,0.5,0.5,0
2024-05-21,0.5,0.5,0.5,0.5,0
2024-05-22,0.5,0.5,0.5,0.5,0
2024-05-23,0.5,0.5,0.5,0.5,0
2024-05-24,0.5,0.5,0.5,0.5,0
2024-05-27,0.5,0.5,0.5,0.5,0
2024-05-28,0.5,0.5,0.5,0.5,0
2024-05-29,0.5,0.5,0.5,0.5,0
2024-05-30,0.5,0.5,0.5,0.5,0
2024-05-31,0.5,0.5,0.5,0.5,0
2024-06-03,0.5,0.5,0.5,0.5,0
2024-06-04,0.5,0.5,0.5,0.5,0
2024-06-05,0.5,0.5,0.5,0.5,0
2024-06-06,0.5,0.5,0.5,0.5,0
2024-06-07,0.5,0.5,0.5,0.5,0
2024-06-10,0.5,0.5,0.5,0.5,0
2024-06-11,0.5,0.5,0.5,0.5,0
2024-06-12,0.5,0.5,0.5,0.5,0
2024-06-13,0.5,0.5,0.5,0.5,0
2024-06-14,0.5,0.5,0.5,0.5,0
2024-06-17,0.5,0.5,0.5,0.5,0
2024-06-18,0.5,0.5,0.5,0.5,0
2024-06-19,0.5,0.5,0.5,0.5,0
2024-06-20,0.5,0.5,0.5,0.5,0
2024-06-21,0.5,0.5,0.5,0.5,0
2024-06-24,0.5,0.5,0.5,0.5,0
2024-06-25,0.5,0.5,0.5,0.5,0
2024-06-26,0.5,0.5,0.5,0.5,0
2024-06-27,0.5,0.5,0.5,0.5,0
2024-06-28,0.5,0.5,0.5,0.5,0
2024-07-01,0.5,0.5,0.5,0.5,0
2024-07-02,0.5,0.5,0.5,0.5,0
2024-07-03,0.5,0.5,0.5,0.5,0
2024-07-04,0.5,0.5,0.5,0.5,0
2024-07-05,0.5,0.5,0.5,0.5,0
2024-07-08,0.5,0.5,0.5,0.5,0
2024-07-09,0.5,0.5,0.5,0.5,0
2024-07-10,0.5,0.5,0.5,0.5,0
2024-07-11,0.5,0.5,0.5,0.5,0
2024-07-12,0.5,0.5,0.5,0.5,0
2024-07-15,0.5,0.5,0.5,0.5,0
2024-07-16,0.5,0.5,0.5,0.5,0
2024-07-17,0.5,0.5,0.5,0.5,0
2024-07-18,0.5,0.5,0.5,0.5,0
2024-07-19,0.5,0.5,0.5,0.5,0
2024-07-22,0.5,0.5,0.5,0.5,0
2024-07-23,0.5,0.5,0.5,0.5,0
2024-07-24,0.5,0.5,0.5,0.5,0
2024-07-25,0.5,0.5,0.5,0.5,0
